50.2113 42.4868 -26.8713 0.615168 0.788162 0.0191259
49.4409 43.072 -25.9247 0.626891 0.778884 0.0186118
48.7137 43.6424 -25.044 0.634745 0.772535 0.0169593
47.862 44.3337 -24.3495 0.643349 0.765415 0.0155245
46.8844 45.1482 -23.6763 0.649361 0.760331 0.0150322
45.9252 45.9613 -23.1173 0.653397 0.756841 0.0162533
44.91 46.8284 -22.4981 0.656201 0.754404 0.0165413
43.9187 47.681 -21.9653 0.657651 0.75313 0.0170167
43.0819 48.4037 -21.5765 0.658275 0.752568 0.0177458
42.9836 48.4924 -21.6921 0.658123 0.75271 0.0173719
43.8515 47.743 -22.1109 0.657777 0.753024 0.0168479
44.7728 46.9615 -23.13 0.656625 0.754045 0.0161115
45.5819 46.2739 -23.8909 0.654161 0.756206 0.0150327
46.4836 45.5097 -24.6498 0.649927 0.759866 0.0140809
47.5429 44.6256 -25.5345 0.643573 0.765237 0.0150425
48.4947 43.8475 -26.1985 0.635071 0.772278 0.0164728
49.6669 42.9133 -26.8402 0.6226 0.782309 0.0183574
50.4676 42.2993 -27.3165 0.605076 0.795878 0.0214153
50.4007 42.3428 -27.0069 0.610415 0.791837 0.0190588
51.026 41.8327 -26.0406 0.609055 0.79258 0.0294791
51.8239 41.2735 -27.0966 0.594241 0.803683 0.0310922
52.4568 40.8624 -28.3872 0.573961 0.818596 0.0211352
52.4151 40.9121 -29.5017 0.574584 0.818345 0.0119499
51.4321 41.6143 -29.08 0.586766 0.809731 0.00617665
50.2742 42.4705 -28.5758 0.602781 0.797815 0.0120574
49.1175 43.3692 -27.9515 0.62269 0.782324 0.0150342
48.1922 44.1121 -27.4142 0.632574 0.774428 0.0105574
47.2276 44.9073 -26.7677 0.642452 0.766267 0.00943605
46.3497 45.6443 -26.0463 0.650271 0.759626 0.0105245
45.5146 46.3554 -25.3133 0.65404 0.756368 0.0117326
44.5916 47.1467 -24.5222 0.656833 0.753905 0.0140307
43.7221 47.8924 -23.7717 0.658134 0.752726 0.0162291
42.8944 48.603 -23.1218 0.658929 0.752019 0.0167388
41.9522 49.4144 -22.5287 0.658196 0.752632 0.0179712
41.1238 50.1223 -21.893 0.657084 0.753569 0.0193205
40.223 50.8825 -21.0668 0.653776 0.756365 0.0221306
39.2852 51.6662 -20.2518 0.649791 0.759779 0.0225137
38.3491 52.4363 -19.4066 0.645926 0.763043 0.0233351
37.4597 53.1642 -18.7244 0.640905 0.767313 0.021679
36.6709 53.7973 -17.9611 0.635097 0.772068 0.0237312
37.7288 52.927 -18.2521 0.642495 0.766059 0.0187512
38.7186 52.0991 -18.4274 0.646414 0.762746 0.0190952
39.886 51.1182 -18.9378 0.650506 0.75925 0.0193764
41.0074 50.162 -19.4414 0.65504 0.755382 0.0178919
41.9349 49.3634 -19.7792 0.657249 0.753464 0.0177432
42.897 48.5328 -20.2014 0.658057 0.752764 0.0175584
43.8749 47.6895 -20.6851 0.658068 0.752751 0.0176701
44.7937 46.8974 -21.1115 0.656987 0.753691 0.0178408
45.7163 46.1075 -21.6356 0.654484 0.75586 0.0180548
46.8182 45.1717 -22.2772 0.65074 0.759063 0.0190156
47.7348 44.404 -22.869 0.644986 0.763956 0.0190812
48.6219 43.6774 -23.5529 0.638128 0.769647 0.02091
49.5859 42.9119 -24.4058 0.629508 0.776611 0.0243779
50.3429 42.3338 -25.2565 0.61953 0.784497 0.0272861
50.7347 42.0429 -25.7039 0.608524 0.792915 0.0313645
51.3002 41.5578 -24.6859 0.615045 0.78737 0.0420168
50.5507 42.117 -23.8296 0.621922 0.782373 0.0331644
49.7371 42.7362 -23.0541 0.635226 0.771594 0.0335825
48.7056 43.5656 -22.2255 0.639826 0.768032 0.0273674
47.8119 44.2995 -21.5518 0.650783 0.758948 0.0218511
46.8499 45.1088 -20.9617 0.651985 0.757882 0.02301
45.9411 45.8809 -20.4299 0.655482 0.754898 0.0217525
45.0443 46.649 -19.9398 0.657756 0.752963 0.020083
44.0609 47.4985 -19.4799 0.65793 0.752873 0.0176111
43.0027 48.4108 -18.9379 0.658646 0.752233 0.0181958
42.0882 49.2015 -18.5256 0.659043 0.751927 0.0163304
41.1342 50.0225 -18.1383 0.653561 0.756713 0.0155804
40.1642 50.8507 -17.7106 0.652869 0.757319 0.0151715
39.2048 51.662 -17.3254 0.647418 0.762 0.0143285
38.1341 52.5639 -17.0464 0.643377 0.76547 0.0107864
37.1399 53.3894 -16.791 0.633269 0.773827 0.0117633
36.0572 54.2564 -16.252 0.625031 0.780469 0.0139719
34.7946 55.2619 -16.0338 0.621649 0.783068 0.0188851
34.1279 55.8029 -16.3906 0.621729 0.782766 0.0270079
34.705 55.3836 -17.6015 0.625313 0.779911 0.0268674
35.6753 54.6337 -18.5607 0.633805 0.772941 0.0290235
36.5229 53.9649 -19.4602 0.637236 0.770275 0.0246119
37.4973 53.1788 -20.2077 0.64386 0.764595 0.0289647
38.5652 52.3052 -21.0284 0.648425 0.76079 0.0272542
39.4276 51.5941 -21.8645 0.651406 0.75831 0.0252222
40.3878 50.7873 -22.757 0.657135 0.753485 0.0208397
41.5934 49.7564 -23.6702 0.659156 0.751782 0.0183607
42.4579 49.0121 -24.2609 0.660502 0.750607 0.0180344
43.3404 48.2518 -24.9693 0.660648 0.750547 0.0149517
44.2183 47.4956 -25.722 0.659841 0.751278 0.013866
45.2262 46.6193 -26.5985 0.661236 0.750164 0.00460198
46.1994 45.7868 -27.4443 0.648426 0.761248 0.00671164
47.1318 44.9934 -28.1724 0.643326 0.76558 0.000848198
48.1496 44.1546 -28.8002 0.634761 0.772693 -0.00448388
49.1488 43.3392 -29.3558 0.615086 0.788428 -0.00716225
50.1474 42.5673 -29.8227 0.610554 0.791659 -0.0210448
51.1059 41.8427 -30.2669 0.588271 0.808313 -0.0235981
52.0677 41.1441 -30.748 0.574731 0.817903 -0.0267978
53.1587 40.3935 -30.7834 0.561451 0.827452 -0.00915569
53.8078 39.9504 -29.9643 0.562283 0.826933 0.00448882
53.7275 39.9885 -28.6807 0.558646 0.828919 0.0263096
53.1951 40.2954 -27.4122 0.577998 0.814777 0.0446483
52.4955 40.7327 -26.1792 0.602849 0.796793 0.0411621
51.68 41.2863 -25.1099 0.603659 0.795778 0.0474622
51.571 41.3624 -24.9794 0.612292 0.789319 0.0453459
