48.067 44.9538 -25.6207 0.642468 0.766239 0.0106355
47.1864 45.6892 -24.9805 0.648581 0.761061 0.0113194
46.3353 46.4074 -24.3028 0.653592 0.756721 0.0138278
45.4483 47.1621 -23.5653 0.656692 0.753986 0.0161125
44.5669 47.9137 -22.7601 0.658707 0.7522 0.0173225
44.0592 48.3406 -21.9872 0.659229 0.751734 0.0176759
45.1375 47.403 -22.2421 0.657533 0.75321 0.0180448
46.2468 46.4527 -22.831 0.65532 0.755087 0.0199738
47.0916 45.7389 -23.467 0.650759 0.759102 0.0165928
47.918 45.0483 -24.1194 0.645718 0.763372 0.0176715
48.8797 44.2566 -24.7967 0.638957 0.76897 0.0204676
49.678 43.6184 -25.6378 0.63162 0.775089 0.0170787
50.2354 43.1864 -26.6687 0.62831 0.777776 0.0165506
49.6104 43.6906 -26.5593 0.631054 0.775635 0.0119815
48.5553 44.5498 -25.9836 0.635725 0.771833 0.0112711
48.2286 44.82 -25.7406 0.642866 0.7659 0.0109696
47.7614 45.2224 -26.8049 0.640778 0.7677 0.00607872
46.7274 46.0939 -26.055 0.649778 0.760106 0.00405029
45.7308 46.9468 -25.3327 0.656108 0.754611 0.00916517
44.8077 47.7405 -24.5553 0.659751 0.751357 0.0138232
43.9675 48.4602 -23.6983 0.659849 0.751219 0.0164216
43.1476 49.1641 -22.9514 0.660974 0.750187 0.0182521
42.1845 49.9919 -22.1058 0.661357 0.749799 0.0201063
41.4173 50.6465 -21.384 0.660475 0.75045 0.0244467
40.5796 51.353 -20.6581 0.65599 0.754286 0.0268239
40.8508 51.0882 -19.6584 0.655312 0.755114 0.0192072
41.7634 50.2998 -19.9113 0.657119 0.753556 0.018673
42.7262 49.4657 -20.1919 0.658556 0.752307 0.0183855
43.694 48.6243 -20.4661 0.659331 0.751634 0.0181489
44.6787 47.7667 -20.7166 0.659232 0.751716 0.018345
45.6348 46.9419 -21.1931 0.657865 0.752857 0.0204522
46.5548 46.1546 -21.6987 0.656301 0.754183 0.0218198
47.3906 45.4502 -22.2974 0.65382 0.756264 0.0241639
48.2781 44.709 -22.9617 0.650993 0.758591 0.0273378
49.2248 43.9338 -23.6604 0.642817 0.765474 0.0288643
50.0302 43.2922 -24.394 0.634418 0.772555 0.0258881
50.7898 42.7072 -25.298 0.62487 0.780173 0.0293469
51.3204 42.3152 -26.3434 0.619969 0.784214 0.0250294
51.7886 41.9913 -27.4443 0.596564 0.802119 0.0257057
51.3158 42.3685 -28.3619 0.604466 0.796603 0.00640032
50.1841 43.2476 -28.2404 0.622467 0.782643 0.00169028
49.213 44.0266 -27.6642 0.633113 0.774044 -0.00373409
48.2147 44.8463 -27.1374 0.640476 0.767978 -0.000269001
48.0243 45.0043 -26.9847 0.639622 0.768685 0.00270113
