49.2214 52.853 21.4083 0.494843 0.868537 -0.0278186
48.2152 53.409 20.8734 0.494378 0.868828 -0.027006
47.0963 54.0248 20.2005 0.493507 0.869359 -0.0257984
46.1532 54.5426 19.633 0.492644 0.869834 -0.0262818
44.9466 55.2059 19.0286 0.490287 0.871138 -0.0271364
43.9498 55.7529 18.5807 0.488029 0.872453 -0.0255746
42.8285 56.3657 18.1274 0.486361 0.873375 -0.0258569
41.7965 56.925 17.6657 0.484763 0.874243 -0.0265377
41.155 57.2805 17.6811 0.482895 0.875254 -0.027241
42.0658 56.8056 18.6563 0.48529 0.873956 -0.0263516
43.0073 56.3019 19.3068 0.487877 0.8725 -0.0268373
44.2459 55.6286 19.9417 0.490068 0.871254 -0.0273897
45.4121 54.9904 20.5653 0.491847 0.870248 -0.0274788
46.3979 54.448 21.0875 0.493326 0.869435 -0.0266791
47.3942 53.8961 21.5237 0.493429 0.869373 -0.026802
48.3866 53.3472 22.0081 0.494261 0.868881 -0.0274206
49.4701 52.7466 22.5006 0.494253 0.868865 -0.0280629
50.6051 52.1246 23.2232 0.492882 0.869654 -0.0277079
51.5496 51.5899 23.2007 0.49066 0.870869 -0.0289828
50.5668 52.1231 22.4956 0.493204 0.869403 -0.0298013
49.5591 52.6684 21.6525 0.494408 0.868774 -0.0281678
49.4203 52.7442 21.5519 0.49482 0.868548 -0.0278932
50.018 52.3726 20.5889 0.495254 0.868298 -0.0279699
51.0127 51.8306 21.3415 0.494756 0.868557 -0.0287377
52.0328 51.279 22.1087 0.491978 0.870075 -0.0304417
53.0521 50.7342 22.8889 0.487575 0.872394 -0.0346212
54.0858 50.1968 23.7388 0.48009 0.876457 -0.0365589
55.0747 49.6925 24.5671 0.475091 0.879105 -0.0382401
55.9463 49.2623 25.3215 0.467469 0.882799 -0.04625
57.0491 48.7306 26.2058 0.458914 0.887264 -0.0464221
56.9898 48.7941 26.9264 0.445728 0.894492 -0.0347453
55.8471 49.3643 26.5183 0.461745 0.886186 -0.0378853
54.6784 49.9609 25.9201 0.472631 0.880641 -0.0328804
53.6315 50.5151 25.5868 0.477795 0.877893 -0.0317518
52.6072 51.0636 25.1762 0.484939 0.874095 -0.0281435
51.3427 51.7577 24.7874 0.489421 0.871686 -0.0251229
50.1696 52.4068 24.3378 0.493864 0.869159 -0.0257073
49.0651 53.017 23.7311 0.495991 0.867851 -0.0287629
48.0618 53.5701 23.1805 0.49339 0.869356 -0.0280416
46.974 54.1692 22.6364 0.493378 0.869396 -0.0270142
45.8668 54.7841 22.2059 0.493734 0.869188 -0.0271664
44.7359 55.4043 21.5426 0.492293 0.869967 -0.028362
43.684 55.9786 21.0011 0.489015 0.871785 -0.0292328
42.5328 56.5995 20.3348 0.485956 0.873499 -0.0290884
41.4608 57.1714 19.6089 0.484679 0.874257 -0.0275814
40.3657 57.745 18.6341 0.481701 0.875894 -0.0278045
39.4231 58.2364 17.8418 0.479213 0.877219 -0.0290227
38.3029 58.8195 17.0268 0.476751 0.878615 -0.0272961
37.4705 59.2419 16.1723 0.472724 0.880743 -0.0286836
37.0144 59.454 15.15 0.470636 0.881952 -0.0257272
38.0912 58.8802 15.2756 0.473891 0.880209 -0.0256525
39.3157 58.2271 15.6035 0.477225 0.878439 -0.0245244
40.3588 57.6668 15.9019 0.480082 0.876901 -0.0237789
41.6449 56.9708 16.3271 0.48286 0.875346 -0.0248331
42.7045 56.3929 16.6952 0.486623 0.873265 -0.0246318
43.7637 55.8155 17.1659 0.487157 0.872962 -0.0248281
44.8788 55.2065 17.7054 0.488988 0.871915 -0.0255804
45.9947 54.5914 18.2206 0.492202 0.870143 -0.0242448
47.0492 54.0108 18.8288 0.494088 0.869058 -0.0248077
48.1591 53.3988 19.489 0.494439 0.868819 -0.0261367
49.1742 52.8364 20.0314 0.49544 0.868237 -0.0265394
49.7642 52.5125 20.4324 0.495541 0.868146 -0.027577
50.3177 52.1626 19.3824 0.496444 0.8676 -0.0285156
49.335 52.707 18.7974 0.496285 0.86779 -0.0253322
48.1218 53.3803 18.1168 0.495971 0.867991 -0.0245738
47.0946 53.9474 17.4706 0.493436 0.869465 -0.0234786
46.054 54.5223 16.9278 0.492369 0.87007 -0.0234874
44.8908 55.1636 16.3879 0.488308 0.872341 -0.0239978
43.8495 55.7312 15.8921 0.487661 0.872611 -0.0271376
42.6683 56.3779 15.3824 0.487234 0.873022 -0.0208883
41.4953 57.0197 14.9678 0.481006 0.876515 -0.0188429
40.3183 57.6536 14.6037 0.478409 0.877861 -0.0220176
39.2316 58.2383 14.3522 0.475703 0.879329 -0.0220591
38.1362 58.8211 14.0306 0.472503 0.88102 -0.0233222
37.0397 59.4041 13.8758 0.469268 0.882782 -0.0219546
35.9758 59.9689 13.9198 0.467298 0.883774 -0.0240082
35.1754 60.4094 14.5102 0.470063 0.882269 -0.0247627
35.6531 60.1908 15.651 0.463954 0.885465 -0.026435
36.4337 59.8132 16.668 0.469635 0.882268 -0.032346
37.1645 59.4538 17.5743 0.474928 0.879471 -0.0311779
38.2703 58.8836 18.4351 0.476771 0.878478 -0.0310775
39.1808 58.4122 19.1451 0.478752 0.877421 -0.0304648
40.0374 57.9676 19.8825 0.482864 0.875204 -0.0293212
40.9307 57.5001 20.6809 0.484207 0.874481 -0.0287604
41.9938 56.9337 21.3623 0.4856 0.873642 -0.0306956
43.1155 56.3327 22 0.487075 0.872732 -0.0331024
44.2107 55.7381 22.566 0.492744 0.869587 -0.031929
45.3181 55.128 23.2469 0.497023 0.867399 -0.0241811
46.4334 54.5064 23.7193 0.489051 0.871964 -0.0223117
47.4164 53.9696 24.2184 0.491671 0.87025 -0.0303554
48.5902 53.3245 24.8207 0.49804 0.866664 -0.0291206
49.6234 52.7469 25.4163 0.494152 0.869189 -0.0178275
50.7629 52.1137 25.8652 0.489085 0.871977 -0.0207447
51.8303 51.5279 26.1855 0.487161 0.872882 -0.0274021
52.9492 50.9213 26.5685 0.478226 0.877725 -0.0299192
54.0603 50.3304 26.9439 0.474454 0.880042 -0.020184
55.1337 49.771 27.4171 0.466549 0.884131 -0.0251333
56.2329 49.2163 27.9706 0.456712 0.889274 -0.0245592
57.4962 48.5826 28.167 0.452458 0.891662 -0.014648
58.5992 48.0582 28.2971 0.415007 0.909808 -3.79886e-05
59.9319 47.465 28.0711 0.401032 0.915356 -0.0359303
59.4344 47.6283 26.9961 0.394193 0.916248 -0.0682119
58.4469 48.0244 25.9854 0.430559 0.900593 -0.059581
57.5249 48.4235 25.0209 0.458446 0.886937 -0.0557716
56.4965 48.9168 24.2855 0.464178 0.884458 -0.0474841
55.5988 49.3587 23.4655 0.475643 0.878473 -0.0451841
54.5328 49.8965 22.578 0.489257 0.87076 -0.0489392
53.6284 50.3665 21.8219 0.490105 0.870878 -0.0369891
52.66 50.8842 21.0777 0.494473 0.868538 -0.0337321
51.741 51.3829 20.4312 0.4966 0.867436 -0.0306794
50.7204 51.9413 19.6621 0.495605 0.868051 -0.0293938
50.5359 52.0426 19.5323 0.496711 0.867457 -0.0282245
