51.0795 52.5057 22.594 0.493281 0.869363 -0.0296768
49.9444 53.1314 21.9755 0.494917 0.868472 -0.0285249
48.7433 53.795 21.3272 0.49478 0.86859 -0.0272884
47.6836 54.3726 20.4893 0.494652 0.868673 -0.0269492
46.5597 54.9973 20.0152 0.494228 0.868895 -0.0275926
45.3698 55.6556 19.484 0.492426 0.869886 -0.0285395
44.141 56.3359 19.078 0.491483 0.870453 -0.0274768
42.7768 57.0783 18.3914 0.487445 0.872743 -0.0267772
43.5548 56.667 19.1531 0.488606 0.872046 -0.0282883
44.4769 56.1786 20.0357 0.491435 0.870412 -0.0295786
45.5385 55.6062 20.8817 0.494306 0.868787 -0.0294829
46.7935 54.9114 21.5133 0.494958 0.868505 -0.026769
48.2497 54.0956 21.9428 0.494041 0.869007 -0.0274022
49.4512 53.4254 22.3755 0.494329 0.86882 -0.0281289
50.5115 52.8415 22.9734 0.494148 0.86888 -0.0294129
51.6098 52.2371 23.5261 0.492319 0.869875 -0.0306284
51.8928 52.07 23.3319 0.492479 0.869777 -0.0308488
51.3146 52.3778 22.7503 0.492813 0.869633 -0.0295709
51.9231 51.9889 21.5946 0.496303 0.867485 -0.0339436
52.8915 51.4737 22.5182 0.494625 0.868388 -0.0353278
53.939 50.9119 23.2771 0.49069 0.870619 -0.0352932
54.9608 50.3728 24.0741 0.482722 0.874737 -0.0422827
55.906 49.909 24.9875 0.470254 0.881444 -0.0437948
56.927 49.4214 25.911 0.461172 0.886055 -0.0471879
57.8011 49.0345 27.0835 0.444014 0.895699 -0.0237352
56.3956 49.7508 26.9715 0.462777 0.885662 -0.0378877
55.2739 50.3013 26.2714 0.469793 0.882023 -0.0363225
54.0701 50.94 25.8571 0.480597 0.876321 -0.0329615
52.7637 51.6494 25.3071 0.489525 0.871478 -0.0298599
51.557 52.3154 24.9619 0.490129 0.871152 -0.0294445
50.2375 53.0414 24.3577 0.492854 0.869677 -0.0275049
49.0265 53.7094 23.6566 0.495713 0.867949 -0.0305076
47.8924 54.3375 23.224 0.491994 0.870227 -0.0254127
46.7113 54.9993 22.9128 0.495391 0.868342 -0.023883
45.5653 55.6411 22.3907 0.497154 0.867247 -0.0267977
44.4487 56.257 21.718 0.493224 0.869262 -0.0332885
43.4841 56.7664 20.8963 0.487694 0.872382 -0.0330572
42.4022 57.3406 20.0291 0.487746 0.872527 -0.0282838
41.4633 57.8322 19.0904 0.48531 0.87385 -0.0293204
40.4776 58.3459 18.1275 0.482798 0.875317 -0.0269336
39.5751 58.8013 16.868 0.478346 0.877688 -0.0291287
40.3769 58.347 16.3663 0.480519 0.876577 -0.0267342
41.6122 57.6702 16.4973 0.485521 0.87386 -0.0252562
42.9069 56.9655 17.0735 0.487476 0.872768 -0.0253577
44.0554 56.3349 17.4701 0.48826 0.872318 -0.0257795
45.1758 55.719 17.9697 0.49213 0.870194 -0.0238521
46.2859 55.1045 18.4731 0.493717 0.869214 -0.0266423
47.4643 54.4482 18.9178 0.494209 0.868919 -0.0271448
48.6342 53.8022 19.5483 0.494751 0.868631 -0.0264895
49.7049 53.2157 20.3368 0.495566 0.868171 -0.0263422
50.8458 52.581 20.919 0.49811 0.866607 -0.029601
51.7153 52.1019 21.4407 0.495491 0.867988 -0.0329086
