12.3761 76.9262 15.2451 -0.456552 -0.889689 -0.00341718
13.181 76.5169 14.1788 -0.457838 -0.889024 -0.00445546
14.0219 76.086 13.327 -0.460928 -0.88743 -0.00355121
15.4433 75.3393 10.5931 -0.46748 -0.883994 0.00400512
14.5192 75.8286 11.5625 -0.465816 -0.884881 0.000699602
13.5715 76.3232 12.5465 -0.459786 -0.888028 -0.000141165
12.6311 76.8032 13.4668 -0.456253 -0.889837 -0.00483924
11.7159 77.2656 14.6946 -0.452116 -0.891949 -0.00419205
10.8337 77.7052 15.7287 -0.448629 -0.8937 -0.00559721
10.1538 78.0423 16.386 -0.446719 -0.894668 -0.00342148
8.78719 78.7123 16.5853 -0.437911 -0.899017 -0.00133868
9.673 78.2851 15.6307 -0.441583 -0.8972 -0.00587398
10.598 77.8298 14.6227 -0.447281 -0.894393 -0.000909276
11.4354 77.4107 13.6015 -0.448437 -0.893807 -0.00276677
12.3706 76.9405 12.504 -0.455257 -0.890353 -0.00329163
13.3542 76.4361 11.521 -0.45905 -0.888409 -0.000669292
14.3854 75.8956 10.4604 -0.46491 -0.885349 0.0039497
15.3222 75.3958 9.47626 -0.467323 -0.884062 0.00658983
15.7971 75.1409 9.00759 -0.467469 -0.88398 0.00722514
15.9926 75.0244 7.61515 -0.473521 -0.880725 0.010099
14.9211 75.6019 8.64146 -0.467975 -0.883724 0.00552892
13.9829 76.1027 9.64513 -0.463988 -0.885827 0.00500617
13.0472 76.5944 10.5883 -0.461429 -0.887173 0.00270075
11.9788 77.1435 11.6797 -0.455432 -0.890262 -0.00355998
11.0503 77.609 12.742 -0.449157 -0.893437 -0.00526833
10.1401 78.0592 13.7759 -0.444788 -0.895636 -0.00030854
9.26572 78.4904 14.7629 -0.441989 -0.897012 -0.0039039
8.31412 78.9436 15.8276 -0.430057 -0.902784 -0.00557617
7.45787 79.351 16.6977 -0.432097 -0.901827 -0.000446726
6.30064 79.892 16.6061 -0.420105 -0.907474 2.1074e-05
7.25745 79.447 15.651 -0.426361 -0.904552 -0.00165469
8.29178 78.9614 14.5379 -0.429911 -0.902866 -0.00313234
9.21954 78.5156 13.5003 -0.439453 -0.898261 0.000139649
10.3515 77.9582 12.2218 -0.442467 -0.896777 -0.00360764
11.3163 77.4838 11.112 -0.453665 -0.891162 -0.00327849
12.2747 76.9927 10.1309 -0.45721 -0.889359 0.000603641
13.2785 76.4691 9.13103 -0.462984 -0.886354 0.00445966
14.2468 75.9543 8.10193 -0.466427 -0.88454 0.00597111
15.2204 75.4312 7.11267 -0.468765 -0.883284 0.00825878
16.117 74.9383 6.19447 -0.473357 -0.880766 0.0136019
16.1569 74.9162 6.15321 -0.473448 -0.880711 0.0139784
16.2949 74.8216 4.75995 -0.476364 -0.879144 0.0133634
15.3046 75.3689 5.77861 -0.473709 -0.8806 0.0119352
14.3423 75.893 6.76598 -0.467347 -0.884039 0.00788831
13.4531 76.3686 7.70422 -0.462236 -0.886736 0.00595728
12.4815 76.8812 8.69868 -0.458815 -0.888514 0.00547535
11.4827 77.3964 9.68643 -0.454351 -0.890813 0.00398558
10.5599 77.8617 10.6501 -0.442735 -0.896651 0.00124457
9.60469 78.3285 11.7402 -0.440033 -0.897975 -0.0034908
8.69627 78.7683 12.7834 -0.436233 -0.899832 0.00201521
7.81131 79.1911 13.7943 -0.427094 -0.904205 -0.00211357
6.86586 79.6333 14.8037 -0.417496 -0.908674 0.000794834
5.75931 80.1392 15.8947 -0.411748 -0.911292 0.00140557
5.04691 80.4605 16.6561 -0.408313 -0.912818 0.00655092
3.95643 80.9383 16.5571 -0.397548 -0.917555 0.00687327
4.99259 80.4815 15.4201 -0.407182 -0.913345 0.0017724
5.94748 80.0538 14.4768 -0.415837 -0.90942 -0.00588041
7.14147 79.5074 13.248 -0.423744 -0.905777 -0.000604768
8.21666 78.999 12.0284 -0.433583 -0.901103 -0.00243588
9.07009 78.5929 11.0265 -0.43793 -0.899006 -0.00126851
10.0242 78.1252 9.96196 -0.441708 -0.897157 0.001057
11.1439 77.5653 8.77732 -0.451702 -0.892159 0.00366052
12.1295 77.0556 7.7856 -0.457143 -0.889374 0.00562377
13.1803 76.5048 6.73321 -0.462798 -0.886439 0.00652154
14.113 76.0041 5.72188 -0.46988 -0.882651 0.0118334
15.0367 75.5005 4.79839 -0.472213 -0.881437 0.00910578
16.0662 74.93 3.7677 -0.478382 -0.878032 0.0145138
16.2146 74.8466 3.61633 -0.478293 -0.878078 0.0146924
16.1788 74.8455 2.40365 -0.481827 -0.876138 0.0150049
15.1292 75.4355 3.44317 -0.477953 -0.878304 0.0118179
14.2541 75.9155 4.3906 -0.471733 -0.881705 0.00798855
13.1262 76.5235 5.48261 -0.465757 -0.884888 0.00664198
12.156 77.0368 6.51794 -0.460288 -0.887763 0.00348533
11.2448 77.5097 7.42735 -0.455119 -0.890418 0.00398631
10.2236 78.0271 8.47819 -0.448717 -0.893668 0.00317185
9.32847 78.4685 9.45838 -0.441942 -0.897041 -0.00207961
8.37216 78.9315 10.5327 -0.432952 -0.901408 -0.00404689
7.48572 79.3493 11.561 -0.425322 -0.905016 -0.00688329
6.51287 79.8011 12.669 -0.421775 -0.906691 -0.00409011
5.48694 80.2677 13.7116 -0.411655 -0.911326 -0.00501143
4.53592 80.6874 14.6312 -0.405132 -0.914224 -0.00758899
3.47012 81.1457 15.7924 -0.38697 -0.92209 0.000865177
3.14286 81.2819 16.1642 -0.380358 -0.924829 0.00189625
2.1212 81.697 15.9908 -0.361076 -0.932534 0.00208376
3.01282 81.3366 14.9629 -0.387162 -0.92201 -0.00151052
3.94798 80.9452 13.9548 -0.391659 -0.920103 -0.00325944
5.10278 80.4516 12.8884 -0.413604 -0.910396 -0.00991968
6.0891 80.0013 11.8591 -0.420684 -0.9072 -0.00363641
7.1403 79.5192 10.6436 -0.427979 -0.903753 -0.00799025
8.01908 79.1049 9.63688 -0.432112 -0.901815 -0.00288327
8.9428 78.6591 8.57789 -0.439063 -0.898454 0.00198574
9.89466 78.1899 7.58776 -0.445941 -0.89506 0.00136222
10.8303 77.7168 6.63096 -0.452907 -0.89155 0.00360154
11.7956 77.2213 5.65261 -0.46284 -0.886431 0.00395033
12.7735 76.7021 4.61539 -0.4658 -0.884858 0.0075521
13.6907 76.2086 3.70452 -0.46819 -0.883573 0.00978204
14.7093 75.6514 2.66176 -0.4753 -0.879743 0.0118824
15.7189 75.0849 1.6339 -0.480951 -0.876622 0.0148187
16.3302 74.7368 0.987138 -0.484667 -0.874569 0.0150815
16.3441 74.7089 -0.266638 -0.485237 -0.87428 0.0134199
15.2518 75.3298 0.876693 -0.481076 -0.876586 0.0127754
14.2059 75.9143 1.94183 -0.475947 -0.879408 0.0107587
13.1735 76.4754 2.99354 -0.469124 -0.883104 0.00689142
12.1288 77.0334 4.02354 -0.46372 -0.885935 0.00912176
11.1174 77.5671 5.10139 -0.457361 -0.889235 0.008755
10.2162 78.0267 6.02666 -0.449356 -0.893348 0.00265451
9.26195 78.5025 6.98009 -0.443746 -0.896152 0.000422572
8.35381 78.9449 7.9465 -0.435563 -0.900158 -0.00100814
7.43525 79.3859 8.97573 -0.427116 -0.904195 0.00150348
6.46357 79.8412 10.1144 -0.424669 -0.905346 -0.00234607
5.54861 80.2546 11.1648 -0.417583 -0.90861 -0.00614269
4.56261 80.698 12.2191 -0.409748 -0.912199 0.000299117
3.57025 81.1137 13.0974 -0.387805 -0.921704 -0.00797033
2.59416 81.5183 14.0845 -0.381231 -0.924389 -0.00893389
1.60154 81.8998 15.2263 -0.355649 -0.934548 -0.00772427
1.05031 82.1063 15.856 -0.340295 -0.940289 0.00627729
0.0180449 82.4753 15.68 -0.331105 -0.943538 0.00822439
1.01708 82.1169 14.5433 -0.344657 -0.938723 -0.00185184
2.03336 81.7413 13.3887 -0.361367 -0.932421 -0.00138432
2.97734 81.3675 12.4231 -0.38456 -0.923051 -0.00950106
4.07679 80.9128 11.4256 -0.397258 -0.917656 -0.00908066
5.00296 80.5026 10.4527 -0.409563 -0.912282 -0.000308395
6.03465 80.04 9.28007 -0.414243 -0.910152 -0.0050259
6.89443 79.6403 8.25822 -0.428222 -0.903666 -0.00181733
7.77683 79.2231 7.28053 -0.432781 -0.901499 -1.81243e-05
8.74029 78.7598 6.24028 -0.43512 -0.900371 -0.000720673
9.63445 78.3166 5.2965 -0.447847 -0.894106 0.00236172
10.6406 77.8068 4.35302 -0.454699 -0.890626 0.00453408
11.5588 77.3255 3.35784 -0.460097 -0.887854 0.00508667
12.6549 76.7452 2.25983 -0.46732 -0.88407 0.00568038
13.6976 76.1798 1.21375 -0.474074 -0.88044 0.00894504
14.8613 75.5319 0.0286301 -0.480902 -0.8767 0.0113896
15.8584 74.9686 -1.00499 -0.486534 -0.873577 0.0121773
16.3483 74.688 -1.50321 -0.489497 -0.871914 0.0125618
16.417 74.6303 -2.80817 -0.491725 -0.870669 0.0119203
15.4197 75.2022 -1.77936 -0.485368 -0.874231 0.0116967
14.4039 75.7726 -0.756387 -0.47972 -0.877348 0.0113883
13.5072 76.2697 0.159995 -0.475149 -0.87983 0.0115352
12.5837 76.7746 1.08177 -0.470322 -0.882454 0.00849848
11.6476 77.2726 2.07853 -0.461611 -0.887072 0.00430848
10.7004 77.7676 3.05424 -0.457221 -0.889322 0.00738986
9.75093 78.2536 3.97527 -0.448653 -0.893679 0.00690764
8.75348 78.7497 4.92299 -0.438633 -0.898657 0.00404658
7.81748 79.2052 5.94257 -0.433001 -0.901393 -0.000451015
6.77289 79.7032 7.08268 -0.426461 -0.904494 -0.00150919
5.83791 80.1329 8.15755 -0.420817 -0.90714 -0.00310655
4.84643 80.5736 9.30804 -0.408277 -0.912853 -0.00240658
3.84324 81.0167 10.3628 -0.402534 -0.915337 0.0111614
2.74135 81.4687 11.4694 -0.373939 -0.927448 -0.0029615
1.77875 81.8388 12.4039 -0.361872 -0.932222 -0.000983723
0.827158 82.1893 13.4109 -0.341042 -0.940047 -0.00120279
-0.0552123 82.4947 14.4141 -0.326438 -0.945215 0.0025101
-0.828049 82.7614 15.3154 -0.322283 -0.946588 0.0102568
-1.85578 83.0941 15.1165 -0.300204 -0.953803 0.0116694
-0.925768 82.7886 14.0859 -0.314823 -0.949139 0.0044544
0.036705 82.4657 12.9765 -0.320074 -0.947392 -0.000752617
1.16421 82.0697 11.7607 -0.340241 -0.940321 -0.00170055
2.26659 81.6619 10.6749 -0.364108 -0.931295 -0.00346098
3.28415 81.2519 9.72115 -0.385727 -0.92261 -0.00107811
4.23399 80.8431 8.69027 -0.397019 -0.917808 -0.00128993
5.08938 80.4713 7.66807 -0.409273 -0.912405 0.00356173
6.05241 80.039 6.57036 -0.42115 -0.906988 -0.00139733
6.95539 79.6151 5.57016 -0.425562 -0.904908 0.00581368
8.04835 79.0878 4.39683 -0.433483 -0.90115 0.00467364
9.06248 78.5915 3.41983 -0.43684 -0.899528 0.00377185
10.1075 78.0656 2.42713 -0.448666 -0.893689 0.00431112
11.0404 77.5838 1.46304 -0.457054 -0.889433 0.00343731
12.0165 77.0682 0.411257 -0.464699 -0.885439 0.00718684
12.9925 76.5384 -0.567772 -0.474079 -0.880448 0.00762357
14.1483 75.8998 -1.70389 -0.479477 -0.877484 0.0111571
15.252 75.2803 -2.82754 -0.482674 -0.875739 0.0103025
16.2337 74.7197 -3.85363 -0.490909 -0.871121 0.0124781
16.435 74.6028 -4.07784 -0.493104 -0.86986 0.0137145
16.291 74.6664 -5.17415 -0.494211 -0.869238 0.0134757
15.3326 75.2212 -4.15088 -0.484653 -0.874628 0.0116464
14.4139 75.7373 -3.18957 -0.479685 -0.877401 0.0083306
13.2624 76.378 -2.05448 -0.476584 -0.879072 0.0099666
12.0928 77.0165 -0.868248 -0.46775 -0.883826 0.00776206
11.1509 77.5186 0.0636926 -0.462111 -0.886788 0.007501
10.2445 77.9904 1.01118 -0.454836 -0.890569 0.00288854
9.32341 78.4555 1.97898 -0.446994 -0.894529 0.00349316
8.32278 78.9493 2.94511 -0.432088 -0.901829 0.00174222
7.21891 79.4812 3.98422 -0.427689 -0.903894 0.00762205
6.28648 79.9222 4.99641 -0.420885 -0.907102 0.00425663
5.37066 80.3441 6.03888 -0.405081 -0.914281 0.000920574
4.39933 80.7711 7.11987 -0.39652 -0.918023 0.0022074
3.52076 81.1509 8.1901 -0.388107 -0.921591 0.00361057
2.40313 81.6114 9.34243 -0.374899 -0.927059 -0.00361044
1.29918 82.0287 10.3666 -0.349971 -0.936698 -0.0100452
0.323781 82.37 11.3397 -0.334268 -0.942453 -0.00682178
-0.578132 82.6736 12.346 -0.316611 -0.948543 -0.00490301
-1.48771 82.9735 13.3809 -0.307315 -0.951562 -0.00550947
-2.48304 83.2808 14.466 -0.278512 -0.960403 0.00717951
-2.72509 83.3541 14.7576 -0.274489 -0.961518 0.0104351
-3.52695 83.5726 14.2657 -0.248455 -0.968588 0.00857436
-2.51205 83.2865 13.2 -0.276185 -0.961034 -0.00862827
-1.47197 82.9721 12.023 -0.311142 -0.950327 -0.00829341
-0.449181 82.6441 10.8853 -0.317114 -0.94822 -0.0178242
0.522034 82.3232 9.90614 -0.347592 -0.937543 -0.0133599
1.6244 81.916 8.81095 -0.362501 -0.931964 -0.00472851
2.73961 81.4779 7.75742 -0.385397 -0.922739 -0.00466915
3.71825 81.0638 6.59527 -0.394331 -0.918966 0.00207776
4.61537 80.6757 5.56665 -0.399724 -0.916629 -0.00321587
5.52061 80.2728 4.56611 -0.415974 -0.909373 -0.000898238
6.40561 79.8621 3.56728 -0.422972 -0.906142 0.000672215
7.34607 79.416 2.67127 -0.428599 -0.903489 -0.00250674
8.46264 78.8809 1.59945 -0.439428 -0.898278 0.00067459
9.44578 78.391 0.610099 -0.447 -0.894513 0.00596428
10.352 77.9258 -0.355379 -0.456085 -0.889895 0.00856914
11.3779 77.389 -1.39852 -0.461336 -0.88719 0.00606668
12.5213 76.774 -2.50578 -0.470019 -0.882597 0.0102535
13.5349 76.2134 -3.53267 -0.477419 -0.878619 0.00994748
14.5544 75.6442 -4.60282 -0.481575 -0.876324 0.0118834
15.5879 75.0556 -5.69967 -0.490581 -0.871304 0.0126134
15.9316 74.8566 -6.05647 -0.491265 -0.870913 0.0129894
15.9145 74.8443 -7.30439 -0.489821 -0.871691 0.0151962
14.8858 75.438 -6.21947 -0.482597 -0.875755 0.0123978
13.7654 76.0686 -5.01101 -0.47742 -0.878574 0.0133821
12.7334 76.6422 -3.94537 -0.472843 -0.881064 0.0120801
11.6644 77.2251 -2.9053 -0.468866 -0.883228 0.00849545
10.6898 77.7392 -1.92655 -0.45715 -0.889371 0.00571914
9.77291 78.2122 -1.00644 -0.44639 -0.894789 0.00944301
8.71856 78.7475 0.101255 -0.44258 -0.896694 0.00787485
7.77686 79.2128 1.08638 -0.430427 -0.902611 0.00509271
6.78224 79.6844 2.00579 -0.426102 -0.904673 -0.00184612
5.8389 80.1248 2.90018 -0.421056 -0.907034 0.000565212
4.92147 80.5432 3.93057 -0.406157 -0.913801 -0.00169683
3.90873 80.9852 5.01929 -0.394118 -0.919053 -0.00316253
3.04927 81.3484 6.03234 -0.393143 -0.919468 0.00417115
2.01862 81.7726 7.206 -0.373217 -0.92774 -0.00252561
0.987306 82.1677 8.19803 -0.353989 -0.935183 -0.00962491
-0.129638 82.5669 9.30666 -0.331691 -0.943277 -0.0103342
-1.08218 82.8658 10.2751 -0.305635 -0.952042 -0.0142436
-2.15022 83.1848 11.45 -0.28461 -0.958562 -0.000569229
-3.05992 83.4397 12.4764 -0.261227 -0.965239 -0.00857848
-4.12875 83.72 13.5991 -0.241832 -0.970301 0.00573719
-4.58622 83.8394 14.0747 -0.232356 -0.972437 0.0137389
-5.54981 84.0413 13.7519 -0.202497 -0.97914 0.016439
-4.56252 83.8219 12.7311 -0.239134 -0.970977 0.00255901
-3.49146 83.5582 11.6079 -0.249863 -0.968278 -0.00256499
-2.49115 83.3025 10.4631 -0.280911 -0.959611 -0.0152779
-1.54143 83.0267 9.4756 -0.290524 -0.956806 -0.0106262
-0.530053 82.709 8.43912 -0.307022 -0.951694 0.00181321
0.423377 82.3813 7.51304 -0.334916 -0.942237 -0.00333928
1.68452 81.9075 6.25826 -0.366626 -0.93035 -0.00282473
2.6979 81.4942 5.11335 -0.382253 -0.924039 0.00253117
3.70337 81.0746 3.94264 -0.386176 -0.922425 -0.000654821
4.66762 80.655 2.91269 -0.406446 -0.913672 0.00198607
5.57223 80.2507 1.92893 -0.407154 -0.913358 -0.000242017
6.75458 79.6983 0.856466 -0.42683 -0.904332 -0.000768569
7.82235 79.1816 -0.220938 -0.437609 -0.899125 0.00851875
8.73702 78.729 -1.17169 -0.442983 -0.89651 0.00489332
9.75994 78.2113 -2.26548 -0.449567 -0.893235 0.00461145
10.8434 77.6499 -3.33526 -0.458696 -0.888554 0.00830137
11.8469 77.1113 -4.30687 -0.468125 -0.883559 0.0135102
12.7957 76.5892 -5.2362 -0.474628 -0.880118 0.0108179
13.7319 76.0717 -6.23569 -0.478276 -0.878164 0.00893926
14.6966 75.5257 -7.28817 -0.485524 -0.874106 0.0142431
15.7505 74.9186 -8.37036 -0.490803 -0.871161 0.0138368
15.4131 75.0945 -9.27046 -0.488499 -0.872449 0.0141858
14.4495 75.6464 -8.34825 -0.485125 -0.874335 0.0138715
13.4444 76.2164 -7.22195 -0.479713 -0.877333 0.0127362
12.5786 76.6961 -6.23037 -0.474686 -0.880105 0.0093372
11.6063 77.2262 -5.29517 -0.469227 -0.883014 0.010624
10.599 77.7671 -4.33398 -0.460127 -0.887807 0.00901921
9.67306 78.2484 -3.40823 -0.449336 -0.89334 0.00643037
8.72373 78.7297 -2.42633 -0.444484 -0.895784 0.00190816
7.80716 79.1823 -1.47592 -0.437496 -0.899214 0.00327161
6.75241 79.6962 -0.371398 -0.432958 -0.901407 0.00351358
5.82085 80.1371 0.549066 -0.420616 -0.907235 0.00130561
4.62564 80.6707 1.63144 -0.405058 -0.91429 0.00125805
3.57109 81.1282 2.79968 -0.384679 -0.923041 0.00414039
2.67708 81.503 3.77253 -0.381754 -0.924257 0.00217569
1.81525 81.8581 4.80942 -0.377385 -0.92603 -0.00491769
0.871896 82.2188 5.79784 -0.357732 -0.93382 0.00277369
-0.0913141 82.5655 6.76874 -0.33427 -0.942442 -0.00758338
-1.09114 82.8894 7.74536 -0.304575 -0.952484 -0.000502784
-2.06253 83.1887 8.71566 -0.287008 -0.957927 -0.000349927
-3.01929 83.4591 9.73681 -0.270363 -0.962743 -0.00544642
-3.94726 83.694 10.7732 -0.248011 -0.968383 -0.026918
-5.01712 83.9337 11.8634 -0.216779 -0.97621 -0.00461644
-5.99689 84.1327 12.915 -0.190261 -0.981484 -0.0176701
-6.80622 84.2756 13.6347 -0.179111 -0.983828 0.00111599
-7.72052 84.4187 13.264 -0.129858 -0.991533 0.000208448
-6.69827 84.2678 12.3245 -0.174076 -0.98453 -0.0199133
-5.65003 84.0823 11.2189 -0.214251 -0.976691 -0.0130413
-4.67222 83.8817 10.2263 -0.235169 -0.971879 -0.0114036
-3.74435 83.6505 9.1955 -0.25105 -0.967962 0.00462432
-2.77824 83.4015 8.16281 -0.265744 -0.963966 -0.0120431
-1.72096 83.0956 7.09716 -0.294751 -0.95548 -0.0134243
-0.745263 82.7932 6.13728 -0.311305 -0.950253 -0.0103825
0.201766 82.4678 5.20384 -0.347608 -0.937637 -0.00241461
1.16142 82.1141 4.19895 -0.35802 -0.933705 -0.00178205
2.0722 81.7484 3.12275 -0.379179 -0.925317 0.00357066
2.96729 81.3773 2.14098 -0.382761 -0.923839 -0.00391216
3.86668 81.0019 1.16299 -0.394275 -0.91897 -0.00625146
4.89783 80.5525 0.195842 -0.403761 -0.91486 0.000224239
6.07628 80.015 -0.91305 -0.423734 -0.905768 0.00567485
7.21927 79.4641 -2.10979 -0.434249 -0.900788 0.00301842
8.17853 78.9992 -3.12859 -0.443562 -0.896221 0.00481137
9.23209 78.4656 -4.19564 -0.448746 -0.893651 0.00391863
10.1782 77.9751 -5.17757 -0.45738 -0.889192 0.0116179
11.4063 77.3209 -6.28614 -0.467638 -0.883862 0.00983722
12.4588 76.7454 -7.37043 -0.472192 -0.881392 0.0135537
13.4269 76.2046 -8.51952 -0.479294 -0.877511 0.015848
14.4858 75.6047 -9.62273 -0.485453 -0.874139 0.0147125
15.0841 75.2628 -10.1785 -0.486046 -0.873813 0.0145008
14.762 75.4269 -11.1048 -0.485667 -0.873979 0.0169165
13.8267 75.9594 -10.1961 -0.480776 -0.876732 0.0135293
12.8924 76.4824 -9.23024 -0.477807 -0.878312 0.0163926
12.0105 76.9732 -8.15116 -0.471664 -0.881651 0.0149598
11.0139 77.5177 -7.09615 -0.462038 -0.886745 0.0138332
9.98425 78.0601 -6.20736 -0.455439 -0.890185 0.0121159
8.95647 78.5946 -5.21252 -0.447155 -0.894393 0.0106149
7.88041 79.1437 -4.09238 -0.44637 -0.894837 0.00458226
6.9265 79.6038 -3.06012 -0.430165 -0.902746 -0.00221156
5.90843 80.0855 -2.00322 -0.42316 -0.906036 0.00587673
4.8084 80.5881 -0.878212 -0.401874 -0.915685 0.00394773
3.74954 81.053 0.0900482 -0.39794 -0.917408 -1.56402e-05
2.79001 81.459 1.02289 -0.380782 -0.924641 -0.00612071
1.82837 81.8441 2.07372 -0.376628 -0.926355 0.00422856
0.828057 82.2381 3.2519 -0.352821 -0.93565 0.0087204
-0.12362 82.5921 4.26252 -0.341511 -0.939869 -0.00400262
-1.11493 82.9245 5.24225 -0.304091 -0.952563 -0.00895161
-2.16702 83.2389 6.26059 -0.285175 -0.958462 -0.00507692
-3.18296 83.5184 7.26893 -0.261438 -0.965103 -0.0149497
-4.24815 83.7848 8.40625 -0.243701 -0.969794 -0.0104213
-5.27416 84.0254 9.53893 -0.221775 -0.975045 0.00194601
-6.30322 84.2212 10.5854 -0.168258 -0.985711 0.0025236
-7.38228 84.3925 11.7203 -0.143942 -0.989438 -0.0170539
-8.43764 84.5194 12.7282 -0.128162 -0.991582 -0.0183467
-9.02009 84.5738 13.2969 -0.0850902 -0.996344 -0.00212064
-10.2917 84.6698 13.2571 -0.0548509 -0.998415 -0.0126079
-9.19161 84.6112 12.216 -0.10065 -0.994729 -0.0187248
-8.09463 84.4952 11.1457 -0.133526 -0.991038 -0.00313132
-6.93989 84.3366 9.97694 -0.161279 -0.986603 -0.0245888
-5.91535 84.1654 8.91201 -0.190514 -0.981623 -0.00981023
-4.87887 83.9498 7.78861 -0.238542 -0.971017 -0.0140168
-3.75436 83.6837 6.59376 -0.259506 -0.965603 -0.0163648
-2.76864 83.4211 5.59343 -0.284852 -0.958559 -0.00489593
-1.73801 83.1198 4.58088 -0.288608 -0.957393 -0.0101518
-0.554413 82.7484 3.44069 -0.327152 -0.944854 -0.000504549
0.419959 82.3869 2.40786 -0.350962 -0.936388 0.00155024
1.30261 82.0475 1.3419 -0.360775 -0.932652 0.000834325
2.43154 81.6105 0.142127 -0.372864 -0.92787 -0.00514377
3.62701 81.1041 -0.988583 -0.399846 -0.916579 0.00228215
4.71792 80.6209 -2.00901 -0.402414 -0.915438 0.00601371
5.65748 80.1989 -3.00823 -0.418654 -0.908136 0.00145567
6.69989 79.7082 -4.09846 -0.426776 -0.904319 0.00828229
7.57889 79.2763 -5.05686 -0.434794 -0.90047 0.0102793
8.51133 78.81 -6.00067 -0.445283 -0.895363 0.00691383
9.51949 78.2887 -6.96694 -0.456234 -0.889814 0.00895415
10.5928 77.7245 -7.89843 -0.460337 -0.887647 0.0129105
11.5334 77.2142 -8.9318 -0.469724 -0.88269 0.014613
12.5293 76.6626 -10.1106 -0.471938 -0.881515 0.0143162
13.5283 76.1062 -11.1169 -0.480156 -0.877056 0.0149286
14.3656 75.6301 -11.9837 -0.48387 -0.87501 0.0148999
13.7557 75.9549 -12.6181 -0.482093 -0.875979 0.0156878
12.7568 76.5154 -11.6241 -0.472789 -0.881057 0.0144853
11.784 77.0538 -10.55 -0.472636 -0.881133 0.0146826
10.8268 77.5767 -9.44128 -0.460482 -0.88761 0.0102237
9.71437 78.1696 -8.29796 -0.453982 -0.890842 0.0172301
8.65682 78.7213 -7.40505 -0.44745 -0.894179 0.015232
7.58932 79.2622 -6.35686 -0.437996 -0.898953 0.00654691
6.5109 79.7874 -5.16359 -0.427702 -0.90387 0.00946459
5.59758 80.222 -4.23948 -0.415742 -0.909461 0.00620618
4.65213 80.6487 -3.18812 -0.398732 -0.917067 -0.000216364
3.64315 81.0888 -2.19206 -0.397402 -0.917597 0.00931668
2.60812 81.5324 -1.25507 -0.377579 -0.925933 0.00905415
1.46357 81.9929 -0.140327 -0.358255 -0.93361 -0.00467895
0.539814 82.3407 0.89603 -0.351988 -0.935991 0.00160993
-0.315977 82.6578 1.93593 -0.341554 -0.939852 0.0011393
-1.40521 83.0305 3.0031 -0.306999 -0.951702 -0.00358902
-2.42582 83.3335 3.98751 -0.282451 -0.959197 -0.011732
-3.58168 83.6541 5.14676 -0.262789 -0.964842 -0.00468919
-4.76965 83.9449 6.32994 -0.221772 -0.975075 -0.00666457
-5.83321 84.168 7.46135 -0.205272 -0.978488 -0.020588
-6.76666 84.33 8.48866 -0.163693 -0.986496 -0.00457653
-7.86724 84.4942 9.64177 -0.14722 -0.988674 -0.026714
-8.98277 84.6048 10.7558 -0.0899482 -0.995824 -0.0155038
-10.0847 84.6739 11.8118 -0.0572377 -0.998309 -0.0100573
-11.2389 84.6968 12.8731 -0.00232914 -0.999956 -0.00906646
-12.2283 84.6841 13.652 0.0327602 -0.999401 -0.0111056
-14.1166 84.578 14.2286 0.0722958 -0.997382 -0.0016566
-13.1595 84.651 13.2338 0.0479742 -0.998815 -0.00412518
-11.976 84.7177 12.3258 0.00936025 -0.999276 -0.0342862
-10.8268 84.7218 11.2911 -0.0399064 -0.998997 -0.0121546
-9.74844 84.6771 10.2615 -0.0730033 -0.997105 -0.0179795
-8.67738 84.6027 9.12747 -0.109591 -0.993907 -0.0117456
-7.60379 84.4648 8.019 -0.148153 -0.988922 0.00358643
-6.65283 84.3185 7.0402 -0.158723 -0.987242 -0.0122315
-5.58403 84.1266 5.85873 -0.196006 -0.980433 -0.00904858
-4.3885 83.8703 4.67838 -0.247438 -0.968884 0.00158489
-3.40845 83.6178 3.72102 -0.253694 -0.967154 -0.0146186
-2.14887 83.2691 2.45826 -0.27809 -0.960551 -0.00246144
-1.05653 82.9126 1.42236 -0.32315 -0.946335 0.00443028
-0.187612 82.6015 0.385643 -0.33787 -0.941153 0.00861072
0.676567 82.2916 -0.633179 -0.342312 -0.939585 -0.00161064
1.85032 81.8344 -1.76995 -0.369801 -0.929065 0.00921919
2.86342 81.4159 -2.66681 -0.378616 -0.925535 0.00574462
3.99417 80.9343 -3.73543 -0.396134 -0.918189 -0.000145916
4.91394 80.5282 -4.76419 -0.404672 -0.914439 0.00591005
6.03383 80.0066 -5.94433 -0.419217 -0.907824 0.0106344
6.94326 79.5659 -6.94302 -0.431654 -0.901962 0.0118108
7.89167 79.0926 -7.91181 -0.445528 -0.895168 0.0134046
8.89161 78.5809 -8.77968 -0.453404 -0.891243 0.0103488
9.85048 78.0798 -9.66207 -0.456366 -0.889721 0.0112734
10.7982 77.5764 -10.6958 -0.461531 -0.886968 0.0162656
11.6389 77.1097 -11.7406 -0.46888 -0.883122 0.0157149
12.5591 76.603 -12.6465 -0.473765 -0.880484 0.0171291
13.4906 76.0789 -13.5638 -0.478398 -0.877906 0.0204174
13.0533 76.302 -14.3727 -0.479573 -0.877378 0.0147715
11.9366 76.9232 -13.2524 -0.470231 -0.88236 0.0179877
11.0086 77.4323 -12.3253 -0.465817 -0.884719 0.0169396
10.0284 77.9673 -11.1182 -0.457577 -0.889043 0.0146232
9.06748 78.4731 -10.1011 -0.453645 -0.891051 0.0152528
7.82788 79.1088 -9.02048 -0.442198 -0.896852 0.0103907
6.79632 79.6228 -8.09327 -0.4339 -0.90089 0.0112012
5.79042 80.108 -6.94084 -0.418626 -0.908122 0.00818991
4.79849 80.5716 -5.9766 -0.410657 -0.911773 0.00551775
3.88404 80.9778 -4.97905 -0.394833 -0.918743 0.00425893
2.82046 81.4318 -3.83826 -0.384064 -0.923293 0.00066068
1.72955 81.8782 -2.85055 -0.367607 -0.929972 0.00334774
0.607634 82.3167 -1.83606 -0.344353 -0.938835 0.00152189
-0.354833 82.6655 -0.854246 -0.336045 -0.941837 -0.00338245
-1.18098 82.9509 0.240759 -0.318685 -0.947851 0.00419121
-2.1419 83.2698 1.2509 -0.284795 -0.958578 -0.00081725
-3.14695 83.5576 2.16565 -0.275524 -0.961288 -0.0035169
-4.1783 83.8258 3.14817 -0.248358 -0.968416 -0.021502
-5.26494 84.0805 4.26414 -0.226209 -0.974056 0.0058607
-6.41013 84.2923 5.40806 -0.183237 -0.982878 -0.0193634
-7.30804 84.4249 6.43703 -0.133509 -0.991046 -0.00186058
-8.424 84.5776 7.58168 -0.137395 -0.990514 0.00189258
-9.5717 84.6911 8.72717 -0.070819 -0.997386 -0.00515108
-10.7213 84.7327 9.97476 -0.047372 -0.998807 -0.0117458
-11.7936 84.7366 10.9491 0.001364 -0.99996 0.00258131
-12.9414 84.6948 11.911 0.0598017 -0.99766 -0.0331455
-14.0608 84.5987 12.8109 0.0663949 -0.997607 -0.0192899
-15.0036 84.4975 13.8891 0.099418 -0.994816 -0.0213343
-15.6397 84.4052 14.7018 0.134655 -0.990822 -0.00832598
-17.2759 84.1505 15.2028 0.187765 -0.982078 -0.0161615
-16.2783 84.3301 14.0809 0.148735 -0.988225 -0.0359152
-15.4321 84.4786 12.9833 0.101286 -0.99455 -0.0247392
-14.3506 84.5967 11.8693 0.0743005 -0.996873 -0.0268846
-13.1692 84.7032 10.9535 0.0617349 -0.997931 -0.0176541
-11.9656 84.7426 9.88187 0.0120285 -0.999859 -0.0116704
-10.8341 84.7497 8.75056 -0.0305413 -0.999529 -0.0029396
-9.83129 84.7108 7.67366 -0.0477705 -0.998839 -0.00135548
-8.78683 84.6187 6.64315 -0.102901 -0.994553 0.016552
-7.78228 84.4952 5.60855 -0.133311 -0.991019 -0.0104449
-6.73547 84.3596 4.4288 -0.155935 -0.987653 -0.0115084
-5.6993 84.1765 3.42835 -0.213982 -0.976787 -0.0094927
-4.5633 83.9356 2.28143 -0.223358 -0.974654 -0.0125403
-3.41762 83.6412 1.21421 -0.26497 -0.964245 -0.00416195
-2.2629 83.3093 0.103417 -0.289403 -0.957164 -0.00906274
-1.26793 82.9766 -1.11479 -0.320069 -0.947392 -0.00156686
-0.267259 82.6345 -2.23045 -0.340335 -0.940303 0.000301846
0.784099 82.2487 -3.17826 -0.355559 -0.934589 0.00376747
1.8463 81.8306 -4.14641 -0.375989 -0.926621 0.000959126
2.97934 81.3599 -5.27265 -0.388845 -0.921291 0.00472369
3.86447 80.9809 -6.2845 -0.402379 -0.915457 0.00534357
4.84391 80.539 -7.21731 -0.406748 -0.913458 0.0123027
5.79563 80.0905 -8.29463 -0.421728 -0.90666 0.0106367
6.75261 79.6295 -9.30948 -0.427926 -0.903737 0.0111152
7.74056 79.1369 -10.1207 -0.441025 -0.897391 0.0135095
8.87253 78.5543 -11.1424 -0.45053 -0.892681 0.0119373
9.76681 78.0841 -12.1274 -0.456854 -0.889387 0.016597
10.6209 77.6208 -13.1911 -0.466555 -0.884382 0.0139823
11.6671 77.0501 -14.2065 -0.470076 -0.882506 0.0145235
12.4718 76.6074 -15.0094 -0.474631 -0.879945 0.01987
12.0086 76.8366 -15.7609 -0.470981 -0.881834 0.023353
10.9576 77.416 -14.7265 -0.467544 -0.8838 0.017342
9.91112 77.983 -13.7053 -0.46066 -0.887444 0.015148
9.11935 78.408 -12.6532 -0.453467 -0.891172 0.0134215
8.21871 78.8767 -11.7294 -0.449835 -0.893042 0.0111077
7.11663 79.4334 -10.7306 -0.439185 -0.898305 0.0128039
5.95002 80.0015 -9.78691 -0.423928 -0.905667 0.00724747
4.9085 80.497 -8.56966 -0.41493 -0.909801 0.00921814
3.86418 80.9691 -7.50157 -0.401436 -0.915836 0.0095934
2.90118 81.3916 -6.50389 -0.386062 -0.922472 0.00101364
2.00117 81.7653 -5.52482 -0.379916 -0.92502 0.000944914
0.98633 82.1697 -4.5606 -0.361897 -0.932217 -0.00109299
-0.134259 82.5858 -3.54612 -0.338985 -0.940787 0.00285382
-1.18119 82.9517 -2.5536 -0.31284 -0.949806 0.00061417
-2.1151 83.26 -1.43884 -0.313379 -0.949627 -0.000550657
-3.07724 83.5545 -0.33934 -0.265486 -0.964108 -0.00361574
-4.13528 83.8338 0.646195 -0.258884 -0.965895 0.000793305
-5.37691 84.1148 1.81768 -0.202306 -0.979319 0.00237407
-6.39784 84.3128 2.8611 -0.183115 -0.983091 -0.000890764
-7.5445 84.486 3.96197 -0.13071 -0.991307 -0.0137995
-8.62882 84.6039 5.21502 -0.118848 -0.992872 -0.00892305
-9.7488 84.7061 6.30418 -0.0649782 -0.997767 0.00626518
-10.805 84.7547 7.35436 -0.0352528 -0.999323 -0.0101271
-11.757 84.7601 8.43408 0.00821724 -0.999898 -0.0116599
-12.7559 84.7274 9.39229 0.0443485 -0.998962 -0.0015704
-14.0069 84.6538 10.4956 0.0658427 -0.997803 -0.00709438
-15.1143 84.54 11.3251 0.102445 -0.994716 -0.00609731
-16.1253 84.4069 12.4218 0.146877 -0.988914 -0.0207319
-16.9499 84.2462 13.5027 0.159068 -0.986648 -0.0348987
-18.0615 84.0065 14.734 0.185274 -0.982269 -0.0285908
-19.0668 83.7883 15.7493 0.214901 -0.976634 -0.00172845
-19.5425 83.6733 16.1693 0.227152 -0.973742 -0.0149017
-21.7978 83.0687 16.9794 0.269295 -0.962928 -0.0157882
-20.7642 83.3671 16.1036 0.246835 -0.968929 -0.0157269
-19.7897 83.6341 15.1435 0.225439 -0.974029 -0.0194424
-18.7729 83.8794 14.1683 0.212419 -0.976635 -0.0325958
-17.621 84.1481 12.9249 0.184494 -0.982181 -0.0358212
-16.6815 84.3393 11.6995 0.157423 -0.98731 -0.0206826
-15.54 84.4992 10.5081 0.111518 -0.9937 -0.0110571
-14.3679 84.6265 9.66883 0.0774887 -0.996993 -0.00109404
-13.2526 84.7178 8.6242 0.0527825 -0.998279 -0.0254736
-12.0697 84.7759 7.4153 0.00864402 -0.999723 -0.0219085
-11.1629 84.7714 6.35093 -0.024181 -0.999688 -0.000274139
-10.0126 84.72 5.32797 -0.0554249 -0.998461 -0.000968102
-8.98878 84.661 4.24502 -0.117463 -0.992906 -0.0181998
-7.98533 84.5509 3.1566 -0.124695 -0.992139 -0.0105706
-6.80039 84.3821 1.99689 -0.155084 -0.987876 0.00311095
-5.86243 84.215 1.01513 -0.182482 -0.983035 -0.00696734
-4.70234 83.9782 -0.047765 -0.217569 -0.976032 0.00474482
-3.61322 83.714 -1.06782 -0.256141 -0.96579 -0.0362148
-2.68253 83.4411 -2.1762 -0.283383 -0.958988 0.0060182
-1.8039 83.1586 -3.19875 -0.312253 -0.94998 -0.00589294
-0.822165 82.8284 -4.15112 -0.32481 -0.945767 0.00472588
0.348898 82.4115 -5.19044 -0.338181 -0.941043 -0.00775836
1.36077 82.0266 -6.12634 -0.372149 -0.928168 -0.000980294
2.25268 81.6608 -7.10571 -0.381492 -0.924353 0.00582623
3.25188 81.2302 -8.1615 -0.398859 -0.916961 0.00918102
4.23451 80.7983 -9.10331 -0.408064 -0.912945 0.00251212
5.07238 80.409 -10.1664 -0.423746 -0.905754 0.00700665
6.10613 79.9146 -11.0624 -0.432917 -0.901412 0.00611445
7.15336 79.401 -11.9701 -0.441857 -0.897052 0.00757797
8.21126 78.8605 -12.9601 -0.446552 -0.894618 0.0157928
9.13253 78.3747 -14.1654 -0.454872 -0.890406 0.0163871
10.0378 77.8918 -15.0835 -0.462711 -0.886353 0.0166462
10.985 77.376 -15.9896 -0.467631 -0.883735 0.0182823
11.4378 77.1264 -16.4256 -0.470654 -0.882109 0.0190947
10.7903 77.4582 -17.0165 -0.468939 -0.883066 0.0170665
9.84885 77.971 -16.0788 -0.462914 -0.886235 0.0172521
8.85202 78.5015 -15.2274 -0.456264 -0.889757 0.0124478
7.99509 78.9505 -14.0723 -0.447722 -0.894085 0.0124783
7.06677 79.4268 -13.1233 -0.442709 -0.896538 0.0151344
5.9446 79.9867 -12.0574 -0.431857 -0.901896 0.00851263
4.8983 80.4819 -11.26 -0.418723 -0.908087 0.00688392
4.00204 80.8961 -10.2184 -0.403262 -0.91508 0.00288833
3.0626 81.3077 -9.14091 -0.392435 -0.919769 0.00410749
1.89517 81.7992 -8.05376 -0.38165 -0.92428 0.00685845
0.666788 82.3002 -6.73243 -0.351388 -0.93623 0.000247312
-0.337584 82.6619 -5.73567 -0.331484 -0.943438 -0.00633486
-1.39795 83.0211 -4.84154 -0.32167 -0.946833 0.00563702
-2.5982 83.4136 -3.64639 -0.288054 -0.957514 -0.00209806
-3.55786 83.6939 -2.50769 -0.273206 -0.961854 0.0127266
-4.63563 83.961 -1.30856 -0.229302 -0.973343 -0.00480907
-5.90143 84.2404 -0.249943 -0.207618 -0.978034 -0.0133509
-6.93401 84.403 0.791483 -0.168317 -0.985663 -0.0117552
-7.91592 84.5491 1.94312 -0.134061 -0.990921 -0.00212791
-9.06994 84.6811 2.8334 -0.0956195 -0.995282 -0.0052954
-10.0044 84.7389 4.05502 -0.0639319 -0.997923 -0.00530723
-11.0179 84.7735 4.97618 -0.0383404 -0.998993 -0.0231421
-12.067 84.7917 5.96022 -0.0275546 -0.999591 -0.00476973
-13.1018 84.7696 7.17967 0.0419347 -0.998451 -0.027044
-14.1015 84.6735 8.20401 0.0671161 -0.997542 -0.0197151
-15.1638 84.5595 9.13323 0.104394 -0.994357 -0.017806
-16.4819 84.3939 10.1674 0.118455 -0.992882 -0.0120842
-17.5637 84.1913 11.3721 0.179399 -0.98367 -0.01292
-18.498 83.9795 12.5615 0.207312 -0.978149 -0.0143281
-19.5929 83.7095 13.6637 0.227937 -0.973553 -0.0148094
-20.7431 83.4106 14.7258 0.251892 -0.967499 -0.0205669
-21.6608 83.1251 15.7504 0.278913 -0.959985 -0.0219857
-22.7558 82.7902 16.511 0.300518 -0.953649 -0.0155731
-23.492 82.5441 17.3947 0.314439 -0.949249 -0.00225931
-24.9016 82.0586 17.4848 0.333091 -0.942886 -0.00406609
-23.7037 82.4855 16.1965 0.322449 -0.946495 -0.0128564
-22.5666 82.8684 15.3991 0.30579 -0.95186 -0.0200767
-21.7384 83.1509 14.3072 0.267973 -0.963079 -0.0254678
-20.6144 83.4679 13.4038 0.234774 -0.971921 -0.0158131
-19.5534 83.7456 12.2758 0.221354 -0.974811 -0.0271927
-18.5049 84.0105 11.1314 0.195539 -0.98024 -0.02986
-17.4462 84.2437 10.0781 0.166434 -0.985778 -0.0198117
-16.4737 84.4033 9.12487 0.129009 -0.99162 -0.00383539
-15.4439 84.5362 8.25457 0.116116 -0.993192 -0.00935136
-14.5107 84.6597 7.20493 0.113 -0.993461 -0.0158939
-13.5063 84.76 6.30036 0.061521 -0.998098 0.00227781
-12.6701 84.7911 5.17923 0.00505995 -0.999931 -0.0105436
-11.5777 84.8042 4.24103 -0.0119779 -0.999822 -0.0141866
-10.5136 84.7725 3.28517 -0.0543622 -0.998474 -0.00391569
-9.71629 84.7403 2.17351 -0.0700234 -0.99733 -0.0206917
-8.5203 84.6322 1.33307 -0.121247 -0.992462 -0.0103108
-7.52888 84.5094 0.128599 -0.123154 -0.991954 -0.0291921
-6.61699 84.3916 -0.862415 -0.175683 -0.983885 -0.0322363
-5.55921 84.171 -1.71986 -0.214043 -0.976633 0.019304
-4.51241 83.9342 -2.78059 -0.236726 -0.971576 -0.000490053
-3.55816 83.6882 -3.91198 -0.271591 -0.962406 -0.00356041
-2.42979 83.3553 -5.05118 -0.300186 -0.953868 0.00502344
-1.36969 83.015 -5.92519 -0.304532 -0.952491 0.00448074
-0.395397 82.6855 -7.0337 -0.327836 -0.944734 0.000705369
0.66555 82.3003 -8.01673 -0.361652 -0.93216 0.00638651
1.52238 81.9495 -9.04982 -0.374594 -0.927186 0.00220719
2.53391 81.5289 -9.82903 -0.390684 -0.920511 0.00506297
3.61281 81.0642 -11.0422 -0.400348 -0.916328 0.00533026
4.78198 80.5296 -12.2878 -0.416689 -0.909031 0.00574471
5.77018 80.0588 -13.118 -0.428565 -0.903453 0.0102457
6.72903 79.5812 -14.0045 -0.443279 -0.896309 0.0115494
7.59688 79.1383 -15.0289 -0.447339 -0.89431 0.00986283
8.5115 78.6623 -16.0995 -0.456409 -0.88966 0.0139766
9.4772 78.1485 -16.9273 -0.460709 -0.887415 0.0153832
10.0954 77.8135 -17.6188 -0.463349 -0.886031 0.0159896
9.40359 78.1662 -18.1469 -0.461598 -0.886972 0.0144298
8.48178 78.6585 -17.2045 -0.457632 -0.888996 0.0160812
7.42286 79.2125 -16.1456 -0.447655 -0.894118 0.0125027
6.45071 79.7056 -15.1735 -0.438387 -0.898739 0.00918686
5.5186 80.164 -14.2414 -0.430996 -0.902333 0.00601359
4.49405 80.656 -13.2168 -0.416911 -0.908934 0.00486896
3.46562 81.1202 -12.1884 -0.398216 -0.917277 0.00504256
2.51384 81.5306 -11.2366 -0.389007 -0.921233 0.00102577
1.44754 81.9777 -10.1703 -0.380696 -0.924676 0.00660689
0.430879 82.372 -9.15364 -0.344272 -0.938868 0.00127212
-0.639225 82.7603 -8.08353 -0.328516 -0.944459 0.00859295
-1.68887 83.1138 -7.03389 -0.301856 -0.953353 0.000554126
-2.83163 83.4771 -5.90207 -0.299608 -0.954055 0.00367497
-3.98466 83.811 -4.73855 -0.271507 -0.962434 -0.00179213
-5.01153 84.0599 -3.71437 -0.237614 -0.971332 -0.00728005
-6.10017 84.2829 -2.62259 -0.207782 -0.977969 -0.0195339
-7.25319 84.494 -1.46974 -0.148798 -0.988764 0.00997238
-8.45387 84.6317 -0.294624 -0.111797 -0.993431 -0.0242881
-9.50712 84.7266 0.784356 -0.0844229 -0.996403 0.00119074
-10.4852 84.7945 1.75563 -0.0610973 -0.998069 -0.0110927
-11.4954 84.8134 2.77262 -0.0256988 -0.999534 -0.0162917
-12.6956 84.8074 3.97282 0.0139048 -0.999722 -0.015712
-13.6573 84.7668 4.94354 0.0439006 -0.998854 -0.011382
-14.7463 84.6556 6.03947 0.112899 -0.993236 -0.0271323
-15.7175 84.5227 7.00281 0.115443 -0.993194 -0.0154402
-16.829 84.361 8.10829 0.134018 -0.990837 -0.0167488
-17.9023 84.1783 9.16544 0.180357 -0.983591 -0.00246961
-19.002 83.9352 10.2814 0.202265 -0.97898 -0.02595
-20.0706 83.6501 11.3479 0.2504 -0.967708 -0.0289776
-21.0929 83.3595 12.3701 0.263479 -0.964564 -0.0132347
-22.1168 83.0591 13.3941 0.297294 -0.954697 -0.0130118
-23.2781 82.6545 14.5554 0.314871 -0.948819 -0.0243269
-24.4563 82.2317 15.7325 0.330693 -0.943671 -0.0113019
-25.4446 81.8707 16.7214 0.333587 -0.942669 -0.00910192
-26.2878 81.5508 17.5651 0.357529 -0.933873 -0.00724492
-27.4314 81.1043 17.3643 0.377251 -0.926111 -0.00025076
-26.5352 81.4706 16.3996 0.35571 -0.934464 -0.015719
-25.4116 81.899 15.4563 0.339248 -0.940598 -0.0118657
-24.4963 82.2429 14.4424 0.334317 -0.942195 -0.022335
-23.5288 82.5965 13.5933 0.320867 -0.946885 -0.0212077
-22.6159 82.9137 12.5419 0.295954 -0.955059 -0.0165305
-21.7005 83.2002 11.5324 0.276083 -0.961034 -0.0131233
-20.7151 83.4993 10.6079 0.263539 -0.964307 -0.0256539
-19.7654 83.7729 9.52416 0.238904 -0.970548 -0.0310163
-18.7225 84.0229 8.63218 0.210554 -0.977533 -0.00707218
-17.6404 84.2397 7.641 0.178951 -0.983761 -0.0132816
-16.6233 84.4133 6.64191 0.125151 -0.991733 -0.0283404
-15.6497 84.5626 5.61969 0.122396 -0.992158 -0.0253159
-14.4293 84.7149 4.46095 0.0957113 -0.995203 -0.0202217
-13.3696 84.7985 3.27354 0.0424254 -0.999036 -0.0112772
-12.1757 84.8359 2.21826 -0.0108251 -0.999552 -0.0278684
-11.1632 84.8313 1.11886 -0.0407918 -0.999166 -0.00112944
-10.2559 84.7866 0.0531361 -0.0736553 -0.997272 -0.00475641
-9.20432 84.7209 -0.874138 -0.0844972 -0.996382 -0.00894287
-8.1773 84.6305 -1.95602 -0.131671 -0.991163 -0.015474
-7.20659 84.4956 -2.97389 -0.171428 -0.984922 -0.0231735
-5.96324 84.283 -4.0495 -0.217108 -0.976031 -0.0123556
-4.91208 84.0449 -4.90738 -0.242375 -0.970143 -0.0087956
-4.08796 83.8378 -5.98778 -0.256968 -0.966394 0.00235031
-3.00072 83.5272 -7.03211 -0.292819 -0.956065 0.00915835
-2.18053 83.2675 -8.1061 -0.30145 -0.953472 0.004101
-1.33642 82.9939 -9.30746 -0.317101 -0.948346 0.00468108
-0.531043 82.713 -10.0608 -0.323619 -0.946178 0.00265036
0.658948 82.2784 -10.9802 -0.351093 -0.936339 0.00132065
1.66821 81.8811 -11.9002 -0.370222 -0.928917 0.0048636
2.72711 81.4316 -12.9853 -0.387986 -0.921641 0.00669353
3.49808 81.0982 -14.0489 -0.400784 -0.916133 0.00450081
4.3342 80.7113 -14.9292 -0.418526 -0.908155 0.00923074
5.44291 80.1857 -15.7592 -0.427293 -0.904025 0.0126761
5.94621 79.9339 -16.8386 -0.436871 -0.899471 0.00978534
6.87541 79.4602 -17.8919 -0.448455 -0.893721 0.0123208
8.1007 78.8343 -18.3466 -0.45274 -0.891536 0.0137659
8.2711 78.7419 -18.7231 -0.45429 -0.890736 0.014383
7.05771 79.3555 -19.0766 -0.449896 -0.893062 0.00551078
5.97021 79.9066 -18.4694 -0.441707 -0.897109 0.0084076
5.03453 80.3693 -17.2455 -0.423804 -0.905727 0.0059676
4.15567 80.7809 -16.3367 -0.41785 -0.908511 0.00288621
3.25524 81.193 -15.3126 -0.396263 -0.918116 0.00607107
2.10543 81.684 -14.2031 -0.378318 -0.925666 0.00378516
1.21863 82.0513 -13.062 -0.374903 -0.927016 0.00905471
0.443505 82.3548 -11.909 -0.345091 -0.938544 0.00604667
-0.703905 82.7746 -11.2113 -0.327917 -0.944687 -0.00265029
-1.86098 83.1621 -9.94226 -0.307041 -0.951681 0.00528313
-2.84145 83.4713 -8.89981 -0.28619 -0.958167 -0.000590918
-3.84086 83.7587 -7.66421 -0.266913 -0.963688 -0.00125886
-4.97573 84.0555 -6.54394 -0.235572 -0.971832 0.00464937
-5.91779 84.2691 -5.35753 -0.207479 -0.9782 0.00829409
-7.0645 84.4962 -4.28859 -0.15451 -0.987983 -0.00325256
-8.18279 84.6513 -3.31763 -0.125174 -0.992035 -0.0091753
-9.246 84.7429 -2.04909 -0.0849551 -0.996173 -0.0203172
-10.3468 84.802 -0.990697 -0.060221 -0.998165 -0.00632056
-11.4205 84.8372 -0.0117058 -0.032529 -0.99943 -0.00899792
-12.3973 84.8538 1.11077 2.81629e-05 -0.999994 -0.0033002
-13.7077 84.788 2.11308 0.0524158 -0.998582 -0.00821379
-14.542 84.7292 3.23248 0.0828902 -0.996457 -0.0130286
-15.5643 84.5985 4.17748 0.134673 -0.990757 -0.0162606
-16.7441 84.4278 5.34692 0.135657 -0.990672 -0.0126692
-17.9488 84.2079 6.48985 0.185232 -0.981902 -0.039474
-19.0331 83.9657 7.47275 0.209231 -0.977583 -0.021955
-20.002 83.7353 8.49134 0.237184 -0.971445 -0.00619591
-20.7375 83.5168 9.65793 0.263211 -0.964519 -0.0203733
-22.0027 83.1402 10.3684 0.288876 -0.957194 -0.0170404
-22.9047 82.8424 11.3774 0.309117 -0.950943 -0.0112209
-23.9921 82.4565 12.6596 0.324091 -0.945882 -0.0164847
-25.1438 82.0302 13.5744 0.340121 -0.94021 -0.0175211
-26.2112 81.6053 14.7554 0.358086 -0.933513 -0.0181165
-27.2723 81.1843 15.7676 0.37304 -0.927777 -0.00840285
-28.1142 80.8274 16.8184 0.379728 -0.925047 -0.00970702
-28.5596 80.6411 17.1169 0.388224 -0.921561 -0.00249422
-29.3857 80.2933 16.7473 0.388922 -0.921264 -0.00303617
-28.3175 80.7525 15.8888 0.386599 -0.922216 -0.00765884
-27.5371 81.0814 14.7403 0.381835 -0.92423 -0.00125328
-26.4345 81.5388 13.7013 0.360365 -0.932657 -0.0168945
-25.5638 81.8887 12.7053 0.346634 -0.937904 -0.0132565
-24.5043 82.2903 11.7007 0.333422 -0.942671 -0.013509
-23.5862 82.6231 10.6746 0.324583 -0.945635 -0.0204227
-22.612 82.9614 9.71491 0.297812 -0.954518 -0.0142673
-21.4013 83.3421 8.97542 0.290852 -0.956628 -0.0157055
-20.6367 83.585 7.82697 0.250381 -0.967867 -0.0154649
-19.5935 83.8545 6.70795 0.236086 -0.971539 -0.0193806
-18.4371 84.1341 5.6722 0.204465 -0.978714 -0.0171649
-17.4193 84.3301 4.74813 0.155293 -0.987848 -0.00525295
-16.3431 84.501 3.67542 0.142258 -0.989639 -0.0193655
-15.3341 84.6511 2.72797 0.119778 -0.992728 -0.0117018
-14.3139 84.7519 1.44617 0.0863132 -0.996251 -0.00576589
-12.9806 84.8349 0.326955 0.0246679 -0.999504 0.00383807
-12.0047 84.8602 -0.768285 -0.00350418 -0.999903 0.00164822
-10.9495 84.8376 -1.71521 -0.0404198 -0.999131 -0.0100926
-9.7997 84.7863 -2.79583 -0.0557591 -0.998411 -0.00817909
-8.72704 84.7102 -4.0348 -0.0861356 -0.996256 0.00729867
-7.67208 84.5832 -5.00873 -0.130115 -0.991495 -0.000770398
-6.48352 84.3818 -6.11755 -0.182907 -0.983034 0.00529674
-5.6043 84.2022 -7.21573 -0.197794 -0.980239 -0.00273143
-4.57564 83.9589 -8.31589 -0.256258 -0.966596 -0.00409479
-3.67342 83.7134 -9.33286 -0.266057 -0.963956 0.000764115
-2.53403 83.3742 -10.4273 -0.293742 -0.955876 -0.000816503
-1.48268 83.0412 -11.5186 -0.322197 -0.946659 -0.00488916
-0.515527 82.7029 -12.4168 -0.341522 -0.939867 0.0034411
0.395177 82.3684 -13.5091 -0.351432 -0.936209 -0.00300305
1.22736 82.04 -14.7345 -0.369695 -0.929153 0.000333449
2.19031 81.65 -15.7354 -0.388781 -0.921324 -0.00333758
3.25564 81.1877 -16.6467 -0.40726 -0.913296 0.00542779
4.50352 80.6148 -17.6401 -0.421175 -0.906979 0.00106542
5.18267 80.2848 -18.837 -0.437761 -0.899065 0.00375443
5.55895 80.1017 -19.2189 -0.439918 -0.898034 -0.00254677
4.36346 80.6817 -19.0296 -0.427055 -0.904216 -0.000385179
3.52708 81.0661 -17.8712 -0.41324 -0.9106 -0.000283128
2.43262 81.5507 -17.1183 -0.394253 -0.91897 0.000201725
1.33467 82.0058 -16.1926 -0.373047 -0.927741 -0.00882303
0.410938 82.3625 -15.2399 -0.36321 -0.93169 -0.000559297
-0.398844 82.6655 -13.9661 -0.344648 -0.938718 0.000243053
-1.51422 83.0624 -12.6958 -0.322956 -0.946279 -0.0103358
-2.43715 83.3522 -11.6338 -0.297825 -0.954581 -0.0085734
-3.51878 83.6701 -10.7038 -0.266531 -0.963821 0.000256961
-4.67066 83.9863 -9.61202 -0.244575 -0.969442 0.00889748
-5.84475 84.2528 -8.30966 -0.200182 -0.979739 0.00311678
-6.79305 84.4375 -7.16777 -0.192755 -0.981242 -0.00325346
-7.75214 84.5967 -6.18002 -0.152057 -0.98831 -9.21656e-05
-8.93221 84.7342 -5.10549 -0.0894144 -0.995737 -0.0217354
-9.89331 84.8022 -4.06252 -0.0540786 -0.998471 -0.0114266
-10.8987 84.8495 -2.97386 -0.0565995 -0.998364 -0.00810634
-12.1976 84.8646 -1.8347 -0.020593 -0.999774 0.00291537
-13.193 84.8459 -0.81841 0.0529583 -0.998593 -0.00259286
-14.2041 84.7752 0.157603 0.0822008 -0.996345 -0.022425
-15.2133 84.6761 1.09995 0.0858427 -0.996296 -0.00510645
-16.1446 84.5549 2.23123 0.147128 -0.989037 -0.0126464
-17.3186 84.3636 3.30684 0.147869 -0.988875 -0.0159972
-18.3187 84.1678 4.35353 0.193671 -0.981047 -0.00623322
-19.5162 83.8934 5.39437 0.238043 -0.971187 -0.0114421
-20.571 83.6172 6.36559 0.257729 -0.966164 -0.00867307
-21.4718 83.3523 7.48577 0.275105 -0.961174 -0.0214612
-22.4512 83.0307 8.56964 0.295211 -0.955185 -0.0216599
-23.5672 82.6609 9.35189 0.327251 -0.944604 -0.0251178
-24.5797 82.2824 10.3472 0.335877 -0.94159 -0.0243819
-25.499 81.9293 11.4052 0.354341 -0.935063 -0.00999636
-26.6091 81.4877 12.5017 0.366194 -0.930469 -0.0108767
-27.5077 81.1097 13.4889 0.37995 -0.924915 -0.0128721
-28.4367 80.7093 14.5173 0.383536 -0.923488 -0.00632273
-29.4305 80.28 15.6559 0.397222 -0.917718 -0.00296923
-30.256 79.9145 16.3679 0.405359 -0.914145 -0.00485046
-30.8609 79.6494 15.7405 0.409545 -0.912259 -0.00591308
-29.7981 80.1251 14.7995 0.39928 -0.916768 -0.00907519
-28.8941 80.5255 13.7064 0.394412 -0.918866 -0.0107451
-27.8993 80.9616 12.6047 0.385729 -0.922498 -0.0143847
-26.8919 81.3896 11.513 0.367454 -0.929953 -0.0127174
-25.9574 81.7652 10.5507 0.355811 -0.934309 -0.0201607
-25.071 82.1231 9.56188 0.340819 -0.939905 -0.0205005
-24.0004 82.5297 8.52825 0.332551 -0.94289 -0.0191449
-22.8002 82.9423 7.68525 0.297108 -0.954599 -0.0214215
-21.7935 83.2749 6.43256 0.29476 -0.955518 -0.00991501
-20.6037 83.6213 5.14506 0.25579 -0.966655 -0.0121642
-19.3418 83.9439 4.01174 0.231737 -0.972778 -0.000454612
-18.3075 84.1777 3.02674 0.192619 -0.981254 -0.00267056
-17.2025 84.3915 1.98427 0.176147 -0.984334 -0.00299337
-16.2935 84.5584 0.956719 0.119716 -0.992773 0.00817175
-15.221 84.6913 -0.159738 0.0974641 -0.994953 -0.0234095
-14.1511 84.7955 -1.16911 0.062458 -0.998002 -0.00556979
-13.0444 84.848 -2.28786 0.0427549 -0.999016 -0.00864763
-11.9948 84.8847 -3.216 0.00572064 -0.999907 -0.0123241
-10.8781 84.857 -4.35719 -0.0342873 -0.999302 -0.000859637
-9.76511 84.8152 -5.54093 -0.0500411 -0.998683 -0.0113006
-8.69575 84.7329 -6.58793 -0.117753 -0.99292 -0.00790899
-7.62301 84.5832 -7.60626 -0.160817 -0.986915 -0.0101448
-6.69959 84.4247 -8.71148 -0.194047 -0.980774 -0.0174959
-5.75676 84.2328 -9.79485 -0.216465 -0.976287 0.00159921
-4.74328 83.9967 -10.8829 -0.23807 -0.971197 -0.00977508
-3.45774 83.6596 -11.8873 -0.276539 -0.960989 -0.0045481
-2.33853 83.3302 -13.0557 -0.295629 -0.955301 -0.000268139
-1.43792 83.0354 -14.0756 -0.328943 -0.944343 -0.0021985
-0.698055 82.7801 -15.2334 -0.33935 -0.940535 -0.0140521
0.244242 82.4362 -16.3864 -0.356909 -0.93407 -0.0110542
1.24406 82.0489 -17.3323 -0.380974 -0.924581 -0.00213242
2.42188 81.5558 -18.1844 -0.402903 -0.91521 -0.00749263
3.36489 81.1429 -18.917 -0.413794 -0.910338 -0.00734104
1.13456 82.1048 -18.3641 -0.384604 -0.922975 -0.0140694
0.122631 82.4969 -17.4902 -0.362266 -0.93195 -0.0152145
-0.857025 82.853 -16.4969 -0.345181 -0.938438 -0.0127188
-1.6521 83.1208 -15.3439 -0.336038 -0.941758 -0.0128764
-2.45159 83.364 -14.233 -0.298964 -0.954255 -0.00300964
-3.36517 83.6362 -13.2324 -0.277561 -0.960707 -0.00137209
-4.55394 83.9598 -12.1506 -0.240728 -0.970578 -0.00469221
-5.79433 84.2511 -11.0894 -0.224411 -0.974448 -0.00953079
-6.77669 84.4543 -10.0028 -0.178924 -0.98375 -0.0139434
-7.92978 84.6327 -8.67986 -0.15141 -0.988431 0.00651989
-8.99535 84.7717 -7.56537 -0.107148 -0.994185 -0.00935619
-10.1489 84.8431 -6.49028 -0.0388256 -0.999236 0.00425852
-11.2658 84.8765 -5.29487 -0.0127257 -0.999855 -0.011282
-12.3022 84.8942 -4.19378 -0.00387012 -0.999932 0.000600927
-13.5451 84.8401 -3.05714 0.0446994 -0.998816 -0.0181174
-14.6492 84.7545 -1.9754 0.101269 -0.994822 -0.00418392
-15.7555 84.6434 -0.941609 0.124095 -0.992116 -0.0151149
-16.7349 84.4863 0.0416637 0.145406 -0.989338 -0.00565927
-17.6223 84.3324 1.10658 0.190565 -0.981624 -0.0077463
-18.7121 84.0917 2.14187 0.228403 -0.97355 -0.00525351
-19.691 83.8582 3.07665 0.232058 -0.972697 0.00287547
-20.7074 83.6049 3.99952 0.246877 -0.969033 -0.00510498
-21.7369 83.3084 5.02342 0.28707 -0.957832 -0.0104337
-22.7406 82.9818 6.20349 0.310275 -0.950579 -0.010617
-23.724 82.6442 7.21896 0.316846 -0.948444 -0.00717867
-24.9502 82.1989 8.19439 0.349473 -0.936879 -0.00921349
-25.9312 81.8099 9.12939 0.361314 -0.932298 -0.0160314
-26.8857 81.4088 10.2424 0.374162 -0.927239 -0.0144144
-27.8128 81.0228 11.2018 0.383704 -0.923282 -0.0177337
-28.77 80.6004 12.2624 0.390905 -0.920269 -0.0172832
-29.7656 80.1521 13.3946 0.399624 -0.916626 -0.00982224
-30.6517 79.7488 14.3907 0.407949 -0.912966 -0.00839031
-31.7316 79.2542 15.307 0.420957 -0.907074 -0.00354528
-32.3483 78.9689 14.6784 0.426388 -0.904526 -0.00211203
-31.2539 79.4829 13.7533 0.414379 -0.910087 -0.00559278
-30.2897 79.9282 12.6933 0.409102 -0.912395 -0.0130938
-29.4316 80.3219 11.6758 0.400301 -0.916328 -0.00996988
-28.4573 80.7605 10.59 0.391496 -0.920079 -0.0136002
-27.3799 81.2237 9.45842 0.376554 -0.926192 -0.01934
-26.2872 81.6857 8.2314 0.364377 -0.931094 -0.0171209
-25.262 82.0901 7.27829 0.349534 -0.936879 -0.00893051
-24.0674 82.5348 6.31246 0.330472 -0.943599 -0.0201776
-23.1316 82.866 5.25682 0.311632 -0.950147 -0.0102048
-22.2267 83.1665 4.24103 0.292251 -0.956284 -0.00840923
-21.2495 83.4588 3.25783 0.267899 -0.963447 0.00033828
-20.2374 83.7222 2.31879 0.242552 -0.970118 -0.00320616
-19.0385 84.0264 1.19596 0.228534 -0.97344 -0.0136855
-17.8948 84.2893 0.00248727 0.209582 -0.977611 -0.0146293
-16.824 84.4938 -1.14791 0.165424 -0.986144 -0.00522075
-15.778 84.635 -2.1618 0.105503 -0.994331 0.0033381
-14.7954 84.7485 -3.1337 0.10268 -0.994691 -0.0048634
-13.7875 84.8401 -4.06952 0.070719 -0.99741 -0.0130895
-12.7364 84.8843 -5.07596 -0.0005143 -0.999954 0.00849789
-11.7509 84.8872 -6.10146 -0.0074897 -0.999964 -0.00304974
-10.7163 84.8633 -7.17966 -0.0347866 -0.999355 -0.00555626
-9.65419 84.8389 -8.22467 -0.0672237 -0.997501 -0.00125671
-8.63317 84.7268 -9.23951 -0.131082 -0.991348 0.000538375
-7.66213 84.6121 -10.3603 -0.132487 -0.991036 -0.016018
-6.68826 84.4499 -11.4507 -0.184916 -0.982747 -0.00288224
-5.70269 84.2408 -12.4117 -0.229036 -0.973401 -0.00565997
-4.6008 83.9744 -13.2538 -0.247463 -0.968881 -0.00439365
-3.65184 83.7231 -14.2139 -0.281983 -0.959395 -0.00683419
-2.6687 83.4493 -15.3869 -0.302406 -0.952961 -0.0198146
-1.80488 83.1925 -16.6737 -0.31199 -0.949866 -0.0203622
-1.03792 82.9369 -17.5642 -0.343833 -0.938834 -0.0192018
-3.50037 83.7039 -15.7425 -0.281108 -0.959378 -0.0238983
-4.53729 83.9697 -14.5681 -0.254264 -0.967046 -0.0125468
-5.57797 84.2201 -13.65 -0.228857 -0.973405 -0.0103174
-6.67098 84.4538 -12.756 -0.17457 -0.984644 -0.000966633
-7.80253 84.6351 -11.566 -0.137075 -0.990548 -0.00402326
-8.86097 84.7654 -10.3809 -0.109378 -0.993823 -0.0121185
-9.88586 84.8404 -9.29372 -0.0712095 -0.997354 0.000893671
-10.9606 84.8755 -8.19795 -0.0254809 -0.999666 -0.00421715
-12.1488 84.88 -7.03384 0.00523247 -0.999769 0.0208333
-13.2315 84.8766 -5.91229 0.0269236 -0.999574 0.00765467
-14.3825 84.8063 -4.77781 0.0729935 -0.997224 -0.0142456
-15.5406 84.6701 -3.68439 0.116291 -0.9932 -0.00544619
-16.5286 84.5275 -2.7172 0.160802 -0.986916 -0.0115829
-17.5733 84.3609 -1.69782 0.173485 -0.984797 0.00886168
-18.6633 84.139 -0.509967 0.213035 -0.976727 -0.0224571
-19.6792 83.8842 0.548869 0.237382 -0.971316 -0.0139633
-20.7517 83.601 1.5447 0.247106 -0.968758 -0.0202607
-21.8421 83.2886 2.55409 0.284387 -0.958686 0.00675218
-22.8263 82.9789 3.57818 0.306188 -0.951962 -0.00315204
-23.8173 82.6405 4.68568 0.326125 -0.945318 -0.00390911
-24.7741 82.2968 5.69167 0.343353 -0.93908 -0.0151078
-25.8402 81.8847 6.57141 0.363258 -0.931572 -0.0147288
-26.8248 81.4862 7.48778 0.371314 -0.928412 -0.0114105
-27.7317 81.0999 8.46252 0.380343 -0.924673 -0.0177715
-28.6012 80.7127 9.48913 0.389944 -0.920759 -0.0119956
-29.5387 80.2916 10.4414 0.406703 -0.91347 -0.012471
-30.595 79.8046 11.7205 0.415138 -0.909684 -0.00981038
-31.4707 79.393 12.6901 0.416095 -0.909278 -0.00877945
-32.4646 78.9193 13.6433 0.431277 -0.902182 -0.00774562
-32.9915 78.6632 14.0759 0.436208 -0.899844 -0.00153127
-33.6282 78.357 13.4957 0.436927 -0.899483 -0.00505486
-32.6605 78.8318 12.6329 0.434956 -0.900445 -0.00163107
-31.7254 79.2807 11.6591 0.427422 -0.904046 -0.00312815
-30.6636 79.7859 10.4375 0.415771 -0.909429 -0.007304
-29.636 80.2651 9.25373 0.410883 -0.911575 -0.0143101
-28.6294 80.7213 8.15859 0.395344 -0.918401 -0.0155649
-27.7261 81.1223 7.0934 0.393141 -0.919451 -0.0070658
-26.5694 81.6049 6.01728 0.374957 -0.926972 -0.00925022
-25.4349 82.0544 5.07012 0.350745 -0.936461 -0.0043037
-24.4809 82.4103 4.10448 0.334614 -0.94233 0.00143414
-23.6109 82.7256 3.0952 0.32235 -0.946347 -0.0223214
-22.484 83.0978 1.92878 0.298435 -0.954386 -0.00842786
-21.4202 83.4288 0.934283 0.268925 -0.963078 -0.0126508
-20.4507 83.7035 0.00375888 0.23883 -0.970928 -0.0160666
-19.2518 84.0145 -1.24323 0.233919 -0.972167 -0.0131771
-18.1708 84.2383 -2.38674 0.192903 -0.981161 0.010071
-17.0642 84.4515 -3.47048 0.159443 -0.987097 -0.0147615
-15.7574 84.6475 -4.75202 0.118898 -0.992905 -0.00133253
-14.6599 84.786 -5.77827 0.0937651 -0.995579 0.00332727
-13.6497 84.8516 -6.75864 0.0380179 -0.999115 0.0178336
-12.6037 84.8635 -7.84039 0.0121109 -0.99985 -0.00437182
-11.6116 84.8955 -8.84197 -0.00871216 -0.999633 -0.0147089
-10.4278 84.8893 -10.0591 -0.0342136 -0.999196 -0.0204887
-9.42507 84.8285 -11.0945 -0.094023 -0.995515 -0.00615318
-8.37564 84.7171 -12.2572 -0.126341 -0.991857 -0.00931975
-7.33653 84.5786 -13.3684 -0.163681 -0.986173 -0.0171645
-7.19391 84.554 -13.5093 -0.182293 -0.983163 -0.0126283
-8.98945 84.7826 -12.922 -0.0973791 -0.99519 -0.0106178
-10.12 84.883 -11.6899 -0.0619024 -0.998072 0.00426484
-11.2705 84.9182 -10.4979 -0.00182027 -0.999841 -0.0121565
-12.2955 84.8902 -9.44576 0.0309161 -0.999405 -0.0152612
-13.4452 84.8377 -8.28475 0.0447372 -0.998934 -0.0113766
-14.5088 84.7894 -7.17167 0.0906277 -0.995869 0.00553981
-15.6275 84.6962 -6.13597 0.0905459 -0.995776 0.0126455
-16.6925 84.5235 -5.09008 0.153778 -0.987299 0.039897
-17.9646 84.3017 -3.87682 0.182112 -0.983201 -0.0115762
-19.0123 84.0705 -2.8552 0.213788 -0.976783 0.00398025
-19.9459 83.8543 -1.84284 0.234644 -0.972025 -0.0104427
-21.0952 83.5455 -0.640188 0.266365 -0.963824 -0.00941086
-22.0749 83.2559 0.285666 0.277286 -0.960645 -0.0155207
-23.2023 82.8846 1.38215 0.299581 -0.953877 -0.0192067
-24.3328 82.4883 2.57024 0.341495 -0.939706 -0.0182492
-25.2761 82.1166 3.63641 0.351419 -0.936097 -0.0110832
-26.3257 81.7095 4.63845 0.371513 -0.928424 -0.0020332
-27.5317 81.209 5.66736 0.38653 -0.922239 -0.00825609
-28.575 80.7595 6.71806 0.398023 -0.917355 -0.00549969
-29.4302 80.3742 7.74609 0.404466 -0.914515 -0.00837959
-30.3914 79.9299 8.784 0.417159 -0.908714 -0.0139256
-31.4497 79.4247 10.034 0.421188 -0.906934 -0.0084176
-32.3409 78.9905 11.059 0.431133 -0.902272 -0.00545375
-33.4617 78.442 12.1721 0.439724 -0.898122 -0.00392044
-34.0999 78.1278 12.7128 0.441151 -0.897431 -0.00199882
-34.4762 77.9432 11.8845 0.444981 -0.895536 -0.00255423
-33.4159 78.4722 10.9243 0.438775 -0.898583 -0.00504472
-32.479 78.9327 9.91957 0.432973 -0.901385 -0.00632534
-31.6277 79.3502 8.91012 0.429701 -0.90292 -0.00874994
-30.7957 79.756 7.90351 0.421367 -0.906754 -0.0153208
-29.8528 80.1923 6.91742 0.412575 -0.910909 -0.00323356
-28.9924 80.5841 5.8877 0.404615 -0.914433 -0.00648681
-27.939 81.0428 4.85172 0.391043 -0.920355 -0.00555929
-26.6685 81.5771 3.75386 0.371839 -0.92826 -0.00817393
-25.6204 82.0074 2.6723 0.360146 -0.932576 -0.0243726
-24.6319 82.3996 1.59929 0.340841 -0.939897 -0.0205051
-23.6079 82.7731 0.528636 0.31425 -0.948917 -0.0278175
-22.5954 83.1103 -0.475286 0.287739 -0.957693 -0.00529101
-21.6126 83.396 -1.40862 0.281763 -0.95945 -0.000402857
-20.5991 83.6901 -2.49233 0.255487 -0.966807 0.0029257
-19.6519 83.9191 -3.5006 0.232798 -0.972507 -0.0042766
-18.6525 84.1598 -4.46191 0.207051 -0.97829 -0.00479811
-17.6226 84.3645 -5.47624 0.182706 -0.983109 -0.00475473
-16.5792 84.5401 -6.47659 0.157644 -0.987471 -0.0068227
-15.519 84.6944 -7.48829 0.108844 -0.993873 -0.00301788
-14.4932 84.7821 -8.52729 0.0836331 -0.996463 0.00279347
-13.4468 84.8482 -9.59364 0.0570658 -0.998346 -0.00651165
-12.3597 84.8993 -10.6455 0.0403831 -0.999183 0.000720314
-11.3136 84.924 -11.7599 0.0147626 -0.999769 -0.00204782
-10.355 84.8901 -12.8117 -0.0329253 -0.999457 0.00121921
-11.7268 84.907 -12.6206 0.0303736 -0.999523 0.00427902
-12.8104 84.8777 -11.5013 0.0433297 -0.999037 0.00634488
-13.7846 84.8381 -10.5154 0.0595159 -0.998207 -0.00589013
-14.8312 84.7543 -9.52676 0.0913255 -0.995809 -0.00467897
-15.7786 84.664 -8.51092 0.103323 -0.994616 0.00787218
-16.8368 84.524 -7.53781 0.144187 -0.989303 -0.0189859
-17.8991 84.3259 -6.48857 0.179678 -0.983451 -0.0141652
-18.8538 84.1185 -5.51368 0.20048 -0.97969 -1.02599e-05
-19.9716 83.8478 -4.46946 0.242928 -0.970031 -0.00499241
-21.0769 83.5574 -3.33284 0.256702 -0.966446 0.00928933
-21.9952 83.2874 -2.29309 0.295132 -0.955455 0.00131915
-22.9944 82.9775 -1.35484 0.303115 -0.952887 0.01131
-24.0363 82.6448 -0.344972 0.328723 -0.944406 0.00195014
-24.9988 82.2776 0.715261 0.358281 -0.933502 -0.0143353
-26.0731 81.8435 1.86933 0.369223 -0.929227 -0.0144247
-27.0565 81.4356 2.89651 0.368452 -0.929521 -0.015158
-28.0806 80.9928 3.79862 0.393951 -0.918989 -0.0158486
-29.1725 80.5135 4.83237 0.396537 -0.917995 -0.006669
-30.1675 80.0528 5.95356 0.418215 -0.908345 -0.00103225
-31.1191 79.6072 6.96015 0.423059 -0.906091 -0.0014311
-32.1035 79.1257 8.11432 0.435577 -0.900134 -0.00536399
-33.0457 78.6613 9.25846 0.440834 -0.897576 -0.00478928
-33.9813 78.1987 10.2657 0.441744 -0.897134 -0.00197998
-35.079 77.6452 11.244 0.449111 -0.893475 -0.00160548
-35.5341 77.4153 10.4661 0.453097 -0.89146 -0.000692237
-34.4688 77.9555 9.49647 0.450303 -0.892863 0.00490181
-33.4573 78.462 8.43009 0.444402 -0.895822 -0.00204735
-32.5931 78.8894 7.34572 0.441793 -0.897117 -0.00030593
-31.7164 79.3199 6.31784 0.435302 -0.900279 -0.00308053
-30.7228 79.7954 5.2953 0.425269 -0.905058 -0.00400482
-29.8564 80.2046 4.25638 0.41917 -0.907846 -0.010519
-28.7543 80.7121 3.16989 0.402442 -0.915386 -0.0104291
-27.6896 81.1831 2.2637 0.388086 -0.921516 -0.0131477
-26.7731 81.5672 1.31108 0.37583 -0.926654 -0.00797208
-25.7784 81.9799 0.203263 0.371815 -0.92828 -0.00713114
-24.848 82.3511 -0.801954 0.352405 -0.93583 -0.00532719
-23.7474 82.7317 -1.8756 0.322786 -0.946435 0.00836157
-22.6384 83.0866 -2.92588 0.30636 -0.951914 -0.00129982
-21.6295 83.397 -4.04791 0.292668 -0.956212 -0.000188302
-20.669 83.6682 -5.02707 0.270223 -0.962797 -0.000191426
-19.7149 83.9184 -5.97529 0.241216 -0.970455 -0.0056717
-18.7225 84.1595 -6.96552 0.210941 -0.977452 -0.00954546
-17.6624 84.3892 -8.01232 0.18904 -0.981944 -0.00687298
-16.6211 84.5618 -8.97511 0.135148 -0.990584 0.0218447
-15.51 84.6947 -10.1136 0.112628 -0.993625 -0.00493747
-14.3138 84.7904 -11.2875 0.074902 -0.997108 0.0116535
-13.1708 84.8532 -12.4168 0.0534566 -0.998564 0.00355767
-12.7781 84.8722 -12.8139 0.042096 -0.999095 0.00442801
-13.8803 84.8064 -12.9938 0.0615836 -0.998012 0.0133943
-14.9322 84.7306 -11.9832 0.100754 -0.994558 0.0205167
-15.987 84.6276 -10.9202 0.129501 -0.991277 0.0238541
-17.0925 84.4746 -9.76738 0.149957 -0.988498 0.0155105
-18.3026 84.264 -8.65371 0.207669 -0.978078 0.0072587
-19.462 83.9996 -7.52686 0.230735 -0.972974 -0.00902827
-20.5213 83.7199 -6.44677 0.258574 -0.965828 -0.00899344
-21.5921 83.4074 -5.3902 0.276663 -0.960964 -0.00218437
-22.5583 83.1144 -4.35993 0.292109 -0.956381 -0.00269773
-23.5742 82.7868 -3.26914 0.30554 -0.952175 -0.002502
-24.8319 82.3588 -2.08127 0.326775 -0.945071 0.00709202
-25.8213 81.9775 -1.05857 0.369771 -0.928991 -0.0117307
-26.9246 81.5122 0.137181 0.385176 -0.922835 -0.00383217
-27.8172 81.136 1.12448 0.386474 -0.922297 -0.00240086
-28.87 80.6731 2.11833 0.403081 -0.9151 -0.0108211
-29.8822 80.2093 3.03064 0.417654 -0.908522 -0.0123284
-30.8064 79.7653 4.02319 0.425396 -0.904938 -0.0109389
-31.7706 79.2989 5.13114 0.437887 -0.899005 -0.0067288
-32.7786 78.8005 6.21963 0.441561 -0.89722 -0.00458935
-33.752 78.3153 7.44122 0.448419 -0.893822 0.00173717
-34.7102 77.8331 8.5014 0.452207 -0.891912 0.000453355
-35.7799 77.2874 9.50201 0.456892 -0.889518 0.00259564
-35.8923 77.2299 9.60349 0.45941 -0.88822 0.00258076
-36.5099 76.9064 8.98794 0.461857 -0.886936 0.00572977
-35.4405 77.4574 8.00109 0.457493 -0.889206 0.0035353
-34.5119 77.9306 7.00411 0.454071 -0.890961 0.00183927
-33.6651 78.3588 5.97504 0.448896 -0.893581 -0.0023915
-32.78 78.8072 4.9262 0.440835 -0.897535 -0.009374
-31.814 79.2895 3.89017 0.439239 -0.89835 -0.00589085
-30.9569 79.7083 2.90756 0.428634 -0.903442 -0.00807539
-30.0109 80.1625 1.92848 0.425473 -0.904907 -0.0107128
-28.9506 80.6522 0.999005 0.399632 -0.91667 -0.00302599
-27.8695 81.117 -0.134256 0.392258 -0.919854 -0.000568941
-26.9236 81.5209 -1.15613 0.384218 -0.923156 -0.0126609
-25.834 81.9778 -2.33317 0.366455 -0.930427 -0.00270396
-24.8428 82.3494 -3.29819 0.34287 -0.939371 0.00452093
-23.7798 82.7246 -4.34666 0.308737 -0.951142 -0.0029113
-22.83 83.0338 -5.3825 0.292264 -0.956335 -0.00205273
-21.6898 83.3966 -6.55494 0.269163 -0.962839 -0.0220681
-20.6672 83.696 -7.60833 0.254991 -0.966815 -0.0137276
-19.6504 83.9573 -8.57534 0.234296 -0.972161 -0.000657161
-18.6525 84.1796 -9.59405 0.196938 -0.980259 0.0174466
-17.6303 84.3676 -10.5272 0.185557 -0.982312 0.0223923
-16.5772 84.519 -11.6076 0.160333 -0.986709 0.0264225
-15.5635 84.6455 -12.6028 0.130486 -0.991342 0.0146097
-14.7473 84.7274 -13.4368 0.101537 -0.994672 0.0177595
-15.8795 84.5898 -13.6075 0.13798 -0.990356 0.0123519
-16.8325 84.4657 -12.6275 0.149788 -0.9886 0.0150275
-17.8705 84.297 -11.5936 0.17627 -0.984176 0.0149627
-18.9695 84.0988 -10.5128 0.200754 -0.979508 0.0161567
-20.0283 83.8651 -9.50342 0.252369 -0.967602 0.00567434
-21.033 83.5917 -8.5045 0.275448 -0.961297 0.00604595
-22.0387 83.3066 -7.50505 0.281653 -0.959509 0.00342001
-22.963 83.0098 -6.53113 0.310856 -0.9501 -0.025766
-23.8908 82.6922 -5.54781 0.321099 -0.947044 0.00175924
-24.8903 82.3408 -4.50531 0.338829 -0.940764 -0.0107449
-25.8715 81.9618 -3.52364 0.363486 -0.931593 0.00315621
-26.9641 81.5204 -2.42648 0.3817 -0.924254 -0.00709331
-27.865 81.1287 -1.41462 0.391593 -0.920084 -0.00999431
-28.8717 80.6868 -0.35445 0.395398 -0.91851 0.000538203
-29.9477 80.2069 0.707901 0.42306 -0.906046 -0.0100422
-30.9709 79.7141 1.62763 0.426889 -0.904226 -0.0118606
-32.0044 79.2063 2.78463 0.436679 -0.899596 -0.00619155
-33.037 78.6845 3.93628 0.450716 -0.892645 -0.00626021
-33.949 78.2175 4.95741 0.449842 -0.893108 -0.000795263
-34.8386 77.761 6.03218 0.460167 -0.887827 0.00318219
-35.6781 77.3314 7.02348 0.461314 -0.887213 0.00571024
-36.6663 76.8163 7.96057 0.465642 -0.884957 0.00530042
-36.6925 76.8027 7.98455 0.465315 -0.885123 0.0063321
-37.0856 76.5872 7.16496 0.47061 -0.882311 0.00724531
-36.1575 77.0739 6.26276 0.465101 -0.885235 0.00619395
-35.177 77.5821 5.08365 0.460921 -0.887437 0.00225525
-34.171 78.108 3.91979 0.460403 -0.887681 -0.00723303
-33.2782 78.5714 2.92971 0.451522 -0.89223 -0.00738623
-32.3254 79.0573 1.84565 0.439035 -0.898451 -0.00556468
-31.4582 79.4937 0.851753 0.439895 -0.897982 -0.0106755
-30.4741 79.9647 -0.00568697 0.424698 -0.905308 -0.00700911
-29.3993 80.4569 -1.06954 0.408848 -0.9126 0.000415345
-28.4512 80.8861 -2.09779 0.399781 -0.916573 -0.00642627
-27.5043 81.2988 -3.16597 0.385327 -0.922777 -0.00189518
-26.468 81.7235 -4.18667 0.377306 -0.926081 0.00373264
-25.5154 82.1082 -5.13357 0.358653 -0.933389 -0.0114264
-24.5427 82.4707 -6.16342 0.323203 -0.946288 -0.00786981
-23.5675 82.8169 -7.21845 0.329656 -0.944099 -0.00128654
-22.4726 83.1689 -8.35046 0.290456 -0.956867 0.0064269
-21.4947 83.4569 -9.3291 0.275906 -0.961177 5.36167e-05
-20.479 83.7397 -10.3219 0.259244 -0.96577 0.00895799
-19.4365 83.9769 -11.3071 0.225666 -0.974039 0.0179774
-18.3142 84.1893 -12.4348 0.200507 -0.979354 0.0257077
-17.2688 84.3744 -13.4563 0.175482 -0.984089 0.0254012
-16.6524 84.4634 -14.0908 0.168784 -0.985493 0.0176818
-17.6605 84.282 -14.3238 0.192867 -0.980869 0.0232491
-18.7919 84.068 -13.2176 0.214807 -0.976324 0.0252792
-19.9168 83.8403 -12.1829 0.240183 -0.9703 0.0270134
-20.9445 83.5995 -11.1067 0.258187 -0.965859 0.0213305
-21.9356 83.3236 -10.1533 0.300585 -0.953683 0.0114543
-22.9846 83.0036 -9.09984 0.306716 -0.951736 0.0107566
-23.9979 82.6638 -8.02924 0.324034 -0.946012 0.000413951
-24.9998 82.31 -6.98873 0.345109 -0.938522 -0.00377479
-26.1728 81.8538 -5.72522 0.370648 -0.928764 -0.00424949
-27.136 81.4566 -4.7843 0.379741 -0.925065 -0.00679892
-28.0907 81.0529 -3.85137 0.38899 -0.921237 0.00288445
-29.0174 80.6395 -2.82004 0.408102 -0.912903 -0.00757676
-29.9278 80.2191 -1.79502 0.417771 -0.908551 0.0013952
-30.8574 79.7871 -0.872001 0.427944 -0.903804 0.000604842
-31.8329 79.3133 0.0334635 0.440162 -0.897918 -0.0011266
-32.8808 78.7888 1.14291 0.443507 -0.896235 -0.007866
-33.7253 78.3538 2.13456 0.453296 -0.891293 -0.0107997
-34.6829 77.8486 3.20928 0.46032 -0.887722 -0.00741032
-35.5634 77.3829 4.19487 0.467472 -0.883996 -0.00453565
-36.4946 76.8909 5.36428 0.467214 -0.88413 0.0050412
-37.3004 76.4637 6.16918 0.472704 -0.881203 0.00523609
-37.2576 76.4805 4.89022 0.475798 -0.879534 0.00593099
-36.4036 76.9386 3.86495 0.47009 -0.882606 -0.00469481
-35.3854 77.4854 2.67929 0.466995 -0.884239 -0.00605523
-34.4792 77.9697 1.67903 0.465725 -0.884863 -0.0108756
-33.3855 78.5387 0.399106 0.448914 -0.893575 -0.000168238
-32.2867 79.0944 -0.731205 0.442602 -0.89671 -0.00300321
-31.2755 79.5871 -1.68123 0.431159 -0.902274 -0.00108927
-30.3657 80.0207 -2.60872 0.42307 -0.906014 -0.0122392
-29.4679 80.4447 -3.62992 0.410675 -0.91174 -0.00875668
-28.5029 80.881 -4.65118 0.39706 -0.91777 -0.0063501
-27.5272 81.2992 -5.6363 0.386882 -0.922124 -0.00265426
-26.4211 81.7587 -6.74749 0.371364 -0.92848 -0.00352765
-25.4251 82.1508 -7.85191 0.357393 -0.933951 -0.00237976
-24.2931 82.5682 -9.01682 0.329833 -0.943971 -0.00169912
-23.2757 82.8992 -10.0526 0.312131 -0.949974 0.0104556
-22.1251 83.2493 -11.2443 0.289555 -0.957062 0.0124368
-21.0327 83.547 -12.3716 0.250445 -0.967925 0.0199492
-19.8901 83.8157 -13.425 0.225525 -0.97407 0.0171948
-18.8793 84.0239 -14.3893 0.215616 -0.976187 0.0233105
-18.5464 84.0902 -14.7334 0.201892 -0.979321 0.0114842
-19.5435 83.8728 -15.0127 0.229414 -0.973252 0.0121858
-20.5517 83.634 -14.0511 0.248089 -0.968452 0.0235063
-21.6334 83.3674 -13.0626 0.272398 -0.961739 0.0292373
-22.618 83.0859 -11.9931 0.306444 -0.951825 0.0109904
-23.7458 82.735 -10.8318 0.318491 -0.947855 0.00802281
-24.7971 82.3832 -9.79632 0.344154 -0.938484 0.026459
-25.8052 82.0026 -8.73103 0.363714 -0.931505 0.00329086
-26.9578 81.5449 -7.48268 0.379869 -0.925019 -0.00476955
-27.9062 81.1415 -6.51162 0.39279 -0.919627 0.00118318
-28.9689 80.6833 -5.42552 0.402494 -0.915404 -0.00266507
-29.9094 80.2529 -4.4137 0.418635 -0.908136 -0.00497707
-30.8141 79.8182 -3.4278 0.429648 -0.902979 -0.00567852
-31.9209 79.2784 -2.29201 0.433193 -0.901293 -0.00319443
-32.8859 78.7988 -1.38437 0.444884 -0.895584 -0.00294649
-33.9673 78.2463 -0.282636 0.454645 -0.89065 -0.00607591
-34.8412 77.7883 0.791187 0.466913 -0.884265 -0.00821615
-35.8018 77.269 1.84314 0.47054 -0.882369 -0.00404818
-36.6995 76.7842 2.84628 0.474336 -0.880326 -0.00543047
-37.3577 76.4239 3.69192 0.479439 -0.877572 -0.00200597
-37.3082 76.456 2.26349 0.479388 -0.877597 -0.0033771
-36.3097 77.0027 1.10996 0.474027 -0.880496 -0.00467189
-35.4127 77.4904 0.105912 0.471069 -0.882033 -0.0106011
-34.5542 77.9503 -0.9212 0.462263 -0.886685 -0.0100834
-33.566 78.4631 -1.94114 0.448535 -0.893744 -0.00622877
-32.4727 79.0145 -2.99404 0.442791 -0.896582 -0.00858046
-31.3897 79.5494 -4.11854 0.436222 -0.899806 -0.00775574
-30.4743 79.994 -5.08638 0.422758 -0.906227 -0.00514811
-29.4083 80.4873 -6.22709 0.410385 -0.911911 -0.00141517
-28.4209 80.9211 -7.2344 0.395036 -0.918665 -0.000755729
-27.3907 81.3655 -8.31106 0.392364 -0.919799 -0.00448865
-26.3494 81.7862 -9.41086 0.369795 -0.92908 0.00795305
-25.4233 82.1377 -10.4252 0.350642 -0.936462 0.00942576
-24.3908 82.5017 -11.4555 0.33528 -0.942094 0.00568563
-23.4393 82.8135 -12.4344 0.308251 -0.951187 0.0149718
-22.4567 83.1119 -13.4882 0.295528 -0.955239 0.0121003
-21.4497 83.3877 -14.443 0.26883 -0.962941 0.0210709
-20.8488 83.5439 -14.9948 0.25505 -0.966918 0.00423167
-21.9214 83.2435 -15.1946 0.276666 -0.960958 0.0026214
-23.0421 82.9251 -14.1879 0.295259 -0.955316 0.0138221
-24.092 82.5898 -13.0546 0.314868 -0.949135 0.000733068
-25.1956 82.2108 -11.9168 0.348557 -0.937272 0.00528713
-26.148 81.8552 -10.9282 0.361578 -0.932293 0.00887313
-27.0598 81.499 -9.93304 0.371279 -0.928492 0.00718641
-28.0867 81.0731 -8.85104 0.390135 -0.920739 -0.00567525
-29.0974 80.6259 -7.78206 0.398881 -0.916999 0.00195285
-30.1042 80.1732 -6.76733 0.414937 -0.909846 -1.76096e-05
-31.2138 79.6451 -5.61055 0.431869 -0.901917 -0.00476457
-32.1943 79.1623 -4.53405 0.437642 -0.899112 -0.00812843
-33.1246 78.6979 -3.59364 0.448082 -0.893956 -0.00760144
-34.2225 78.1361 -2.52032 0.451569 -0.892222 -0.00496853
-35.3139 77.5589 -1.3848 0.467787 -0.883775 -0.0100044
-36.2105 77.0676 -0.295424 0.474117 -0.880413 -0.0091594
-37.0834 76.5868 0.67335 0.476389 -0.879219 -0.00517754
-37.2398 76.5009 0.835458 0.476975 -0.878905 -0.0043991
-37.0196 76.6333 -0.67692 0.477362 -0.878655 -0.00951999
-36.1641 77.1076 -1.70697 0.472427 -0.881301 -0.0110185
-35.0951 77.6878 -2.87089 0.463592 -0.886019 -0.00593304
-34.081 78.2192 -3.88209 0.451368 -0.89223 -0.0138187
-32.9474 78.7986 -5.01072 0.440482 -0.897727 -0.00767077
-31.939 79.2996 -6.07606 0.432914 -0.901405 -0.00736769
-30.993 79.7571 -7.10176 0.427766 -0.903882 -0.00355578
-29.9565 80.2385 -8.15581 0.416919 -0.90894 0.00216429
-28.9432 80.6999 -9.20532 0.410079 -0.912049 -0.00130159
-27.9596 81.1252 -10.2657 0.392146 -0.919875 0.00272739
-26.9104 81.553 -11.383 0.372142 -0.928169 0.000385102
-25.8468 81.9652 -12.5522 0.350022 -0.936734 0.00320042
-24.8456 82.3281 -13.5569 0.342705 -0.939423 0.00537561
-23.8684 82.6579 -14.6103 0.318955 -0.947746 0.00590248
-23.2308 82.8519 -15.2496 0.294882 -0.955519 -0.00534294
-24.7073 82.3701 -15.0206 0.326308 -0.945243 -0.00599676
-25.6351 82.0394 -14.0417 0.34846 -0.937318 0.00319285
-26.5501 81.696 -13.0797 0.355359 -0.934715 0.00529496
-27.5447 81.3002 -12.0036 0.381005 -0.924572 -0.00154103
-28.459 80.9142 -11.0128 0.395234 -0.918578 -0.00198303
-29.3622 80.5138 -10.0428 0.408884 -0.91258 -0.00330856
-30.2991 80.084 -9.05756 0.41607 -0.909312 -0.00589126
-31.3964 79.569 -7.94418 0.424692 -0.905332 -0.00319438
-32.3224 79.1216 -6.93288 0.432301 -0.90171 -0.00593082
-33.3165 78.6259 -5.89293 0.447276 -0.89433 -0.010228
-34.2282 78.1558 -4.96251 0.457287 -0.8893 -0.00584715
-35.1801 77.653 -4.01229 0.461779 -0.886924 -0.0111786
-36.049 77.1871 -3.15638 0.467811 -0.883768 -0.0102436
-35.2868 77.608 -5.1426 0.462219 -0.886749 -0.00553728
-34.2663 78.1463 -6.15294 0.455812 -0.890014 -0.0104715
-33.352 78.6199 -7.11205 0.44823 -0.893887 -0.0071483
-32.4332 79.0769 -8.09602 0.433842 -0.90095 -0.00831191
-31.5087 79.524 -9.08463 0.424386 -0.905423 -0.0103008
-30.541 79.9826 -10.0622 0.414887 -0.909827 -0.00914399
-29.5184 80.4515 -11.1431 0.406642 -0.91357 -0.00560831
-28.5535 80.8775 -12.1963 0.395605 -0.918411 -0.00417131
-27.6633 81.2534 -13.1803 0.377818 -0.925871 -0.00387895
-26.679 81.6466 -14.2387 0.356495 -0.934286 -0.00389882
-26.155 81.8462 -14.7983 0.347647 -0.937618 -0.00356964
-27.8007 81.2088 -14.321 0.382442 -0.923943 -0.0082613
-28.7127 80.8158 -13.3486 0.393358 -0.919328 -0.0101837
-29.6092 80.4191 -12.3332 0.406497 -0.913628 -0.00615638
-30.5478 79.9892 -11.2885 0.418886 -0.908003 -0.00808257
-31.6149 79.4858 -10.2359 0.427169 -0.904127 -0.0090546
-32.7511 78.9285 -9.053 0.437823 -0.899033 -0.00671004
-33.6421 78.4812 -8.09526 0.447191 -0.89441 -0.0070775
-34.4508 78.0641 -7.24055 0.456927 -0.889455 -0.00863238
-33.211 78.7119 -9.80999 0.438925 -0.898482 -0.00859601
-32.269 79.1801 -10.8057 0.432266 -0.901714 -0.00746536
-31.21 79.6902 -11.8499 0.41489 -0.909765 -0.0139422
-30.1408 80.1907 -13.0633 0.404433 -0.914459 -0.0140848
-3.08934 83.6095 -16.7325 -0.283368 -0.958648 -0.0263411
-2.21259 83.3418 -17.3782 -0.314878 -0.94896 -0.0180505
-1.22236 83.0137 -18.0169 -0.34409 -0.938743 -0.0190436
-0.33962 82.692 -18.4556 -0.350166 -0.936507 -0.017957
0.787775 82.2525 -18.8179 -0.375185 -0.926702 -0.0213502
1.78436 81.8385 -19.0598 -0.390202 -0.920642 -0.0118066
2.99744 81.3114 -19.3621 -0.406812 -0.913495 -0.00556919
3.92881 80.8892 -19.5157 -0.426084 -0.904645 -0.00464782
5.02978 80.3618 -19.6703 -0.437117 -0.899392 -0.00325884
5.97306 79.8993 -19.7251 -0.446098 -0.894961 -0.00247908
6.9866 79.3868 -19.664 -0.449804 -0.893109 0.00537353
7.95835 78.8934 -19.4202 -0.457178 -0.889352 0.00643715
8.81948 78.4542 -19.0625 -0.459842 -0.887884 0.0143415
9.6352 78.0381 -18.5982 -0.463283 -0.88607 0.0155959
10.4199 77.6359 -18.0306 -0.467591 -0.883793 0.0162113
11.1983 77.2358 -17.3109 -0.469661 -0.882682 0.0170628
11.9447 76.8525 -16.5428 -0.473894 -0.880371 0.019277
12.6299 76.5023 -15.7772 -0.477358 -0.8784 0.0232794
13.216 76.202 -14.957 -0.480732 -0.876649 0.0195018
13.7554 75.9222 -14.11 -0.481165 -0.876459 0.0172711
14.2877 75.6515 -13.1266 -0.482505 -0.875689 0.0189121
14.8733 75.3479 -12.0012 -0.485359 -0.874162 0.0163325
15.2996 75.1291 -10.9784 -0.487411 -0.873033 0.0156422
15.7036 74.9236 -9.77604 -0.490397 -0.871392 0.0136492
16.1335 74.6997 -8.57584 -0.491708 -0.870652 0.013688
16.4438 74.5455 -7.32959 -0.495156 -0.868677 0.0148494
16.5739 74.4902 -6.22121 -0.494632 -0.868996 0.0135713
16.7496 74.406 -5.1589 -0.494183 -0.86926 0.0130487
16.8478 74.3665 -4.11585 -0.495658 -0.868409 0.0137109
16.8437 74.3866 -2.95072 -0.493945 -0.869392 0.0132569
16.8455 74.4011 -1.95793 -0.491756 -0.870624 0.0137574
16.8645 74.4097 -0.754897 -0.490237 -0.871461 0.0149519
16.845 74.4403 0.387975 -0.487301 -0.873094 0.0155593
16.8279 74.471 1.48108 -0.48349 -0.875185 0.0170013
16.8409 74.4839 2.54351 -0.481658 -0.876199 0.0167469
16.8106 74.5226 3.654 -0.48014 -0.877042 0.0160647
16.7754 74.5604 4.77253 -0.476606 -0.878993 0.0147717
16.6665 74.6384 5.91125 -0.473826 -0.880501 0.0143881
16.5681 74.708 6.95458 -0.471814 -0.881596 0.0132659
16.4536 74.7824 7.95613 -0.470015 -0.882588 0.0111779
16.2191 74.9181 9.10244 -0.468392 -0.883493 0.00704028
16.0036 75.0397 10.0882 -0.467707 -0.883866 0.00563806
15.7518 75.1776 11.061 -0.467737 -0.883867 0.00129481
15.3595 75.3862 12.0731 -0.467908 -0.883777 0.000328025
14.8439 75.6573 13.0178 -0.464513 -0.885566 -0.000714436
14.3258 75.9264 13.8334 -0.46275 -0.886485 -0.00255282
13.7479 76.2218 14.5962 -0.459396 -0.888218 -0.00484471
12.935 76.6377 15.4368 -0.458141 -0.88887 -0.00406574
12.116 77.0557 16.0576 -0.453599 -0.891198 -0.00365766
11.3362 77.4482 16.5412 -0.451239 -0.892394 -0.00407672
10.5081 77.8635 16.8772 -0.446727 -0.894664 -0.00348343
9.64499 78.2928 17.1024 -0.445001 -0.895526 -0.00198314
8.56543 78.8195 17.2166 -0.437955 -0.898996 -0.00109893
7.65751 79.2556 17.2783 -0.431836 -0.901952 0.000361288
6.75875 79.6817 17.2723 -0.421581 -0.906787 0.00263318
5.87036 80.0922 17.2228 -0.415102 -0.909769 0.00305852
4.97486 80.4958 17.1283 -0.406226 -0.913751 0.00577061
4.00002 80.9234 17.0702 -0.395339 -0.918518 0.00404627
2.97382 81.3559 16.9146 -0.382622 -0.92389 0.00521002
1.99738 81.7465 16.6905 -0.363454 -0.931611 0.000769411
1.09502 82.0903 16.4824 -0.346833 -0.937927 0.000453444
0.165149 82.4285 16.2847 -0.330036 -0.943935 0.00760598
-0.83942 82.773 16.0037 -0.323917 -0.946039 0.00912669
-2.07967 83.1708 15.5943 -0.302159 -0.953205 0.00980982
-3.21762 83.4987 15.1057 -0.271442 -0.962388 0.0109723
-4.37789 83.7971 14.691 -0.247209 -0.96886 0.0140614
-5.36252 84.0132 14.3873 -0.209658 -0.977674 0.013541
-6.40371 84.2077 14.1693 -0.172478 -0.984944 0.0117079
-7.46481 84.3847 14.015 -0.136128 -0.990668 0.00348856
-8.5214 84.5202 13.8726 -0.125678 -0.992055 -0.00562637
-9.54982 84.6228 13.8203 -0.0883166 -0.996086 0.00342353
-10.6882 84.687 13.8812 -0.0193013 -0.999761 -0.00486521
-11.648 84.6939 14.1134 0.022119 -0.999726 -0.00733307
-12.6776 84.6627 14.3847 0.0311863 -0.999453 0.00319292
-13.9466 84.5901 14.7266 0.0727683 -0.997348 0.0009017
-15.0171 84.4776 15.0493 0.1079 -0.994134 -0.00492027
-16.0812 84.3347 15.3544 0.146158 -0.989259 -0.00228527
-17.0963 84.1767 15.6672 0.18144 -0.983324 -0.00691816
-18.0691 83.9959 16.0577 0.184747 -0.98278 0.00250084
-18.9844 83.7989 16.4517 0.228472 -0.973501 -0.00962931
-19.9745 83.5573 16.8838 0.246741 -0.969027 -0.00533364
-20.9218 83.3067 17.2011 0.259864 -0.965573 -0.0108072
-21.9665 83.0128 17.5637 0.271754 -0.962283 -0.0125085
-22.9229 82.7219 17.9043 0.291208 -0.956636 -0.00542788
-23.9262 82.3957 18.112 0.319435 -0.947605 -0.00200924
-24.9284 82.0467 18.1495 0.333495 -0.942749 -0.00192757
-25.8593 81.712 18.103 0.354024 -0.935235 0.000932871
-26.966 81.2922 18.0542 0.365948 -0.930572 -0.00181365
-27.9362 80.8984 17.8434 0.37762 -0.925961 0.000143192
-28.9365 80.4815 17.5247 0.387859 -0.921714 -0.00286302
-29.8635 80.0837 17.1227 0.401995 -0.915628 -0.00457804
-30.808 79.6678 16.6088 0.409028 -0.912512 -0.00389655
-31.6235 79.2994 16.0839 0.417383 -0.908706 -0.00623973
-32.3829 78.9504 15.4871 0.426206 -0.904611 -0.0035116
-33.2339 78.5447 14.6958 0.435926 -0.89998 -0.00156845
-33.9834 78.182 13.8183 0.438016 -0.89896 -0.00321881
-34.5413 77.9102 13.0044 0.44109 -0.89746 -0.00226264
-35.2275 77.5697 11.9582 0.445243 -0.895406 -0.0024262
-35.8835 77.2387 11.0493 0.452493 -0.891765 0.00200921
-36.5356 76.8986 9.94882 0.458517 -0.888662 0.0064467
-37.0836 76.6048 8.85445 0.465359 -0.885081 0.00849138
-37.5287 76.3552 7.69565 0.469903 -0.882673 0.00868855
-37.7101 76.2473 6.52457 0.471724 -0.881709 0.00814782
-37.8492 76.1621 5.36252 0.478829 -0.877886 0.00607795
-37.8731 76.1433 4.19329 0.47649 -0.879174 0.00314276
-37.8504 76.1569 3.01441 0.479239 -0.877678 -0.00333444
-37.8007 76.1899 1.78002 0.480977 -0.876705 -0.00660687
-37.6693 76.2708 0.354015 0.481702 -0.876319 -0.00523037
-37.4838 76.3815 -0.686472 0.477786 -0.878411 -0.0106575
-37.1451 76.5788 -1.72681 0.477418 -0.878565 -0.0139886
-36.8203 76.7679 -2.65396 0.473649 -0.880627 -0.0122943
-36.4553 76.9769 -3.54556 0.470575 -0.882267 -0.0125407
-36.0579 77.1998 -4.52009 0.468974 -0.88315 -0.0104451
-35.6104 77.4428 -5.57312 0.462477 -0.8866 -0.00711345
-35.1714 77.6838 -6.64517 0.460629 -0.887526 -0.0108661
-34.7 77.9408 -7.78123 0.45755 -0.889144 -0.00775671
-34.2877 78.1608 -8.71336 0.454833 -0.890514 -0.0105477
-33.8373 78.3992 -9.67516 0.449132 -0.893376 -0.0126216
-33.2221 78.7165 -10.6462 0.439917 -0.897954 -0.0123319
-32.6488 79.0047 -11.3853 0.432772 -0.901316 -0.0183305
-31.88 79.3865 -12.2307 0.425522 -0.904835 -0.014217
-31.0909 79.7623 -12.9235 0.416074 -0.909178 -0.0166586
-30.1789 80.1836 -13.6155 0.404495 -0.914378 -0.0172094
-29.3934 80.5351 -14.134 0.394185 -0.918941 -0.0128494
-28.5367 80.9055 -14.5782 0.38574 -0.922483 -0.0148068
-27.3891 81.3799 -14.9854 0.363948 -0.93139 -0.00725818
-26.3475 81.777 -15.2974 0.349052 -0.937094 -0.00410506
-25.381 82.132 -15.5387 0.339091 -0.940753 0.000999141
-24.3278 82.5011 -15.6712 0.317961 -0.9481 0.00255177
-23.3836 82.8073 -15.7409 0.294772 -0.955556 -0.00476416
-22.4468 83.0917 -15.7106 0.278588 -0.960395 -0.00322576
-21.2777 83.4281 -15.6964 0.264696 -0.964267 0.000987171
-20.3042 83.6835 -15.6087 0.245431 -0.969285 0.012464
-19.2844 83.9272 -15.4432 0.2197 -0.975484 0.00981336
-18.2059 84.1526 -15.1834 0.197123 -0.98033 0.00979703
-17.2758 84.3372 -14.9178 0.179665 -0.983421 0.0244654
-16.34 84.5047 -14.5504 0.157463 -0.987327 0.0189372
-15.2325 84.6645 -14.1236 0.106536 -0.994215 0.0134924
-14.0221 84.7882 -13.7036 0.0772818 -0.996951 0.00728259
-13.0583 84.8525 -13.4556 0.0628947 -0.997982 0.00832194
-12.0233 84.8979 -13.3144 0.0324252 -0.999471 -0.00252551
-11.0093 84.9092 -13.2564 -0.0258376 -0.999652 0.0037525
-9.8974 84.8588 -13.3152 -0.0626154 -0.997926 -0.0149
-8.9213 84.784 -13.5536 -0.0988949 -0.994995 -0.0142696
-7.92962 84.6714 -13.8555 -0.141892 -0.989651 -0.0211915
-6.95315 84.518 -14.1912 -0.182266 -0.983131 -0.0150342
-5.9413 84.3187 -14.7175 -0.22689 -0.973774 -0.0165825
-5.05775 84.1181 -15.2762 -0.242217 -0.969963 -0.0205366
-4.08374 83.8808 -15.9831 -0.269392 -0.962566 -0.0275957
-3.36392 83.6846 -16.5272 -0.281269 -0.959288 -0.0255798
-3.93536 83.8824 -17.2766 -0.292935 -0.955283 -0.0402934
-3.11568 83.6602 -17.8878 -0.293324 -0.954688 -0.0502271
-2.26361 83.3937 -18.4918 -0.328236 -0.943746 -0.040059
-1.24473 83.0523 -19.048 -0.349594 -0.936264 -0.0345234
-0.212378 82.6729 -19.5222 -0.36571 -0.930396 -0.0248991
0.66364 82.3282 -19.7745 -0.381388 -0.924112 -0.0236315
1.56355 81.9562 -19.9743 -0.397431 -0.91728 -0.0253826
2.46434 81.5661 -20.2019 -0.409356 -0.912139 -0.0205699
3.45031 81.1246 -20.421 -0.421248 -0.906776 -0.0156337
4.3895 80.6778 -20.5385 -0.433085 -0.901223 -0.0153191
5.37971 80.1971 -20.6816 -0.44395 -0.895962 -0.0125338
6.39696 79.6866 -20.7108 -0.455357 -0.890307 -0.000697765
7.40178 79.1728 -20.5883 -0.458936 -0.888465 0.00248486
8.46107 78.6264 -20.2729 -0.459905 -0.887924 0.00867286
9.46096 78.1095 -19.7927 -0.462458 -0.886531 0.0136135
10.446 77.6012 -19.1518 -0.467625 -0.883769 0.0166227
11.2289 77.195 -18.5635 -0.471122 -0.881918 0.016261
11.9462 76.824 -17.8628 -0.473668 -0.880518 0.0180659
12.6415 76.4652 -17.1064 -0.47563 -0.879458 0.0181059
13.3517 76.0972 -16.3211 -0.476214 -0.879104 0.0199328
14.0315 75.7458 -15.3095 -0.481442 -0.876292 0.0180552
14.5299 75.4886 -14.5097 -0.48171 -0.876138 0.0183914
15.1194 75.1866 -13.4165 -0.483229 -0.875315 0.0176912
15.6738 74.8966 -12.3273 -0.486999 -0.873288 0.0140732
16.0706 74.6919 -11.3296 -0.488383 -0.8725 0.0150037
16.3882 74.5287 -10.3871 -0.490596 -0.871279 0.0137147
16.7707 74.3277 -9.34331 -0.493041 -0.869923 0.0120306
17.0834 74.1643 -8.36506 -0.494265 -0.869205 0.0135855
17.3265 74.0472 -7.02923 -0.496666 -0.867829 0.0139694
17.4639 73.9846 -6.04427 -0.496776 -0.86776 0.0143731
17.6525 73.8992 -4.63822 -0.497746 -0.867214 0.0137637
17.688 73.895 -3.60291 -0.495176 -0.868677 0.0141648
17.6847 73.916 -2.47491 -0.49475 -0.868907 0.0149587
17.6949 73.9304 -1.32215 -0.49403 -0.869305 0.01559
17.6843 73.9602 -0.135026 -0.490516 -0.871242 0.0181013
17.6878 73.9804 0.900466 -0.489631 -0.871709 0.0195197
17.6799 74.0144 2.24891 -0.484935 -0.874353 0.0185524
17.6582 74.0509 3.32061 -0.480533 -0.87676 0.0194553
17.626 74.0925 4.44419 -0.47905 -0.877601 0.0180318
17.565 74.1465 5.53376 -0.475738 -0.879432 0.0165395
17.4251 74.2457 6.84222 -0.473197 -0.880813 0.015926
17.2925 74.3374 8.06181 -0.471365 -0.881851 0.0123362
17.1003 74.4498 9.01493 -0.46619 -0.884635 0.00937759
16.8785 74.5764 10.1077 -0.468948 -0.8832 0.00668028
16.5844 74.7361 11.2814 -0.469507 -0.882928 0.00131383
16.2472 74.9167 12.2 -0.468163 -0.883641 0.00145434
15.8385 75.135 13.0726 -0.465894 -0.884838 0.00133104
15.1963 75.4708 14.1108 -0.462787 -0.886467 -0.00234791
14.6785 75.7377 14.8951 -0.461844 -0.886948 -0.00479772
14.0692 76.0502 15.6226 -0.459944 -0.887938 -0.00408107
13.3911 76.3985 16.3023 -0.459066 -0.888394 -0.00371645
12.5944 76.8062 16.8461 -0.457533 -0.889185 -0.00352423
11.7828 77.2216 17.3749 -0.452277 -0.891872 -0.0014087
10.7853 77.7246 17.802 -0.449349 -0.893356 0.000596259
9.85837 78.187 18.0453 -0.444719 -0.89567 0.000272597
8.9587 78.6283 18.1587 -0.437107 -0.899408 0.00140966
7.91589 79.1332 18.2273 -0.430725 -0.902475 0.00379513
6.88912 79.6238 18.2459 -0.426504 -0.904467 0.0019879
5.92642 80.0708 18.1788 -0.419641 -0.907687 0.00161139
4.97895 80.5008 18.0785 -0.408182 -0.912849 0.00829686
4.06852 80.9012 18.0483 -0.399312 -0.916772 0.00816197
3.02016 81.3452 17.9207 -0.387866 -0.921632 0.0124165
2.1182 81.707 17.7099 -0.369031 -0.929304 0.0144558
1.22972 82.0506 17.472 -0.356898 -0.934019 0.0147549
0.160258 82.4446 17.255 -0.339511 -0.940472 0.0156397
-0.999285 82.8431 16.9548 -0.323302 -0.946106 0.0188919
-1.94421 83.1466 16.6755 -0.302311 -0.953028 0.0176166
-2.95158 83.4457 16.2809 -0.285696 -0.95801 0.0242183
-4.06476 83.7388 15.8066 -0.251572 -0.967576 0.0220969
-4.98867 83.9572 15.4821 -0.222601 -0.974515 0.0268726
-5.96748 84.1563 15.2024 -0.191525 -0.981167 0.0249891
-7.39028 84.3919 15.0002 -0.141338 -0.989796 0.0176415
-8.60527 84.5357 14.8323 -0.119587 -0.992512 0.0234051
-9.76987 84.6461 14.7993 -0.0864273 -0.995714 0.0328323
-10.8981 84.6972 14.8915 -0.0180951 -0.999312 0.0322204
-11.9474 84.6937 15.1764 0.0242703 -0.999611 0.0131366
-13.1172 84.6424 15.4444 0.0557528 -0.998432 -0.00151549
-14.1599 84.5672 15.788 0.0995304 -0.995025 0.000186197
-15.2284 84.4557 16.0905 0.107112 -0.994243 0.00201292
-16.5474 84.2718 16.4795 0.142611 -0.98969 0.0122059
-17.4537 84.1237 16.8205 0.183504 -0.982819 0.0192015
-18.4639 83.9234 17.2374 0.215332 -0.976489 0.00321187
-19.4078 83.6972 17.6944 0.236791 -0.97156 -0.000299525
-20.414 83.4382 18.0694 0.259175 -0.965826 0.00291146
-21.4584 83.1532 18.3658 0.271332 -0.962464 0.00477858
-22.4102 82.8789 18.7788 0.286272 -0.958146 0.00228079
-23.3762 82.5785 19.0406 0.309761 -0.9508 -0.00182819
-24.3002 82.2679 19.1099 0.324559 -0.945865 -0.00046933
-25.26 81.9332 19.0967 0.330213 -0.943886 0.00603752
-26.2019 81.5929 19.0941 0.359728 -0.93296 0.0131215
-27.1917 81.2034 19.0118 0.371927 -0.928229 0.00780407
-28.1913 80.7971 18.7562 0.380647 -0.924698 0.0064501
-29.1075 80.4122 18.4599 0.392235 -0.919846 0.00448945
-30.037 80.0089 18.0919 0.400274 -0.916365 0.00745985
-30.9268 79.6136 17.6363 0.410453 -0.911856 0.00478358
-31.8935 79.1709 17.0243 0.416433 -0.909158 -0.00380296
-32.6499 78.8196 16.4945 0.428949 -0.903323 -0.00177017
-33.4172 78.4558 15.7789 0.43322 -0.901288 0.000239797
-34.087 78.1322 15.1442 0.435309 -0.900281 0.000523098
-34.7701 77.7955 14.3447 0.441771 -0.897122 0.00309866
-35.3104 77.5276 13.5083 0.446133 -0.894966 0.00103512
-35.8518 77.2569 12.662 0.447869 -0.894099 0.000844736
-36.4133 76.9723 11.9094 0.452142 -0.891938 0.00376817
-36.9216 76.7083 11.0848 0.455503 -0.890182 0.00928494
-37.4979 76.4004 10.0053 0.463515 -0.886037 0.00923715
-37.9718 76.1393 9.04367 0.46794 -0.883669 0.0123328
-38.3734 75.9057 7.87225 0.473217 -0.880808 0.0155641
-38.5071 75.8173 6.82105 0.477443 -0.878608 0.00979216
-38.7144 75.6895 5.6146 0.480288 -0.877062 0.00871222
-38.7122 75.6824 4.559 0.483806 -0.875158 0.00502318
-38.6895 75.6919 3.55164 0.485457 -0.874258 0.00184636
-38.6583 75.7105 2.52231 0.486179 -0.873854 -0.00293144
-38.6212 75.7361 1.44457 0.486021 -0.873936 -0.00449504
-38.5149 75.8054 0.290753 0.486105 -0.873871 -0.00696316
-38.378 75.8915 -0.678869 0.482055 -0.876075 -0.0107222
-38.0709 76.074 -1.66695 0.479543 -0.877394 -0.0147653
-37.712 76.2864 -2.72712 0.477803 -0.878363 -0.0135202
-37.3251 76.5117 -3.75721 0.474223 -0.880316 -0.0124748
-36.9008 76.7544 -4.79541 0.47279 -0.881129 -0.00906251
-36.488 76.9831 -5.70142 0.467295 -0.884046 -0.00964739
-36.1384 77.1774 -6.60003 0.464747 -0.885382 -0.0104129
-35.7561 77.3902 -7.49617 0.461488 -0.887084 -0.0105352
-35.3676 77.6046 -8.45203 0.459368 -0.888151 -0.0130169
-34.8781 77.8701 -9.52691 0.453894 -0.890963 -0.0128554
-34.4314 78.1111 -10.4036 0.448976 -0.893437 -0.0137923
-33.8294 78.4285 -11.3124 0.440797 -0.897488 -0.0144054
-33.1786 78.7637 -12.2006 0.438964 -0.898327 -0.017844
-32.532 79.0906 -12.897 0.430066 -0.902616 -0.0176415
-31.7499 79.474 -13.6112 0.417913 -0.908283 -0.0190348
-31.0235 79.8196 -14.1936 0.412636 -0.910636 -0.0215037
-30.2536 80.1748 -14.7017 0.403432 -0.914685 -0.0234003
-29.3101 80.5952 -15.2483 0.39011 -0.920494 -0.0223992
-28.3126 81.021 -15.7025 0.381095 -0.924353 -0.0178918
-27.3474 81.4054 -15.9714 0.365347 -0.930799 -0.0116282
-26.428 81.7589 -16.2405 0.344667 -0.938648 -0.0120423
-25.4005 82.1359 -16.5244 0.337801 -0.941068 -0.0156618
-24.4814 82.4506 -16.6339 0.32033 -0.947296 -0.000791474
-23.3098 82.8337 -16.7105 0.299314 -0.95414 0.000936103
-22.153 83.1798 -16.6672 0.275232 -0.961347 -0.00752041
-21.1305 83.4617 -16.6502 0.244039 -0.969761 3.24082e-05
-20.1229 83.7158 -16.5492 0.241631 -0.970315 0.0097453
-19.0648 83.9664 -16.3695 0.217762 -0.975959 0.008176
-17.9888 84.1881 -16.1094 0.194037 -0.980979 0.00535441
-16.8098 84.4049 -15.7952 0.173112 -0.984699 0.0194
-15.558 84.6061 -15.2766 0.122246 -0.992143 0.026216
-14.4792 84.7319 -14.8602 0.102547 -0.99464 0.0132373
-13.4697 84.8238 -14.5228 0.0785378 -0.996892 0.00419931
-12.3404 84.8856 -14.2982 0.0428163 -0.999066 9.97484e-05
-11.111 84.9112 -14.1916 -0.0157952 -0.999808 -0.0107937
-10.1074 84.8921 -14.2248 -0.069106 -0.997271 -0.02594
-9.14366 84.8267 -14.4666 -0.0956859 -0.994967 -0.0296497
-7.97014 84.7056 -14.8318 -0.142325 -0.989124 -0.0371222
-7.03093 84.5648 -15.2046 -0.194914 -0.980136 -0.036522
-6.00263 84.369 -15.8244 -0.232715 -0.971774 -0.0384896
-4.96452 84.1391 -16.4829 -0.260248 -0.964568 -0.0432924
-4.26564 83.9713 -17.019 -0.290141 -0.956044 -0.0423773
-4.90595 84.1901 -17.7421 -0.276142 -0.95902 -0.06344
-3.99114 83.9621 -18.3827 -0.300386 -0.951098 -0.071747
-3.1593 83.7229 -18.9929 -0.321583 -0.945508 -0.0509634
-2.2865 83.4519 -19.5665 -0.334847 -0.940533 -0.0569481
-1.40413 83.1497 -20.0095 -0.350671 -0.935437 -0.0445753
-0.459578 82.8073 -20.4444 -0.364415 -0.930217 -0.0435092
0.500168 82.4256 -20.7326 -0.384483 -0.922546 -0.0328891
1.50726 82.0111 -20.9382 -0.396596 -0.91729 -0.0359206
2.38533 81.6287 -21.1625 -0.411485 -0.910974 -0.0282723
3.31569 81.2052 -21.3468 -0.426096 -0.904358 -0.0239679
4.23842 80.7667 -21.4688 -0.435541 -0.899985 -0.0178998
5.16475 80.3175 -21.6261 -0.438081 -0.898767 -0.0173687
6.14692 79.8232 -21.7238 -0.462829 -0.886266 -0.0165824
7.02369 79.3675 -21.6747 -0.459201 -0.888331 -0.00152191
8.06186 78.8278 -21.4787 -0.465613 -0.884986 -0.00102517
8.9957 78.3392 -21.1348 -0.466225 -0.884644 0.00617348
9.87769 77.8775 -20.6412 -0.470106 -0.882547 0.0104901
10.6899 77.4555 -20.0731 -0.468765 -0.8832 0.0147148
11.4681 77.0506 -19.5584 -0.469147 -0.882994 0.0149237
12.2032 76.6675 -18.8579 -0.472314 -0.8813 0.0151615
12.8907 76.309 -18.1847 -0.476511 -0.879056 0.0140242
13.5283 75.9766 -17.4592 -0.477541 -0.87842 0.01827
14.1991 75.6256 -16.6745 -0.480106 -0.877035 0.0175475
14.7186 75.3567 -15.8419 -0.483036 -0.875413 0.0181034
15.3251 75.043 -14.8635 -0.483851 -0.874953 0.0185691
15.8151 74.7908 -13.9541 -0.483996 -0.874887 0.0179114
16.2731 74.5504 -13.0538 -0.488858 -0.872307 0.00995419
16.7136 74.3188 -12.0492 -0.490786 -0.871181 0.0130997
17.0576 74.1403 -11.1074 -0.489552 -0.871843 0.0151146
17.3985 73.9629 -10.1705 -0.489916 -0.871741 0.00690982
17.7047 73.7992 -9.1626 -0.495667 -0.868439 0.0111794
18.0077 73.64 -8.10977 -0.497035 -0.867651 0.0117237
18.186 73.5557 -6.97095 -0.498412 -0.866839 0.0131397
18.3475 73.4789 -5.94286 -0.498946 -0.866519 0.0140904
18.4527 73.4366 -4.81431 -0.498133 -0.866993 0.0136595
18.505 73.4257 -3.6315 -0.498989 -0.866456 0.0162369
18.5366 73.4274 -2.53531 -0.497094 -0.86756 0.0153781
18.5153 73.4583 -1.5554 -0.496732 -0.867743 0.0167499
18.5352 73.4699 -0.476952 -0.497753 -0.867094 0.0197263
18.5255 73.5031 0.592844 -0.49116 -0.870733 0.0239602
18.5255 73.532 1.78721 -0.487989 -0.872563 0.0223
18.4963 73.5775 2.87197 -0.48439 -0.874535 0.0234893
18.4705 73.6251 4.13163 -0.478326 -0.877893 0.0225427
18.4124 73.6833 5.32027 -0.476695 -0.878912 0.0166044
18.3199 73.753 6.3524 -0.475721 -0.879403 0.0183277
18.2174 73.8371 7.61876 -0.466242 -0.88422 0.0274501
18.0402 73.957 8.73584 -0.45542 -0.890232 0.00883051
17.8004 74.087 9.84104 -0.466858 -0.884321 0.00434781
17.5582 74.2182 10.9684 -0.468116 -0.883666 0.00110936
17.2719 74.3701 11.9148 -0.470852 -0.882212 -0.000840789
16.8931 74.5746 12.8804 -0.472832 -0.881138 0.00497269
16.3644 74.8612 13.9901 -0.462275 -0.886724 0.0038059
15.7427 75.1842 14.8696 -0.461497 -0.887138 -0.00250668
15.1892 75.4684 15.7331 -0.460974 -0.887406 -0.00355359
14.4715 75.8374 16.5519 -0.461076 -0.887352 -0.00389611
13.7843 76.1919 17.2133 -0.458165 -0.888863 -0.00258878
12.8589 76.6671 17.799 -0.45862 -0.888625 -0.00352382
11.9312 77.1445 18.3967 -0.458173 -0.888862 0.000679113
11.1053 77.5666 18.7082 -0.449294 -0.893372 0.00459988
10.2377 78.003 18.9534 -0.442947 -0.89652 0.00707854
9.26682 78.4831 19.1078 -0.439882 -0.898025 0.00706334
8.28024 78.9646 19.1586 -0.434447 -0.900621 0.0100689
7.28051 79.4417 19.1989 -0.431407 -0.902137 0.00614023
6.12236 79.9883 19.1603 -0.425015 -0.905151 0.00797311
4.98301 80.5086 19.0743 -0.410608 -0.911715 0.0132314
4.05065 80.9176 19.0342 -0.400048 -0.916449 0.00895994
3.09941 81.3269 18.8988 -0.38971 -0.920796 0.016041
2.10308 81.7299 18.6784 -0.374811 -0.92687 0.020663
1.15272 82.0988 18.4052 -0.364364 -0.930594 0.0350354
0.162578 82.4657 18.2242 -0.338027 -0.940556 0.0325272
-0.841676 82.8178 17.9675 -0.333356 -0.942205 0.0333256
-1.85964 83.1498 17.6858 -0.303195 -0.95215 0.0384912
-2.82541 83.4409 17.3773 -0.296166 -0.954468 0.0356967
-3.80648 83.7096 16.9643 -0.259806 -0.96405 0.0548026
-4.75191 83.9338 16.5897 -0.239597 -0.970018 0.0407211
-5.71501 84.147 16.2295 -0.2124 -0.975557 0.0548487
-6.82913 84.3387 16.0387 -0.146081 -0.988395 0.0416605
-7.87106 84.4884 15.8953 -0.137294 -0.98903 0.0524607
-8.89001 84.6005 15.811 -0.0991395 -0.99362 0.0532746
-9.934 84.6939 15.7768 -0.0879822 -0.995086 0.0446569
-11.0089 84.7266 15.9383 0.0212873 -0.998961 0.0402832
-12.1037 84.7104 16.1867 0.0320868 -0.998827 0.0359223
-13.318 84.6543 16.501 0.0701467 -0.997259 0.0229905
-14.464 84.5561 16.8325 0.115586 -0.992939 0.0266896
-15.6254 84.414 17.1786 0.139976 -0.990018 0.0164688
-16.5931 84.2788 17.5056 0.157478 -0.98701 0.0317925
-17.5393 84.132 17.8609 0.184458 -0.98223 0.0312243
-18.6247 83.8915 18.376 0.23832 -0.971116 0.0103971
-19.499 83.6862 18.797 0.241242 -0.970316 0.0155856
-20.5243 83.4182 19.1408 0.258069 -0.966059 0.0113886
-21.6452 83.1111 19.4762 0.279614 -0.960046 0.0109656
-22.6451 82.8121 19.8783 0.290819 -0.956773 0.00306255
-23.653 82.4921 20.0316 0.32204 -0.946713 0.00335751
-24.6529 82.1494 20.1023 0.324039 -0.946028 0.0054232
-25.8031 81.7517 20.0612 0.337455 -0.941283 0.00802602
-26.9326 81.3175 20.0017 0.365783 -0.930568 0.0156918
-27.9347 80.9141 19.8146 0.377211 -0.925983 0.0162741
-28.8536 80.5318 19.5531 0.393113 -0.919364 0.0152661
-29.8642 80.0937 19.1976 0.395134 -0.91853 0.012865
-30.755 79.7002 18.8009 0.399405 -0.916623 0.0155138
-31.6516 79.2904 18.2896 0.414304 -0.910012 0.015037
-32.4978 78.8971 17.7306 0.417679 -0.908539 0.0099991
-33.2331 78.5447 17.1849 0.427165 -0.904172 0.00182452
-33.9457 78.2049 16.5638 0.432328 -0.901699 0.00564206
-34.6854 77.8468 15.8785 0.434839 -0.900482 0.00589852
-35.3173 77.5332 15.1899 0.439532 -0.898189 0.0081693
-35.9481 77.211 14.3269 0.445779 -0.895101 0.00838325
-36.4251 76.9701 13.461 0.448906 -0.893578 0.000842255
-37.0124 76.6722 12.7407 0.450387 -0.89283 0.00247943
-37.5545 76.3921 11.7713 0.450696 -0.892612 0.0108123
-38.0869 76.103 10.73 0.460538 -0.887548 0.0128216
-38.5719 75.8364 9.76868 0.464708 -0.885314 0.0158569
-39.1345 75.5105 8.58592 0.472879 -0.880987 0.0157282
-39.2325 75.4375 7.57827 0.475286 -0.879673 0.0166694
-39.4716 75.2829 6.37157 0.482885 -0.875586 0.0129649
-39.5601 75.2206 5.35587 0.48389 -0.875046 0.0120511
-39.5316 75.2255 4.35395 0.488272 -0.872673 0.00548902
-39.5183 75.2306 3.37433 0.487925 -0.872885 0.000604893
-39.4904 75.2453 2.33543 0.490702 -0.871327 0.000245682
-39.4552 75.2695 1.30934 0.489325 -0.872052 -0.00933578
-39.3247 75.3545 0.123761 0.487837 -0.872897 -0.00809555
-39.2062 75.4375 -1.02396 0.486561 -0.873489 -0.0166232
-38.8838 75.6343 -1.99181 0.480798 -0.876675 -0.0164517
-38.5233 75.8484 -2.96618 0.478971 -0.877705 -0.014831
-38.1881 76.0476 -3.98294 0.476626 -0.878995 -0.0139691
-37.8015 76.2714 -4.95811 0.475628 -0.879549 -0.0130581
-37.3748 76.5143 -5.90419 0.472597 -0.88119 -0.0124501
-36.9622 76.7469 -6.9382 0.469815 -0.882679 -0.0123203
-36.5698 76.9724 -7.85364 0.462476 -0.886414 -0.0190418
-36.1984 77.1787 -8.75697 0.459554 -0.88805 -0.0133337
-35.6824 77.4612 -9.7959 0.460647 -0.887438 -0.0158464
-35.216 77.72 -10.7531 0.452996 -0.891336 -0.0177065
-34.687 78.0032 -11.6012 0.449971 -0.892856 -0.0182316
-34.1029 78.316 -12.4811 0.443936 -0.895842 -0.0194064
-33.4115 78.6725 -13.3059 0.438927 -0.898306 -0.0196527
-32.5705 79.1022 -14.1499 0.424914 -0.904919 -0.0238453
-31.7865 79.4853 -14.863 0.420438 -0.907014 -0.0233908
-30.8979 79.9102 -15.4727 0.405538 -0.913611 -0.0292074
-30.0123 80.3136 -15.9742 0.398998 -0.916564 -0.0266375
-29.1596 80.6923 -16.3337 0.379654 -0.924398 -0.0367172
-28.3039 81.05 -16.7125 0.37299 -0.927505 -0.0247554
-27.2574 81.4648 -16.996 0.363624 -0.931033 -0.0308649
-26.18 81.8729 -17.2761 0.337258 -0.940936 -0.029923
-25.0329 82.2749 -17.5296 0.319447 -0.94737 -0.0208987
-23.9578 82.6314 -17.6441 0.301334 -0.953414 -0.0139625
-22.9001 82.9642 -17.689 0.298708 -0.954327 -0.00573825
-21.9338 83.2533 -17.6406 0.266239 -0.963813 -0.00544727
-20.8492 83.5377 -17.6272 0.249987 -0.968222 -0.00478687
-19.7077 83.8182 -17.4666 0.225048 -0.97432 -0.00436287
-18.7004 84.0438 -17.2447 0.202473 -0.97924 -0.00906737
-17.7202 84.227 -17.0329 0.162783 -0.986654 0.0033545
-16.7373 84.3991 -16.7727 0.165059 -0.98615 0.0162347
-15.7937 84.5514 -16.4453 0.140883 -0.989836 0.0193682
-14.8184 84.682 -16.0124 0.118049 -0.992837 0.0183958
-13.8076 84.7938 -15.6384 0.0947501 -0.995477 -0.00245304
-12.6999 84.8918 -15.2882 0.0719719 -0.99679 -0.0263602
-11.6069 84.9324 -15.1531 0.0235222 -0.999475 -0.022025
-10.6317 84.9361 -15.1016 -0.0172288 -0.999001 -0.0411984
-9.57331 84.8936 -15.2689 -0.0830073 -0.995243 -0.05062
-8.59028 84.8196 -15.6137 -0.0942042 -0.994189 -0.0521021
-7.64507 84.7147 -15.9512 -0.185342 -0.981486 -0.0483039
-6.74135 84.5662 -16.5002 -0.190927 -0.979383 -0.0659961
-5.77793 84.3921 -17.0914 -0.249686 -0.965006 -0.0801095
-5.00525 84.2134 -17.6628 -0.274564 -0.959475 -0.0634169
