8.51148 80.5464 -18.1879 -0.462802 -0.886411 0.0094535
9.45311 80.0679 -17.1469 -0.463674 -0.885923 0.0120957
10.5215 79.5239 -16.0432 -0.466312 -0.884489 0.0150391
11.3733 79.0887 -15.0646 -0.46984 -0.882617 0.0153647
11.7815 78.8769 -14.6224 -0.475497 -0.879563 0.016485
13.1596 78.1797 -11.9274 -0.480601 -0.876797 0.0157847
12.2989 78.6282 -12.8033 -0.471876 -0.881504 0.0168351
11.4488 79.0703 -13.7151 -0.471949 -0.88155 0.0115445
10.4582 79.5782 -14.8201 -0.467751 -0.883735 0.0149214
9.53425 80.0438 -15.8517 -0.463643 -0.885906 0.0142704
8.64748 80.4935 -16.7544 -0.461176 -0.887224 0.0122598
7.73624 80.9531 -17.8122 -0.459501 -0.888132 0.00879602
7.23816 81.2045 -18.384 -0.452635 -0.89164 0.00997102
5.83062 81.9118 -18.6313 -0.445474 -0.895286 0.00375003
6.75418 81.4577 -17.6367 -0.451034 -0.892465 0.00861809
7.6813 80.9969 -16.5809 -0.457615 -0.889107 0.00759175
8.52463 80.5725 -15.6415 -0.458934 -0.888399 0.011194
9.55354 80.055 -14.5681 -0.460773 -0.887417 0.0133747
10.4405 79.6072 -13.5798 -0.463505 -0.886017 0.0117258
11.2389 79.1977 -12.6589 -0.471047 -0.881976 0.01526
12.0878 78.7599 -11.7868 -0.471203 -0.88187 0.0165523
13.0453 78.2607 -10.7938 -0.479354 -0.877514 0.0137587
13.8756 77.8212 -9.84239 -0.483137 -0.875428 0.014315
14.3271 77.5799 -9.37572 -0.482946 -0.875527 0.0146681
14.8209 77.3325 -7.62711 -0.488577 -0.872437 0.0120978
13.8509 77.8557 -8.64163 -0.483585 -0.875154 0.0158547
13.0209 78.2956 -9.53658 -0.477874 -0.878309 0.0144511
12.1601 78.7459 -10.4861 -0.470465 -0.882279 0.0156568
11.2279 79.2247 -11.4547 -0.468242 -0.883462 0.015636
10.366 79.6658 -12.3651 -0.465343 -0.884962 0.0170976
9.41217 80.145 -13.4615 -0.460367 -0.887625 0.013561
8.55409 80.5749 -14.3911 -0.457618 -0.889044 0.0136794
7.69253 81.004 -15.2886 -0.452954 -0.891474 0.0101511
6.89559 81.3987 -16.2088 -0.449251 -0.893374 0.00702096
5.99118 81.8402 -17.1707 -0.438913 -0.898515 0.00485011
4.97613 82.3253 -18.2714 -0.43047 -0.902604 0.000592412
4.67809 82.467 -18.5341 -0.428661 -0.903463 -0.00163613
3.6729 82.9339 -18.2447 -0.41676 -0.909001 -0.00523889
4.57667 82.5147 -17.4231 -0.422168 -0.906513 0.00259074
5.67206 81.999 -16.2755 -0.433117 -0.901335 0.00151572
6.6726 81.5153 -15.1736 -0.438416 -0.898739 0.00772325
7.56521 81.0788 -14.1573 -0.448039 -0.893971 0.00874518
8.5417 80.5976 -13.1604 -0.454068 -0.890876 0.0122286
9.35054 80.1959 -12.2499 -0.45752 -0.88907 0.0151496
10.2369 79.7529 -11.261 -0.466183 -0.88455 0.0155209
11.1507 79.2866 -10.3095 -0.466942 -0.884143 0.0159987
12.0508 78.8255 -9.34753 -0.470721 -0.882167 0.0140862
12.938 78.3595 -8.37025 -0.477716 -0.878396 0.014416
13.788 77.909 -7.45885 -0.483861 -0.875086 0.0101461
14.6447 77.4449 -6.60285 -0.486428 -0.873656 0.0105985
15.1633 77.1627 -6.03145 -0.487971 -0.872776 0.0121179
15.2688 77.1227 -4.6061 -0.486388 -0.873675 0.01093
14.4644 77.5581 -5.52195 -0.485666 -0.87409 0.00972974
13.4814 78.0907 -6.5657 -0.482051 -0.876087 0.00935009
12.5322 78.5884 -7.57044 -0.472058 -0.881511 0.00998555
11.6093 79.0718 -8.57455 -0.467941 -0.883665 0.0129156
10.6388 79.5682 -9.61221 -0.466249 -0.884539 0.0142363
9.79706 79.9927 -10.4863 -0.459645 -0.888018 0.0122388
8.78985 80.4941 -11.6063 -0.452612 -0.891601 0.013785
7.86521 80.9467 -12.6305 -0.449346 -0.893271 0.0124549
6.94853 81.3928 -13.558 -0.446785 -0.894595 0.00893487
6.14583 81.7759 -14.4794 -0.43508 -0.900375 0.00543368
5.20584 82.2233 -15.4873 -0.431423 -0.902147 0.00186392
4.10057 82.7385 -16.6391 -0.417675 -0.908592 0.00279232
3.10072 83.1901 -17.5818 -0.40834 -0.912822 0.00060555
2.55867 83.4351 -18.0772 -0.39854 -0.917133 -0.0047349
1.73418 83.786 -17.6779 -0.386894 -0.922063 -0.0106297
2.62822 83.4017 -16.812 -0.402062 -0.915611 -0.00173575
3.5499 82.9934 -15.9502 -0.408922 -0.912567 -0.0018354
4.51943 82.5477 -14.9527 -0.418352 -0.908283 -0.00184189
5.56251 82.0614 -13.8482 -0.430018 -0.902781 0.0075338
6.41365 81.6635 -12.8751 -0.432138 -0.90177 0.00824235
7.39629 81.1909 -11.8598 -0.444293 -0.895854 0.00709348
8.34165 80.7324 -10.7892 -0.45056 -0.892665 0.0120243
9.23854 80.2917 -9.83502 -0.454961 -0.890424 0.0120344
10.2189 79.7983 -8.83145 -0.460318 -0.887726 0.0071183
11.0411 79.379 -7.94156 -0.46352 -0.886028 0.00977897
11.9196 78.9219 -6.98429 -0.468286 -0.883521 0.00978576
12.7337 78.5024 -6.08119 -0.471808 -0.881652 0.00875148
13.6673 78.0025 -5.0932 -0.481547 -0.876378 0.00855744
14.6458 77.476 -3.99566 -0.483787 -0.875104 0.0118417
15.2909 77.1303 -3.26858 -0.484717 -0.874559 0.0140127
15.3968 77.092 -1.9057 -0.484996 -0.874436 0.0118382
14.5313 77.5569 -2.83339 -0.482637 -0.875734 0.0123403
13.7348 77.9816 -3.73866 -0.479428 -0.87752 0.0103219
12.7919 78.4813 -4.79242 -0.472714 -0.88112 0.0130061
11.8492 78.9736 -5.79078 -0.466957 -0.884222 0.0101166
10.9107 79.4575 -6.85201 -0.463585 -0.88602 0.00764323
9.99649 79.9235 -7.80204 -0.459355 -0.88818 0.0111963
9.07594 80.3894 -8.78081 -0.454988 -0.890435 0.00981828
8.13257 80.8518 -9.77762 -0.450765 -0.892558 0.0122809
7.20836 81.2957 -10.7735 -0.441631 -0.897118 0.0118805
6.13921 81.8029 -11.9103 -0.434478 -0.900632 0.00879124
5.18959 82.2462 -12.9631 -0.424721 -0.905285 0.00835982
4.34628 82.6316 -13.8777 -0.413561 -0.910469 0.003522
3.36615 83.0717 -14.9345 -0.403118 -0.915112 -0.00664667
2.46417 83.4672 -15.768 -0.38823 -0.921513 -0.00949838
1.46812 83.8859 -16.6355 -0.377196 -0.926112 -0.00399105
0.726686 84.1964 -17.4884 -0.372987 -0.927757 -0.0120918
0.0901192 84.4399 -16.8781 -0.362398 -0.931875 -0.0153395
1.21084 83.9824 -15.6573 -0.369393 -0.929237 -0.00752403
2.14967 83.5909 -14.841 -0.385994 -0.922467 -0.00796037
3.20223 83.1399 -13.7998 -0.392314 -0.919829 -0.000973838
4.1439 82.7293 -12.8343 -0.408834 -0.912564 0.00893899
5.05997 82.3158 -11.8063 -0.421499 -0.9068 0.0072311
6.02674 81.8721 -10.7875 -0.426935 -0.904213 0.0106669
6.90976 81.4553 -9.83675 -0.43989 -0.897976 0.0116494
7.79621 81.0328 -8.88768 -0.447273 -0.894329 0.0109287
8.78602 80.546 -7.84966 -0.453519 -0.891211 0.00795277
9.74467 80.0644 -6.84736 -0.457688 -0.889055 0.0101466
10.6726 79.592 -5.85762 -0.464305 -0.885611 0.0106666
11.5808 79.1261 -4.84473 -0.466805 -0.884274 0.0121824
12.4066 78.7005 -3.94145 -0.472298 -0.881351 0.0124137
13.3981 78.1768 -2.81564 -0.47901 -0.877743 0.0107738
14.2147 77.744 -1.9074 -0.479378 -0.877505 0.0134668
15.0462 77.2981 -1.02945 -0.484074 -0.874949 0.0116881
15.3702 77.1233 -0.701435 -0.484443 -0.874747 0.0114704
15.4256 77.1092 0.595795 -0.482111 -0.876028 0.012002
14.3831 77.6695 -0.488122 -0.479477 -0.877497 0.0100857
13.4896 78.1456 -1.38863 -0.477563 -0.878525 0.0113068
12.6894 78.5657 -2.32773 -0.475484 -0.879687 0.0081535
11.8793 78.9912 -3.25913 -0.470641 -0.882248 0.011594
10.8832 79.501 -4.3283 -0.464456 -0.885504 0.0127728
9.85795 80.021 -5.50432 -0.459455 -0.888154 0.00908785
8.99277 80.4548 -6.40011 -0.452125 -0.891918 0.00775838
8.1006 80.8975 -7.30613 -0.449196 -0.893407 0.00599791
7.15679 81.3551 -8.3159 -0.439277 -0.898252 0.0134031
6.2662 81.7753 -9.23145 -0.431548 -0.902004 0.0122214
5.3065 82.2161 -10.2815 -0.418635 -0.908093 0.0103198
4.36919 82.6369 -11.3138 -0.414434 -0.910074 -0.00180499
3.50496 83.0131 -12.2391 -0.400141 -0.916447 0.00329017
2.58219 83.4016 -13.1496 -0.38859 -0.921403 0.000869712
1.70544 83.7707 -14.0006 -0.384138 -0.923271 -0.00275328
0.801203 84.1413 -14.8326 -0.368713 -0.929518 -0.00680841
-0.271279 84.5614 -15.9099 -0.350797 -0.936378 -0.011436
-0.823115 84.7791 -16.5782 -0.351712 -0.935982 -0.0153731
-1.54794 85.0311 -16.0662 -0.328296 -0.944388 -0.0187823
-0.739948 84.7299 -15.049 -0.342818 -0.939351 -0.00504316
0.377883 84.3056 -14.0129 -0.358494 -0.933463 -0.0033782
1.36042 83.9113 -13.1092 -0.381638 -0.924306 -0.00148062
2.30486 83.5199 -12.1839 -0.383995 -0.923334 0.00139344
3.36146 83.0813 -11.1178 -0.39685 -0.917873 0.00429218
4.35235 82.6542 -10.052 -0.410622 -0.91173 0.0116226
5.3223 82.2216 -8.96317 -0.420114 -0.907445 0.00553512
6.26147 81.7873 -8.05004 -0.425901 -0.904752 0.00522935
7.19268 81.3487 -7.0506 -0.441551 -0.897226 0.00428811
8.13298 80.8907 -6.03838 -0.448519 -0.893744 0.00719967
9.07249 80.4278 -5.05976 -0.448455 -0.893757 0.00925756
9.98932 79.9675 -4.08612 -0.459949 -0.887894 0.00959782
10.8921 79.5116 -3.09035 -0.462121 -0.886767 0.00937648
11.7621 79.064 -2.08359 -0.4675 -0.883969 0.00605262
12.615 78.6181 -1.08315 -0.470373 -0.882426 0.00859296
13.4863 78.1616 -0.185575 -0.475009 -0.879916 0.0103393
14.3602 77.6964 0.68607 -0.48061 -0.876872 0.0104979
15.2807 77.2034 1.65884 -0.481339 -0.876459 0.0114689
15.3209 77.1819 1.70273 -0.481286 -0.876492 0.0112087
15.3854 77.1646 3.01953 -0.479527 -0.877453 0.0113811
14.5414 77.6143 2.13456 -0.479249 -0.877608 0.011212
13.5444 78.1455 1.11428 -0.476159 -0.879308 0.00951302
12.6698 78.6047 0.255007 -0.467868 -0.883741 0.0100678
11.8327 79.0371 -0.690649 -0.466316 -0.884573 0.00886826
10.959 79.4885 -1.71913 -0.461929 -0.886884 0.00765233
10.1199 79.9162 -2.63179 -0.457894 -0.888954 0.00962971
9.27709 80.3374 -3.60634 -0.45037 -0.892811 0.00739041
8.30793 80.8149 -4.63344 -0.443335 -0.896335 0.00564751
7.38656 81.2632 -5.55354 -0.439682 -0.898151 0.000935922
6.50135 81.6885 -6.53446 -0.428671 -0.903453 0.00213136
5.55131 82.126 -7.49963 -0.424544 -0.905338 0.0111339
4.68407 82.5144 -8.3773 -0.40673 -0.913408 0.0154317
3.61686 82.9811 -9.58243 -0.400356 -0.916358 0.00108783
2.71909 83.3633 -10.5315 -0.385926 -0.922511 0.00395142
1.82082 83.7248 -11.4432 -0.374423 -0.927242 0.0054234
0.897249 84.0959 -12.3405 -0.367668 -0.929922 -0.00720255
-0.0731228 84.4721 -13.2426 -0.351207 -0.936264 -0.0042801
-1.03555 84.8238 -14.0643 -0.33692 -0.941532 -0.000441535
-1.99138 85.1711 -15.1863 -0.316799 -0.948369 -0.0149983
-2.28162 85.2773 -15.5667 -0.328381 -0.944463 -0.0123507
-2.91999 85.4674 -14.8972 -0.301396 -0.953131 -0.0264502
-1.98447 85.1453 -13.7724 -0.302071 -0.953249 -0.00632082
-1.01124 84.8168 -12.8302 -0.32654 -0.945175 -0.00362335
0.072333 84.4155 -11.8743 -0.349615 -0.936893 -0.000463306
1.12199 84.0093 -10.9005 -0.370318 -0.928877 0.0068562
2.0464 83.6432 -9.94723 -0.376191 -0.92652 0.00602798
2.91303 83.2832 -9.04719 -0.390234 -0.920716 0.00028836
3.73749 82.937 -8.12286 -0.400901 -0.915941 0.0178528
4.72731 82.5086 -7.10389 -0.41392 -0.910284 0.00652071
5.64389 82.093 -6.17404 -0.421389 -0.906859 0.00477782
6.50993 81.6876 -5.21585 -0.425025 -0.90518 -0.000243008
7.57251 81.1778 -4.13389 -0.437406 -0.899254 0.00415368
8.58123 80.6935 -3.11751 -0.448509 -0.893745 0.0075613
9.38293 80.2948 -2.19317 -0.451203 -0.892404 0.00557647
10.4672 79.7499 -1.00823 -0.46089 -0.887431 0.00681617
11.2857 79.3324 -0.00276288 -0.465853 -0.884809 0.00965968
12.2439 78.8388 1.09541 -0.466382 -0.884552 0.007454
13.1107 78.3873 1.92358 -0.472348 -0.881382 0.00715208
14.0248 77.9016 2.82132 -0.47651 -0.879136 0.00762075
14.9372 77.4191 3.80574 -0.476937 -0.878865 0.0112238
15.2404 77.2579 4.10778 -0.478183 -0.878179 0.0119464
15.1578 77.3154 5.23749 -0.475096 -0.879888 0.0089855
14.2391 77.802 4.3008 -0.474798 -0.880039 0.00985901
13.3883 78.2494 3.37594 -0.474029 -0.880486 0.00642608
12.5064 78.7129 2.5723 -0.466984 -0.884227 0.00832158
11.5645 79.201 1.63717 -0.464336 -0.885649 0.00411082
10.6562 79.6654 0.573829 -0.458942 -0.888423 0.00876476
9.7416 80.1267 -0.501188 -0.452087 -0.891939 0.00758688
8.91517 80.5342 -1.45455 -0.447782 -0.894132 0.00426482
7.96827 81.0012 -2.49405 -0.439378 -0.898289 0.00444976
7.10946 81.4076 -3.4092 -0.430584 -0.90247 0.0120176
6.2075 81.8313 -4.27145 -0.421706 -0.906726 0.003253
5.33302 82.2362 -5.20599 -0.416789 -0.909003 -0.000637029
4.46719 82.6268 -6.12117 -0.402101 -0.915584 -0.0011453
3.54093 83.031 -7.04077 -0.391763 -0.92006 -0.00299515
2.72993 83.369 -7.97124 -0.392143 -0.919854 0.00957632
1.75697 83.7655 -8.97696 -0.368697 -0.929502 0.00939107
0.751137 84.1553 -10.0138 -0.353138 -0.935553 0.00558417
-0.179162 84.5093 -10.8826 -0.347966 -0.937465 -0.0045283
-1.17232 84.8616 -11.741 -0.316526 -0.948528 -0.0103032
-2.07548 85.1686 -12.5955 -0.299866 -0.953949 -0.00748987
-2.94644 85.4432 -13.5118 -0.277187 -0.960475 -0.0251867
-3.79124 85.7125 -14.5612 -0.269575 -0.962452 -0.0318675
-4.5949 85.9124 -14.1069 -0.238863 -0.970486 -0.0331829
-3.71721 85.6512 -13.0309 -0.271501 -0.962353 -0.0127885
-2.82962 85.3851 -12.0532 -0.278118 -0.96047 -0.0121093
-1.90276 85.1043 -11.2127 -0.31266 -0.949834 -0.00212785
-0.956729 84.779 -10.3712 -0.324624 -0.945833 -0.00431064
-0.015217 84.4421 -9.51334 -0.347031 -0.937852 0.000586349
0.941764 84.092 -8.57293 -0.361689 -0.932261 0.00619886
1.91395 83.712 -7.57944 -0.378482 -0.925605 0.00173426
2.79693 83.3491 -6.54167 -0.395307 -0.918548 0.0014782
3.69078 82.9644 -5.62093 -0.399397 -0.916777 0.000917868
4.56961 82.5769 -4.71622 -0.404239 -0.914651 -0.00149711
5.4514 82.1844 -3.82888 -0.421392 -0.906868 0.00434442
6.38732 81.7528 -2.91586 -0.423051 -0.9061 0.0031628
7.23838 81.3577 -2.00428 -0.429292 -0.903153 0.00443421
8.12124 80.9321 -1.05759 -0.44146 -0.897271 0.00295044
8.93018 80.5384 -0.120835 -0.44651 -0.894733 0.00831462
9.83809 80.0881 0.919183 -0.447109 -0.894471 0.00381832
10.7821 79.6107 2.053 -0.457471 -0.889216 0.00375311
11.7122 79.1344 3.01157 -0.462249 -0.886705 0.00900015
12.8436 78.546 4.03179 -0.466297 -0.884611 0.00537519
13.8096 78.0399 5.0803 -0.470247 -0.882512 0.00629922
14.8089 77.5131 6.08386 -0.473956 -0.880495 0.00970066
15.1322 77.342 6.40184 -0.472919 -0.881065 0.00834929
14.823 77.516 7.31826 -0.470964 -0.882108 0.00882141
13.8547 78.0243 6.33958 -0.469444 -0.882942 0.00598253
13.0002 78.4729 5.45386 -0.467988 -0.883717 0.00554521
12.158 78.9106 4.55994 -0.465392 -0.885082 0.00628635
11.1201 79.4494 3.62844 -0.461112 -0.88728 0.00998281
10.2473 79.8891 2.76909 -0.456842 -0.889535 0.0047097
9.38144 80.322 1.74381 -0.44625 -0.894883 0.0066762
8.51666 80.7465 0.694747 -0.442555 -0.896737 0.00284298
7.66508 81.1589 -0.271202 -0.436538 -0.899669 0.00552785
6.71229 81.6098 -1.30605 -0.422174 -0.906492 0.00642645
5.86432 81.9991 -2.19348 -0.420627 -0.907226 0.00370447
4.95571 82.4158 -3.12235 -0.405467 -0.914085 0.00258968
4.03683 82.8118 -3.99297 -0.40254 -0.915386 0.00502455
3.11472 83.213 -4.9278 -0.387779 -0.921732 -0.0060349
2.22346 83.5902 -5.87757 -0.376796 -0.926278 -0.00318651
1.28187 83.9671 -6.93177 -0.371476 -0.928439 0.00269337
0.383525 84.3071 -7.91582 -0.347767 -0.93755 0.00757049
-0.568137 84.6443 -8.82929 -0.321594 -0.946868 0.00432347
-1.54532 84.9794 -9.70424 -0.320993 -0.947035 -0.00635129
-2.58434 85.3127 -10.5878 -0.295281 -0.955367 -0.00910527
-3.52076 85.5864 -11.4508 -0.263888 -0.964532 0.0037122
-4.41843 85.8267 -12.4801 -0.247439 -0.968559 -0.0247027
-5.29331 86.0643 -13.5324 -0.237914 -0.970713 -0.0333386
-5.34804 86.0801 -13.6022 -0.238353 -0.970586 -0.0339229
-6.08737 86.2294 -13.0935 -0.192812 -0.980921 -0.0225299
-5.28157 86.0284 -12.1052 -0.22555 -0.973929 -0.0242926
-4.41874 85.8194 -11.071 -0.232722 -0.972532 -0.00478102
-3.47562 85.574 -10.1991 -0.258106 -0.966036 -0.00747543
-2.46459 85.2673 -9.32066 -0.296735 -0.954943 -0.00565255
-1.47934 84.9543 -8.45057 -0.31519 -0.949011 0.00275123
-0.462238 84.609 -7.55681 -0.324331 -0.945941 -0.00173248
0.381797 84.3039 -6.58974 -0.339227 -0.940664 -0.00860799
1.23275 83.9838 -5.6567 -0.362772 -0.931873 -0.00250297
2.2116 83.5869 -4.59946 -0.378466 -0.925591 -0.00614553
3.17504 83.1812 -3.5901 -0.387348 -0.921915 0.00575375
4.16663 82.7627 -2.67012 -0.397049 -0.917787 0.00421193
5.06231 82.3725 -1.77048 -0.416398 -0.909147 0.00683901
5.93862 81.9728 -0.89303 -0.420202 -0.907402 0.00703332
6.7813 81.5879 0.014186 -0.428553 -0.903469 0.0061248
7.75406 81.124 1.15258 -0.440871 -0.897565 0.00286766
8.67823 80.6769 2.21331 -0.443049 -0.896454 0.00879351
9.58383 80.2309 3.30219 -0.448314 -0.893863 0.00491973
10.4399 79.804 4.18965 -0.454177 -0.890854 0.0101142
11.4228 79.2994 5.04969 -0.463845 -0.8859 0.00515698
12.3247 78.8327 5.98004 -0.466372 -0.884572 0.0054249
13.2606 78.3445 6.934 -0.468648 -0.883365 0.00573429
14.1737 77.8673 7.89036 -0.469691 -0.882794 0.00806689
14.7776 77.5519 8.51313 -0.470608 -0.882301 0.0085477
14.4399 77.7377 9.3589 -0.468669 -0.883348 0.00675623
13.5539 78.2015 8.48184 -0.466874 -0.884304 0.00580128
12.6497 78.6728 7.5332 -0.467328 -0.884049 0.00784533
11.698 79.165 6.58335 -0.45809 -0.888873 0.00761279
10.6941 79.6794 5.57502 -0.456136 -0.88991 0.000727899
9.78283 80.1423 4.78018 -0.448959 -0.893524 0.00713913
8.90441 80.575 3.853 -0.447972 -0.894027 0.00606124
8.09385 80.9681 2.85761 -0.437041 -0.899423 0.00574411
7.21075 81.3882 1.8221 -0.433805 -0.900991 0.00413072
6.34834 81.7942 0.810954 -0.422137 -0.906519 0.00475168
5.49137 82.1845 -0.121878 -0.414553 -0.909993 0.00750837
4.53469 82.6077 -1.06234 -0.393792 -0.919191 0.00404031
3.64522 82.9877 -1.94618 -0.390077 -0.920782 0.000660389
2.63978 83.4093 -2.87071 -0.375023 -0.927015 -6.376e-05
1.7035 83.7866 -3.81416 -0.373229 -0.927736 -0.00212103
0.819231 84.141 -4.7875 -0.355242 -0.934737 -0.00493457
-0.103324 84.4768 -5.81705 -0.334981 -0.942222 0.000216576
-1.1238 84.832 -6.93292 -0.317803 -0.948154 -0.00191923
-2.16184 85.1741 -7.84855 -0.297605 -0.954668 0.00623134
-3.21124 85.4892 -8.77613 -0.27929 -0.96016 0.00934192
-4.26239 85.7778 -9.63365 -0.241045 -0.970499 0.00526859
-5.17907 85.996 -10.6087 -0.206654 -0.978364 0.000972812
-6.01746 86.1865 -11.6021 -0.219216 -0.975557 -0.012512
-6.82115 86.3548 -12.5601 -0.182348 -0.982944 -0.0238563
-7.56092 86.4631 -12.0201 -0.145703 -0.988904 -0.028813
-6.60418 86.2815 -10.912 -0.164386 -0.986356 -0.00880807
-5.64477 86.0967 -9.79892 -0.194537 -0.980889 0.0021575
-4.68533 85.8823 -8.78595 -0.23234 -0.972621 0.00165096
-3.68574 85.6296 -8.00522 -0.260314 -0.965523 0.00133619
-2.49426 85.2792 -6.96772 -0.293565 -0.955937 -0.00108179
-1.56927 84.9783 -6.11305 -0.315224 -0.949009 -0.0038375
-0.587017 84.6476 -5.01318 -0.322809 -0.946446 0.0032038
0.297344 84.3301 -4.04396 -0.343568 -0.939125 -0.0014619
1.16862 83.9993 -3.08868 -0.359249 -0.933167 -0.00473892
2.09127 83.632 -2.17979 -0.373524 -0.927614 0.0035478
3.23051 83.1616 -1.11464 -0.38274 -0.923856 -0.000759622
4.23148 82.7434 -0.124532 -0.393941 -0.919111 0.00671172
5.19917 82.3227 0.859053 -0.404464 -0.914531 0.00574773
6.18484 81.8762 1.95716 -0.417784 -0.908531 0.0052614
7.09861 81.4504 2.98678 -0.428229 -0.903664 0.0029662
8.12668 80.9608 4.26647 -0.433598 -0.901104 0.00198193
9.20283 80.4341 5.43683 -0.444286 -0.895885 0.000200192
10.1046 79.9813 6.22656 -0.45471 -0.890639 -0.000380325
11.0547 79.4995 7.13741 -0.456021 -0.889954 0.0051991
12.0255 79.0037 8.11571 -0.461399 -0.887188 0.00291524
12.9057 78.5468 9.03768 -0.466521 -0.884496 0.00493019
13.9692 77.9923 10.0715 -0.468352 -0.883524 0.00571857
14.0882 77.9301 10.1988 -0.468301 -0.883552 0.00539477
14.0884 77.9346 11.476 -0.464909 -0.885358 0.000183513
13.2053 78.3964 10.5425 -0.463762 -0.885954 0.00319731
12.1643 78.9332 9.47024 -0.457285 -0.889316 0.00289018
11.1919 79.4345 8.50479 -0.454763 -0.890611 0.000880569
10.2325 79.9193 7.54523 -0.450132 -0.89296 0.00184475
9.12882 80.4697 6.5419 -0.445235 -0.895411 -0.00195562
8.14264 80.9557 5.65967 -0.435344 -0.900261 0.00108464
7.37812 81.3217 4.69947 -0.430357 -0.902657 0.00118225
6.54666 81.7133 3.66404 -0.424472 -0.905427 0.00495253
5.67388 82.1158 2.71045 -0.418101 -0.908386 0.00509572
4.80166 82.5049 1.71206 -0.401192 -0.915971 0.00646668
3.836 82.9176 0.726281 -0.390427 -0.920577 0.00743746
2.9389 83.2879 -0.172248 -0.385153 -0.922839 0.00503966
1.86448 83.7268 -1.15537 -0.376954 -0.9262 0.00168191
0.767805 84.1524 -2.22907 -0.359497 -0.933146 -0.000778349
-0.255603 84.5323 -3.32322 -0.349321 -0.936992 2.84494e-05
-1.18738 84.8548 -4.36149 -0.324529 -0.945875 0.000756749
-2.09043 85.1486 -5.35541 -0.293397 -0.95595 0.000323126
-2.99006 85.4279 -6.21954 -0.293062 -0.956063 -0.00742008
-4.03871 85.7306 -7.11566 -0.264248 -0.964439 0.00436657
-5.13256 85.9899 -7.99828 -0.222461 -0.974941 -0.000864727
-6.16473 86.1989 -9.00454 -0.192917 -0.981214 -0.000990012
-7.0571 86.3538 -10.0524 -0.168267 -0.985738 -0.00167148
-8.00848 86.5088 -11.1749 -0.149033 -0.988717 -0.0142315
-8.40647 86.5781 -11.6387 -0.134971 -0.990525 -0.0229986
-9.44071 86.7007 -11.434 -0.103597 -0.994427 -0.0164921
-8.54895 86.582 -10.4661 -0.134878 -0.990822 -0.0088635
-7.59698 86.438 -9.30282 -0.146966 -0.989031 -0.0116093
-6.75214 86.2981 -8.27046 -0.154223 -0.988034 -0.00133735
-5.55896 86.0746 -7.17402 -0.193286 -0.981091 -0.00978647
-4.46218 85.8202 -6.296 -0.232856 -0.972352 -0.0168189
-3.40862 85.5427 -5.39527 -0.270738 -0.962475 -0.00701414
-2.48001 85.268 -4.46507 -0.289292 -0.957226 0.00512134
-1.53409 84.9716 -3.42448 -0.320648 -0.947194 -0.00143612
-0.575064 84.6473 -2.35741 -0.336514 -0.941678 -0.000725356
0.42917 84.2827 -1.31337 -0.359273 -0.933231 0.00151863
1.32607 83.9381 -0.42864 -0.360603 -0.932718 0.00142367
2.39709 83.513 0.542145 -0.370561 -0.9288 0.00393439
3.32759 83.1339 1.46285 -0.383128 -0.923668 0.0070976
4.1865 82.7756 2.34561 -0.39838 -0.91721 0.00424477
5.0666 82.3891 3.336 -0.410054 -0.912058 -0.00251366
5.93855 81.9947 4.29319 -0.40928 -0.912408 -0.000509664
6.75492 81.6164 5.27375 -0.42564 -0.904891 0.00138648
7.51063 81.2587 6.26638 -0.430834 -0.902431 0.000972866
8.39686 80.8295 7.09374 -0.440881 -0.897565 -0.00087856
9.5187 80.2786 8.06198 -0.443353 -0.896338 0.00390322
10.4378 79.8198 8.96106 -0.451474 -0.892281 0.00159668
11.4002 79.3269 9.89033 -0.456195 -0.889879 0.000177757
12.2925 78.87 10.8256 -0.456862 -0.889537 0.000194437
13.1386 78.4328 11.6945 -0.46318 -0.886264 0.00061208
13.6819 78.149 12.3225 -0.464659 -0.885486 0.00260168
13.2377 78.3816 13.1033 -0.461 -0.887397 -0.00230864
12.2498 78.8918 12.0103 -0.457255 -0.889336 7.77236e-05
11.2735 79.3932 11.0023 -0.452822 -0.891593 -0.000118187
10.2382 79.9204 9.97059 -0.449664 -0.893185 -0.00465484
9.07478 80.5015 8.84515 -0.436553 -0.899675 -0.00275934
8.03689 81.0066 7.95872 -0.436194 -0.899852 -0.000939058
7.13395 81.4374 7.14853 -0.4256 -0.904901 -0.00443907
6.23737 81.8594 6.02498 -0.420472 -0.907301 -0.00279827
5.40754 82.2341 5.02595 -0.40907 -0.9125 0.00224288
4.53364 82.6216 4.05931 -0.404151 -0.91469 -0.00178258
3.55222 83.0485 2.94381 -0.384667 -0.923055 0.00112083
2.53354 83.4661 1.91943 -0.381955 -0.92416 0.0061795
1.64099 83.8204 1.06658 -0.376423 -0.926351 0.0133576
0.579283 84.2246 0.0964544 -0.355107 -0.934818 -0.0037073
-0.335434 84.5643 -0.821467 -0.34344 -0.939173 -0.00144555
-1.25838 84.8886 -1.78969 -0.326253 -0.945274 0.00349357
-2.25751 85.2147 -2.89927 -0.311338 -0.950273 0.00697568
-3.29856 85.5071 -4.04094 -0.268178 -0.963275 0.0133001
-4.22217 85.7583 -4.91612 -0.254727 -0.966992 0.00366935
-5.1833 85.9773 -5.7552 -0.206222 -0.978414 0.0132049
-6.29582 86.21 -6.61194 -0.1839 -0.982877 -0.0105779
-7.42303 86.4118 -7.65194 -0.15878 -0.987164 0.0166989
-8.23796 86.5208 -8.64023 -0.138248 -0.990357 -0.00893691
-9.08026 86.6358 -9.73419 -0.0986601 -0.995068 -0.00966521
-10.1011 86.7495 -10.8134 -0.0949847 -0.995299 -0.0187027
-10.3618 86.773 -11.0875 -0.0622144 -0.997952 -0.0102657
-11.9939 86.8146 -11.2786 -0.00729782 -0.999912 -0.00842339
-10.8116 86.7815 -10.2604 -0.0273913 -0.999608 -0.00584198
-9.90061 86.7107 -9.32141 -0.076897 -0.996894 0.000256986
-8.98012 86.6142 -8.13516 -0.109072 -0.99387 -0.0126903
-8.1202 86.518 -7.10012 -0.128995 -0.991558 0.0121128
-7.16945 86.3664 -6.18104 -0.180094 -0.983642 -0.00370769
-6.08607 86.1659 -5.32771 -0.177458 -0.984124 0.00250343
-5.02839 85.9537 -4.45336 -0.221531 -0.975128 0.00409344
-3.95009 85.6834 -3.43426 -0.25003 -0.968235 -0.00187572
-3.08323 85.4685 -2.49944 -0.26473 -0.964287 -0.000407412
-2.18832 85.1978 -1.50511 -0.31309 -0.94972 0.00250357
-1.19797 84.8653 -0.418846 -0.320804 -0.947143 -0.00224432
-0.27038 84.5399 0.502461 -0.331431 -0.94345 0.00176779
1.01073 84.0733 1.70508 -0.353917 -0.935214 0.0108181
2.06465 83.6631 2.70612 -0.376824 -0.926281 0.00116871
3.01722 83.2742 3.69714 -0.386333 -0.922344 0.00541418
3.88634 82.9068 4.67177 -0.398894 -0.916977 -0.00194082
4.75327 82.5264 5.61681 -0.402889 -0.915246 0.00248743
5.71271 82.0932 6.79703 -0.408634 -0.912674 -0.00661285
6.62701 81.6715 7.87145 -0.419351 -0.907808 -0.00296252
7.67384 81.1806 8.77356 -0.430542 -0.902552 -0.00199858
8.85384 80.6066 9.83162 -0.435827 -0.90003 -0.000903052
9.89624 80.0873 10.8656 -0.444712 -0.895647 -0.00557231
10.8068 79.627 11.7607 -0.449847 -0.893104 -0.00156733
11.7289 79.1584 12.7032 -0.452937 -0.891537 -0.00262451
12.5439 78.7383 13.6179 -0.456662 -0.889633 -0.00350006
12.7936 78.609 13.9015 -0.45699 -0.889464 -0.00367372
12.2156 78.9036 14.5227 -0.457415 -0.88925 -0.00223648
11.3422 79.3523 13.547 -0.452658 -0.891676 -0.00374282
10.2823 79.8898 12.4666 -0.44782 -0.894119 -0.00294003
9.40108 80.3322 11.6218 -0.444526 -0.895762 -0.00067507
8.51479 80.7681 10.7515 -0.432347 -0.901701 -0.00295645
7.51654 81.2504 9.82666 -0.425847 -0.904765 -0.0068491
6.46071 81.7484 8.91948 -0.41578 -0.909452 -0.00441049
5.51109 82.1801 7.91583 -0.408767 -0.912637 -0.000226645
4.72058 82.5376 6.94212 -0.407287 -0.913283 -0.00540024
3.81157 82.9422 5.84917 -0.398663 -0.917089 0.0033288
2.94635 83.3093 4.94489 -0.391798 -0.920031 0.00571187
2.07076 83.6673 3.99947 -0.379636 -0.925128 0.00392484
0.930264 84.1089 2.84774 -0.349975 -0.936722 0.00771995
-0.222696 84.5266 1.80204 -0.341617 -0.939839 0.000957102
-1.11846 84.8345 0.89656 -0.320698 -0.94718 -0.000388963
-2.04437 85.1384 -0.0171081 -0.289739 -0.957003 -0.0129812
-2.90301 85.4012 -0.948051 -0.26613 -0.963794 -0.0120652
-3.7572 85.6392 -1.87954 -0.252412 -0.96749 -0.013637
-4.65949 85.8582 -2.86509 -0.236938 -0.9715 -0.00616837
-5.66713 86.0869 -3.83597 -0.197778 -0.98024 -0.00300294
-6.95414 86.3188 -4.84783 -0.167725 -0.98583 0.00178123
-8.01991 86.5144 -5.74 -0.131475 -0.991269 -0.00584363
-8.97007 86.6285 -6.68211 -0.120221 -0.992682 0.0113661
-9.8252 86.6968 -7.78797 -0.0954088 -0.995431 -0.00225538
-10.7193 86.7547 -8.91212 -0.0484439 -0.998743 -0.0128169
-11.7738 86.7977 -9.93556 -0.00883772 -0.999868 -0.0136365
-12.7979 86.807 -10.7655 0.0144186 -0.99983 -0.00648014
-13.561 86.7774 -11.4468 0.0628844 -0.997996 0.0040623
-15.2172 86.6081 -11.8482 0.137704 -0.990417 0.00671063
-14.3071 86.7201 -10.8919 0.110837 -0.993776 -0.00592344
-13.3064 86.7914 -9.99557 0.0345358 -0.999223 -0.00269141
-12.0911 86.7993 -9.03633 -0.00282174 -0.999968 0.00246871
-11.0429 86.757 -7.92611 -0.028434 -0.999491 -0.00228087
-10.1615 86.7248 -6.70925 -0.0516596 -0.998656 -0.0019012
-9.14297 86.6449 -5.59443 -0.0832332 -0.996495 -0.00708599
-8.19233 86.5226 -4.6735 -0.153489 -0.98814 -0.0030851
-7.13174 86.3474 -3.86579 -0.157444 -0.987526 -0.00181542
-6.136 86.1748 -3.05799 -0.188505 -0.982015 -0.00998835
-5.12177 85.9662 -2.06445 -0.220827 -0.975244 -0.00595997
-4.14312 85.7205 -0.952133 -0.23966 -0.970782 -0.0112159
-3.24437 85.4789 0.0365884 -0.256694 -0.966479 -0.00260386
-2.35119 85.2276 0.956015 -0.291171 -0.956668 0.00133215
-1.31727 84.8986 1.96715 -0.315502 -0.94892 -0.0015589
-0.406413 84.5945 2.90662 -0.332001 -0.943224 0.001923
0.722858 84.1929 3.877 -0.353181 -0.935524 0.00765793
1.69775 83.8237 4.90239 -0.361168 -0.932498 -0.00246948
2.57218 83.469 5.82681 -0.384382 -0.92317 -0.00267002
3.51069 83.0699 6.81073 -0.390538 -0.920565 -0.00637685
4.32534 82.7044 7.85518 -0.398645 -0.917067 -0.00828373
5.2519 82.294 8.98382 -0.408565 -0.912723 -0.00284582
6.21271 81.8552 9.8712 -0.413354 -0.910554 -0.00523573
7.41559 81.2897 10.9403 -0.426578 -0.904429 -0.00564484
8.46938 80.7854 11.9173 -0.431539 -0.902083 -0.00460306
9.52635 80.2659 12.9469 -0.446423 -0.894818 -0.00254329
10.4604 79.7965 13.8766 -0.447184 -0.894439 -0.00221033
11.3309 79.3564 14.7923 -0.453382 -0.891313 -0.00189899
11.6899 79.172 15.2141 -0.455487 -0.89024 -0.00211306
11.0024 79.52 15.6957 -0.452714 -0.891655 -0.00102841
10.1537 79.9478 14.8044 -0.446942 -0.894562 -0.00164969
9.14329 80.4517 13.7936 -0.437485 -0.899215 -0.00430914
8.23941 80.891 12.8982 -0.432792 -0.901484 -0.00383213
7.20264 81.387 11.9723 -0.42555 -0.904935 -0.000863462
6.23751 81.8394 11.0112 -0.418147 -0.90837 -0.00393068
5.18809 82.32 10.195 -0.405976 -0.913882 -0.00202904
4.238 82.7357 9.09497 -0.399607 -0.916674 0.00481839
3.45109 83.0835 8.11677 -0.396688 -0.917921 -0.00639967
2.5347 83.4795 7.06033 -0.380921 -0.924555 -0.00820335
1.5694 83.8725 6.13007 -0.363925 -0.931428 9.73622e-05
0.75565 84.1847 5.18202 -0.353729 -0.935347 -0.00145436
-0.298446 84.5653 4.14861 -0.336259 -0.941748 0.00642797
-1.39082 84.9224 3.23975 -0.312178 -0.950023 -0.000514794
-2.43413 85.2553 2.10715 -0.299947 -0.953918 0.00772981
-3.55654 85.5654 1.05296 -0.26025 -0.965472 0.0115315
-4.48842 85.8004 0.0220001 -0.231697 -0.972756 -0.00734162
-5.36252 86.0029 -0.961953 -0.200746 -0.979606 0.000649868
-6.43478 86.2208 -2.12109 -0.180357 -0.983601 -0.000575292
-7.56936 86.4116 -3.06086 -0.137203 -0.990418 -0.0157084
-8.81261 86.5974 -4.03393 -0.124819 -0.992021 -0.0122885
-9.93097 86.7012 -5.10486 -0.0629388 -0.997874 -0.0162991
-10.8343 86.7559 -6.04961 -0.0388136 -0.99924 -0.00352947
-11.6278 86.7744 -7.25812 -0.00449521 -0.999941 0.00987341
-12.5493 86.7856 -8.25031 0.0245592 -0.999582 -0.015167
-13.597 86.7632 -9.09612 0.0538049 -0.998384 -0.0166424
-14.6988 86.6705 -10.008 0.116603 -0.993155 -0.00292374
-15.6302 86.5534 -11.0188 0.143088 -0.989671 0.00858346
-16.7333 86.3793 -12.1836 0.163177 -0.986459 0.010178
-16.7813 86.3703 -12.2363 0.177985 -0.984005 0.00710873
-18.5394 86.0353 -12.789 0.205996 -0.97851 0.00921209
-17.6855 86.211 -11.8401 0.178596 -0.983854 0.0114555
-16.7439 86.3886 -10.86 0.161263 -0.986871 0.0087096
-15.8265 86.5315 -9.97559 0.137613 -0.990471 0.00109506
-14.8133 86.6576 -8.82395 0.0962414 -0.995252 -0.00622573
-13.5867 86.7482 -8.00286 0.0570379 -0.998264 -0.0100433
-12.521 86.7731 -6.95534 0.0203633 -0.999731 -0.00195114
-11.719 86.7821 -5.79791 -0.0171084 -0.999814 0.00201794
-10.8092 86.7473 -4.66297 -0.0579877 -0.998296 -0.000863046
-9.67128 86.6731 -3.64513 -0.0849536 -0.996361 -0.00554741
-8.47118 86.5278 -2.57989 -0.116079 -0.993172 -0.0050755
-7.28928 86.3641 -1.66847 -0.151442 -0.988454 -0.00375766
-6.40501 86.2143 -0.75201 -0.184374 -0.982853 -0.000826022
-5.53007 86.0417 0.25688 -0.215424 -0.9765 0.00625676
-4.64247 85.8422 1.23519 -0.225246 -0.974243 0.0106939
-3.6566 85.6069 2.21325 -0.259115 -0.965786 0.0103148
-2.72256 85.3453 3.12238 -0.283825 -0.958785 -0.00943465
-1.77651 85.0482 4.1719 -0.303896 -0.95268 0.0044846
-0.681157 84.6933 5.04155 -0.311454 -0.95026 -0.00157083
0.272576 84.3646 5.96989 -0.33714 -0.941391 -0.0109268
1.16458 84.0252 7.01857 -0.352804 -0.935667 -0.00603329
2.25497 83.5829 8.08833 -0.37295 -0.92779 -0.0104267
3.21212 83.1776 9.16596 -0.380874 -0.924622 0.00261186
4.04745 82.8237 10.2487 -0.397099 -0.917775 -0.00114937
4.96917 82.417 11.1319 -0.409331 -0.912385 0.00107774
5.91283 81.9854 11.8774 -0.417477 -0.908683 -0.00290781
6.74824 81.5987 12.7825 -0.420202 -0.907425 -0.00108667
7.86689 81.0675 13.7347 -0.429599 -0.903019 -0.00107754
8.76582 80.6316 14.6763 -0.436824 -0.899545 -0.00208053
9.64002 80.2023 15.5253 -0.441994 -0.897004 -0.00388709
10.0925 79.976 15.9746 -0.447121 -0.89447 -0.00227175
9.25094 80.3907 16.3739 -0.439858 -0.898067 -0.000170397
8.30005 80.8563 15.5051 -0.433431 -0.901176 -0.00215684
7.30692 81.3313 14.3949 -0.427192 -0.904161 -0.000260595
6.2386 81.8314 13.544 -0.417824 -0.908526 -0.00179984
5.41209 82.2118 12.6046 -0.407527 -0.913189 -0.00273443
4.28585 82.7222 11.7131 -0.405105 -0.914254 -0.00483043
3.37128 83.1154 10.7615 -0.388271 -0.921476 0.0113006
2.39254 83.5173 9.55558 -0.380838 -0.924632 0.00424676
1.40536 83.9159 8.48204 -0.361663 -0.932194 -0.0145934
0.378688 84.3088 7.58068 -0.341203 -0.939964 -0.00595582
-0.552053 84.6536 6.38736 -0.320928 -0.947007 -0.00886755
-1.54256 84.9759 5.53647 -0.308423 -0.951237 0.00478568
-2.62731 85.311 4.62071 -0.278174 -0.960481 -0.00507755
-3.56308 85.573 3.56998 -0.254447 -0.966901 -0.0189458
-4.59114 85.8476 2.60763 -0.239209 -0.97084 0.00611842
-5.54462 86.046 1.55904 -0.20083 -0.979621 0.00271878
-6.5644 86.2467 0.491606 -0.178941 -0.983804 0.00917396
-7.58144 86.4109 -0.638932 -0.141917 -0.989878 -0.00112578
-8.63015 86.5549 -1.55785 -0.130997 -0.991324 0.0090965
-9.79345 86.6696 -2.53958 -0.0816887 -0.996565 -0.000454486
-10.7689 86.7478 -3.51857 -0.0551019 -0.998309 -0.0171642
-11.8995 86.7912 -4.39674 -0.0326763 -0.999454 0.000721211
-12.5566 86.7844 -5.49223 0.016239 -0.999731 0.016572
-13.4274 86.7401 -6.63839 0.0403897 -0.999133 0.00697272
-14.6233 86.6661 -7.66272 0.091653 -0.995719 -0.00848676
-15.7597 86.5439 -8.47805 0.130402 -0.991461 -0.000535922
-16.6105 86.4186 -9.5363 0.146993 -0.98909 0.00964704
-17.5565 86.2568 -10.3914 0.175477 -0.984383 0.0140556
-18.572 86.0486 -11.4209 0.187904 -0.982076 0.014021
-19.7439 85.7695 -12.6796 0.232884 -0.97246 0.0093147
-20.3952 85.6066 -13.269 0.260087 -0.965548 0.00197356
-21.8191 85.2071 -13.447 0.292599 -0.956235 -0.000745198
-20.9653 85.4531 -12.4893 0.26783 -0.963461 0.00325055
-19.8005 85.7678 -11.4532 0.236273 -0.971663 0.0067091
-18.8815 85.9912 -10.4551 0.211374 -0.977344 0.008925
-17.9484 86.1915 -9.46218 0.184936 -0.982677 0.0119975
-16.9671 86.3672 -8.67468 0.161248 -0.986896 0.00583158
-16.1576 86.4898 -7.5918 0.135248 -0.990806 -0.00322977
-15.1008 86.61 -6.9208 0.102984 -0.994676 -0.00302053
-14.1682 86.7153 -6.05812 0.0741325 -0.997108 0.00101429
-13.3579 86.7682 -5.01692 0.0705584 -0.997463 -0.000928126
-12.6608 86.7911 -3.80374 0.0188944 -0.999802 -0.00629711
-11.375 86.7658 -2.97695 -0.025554 -0.999552 -0.0150815
-10.4296 86.7083 -1.95202 -0.0537948 -0.998537 -0.00317615
-9.44367 86.6384 -0.932224 -0.0679818 -0.997681 -0.00324465
-8.24733 86.5074 -0.00887961 -0.128388 -0.991611 0.00316465
-7.24246 86.362 1.1551 -0.161174 -0.986925 0.00168156
-6.28129 86.1956 2.10514 -0.185888 -0.982539 0.00267226
-5.33554 86.0053 3.18833 -0.201442 -0.97948 -0.00627339
-4.32065 85.7602 4.06174 -0.240559 -0.970624 -0.00025272
-3.36323 85.514 5.13511 -0.257159 -0.966348 -0.00159
-2.44972 85.2564 6.00507 -0.286618 -0.958029 -0.00552914
-1.49026 84.9585 6.83833 -0.296233 -0.95505 -0.0112255
-0.549784 84.6322 7.99604 -0.327612 -0.944759 -0.0100672
0.510059 84.2553 8.92012 -0.345417 -0.938307 -0.0108429
1.36828 83.9212 9.8151 -0.363814 -0.931461 -0.00422207
2.2815 83.5617 10.6881 -0.368361 -0.929681 -0.000664146
3.02607 83.2578 11.7471 -0.375036 -0.926981 -0.00742852
3.95249 82.8598 12.5382 -0.398206 -0.917252 -0.0089856
4.89623 82.4396 13.3604 -0.40627 -0.913746 -0.00356992
5.73461 82.0605 14.3356 -0.414895 -0.909855 -0.0046428
6.77241 81.583 15.1224 -0.421215 -0.906948 -0.00078982
7.6061 81.1869 16.1999 -0.430029 -0.902813 0.0020039
8.08035 80.9619 16.4695 -0.433668 -0.901059 0.000535956
6.60888 81.6601 16.3574 -0.422082 -0.906534 0.00278721
5.73188 82.0592 15.5093 -0.415937 -0.909391 0.00228533
4.79155 82.4822 14.5781 -0.406901 -0.913471 0.00121774
3.89451 82.8802 13.6607 -0.396627 -0.917954 -0.00501346
2.88716 83.3097 12.647 -0.378296 -0.925676 -0.00404503
2.13824 83.6151 11.7167 -0.370267 -0.928909 -0.00538216
1.14075 84.0094 10.9255 -0.359521 -0.933135 -0.00158431
0.100116 84.3937 9.86478 -0.341769 -0.939752 -0.00725405
-0.829169 84.7178 8.9959 -0.311861 -0.95009 -0.00773542
-1.71045 85.0168 8.07735 -0.292674 -0.95613 -0.0113573
-2.67582 85.3112 7.09669 -0.272286 -0.962084 -0.0158827
-3.69251 85.5992 6.12045 -0.250297 -0.968165 -0.00256051
-4.65586 85.8412 5.1893 -0.233816 -0.972265 -0.00556369
-5.66427 86.0619 4.16919 -0.188062 -0.982155 -0.00225635
-6.55528 86.2339 3.2625 -0.1624 -0.986643 -0.0127067
-7.54369 86.4055 2.23046 -0.14431 -0.989429 -0.0131326
-8.55296 86.5478 1.23268 -0.11972 -0.992807 0.000784214
-9.49213 86.642 0.182012 -0.0789286 -0.996879 0.000890601
-10.4758 86.7073 -0.710808 -0.061228 -0.998116 0.00110259
-11.4603 86.7434 -1.66287 -0.0142701 -0.999538 -0.0268516
-12.4856 86.7839 -2.80941 -0.00274962 -0.999699 -0.0226342
-13.504 86.7645 -3.6406 0.0811539 -0.996697 0.00122092
-14.4846 86.684 -4.80681 0.109481 -0.993769 -0.0208841
-15.5076 86.5692 -5.71977 0.122335 -0.99248 -0.00332504
-16.51 86.4448 -6.76214 0.134376 -0.990911 0.00480005
-17.4818 86.2921 -7.82913 0.179658 -0.983542 0.00870076
-18.5454 86.073 -8.68446 0.215049 -0.976599 0.000692413
-19.5199 85.8571 -9.76726 0.22275 -0.974749 0.0135597
-20.4182 85.6205 -10.6371 0.244156 -0.969611 0.0137546
-21.4134 85.3434 -11.5203 0.279257 -0.960053 0.0175915
-22.3542 85.0423 -12.5619 0.294138 -0.955762 0.00139802
-23.405 84.7065 -13.6762 0.315742 -0.948843 -0.00166153
-24.6034 84.296 -13.5343 0.331148 -0.943578 0.00125197
-23.6349 84.6317 -12.5671 0.312132 -0.950027 0.00463302
-22.5968 84.9788 -11.5509 0.300757 -0.953604 0.0135197
-21.5701 85.3088 -10.4525 0.284453 -0.958563 0.0151996
-20.6696 85.5758 -9.56915 0.246081 -0.969232 0.00565238
-19.6407 85.826 -8.57003 0.229492 -0.973299 -0.00464798
-18.6049 86.0657 -7.58698 0.20952 -0.977765 0.00735796
-17.536 86.279 -6.48185 0.184015 -0.982868 -0.0067885
-16.548 86.4366 -5.46553 0.145826 -0.989259 -0.00904625
-15.5378 86.5633 -4.4718 0.117393 -0.993084 0.0014546
-14.59 86.6702 -3.54534 0.097301 -0.995215 -0.00110885
-13.6314 86.745 -2.54918 0.0710638 -0.996775 -0.0300968
-12.5054 86.7482 -1.45893 0.00841317 -0.9993 -0.0361433
-11.4787 86.7288 -0.403711 -0.0163054 -0.999858 0.00429625
-10.4143 86.7046 0.638678 -0.0347876 -0.999347 0.00168919
-9.58699 86.6498 1.42288 -0.0811502 -0.996682 -0.000106873
-8.72223 86.558 2.4798 -0.108719 -0.993851 -0.0152747
-7.77036 86.4235 3.35502 -0.128435 -0.991557 0.00670534
-6.73962 86.2532 4.34515 -0.164755 -0.986319 -0.00513957
-5.73232 86.0741 5.43014 -0.193404 -0.981105 -0.00532019
-4.57245 85.8168 6.45709 -0.232342 -0.972631 0.00221314
-3.69075 85.584 7.40109 -0.25751 -0.966134 -0.0162138
-2.67453 85.2974 8.37843 -0.267761 -0.963466 -0.0059953
-1.83703 85.0391 9.30854 -0.290123 -0.956959 -0.00760361
-1.0022 84.7664 10.4605 -0.309483 -0.950878 -0.00640325
0.0827989 84.3951 11.2004 -0.330132 -0.943897 -0.00379492
0.905187 84.0858 12.4299 -0.34104 -0.939989 -0.0104356
1.84123 83.7251 12.927 -0.361752 -0.932218 -0.0102507
2.83296 83.3252 13.9523 -0.381436 -0.924354 -0.00772779
3.77173 82.9283 14.8661 -0.387039 -0.922051 0.00473982
4.66693 82.5438 15.7397 -0.41074 -0.911745 0.00377707
5.19274 82.3077 16.3499 -0.413464 -0.910517 0.00259792
3.89845 82.8802 16.2211 -0.395792 -0.918336 0.00249299
2.9568 83.2717 15.4574 -0.385204 -0.922824 0.00330187
1.90262 83.6897 14.5413 -0.364306 -0.931278 0.00173118
0.895625 84.0731 13.7391 -0.342887 -0.939373 -0.0026763
-0.0538223 84.4264 12.6492 -0.327976 -0.944642 -0.00872866
-1.12751 84.7952 11.7081 -0.307834 -0.951367 -0.0114547
-1.89097 85.0515 10.6746 -0.293113 -0.955794 -0.0233088
-2.95812 85.3771 9.69031 -0.266856 -0.963706 -0.0019317
-3.9542 85.6458 8.47792 -0.244319 -0.96965 0.0019363
-4.98506 85.9042 7.46137 -0.208441 -0.977929 -0.014295
-5.92984 86.0962 6.63577 -0.180498 -0.983551 -0.00665808
-6.85023 86.2659 5.75956 -0.157814 -0.987455 -0.00506876
-7.90281 86.4443 4.55965 -0.158243 -0.987235 -0.0178095
-9.08108 86.5851 3.71398 -0.0836443 -0.996212 -0.00541149
-9.78283 86.653 2.38878 -0.0663558 -0.997584 -0.0205709
-11.0517 86.7161 1.76988 -0.0215547 -0.999666 -0.00868773
-11.9149 86.7346 0.767132 -0.000949676 -0.999932 0.00555367
-12.7489 86.7229 -0.256155 0.00946114 -0.999924 -0.00761803
-13.6393 86.724 -1.2897 0.0405612 -0.998645 -0.0273198
-14.69 86.6602 -2.26464 0.0905856 -0.995653 0.00908363
-15.8567 86.5278 -3.30459 0.113174 -0.993571 0.00267428
-16.7712 86.4094 -4.46539 0.142931 -0.98971 -0.000711477
-17.7673 86.229 -5.32611 0.189923 -0.981781 -0.00094874
-18.8593 86.0111 -6.25214 0.215433 -0.976453 -0.00154964
-19.6668 85.8188 -7.36129 0.233144 -0.972439 0.00246466
-20.6769 85.5721 -8.14869 0.259703 -0.965617 -0.0116123
-21.6559 85.2896 -9.26375 0.300418 -0.9538 -0.00129365
-22.6235 84.9851 -10.0771 0.302408 -0.953179 0.000266203
-23.5846 84.6604 -11.1815 0.315286 -0.948948 0.0091766
-24.6256 84.2972 -12.2213 0.33648 -0.941642 0.00952645
-25.6719 83.9092 -13.1928 0.351313 -0.936232 0.00702976
-26.0126 83.7794 -13.6798 0.352637 -0.935754 0.00253063
-26.9666 83.4064 -13.319 0.366613 -0.930341 -0.000395576
-25.9629 83.8026 -12.2105 0.356173 -0.934407 0.0045327
-25.0407 84.1524 -11.3727 0.340108 -0.940364 0.00619099
-24.1501 84.4755 -10.4873 0.321924 -0.946722 0.00899819
-23.3197 84.761 -9.52755 0.311228 -0.950325 -0.00316124
-22.2837 85.0919 -8.54156 0.30959 -0.950858 0.00296282
-21.256 85.4107 -7.42565 0.28956 -0.957135 -0.00695187
-20.1842 85.6937 -6.63964 0.246948 -0.969028 0.00102964
-19.2614 85.9116 -5.36965 0.231753 -0.972721 -0.0100438
-18.1073 86.1574 -4.42006 0.211005 -0.977457 0.00743169
-17.0151 86.3686 -3.3009 0.156864 -0.987559 0.0109465
-15.9153 86.5252 -2.08651 0.113476 -0.993513 0.00709208
-14.9474 86.6323 -1.16942 0.0951151 -0.995166 -0.0157518
-14.0045 86.675 -0.22578 0.0519204 -0.998281 -0.0265836
-13.0982 86.7135 0.809138 0.0364062 -0.999243 0.0072503
-12.245 86.7154 1.82994 0.00780149 -0.999663 -0.0246437
-11.1115 86.7033 2.72196 -0.00311144 -0.999961 -0.00621279
-10.1205 86.6521 3.60635 -0.0662912 -0.997674 -0.0157121
-9.19414 86.5896 4.81118 -0.0790715 -0.996634 -0.00382634
-8.17325 86.4637 5.882 -0.130725 -0.991213 -0.020177
-7.09104 86.2909 6.80225 -0.141674 -0.989838 -0.0118777
-6.06445 86.1101 7.70564 -0.170333 -0.985283 -0.0142162
-5.11431 85.9076 8.73203 -0.201556 -0.979329 -0.0169468
-4.21387 85.6988 9.72588 -0.220314 -0.975416 -0.00487285
-3.02684 85.3849 10.8908 -0.276081 -0.961007 -0.0155374
-2.05059 85.0853 11.8744 -0.291805 -0.956452 -0.00536302
-0.87805 84.7023 12.762 -0.311827 -0.950052 -0.0128296
-0.136016 84.4468 13.9592 -0.330339 -0.943839 -0.00148352
0.818472 84.0996 14.8625 -0.342832 -0.939396 0.00102603
1.91233 83.6909 15.7171 -0.36591 -0.930587 0.0108153
2.1454 83.6016 15.9133 -0.366586 -0.930325 0.0104809
0.20785 84.3283 15.5074 -0.342364 -0.939493 0.0116896
-0.723758 84.647 14.5302 -0.328826 -0.944374 0.00371637
-1.46296 84.8908 13.4526 -0.306622 -0.951804 0.00355799
-2.69166 85.2729 12.413 -0.280449 -0.959861 0.00379966
-3.65178 85.5474 11.565 -0.267213 -0.963533 -0.0105285
-4.61884 85.7945 10.6285 -0.211063 -0.977467 -0.00173835
-5.47835 85.9745 9.69064 -0.207659 -0.978196 0.00317135
-6.46925 86.169 8.63915 -0.170574 -0.985293 -0.00971744
-7.45554 86.3343 7.72306 -0.142922 -0.989717 -0.00584191
-8.44478 86.4727 6.8806 -0.120589 -0.992467 -0.0182066
-9.37397 86.593 5.89574 -0.0872607 -0.996124 -0.0110948
-10.3478 86.6568 4.86254 -0.0460638 -0.998908 0.00591892
-11.2706 86.6965 3.61183 -0.0256825 -0.999541 -0.0149925
-12.4857 86.6993 2.82273 0.0188037 -0.999795 -0.00273319
-13.4351 86.6914 1.88643 0.0300575 -0.999312 -0.0170577
-14.3342 86.6393 0.821375 0.0796737 -0.996753 -0.0114106
-15.2812 86.5626 -0.203109 0.104612 -0.994114 -0.0277823
-16.3398 86.4732 -1.15019 0.138436 -0.989748 -0.0338436
-17.4227 86.3031 -2.29768 0.188689 -0.98203 -0.000508977
-18.2662 86.1315 -3.33416 0.206516 -0.978415 0.00226703
-19.3302 85.883 -4.2221 0.230208 -0.973127 -0.00281014
-20.3736 85.6363 -5.38711 0.258747 -0.965902 -0.00908474
-21.4315 85.3519 -6.44242 0.280464 -0.959808 -0.000889113
-22.4074 85.0572 -7.33121 0.304961 -0.952353 -2.4183e-05
-23.2823 84.7653 -8.24307 0.313118 -0.949694 -0.00115213
-24.4129 84.3924 -9.4449 0.322625 -0.946522 0.00296315
-25.555 83.9683 -10.6352 0.347897 -0.937524 0.00406797
-26.4967 83.6027 -11.5215 0.357249 -0.933995 0.00520246
-27.5327 83.1823 -12.6271 0.386575 -0.922252 -0.00327257
-28.2258 82.8961 -13.3016 0.387089 -0.921912 -0.0155293
-29.2827 82.4411 -13.1369 0.402382 -0.915409 -0.0103634
-28.2715 82.8706 -12.1125 0.387945 -0.92168 -0.00217413
-27.3398 83.2628 -11.1283 0.385061 -0.922882 0.0036179
-26.4257 83.6354 -10.191 0.36741 -0.930055 0.00240369
-25.4238 84.0225 -9.2356 0.34847 -0.937311 -0.00101657
-24.5804 84.3305 -8.30158 0.333639 -0.942581 -0.0100595
-23.7039 84.6251 -7.39579 0.324997 -0.945705 0.0043583
-22.8149 84.9218 -6.49314 0.309485 -0.950898 -0.00341197
-21.8406 85.2269 -5.60706 0.284196 -0.958743 0.0065128
-20.9553 85.4833 -4.68683 0.254249 -0.96713 0.00376438
-20.0428 85.7119 -3.65459 0.24086 -0.970542 -0.00150965
-19.0732 85.951 -2.80285 0.234552 -0.972093 0.00132915
-18.226 86.1379 -1.8444 0.217766 -0.975981 -0.00229577
-17.2552 86.3224 -0.740112 0.174283 -0.984027 -0.0358101
-16.2904 86.4352 0.201496 0.127963 -0.991597 -0.0189687
-15.2789 86.5459 1.15007 0.106905 -0.994256 -0.00514231
-14.2066 86.6274 2.37434 0.0802513 -0.996545 -0.0214034
-13.2771 86.6708 3.34059 0.0470981 -0.998712 -0.018834
-12.2104 86.6984 4.05119 0.00660461 -0.999976 -0.000129302
-11.2784 86.6876 5.04332 -0.0159067 -0.999777 0.009786
-10.3541 86.6596 6.19985 -0.050852 -0.998667 -0.00806413
-9.38074 86.5739 7.20757 -0.0936296 -0.995528 -0.0107118
-8.37572 86.4606 8.16851 -0.111422 -0.993758 -0.00472535
-7.4205 86.3313 9.00756 -0.153795 -0.988013 0.00264829
-6.45555 86.1526 9.99207 -0.173741 -0.984723 -0.0116166
-5.4932 85.9779 11.0206 -0.19932 -0.979925 -0.000839134
-4.56244 85.7687 11.9637 -0.224548 -0.974445 -0.00596822
-3.38385 85.4681 12.9604 -0.243453 -0.969911 0.000945226
-2.33629 85.1676 13.8408 -0.289124 -0.957175 -0.00364946
-1.61928 84.9485 14.6885 -0.306013 -0.95197 0.0104688
-3.5154 85.5025 14.0157 -0.26007 -0.965546 0.00678022
-4.56934 85.7656 13.1248 -0.233024 -0.972316 0.00891765
-5.7786 86.0198 12.0721 -0.188766 -0.981836 -0.0191293
-6.70501 86.1952 11.0706 -0.147782 -0.989018 0.00045908
-7.7524 86.362 9.96391 -0.137494 -0.990187 -0.0231086
-8.70681 86.4948 9.10135 -0.105721 -0.994352 -0.00216024
-9.66484 86.5869 8.21354 -0.0704314 -0.997477 -0.00841816
-10.771 86.6673 7.08598 -0.0299735 -0.999499 -0.00670173
-11.642 86.6911 6.05746 -0.00206603 -0.999937 -0.0109954
-12.4348 86.6935 5.04773 -0.00280253 -0.999984 0.000531407
-13.4916 86.6521 4.27563 0.0483617 -0.998828 -0.00122843
-14.5629 86.5812 3.34259 0.081635 -0.996638 -0.00689104
-15.4324 86.5139 2.35357 0.115505 -0.993135 -0.0182444
-16.3443 86.4166 1.38372 0.135263 -0.99076 -0.00598704
-17.2987 86.2786 0.487526 0.173301 -0.984584 -0.0230973
-18.2332 86.1315 -0.489371 0.213437 -0.976708 -0.0218885
-19.2268 85.9098 -1.6215 0.232324 -0.972633 -0.00210814
-20.1224 85.6962 -2.50844 0.242406 -0.970155 0.00498441
-21.0713 85.4529 -3.46254 0.24263 -0.970119 -0.000556897
-21.9205 85.2091 -4.42743 0.28204 -0.959402 0.000670016
-22.9896 84.8716 -5.44919 0.306536 -0.951839 0.00602087
-23.9311 84.5511 -6.35433 0.326644 -0.945134 0.00481092
-24.8926 84.2095 -7.36698 0.3397 -0.940531 0.00196289
-25.8392 83.8617 -8.32823 0.354505 -0.935042 -0.00411493
-26.7473 83.5065 -9.29111 0.370446 -0.928851 -0.000904935
-27.6607 83.1316 -10.176 0.387005 -0.92207 0.00262267
-28.514 82.7632 -11.091 0.398258 -0.917272 -0.00118248
-29.3969 82.3795 -12.0153 0.403113 -0.915117 -0.00782527
-30.0576 82.0925 -12.7161 0.408554 -0.912666 -0.0105232
-30.8814 81.7158 -12.3797 0.413433 -0.910472 -0.0106846
-29.8311 82.1832 -11.2039 0.409711 -0.91221 -0.0011492
-28.8536 82.615 -10.1605 0.40228 -0.91549 0.00434913
-27.8885 83.0368 -9.16146 0.389083 -0.921201 0.00181642
-26.823 83.4778 -8.1054 0.378084 -0.925767 -0.00111045
-25.8189 83.8706 -7.04783 0.358793 -0.933412 9.69457e-05
-24.8754 84.2175 -6.02628 0.34621 -0.938144 -0.00497377
-23.8722 84.5736 -5.0592 0.331802 -0.94334 -0.00413636
-22.8551 84.9142 -4.10623 0.314333 -0.949312 -0.00104807
-21.9463 85.2011 -3.11754 0.278223 -0.960516 0.000186813
-21.0492 85.4612 -2.12348 0.260812 -0.96527 0.0032877
-19.9212 85.7409 -1.04326 0.235678 -0.971829 -0.00196799
-19.0726 85.9379 -0.0687882 0.223875 -0.974412 -0.0168664
-18.0057 86.1463 1.06991 0.192356 -0.981075 -0.0168834
-17.0181 86.3052 2.04034 0.152098 -0.988304 -0.0105728
-16.073 86.4275 2.98958 0.123943 -0.992141 0.0163367
-15.0019 86.542 4.17699 0.0853783 -0.996334 -0.00218696
-13.9931 86.6237 5.00337 0.0713088 -0.997343 -0.00409119
-12.7982 86.6811 6.02226 0.0325129 -0.999353 -0.00406284
-11.9522 86.6884 7.08552 -0.00612959 -0.999934 0.00959999
-11.0462 86.6687 8.10214 -0.0266048 -0.99959 -0.00976763
-10.0703 86.6111 9.11736 -0.0740063 -0.997247 -0.0046256
-9.10701 86.5304 9.97746 -0.110565 -0.993694 -0.0155504
-8.12104 86.3945 10.8965 -0.122372 -0.992375 -0.0147082
-7.23492 86.2685 11.8578 -0.147598 -0.988918 -0.0159924
-6.28942 86.1099 12.7768 -0.181354 -0.983371 0.00354878
-5.67544 85.9965 13.3228 -0.194753 -0.980703 0.0170864
-7.18075 86.2543 13.1403 -0.149145 -0.988668 0.0168032
-8.11851 86.3821 12.2365 -0.121096 -0.992614 -0.00692843
-9.06376 86.4918 11.2679 -0.0840425 -0.995955 -0.0317679
-10.0984 86.5945 10.334 -0.0570801 -0.998074 -0.0232239
-11.131 86.654 9.35709 -0.0278759 -0.999465 -0.0170995
-12.1341 86.6876 8.26172 0.000907985 -0.999983 -0.00572843
-12.9674 86.6863 7.28132 0.0142988 -0.999894 0.00249308
-13.9645 86.6152 6.2016 0.0792685 -0.996733 -0.0140599
-14.9525 86.5381 5.38767 0.0925418 -0.995667 -0.00608455
-15.907 86.4377 4.53966 0.116286 -0.993063 -0.0160494
-16.9725 86.3249 3.35574 0.146053 -0.989118 0.00899329
-17.9601 86.1266 2.38818 0.194034 -0.980728 -0.00984973
-18.9171 85.945 1.45116 0.217599 -0.97589 -0.0143432
-19.8429 85.7347 0.41791 0.24962 -0.968075 -0.0228336
-20.7948 85.5068 -0.625251 0.260822 -0.965236 -0.0170729
-21.6843 85.2749 -1.51248 0.279668 -0.960069 -0.00719962
-22.6124 84.9898 -2.49976 0.314713 -0.949183 -0.00205108
-23.4615 84.7103 -3.4746 0.327366 -0.944889 -0.00407163
-24.4179 84.3796 -4.35932 0.329966 -0.943991 -0.00163699
-25.3742 84.0295 -5.2747 0.350137 -0.936691 0.000529644
-26.3248 83.6739 -6.29465 0.361246 -0.932455 -0.00537891
-27.28 83.2923 -7.29403 0.380939 -0.924591 0.00404016
-28.2142 82.8989 -8.27725 0.394288 -0.918985 -0.000648766
-29.2019 82.4644 -9.26397 0.407554 -0.91318 0.000689964
-30.0584 82.0771 -10.1962 0.410175 -0.911985 -0.00625335
-31.0543 81.6258 -11.2859 0.422357 -0.906419 -0.00439269
-31.6128 81.3677 -11.9435 0.428279 -0.903594 -0.009664
-32.1797 81.0928 -11.283 0.430398 -0.902591 -0.00898448
-31.3596 81.4749 -10.3412 0.426436 -0.904488 -0.00725097
-30.432 81.9013 -9.30436 0.423266 -0.905991 -0.00457546
-29.4113 82.3699 -8.22189 0.409225 -0.912433 -0.000746419
-28.5279 82.7625 -7.34486 0.399355 -0.916795 0.000507881
-27.5979 83.1639 -6.34107 0.384552 -0.9231 0.000375153
-26.6863 83.5266 -5.38785 0.369226 -0.929323 -0.00532228
-25.7049 83.9071 -4.35382 0.354871 -0.934885 0.00186958
-24.7901 84.2465 -3.4728 0.341734 -0.939771 0.000816918
-23.7606 84.6052 -2.41683 0.325205 -0.945639 0.00278019
-22.7689 84.9366 -1.35126 0.303919 -0.952612 -0.0112789
-21.7924 85.2283 -0.342958 0.268325 -0.963132 -0.0194068
-20.8649 85.4666 0.616551 0.261839 -0.965061 -0.0096508
-19.8733 85.7145 1.72979 0.236512 -0.971553 -0.00947629
-18.9495 85.9245 2.70844 0.221696 -0.975114 0.00158854
-18.0319 86.1346 3.61364 0.208106 -0.978011 8.34246e-05
-17.1335 86.2818 4.51972 0.14727 -0.988181 -0.0424318
-16.2482 86.3844 5.44901 0.130037 -0.991402 -0.0133129
-15.1734 86.4982 6.34868 0.105693 -0.994059 -0.0239877
-14.1964 86.583 7.237 0.108416 -0.994106 0.0001317
-13.2932 86.6509 8.30148 0.0662254 -0.997633 -0.0175085
-12.2011 86.6622 9.52659 0.0186965 -0.999555 -0.0231817
-11.2076 86.6335 10.5179 -0.0337203 -0.999208 -0.0210474
-10.1094 86.5722 11.5559 -0.0726913 -0.997281 -0.00136674
-9.11701 86.4905 12.5078 -0.098511 -0.995031 -0.0108632
-8.48782 86.4267 13.1396 -0.111228 -0.993693 0.0132039
-9.81839 86.5546 13.0809 -0.0728794 -0.997331 0.00369269
-10.8713 86.6171 12.0786 -0.043912 -0.998987 0.00963608
-12.0558 86.6363 10.9439 0.0139112 -0.999868 -0.00829379
-13.0153 86.6337 9.98224 0.0387829 -0.999111 -0.0137967
-13.9421 86.5879 8.94389 0.0862785 -0.996204 -0.00912775
-14.7746 86.5174 7.95934 0.109693 -0.993954 -0.00486349
-15.7205 86.4144 7.09257 0.12542 -0.992033 -0.00966683
-16.72 86.3065 6.24389 0.156854 -0.987435 -0.0192079
-17.7181 86.1622 5.23711 0.181116 -0.983198 -0.0203153
-18.7155 85.9811 4.21621 0.223801 -0.974634 -0.000899222
-19.6259 85.7711 3.30299 0.22496 -0.974365 0.00208568
-20.6516 85.5125 2.20346 0.25379 -0.967227 0.00535054
-21.6294 85.2522 1.12305 0.264787 -0.964266 -0.00889495
-22.6882 84.9553 0.0321587 0.309324 -0.950935 -0.00629433
-23.6702 84.635 -1.00391 0.325653 -0.945486 -0.00235927
-24.5797 84.317 -2.0011 0.34578 -0.938307 -0.00255482
-25.4927 83.9777 -2.91907 0.356144 -0.934427 -0.000222011
-26.4636 83.6053 -3.87946 0.369426 -0.929253 -0.00357472
-27.3287 83.2651 -4.77568 0.377935 -0.925731 -0.0136308
-28.2972 82.8684 -5.79613 0.391983 -0.919968 -0.00097549
-29.3155 82.4155 -6.8657 0.405771 -0.913974 0.00160226
-30.2699 81.9822 -7.81287 0.422313 -0.906441 0.00240232
-31.1129 81.5824 -8.75136 0.423466 -0.905907 1.09737e-05
-31.9223 81.2043 -9.69578 0.431612 -0.902059 -0.000507135
-32.7788 80.7976 -10.7159 0.439739 -0.898097 -0.00719162
-32.877 80.7507 -10.8454 0.439473 -0.898218 -0.0082339
-33.4024 80.4852 -10.1152 0.449215 -0.893401 -0.00636291
-32.5931 80.8814 -9.16349 0.439894 -0.898031 -0.0017715
-31.5973 81.3535 -7.9821 0.431983 -0.901842 -0.00741685
-30.7437 81.7616 -7.03827 0.429875 -0.90288 -0.00267651
-29.7726 82.2096 -6.04345 0.418136 -0.908377 -0.00361798
-28.8211 82.6321 -5.07913 0.404608 -0.914418 -0.0106149
-27.9679 82.9934 -4.16383 0.391532 -0.920104 -0.00833367
-27.0965 83.347 -3.24764 0.374066 -0.927377 -0.00683678
-26.1907 83.7042 -2.34298 0.371161 -0.92853 -0.00843445
-25.2503 84.0691 -1.42639 0.350819 -0.936439 -0.0023321
-24.3959 84.3829 -0.484168 0.332239 -0.943185 0.000177734
-23.5368 84.6747 0.437918 0.318712 -0.947768 -0.00977519
-22.6419 84.9481 1.35729 0.294108 -0.955632 -0.0149376
-21.7506 85.2147 2.31606 0.288027 -0.957621 -0.00178576
-20.8701 85.4494 3.2931 0.254418 -0.967066 -0.00679407
-19.9627 85.6843 4.22752 0.245746 -0.969328 0.00320582
-19.0142 85.9055 5.20852 0.223574 -0.974658 -0.00755085
-18.1196 86.0755 6.12894 0.189496 -0.981749 -0.0150984
-17.0884 86.2316 7.13378 0.154837 -0.987721 -0.0182369
-15.88 86.3924 8.17331 0.11946 -0.992794 0.0013787
-14.8973 86.4978 9.22224 0.0960281 -0.995323 -0.0104658
-13.9737 86.5704 10.2661 0.0882688 -0.995853 -0.0220175
-12.971 86.6143 11.2991 0.0361929 -0.999292 0.00162122
-11.9301 86.6375 12.354 4.7646e-05 -0.999988 -1.93766e-06
-11.0316 86.6299 13.2044 -0.030607 -0.999417 0.00215794
-12.441 86.6319 13.1226 0.0319506 -0.999439 0.000790268
-13.3601 86.6013 12.1864 0.0707407 -0.997402 -0.0135982
-14.3294 86.5294 11.1909 0.102616 -0.994616 -0.0144075
-15.2743 86.4491 10.1612 0.108036 -0.993572 -0.0309181
-16.1644 86.3504 9.16805 0.159807 -0.987036 -0.0148853
-17.1277 86.2023 8.31576 0.169629 -0.985378 -0.0158763
-18.1271 86.0404 7.39585 0.181894 -0.983052 -0.0228666
-19.1265 85.8665 6.40374 0.211114 -0.977326 -0.0153593
-20.0585 85.6619 5.41778 0.239189 -0.970928 -0.00340767
-20.9989 85.4158 4.45765 0.264133 -0.964453 0.00588302
-21.8728 85.1681 3.52914 0.284336 -0.958653 -0.0116788
-22.7427 84.9133 2.54878 0.295477 -0.955348 -0.0017317
-23.6418 84.6281 1.62926 0.319455 -0.947577 -0.00581422
-24.6433 84.2894 0.530388 0.33319 -0.942833 -0.00685038
-25.4988 83.971 -0.396446 0.353272 -0.935519 -0.00181191
-26.4293 83.6049 -1.35517 0.372206 -0.928144 0.00337054
-27.5481 83.1544 -2.4697 0.387718 -0.921679 -0.013529
-28.5629 82.7343 -3.50655 0.392438 -0.919751 -0.00705087
-29.4426 82.3441 -4.45225 0.414662 -0.909948 -0.00698949
-30.3833 81.9224 -5.43095 0.42219 -0.90646 -0.00926052
-31.4078 81.4415 -6.44563 0.433788 -0.901008 -0.00311283
-32.2696 81.0225 -7.43484 0.436963 -0.899413 -0.00792826
-33.1383 80.6083 -8.4981 0.450282 -0.892866 -0.00566788
-33.7375 80.3084 -9.12485 0.454241 -0.890865 -0.00495364
-34.3419 79.9933 -8.52798 0.460469 -0.887632 -0.00879316
-33.4917 80.4212 -7.5734 0.454369 -0.89076 -0.00964959
-32.5636 80.8749 -6.46856 0.44654 -0.894754 -0.00378785
-31.7249 81.2847 -5.50668 0.438628 -0.89866 -0.00355215
-30.6791 81.776 -4.46909 0.422295 -0.906443 -0.00528561
-29.8146 82.1674 -3.57748 0.416868 -0.908931 -0.00811492
-28.8923 82.5784 -2.57783 0.411448 -0.911414 -0.00596309
-27.8859 83.007 -1.58008 0.383679 -0.923462 0.00276795
-26.8865 83.4292 -0.565562 0.370576 -0.928743 0.00949577
-25.8876 83.8264 0.501197 0.355846 -0.934519 0.00291023
-25.0518 84.1366 1.44041 0.345287 -0.93848 -0.00531605
-23.9975 84.4965 2.52891 0.322715 -0.946308 -0.0188556
-23.0436 84.8079 3.5361 0.31895 -0.947761 -0.00318671
-22.1909 85.0657 4.49124 0.288724 -0.957407 -0.00326718
-21.2138 85.3515 5.51372 0.282025 -0.959395 -0.0048006
-20.2158 85.6102 6.55287 0.243033 -0.969884 -0.0127044
-19.2736 85.8144 7.49427 0.203657 -0.978679 -0.0243723
-18.3288 85.9873 8.45067 0.17883 -0.983823 -0.0104409
-17.121 86.1862 9.55291 0.169444 -0.985435 -0.0143626
-16.151 86.3263 10.535 0.145581 -0.98909 -0.0216357
-15.2487 86.4183 11.5148 0.123471 -0.992208 -0.0166586
-14.2562 86.5154 12.5734 0.0952925 -0.995393 -0.0106077
-13.6901 86.5629 13.1552 0.0808028 -0.996669 -0.0108406
-14.5973 86.4723 13.5094 0.110624 -0.993808 -0.0104245
-15.5591 86.3649 12.5292 0.123535 -0.992294 -0.00896781
-16.4412 86.2593 11.572 0.146224 -0.989025 -0.0211917
-17.4462 86.1192 10.5146 0.17295 -0.984866 -0.0112729
-18.3923 85.9623 9.6137 0.196776 -0.980107 -0.0167411
-19.4293 85.759 8.60752 0.219835 -0.975225 -0.02439
-20.5714 85.5045 7.50081 0.249865 -0.967981 -0.0226452
-21.6829 85.2073 6.36612 0.280959 -0.959698 -0.00464786
-22.5934 84.9382 5.35204 0.302279 -0.953104 -0.00961572
-23.4682 84.6593 4.3736 0.326164 -0.945299 -0.00503337
-24.3191 84.367 3.44726 0.339933 -0.94043 -0.00558724
-25.3754 84.0009 2.38303 0.348428 -0.937168 -0.0143105
-26.2279 83.6823 1.43181 0.374944 -0.926878 -0.0177217
-27.1989 83.2976 0.409191 0.388741 -0.921303 -0.00888665
-28.2391 82.8578 -0.683919 0.400737 -0.916182 -0.000923689
-29.1904 82.4384 -1.64392 0.41079 -0.911716 -0.0051022
-30.036 82.0576 -2.56092 0.425612 -0.9049 -0.00308234
-31.0099 81.6153 -3.55666 0.426209 -0.904494 -0.0138249
-32.0009 81.1433 -4.56423 0.440075 -0.897933 -0.00714573
-32.8945 80.7078 -5.51517 0.444267 -0.895891 -0.00194665
-33.7559 80.2783 -6.56932 0.454998 -0.890462 -0.00473105
-34.5707 79.864 -7.48227 0.460807 -0.887472 -0.00698419
-34.6854 79.8053 -7.61591 0.461784 -0.886953 -0.00820996
-35.1656 79.5503 -6.87753 0.462368 -0.88667 -0.00551641
-34.3186 79.985 -5.87969 0.459863 -0.887988 -0.0016098
-33.5287 80.3879 -4.95598 0.454154 -0.890899 -0.00651142
-32.7154 80.7871 -4.03866 0.442145 -0.896906 -0.00815627
-31.795 81.23 -3.11532 0.438054 -0.8989 -0.00935414
-30.8729 81.6611 -2.16171 0.429621 -0.903001 -0.00388211
-29.8159 82.1537 -1.04976 0.416995 -0.908889 -0.00314055
-28.9141 82.5597 -0.084626 0.414871 -0.909827 -0.00938678
-27.9563 82.9674 0.950181 0.39488 -0.918646 -0.0126196
-27.0281 83.3519 1.85856 0.377812 -0.925849 -0.00761841
-26.162 83.6886 2.80547 0.367756 -0.929823 -0.0135799
-25.2261 84.0379 3.79891 0.347155 -0.937759 -0.00634802
-24.246 84.3859 4.82125 0.332156 -0.943161 -0.0102835
-23.2839 84.6994 5.90519 0.316354 -0.948478 -0.0175895
-22.4203 84.9728 6.86845 0.306956 -0.951616 -0.0143088
-21.372 85.2749 7.98144 0.27282 -0.961792 -0.0226876
-20.3876 85.5186 8.91269 0.251638 -0.967446 -0.0268324
-19.3662 85.742 9.93496 0.213778 -0.976719 -0.0178712
-18.4165 85.9325 10.8516 0.198423 -0.979877 -0.0193459
-17.4321 86.1025 11.8372 0.181796 -0.983178 -0.0172745
-16.5406 86.2263 12.779 0.147306 -0.989007 -0.0128618
-15.6892 86.3387 13.7397 0.134363 -0.990815 0.00660791
-16.5973 86.2084 14.0972 0.154551 -0.9879 0.0126592
-17.5496 86.0596 13.0714 0.17239 -0.98481 -0.0207469
-18.5698 85.8834 11.9865 0.191003 -0.981232 -0.0264267
-19.5008 85.6932 11.0298 0.223359 -0.974473 -0.0199372
-20.4302 85.4762 10.1322 0.256131 -0.966401 -0.0215641
-21.3745 85.2463 9.19595 0.270497 -0.962443 -0.0224453
-22.3265 84.9858 8.28629 0.296743 -0.954798 -0.0165857
-23.2812 84.6892 7.26725 0.307562 -0.951504 -0.0067207
-24.1072 84.4153 6.30759 0.332141 -0.943226 -0.0026302
-25.0642 84.0854 5.25634 0.340225 -0.940238 -0.0140929
-25.9226 83.7617 4.33644 0.365645 -0.930717 -0.00835598
-26.8428 83.4086 3.34264 0.376614 -0.926246 -0.0141467
-27.7634 83.032 2.38908 0.392604 -0.919634 -0.01161
-28.8122 82.59 1.31287 0.405088 -0.914245 -0.0057951
-29.74 82.1783 0.292228 0.418724 -0.908059 -0.00992042
-30.5842 81.7904 -0.61449 0.426936 -0.904277 -0.00309252
-31.572 81.3235 -1.6254 0.435604 -0.900105 -0.0072615
-32.4231 80.9168 -2.50557 0.440806 -0.897568 -0.00782893
-33.2631 80.5112 -3.38156 0.44882 -0.893572 -0.00563742
-34.2111 80.0343 -4.42412 0.459501 -0.888143 -0.00613062
-35.0027 79.6247 -5.34964 0.465793 -0.884867 -0.00696128
-35.5809 79.3236 -6.0468 0.470249 -0.882515 -0.00583399
-35.8283 79.1848 -5.01509 0.470649 -0.882301 -0.00585643
-34.9141 79.663 -3.89516 0.464808 -0.885401 -0.00411584
-34.0183 80.1228 -2.95428 0.458222 -0.888822 -0.00530568
-33.1437 80.5586 -2.01453 0.440639 -0.897649 -0.00796164
-32.1734 81.0244 -0.996848 0.438886 -0.898514 -0.00676465
-31.094 81.5436 0.110126 0.434699 -0.900554 -0.00626742
-30.2666 81.9319 1.02946 0.41708 -0.908869 -0.000917398
-29.4307 82.3095 1.93763 0.413261 -0.910519 -0.0121756
-28.4927 82.7075 2.91442 0.402474 -0.915326 -0.0139171
-27.5462 83.1048 3.89903 0.387783 -0.921634 -0.0143513
-26.609 83.4852 4.89935 0.377004 -0.926168 -0.00664866
-25.715 83.833 5.83962 0.368008 -0.929817 0.00336561
-24.8837 84.1394 6.76661 0.344255 -0.938795 -0.0121282
-24.0277 84.4356 7.76952 0.333376 -0.942744 -0.00966512
-22.9828 84.7653 8.8609 0.304474 -0.952256 -0.0224519
-22.0437 85.0313 9.79987 0.290259 -0.956828 -0.0151267
-20.8833 85.3412 10.9341 0.255777 -0.966552 -0.0188323
-19.925 85.5706 11.9143 0.240735 -0.97037 -0.0204306
-18.9689 85.7802 12.9026 0.229171 -0.973332 -0.0101291
-17.8205 85.9961 14.1002 0.173912 -0.984679 -0.0117848
-17.7374 86.0092 14.1913 0.173493 -0.984759 -0.00137717
-18.48 85.87 14.7611 0.199363 -0.97989 0.00666421
-19.5338 85.641 13.5764 0.23028 -0.973122 0.00198696
-20.4192 85.4328 12.6757 0.243393 -0.969755 -0.0168321
-21.3154 85.216 11.7416 0.261098 -0.965171 -0.00673352
-22.5179 84.8754 10.5658 0.293122 -0.955928 -0.016684
-23.5633 84.5623 9.5109 0.308189 -0.951088 -0.021176
-24.4611 84.2721 8.59393 0.339473 -0.940463 -0.0160892
-25.4036 83.9382 7.50255 0.354575 -0.934898 -0.0127521
-26.284 83.6047 6.5354 0.377001 -0.926164 -0.00918959
-27.1716 83.2467 5.56609 0.38338 -0.923555 -0.00806739
-28.2351 82.8051 4.45942 0.397499 -0.917571 -0.00765432
-29.2653 82.3601 3.40009 0.409306 -0.912357 -0.00831649
-30.3015 81.9043 2.27797 0.429246 -0.903127 -0.00983521
-31.2103 81.4774 1.26964 0.434121 -0.900816 -0.0083747
-32.1678 81.0211 0.236973 0.440103 -0.897932 -0.00522873
-33.0432 80.5962 -0.671466 0.442779 -0.89662 -0.00413784
-33.9141 80.1713 -1.57594 0.451783 -0.892104 -0.00647779
-34.9137 79.6562 -2.65712 0.462393 -0.886663 -0.00447109
-35.8178 79.1814 -3.66751 0.470617 -0.882318 -0.00591034
-36.2163 78.972 -4.14199 0.470816 -0.882212 -0.00590013
-36.5257 78.7992 -3.17216 0.474394 -0.880285 -0.00689385
-35.5841 79.2999 -2.12855 0.472024 -0.881572 -0.00461212
-34.7514 79.7381 -1.18545 0.462896 -0.886393 -0.00505557
-33.8741 80.1813 -0.277672 0.450332 -0.892844 -0.00552055
-32.9575 80.6311 0.668375 0.440584 -0.897696 -0.0052803
-32.036 81.0774 1.64181 0.438276 -0.898827 -0.00491705
-31.091 81.5235 2.68721 0.432062 -0.901817 -0.00690339
-30.1363 81.9637 3.73926 0.423349 -0.90594 -0.00697837
-29.2555 82.3553 4.66357 0.409511 -0.912261 -0.00877849
-28.2589 82.7813 5.70868 0.398596 -0.917059 -0.0111854
-27.322 83.172 6.667 0.385627 -0.922589 -0.0110034
-26.3867 83.5437 7.74929 0.373927 -0.927263 -0.0188257
-25.4839 83.8865 8.79938 0.370385 -0.928798 -0.0122058
-24.4712 84.2453 9.84198 0.341396 -0.939655 -0.0220233
-23.5786 84.5342 10.7665 0.30552 -0.952016 -0.017999
-22.6707 84.8133 11.6877 0.307484 -0.951515 -0.00719568
-21.5538 85.1383 12.7851 0.267457 -0.963402 -0.0146003
-20.626 85.3719 13.7491 0.254659 -0.967023 -0.00402893
-19.6113 85.6213 14.8555 0.240731 -0.970565 -0.0035612
-19.3639 85.6839 15.126 0.227513 -0.973642 0.00143125
-20.2197 85.4694 15.5598 0.251499 -0.967839 -0.00582666
-21.2151 85.21 14.4375 0.272923 -0.961927 -0.0119578
-22.2402 84.9278 13.3601 0.292074 -0.956156 -0.0212154
-23.2671 84.6123 12.3092 0.316016 -0.948672 -0.0124347
-24.3274 84.2638 11.2367 0.337335 -0.941137 -0.0215818
-25.2101 83.9618 10.3413 0.35609 -0.934277 -0.0176094
-26.0903 83.6365 9.44778 0.366714 -0.930207 -0.0153315
-26.9527 83.2985 8.45855 0.377886 -0.925817 -0.00798822
-27.762 82.9735 7.48924 0.392866 -0.9195 -0.0132248
-28.6459 82.6043 6.58485 0.400836 -0.91611 -0.00749114
-29.515 82.2273 5.6394 0.408116 -0.912856 -0.0115782
-30.3838 81.8399 4.76149 0.422383 -0.906399 -0.0057032
-31.2152 81.4559 3.86711 0.428027 -0.903746 -0.00593554
-32.0713 81.0514 2.89803 0.434749 -0.90052 -0.00721022
-32.9963 80.6038 1.88887 0.443244 -0.896369 -0.00758712
-33.8648 80.1755 0.956154 0.45351 -0.891237 -0.00492351
-34.9636 79.6196 -0.140098 0.460915 -0.887421 -0.00620602
-35.8241 79.169 -1.10035 0.470961 -0.882151 -0.00199879
-36.733 78.6804 -2.13037 0.477325 -0.878703 -0.00586117
-37.0929 78.4813 -1.25166 0.47913 -0.877741 -0.00229461
-36.2131 78.9536 -0.264276 0.476526 -0.879121 -0.00832191
-35.302 79.4322 0.734231 0.468278 -0.883566 -0.00514631
-34.4099 79.8936 1.66097 0.458139 -0.888858 -0.00576809
-33.4914 80.352 2.64001 0.447094 -0.89446 -0.00683874
-32.6708 80.7534 3.54521 0.442095 -0.896958 -0.0042879
-31.7858 81.1767 4.52128 0.43453 -0.900625 -0.00764794
-30.8511 81.618 5.53084 0.423332 -0.905953 -0.00622976
-29.8819 82.0521 6.54208 0.412746 -0.910817 -0.0063138
-28.9732 82.4524 7.48114 0.404046 -0.914694 -0.00819354
-28.1365 82.8039 8.41434 0.390957 -0.920368 -0.00868612
-27.1605 83.2025 9.55969 0.382377 -0.923946 -0.0104714
-26.3048 83.5354 10.5017 0.371754 -0.928179 -0.0166296
-25.4001 83.8679 11.4085 0.349184 -0.936939 -0.014569
-24.4924 84.1843 12.32 0.335949 -0.941768 -0.0144835
-23.5654 84.4983 13.2861 0.324422 -0.945612 -0.0229646
-22.558 84.8114 14.2879 0.286314 -0.958034 -0.0133614
-21.5355 85.1048 15.4151 0.278418 -0.960394 -0.00991552
-21.2675 85.1792 15.7106 0.27448 -0.961566 -0.00709742
-22.0171 84.9525 16.2219 0.297404 -0.954707 -0.00801635
-22.852 84.7038 15.2839 0.304307 -0.952298 -0.0213041
-23.8153 84.3892 14.3076 0.324833 -0.945668 -0.0137161
-24.6797 84.0997 13.4032 0.339226 -0.940569 -0.015978
-25.6085 83.7769 12.4335 0.349253 -0.936903 -0.0132351
-26.699 83.3631 11.3569 0.373105 -0.927684 -0.0140015
-27.5785 83.0188 10.3928 0.385776 -0.922506 -0.0126285
-28.4473 82.662 9.41014 0.398704 -0.917028 -0.00946337
-29.5223 82.2003 8.2018 0.404542 -0.914437 -0.0121647
-30.4116 81.8096 7.25437 0.414115 -0.910218 -0.00340079
-31.348 81.3793 6.27478 0.432562 -0.901586 -0.00545052
-32.2343 80.9543 5.30775 0.439661 -0.89815 -0.0031945
-33.2397 80.4692 4.21251 0.442725 -0.896638 -0.005551
-34.2181 79.9817 3.10385 0.450213 -0.892879 -0.00857301
-35.1296 79.5147 2.15474 0.466073 -0.884735 -0.00443358
-36.0603 79.0234 1.16649 0.475024 -0.879937 -0.00791887
-36.9702 78.5373 0.173225 0.478647 -0.877954 -0.00967338
-37.4314 78.2885 -0.317424 0.483242 -0.875449 -0.00812355
-37.5798 78.1978 0.776699 0.482919 -0.875655 -0.00413562
-36.6292 78.7115 1.83222 0.47633 -0.879254 -0.00472916
-35.7824 79.1629 2.69646 0.471767 -0.881698 -0.00663273
-34.9405 79.6015 3.57269 0.465178 -0.885165 -0.00944271
-34.0902 80.0368 4.57829 0.453979 -0.890998 -0.00500008
-33.2124 80.4706 5.50682 0.441859 -0.897045 -0.00837662
-32.3303 80.9026 6.48604 0.442968 -0.896534 -0.00254936
-31.3946 81.3518 7.47465 0.432613 -0.901578 -0.00184585
-30.5202 81.7518 8.372 0.411811 -0.911211 -0.00956969
-29.6737 82.1219 9.345 0.408977 -0.912513 -0.00753991
-28.7887 82.5054 10.3371 0.402017 -0.915596 -0.00809815
-27.9035 82.8664 11.3046 0.385807 -0.922397 -0.0183257
-26.867 83.2786 12.4038 0.3785 -0.925466 -0.0155484
-25.9624 83.6257 13.3356 0.366742 -0.93017 -0.0168646
-24.9119 83.9972 14.4375 0.340983 -0.939931 -0.0160355
-23.9306 84.3355 15.4423 0.325733 -0.94538 -0.0123849
-23.0401 84.6262 16.3845 0.309233 -0.950924 -0.00953529
-22.7677 84.7125 16.6893 0.300743 -0.953693 -0.00475095
-23.9348 84.321 16.7525 0.325693 -0.945461 -0.0049379
-24.8501 84.0053 15.7758 0.338571 -0.9409 -0.00689445
-25.8575 83.6375 14.713 0.364372 -0.931095 -0.016773
-26.8953 83.2465 13.6411 0.377853 -0.925731 -0.0151405
-27.7538 82.9052 12.744 0.386035 -0.922378 -0.0140169
-28.6586 82.5358 11.7707 0.397331 -0.917509 -0.017388
-29.5368 82.169 10.7958 0.408208 -0.912819 -0.0112876
-30.4623 81.7616 9.76447 0.413967 -0.910229 -0.00916542
-31.2833 81.3883 8.83867 0.42788 -0.90372 -0.014012
-32.2092 80.957 7.88781 0.440413 -0.897771 -0.00625834
-33.2232 80.46 6.76806 0.445864 -0.895098 -0.00181333
-34.1139 80.0147 5.82028 0.450515 -0.892748 -0.00614405
-35.014 79.5564 4.82457 0.465421 -0.885084 -0.00324113
-35.8223 79.1328 3.89738 0.469313 -0.88302 -0.00460196
-36.6828 78.6771 3.01953 0.475926 -0.879478 -0.00336091
-37.7049 78.1243 1.91582 0.483722 -0.875214 -0.00368123
-37.7701 78.0886 1.84467 0.484015 -0.875053 -0.00359236
-37.8753 78.0265 3.01175 0.484092 -0.875014 -0.00215574
-36.952 78.5284 3.95762 0.47762 -0.878561 -0.00303128
-36.0023 79.0341 4.97296 0.469249 -0.883063 -0.00184256
-35.1217 79.4941 5.98563 0.463137 -0.886279 -0.00325821
-34.2404 79.9485 6.9473 0.451913 -0.892058 0.00261418
-33.2343 80.4521 8.0537 0.444502 -0.895771 -0.00294462
-32.2875 80.9065 9.07082 0.436683 -0.899558 -0.0100074
-31.2018 81.4099 10.1964 0.426332 -0.904501 -0.0105945
-30.2604 81.8358 11.3101 0.41312 -0.910578 -0.0133532
-29.4353 82.1915 12.232 0.400208 -0.916252 -0.0176087
-28.5374 82.5645 13.1761 0.392116 -0.919847 -0.010765
-27.6793 82.9155 14.0812 0.37939 -0.925144 -0.0130129
-26.6605 83.3184 15.145 0.364521 -0.931156 -0.00840879
-25.7789 83.6523 16.0462 0.355851 -0.934521 -0.00642522
-24.878 83.9821 17.0437 0.345545 -0.938333 -0.0113838
-25.8647 83.614 17.285 0.359849 -0.933008 -0.000953495
-26.7267 83.2827 16.3639 0.364863 -0.931048 -0.0047252
-27.583 82.9441 15.4577 0.382371 -0.924005 -0.00242702
-28.5376 82.5539 14.4577 0.390111 -0.920744 -0.00632258
-29.4018 82.1892 13.5901 0.398804 -0.917009 -0.00575801
-30.3098 81.7973 12.545 0.412839 -0.910732 -0.0113033
-31.1688 81.4143 11.565 0.427361 -0.904036 -0.00834494
-32.0146 81.0211 10.5941 0.429426 -0.90306 -0.00871094
-32.8962 80.6036 9.72618 0.4429 -0.896545 -0.00666989
-33.7003 80.2136 8.79897 0.449126 -0.893443 -0.00680482
-34.5326 79.7982 7.88506 0.455311 -0.890325 -0.00325656
-35.4938 79.3006 6.85319 0.465503 -0.885041 -0.000477748
-36.328 78.8572 5.87657 0.473088 -0.881015 2.62394e-05
-37.1548 78.4153 4.97056 0.475886 -0.879499 -0.00321546
-37.7449 78.0951 4.39579 0.480035 -0.877244 -0.0021971
-37.7868 78.0693 5.55778 0.480666 -0.876903 0.00135649
-36.9675 78.5139 6.43423 0.47444 -0.880287 0.000970618
-36.1674 78.9434 7.35901 0.469126 -0.883131 -0.000358667
-35.1933 79.454 8.4313 0.461162 -0.887312 -0.00259588
-34.2452 79.934 9.46964 0.449871 -0.893061 -0.00763322
-33.4065 80.3477 10.4612 0.441754 -0.897123 -0.00495498
-32.3404 80.8576 11.5156 0.433229 -0.901268 -0.00454508
-31.4662 81.2662 12.5378 0.420566 -0.907213 -0.0089841
-30.543 81.6818 13.5824 0.413621 -0.910428 -0.00484769
-29.5244 82.133 14.7245 0.406895 -0.913474 0.00121535
-28.5782 82.5271 15.6762 0.390653 -0.920507 -0.00751804
-27.6659 82.9017 16.6347 0.382494 -0.923917 -0.0086146
-27.0055 83.1687 17.3346 0.370282 -0.9289 -0.0032499
-28.39 82.5989 17.1726 0.391135 -0.920324 0.000840107
-29.2722 82.2279 16.228 0.391586 -0.920123 -0.00580062
-30.3199 81.7773 15.1467 0.414725 -0.909938 -0.000114776
-31.3587 81.3057 13.9437 0.417093 -0.908854 -0.0041018
-32.2778 80.88 12.9066 0.430742 -0.902457 -0.00573352
-33.2154 80.4328 11.8594 0.440291 -0.897836 -0.00590152
-34.1363 79.9792 10.9727 0.447961 -0.894042 -0.00444645
-34.9214 79.5881 10.0156 0.454143 -0.890908 -0.0059882
-35.8199 79.1251 9.01556 0.46443 -0.88561 -0.000364882
-36.6653 78.6786 8.07115 0.469476 -0.882945 0.000592068
-37.2329 78.3733 7.41832 0.475547 -0.879686 0.00262882
-36.4684 78.7824 9.60164 0.468159 -0.883641 -0.00174641
-35.4878 79.2906 10.6778 0.460961 -0.887378 -0.008036
-34.7011 79.6921 11.609 0.451162 -0.892431 -0.00430272
-33.8279 80.1273 12.4335 0.448522 -0.893751 -0.0061159
-33.009 80.5236 13.3928 0.439493 -0.898225 -0.00607393
-32.1091 80.9499 14.3915 0.430273 -0.902684 -0.00502214
-31.2408 81.3547 15.4103 0.42077 -0.907155 -0.00280282
-30.3956 81.7333 16.2948 0.409526 -0.912242 -0.00934686
-29.9858 81.9113 16.7201 0.407611 -0.91312 -0.00797553
-32.1975 80.9009 15.6436 0.433836 -0.900968 -0.0064987
-32.9962 80.5213 14.6889 0.437791 -0.899066 -0.00449519
-33.9825 80.0428 13.6027 0.444998 -0.895506 -0.00674199
-34.8647 79.6024 12.6755 0.452342 -0.891831 -0.00499009
-34.9851 79.542 12.5527 0.454542 -0.89071 -0.00458957
6.22608 81.7129 -19.2106 -0.445672 -0.89519 -0.00177449
7.37099 81.131 -19.135 -0.4589 -0.888481 0.00317328
8.52042 80.536 -18.7278 -0.462895 -0.886366 0.00911605
9.48435 80.0391 -18.0839 -0.463039 -0.886277 0.0103639
10.392 79.5719 -17.2482 -0.469017 -0.883068 0.014594
11.1399 79.1898 -16.364 -0.469198 -0.882985 0.0138172
11.7691 78.8679 -15.4812 -0.476375 -0.87911 0.0152438
12.2978 78.5973 -14.6341 -0.477115 -0.878697 0.0159073
12.8217 78.3295 -13.6784 -0.475888 -0.879367 0.0156263
13.3573 78.0608 -12.6967 -0.484563 -0.87444 0.0232855
13.8655 77.7958 -11.7127 -0.482888 -0.875541 0.0156126
14.2781 77.5829 -10.8168 -0.484322 -0.874755 0.0153552
14.6104 77.4142 -9.89627 -0.486632 -0.87349 0.0142373
14.9124 77.2605 -8.94382 -0.487661 -0.872914 0.0144474
15.1965 77.1172 -7.97795 -0.489035 -0.872176 0.0124054
15.5332 76.9457 -6.76135 -0.4889 -0.872248 0.0126497
15.7007 76.8658 -5.76387 -0.488985 -0.872208 0.0121228
15.7445 76.8563 -4.65341 -0.488206 -0.872647 0.0117614
15.8004 76.8407 -3.59274 -0.487557 -0.872952 0.0155762
15.85 76.8317 -2.405 -0.488558 -0.87244 0.0126381
15.9088 76.8157 -1.24855 -0.4871 -0.873265 0.0119069
15.9172 76.8259 -0.233077 -0.486888 -0.873364 0.0132471
15.9046 76.8509 0.998046 -0.483663 -0.87517 0.0120073
15.8691 76.8846 1.99023 -0.482518 -0.875789 0.0129544
15.8299 76.9254 3.30395 -0.480197 -0.877069 0.0126663
15.7835 76.9655 4.34928 -0.478118 -0.878221 0.0114091
15.7171 77.0166 5.51103 -0.474626 -0.880106 0.0119069
15.5494 77.1213 6.69089 -0.473958 -0.880493 0.00978286
15.3849 77.2206 7.80424 -0.471064 -0.882053 0.00907251
15.2158 77.3219 8.85783 -0.469768 -0.882751 0.00823906
15.0047 77.4415 9.84981 -0.469461 -0.882933 0.00591844
14.7525 77.5809 10.8098 -0.468984 -0.883199 0.00359848
14.4382 77.7503 11.8306 -0.466086 -0.884734 0.00222824
13.9523 78.0091 12.8719 -0.463578 -0.886053 0.00168959
13.4272 78.2818 13.8241 -0.459868 -0.887986 -0.00145642
12.8278 78.5879 14.7409 -0.457933 -0.888982 -0.00293124
12.07 78.9765 15.6558 -0.457208 -0.889358 -0.00141128
11.2694 79.3838 16.2279 -0.452939 -0.891541 -0.00101777
10.3613 79.8416 16.6357 -0.447876 -0.894094 0.00152092
9.4116 80.3119 16.8734 -0.440893 -0.897559 -0.000630542
8.28538 80.8615 16.9544 -0.438045 -0.898952 -0.00132582
7.14807 81.4057 16.9718 -0.42696 -0.90427 0.000245044
6.01961 81.9339 16.9597 -0.416768 -0.908997 0.00505989
5.01261 82.3908 16.8715 -0.412993 -0.910731 0.00238846
3.65468 82.9876 16.7105 -0.393718 -0.919217 0.00443092
2.70008 83.3864 16.5121 -0.372628 -0.927954 0.00699893
1.57792 83.8297 16.3128 -0.357823 -0.933698 0.00950101
0.558961 84.2067 16.1589 -0.346934 -0.937837 0.00989516
-0.530925 84.5931 15.8539 -0.331433 -0.943413 0.0110226
-1.40613 84.8887 15.489 -0.306914 -0.951648 0.0127894
-2.31591 85.1711 15.0923 -0.281926 -0.959247 0.0183147
-3.34403 85.4624 14.6457 -0.267959 -0.96338 0.0029688
-4.43167 85.7394 14.195 -0.244008 -0.969751 0.00609262
-5.66274 86.0039 13.9352 -0.206017 -0.978482 0.0113322
-6.81416 86.2068 13.7946 -0.162831 -0.986613 0.00892316
-7.83393 86.3562 13.7694 -0.121026 -0.99251 0.0160002
-8.85066 86.4761 13.7288 -0.103818 -0.994423 0.015515
-9.84757 86.5594 13.7144 -0.0755873 -0.997125 0.00447789
-11.3131 86.6403 13.7421 -0.0312199 -0.999386 0.00413117
-12.7436 86.6219 13.8086 0.0332606 -0.999397 -0.00152719
-14.061 86.5248 14.0098 0.0843406 -0.996394 0.0028889
-15.0876 86.4248 14.2266 0.103919 -0.994381 0.0199921
-16.0536 86.2973 14.4842 0.150941 -0.988426 0.0144757
-17.0284 86.1449 14.8487 0.176464 -0.984256 0.00986354
-18.2005 85.9321 15.1956 0.189668 -0.981725 0.0130996
-19.2517 85.709 15.663 0.218406 -0.975855 0.00161641
-20.2599 85.4558 16.1217 0.253189 -0.967405 -0.00466681
-21.2023 85.1913 16.5386 0.279108 -0.960231 -0.00607674
-22.2874 84.8622 17.0396 0.300358 -0.95382 -0.00256342
-23.1972 84.569 17.3128 0.315318 -0.948972 -0.00499925
-24.2459 84.2119 17.5118 0.323091 -0.946364 0.00153502
-25.4313 83.7789 17.7892 0.352168 -0.935917 -0.000269772
-26.6317 83.3165 17.954 0.364493 -0.931201 -0.00131126
-27.5653 82.9418 17.8668 0.375337 -0.926882 -0.00258615
-28.5243 82.5403 17.6816 0.393803 -0.919193 -0.00197259
-29.5573 82.0964 17.4772 0.406495 -0.913632 -0.00588395
-30.4759 81.6895 17.1815 0.409681 -0.912206 -0.00528623
-31.3156 81.307 16.8086 0.419357 -0.907789 -0.00761913
-32.28 80.8581 16.2028 0.431932 -0.901899 -0.00348195
-33.0484 80.4912 15.5802 0.437584 -0.899151 -0.00613327
-33.7299 80.1596 14.8717 0.444047 -0.895984 -0.00596678
-34.363 79.8501 14.1363 0.446586 -0.894718 -0.00596932
-35.0764 79.4929 13.3168 0.452471 -0.891775 -0.00280027
-35.6512 79.2011 12.4753 0.455795 -0.890083 -0.00107087
-36.1817 78.9277 11.4519 0.460653 -0.887578 -0.00196219
-36.7249 78.6451 10.316 0.463531 -0.88608 -0.000944496
-37.1026 78.4445 9.36592 0.470274 -0.88252 0.000306862
-37.5499 78.2037 8.15196 0.475231 -0.879859 0.00182151
-37.8514 78.038 7.14511 0.476063 -0.879407 0.00287177
-38.1311 77.8822 6.10342 0.480807 -0.876821 0.0031484
-38.2908 77.7934 4.88007 0.482775 -0.875743 -0.00147535
-38.3549 77.7602 3.80656 0.483748 -0.875206 -0.00129677
-38.3211 77.7805 2.66279 0.485023 -0.874498 -0.00230209
-38.21 77.8467 1.49427 0.483983 -0.87507 -0.00345547
-38.0558 77.9382 0.353049 0.482602 -0.875816 -0.00642966
-37.8016 78.0864 -0.602577 0.48361 -0.875249 -0.00774463
-37.4269 78.2999 -1.7838 0.479837 -0.877342 -0.00458703
-37.0783 78.4991 -2.86 0.476046 -0.879399 -0.00592331
-36.8098 78.6527 -3.86414 0.473466 -0.880786 -0.00667358
-36.4311 78.8637 -5.08194 0.470647 -0.882302 -0.00594666
-36.0218 79.0891 -6.13467 0.469708 -0.882771 -0.00898216
-35.626 79.3103 -7.09609 0.46775 -0.88383 -0.00738335
-35.1886 79.5481 -8.05331 0.464721 -0.885422 -0.00786689
-34.7714 79.775 -9.01255 0.464962 -0.885301 -0.00720879
-34.21 80.0737 -9.90801 0.455237 -0.890302 -0.0109795
-33.623 80.3789 -10.6846 0.449664 -0.893134 -0.0106751
-32.9174 80.7381 -11.5743 0.439867 -0.898014 -0.0093841
-32.1699 81.1069 -12.2768 0.429139 -0.903192 -0.00911063
-31.3518 81.5044 -12.8406 0.426521 -0.904415 -0.00929075
-30.5054 81.8987 -13.2642 0.414202 -0.910041 -0.016187
-29.5641 82.3237 -13.5831 0.404397 -0.914473 -0.0142382
-28.4917 82.7931 -13.8117 0.392018 -0.919845 -0.0131367
-27.4001 83.2405 -13.9558 0.371568 -0.928394 -0.00460394
-26.3827 83.6402 -14.1916 0.359257 -0.933236 -0.0023007
-25.4381 83.9942 -14.2402 0.34471 -0.938679 -0.00754035
-24.3007 84.4012 -14.2777 0.330649 -0.943753 0.000989196
-23.182 84.7813 -14.1925 0.314182 -0.949362 -0.00107119
-22.0383 85.1404 -14.0955 0.292388 -0.9563 -2.2505e-05
-20.9301 85.4649 -13.9819 0.264323 -0.964308 -0.0127494
-19.835 85.7362 -13.7666 0.223451 -0.974714 0.00113012
-18.8124 85.9715 -13.5014 0.212003 -0.977209 0.0104686
-17.5491 86.2261 -13.1407 0.185064 -0.982645 0.0103948
-16.4944 86.4132 -12.7717 0.161337 -0.986806 0.0125837
-15.4809 86.5657 -12.4881 0.144612 -0.989482 0.00356971
-14.4648 86.6917 -12.2471 0.101915 -0.994718 0.0112595
-13.1896 86.7976 -11.9601 0.0672324 -0.997695 0.00922764
-12.1624 86.8229 -11.817 0.0109074 -0.999796 -0.0126511
-11.1046 86.8125 -11.7957 -0.0165754 -0.999715 -0.0164112
-9.91497 86.7518 -11.9124 -0.0546669 -0.998293 -0.0162124
-8.87705 86.6487 -12.2447 -0.113819 -0.993356 -0.0166043
-7.75383 86.5103 -12.7068 -0.144223 -0.989128 -0.0287294
-6.78811 86.3659 -13.2268 -0.186024 -0.982145 -0.0280194
-5.78831 86.1949 -13.8956 -0.189386 -0.981402 -0.0313001
-4.95959 86.0136 -14.4426 -0.239319 -0.970389 -0.0327523
-3.90717 85.7673 -15.1532 -0.268807 -0.962392 -0.0393028
-2.90248 85.4867 -15.8484 -0.302673 -0.952731 -0.0262871
-2.04768 85.2106 -16.3349 -0.330801 -0.943375 -0.024768
-1.23534 84.937 -16.8697 -0.3458 -0.938156 -0.0164848
-0.448424 84.6536 -17.4195 -0.353564 -0.935192 -0.0202188
0.534618 84.2811 -17.9435 -0.379407 -0.924856 -0.0262907
1.57415 83.8602 -18.3281 -0.391594 -0.920066 -0.0115291
2.48618 83.4711 -18.6086 -0.406011 -0.913797 -0.0114065
3.40032 83.0612 -18.8625 -0.411064 -0.911596 -0.00425435
4.29465 82.6497 -19.0445 -0.427172 -0.904164 -0.000387407
5.494 82.0774 -19.2219 -0.436991 -0.899425 -0.00840885
5.85338 81.899 -19.2241 -0.445734 -0.895164 0.000673223
5.81322 81.9264 -20.2069 -0.444561 -0.895729 -0.00574756
6.86411 81.3909 -20.2152 -0.458824 -0.888525 -0.00188153
7.84004 80.8822 -20.0157 -0.463222 -0.886233 0.00365952
8.72885 80.4179 -19.6774 -0.468255 -0.883554 0.0081508
9.52722 79.9993 -19.2277 -0.468422 -0.883445 0.0103226
10.295 79.6 -18.6417 -0.470526 -0.88228 0.0136963
11.0469 79.212 -17.873 -0.470836 -0.882081 0.0157125
11.7308 78.8604 -17.0447 -0.474873 -0.879882 0.0173661
12.3738 78.5279 -16.207 -0.477226 -0.878654 0.0148962
12.8955 78.2588 -15.3613 -0.477597 -0.878418 0.0168382
13.398 77.9995 -14.5067 -0.481628 -0.876223 0.0162851
13.9023 77.7397 -13.564 -0.483406 -0.875206 0.0182436
14.444 77.4622 -12.4836 -0.484404 -0.874695 0.0161711
14.9885 77.1796 -11.3538 -0.485484 -0.87412 0.0147897
15.3315 77.0038 -10.3771 -0.487577 -0.872974 0.0135852
15.6643 76.8332 -9.38768 -0.487768 -0.872876 0.0130195
16.0209 76.6521 -8.14595 -0.489694 -0.8718 0.0127993
16.3603 76.4761 -6.9465 -0.493185 -0.86983 0.0128306
16.5391 76.392 -5.75603 -0.494248 -0.869212 0.0137788
16.5875 76.3821 -4.588 -0.492505 -0.870205 0.0135123
16.6494 76.3637 -3.56447 -0.492256 -0.870332 0.0143436
16.7023 76.3536 -2.3906 -0.491308 -0.870868 0.0143279
16.7294 76.3542 -1.37011 -0.48995 -0.871633 0.0143006
16.7683 76.3497 -0.322248 -0.488129 -0.872666 0.0135438
16.7489 76.3823 1.02424 -0.487869 -0.872795 0.0145951
16.7045 76.4233 2.06258 -0.485552 -0.874101 0.0136751
16.6725 76.4573 3.05565 -0.483612 -0.875159 0.0146902
16.6382 76.4954 4.22431 -0.481693 -0.876216 0.0147213
16.6079 76.5305 5.33012 -0.477017 -0.878775 0.0144628
16.4325 76.6457 6.58413 -0.47198 -0.881514 0.0129544
16.2736 76.7453 7.70005 -0.470629 -0.882274 0.0101019
16.1167 76.8417 8.83515 -0.470415 -0.882398 0.00912224
15.8561 76.9899 10.0153 -0.4701 -0.882591 0.00624339
15.572 77.1474 11.0552 -0.469006 -0.883177 0.00561714
15.2728 77.3119 12.1247 -0.467597 -0.883935 0.00335961
14.7391 77.5966 13.2458 -0.464881 -0.885372 0.000386591
14.2907 77.8309 14.1224 -0.463932 -0.88587 -0.00122041
13.6437 78.1649 15.1528 -0.459544 -0.888151 -0.00238949
13.0527 78.4704 15.9216 -0.458824 -0.888527 -0.000624396
12.308 78.8532 16.7019 -0.457734 -0.889089 -0.000400284
11.5181 79.2574 17.1847 -0.4549 -0.890539 0.0023682
10.4007 79.824 17.6868 -0.449246 -0.893406 0.00184672
9.26107 80.3885 17.873 -0.441593 -0.897205 0.00418859
8.2659 80.8742 17.9217 -0.437972 -0.898964 0.00651676
7.36369 81.3099 17.961 -0.430487 -0.902572 0.00664891
6.11968 81.8942 17.9423 -0.419074 -0.907936 0.0052711
5.20023 82.3137 17.8722 -0.41175 -0.911239 0.0101561
4.22681 82.7467 17.7392 -0.405614 -0.913968 0.0118039
3.29762 83.1488 17.6245 -0.393948 -0.919057 0.0117436
2.2036 83.5983 17.3941 -0.370881 -0.928436 0.021318
1.21968 83.9801 17.238 -0.35335 -0.935186 0.023888
0.146255 84.3778 17.0721 -0.3425 -0.939212 0.0235258
-0.899491 84.7373 16.7297 -0.32934 -0.94406 0.0167664
-2.04551 85.1073 16.2528 -0.306328 -0.951758 0.0177762
-3.01501 85.3918 15.8613 -0.280881 -0.959321 0.0284329
-3.90493 85.626 15.4305 -0.257321 -0.965882 0.0292813
-4.90394 85.8684 15.0677 -0.216461 -0.975888 0.0280056
-5.90465 86.0777 14.8739 -0.185382 -0.98231 0.0247454
-7.02915 86.2701 14.7475 -0.155136 -0.987376 0.0292834
-8.27141 86.4352 14.7063 -0.119364 -0.992247 0.0342947
-9.45644 86.5448 14.6506 -0.0823057 -0.996376 0.021472
-10.5037 86.6144 14.6813 -0.0477416 -0.99873 0.016109
-11.588 86.6521 14.6866 0.00116843 -0.999947 0.00711714
-12.8914 86.6166 14.7728 0.0488615 -0.998798 -0.000829434
-14.194 86.5224 15.0146 0.0792196 -0.996808 0.00988992
-15.1641 86.4246 15.2495 0.125069 -0.992113 0.00831966
-16.1511 86.2954 15.5499 0.151364 -0.988375 0.0116043
-17.3789 86.0974 15.9247 0.18186 -0.983079 0.0218737
-18.3126 85.9261 16.2436 0.200217 -0.979465 0.0221374
-19.2132 85.7272 16.6953 0.233444 -0.972366 0.00257574
-20.1964 85.4738 17.1398 0.255633 -0.96677 0.00277093
-21.3448 85.152 17.6584 0.282034 -0.959395 0.00419782
-22.3115 84.8552 18.0898 0.305023 -0.952337 0.00380824
-23.3792 84.5103 18.3531 0.323054 -0.9463 0.0123585
-24.4042 84.1566 18.574 0.337874 -0.941151 0.00871421
-25.3912 83.7982 18.8107 0.347948 -0.937497 0.00532063
-26.4732 83.3829 18.9565 0.362567 -0.931931 0.00671244
-27.657 82.9108 18.8585 0.376579 -0.926334 0.00696928
-28.636 82.4974 18.6582 0.392873 -0.919558 0.00778584
-29.5352 82.1082 18.4681 0.406729 -0.913525 0.0057629
-30.453 81.6974 18.2188 0.40686 -0.913487 -1.69471e-05
-31.4065 81.2628 17.8347 0.418557 -0.90819 -0.000120271
-32.4284 80.7839 17.2538 0.42766 -0.903938 -0.000715086
-33.2398 80.3949 16.6499 0.437873 -0.899028 -0.00325559
-33.945 80.0482 15.9998 0.442767 -0.896634 -0.00205078
-34.6577 79.6956 15.1939 0.448784 -0.893632 -0.00389246
-35.3367 79.3567 14.4459 0.45279 -0.891609 -0.00374446
-36.136 78.9501 13.4499 0.457533 -0.889189 -0.00263854
-36.6243 78.6971 12.5734 0.461756 -0.887007 -0.0003052
-37.0705 78.4635 11.6568 0.464085 -0.885788 0.0016603
-37.4962 78.2397 10.7435 0.466097 -0.884728 0.00176951
-37.9016 78.0208 9.71941 0.468872 -0.883263 0.00214996
-38.3525 77.7725 8.42074 0.4733 -0.880892 0.00408813
-38.6377 77.6123 7.48125 0.476671 -0.879073 0.00357551
-38.9332 77.4411 6.44583 0.483369 -0.875392 0.00565399
-39.1139 77.3348 5.27968 0.489523 -0.871989 0.000305249
-39.2016 77.2861 4.24488 0.489899 -0.871776 -0.000364046
-39.2013 77.2867 3.09341 0.491025 -0.871143 -0.0019475
-39.1189 77.3372 1.89408 0.490708 -0.871317 -0.00346448
-38.9928 77.4144 0.775445 0.488893 -0.872325 -0.0056129
-38.8171 77.5193 -0.21721 0.488329 -0.87264 -0.00586628
-38.5329 77.686 -1.19218 0.485083 -0.874438 -0.00717046
-38.1335 77.9181 -2.36745 0.48252 -0.87584 -0.00878582
-37.8327 78.0934 -3.40393 0.480986 -0.876678 -0.00935297
-37.575 78.2418 -4.39169 0.477362 -0.878685 -0.00618417
-37.2004 78.4518 -5.50198 0.475014 -0.879958 -0.00575309
-36.8266 78.6627 -6.491 0.474102 -0.88042 -0.0093681
-36.3271 78.9412 -7.64231 0.470768 -0.882224 -0.00741508
-35.9122 79.1723 -8.60403 0.468132 -0.883619 -0.00778532
-35.5202 79.3881 -9.55056 0.463635 -0.885917 -0.0138795
-34.8575 79.7494 -10.6083 0.458478 -0.888612 -0.0127338
-34.2676 80.0624 -11.3787 0.450817 -0.892554 -0.010504
-33.6532 80.3804 -12.0966 0.443068 -0.896445 -0.00860569
-32.789 80.8182 -12.985 0.441793 -0.896981 -0.0155787
-31.782 81.315 -13.69 0.427616 -0.903795 -0.0172988
-30.8131 81.776 -14.1735 0.41386 -0.91016 -0.0180977
-29.8717 82.2051 -14.4831 0.403808 -0.914598 -0.0211954
-28.8715 82.6475 -14.7252 0.392177 -0.9196 -0.0227937
-27.7461 83.1157 -14.8884 0.370988 -0.9284 -0.0209352
-26.7822 83.4974 -15.1314 0.357872 -0.933602 -0.0173289
-25.8445 83.8524 -15.1921 0.349563 -0.936791 -0.0151233
-24.5463 84.3204 -15.2336 0.332534 -0.943063 -0.00331421
-23.5855 84.6516 -15.2129 0.315527 -0.948867 -0.00698595
-22.6373 84.9552 -15.134 0.30425 -0.952573 -0.00119931
-21.6002 85.2696 -15.0698 0.285736 -0.958301 0.00119011
-20.6441 85.5346 -14.9699 0.252592 -0.967513 0.0106541
-19.6576 85.7767 -14.7079 0.222714 -0.974883 -0.00105903
-18.5962 86.0114 -14.4375 0.198295 -0.980126 -0.00160511
-17.6326 86.2015 -14.1809 0.187473 -0.982259 0.00457241
-16.4024 86.4225 -13.7618 0.167783 -0.985816 -0.00341028
-15.4585 86.5683 -13.4566 0.143264 -0.989682 -0.00141689
-14.2693 86.7138 -13.1689 0.104327 -0.994526 -0.00306313
-13.0124 86.8074 -12.8749 0.0668119 -0.997628 -0.0137574
-12.0238 86.8307 -12.7892 0.0137995 -0.999802 -0.0138901
-10.8931 86.8192 -12.7434 -0.033379 -0.999367 -0.0122672
-9.64231 86.7522 -13.0058 -0.0868784 -0.994861 -0.0519689
-8.5624 86.6494 -13.4304 -0.120364 -0.991284 -0.0528103
-7.4941 86.5117 -13.9089 -0.150476 -0.987178 -0.0512238
-6.61243 86.3808 -14.4707 -0.203399 -0.977153 -0.0616585
-5.75381 86.2392 -15.0593 -0.214522 -0.974651 -0.0633413
-4.83373 86.0474 -15.6862 -0.250799 -0.966509 -0.0537212
-3.98297 85.8407 -16.2998 -0.276769 -0.959689 -0.0486159
-2.8254 85.5019 -16.9959 -0.322429 -0.946097 -0.0306532
-1.86712 85.1854 -17.5972 -0.332289 -0.942541 -0.0346411
-0.838063 84.8289 -18.2928 -0.35519 -0.934262 -0.0313284
0.0561372 84.4962 -18.7599 -0.361951 -0.931882 -0.0242581
1.13136 84.0683 -19.1834 -0.383167 -0.923395 -0.022918
2.06664 83.6729 -19.4959 -0.401756 -0.91554 -0.0194825
3.07348 83.2268 -19.7791 -0.416728 -0.908829 -0.0191818
4.15561 82.7277 -20.0159 -0.430593 -0.902412 -0.0155323
5.37114 82.1451 -20.1804 -0.442538 -0.89673 -0.00587468
5.62477 82.0196 -20.1956 -0.443791 -0.89611 -0.00603891
5.60265 82.0476 -21.1968 -0.445749 -0.894928 -0.0200887
6.54782 81.5607 -21.2345 -0.46107 -0.887309 -0.00970419
7.47387 81.0742 -21.1702 -0.465796 -0.884889 -0.0022924
8.36054 80.6044 -20.9039 -0.471164 -0.882033 0.00464843
9.27782 80.1196 -20.5065 -0.468734 -0.883323 0.00545773
10.0823 79.6928 -20.0096 -0.473056 -0.880962 0.0107641
10.9408 79.2437 -19.2713 -0.475341 -0.879687 0.014116
11.6623 78.8682 -18.5172 -0.475336 -0.879624 0.0177845
12.4603 78.4564 -17.5375 -0.475486 -0.879553 0.0173075
13.0647 78.1441 -16.8031 -0.47476 -0.880023 0.0126905
13.6246 77.8519 -15.9111 -0.480903 -0.876721 0.0091327
14.1414 77.5786 -15.0432 -0.485069 -0.87432 0.0164992
14.6587 77.31 -14.117 -0.484475 -0.874618 0.0181232
15.2108 77.0281 -12.9638 -0.484584 -0.874577 0.0171131
15.6335 76.8071 -12.0523 -0.490111 -0.871572 0.0124325
15.9767 76.6286 -11.1383 -0.492746 -0.87005 0.0146856
16.3105 76.4587 -10.1719 -0.49027 -0.871426 0.0158455
16.6266 76.2996 -9.18046 -0.48504 -0.874379 0.0139931
16.9142 76.1491 -8.09081 -0.490851 -0.871211 0.00717186
17.2234 75.9845 -6.99194 -0.495242 -0.868682 0.0112488
17.3742 75.9145 -5.85176 -0.496053 -0.868203 0.0124244
17.4457 75.8893 -4.86167 -0.496073 -0.868157 0.0146363
17.5017 75.8759 -3.81721 -0.494438 -0.869065 0.0159873
17.5536 75.8677 -2.63648 -0.493471 -0.869615 0.0159904
17.574 75.876 -1.60816 -0.489823 -0.871654 0.0170737
17.5879 75.8883 -0.520334 -0.487408 -0.873042 0.0151811
17.5807 75.912 0.733504 -0.488973 -0.872201 0.0130569
17.5664 75.9397 1.8193 -0.487191 -0.873107 0.0178718
17.5498 75.9704 2.98682 -0.484646 -0.874554 0.0165392
17.4712 76.0336 4.01568 -0.483713 -0.875025 0.0186713
17.4552 76.0633 5.05432 -0.479721 -0.87724 0.0177913
17.3374 76.1512 6.24537 -0.477548 -0.878351 0.0208491
17.1918 76.2516 7.30128 -0.468635 -0.883196 0.0183954
17.0825 76.3271 8.36905 -0.462234 -0.8867 0.00938626
16.8368 76.4633 9.58826 -0.470549 -0.882354 0.00592758
16.632 76.582 10.7182 -0.469946 -0.882656 0.00813945
16.2576 76.7888 11.8998 -0.466259 -0.884617 0.00730925
15.8738 76.9966 12.9261 -0.469066 -0.883156 0.00335941
15.4224 77.2371 13.8484 -0.465831 -0.884873 -0.0010655
14.9319 77.4944 14.8005 -0.463906 -0.885884 -0.000106962
14.3544 77.7949 15.7062 -0.462221 -0.886764 -0.0012752
13.6753 78.1469 16.5753 -0.461425 -0.887179 -0.000225214
12.8811 78.5593 17.4047 -0.457601 -0.889156 0.0013913
11.9606 79.0331 18.0756 -0.4553 -0.890337 0.00170909
11.0678 79.4926 18.5091 -0.456486 -0.88972 0.00436749
10.1709 79.9447 18.7985 -0.44409 -0.895964 0.0051654
9.23959 80.4052 18.8788 -0.443449 -0.896262 0.00818529
8.17162 80.9301 18.9469 -0.437984 -0.898915 0.0110614
7.24455 81.3768 18.9616 -0.430524 -0.902483 0.0131413
6.18878 81.8711 18.9043 -0.419745 -0.907532 0.0141434
5.08014 82.3816 18.8106 -0.415752 -0.909332 0.0162305
4.03622 82.8464 18.6713 -0.401097 -0.915795 0.0201252
3.10531 83.2462 18.5718 -0.396165 -0.918011 0.0175878
2.14684 83.6456 18.4059 -0.373384 -0.927274 0.0272127
1.02063 84.0829 18.1987 -0.360938 -0.932072 0.0310147
0.0949624 84.4266 18.0536 -0.342916 -0.938583 0.0383339
-0.914137 84.7747 17.7433 -0.331896 -0.942586 0.0370786
-1.85452 85.0805 17.3475 -0.314195 -0.948592 0.0381152
-2.74358 85.3494 16.9816 -0.285191 -0.957906 0.032884
-3.66456 85.6076 16.6186 -0.278194 -0.959786 0.0375434
-4.6098 85.8458 16.2186 -0.244585 -0.967869 0.0574046
-5.64204 86.0693 15.9109 -0.203845 -0.977127 0.0573544
-6.69195 86.2547 15.7364 -0.180679 -0.982047 0.0542084
-7.69637 86.4015 15.6786 -0.134101 -0.989298 0.0574989
-8.92427 86.5378 15.609 -0.0876914 -0.993828 0.0670464
-9.96553 86.6153 15.6161 -0.0331145 -0.997268 0.0649399
-11.1308 86.6622 15.6384 -0.042376 -0.998848 0.021758
-12.2284 86.6641 15.7302 0.0477732 -0.998326 0.0325934
-13.3158 86.6176 15.8665 0.0465382 -0.998342 0.0338805
-14.6294 86.5147 16.1166 0.120882 -0.99213 0.0319675
-15.7297 86.3754 16.4198 0.133892 -0.990535 0.0302219
-16.7568 86.2226 16.744 0.162599 -0.986331 0.0267059
-17.8791 86.0346 17.1 0.196678 -0.979667 0.0390115
-18.9699 85.7942 17.625 0.233986 -0.972153 0.0129709
-20.0244 85.5323 18.093 0.263705 -0.964441 0.0176824
-21.0019 85.2631 18.537 0.287842 -0.957556 0.0153081
-22.0866 84.9424 18.9854 0.302314 -0.952926 0.0232087
-23.1163 84.6108 19.3047 0.316295 -0.948556 0.013961
-24.1579 84.2536 19.5733 0.331672 -0.943297 0.0135671
-25.1128 83.9159 19.7896 0.349578 -0.936594 0.0237765
-26.0762 83.5492 19.9442 0.36467 -0.93101 0.0153823
-27.1686 83.1187 19.8932 0.367593 -0.929842 0.0164167
-28.1419 82.7203 19.7778 0.385842 -0.922364 0.0192471
-29.2224 82.2508 19.5269 0.397919 -0.917382 0.0084446
-30.1429 81.8463 19.3393 0.404961 -0.914216 0.0146917
-31.0832 81.4133 18.9794 0.419427 -0.90773 0.009827
-32.0001 80.9898 18.579 0.421033 -0.907035 0.00415136
-32.8836 80.5688 18.0642 0.436501 -0.899689 0.00505946
-33.6432 80.1982 17.5201 0.437592 -0.899169 0.00282511
-34.4006 79.8228 16.85 0.448688 -0.893668 0.00317976
-35.105 79.4672 16.1279 0.449936 -0.893055 -0.00307473
-35.795 79.1211 15.3722 0.450911 -0.892566 -0.00206545
-36.4308 78.7981 14.5526 0.454537 -0.890726 0.0016877
-37.0096 78.4948 13.721 0.464243 -0.885707 -1.01814e-05
-37.4847 78.2479 12.8421 0.46322 -0.886241 -0.00165108
-37.9386 78.0121 11.9168 0.457403 -0.88925 0.0040572
-38.3733 77.7766 10.8862 0.465965 -0.884712 0.0126632
-38.788 77.548 9.76317 0.471273 -0.881962 0.00668894
-39.1511 77.3426 8.75763 0.477277 -0.87869 0.0105419
-39.442 77.1755 7.77514 0.480236 -0.877098 0.00834254
-39.7325 77.0012 6.69754 0.488774 -0.872291 0.014353
-39.9568 76.8612 5.59 0.492061 -0.870552 0.00327308
-40.0551 76.8044 4.37891 0.492968 -0.870043 0.00172138
-40.0428 76.8107 3.22024 0.496993 -0.867754 -0.000787182
-40.0029 76.837 2.18738 0.492999 -0.869995 -0.00778847
-39.8847 76.9119 1.06693 0.490864 -0.871212 -0.00644416
-39.7082 77.0188 -0.0132548 0.489506 -0.871976 -0.00650576
-39.4982 77.1448 -0.997284 0.489914 -0.871722 -0.00926941
-39.2015 77.3226 -1.94805 0.484239 -0.874857 -0.0117247
-38.882 77.5113 -2.94855 0.483797 -0.875103 -0.0115881
-38.6008 77.6779 -3.94876 0.480857 -0.876755 -0.00876784
-38.2176 77.8981 -5.15541 0.478951 -0.877796 -0.00878118
-37.8368 78.1157 -6.25448 0.475616 -0.879608 -0.00884978
-37.4806 78.3182 -7.23002 0.474545 -0.880163 -0.0108927
-37.105 78.532 -8.15605 0.470788 -0.88219 -0.00993404
-36.7093 78.7534 -9.08255 0.469652 -0.882751 -0.0132643
-36.2928 78.9882 -10.0371 0.467499 -0.883908 -0.0122942
-35.7029 79.3204 -10.9845 0.463009 -0.886007 -0.024264
-35.1687 79.6114 -11.7763 0.451952 -0.891911 -0.0152665
-34.5657 79.9266 -12.5147 0.449918 -0.892975 -0.0129268
-33.7249 80.3626 -13.4175 0.447398 -0.894202 -0.0153396
-33.0264 80.7227 -14.0283 0.437116 -0.898961 -0.0281899
-32.2378 81.1171 -14.5446 0.430745 -0.902233 -0.0208366
-31.2616 81.5902 -15.0275 0.428635 -0.903099 -0.0259933
-30.2977 82.0379 -15.3601 0.410851 -0.911315 -0.0265639
-29.2869 82.4931 -15.6384 0.398401 -0.916733 -0.0294771
-28.357 82.8906 -15.7638 0.378909 -0.924792 -0.0344226
-27.3975 83.2813 -15.9932 0.359247 -0.932605 -0.0344098
-26.3611 83.6789 -16.1059 0.347825 -0.937056 -0.030403
-25.305 84.066 -16.1877 0.328616 -0.944173 -0.0232562
-24.1502 84.4656 -16.208 0.324892 -0.945691 -0.0106415
-23.1342 84.808 -16.1598 0.301609 -0.953343 -0.0130323
-22.1095 85.1206 -16.1015 0.284897 -0.958542 -0.00559801
-21.0678 85.4287 -16.0265 0.26192 -0.965048 -0.00188047
-19.9278 85.719 -15.7697 0.233858 -0.972264 -0.00263511
-18.7844 85.9775 -15.4919 0.19951 -0.979592 -0.0211852
-17.6096 86.2069 -15.1498 0.190951 -0.981575 -0.00690949
-16.5687 86.3989 -14.8646 0.162924 -0.986636 -0.00193777
-15.6425 86.5474 -14.5113 0.150219 -0.988614 -0.0082532
-14.5377 86.6884 -14.1873 0.108244 -0.994083 -0.00799851
-13.5549 86.7866 -13.9506 0.0894439 -0.995849 -0.0118846
-12.2949 86.8453 -13.7721 0.0247839 -0.999199 -0.0308318
-11.2929 86.8748 -13.732 0.013292 -0.997987 -0.0564288
-10.0668 86.8407 -13.8571 -0.0986244 -0.991835 -0.0807612
-9.13294 86.7665 -14.2521 -0.108456 -0.991043 -0.0764665
-8.05719 86.6595 -14.701 -0.186897 -0.976326 -0.106329
-7.10517 86.5427 -15.285 -0.199777 -0.976308 -0.0828822
-6.26603 86.4108 -15.8537 -0.213194 -0.972911 -0.0891514
-5.35894 86.2372 -16.4412 -0.258048 -0.962766 -0.0784208
-4.54709 86.0476 -17.0338 -0.274095 -0.959607 -0.0634615
-3.54256 85.774 -17.7014 -0.323658 -0.94529 -0.0408994
-2.71045 85.5035 -18.2087 -0.329659 -0.943504 -0.0335211
-1.74372 85.1864 -18.871 -0.347643 -0.936604 -0.0437924
-0.875498 84.883 -19.3419 -0.355061 -0.934118 -0.0364686
0.0492081 84.5417 -19.7865 -0.380133 -0.923918 -0.0420846
1.09477 84.1161 -20.1723 -0.388431 -0.920881 -0.0331495
2.21044 83.6408 -20.5406 -0.412009 -0.91071 -0.0288924
3.1246 83.2272 -20.7687 -0.417855 -0.907984 -0.0308173
4.31082 82.6733 -21.0243 -0.431722 -0.90174 -0.0218381
5.27668 82.2086 -21.1757 -0.441758 -0.896878 -0.0213152
