11.3668 80.384 -14.1255 -0.470324 -0.882428 0.010767
10.5764 80.7882 -15.0673 -0.465827 -0.884764 0.0140713
9.75003 81.21 -16.0566 -0.465874 -0.884764 0.0124345
8.91999 81.6335 -17.001 -0.464592 -0.885478 0.00906829
8.36956 81.9145 -17.6924 -0.459627 -0.888102 0.00409329
6.72183 82.7561 -18.2549 -0.447985 -0.894041 4.1382e-05
7.51952 82.3546 -17.3599 -0.453879 -0.891054 0.00305465
8.35261 81.9332 -16.3412 -0.457395 -0.889242 0.00615182
9.23248 81.4891 -15.3712 -0.459807 -0.887971 0.00925562
10.0705 81.0657 -14.3187 -0.463772 -0.885866 0.0124811
10.8654 80.6606 -13.3681 -0.46787 -0.883717 0.0118658
11.77 80.1921 -12.353 -0.474484 -0.880166 0.0131155
12.6055 79.755 -11.5085 -0.475125 -0.879792 0.0148927
12.7219 79.6941 -11.3969 -0.47588 -0.87939 0.014531
13.6185 79.2376 -9.19634 -0.481786 -0.876218 0.0111418
12.7752 79.6866 -10.1053 -0.479287 -0.877552 0.0137002
11.9314 80.1279 -10.9946 -0.475291 -0.8797 0.0150658
11.0843 80.5688 -11.8262 -0.469946 -0.882574 0.014581
10.1138 81.0622 -12.9331 -0.464469 -0.885504 0.0121361
9.3574 81.4431 -13.8819 -0.46115 -0.887251 0.0111886
8.47942 81.8836 -14.9302 -0.458161 -0.888805 0.010584
7.61385 82.3156 -15.8968 -0.454732 -0.890593 0.00772127
6.74069 82.7496 -16.9524 -0.448229 -0.893906 0.00327147
5.88757 83.1706 -17.9054 -0.44018 -0.897909 0.000970315
5.51421 83.3534 -18.3153 -0.439848 -0.898049 -0.00417241
4.54199 83.8199 -18.0644 -0.427058 -0.904194 -0.00663728
5.49555 83.3587 -17.0259 -0.430094 -0.90278 -0.00256794
6.33559 82.951 -16.0869 -0.436597 -0.899652 0.00253521
7.13292 82.5623 -15.1432 -0.444478 -0.895754 0.00796579
8.07353 82.1003 -14.1052 -0.452413 -0.891741 0.0107251
8.85059 81.714 -13.1601 -0.456574 -0.889605 0.0119787
9.65865 81.3107 -12.1472 -0.459325 -0.888148 0.0146261
10.6616 80.8056 -11.0382 -0.467721 -0.8838 0.0114637
11.5188 80.3618 -10.1709 -0.469989 -0.882591 0.0118974
12.502 79.8485 -9.15236 -0.476954 -0.878859 0.0109821
13.4386 79.3488 -8.13856 -0.479903 -0.877281 0.00842124
14.1485 78.9675 -7.37687 -0.483118 -0.875499 0.00987301
14.524 78.783 -5.62451 -0.483933 -0.875021 0.0121283
13.7263 79.2097 -6.56188 -0.479835 -0.877277 0.0116954
12.7933 79.707 -7.5941 -0.479798 -0.877324 0.00972019
11.9246 80.167 -8.51298 -0.469994 -0.882615 0.00977626
10.9817 80.6562 -9.48657 -0.467052 -0.88415 0.0118157
10.0728 81.1213 -10.4304 -0.461053 -0.887295 0.0117218
9.24625 81.5374 -11.3325 -0.456024 -0.889882 0.0121244
8.46325 81.9215 -12.3022 -0.450045 -0.892918 0.0125013
7.4905 82.398 -13.4847 -0.4441 -0.895958 0.00575014
6.65593 82.8015 -14.3859 -0.437916 -0.899003 0.00468865
5.7312 83.2434 -15.4478 -0.431698 -0.902018 -0.00101775
4.90245 83.6359 -16.3735 -0.422666 -0.906252 -0.00770395
4.0181 84.0544 -17.318 -0.417773 -0.90844 -0.0142419
3.49396 84.3035 -17.9155 -0.415723 -0.909389 -0.0136527
2.54266 84.7243 -17.678 -0.402418 -0.915347 -0.0141125
3.41769 84.3198 -16.6527 -0.40835 -0.912783 -0.00853727
4.32959 83.899 -15.7058 -0.416241 -0.909238 0.000968353
5.23702 83.4796 -14.718 -0.427205 -0.904139 0.0048933
6.08266 83.083 -13.7309 -0.431601 -0.902053 0.00448797
6.91149 82.6898 -12.8131 -0.439835 -0.898018 0.00956855
7.73256 82.2944 -11.8768 -0.44445 -0.895684 0.0145511
8.58721 81.8808 -10.7948 -0.453778 -0.891025 0.0126734
9.56144 81.3968 -9.73633 -0.461626 -0.886989 0.0123036
10.4644 80.938 -8.79575 -0.466075 -0.884642 0.0134565
11.4078 80.4498 -7.81853 -0.471722 -0.881695 0.00963664
12.287 79.9876 -6.88652 -0.473331 -0.880848 0.00795837
13.1352 79.5389 -5.94397 -0.475814 -0.879483 0.0105243
14.0486 79.0557 -4.89094 -0.480912 -0.876701 0.0105213
14.7178 78.6954 -4.16691 -0.485776 -0.874 0.0120029
14.6214 78.7636 -3.04355 -0.48265 -0.875739 0.0113339
13.685 79.2642 -4.03341 -0.478257 -0.87813 0.012573
12.7982 79.7327 -5.01714 -0.475207 -0.879805 0.0110097
11.9239 80.1912 -6.02207 -0.474155 -0.880366 0.0115332
10.9624 80.6963 -7.05388 -0.471708 -0.881703 0.00954808
10.1041 81.1408 -7.92007 -0.46476 -0.885393 0.0088464
9.27838 81.5576 -8.78327 -0.457929 -0.888898 0.012569
8.4369 81.9733 -9.6567 -0.452557 -0.891654 0.0120928
7.6146 82.3708 -10.6324 -0.44451 -0.895702 0.011321
6.82518 82.7455 -11.6104 -0.438322 -0.898672 0.0161741
5.9798 83.1396 -12.5703 -0.431318 -0.902155 0.00900745
5.10343 83.5507 -13.6057 -0.425082 -0.905142 0.00419995
4.21232 83.9561 -14.5345 -0.419455 -0.90775 0.00621066
3.36146 84.3348 -15.4389 -0.411544 -0.911377 0.00176448
2.48326 84.7332 -16.4235 -0.395446 -0.918347 -0.015035
1.78944 85.0413 -17.2012 -0.390648 -0.920375 -0.0174445
1.06093 85.3357 -16.7101 -0.375926 -0.926408 -0.0205036
1.87361 84.9813 -15.7667 -0.390559 -0.920546 -0.00654354
2.89672 84.5441 -14.6641 -0.393558 -0.919273 0.00462811
3.70933 84.1868 -13.7708 -0.410456 -0.911875 0.00319968
4.70576 83.7403 -12.7244 -0.416735 -0.909013 0.00459723
5.54995 83.3529 -11.7828 -0.427218 -0.904079 0.0111643
6.34773 82.9891 -10.8707 -0.428845 -0.9033 0.0115285
7.16521 82.6037 -9.85382 -0.441985 -0.896935 0.0124895
8.10625 82.1535 -8.7632 -0.450007 -0.892932 0.0128684
9.01964 81.7029 -7.84412 -0.455394 -0.890243 0.00912907
9.97632 81.218 -6.82508 -0.46464 -0.885473 0.0067421
10.9335 80.7227 -5.86476 -0.466387 -0.884533 0.0090931
11.7268 80.3111 -4.97007 -0.471319 -0.88189 0.0107679
12.5165 79.8971 -4.05834 -0.474998 -0.879906 0.0119341
13.3951 79.4345 -3.08784 -0.47603 -0.879353 0.0115858
14.3078 78.9476 -2.1413 -0.481027 -0.876646 0.010179
14.7095 78.7326 -1.73697 -0.482586 -0.875759 0.0124792
14.7784 78.711 -0.484192 -0.482932 -0.875594 0.0105534
13.8711 79.1963 -1.34748 -0.478733 -0.877885 0.0114429
12.9248 79.6999 -2.3597 -0.475399 -0.879674 0.012702
12.0406 80.1633 -3.33855 -0.470845 -0.882155 0.00981558
11.2082 80.5949 -4.29042 -0.468063 -0.883618 0.0116859
10.3927 81.0147 -5.16328 -0.465023 -0.885244 0.00984513
9.324 81.5619 -6.2651 -0.458717 -0.888551 0.00691857
8.46808 81.989 -7.19294 -0.448445 -0.89378 0.00728863
7.41346 82.5045 -8.24424 -0.441175 -0.897348 0.0114739
6.58487 82.896 -9.18533 -0.431747 -0.901909 0.0122523
5.72741 83.2905 -10.2218 -0.421788 -0.906598 0.011757
4.81729 83.6972 -11.2988 -0.418552 -0.90816 0.00773247
3.939 84.0859 -12.2423 -0.4051 -0.914221 0.00938864
3.08049 84.461 -13.1586 -0.396673 -0.917958 -0.000331067
2.03997 84.9064 -14.2833 -0.389278 -0.921117 -0.00166265
1.18771 85.2612 -15.2159 -0.371584 -0.928356 -0.00861782
0.382081 85.5937 -16.1541 -0.364635 -0.930967 -0.0180571
0.0845363 85.7153 -16.4631 -0.36084 -0.932332 -0.0233087
-0.748325 86.022 -16.0022 -0.351996 -0.935816 -0.0183959
0.132867 85.6739 -15.0693 -0.356345 -0.934314 -0.00866703
1.15548 85.2669 -13.9394 -0.372829 -0.927896 0.00220886
2.10579 84.8782 -12.9402 -0.386213 -0.92239 0.00607997
2.97693 84.5087 -11.9795 -0.397583 -0.917544 0.00601273
3.87385 84.1261 -11.0354 -0.402249 -0.915511 0.0046528
4.74088 83.7424 -10.0679 -0.411727 -0.911244 0.0105365
5.61857 83.3546 -8.99333 -0.41819 -0.90829 0.0110602
6.48088 82.9605 -7.98159 -0.430176 -0.902669 0.0116963
7.33275 82.5564 -7.11158 -0.44016 -0.897878 0.00751354
8.32584 82.0697 -6.08411 -0.448015 -0.893987 0.0082815
9.18881 81.6403 -5.17748 -0.452754 -0.891586 0.00939746
10.0509 81.2039 -4.29843 -0.462906 -0.886367 0.00815085
10.8523 80.7938 -3.38617 -0.466523 -0.884475 0.00739298
11.7109 80.3475 -2.44593 -0.467724 -0.883821 0.0097686
12.7119 79.8261 -1.33849 -0.470688 -0.882251 0.00923771
13.6025 79.3539 -0.441687 -0.477227 -0.878709 0.0111728
14.5086 78.8707 0.462158 -0.480709 -0.876804 0.0116059
14.6167 78.813 0.573587 -0.480848 -0.87672 0.0120909
14.7792 78.7418 1.93556 -0.482316 -0.875915 0.0119535
13.8113 79.2583 0.96349 -0.478481 -0.878028 0.0109924
12.7598 79.816 -0.0427159 -0.475754 -0.8795 0.0116966
11.7597 80.3377 -1.07654 -0.468015 -0.883651 0.0108087
10.9425 80.7588 -1.99566 -0.465864 -0.884809 0.00906727
10.1072 81.1868 -2.95512 -0.461276 -0.887236 0.00613295
9.19385 81.6494 -3.94392 -0.45524 -0.890326 0.00875176
8.32623 82.0794 -4.84254 -0.447258 -0.894388 0.00549307
7.38691 82.5403 -5.81427 -0.443629 -0.896158 0.00941715
6.52203 82.9527 -6.72201 -0.434926 -0.900436 0.00732356
5.66023 83.3484 -7.59218 -0.418195 -0.908325 0.00769798
4.80335 83.7295 -8.64616 -0.405523 -0.914041 0.0088213
3.97984 84.0864 -9.63603 -0.404923 -0.91433 0.00610877
3.11747 84.4574 -10.5545 -0.396618 -0.917975 0.0039987
2.09237 84.8929 -11.6671 -0.388238 -0.921523 0.00353345
1.08905 85.2954 -12.74 -0.371367 -0.928486 -0.00045406
0.252234 85.6183 -13.634 -0.355009 -0.934859 -0.00272208
-0.693566 85.9801 -14.6782 -0.3422 -0.939586 -0.00833256
-1.5516 86.3014 -15.5755 -0.336353 -0.941565 -0.0179294
-1.63516 86.3327 -15.652 -0.329091 -0.944023 -0.0212287
-2.40074 86.5741 -15.1023 -0.309636 -0.95054 -0.024486
-1.50526 86.2611 -14.2274 -0.32053 -0.947043 -0.0192415
-0.523191 85.9082 -13.1956 -0.34769 -0.937591 -0.00470769
0.291061 85.601 -12.2755 -0.348372 -0.937346 0.00253258
1.38338 85.1861 -11.146 -0.372059 -0.928162 0.00816913
2.44835 84.7505 -9.98479 -0.394083 -0.919016 0.0097774
3.36976 84.3588 -9.02012 -0.401078 -0.916028 0.00546588
4.22461 83.9933 -7.98751 -0.404194 -0.914563 0.0140825
5.05776 83.6311 -6.98132 -0.418134 -0.908353 0.0076811
5.99917 83.2037 -6.00338 -0.41959 -0.907698 0.0053295
6.8962 82.7842 -5.07027 -0.43474 -0.900549 0.00284934
7.89187 82.3012 -4.07752 -0.444748 -0.89563 0.00616114
8.76924 81.8686 -3.1661 -0.44637 -0.894826 0.00636809
9.58721 81.4616 -2.25216 -0.459673 -0.888069 0.00574917
10.406 81.0461 -1.28951 -0.460211 -0.887763 0.0090242
11.2556 80.6115 -0.353047 -0.463423 -0.886104 0.0075418
12.1863 80.1302 0.621631 -0.469128 -0.883098 0.00749756
13.1247 79.6358 1.51086 -0.473689 -0.880672 0.00604862
14.011 79.1673 2.40109 -0.476308 -0.879226 0.00958891
14.738 78.7793 3.10501 -0.479848 -0.877295 0.0099131
14.6129 78.86 4.18646 -0.474994 -0.879947 0.00863845
13.6626 79.3644 3.24798 -0.474116 -0.880428 0.00778342
12.6025 79.9216 2.25382 -0.468833 -0.88324 0.0087099
11.7639 80.3606 1.40646 -0.466346 -0.88458 0.00558663
10.8845 80.8125 0.527528 -0.462565 -0.886554 0.00743339
9.95095 81.2904 -0.512914 -0.456829 -0.889488 0.0103337
9.14295 81.6918 -1.44323 -0.449944 -0.893042 0.00513601
8.26025 82.1272 -2.44711 -0.439379 -0.898292 0.0032174
7.25929 82.6103 -3.49134 -0.437028 -0.899444 0.00217077
6.35518 83.0423 -4.40136 -0.424483 -0.905434 -0.00197673
5.36217 83.5011 -5.3994 -0.417877 -0.908491 0.00466054
4.48655 83.8916 -6.31778 -0.402066 -0.915568 0.00874304
3.68735 84.2321 -7.2661 -0.395423 -0.918486 0.00455485
2.64692 84.6766 -8.53898 -0.39979 -0.916598 0.00392951
1.71877 85.0538 -9.48277 -0.37163 -0.928322 0.010448
0.60672 85.4864 -10.707 -0.358078 -0.933677 -0.00520016
-0.401199 85.8589 -11.7113 -0.334258 -0.942475 -0.00334527
-1.30785 86.1749 -12.7162 -0.320511 -0.947161 -0.0124088
-2.38319 86.5451 -13.8372 -0.313456 -0.949512 -0.0125002
-3.05183 86.7691 -14.4997 -0.279353 -0.959784 -0.0278581
-3.88512 87.0007 -14.0541 -0.281156 -0.959386 -0.0229836
-2.94203 86.7026 -13.1086 -0.284488 -0.958483 -0.0193038
-2.00991 86.3994 -12.1634 -0.305602 -0.952029 -0.0146973
-1.13375 86.1114 -11.1618 -0.314831 -0.94914 -0.000110092
-0.145281 85.7737 -10.1997 -0.347835 -0.93745 0.00302215
0.811782 85.4064 -9.1946 -0.357417 -0.933944 0.00146971
1.81889 85.0166 -8.12443 -0.37358 -0.927597 -0.00138239
2.64984 84.6754 -7.1679 -0.390763 -0.920485 -0.00344115
3.47064 84.3364 -6.20295 -0.388636 -0.921342 0.00901769
4.39008 83.9432 -5.16034 -0.40611 -0.913788 0.00739564
5.28689 83.5403 -4.24346 -0.420848 -0.907124 0.00322529
6.17036 83.1312 -3.35446 -0.427621 -0.90395 0.00362846
7.2142 82.6366 -2.26764 -0.435494 -0.900184 0.00303392
8.10624 82.2098 -1.35006 -0.441259 -0.89735 0.00636613
8.9845 81.7802 -0.268971 -0.448164 -0.8939 0.009539
9.90657 81.3235 0.728551 -0.45779 -0.889021 0.00702379
10.815 80.8584 1.65175 -0.462112 -0.88679 0.00747843
11.8487 80.3236 2.7228 -0.464912 -0.885334 0.00637866
12.8595 79.7978 3.66906 -0.470953 -0.88213 0.00701458
13.7831 79.3118 4.58538 -0.470635 -0.882299 0.00714424
14.4689 78.9492 5.23616 -0.475611 -0.879612 0.00875911
14.3305 79.0335 6.27148 -0.473439 -0.880782 0.00883338
13.3083 79.5708 5.30859 -0.46913 -0.883094 0.00793339
12.252 80.1229 4.3169 -0.465449 -0.885062 0.00472011
11.3101 80.611 3.42106 -0.463016 -0.886325 0.00663346
10.4238 81.0666 2.52603 -0.456663 -0.889619 0.00605397
9.56999 81.5004 1.67528 -0.452961 -0.891513 0.00290075
8.70404 81.9256 0.668314 -0.444622 -0.895697 0.00577664
7.76231 82.3844 -0.405185 -0.441088 -0.897428 0.00709908
6.79163 82.8444 -1.44359 -0.43085 -0.902407 0.00527023
5.85653 83.2838 -2.47787 -0.429474 -0.903067 0.00460777
4.83027 83.7547 -3.45117 -0.414044 -0.910202 0.0100228
3.92044 84.1571 -4.37428 -0.406616 -0.913581 0.00486676
3.09699 84.5016 -5.29973 -0.385125 -0.922833 0.0075288
2.11442 84.8991 -6.4339 -0.381875 -0.924184 0.00670924
1.25105 85.245 -7.43097 -0.369885 -0.929068 0.00207998
0.393866 85.5673 -8.34291 -0.351047 -0.936353 0.00245907
-0.578817 85.9268 -9.365 -0.337376 -0.941315 -0.00665654
-1.56675 86.2604 -10.3314 -0.302079 -0.953135 0.0168097
-2.47407 86.542 -11.3548 -0.299048 -0.954237 0.00103081
-3.51716 86.8636 -12.4069 -0.283041 -0.959098 -0.00429932
-4.42792 87.1309 -13.3336 -0.253976 -0.966844 -0.0266101
-5.4473 87.3871 -13.0441 -0.211307 -0.977046 -0.0270306
-4.48705 87.1241 -12.1023 -0.248006 -0.968728 -0.00733609
-3.45497 86.8379 -11.0421 -0.273157 -0.961934 -0.00307756
-2.40064 86.5178 -9.9038 -0.289264 -0.957247 -0.00221371
-1.46954 86.2231 -8.97671 -0.313594 -0.949551 -0.00302974
-0.560601 85.9146 -8.05889 -0.323302 -0.946278 -0.00574245
0.336857 85.5952 -7.11941 -0.356307 -0.934304 0.0109841
1.2447 85.255 -6.08925 -0.369013 -0.929338 0.0113142
2.06378 84.9316 -5.15434 -0.380062 -0.924928 0.00784295
2.98305 84.5589 -4.13763 -0.3877 -0.921714 0.0114672
3.89392 84.1739 -3.12856 -0.397573 -0.91757 0.000641643
4.79126 83.7789 -2.26699 -0.409585 -0.912264 -0.00308435
5.65604 83.3835 -1.43252 -0.418909 -0.908019 0.00395808
6.49836 82.9897 -0.516511 -0.428928 -0.903318 0.00585766
7.3344 82.5965 0.386745 -0.433394 -0.901189 0.00471647
8.20088 82.1797 1.39976 -0.445311 -0.895367 0.00403882
9.10714 81.7379 2.46764 -0.446596 -0.894688 0.00869766
10.0019 81.2882 3.32831 -0.456123 -0.889898 0.00581864
10.8718 80.8443 4.18074 -0.460993 -0.887361 0.00829595
11.7262 80.4049 5.00511 -0.466575 -0.884446 0.00795663
12.7015 79.8978 5.93207 -0.468084 -0.883652 0.00747058
13.6727 79.3922 6.86578 -0.471494 -0.881827 0.00866958
14.3977 79.0104 7.52573 -0.473934 -0.880522 0.00821251
14.1547 79.1498 8.56065 -0.47292 -0.881084 0.00620946
13.3194 79.5886 7.72631 -0.468542 -0.883424 0.00559348
12.3744 80.0782 6.85733 -0.462972 -0.886337 0.00785283
11.471 80.5451 5.95266 -0.461607 -0.887082 0.00199954
10.4992 81.0452 5.01039 -0.455067 -0.890442 0.00510329
9.41895 81.5896 3.99214 -0.449418 -0.893318 0.00235304
8.49514 82.048 3.0687 -0.441002 -0.897484 0.00581253
7.70216 82.4277 2.1272 -0.440086 -0.897926 0.00723785
6.85841 82.8302 1.16981 -0.430687 -0.902477 0.00660762
5.9289 83.2627 0.112519 -0.425257 -0.905042 0.00743884
4.98902 83.6873 -0.90298 -0.40987 -0.912142 0.0015325
4.06344 84.0988 -1.74805 -0.396261 -0.918108 -0.00658909
3.15181 84.4942 -2.63742 -0.393313 -0.919387 -0.00547302
2.32461 84.8333 -3.57398 -0.367324 -0.930063 0.00687536
1.40456 85.201 -4.57453 -0.373681 -0.927552 0.00237205
0.49772 85.5508 -5.58174 -0.354845 -0.934888 0.00122777
-0.431258 85.8819 -6.61306 -0.326377 -0.94524 0.000121838
-1.45112 86.2196 -7.70342 -0.315686 -0.948696 0.0167767
-2.39625 86.5178 -8.65727 -0.290991 -0.956716 0.00426916
-3.37135 86.8076 -9.61448 -0.271046 -0.962482 -0.0068276
-4.22912 87.0448 -10.5571 -0.256481 -0.966512 -0.00850138
-5.41029 87.3506 -11.7668 -0.238141 -0.971108 -0.0153576
-6.23629 87.5423 -12.5217 -0.204685 -0.978467 -0.0259776
-7.03298 87.6784 -12.0413 -0.16816 -0.985355 -0.0282314
-5.98503 87.4562 -11.0187 -0.198285 -0.979939 -0.0200059
-5.00737 87.2294 -10.0497 -0.224564 -0.974353 -0.0144167
-4.03372 86.9845 -9.00248 -0.259012 -0.965873 -0.00108514
-3.01636 86.7015 -7.99651 -0.274157 -0.96163 0.00731625
-2.10087 86.4435 -7.10015 -0.295004 -0.955301 0.0137172
-1.23803 86.1579 -6.15963 -0.32229 -0.946638 -0.00251329
-0.315876 85.8427 -5.17305 -0.327349 -0.944896 0.00384761
0.541216 85.5333 -4.24092 -0.351722 -0.936103 -0.0012739
1.54407 85.1431 -3.12547 -0.360675 -0.932671 0.00313456
2.44342 84.7917 -2.09041 -0.386302 -0.922336 -0.000602999
3.33948 84.4051 -1.23395 -0.39281 -0.919606 -0.00508997
4.2346 84.0226 -0.413528 -0.399173 -0.916876 0.000618102
5.10007 83.6408 0.508722 -0.413478 -0.910511 -0.000240695
6.02831 83.2235 1.49128 -0.423207 -0.906003 0.00645234
6.91898 82.8099 2.52811 -0.430349 -0.902648 0.00501334
7.76098 82.4093 3.50651 -0.434609 -0.90061 0.00175082
8.72926 81.9354 4.50999 -0.446329 -0.894868 -0.000689801
9.77799 81.4125 5.51523 -0.448755 -0.893652 0.000197482
10.8194 80.8836 6.53008 -0.457491 -0.889214 -0.00064544
11.6754 80.4455 7.34474 -0.459225 -0.888296 0.00654004
12.5797 79.981 8.21644 -0.463479 -0.886093 0.00492361
13.4543 79.5242 9.06376 -0.468706 -0.883348 0.00330096
13.85 79.3161 9.49111 -0.469085 -0.88314 0.00476947
13.5507 79.4795 10.4248 -0.465063 -0.885272 0.00301617
12.6606 79.9435 9.49495 -0.462043 -0.886854 0.00217222
11.5181 80.5327 8.39786 -0.45881 -0.888523 0.00448285
10.6086 80.9951 7.51887 -0.454926 -0.890513 0.00531256
9.72501 81.4396 6.65544 -0.45016 -0.892945 0.00236643
8.64822 81.976 5.61195 -0.445491 -0.895286 4.45296e-06
7.7215 82.4253 4.72762 -0.434766 -0.900538 -0.00305301
6.89531 82.8227 3.8182 -0.429852 -0.902898 -0.00114203
6.04791 83.2194 2.85471 -0.416612 -0.909084 0.000727871
4.95386 83.7101 1.58935 -0.406787 -0.913522 0.00170189
3.8885 84.1722 0.493733 -0.396688 -0.917941 -0.00469359
2.92409 84.5779 -0.415347 -0.383065 -0.923717 -0.00193833
1.79283 85.0522 -1.51822 -0.362258 -0.932024 -0.00668476
0.885544 85.3977 -2.52015 -0.355384 -0.934702 0.0017217
0.062686 85.71 -3.45616 -0.348608 -0.937259 -0.0041326
-0.784433 86.0079 -4.37128 -0.317264 -0.948321 0.000634654
-1.7204 86.3173 -5.35011 -0.30153 -0.953375 -0.0102966
-2.67052 86.6196 -6.38296 -0.272215 -0.962221 -0.0025577
-3.75 86.9071 -7.46921 -0.254404 -0.967092 -0.00246334
-4.76804 87.1758 -8.48428 -0.238976 -0.971012 0.00425393
-5.7507 87.3852 -9.50809 -0.193504 -0.980958 -0.00199588
-6.74394 87.592 -10.4809 -0.182958 -0.982842 -0.0225278
-7.83937 87.796 -11.5566 -0.151812 -0.988025 -0.0262597
-7.93286 87.8144 -11.6654 -0.143532 -0.989115 -0.0301348
-8.84155 87.925 -11.3665 -0.116016 -0.99284 -0.0245996
-7.90791 87.7815 -10.3797 -0.138385 -0.990023 -0.0207381
-6.81023 87.5851 -9.28265 -0.166471 -0.986008 -0.00638334
-5.93369 87.4296 -8.35312 -0.178649 -0.983863 0.00764174
-4.99549 87.232 -7.46247 -0.234639 -0.972 -0.00793741
-4.06963 86.9896 -6.51869 -0.24674 -0.969036 0.000655029
-3.12559 86.7368 -5.55862 -0.267382 -0.963535 -0.00789244
-2.19866 86.4553 -4.57125 -0.284723 -0.958565 -0.00675127
-1.18912 86.1401 -3.5121 -0.310458 -0.95056 -0.00285556
-0.207585 85.8017 -2.47151 -0.324355 -0.94591 -0.00627492
0.613146 85.4968 -1.51626 -0.341234 -0.939946 -0.00734888
1.45164 85.1805 -0.594413 -0.362546 -0.93191 -0.00746257
2.46113 84.7669 0.345484 -0.37483 -0.927053 0.00461125
3.54826 84.3154 1.39863 -0.392297 -0.91983 0.00383289
4.54501 83.8927 2.42328 -0.398084 -0.917348 0.00122299
5.35528 83.533 3.37909 -0.408664 -0.912674 -0.00437873
6.22639 83.1363 4.37457 -0.414161 -0.910189 -0.00379326
7.21076 82.6681 5.42468 -0.427458 -0.904033 -0.00161766
8.28815 82.1521 6.4527 -0.436093 -0.899893 -0.000530445
9.24565 81.6836 7.40349 -0.446053 -0.894989 0.00475648
10.117 81.2495 8.24836 -0.451862 -0.892073 0.00454277
11.2267 80.6852 9.325 -0.457341 -0.889289 0.00222108
12.0982 80.2359 10.1429 -0.460109 -0.887861 0.00077576
12.9331 79.8057 11.0322 -0.461085 -0.887354 0.000782805
13.3346 79.5956 11.5014 -0.463403 -0.886147 -0.000347107
12.8049 79.8714 12.1938 -0.462529 -0.886604 -0.000490872
11.9666 80.3079 11.2331 -0.458772 -0.888545 0.00369605
11.0742 80.7639 10.3427 -0.45799 -0.888958 0.000186427
10.1126 81.255 9.46143 -0.451977 -0.892026 0.00254972
9.25707 81.6805 8.60685 -0.444314 -0.895868 0.00191975
8.35915 82.1218 7.76235 -0.438257 -0.898839 0.000440857
7.50105 82.5319 6.91515 -0.432807 -0.901483 0.00236545
6.46307 83.0234 5.88303 -0.429426 -0.903098 0.00268052
5.5802 83.4257 4.94067 -0.407717 -0.913105 -0.00255953
4.76134 83.7944 4.03656 -0.407189 -0.913339 -0.002926
3.97339 84.1376 3.1042 -0.390218 -0.920722 0.000598604
3.13684 84.4909 2.21826 -0.387998 -0.921659 0.00137749
2.23954 84.8602 1.32293 -0.369723 -0.929136 0.00237321
1.0935 85.3078 0.293073 -0.363483 -0.931486 -0.0145095
0.207813 85.638 -0.58419 -0.340132 -0.94036 -0.0057113
-0.657561 85.9517 -1.61766 -0.32217 -0.946663 -0.00486871
-1.6696 86.2901 -2.73748 -0.300165 -0.953867 -0.00246712
-2.75203 86.6165 -3.87419 -0.278143 -0.960518 -0.00182394
-3.77079 86.9064 -4.94747 -0.258936 -0.965861 -0.007965
-4.85561 87.1857 -6.05921 -0.235949 -0.971742 0.00678942
-5.87528 87.4232 -7.00176 -0.205175 -0.978439 -0.0235616
-6.80216 87.5845 -7.95404 -0.171061 -0.985233 0.00590384
-7.76393 87.7466 -8.96545 -0.152505 -0.988224 0.00119153
-8.67301 87.8648 -9.83361 -0.118301 -0.992757 -0.0209395
-9.67009 87.9856 -10.8444 -0.0802812 -0.995887 -0.0419974
-9.81897 88.0048 -11.0145 -0.0779081 -0.996097 -0.041408
-10.9128 88.0544 -10.8529 -0.0319704 -0.998905 -0.0340918
-9.97695 87.9789 -9.83653 -0.0741266 -0.997179 -0.0112323
-9.0247 87.8955 -8.93755 -0.0930942 -0.995509 0.0161905
-8.04541 87.7889 -7.98345 -0.152313 -0.988316 -0.00446527
-7.05624 87.629 -6.88721 -0.164657 -0.986351 4.43393e-05
-6.02161 87.44 -5.88551 -0.192004 -0.98136 -0.00374402
-5.07871 87.2406 -4.98185 -0.22568 -0.974181 0.00627462
-4.14583 86.9999 -4.01765 -0.259 -0.96585 -0.00723884
-3.17132 86.7352 -3.01027 -0.262697 -0.964842 0.00725741
-2.26797 86.4744 -2.08294 -0.288633 -0.957424 0.000731245
-1.42927 86.2109 -1.16002 -0.312585 -0.949873 0.000956912
-0.566298 85.907 -0.150423 -0.324197 -0.945947 -0.00882851
0.386309 85.5611 0.844711 -0.343512 -0.93912 -0.00729021
1.47067 85.1555 1.81428 -0.351625 -0.936131 -0.00440815
2.57554 84.7242 2.86836 -0.38168 -0.924292 0.000323006
3.42857 84.3693 3.80361 -0.3903 -0.920687 0.00115084
4.39022 83.9541 4.93117 -0.395479 -0.918469 -0.00119935
5.36806 83.5247 5.96845 -0.407282 -0.913287 0.00516078
6.1993 83.1471 6.84198 -0.418835 -0.908051 -0.00249416
7.06097 82.7418 7.68873 -0.424622 -0.905364 0.0030633
7.94295 82.3236 8.57435 -0.432464 -0.90165 0.00129774
8.98265 81.8163 9.56083 -0.441111 -0.897447 -0.00226278
9.98133 81.3186 10.5278 -0.448463 -0.893782 -0.00583493
10.9018 80.8511 11.425 -0.452126 -0.891947 -0.00361748
11.7848 80.397 12.3366 -0.455792 -0.890081 -0.00295629
12.5922 79.9796 13.2606 -0.458757 -0.888556 -0.00326127
12.0807 80.2415 13.9798 -0.458639 -0.888617 0.000968685
11.1918 80.6985 12.9838 -0.45374 -0.891131 -0.00233821
10.3078 81.1487 12.0666 -0.45119 -0.892418 -0.00409631
9.42197 81.5951 11.1923 -0.44136 -0.897317 -0.00484801
8.46183 82.0661 10.2626 -0.436648 -0.899625 -0.0035739
7.54266 82.5154 9.38117 -0.430168 -0.902744 -0.00180403
6.61968 82.9512 8.44605 -0.422332 -0.906436 0.00307896
5.63398 83.4039 7.52653 -0.413959 -0.910267 0.00492385
4.69085 83.8277 6.55426 -0.407568 -0.913174 -0.000108303
3.66686 84.269 5.43305 -0.398302 -0.917244 0.00429989
2.84884 84.6126 4.47311 -0.384591 -0.923081 0.0033598
1.8123 85.0371 3.31795 -0.366695 -0.930318 0.000580651
0.842345 85.3868 2.44633 -0.332988 -0.942877 0.00252027
-0.187216 85.7656 1.53977 -0.331616 -0.943316 -0.0128644
-1.05687 86.0686 0.631198 -0.321498 -0.946888 -0.00623198
-1.93216 86.364 -0.415916 -0.291854 -0.956386 -0.0120551
-2.7902 86.6311 -1.34438 -0.283685 -0.958903 -0.00110262
-3.72363 86.8896 -2.30016 -0.256803 -0.966462 0.00181404
-4.69081 87.1363 -3.29013 -0.250261 -0.968107 -0.0116101
-5.73215 87.3814 -4.39293 -0.199041 -0.979971 -0.00309967
-6.66218 87.5491 -5.24937 -0.173629 -0.984758 -0.00566806
-7.61237 87.7177 -6.14445 -0.150659 -0.988575 -0.00192318
-8.54346 87.856 -7.13863 -0.112037 -0.993668 0.000125677
-9.52067 87.9433 -8.13803 -0.069585 -0.997554 0.00608479
-10.5812 88.0162 -9.1655 -0.0533799 -0.998514 -0.00920397
-11.5519 88.0545 -10.1446 -0.0222437 -0.999621 -0.00188281
-11.9845 88.0685 -10.6175 0.0150297 -0.998969 -0.035576
-13.2967 88.0159 -10.6731 0.0670283 -0.997712 -0.00750839
-12.4376 88.0452 -9.74695 0.0221118 -0.999737 -0.00580676
-11.359 88.0374 -8.66022 -0.0343584 -0.999364 -0.00645285
-10.4581 88.0033 -7.7791 -0.0572573 -0.998348 0.000443932
-9.53306 87.9463 -6.87079 -0.0676644 -0.997708 0.00046778
-8.62091 87.8595 -5.84951 -0.12743 -0.991834 -4.54926e-05
-7.66435 87.7157 -4.91328 -0.162591 -0.986687 -0.0036896
-6.72375 87.5574 -4.08708 -0.165275 -0.98623 -0.00557797
-5.82725 87.3889 -3.18849 -0.187527 -0.982039 -0.0193195
-4.95276 87.1927 -2.26585 -0.222031 -0.974681 -0.013349
-3.9415 86.9456 -1.24583 -0.247874 -0.968777 -0.00527924
-2.91348 86.6522 -0.177987 -0.266621 -0.963598 -0.0198067
-2.07427 86.3915 0.784846 -0.292606 -0.956137 -0.0135471
-1.20483 86.1039 1.77218 -0.313439 -0.949524 -0.0120026
-0.323288 85.7994 2.64535 -0.331969 -0.943241 -0.00660006
0.808148 85.4119 3.567 -0.33792 -0.941121 0.00511753
1.7529 85.0586 4.5167 -0.353998 -0.935244 -0.00197718
2.67143 84.6897 5.60288 -0.385917 -0.922532 0.00164924
3.49794 84.3431 6.54546 -0.390908 -0.920429 -0.00111844
4.31296 83.9922 7.44905 -0.397692 -0.917502 -0.00416251
5.25319 83.5758 8.36062 -0.404233 -0.914654 0.00176449
6.28026 83.1061 9.3303 -0.420683 -0.907192 -0.00530608
7.415 82.5714 10.4459 -0.432855 -0.901451 -0.00408168
8.29981 82.1416 11.3115 -0.433115 -0.901335 -0.00264681
9.15582 81.7213 12.1659 -0.441566 -0.897224 -0.00297905
10.0064 81.2982 13.0258 -0.448098 -0.893983 0.000191788
10.9815 80.8037 14.0234 -0.454294 -0.89085 0.00194123
11.4584 80.5625 14.5647 -0.45281 -0.891601 0.00338879
10.8306 80.8825 15.1607 -0.451509 -0.892264 0.00183425
9.96734 81.317 14.1681 -0.443918 -0.896067 0.000940322
9.04017 81.7756 13.2968 -0.441236 -0.897386 0.00070681
8.18049 82.1975 12.4344 -0.436329 -0.899783 -0.00227733
7.30277 82.619 11.5413 -0.431056 -0.902316 -0.00231746
6.31686 83.0846 10.6143 -0.419908 -0.907561 0.000858371
5.33871 83.5338 9.60996 -0.412252 -0.911044 -0.0067871
4.27871 84.0034 8.66854 -0.398362 -0.917228 4.55925e-06
3.40877 84.3764 7.76861 -0.385073 -0.922869 -0.00537159
2.5005 84.7572 6.69961 -0.373604 -0.927568 -0.00597718
1.65238 85.0978 5.77314 -0.35847 -0.933534 0.00227629
0.691392 85.4552 4.6433 -0.336077 -0.941809 0.00510358
-0.3939 85.8299 3.74123 -0.319461 -0.947557 0.00758286
-1.38469 86.1533 2.86536 -0.312549 -0.949901 -0.00124988
-2.32821 86.4598 1.85801 -0.299231 -0.95418 0.00123382
-3.17367 86.7126 0.857983 -0.261687 -0.965072 -0.0113399
-4.09643 86.9692 -0.112723 -0.232049 -0.972533 -0.0180599
-5.22603 87.2414 -1.27494 -0.195757 -0.980648 -0.0028598
-6.12126 87.4293 -2.20388 -0.185417 -0.982566 -0.0095587
-6.99877 87.5914 -3.1153 -0.165153 -0.986162 -0.0144243
-7.98623 87.7557 -3.97625 -0.147009 -0.988984 -0.017312
-8.9115 87.8731 -4.82934 -0.0867587 -0.995849 -0.0244986
-9.89207 87.9727 -5.89851 -0.0690928 -0.997586 -0.00392069
-10.7716 88.0145 -6.81119 -0.0396215 -0.999214 -0.000989675
-11.7211 88.0379 -7.76043 0.00243988 -0.999909 -0.0124585
-12.7386 88.0389 -8.72547 0.0172011 -0.999845 0.00382769
-13.6573 87.9884 -9.71047 0.0678227 -0.997694 -0.00250412
-14.5302 87.917 -10.6299 0.10727 -0.99421 -0.006361
-14.8519 87.8842 -10.9344 0.107219 -0.994217 -0.00608
-16.8015 87.6287 -11.359 0.144829 -0.989438 -0.00398236
-15.6729 87.7827 -10.4389 0.136772 -0.990576 -0.0072283
-14.5328 87.9178 -9.31493 0.112596 -0.993634 0.00332949
-13.5471 87.9969 -8.24625 0.0737407 -0.997272 -0.000390563
-12.6044 88.0215 -7.33072 0.0343285 -0.999388 -0.00566732
-11.7143 88.0354 -6.43749 0.00919624 -0.999902 -0.00236695
-10.7046 88.0033 -5.41699 -0.0353118 -0.99917 -0.0193069
-9.65414 87.9289 -4.27363 -0.0659215 -0.997782 -0.00476794
-8.61652 87.8366 -3.34325 -0.08601 -0.996293 0.00102492
-7.59363 87.6793 -2.44699 -0.155775 -0.987757 -0.00788921
-6.68721 87.5201 -1.4698 -0.161763 -0.986758 -0.0118458
-5.70002 87.3331 -0.452857 -0.190804 -0.981609 -0.00541999
-4.77606 87.1214 0.438598 -0.227846 -0.97364 -0.0101508
-3.78037 86.8708 1.5817 -0.255857 -0.966491 0.0205117
-2.79149 86.5999 2.68372 -0.282477 -0.959146 -0.0125969
-1.84155 86.3009 3.67256 -0.293786 -0.955802 -0.0114528
-0.878147 85.9967 4.4945 -0.313207 -0.949586 0.0137379
0.347133 85.5847 5.58301 -0.340649 -0.940167 0.000598087
1.32025 85.2213 6.6942 -0.348949 -0.937084 -0.00969645
2.16433 84.8887 7.62065 -0.372441 -0.928052 -0.00272724
2.97197 84.5553 8.61341 -0.38256 -0.92393 -0.000541763
3.97549 84.1332 9.58058 -0.390996 -0.920378 -0.00496965
4.9978 83.684 10.4793 -0.406632 -0.913549 -0.0050427
5.83626 83.3034 11.3945 -0.411883 -0.911233 -0.00218291
6.73467 82.8845 12.2117 -0.424328 -0.905501 -0.00366221
7.58232 82.4838 13.0754 -0.425587 -0.904916 -0.000622645
8.43556 82.0717 13.9565 -0.436189 -0.899855 -0.0002973
9.43527 81.5815 14.8567 -0.443916 -0.896067 0.00169653
10.1983 81.2027 15.7284 -0.449783 -0.893135 0.00210246
9.36443 81.6206 16.0555 -0.445272 -0.895391 0.00276644
8.51373 82.0347 15.1848 -0.43491 -0.900471 0.00195533
7.52066 82.5127 14.3216 -0.430422 -0.902618 -0.00108231
6.66726 82.9148 13.3696 -0.425307 -0.905049 0.000118618
5.702 83.3586 12.4754 -0.415186 -0.909729 -0.00315744
4.63683 83.8372 11.3606 -0.396484 -0.918039 -0.00213742
3.68032 84.2533 10.4622 -0.388352 -0.921498 -0.00500657
2.74447 84.6489 9.7164 -0.378621 -0.925543 -0.000175549
1.8368 85.0093 8.56048 -0.359206 -0.933227 0.00721511
0.966973 85.3434 7.60436 -0.340498 -0.940239 -0.00347073
0.135162 85.6482 6.67029 -0.328667 -0.94434 -0.0139271
-0.850204 85.9953 5.68778 -0.314333 -0.94931 -0.0023436
-1.87802 86.3134 4.79281 -0.284068 -0.958763 0.00875816
-2.8879 86.6121 3.91981 -0.273495 -0.961815 -0.00761023
-3.86645 86.8949 2.84076 -0.242719 -0.96991 -0.0186542
-4.83514 87.1261 1.74495 -0.218013 -0.975912 0.00816637
-5.67105 87.3226 0.784031 -0.210671 -0.977511 -0.00768753
-6.69937 87.5212 -0.146169 -0.187097 -0.982324 -0.00377614
-7.63868 87.6725 -1.20806 -0.157308 -0.98751 -0.00699476
-8.52173 87.8182 -2.10863 -0.141533 -0.989908 -0.00701688
-9.53436 87.9178 -2.94152 -0.0827818 -0.996562 0.00267699
-10.6786 87.9904 -4.02391 -0.0569111 -0.998377 0.00152116
-11.6026 88.0205 -5.04017 -0.017894 -0.999833 -0.00372762
-12.584 88.0173 -6.03216 0.030943 -0.999505 0.00478283
-13.5562 87.984 -6.95377 0.0435068 -0.999043 -0.00404912
-14.5178 87.9145 -7.91455 0.0889847 -0.995974 -0.0106238
-15.551 87.7992 -9.00023 0.116897 -0.993143 -0.0010757
-16.4333 87.6793 -9.91546 0.149684 -0.98872 0.00463133
-17.4265 87.533 -10.7015 0.162939 -0.986475 -0.00151323
-18.3104 87.3583 -11.6218 0.210285 -0.97762 0.00618496
-18.3929 87.3399 -11.7227 0.212186 -0.977208 -0.000169737
-20.3577 86.8843 -12.3409 0.251637 -0.967811 0.0042077
-19.317 87.1345 -11.367 0.232002 -0.972709 0.00302078
-18.4765 87.329 -10.4469 0.200363 -0.979721 0.000729749
-17.3345 87.5442 -9.4163 0.151205 -0.988491 0.00453163
-16.3373 87.7033 -8.5083 0.151373 -0.98843 0.00666953
-15.4353 87.8173 -7.58297 0.119599 -0.992815 0.00346272
-14.5875 87.9061 -6.64434 0.0916004 -0.995776 0.0017383
-13.531 87.9797 -5.70058 0.0481656 -0.998831 0.00391999
-12.5972 88.0229 -4.68866 0.0348925 -0.999327 0.00282197
-11.6675 88.0182 -3.78481 -0.0102161 -0.999894 -0.00879015
-10.7795 87.9911 -2.89773 -0.0417935 -0.998861 -0.0182791
-9.82339 87.9471 -1.97325 -0.0638676 -0.99775 0.00364366
-8.68793 87.8185 -1.07224 -0.13653 -0.990343 -0.0237486
-7.92286 87.7071 -0.0685193 -0.13749 -0.990487 -0.00533335
-6.86176 87.5535 0.916205 -0.160428 -0.987047 -0.00102751
-5.84458 87.3469 1.90735 -0.202899 -0.979135 -0.0112206
-5.00307 87.1606 2.93662 -0.204071 -0.978759 -0.0186738
-4.11574 86.9349 3.83585 -0.244944 -0.969239 -0.0239798
-3.25156 86.7045 4.82729 -0.254517 -0.966996 0.0113798
-2.24887 86.4292 5.6621 -0.278231 -0.960481 0.00634031
-1.32254 86.1429 6.49615 -0.295767 -0.955243 -0.00564878
-0.343569 85.8041 7.48153 -0.326991 -0.944963 -0.0110008
0.522835 85.4997 8.47339 -0.329181 -0.944215 0.00978547
1.53424 85.1346 9.48531 -0.364441 -0.931201 0.00139737
2.3119 84.8203 10.5324 -0.371717 -0.928339 -0.00370998
3.5864 84.2875 11.4923 -0.383807 -0.923395 0.000287981
4.41638 83.9333 12.3984 -0.399663 -0.916658 0.00281527
5.29633 83.5421 13.317 -0.409373 -0.912361 -0.00335654
6.23968 83.1102 14.19 -0.416326 -0.909212 -0.00257401
7.02862 82.7424 15.1188 -0.420241 -0.907412 0.000938492
7.9699 82.2981 15.8793 -0.431096 -0.902303 0.00228125
8.28962 82.1453 16.1514 -0.435421 -0.900219 0.00357887
7.09157 82.718 16.2838 -0.428817 -0.903385 0.00282042
6.01596 83.211 15.3449 -0.417313 -0.908755 0.00370437
5.222 83.5702 14.3972 -0.410052 -0.912048 -0.0051769
4.12729 84.0589 13.4405 -0.393724 -0.919202 -0.00692374
3.36322 84.3859 12.4763 -0.385031 -0.922896 0.00310589
2.39885 84.7811 11.6284 -0.376605 -0.926342 -0.00468625
1.42077 85.1727 10.8979 -0.358009 -0.933688 -0.00664881
0.725106 85.4353 9.86694 -0.339182 -0.940681 0.0086442
-0.255055 85.7738 9.00978 -0.320391 -0.947262 0.00517432
-1.12431 86.0587 7.97249 -0.303016 -0.952859 -0.0154901
-2.10402 86.3779 7.06317 -0.280966 -0.959602 -0.0135092
-3.07153 86.6594 6.02996 -0.264861 -0.964269 -0.00581204
-4.21438 86.9581 4.97715 -0.251859 -0.967668 0.0135933
-5.1371 87.1659 4.11953 -0.217813 -0.975955 -0.00825071
-6.04432 87.3713 3.17998 -0.190075 -0.981636 -0.0151463
-6.90854 87.5577 2.16101 -0.178839 -0.983735 -0.0101976
-7.86782 87.7066 1.22734 -0.128057 -0.991693 0.00608043
-8.80983 87.8122 0.222458 -0.102501 -0.994717 0.00505735
-9.63561 87.9126 -0.720653 -0.0865393 -0.996024 -0.0211111
-10.8472 87.9869 -1.70564 -0.0329301 -0.999456 -0.000380022
-11.8983 88.0036 -2.62462 -0.0139314 -0.999851 -0.00755032
-12.7352 88.008 -3.62789 0.0351095 -0.999249 -0.0163598
-13.7609 87.9712 -4.55377 0.043303 -0.99906 0.0011198
-14.7614 87.8949 -5.50235 0.0996761 -0.994809 0.019555
-15.6629 87.7932 -6.42524 0.116827 -0.993119 0.00309997
-16.7103 87.6533 -7.52841 0.14531 -0.989281 0.00565015
-17.6818 87.4913 -8.52324 0.155935 -0.987765 0.00165032
-18.6717 87.3016 -9.32109 0.199877 -0.979591 0.0206251
-19.5788 87.0793 -10.3481 0.23096 -0.972913 0.00993484
-20.5878 86.8247 -11.3664 0.249401 -0.968391 -0.00420534
-21.6267 86.5471 -12.2767 0.281045 -0.959584 0.00551251
-22.1119 86.401 -12.7037 0.289077 -0.957171 -0.0158974
-23.253 86.0368 -12.7258 0.321491 -0.946897 -0.00543752
-22.2234 86.3696 -11.6711 0.300327 -0.953811 0.00664076
-21.2767 86.6412 -10.7271 0.261863 -0.965069 -0.00316851
-20.388 86.8849 -9.86197 0.260527 -0.965407 0.0107093
-19.5008 87.1178 -8.96823 0.234951 -0.971905 0.0141096
-18.6348 87.3246 -8.07111 0.196406 -0.980217 0.00124189
-17.649 87.5079 -7.09543 0.15701 -0.987569 0.00656683
-16.6947 87.6556 -6.17771 0.143261 -0.989684 0.00043816
-15.6518 87.8 -5.07913 0.133444 -0.991054 -0.00217817
-14.6687 87.9119 -4.19553 0.0868179 -0.996064 -0.0100963
-13.8178 87.9644 -3.22361 0.0397866 -0.999192 -0.000577934
-12.8496 87.9908 -2.3995 0.0292839 -0.99957 -0.00106223
-11.9389 88.0027 -1.52327 0.00137983 -0.999984 -0.00407005
-11.1159 87.9883 -0.512226 -0.0179583 -0.999647 -0.019287
-9.9338 87.9104 0.333987 -0.0676545 -0.997498 -0.020192
-8.93592 87.8317 1.3105 -0.0625687 -0.997984 -0.0082367
-7.92894 87.7119 2.56414 -0.122551 -0.992286 -0.0186024
-6.98302 87.5502 3.41531 -0.188534 -0.981914 -0.0171137
-6.00794 87.3548 4.51967 -0.199162 -0.97989 -0.000984697
-4.95155 87.1511 5.41559 -0.217416 -0.975554 0.0268681
-4.0898 86.934 6.37484 -0.257821 -0.966177 -0.00532626
-3.23762 86.6981 7.38151 -0.272264 -0.96219 -0.00326683
-2.0898 86.3581 8.40527 -0.290092 -0.956989 0.00129756
-1.13699 86.0683 9.41419 -0.303186 -0.952878 0.00970864
-0.209779 85.7736 10.2789 -0.313159 -0.949667 0.00143779
0.763043 85.4159 11.2226 -0.349049 -0.937066 -0.00850494
1.76047 85.0305 12.2163 -0.363643 -0.931535 0.00253031
2.68649 84.667 13.2014 -0.379591 -0.925131 0.00212722
3.65374 84.2559 14.2605 -0.394321 -0.918947 -0.00648303
4.63749 83.8296 15.129 -0.399425 -0.916764 -1.5484e-05
5.51787 83.4403 16.116 -0.413635 -0.91043 0.00489328
4.1215 84.0549 15.9383 -0.398732 -0.917044 0.00652193
3.24628 84.4265 15.0844 -0.384334 -0.923191 -0.00257369
2.27001 84.8245 14.1016 -0.373241 -0.92773 -0.000457676
1.31856 85.2029 13.1743 -0.360779 -0.932636 -0.00509636
0.221723 85.6133 12.0599 -0.337204 -0.941404 0.00533747
-0.711911 85.9357 11.097 -0.312016 -0.950056 -0.00368402
-1.70791 86.2469 10.1262 -0.287722 -0.957709 0.00157339
-2.58776 86.5079 9.25039 -0.284428 -0.958697 0.000221455
-3.52872 86.7798 8.30754 -0.264597 -0.964262 0.00121817
-4.56344 87.0492 7.27472 -0.252182 -0.96758 -0.0136322
-5.5376 87.2759 6.29252 -0.201232 -0.979452 0.000362612
-6.43792 87.4342 5.39634 -0.155688 -0.987797 0.00434017
-7.52227 87.6131 4.31589 -0.145016 -0.989082 -0.0259277
-8.41678 87.752 3.41782 -0.112992 -0.99311 -0.0261515
-9.53842 87.8689 2.29691 -0.0634418 -0.997937 -0.00680233
-10.4367 87.9202 1.40141 -0.0486058 -0.998574 -0.021827
-11.5945 87.982 0.243639 -0.0115247 -0.999823 -0.0148434
-12.5957 87.9905 -0.634228 0.0132314 -0.999846 -0.0102951
-13.5218 87.97 -1.67079 0.0507496 -0.998577 -0.0163914
-14.4421 87.9238 -2.56202 0.0750494 -0.996993 -0.01926
-15.5832 87.8091 -3.68812 0.12373 -0.992285 0.00729229
-16.4902 87.6859 -4.56718 0.13234 -0.991194 -0.00428485
-17.4104 87.5522 -5.64047 0.174269 -0.984569 0.0157955
-18.5363 87.336 -6.39304 0.206108 -0.978517 -9.27501e-05
-19.3778 87.1559 -7.51817 0.225837 -0.974165 0.000974858
-20.4103 86.894 -8.56158 0.254529 -0.967032 0.00792718
-21.2498 86.6539 -9.4075 0.264771 -0.964271 0.00851982
-22.224 86.3709 -10.3948 0.276081 -0.961117 -0.00438269
-23.1877 86.0648 -11.3056 0.31605 -0.948673 0.0084882
-24.0568 85.7599 -12.2187 0.324284 -0.945953 -0.00359238
-24.6984 85.5371 -12.8603 0.335125 -0.942162 -0.00364633
-26.0393 85.0402 -12.9385 0.358786 -0.933405 -0.0027189
-25.2901 85.3236 -11.9328 0.344378 -0.93877 -0.0036822
-24.4261 85.6366 -10.8941 0.334944 -0.942213 0.00663471
-23.4464 85.979 -10.1481 0.319097 -0.94771 -0.00398946
-22.3904 86.3215 -9.50461 0.286886 -0.957945 0.0060308
-21.7557 86.5214 -8.17171 0.29377 -0.955826 0.00967629
-20.8171 86.789 -7.29068 0.259184 -0.965779 -0.00101791
-19.9173 87.02 -6.28105 0.245898 -0.969292 -0.00135357
-18.8182 87.2771 -5.37387 0.218895 -0.975676 0.0118755
-17.974 87.455 -4.53829 0.178897 -0.983855 -0.00474058
-16.9229 87.6188 -3.45264 0.148772 -0.988861 0.00105715
-15.9336 87.7687 -2.59366 0.124176 -0.992227 -0.00178805
-14.8678 87.8764 -1.70187 0.0807592 -0.996715 -0.00604025
-13.9156 87.9329 -0.52084 0.0545362 -0.998457 -0.0102915
-12.8556 87.9686 0.192342 0.0345336 -0.999252 -0.0171679
-12.0366 87.9698 1.31475 -0.00615491 -0.999873 -0.014492
-11.1222 87.9466 2.2061 -0.0379967 -0.999277 0.000406223
-10.0361 87.886 3.26617 -0.0540136 -0.998437 -0.0143272
-9.01169 87.8014 4.07384 -0.0756231 -0.997129 0.00390808
-8.0154 87.6693 5.144 -0.124611 -0.99219 -0.000908986
-7.1025 87.5418 6.18558 -0.145931 -0.989266 0.00754709
-5.99097 87.3619 7.10051 -0.184325 -0.982842 -0.00640749
-5.0234 87.1532 8.08493 -0.234403 -0.972103 0.00843557
-4.05893 86.9184 9.09289 -0.250582 -0.968075 -0.00026541
-3.30978 86.713 10.0803 -0.264393 -0.964373 0.00887661
-2.03572 86.3468 10.9491 -0.288626 -0.957425 0.00348157
-1.15576 86.0801 12.0251 -0.310451 -0.950588 0.000528435
-0.34323 85.8134 13.0169 -0.314324 -0.949316 0.000400794
0.624397 85.4634 13.7975 -0.344317 -0.938755 -0.0133218
1.70999 85.0431 14.7669 -0.360733 -0.932667 -0.00200959
2.445 84.7624 15.7749 -0.368112 -0.929717 0.0103351
2.48747 84.7458 15.8173 -0.376091 -0.926532 0.00737508
1.38825 85.173 15.7411 -0.360598 -0.932644 0.0120118
0.357734 85.5498 14.8028 -0.340368 -0.940262 -0.00170955
-0.799161 85.9608 13.8483 -0.316435 -0.948581 -0.00782345
-1.82509 86.2951 12.613 -0.302077 -0.953281 -0.00198732
-2.614 86.5252 11.6505 -0.282498 -0.959181 0.0128651
-3.68115 86.8185 10.9635 -0.246114 -0.969234 -0.00321172
-4.60318 87.0468 9.90019 -0.20782 -0.977949 -0.0173624
-5.46297 87.2395 8.90446 -0.199066 -0.979949 -0.0075256
-6.45538 87.4375 7.9624 -0.172878 -0.984897 -0.00745007
-7.4868 87.6068 7.12495 -0.142659 -0.989721 0.00880504
-8.38285 87.718 6.0435 -0.126295 -0.991987 0.00242883
-9.3958 87.8331 4.96491 -0.0764471 -0.997073 0.000277687
-10.5855 87.9078 4.09621 -0.0477201 -0.99875 0.0148408
-11.5199 87.9504 3.21547 -0.0233441 -0.999722 -0.00340015
-12.4461 87.9678 2.18205 0.000270613 -0.999993 -0.00207225
-13.2956 87.9545 1.23297 0.0472995 -0.99888 -0.00108606
-14.3228 87.8921 0.304269 0.0717062 -0.997323 -0.0136275
-15.2598 87.8307 -0.650292 0.0869879 -0.996125 -0.01292
-16.4333 87.6964 -1.72532 0.147909 -0.988994 0.000824532
-17.5066 87.5184 -2.73338 0.177902 -0.98404 -0.00304853
-18.4148 87.3549 -3.82492 0.221027 -0.975142 -0.0146695
-19.3366 87.1548 -4.70086 0.235294 -0.971867 -0.0104833
-20.4036 86.8946 -5.48556 0.245642 -0.969356 -0.00292858
-21.3237 86.6461 -6.4125 0.276593 -0.960974 -0.00495333
-22.1656 86.3992 -7.32189 0.280101 -0.959969 -0.00101705
-22.9074 86.1567 -8.68864 0.308591 -0.951186 -0.000630551
-24.1849 85.7243 -9.51202 0.330791 -0.943687 -0.00571908
-25.2926 85.3228 -10.4672 0.347244 -0.937763 0.0030334
-26.1691 84.9891 -11.6365 0.359141 -0.93328 -0.0024085
-27.0199 84.6497 -12.6182 0.379675 -0.925093 -0.00707342
-27.7797 84.3394 -13.02 0.384348 -0.923177 -0.00445522
-28.8474 83.8846 -12.7755 0.394926 -0.918661 -0.00977707
-27.8428 84.3087 -12.0329 0.386415 -0.922306 -0.000275434
-26.8578 84.7185 -11.1205 0.383553 -0.923516 0.00203341
-26.112 85.0138 -10.0668 0.367879 -0.929866 0.00333597
-25.1922 85.3629 -9.10349 0.344461 -0.938758 -0.00865935
-24.0715 85.7595 -8.50138 0.333019 -0.942916 -0.000631818
-23.2493 86.0456 -7.41652 0.31963 -0.947533 0.00423913
-22.5172 86.2894 -6.29647 0.294446 -0.955655 -0.00459094
-21.497 86.5906 -5.30358 0.282174 -0.959358 0.00242804
-20.5614 86.8467 -4.47797 0.255248 -0.966817 -0.00842703
-19.4715 87.1159 -3.81559 0.234326 -0.972068 -0.00484831
-18.6351 87.2959 -2.67762 0.207358 -0.978152 -0.0113121
-17.5314 87.5102 -1.47925 0.187496 -0.982259 -0.00186375
-16.5755 87.6715 -0.607339 0.131792 -0.991245 -0.00802473
-15.4065 87.794 0.559054 0.101592 -0.994753 -0.0119022
-14.347 87.894 1.48644 0.0803202 -0.996688 0.00672475
-13.4988 87.9515 2.42172 0.0374813 -0.999206 0.00921047
-12.6294 87.9612 3.36443 0.00809626 -0.999934 -0.00437253
-11.7203 87.9473 4.32049 -0.0117896 -0.999925 -0.00265828
-10.6639 87.9246 5.19162 -0.042095 -0.998928 0.005805
-9.67263 87.8584 6.02111 -0.0832305 -0.996485 0.00461843
-8.66492 87.7555 7.16355 -0.116006 -0.993214 0.00766535
-7.75686 87.6478 8.08761 -0.145231 -0.989376 0.00378104
-6.75985 87.483 8.92632 -0.176096 -0.98436 -0.00466478
-5.78822 87.2943 9.87418 -0.189082 -0.981877 -0.0128519
-4.87713 87.1057 11.0028 -0.200077 -0.979774 0.00185002
-3.89402 86.8759 11.8698 -0.243062 -0.970009 0.00183229
-2.85262 86.5979 12.6546 -0.27156 -0.962377 0.00339147
-2.09468 86.3783 13.7368 -0.299026 -0.954233 0.00481147
-1.2845 86.1191 14.5989 -0.316818 -0.948478 0.00130562
-2.98217 86.6412 13.9705 -0.271835 -0.962276 0.00786153
-3.89293 86.8705 12.9569 -0.245796 -0.969314 0.00282815
-4.89527 87.1065 12.1891 -0.216467 -0.976242 -0.00966766
-5.94742 87.3222 11.1413 -0.192544 -0.981271 0.000547976
-6.86936 87.4958 10.0715 -0.161762 -0.986737 -0.0123424
-7.84652 87.6604 9.21722 -0.14947 -0.988708 -0.0107104
-8.8752 87.7903 8.27699 -0.106003 -0.994314 0.00992028
-9.74187 87.8671 7.2746 -0.078565 -0.996712 0.00326497
-10.8142 87.9075 6.23973 -0.0254098 -0.999546 -0.0140493
-11.8167 87.937 5.45877 -0.00415253 -0.999853 -0.0155734
-12.809 87.9511 4.54561 0.00592861 -0.999904 -0.0125436
-13.7672 87.9357 3.4737 0.0410359 -0.999021 -0.0147559
-14.6468 87.8755 2.53899 0.0810388 -0.996691 0.00196398
-15.5838 87.7615 1.62925 0.126089 -0.991942 -0.00786653
-16.6731 87.6328 0.595101 0.163877 -0.986406 -0.0117504
-17.5833 87.4905 -0.291261 0.186491 -0.982391 -0.0113512
-18.5277 87.308 -1.24645 0.216329 -0.976239 -0.00653609
-19.4232 87.1128 -2.3091 0.226759 -0.973823 -0.0157176
-20.2898 86.9091 -3.2778 0.244126 -0.969739 0.00297916
-21.3296 86.6357 -3.98452 0.272384 -0.962138 -0.000738868
-22.3794 86.3246 -4.90951 0.292331 -0.956316 -0.000370987
-23.2375 86.0522 -5.84707 0.322404 -0.946595 -0.00365304
-24.0685 85.7662 -7.10467 0.328621 -0.944451 0.00462552
-25.0273 85.4217 -7.97007 0.34094 -0.940067 0.00582585
-26.2605 84.9603 -8.91486 0.368205 -0.929736 0.000688196
-27.1036 84.6181 -9.94864 0.379245 -0.925277 0.00125997
-27.9451 84.266 -11.0111 0.391119 -0.920333 0.000223307
-28.9489 83.835 -11.7383 0.394551 -0.91887 -0.00255207
-29.7798 83.4752 -12.5189 0.410386 -0.911864 -0.00912247
-30.6857 83.0636 -12.3305 0.420228 -0.907352 -0.00969478
-29.8893 83.4178 -11.3847 0.408058 -0.912933 -0.00609865
-28.6864 83.9462 -10.4426 0.39738 -0.917652 -0.00177247
-27.8384 84.3144 -9.48556 0.383663 -0.923455 0.00537416
-26.9594 84.6817 -8.42283 0.371467 -0.928444 0.00194035
-25.9517 85.078 -7.49673 0.362383 -0.932027 0.000585242
-24.865 85.4848 -6.66413 0.341363 -0.939931 0.000588086
-24.0891 85.7602 -5.50735 0.327342 -0.944894 -0.00143349
-23.2152 86.0569 -4.49457 0.319992 -0.947419 0.00158491
-22.3026 86.3532 -3.64805 0.288515 -0.957473 0.0013478
-21.0965 86.6974 -2.76393 0.262421 -0.964915 -0.00853148
-20.1288 86.9408 -1.81912 0.243443 -0.969783 -0.0107018
-19.3386 87.1205 -0.830234 0.226691 -0.973959 0.00327013
-18.4536 87.3149 0.116599 0.193549 -0.980973 -0.0152023
-17.4829 87.4907 1.0804 0.172604 -0.984893 -0.0139173
-16.3877 87.6564 2.11098 0.13696 -0.990551 -0.00226354
-15.4494 87.7783 3.04166 0.129914 -0.991502 -0.00653934
-14.5417 87.8714 4.01222 0.0885684 -0.995988 -0.0124962
-13.6065 87.9203 5.05784 0.0593684 -0.997478 -0.0385894
-12.6096 87.9271 5.98469 0.00595035 -0.999944 -0.000230169
-11.501 87.9277 6.88027 -0.0120571 -0.999808 0.014304
-10.515 87.9117 7.80854 -0.0556497 -0.998444 -0.00332559
-9.59547 87.8583 8.84509 -0.0607575 -0.998029 -0.00868455
-8.64967 87.7601 9.73259 -0.115847 -0.993202 -0.00987331
-7.57474 87.5999 10.6666 -0.1525 -0.988224 -0.0125266
-6.63885 87.442 11.7136 -0.162354 -0.986728 0.00265507
-5.5829 87.2493 12.744 -0.188349 -0.982053 -0.00406482
-4.45172 87.0158 13.6738 -0.22279 -0.97458 0.0236374
-6.32858 87.3946 13.2742 -0.182627 -0.983033 0.0171615
-7.26406 87.5436 12.3376 -0.149191 -0.988803 0.00156977
-8.28074 87.6908 11.2487 -0.13736 -0.990468 -0.00874828
-9.51696 87.8417 10.1958 -0.0509934 -0.99861 -0.0128679
-10.4847 87.8981 9.22642 -0.0395415 -0.999107 -0.0147252
-11.3462 87.9347 8.28982 -0.0271355 -0.999613 -0.00520995
-12.34 87.9307 7.40137 0.0062263 -0.999925 0.0105502
-13.3244 87.8976 6.57662 0.0653414 -0.997826 -0.00859718
-14.3247 87.8582 5.62613 0.0574597 -0.997959 -0.0276145
-15.3207 87.7888 4.5345 0.111915 -0.99352 -0.0117984
-16.405 87.6484 3.38136 0.147448 -0.989057 0.0036062
-17.4323 87.4885 2.40388 0.173533 -0.984822 -0.00351602
-18.3412 87.3309 1.47656 0.200385 -0.979554 -0.00421417
-19.315 87.1272 0.510319 0.228441 -0.973475 -0.0125235
-20.2617 86.8983 -0.561008 0.252114 -0.967673 0.00484864
-21.1173 86.6752 -1.59862 0.259155 -0.965771 -0.0109911
-22.0618 86.4215 -2.38907 0.280418 -0.959816 -0.0108922
-23.079 86.106 -3.1864 0.318967 -0.947765 0.00143519
-24.0368 85.7773 -4.13979 0.327813 -0.944735 0.00342652
-24.9377 85.4507 -5.24309 0.344572 -0.938694 0.0111653
-25.7452 85.1565 -6.24766 0.362156 -0.932065 -0.00984799
-26.8153 84.7365 -7.06855 0.383473 -0.923543 -0.00387148
-27.6803 84.3788 -7.93095 0.391876 -0.919975 -0.00881747
-28.5094 84.0241 -8.93826 0.401257 -0.915964 -0.00180606
-29.3306 83.6622 -9.8332 0.412135 -0.911109 -0.00493319
-30.4529 83.1581 -10.7104 0.415429 -0.909581 -0.00893653
-31.2419 82.7969 -11.6502 0.427682 -0.903897 -0.00762343
-31.4583 82.6973 -11.9505 0.427991 -0.903733 -0.00944723
-32.2746 82.301 -11.6392 0.436375 -0.899718 -0.00913007
-31.47 82.6787 -10.5361 0.43014 -0.902713 -0.00920867
-30.4086 83.1691 -9.54113 0.419184 -0.907898 -0.00140975
-29.4898 83.5869 -8.72871 0.408908 -0.912565 -0.0042579
-28.6925 83.94 -7.81299 0.399003 -0.916938 -0.00457021
-27.7914 84.3245 -6.80795 0.395616 -0.918405 -0.00412556
-26.873 84.7053 -5.98017 0.387367 -0.921866 -0.0103185
-25.8183 85.1175 -4.94146 0.370037 -0.929004 0.00460369
-24.9055 85.4703 -3.79386 0.345558 -0.938375 0.000891426
-23.9324 85.8164 -2.78517 0.324666 -0.945821 -0.00031502
-22.7846 86.1837 -1.83264 0.300815 -0.953175 -0.031061
-21.7553 86.4951 -0.959801 0.290913 -0.956703 -0.0093901
-20.9378 86.7226 -0.0220083 0.258984 -0.965861 0.00605597
-20.1206 86.9295 0.946977 0.236403 -0.971543 -0.0146257
-19.1738 87.146 1.92881 0.217284 -0.976082 0.00722008
-18.1255 87.3598 2.99641 0.180099 -0.983626 -0.00639664
-17.1976 87.5228 3.85678 0.16198 -0.986783 -0.0047537
-16.2691 87.6606 4.84032 0.141482 -0.989845 -0.0137532
-15.395 87.7524 5.86417 0.108138 -0.99378 -0.0265808
-14.4567 87.8157 6.75279 0.0819571 -0.996359 -0.0234685
-13.4503 87.8862 7.68929 0.0602016 -0.998186 0.000429074
-12.3907 87.9279 8.56559 0.0263938 -0.999604 -0.00978238
-11.357 87.919 9.64125 -0.0273731 -0.999338 -0.0235214
-10.4084 87.8751 10.6046 -0.0357115 -0.999329 -0.00728326
-9.41194 87.8082 11.4626 -0.0827734 -0.996389 -0.0188544
-8.43525 87.7056 12.3839 -0.105781 -0.994377 0.000402259
-7.66916 87.6172 13.2089 -0.138828 -0.990006 0.0228178
-9.01517 87.7681 13.1052 -0.0850601 -0.996172 0.0192301
-10.1885 87.8478 12.0302 -0.0492387 -0.998649 -0.0166266
-11.1571 87.893 11.1589 -0.00630321 -0.999865 -0.0103734
-12.2798 87.9106 10.0056 0.013713 -0.999607 -0.018869
-13.1808 87.8985 9.11845 0.0480991 -0.998652 -0.0110898
-14.1698 87.8405 8.28107 0.0861063 -0.996065 -0.00607453
-15.1094 87.7525 7.38809 0.0935252 -0.995598 -0.00527471
-16.0505 87.667 6.49961 0.113195 -0.993443 -0.0159695
-16.8995 87.5589 5.55869 0.152296 -0.988261 -0.0120691
-17.773 87.4212 4.51242 0.184368 -0.982821 -0.00818864
-18.8963 87.1994 3.51078 0.215142 -0.97653 -0.00351308
-19.9985 86.9532 2.36873 0.239822 -0.97081 -0.00251251
-20.9393 86.7231 1.36936 0.271646 -0.96233 -0.00879032
-21.7402 86.4899 0.396722 0.290206 -0.956957 -0.00373344
-22.7345 86.1915 -0.657464 0.299327 -0.954149 -0.00131768
-23.9045 85.8138 -1.60562 0.322891 -0.94643 0.00187379
-24.9163 85.4657 -2.53154 0.344615 -0.938727 -0.00217658
-25.7455 85.1506 -3.45136 0.361357 -0.932409 0.00417995
-26.5224 84.8374 -4.42538 0.378763 -0.925493 0.000716698
-27.5495 84.4155 -5.41383 0.384423 -0.923129 -0.00717619
-28.4453 84.0423 -6.25441 0.393754 -0.919215 -0.00087692
-29.489 83.5841 -7.37793 0.410417 -0.911895 -0.00216707
-30.4931 83.128 -8.4875 0.422326 -0.906442 -0.00174432
-31.5143 82.6525 -9.31524 0.430586 -0.902525 -0.00207607
-32.3178 82.2681 -10.2164 0.434395 -0.90071 -0.0047573
-32.9952 81.9431 -11.2119 0.446631 -0.894671 -0.00918149
-33.4628 81.7024 -10.3219 0.447314 -0.894345 -0.00722381
-32.6945 82.0782 -9.33944 0.443378 -0.896311 -0.0064126
-31.7646 82.5261 -8.38617 0.437047 -0.899423 -0.0053422
-30.8281 82.9706 -7.56931 0.425867 -0.904778 -0.00366204
-29.8441 83.4249 -6.48469 0.413552 -0.910469 0.00466534
-28.8001 83.8876 -5.37289 0.393434 -0.919341 -0.00472892
-27.9046 84.2655 -4.54098 0.387739 -0.921766 0.0018378
-26.8367 84.7116 -3.46523 0.379298 -0.925256 0.00584942
-25.9852 85.0564 -2.38218 0.371483 -0.928438 -0.00187541
-25.0916 85.3975 -1.4899 0.358474 -0.933506 -0.00771591
-23.9685 85.7934 -0.498934 0.331338 -0.943504 -0.00322254
-22.8891 86.1381 0.417296 0.298812 -0.954274 -0.00839711
-22.0627 86.3901 1.43529 0.290278 -0.956942 9.17888e-05
-20.9472 86.6995 2.6931 0.267654 -0.96339 -0.015501
-20.065 86.9245 3.59302 0.237282 -0.971379 -0.0109664
-19.0975 87.1539 4.5702 0.22171 -0.974939 -0.00814081
-18.1118 87.3477 5.50808 0.198916 -0.98 -0.00562727
-17.302 87.4821 6.48172 0.157142 -0.987378 -0.0194985
-16.1574 87.6229 7.66013 0.135352 -0.990714 -0.0119099
-15.1651 87.7325 8.6087 0.110249 -0.993851 -0.0102372
-14.092 87.8348 9.54954 0.0833728 -0.996361 -0.0177216
-12.9908 87.8782 10.5806 0.0367164 -0.999015 -0.0248104
-12.1016 87.8904 11.5 -0.00123509 -0.999985 0.00463417
-11.0651 87.8895 12.4632 -0.0222753 -0.999611 -0.00859466
-10.3124 87.8591 13.1225 -0.0554805 -0.99838 0.0103504
-11.5598 87.9013 13.2309 -0.0131759 -0.99982 0.0136223
-12.5706 87.8782 12.2923 0.0363733 -0.999336 -0.000766009
-13.6354 87.8369 11.2336 0.0444177 -0.998898 -0.0131258
-14.6331 87.7742 10.3262 0.0911001 -0.995723 -0.0152686
-15.6771 87.6691 9.37526 0.12318 -0.992345 -0.00645686
-16.5944 87.5554 8.48156 0.144346 -0.989439 -0.0131758
-17.4945 87.4288 7.60381 0.167467 -0.985793 -0.0120813
-18.5422 87.2565 6.4309 0.198588 -0.980069 -0.00508436
-19.5212 87.0483 5.4354 0.241153 -0.970453 -0.00778294
-20.4036 86.8288 4.52945 0.25654 -0.966507 -0.00163209
-21.3506 86.5729 3.56982 0.271497 -0.962382 -0.0083966
-22.3266 86.3101 2.47645 0.293864 -0.955823 0.00613034
-23.3339 85.9892 1.26072 0.306344 -0.951916 0.00301611
-24.3244 85.6634 0.35921 0.334237 -0.942429 -0.0104008
-25.35 85.2967 -0.509993 0.352004 -0.935903 -0.00745002
-26.3481 84.9088 -1.52669 0.371348 -0.928441 -0.00326125
-27.1756 84.5731 -2.50863 0.387878 -0.921693 -0.00564617
-28.0492 84.2042 -3.45238 0.392396 -0.919793 0.00247393
-28.9783 83.8056 -4.35776 0.398947 -0.916973 0.000145369
-30.0318 83.3428 -5.38395 0.413739 -0.91039 -0.00167655
-31.0057 82.8832 -6.43776 0.429991 -0.902829 0.00273393
-31.9561 82.4292 -7.39363 0.43681 -0.899553 -0.00143883
-32.8678 81.9845 -8.24407 0.446944 -0.894529 -0.00755992
-33.7224 81.5641 -9.25587 0.453695 -0.891136 -0.00604622
-34.144 81.3535 -9.85395 0.453699 -0.891134 -0.00608911
-34.6497 81.0877 -9.10387 0.460689 -0.887536 -0.00675607
-33.8204 81.5041 -7.98919 0.453293 -0.89131 -0.00924214
-32.9704 81.9249 -7.14223 0.448149 -0.893941 -0.00554867
-32.1029 82.3516 -6.3294 0.444911 -0.895566 -0.00393539
-31.2533 82.7636 -5.40545 0.436964 -0.899449 -0.00702581
-30.3404 83.1905 -4.48765 0.419407 -0.907757 -0.00848146
-29.413 83.607 -3.59193 0.40844 -0.912737 -0.00933916
-28.3969 84.0522 -2.57472 0.40617 -0.913763 -0.0072238
-27.5409 84.414 -1.58081 0.389356 -0.921071 0.00151726
-26.6239 84.7945 -0.568715 0.377549 -0.925988 -0.00199739
-25.6442 85.1774 0.369571 0.358616 -0.9334 -0.00901866
-24.6117 85.5482 1.27182 0.343107 -0.939201 -0.0133784
-23.6662 85.8701 2.23586 0.327404 -0.944729 -0.0169752
-22.8646 86.1255 3.21073 0.324314 -0.945695 -0.0218788
-22.0235 86.3711 4.16584 0.286555 -0.958019 -0.00875196
-21.0326 86.6536 5.16528 0.27596 -0.961134 -0.00722472
-20.0927 86.9003 6.14956 0.245179 -0.969443 -0.00819744
-19.0925 87.1269 7.18288 0.222936 -0.974723 -0.0146415
-18.146 87.3083 8.24229 0.174974 -0.984518 -0.010386
-17.001 87.4868 9.33816 0.147998 -0.988971 -0.0058038
-15.979 87.6179 10.3382 0.130496 -0.991342 -0.0145721
-14.9003 87.7321 11.287 0.111024 -0.993742 -0.0122248
-13.9807 87.8063 12.1949 0.079978 -0.996786 -0.00446415
-13.0161 87.8664 13.1212 0.0409518 -0.999104 0.0100518
-12.853 87.8754 13.2763 0.0388921 -0.999158 0.0126154
-14.0366 87.8024 13.386 0.0745988 -0.997202 0.000255622
-15.0539 87.7138 12.429 0.0905665 -0.995868 -0.00661566
-15.979 87.6107 11.5605 0.129693 -0.991538 0.00568144
-17.1099 87.4552 10.4737 0.160541 -0.986871 -0.0112521
-18.0525 87.303 9.59078 0.189859 -0.981713 -0.0138656
-19.0216 87.1262 8.64207 0.211924 -0.977072 -0.0202229
-19.9609 86.9168 7.59413 0.240324 -0.970616 -0.0116835
-20.9434 86.6697 6.60612 0.270663 -0.96267 0.000258862
-21.8263 86.4173 5.65026 0.289409 -0.95713 -0.00923148
-22.6821 86.1577 4.74702 0.306481 -0.951742 -0.0157927
-23.6254 85.8587 3.61857 0.320835 -0.947126 -0.00412748
-24.5106 85.5632 2.60608 0.342523 -0.939329 -0.0182129
-25.5134 85.2089 1.66358 0.349042 -0.937017 -0.0129706
-26.5078 84.8311 0.750523 0.370778 -0.928671 -0.00970292
-27.5087 84.4257 -0.216768 0.389733 -0.920855 -0.0115058
-28.4169 84.0388 -1.2759 0.400951 -0.916098 0.000242891
-29.3664 83.6164 -2.29427 0.412997 -0.910728 -0.00277704
-30.3675 83.1688 -3.29057 0.418836 -0.907997 -0.0108682
-31.2342 82.7632 -4.13304 0.437119 -0.899381 -0.00642854
-32.1335 82.3318 -5.11564 0.443665 -0.896163 -0.00427861
-32.9737 81.9161 -5.9784 0.449471 -0.893279 -0.00521767
-34.0723 81.3663 -7.01185 0.454966 -0.890458 -0.00948876
-34.888 80.9521 -7.96775 0.463171 -0.886211 -0.0101283
-35.095 80.8472 -8.25743 0.463835 -0.885865 -0.0100089
-35.399 80.6779 -7.30495 0.464886 -0.885363 -0.00373628
-34.5315 81.1237 -6.22845 0.458981 -0.888437 -0.00380808
-33.5369 81.6288 -5.33997 0.451872 -0.892076 -0.00335387
-32.5916 82.1002 -4.3258 0.446649 -0.894705 -0.002741
-31.7109 82.5258 -3.44211 0.438267 -0.898799 -0.00907161
-30.7198 82.9964 -2.38143 0.427965 -0.903767 -0.00628734
-29.7946 83.4187 -1.48343 0.413227 -0.910623 -0.00250565
-28.8363 83.8511 -0.447194 0.40418 -0.914665 -0.00495785
-27.8656 84.2671 0.620123 0.393923 -0.919114 -0.00717655
-26.9228 84.6557 1.58283 0.373768 -0.92745 -0.0113833
-25.894 85.0539 2.50466 0.363445 -0.931538 -0.011587
-24.9866 85.3778 3.40569 0.341722 -0.939773 -0.00722331
-24.0912 85.6912 4.42525 0.334781 -0.942256 -0.00869573
-23.1612 85.9992 5.52592 0.303669 -0.952757 -0.00570058
-22.2123 86.2954 6.52984 0.296513 -0.955026 0.00176614
-21.3288 86.5566 7.48474 0.274597 -0.961488 -0.0107951
-20.4671 86.778 8.38813 0.25349 -0.967175 -0.0176105
-19.5267 87.0007 9.41396 0.241926 -0.969855 -0.0292086
-18.5387 87.1963 10.3912 0.198057 -0.980048 -0.0129212
-17.6281 87.356 11.2512 0.175306 -0.984491 -0.00667062
-16.5713 87.5291 12.3142 0.146223 -0.98914 -0.0125798
-15.6285 87.6458 13.1674 0.107854 -0.994076 -0.0121024
-15.2078 87.6889 13.5477 0.107113 -0.994231 -0.00547644
-16.329 87.5362 13.7794 0.161531 -0.986731 0.0163191
-17.4969 87.3728 12.6603 0.17122 -0.985094 -0.0163983
-18.4322 87.1905 11.7606 0.212031 -0.977121 -0.0166212
-19.5235 86.9804 10.7358 0.220138 -0.975362 -0.0141359
-20.3833 86.7764 9.81977 0.257545 -0.966219 0.00345178
-21.5328 86.4776 8.62333 0.278573 -0.960184 -0.0210236
-22.3603 86.2425 7.68688 0.298073 -0.954458 -0.0121774
-23.3626 85.9251 6.59504 0.324158 -0.945959 -0.00908589
-24.2259 85.6333 5.6326 0.328121 -0.944612 -0.00658936
-25.1774 85.2995 4.50795 0.349215 -0.937008 -0.00796258
-26.0858 84.9643 3.58356 0.3615 -0.932244 -0.0152211
-27.162 84.5533 2.58195 0.366851 -0.930253 -0.00700972
-28.0888 84.1622 1.65957 0.396247 -0.918128 -0.00503903
-28.9667 83.7842 0.711714 0.404312 -0.914585 -0.00809143
-29.7906 83.4178 -0.218002 0.420167 -0.907436 -0.00439932
-30.7213 82.9838 -1.17704 0.426332 -0.904564 -0.00127054
-31.6459 82.5464 -2.10846 0.438586 -0.898677 -0.00472623
-32.641 82.0669 -3.11275 0.441026 -0.897451 -0.008831
-33.5043 81.6404 -4.03818 0.451462 -0.892283 -0.00349001
-34.4041 81.1832 -4.94456 0.456878 -0.88952 -0.00409294
-35.3829 80.6794 -5.88825 0.465448 -0.88505 -0.00671438
-35.8805 80.4194 -6.53942 0.470643 -0.882307 -0.00531147
-36.1703 80.2581 -5.52297 0.473091 -0.88099 -0.00608827
-35.3509 80.6897 -4.62273 0.467327 -0.884073 -0.00442174
-34.4496 81.1554 -3.77426 0.458125 -0.888876 -0.00439961
-33.6264 81.5728 -2.893 0.453675 -0.891151 -0.00541843
-32.6383 82.0584 -1.8818 0.441691 -0.897153 -0.00503423
-31.8138 82.4591 -1.00562 0.440665 -0.89767 0.00186344
-30.9531 82.8727 -0.142041 0.430192 -0.902736 -0.00186163
-29.9514 83.335 0.893378 0.419818 -0.907573 -0.00799562
-28.9991 83.7572 1.9556 0.40736 -0.913215 -0.00976355
-28.1033 84.1493 2.85106 0.39676 -0.917851 -0.011455
-27.0347 84.5874 3.88992 0.370371 -0.928773 -0.0143012
-26.1287 84.9383 4.80396 0.360283 -0.932811 -0.00711356
-25.2153 85.2749 5.78916 0.348419 -0.937305 -0.00773727
-24.4037 85.5646 6.75497 0.337937 -0.941095 -0.0080358
-23.5555 85.8494 7.68931 0.324701 -0.94579 -0.00710759
-22.6945 86.1205 8.64213 0.306326 -0.951855 -0.0117022
-21.6693 86.4172 9.76264 0.287653 -0.957624 -0.014385
-20.8229 86.6518 10.6821 0.273334 -0.961406 -0.0303513
-19.8919 86.8669 11.6371 0.248013 -0.968063 -0.0347714
-18.8402 87.0868 12.6112 0.218019 -0.975765 -0.0186672
-17.7379 87.2931 13.7113 0.189966 -0.981677 -0.0148482
-17.3716 87.3644 14.0877 0.192322 -0.98126 0.00613424
-18.3041 87.1778 14.4148 0.200531 -0.979651 0.00544862
-19.2088 86.9857 13.5068 0.227058 -0.97378 -0.0136203
-20.2625 86.7479 12.55 0.251617 -0.967596 -0.0211316
-21.2079 86.5195 11.5851 0.269182 -0.962856 -0.0208478
-22.2133 86.2429 10.4932 0.288709 -0.957274 -0.0160129
-23.2217 85.9362 9.37281 0.317101 -0.948193 -0.0194266
-24.0587 85.6655 8.45351 0.331393 -0.943419 -0.0117505
-24.9003 85.371 7.51525 0.352123 -0.935923 -0.00762151
-25.8895 85.0171 6.35583 0.356594 -0.934162 -0.0129831
-26.7198 84.7003 5.44373 0.365176 -0.930859 -0.0120509
-27.8365 84.2528 4.33225 0.394713 -0.918789 -0.00519876
-28.7754 83.847 3.37156 0.405571 -0.914055 -0.00388325
-29.6955 83.4374 2.45811 0.41355 -0.910467 -0.00474641
-30.5669 83.0438 1.52552 0.425781 -0.904771 -0.00963133
-31.3969 82.6576 0.634598 0.431685 -0.902017 -0.00332671
-32.4442 82.1492 -0.400503 0.442894 -0.896573 -0.00112049
-33.3635 81.6932 -1.38584 0.449922 -0.893035 -0.00742856
-34.3184 81.2155 -2.39454 0.455811 -0.890067 -0.00404861
-35.1643 80.7808 -3.24296 0.463006 -0.886337 -0.00566355
-36.2017 80.2367 -4.25198 0.470792 -0.882234 -0.00327666
-36.4077 80.1267 -4.50862 0.476819 -0.878998 -0.00255661
-36.8243 79.8969 -3.69289 0.47689 -0.878948 -0.00505706
-35.9796 80.3484 -2.86156 0.474139 -0.880445 -0.00279655
-35.139 80.7914 -2.01247 0.460035 -0.887894 -0.00262905
-34.2919 81.2229 -1.10059 0.45561 -0.890163 -0.00535769
-33.425 81.658 -0.212354 0.449522 -0.893268 -0.00124591
-32.5174 82.1094 0.750962 0.442887 -0.896553 -0.0065243
-31.4636 82.6162 1.84188 0.430378 -0.902603 -0.00905229
-30.5361 83.0511 2.84059 0.427699 -0.903913 -0.0025624
-29.6158 83.4694 3.76809 0.414006 -0.91027 -0.00263067
-28.6614 83.8926 4.75148 0.403587 -0.91493 -0.00428218
-27.7037 84.2956 5.68717 0.384512 -0.923013 -0.0140335
-26.825 84.6432 6.66311 0.369705 -0.929091 -0.0103758
-25.9274 84.9807 7.68939 0.364353 -0.931133 -0.0154007
-24.9845 85.3292 8.77236 0.353151 -0.93554 -0.00694985
-24.1198 85.6248 9.72244 0.332454 -0.942751 -0.0263197
-23.2559 85.8992 10.6317 0.320348 -0.947234 -0.0111333
-22.3136 86.1948 11.7241 0.305416 -0.952117 -0.0137868
-21.3177 86.4634 12.7508 0.268952 -0.963072 -0.0125478
-20.348 86.7055 13.6698 0.249651 -0.968254 -0.0122356
-19.3404 86.9492 14.6461 0.224782 -0.974343 0.00865824
-20.2461 86.7319 15.0335 0.256313 -0.966543 0.00691484
-21.2165 86.4741 14.0877 0.268299 -0.963294 -0.00718668
-22.2045 86.2088 13.1213 0.285957 -0.958029 -0.0129942
-23.1503 85.9186 12.1012 0.308334 -0.951222 -0.0102179
-24.2466 85.5536 10.8975 0.333084 -0.942826 -0.0114248
-25.1368 85.2543 9.94038 0.352983 -0.935425 -0.0179939
-26.0284 84.9255 8.92713 0.369597 -0.92914 -0.00981969
-26.8484 84.615 7.96752 0.368946 -0.929309 -0.0161296
-27.6545 84.3007 7.02361 0.380172 -0.924836 -0.0119326
-28.7081 83.8634 5.9066 0.401686 -0.915719 -0.0102932
-29.7116 83.4221 4.92404 0.413919 -0.910307 -0.00356235
-30.6226 83.0058 3.9952 0.427798 -0.903867 -0.00364453
-31.4632 82.6092 3.11892 0.433333 -0.90122 -0.00201081
-32.3648 82.1724 2.13624 0.442882 -0.896552 -0.00666559
-33.2369 81.748 1.23612 0.446083 -0.894957 -0.00784069
-34.1438 81.2927 0.297831 0.455688 -0.890138 -0.00155729
-35.0044 80.8542 -0.609711 0.46253 -0.886562 -0.00614945
-35.9262 80.3725 -1.57303 0.470117 -0.882593 -0.00443736
-36.7817 79.9124 -2.44405 0.479519 -0.877515 -0.00536048
-37.0847 79.7486 -2.76143 0.480108 -0.877187 -0.00625608
-37.3881 79.577 -1.83929 0.480384 -0.877047 -0.00436904
-36.4771 80.0708 -0.944822 0.478406 -0.878121 -0.00555768
-35.5676 80.5512 0.0550533 0.468392 -0.883498 -0.00628445
-34.6392 81.036 1.01204 0.461749 -0.886991 -0.00590963
-33.6051 81.5556 2.08951 0.448403 -0.893802 -0.00728548
-32.6229 82.0427 3.11413 0.442277 -0.896874 -0.00111242
-31.7575 82.4631 4.06692 0.440461 -0.897755 -0.00512936
-30.7677 82.9282 5.07047 0.430968 -0.902295 -0.0114299
-29.8468 83.3465 5.99778 0.419312 -0.907758 -0.0123584
-28.9531 83.7439 6.88535 0.398863 -0.916922 -0.0126895
-28.016 84.1331 7.95701 0.392452 -0.91959 -0.0183248
-27.0395 84.518 9.08203 0.377267 -0.926021 -0.0123714
-26.145 84.8609 10.1339 0.363553 -0.931414 -0.0169951
-25.2133 85.202 11.14 0.347283 -0.937571 -0.0187755
-24.2583 85.5349 12.2009 0.335914 -0.941825 -0.0112687
-23.1939 85.8902 13.3631 0.320861 -0.947052 -0.0118005
-22.0995 86.2211 14.4649 0.287281 -0.95762 -0.0147869
-21.167 86.4867 15.4009 0.273635 -0.961752 -0.000141872
-21.023 86.5267 15.5461 0.263541 -0.964618 0.00728591
-21.9176 86.2656 15.9024 0.289958 -0.957009 0.00746782
-22.8837 85.97 14.9175 0.301127 -0.953563 -0.00634379
-23.9043 85.6382 13.9144 0.330816 -0.943548 -0.0165783
-24.934 85.2829 12.784 0.348051 -0.937382 -0.0128169
-25.7856 84.9776 11.8304 0.357018 -0.933981 -0.0133391
-26.5965 84.6757 10.9151 0.362443 -0.931942 -0.0108921
-27.4833 84.3256 9.92292 0.377136 -0.926078 -0.0122024
-28.3905 83.9649 8.84996 0.386253 -0.922366 -0.00585055
-29.2228 83.6069 7.8686 0.418076 -0.908305 -0.0139278
-30.127 83.2029 6.95227 0.421473 -0.906751 -0.0127088
-31.0325 82.7888 6.03298 0.427865 -0.903775 -0.0110358
-31.9591 82.3538 5.11626 0.436801 -0.89949 -0.0110357
-32.7731 81.9632 4.22457 0.442051 -0.89697 -0.00596233
-33.604 81.5496 3.30857 0.449473 -0.893288 0.00289033
-34.4953 81.1015 2.41398 0.458574 -0.888621 -0.00717351
-35.4075 80.6306 1.46432 0.46735 -0.884062 -0.0036876
-36.3788 80.1134 0.424564 0.478482 -0.878084 -0.00428305
-37.1897 79.6794 -0.47727 0.480419 -0.87701 -0.0068143
-37.6282 79.4403 -0.851562 0.483196 -0.875488 -0.00651374
-37.8114 79.3313 0.165188 0.483047 -0.875569 -0.00660332
-36.9463 79.8021 1.06638 0.479538 -0.87752 -0.00158188
-36.1019 80.2573 1.99553 0.472291 -0.881438 -0.00274255
-35.0691 80.799 3.04381 0.467167 -0.884145 -0.00646723
-34.1244 81.2845 4.02789 0.456721 -0.88961 -6.88826e-05
-33.1443 81.7735 5.08268 0.442305 -0.896829 -0.00800034
-32.2109 82.2215 6.05215 0.437319 -0.899252 -0.00983303
-31.324 82.6391 6.95152 0.432143 -0.901738 -0.0105965
-30.3636 83.0813 7.94515 0.42136 -0.906867 -0.00666135
-29.5288 83.4574 8.82125 0.414937 -0.909817 -0.00772107
-28.7351 83.8024 9.7735 0.395892 -0.918079 -0.018628
-27.9132 84.1346 10.7411 0.394713 -0.918696 -0.0141274
-26.9882 84.5058 11.7636 0.371942 -0.928017 -0.01964
-26.1661 84.8149 12.7322 0.363442 -0.931514 -0.013838
-25.1373 85.1928 13.9051 0.354607 -0.934953 -0.0108502
-24.2788 85.4974 14.7965 0.331045 -0.943583 -0.00765026
-23.1548 85.8731 15.9191 0.309147 -0.950991 0.00114345
-22.7998 85.9923 16.3028 0.30813 -0.951322 0.00513599
-23.7345 85.6826 16.6168 0.327323 -0.944882 -0.00272976
-24.6195 85.3779 15.7122 0.340033 -0.940357 0.00400168
-25.5572 85.0264 14.7272 0.353939 -0.935222 -0.000848742
-26.4361 84.6948 13.7506 0.373335 -0.927666 -0.00755863
-27.3476 84.3425 12.6942 0.379916 -0.924912 -0.0124923
-28.3643 83.9304 11.509 0.392734 -0.919531 -0.0147053
-29.3424 83.5211 10.403 0.401043 -0.915796 -0.0218133
-30.2027 83.143 9.3889 0.419128 -0.90787 -0.0100721
-31.0994 82.7359 8.42859 0.420789 -0.907135 -0.00645268
-32.0566 82.2826 7.4409 0.433573 -0.901091 -0.0069965
-32.9151 81.8698 6.60122 0.44323 -0.896352 -0.00999224
-33.8816 81.3999 5.56275 0.45301 -0.891463 -0.00871577
-34.8804 80.8907 4.50618 0.465612 -0.884984 -0.00303878
-35.723 80.4486 3.62983 0.467854 -0.883789 -0.0051718
-36.6212 79.9732 2.7389 0.476383 -0.87923 -0.00369966
-37.5329 79.4798 1.69936 0.480062 -0.877231 -0.00251652
-38.0417 79.1987 1.16806 0.484548 -0.874764 -0.000849083
-38.1372 79.1428 2.31963 0.485349 -0.874316 -0.00288266
-37.3152 79.5926 3.25063 0.479805 -0.877365 -0.00411549
-36.4508 80.0578 4.12787 0.475556 -0.879674 -0.0042926
-35.5554 80.5317 5.02565 0.469674 -0.882833 -0.00357674
-34.5768 81.039 6.10604 0.462357 -0.88666 -0.00759284
-33.7068 81.472 7.03709 0.45009 -0.892913 -0.0112031
-32.6277 81.998 8.10439 0.443707 -0.896137 -0.0078618
-31.7803 82.4058 8.97273 0.432656 -0.901533 -0.00638966
-30.7733 82.872 10.0639 0.420666 -0.907142 -0.0111976
-29.9339 83.2475 11.0565 0.411665 -0.911287 -0.00855407
-29.0495 83.6259 12.0655 0.398579 -0.917019 -0.01435
-28.1765 83.9895 13.0628 0.388944 -0.921212 -0.00948056
-27.361 84.3195 14.0018 0.379939 -0.924967 -0.00886205
-26.424 84.689 15.1127 0.363511 -0.931586 0.00275851
-25.3461 85.1054 16.2444 0.351343 -0.936207 -0.00513227
-24.6891 85.3438 16.904 0.34228 -0.939581 -0.00208785
-25.7105 84.9633 17.1438 0.357981 -0.933706 -0.00393561
-26.6448 84.6008 16.1428 0.371904 -0.928269 -0.000693481
-27.5866 84.2197 15.0866 0.379685 -0.925115 0.000216143
-28.3925 83.8877 14.1325 0.394654 -0.918804 -0.00584562
-29.418 83.4491 12.9976 0.406392 -0.913632 -0.010228
-30.2336 83.103 12.0333 0.4168 -0.908891 -0.0138826
-31.0116 82.7538 11.0933 0.421853 -0.906636 -0.00643342
-31.823 82.3758 10.1917 0.429655 -0.902972 -0.0062428
-32.8155 81.8977 9.15661 0.443329 -0.896354 -0.00301165
-33.6727 81.4765 8.29325 0.451474 -0.892229 -0.00990347
-34.5179 81.0544 7.42766 0.455912 -0.890006 -0.00573734
-35.4128 80.5995 6.48345 0.468775 -0.883295 -0.00630461
-36.1972 80.1872 5.58723 0.470727 -0.882269 -0.00406229
-37.2127 79.6415 4.58774 0.477023 -0.878887 -0.0024833
-38.1395 79.1362 3.63357 0.484763 -0.874631 -0.00496217
-38.1662 79.1215 3.60499 0.485245 -0.874369 -0.0041483
-38.0656 79.1718 4.94608 0.483672 -0.875244 -0.00291038
-37.1895 79.6507 5.83709 0.475749 -0.879574 -0.00343786
-36.3698 80.0903 6.69599 0.471853 -0.881672 -0.00239498
-35.488 80.5535 7.66694 0.462271 -0.886717 -0.00522488
-34.651 80.9795 8.52153 0.453762 -0.891115 -0.00289524
-33.7487 81.4327 9.44738 0.448232 -0.893912 -0.00305116
-32.754 81.9214 10.4468 0.441091 -0.897432 -0.00736717
-31.8244 82.3645 11.4395 0.430474 -0.902547 -0.010028
-30.8861 82.7931 12.5948 0.423104 -0.905957 -0.0150146
-30.0298 83.1672 13.611 0.409843 -0.912102 -0.00993454
-29.1138 83.5678 14.6297 0.401896 -0.915679 -0.00341995
-28.2042 83.963 15.7115 0.390113 -0.920732 -0.00296857
-27.3302 84.3218 16.6993 0.378768 -0.925485 -0.00337483
-26.7981 84.5368 17.2574 0.372571 -0.927993 -0.0027017
-28.0369 84.0281 17.2334 0.392289 -0.919821 -0.00264435
-28.9416 83.6393 16.2147 0.405031 -0.914294 -0.0037661
-29.8074 83.2547 15.1555 0.412707 -0.910852 -0.00468452
-30.7781 82.8235 14.0445 0.415724 -0.909427 -0.0107661
-31.634 82.4338 13.0368 0.426944 -0.904136 -0.0160159
-32.5479 82.0079 11.9525 0.438734 -0.89857 -0.00905319
-33.3811 81.6069 11.0751 0.4455 -0.895252 -0.00717035
-34.314 81.1446 10.1221 0.450896 -0.892544 -0.00737954
-35.1747 80.7081 9.23761 0.45728 -0.889317 -0.00278216
-36.0547 80.2522 8.33151 0.466389 -0.884568 -0.00428371
-37.0694 79.7138 7.19063 0.473701 -0.880685 -0.000457701
-37.8376 79.296 6.38465 0.480914 -0.876766 -0.0010793
-37.3539 79.5591 8.14106 0.475647 -0.879635 -0.00145541
-36.4581 80.0366 9.139 0.467233 -0.884129 -0.00248415
-35.6113 80.4762 10.0309 0.463184 -0.886249 -0.00482057
-34.6631 80.9597 11.0365 0.458054 -0.888899 -0.00666507
-33.7632 81.4077 11.9193 0.448966 -0.893479 -0.0111803
-32.9506 81.7997 12.8363 0.443587 -0.896169 -0.010605
-32.0324 82.2369 13.9006 0.43127 -0.902166 -0.0101113
-31.1866 82.6239 14.8791 0.42097 -0.907011 -0.0107417
-30.2208 83.0631 16.0131 0.415518 -0.909572 -0.00356731
-29.4322 83.4171 16.9794 0.411076 -0.911601 0.000490365
-29.2827 83.4846 17.1644 0.404857 -0.914378 -0.00183797
-30.71 82.8335 16.7869 0.420608 -0.907242 0.000851481
-31.4797 82.477 15.8458 0.424351 -0.90547 -0.00667464
-32.3163 82.0901 14.8675 0.431386 -0.902107 -0.0104316
-33.1542 81.6887 13.9108 0.446352 -0.894848 -0.00414583
-34.0252 81.2632 12.9058 0.449995 -0.892974 -0.0100165
-34.8688 80.8449 12.0339 0.457304 -0.889265 -0.00903552
-35.7616 80.3908 11.1069 0.460314 -0.88774 -0.00535827
-36.7382 79.8836 10.0819 0.466936 -0.884274 -0.00559674
-35.5722 80.4782 12.5366 0.457312 -0.88926 -0.00907112
-34.7337 80.9008 13.4196 0.450624 -0.892684 -0.00718115
-33.9219 81.3037 14.3058 0.448471 -0.893784 -0.00461773
-32.9248 81.7931 15.4729 0.435421 -0.900173 -0.00789261
-32.5548 81.9656 15.9034 0.430866 -0.9024 -0.00532214
-20.9069 86.7411 -12.9675 0.253955 -0.967214 -0.00217928
-21.8427 86.4862 -13.1593 0.282061 -0.959363 -0.00354034
-23.0765 86.0995 -13.315 0.313972 -0.949413 -0.00536835
-24.0106 85.7816 -13.4319 0.333712 -0.942671 -0.00283743
-25.1378 85.3792 -13.5743 0.343166 -0.939266 0.00330902
-26.1658 84.9934 -13.6188 0.362967 -0.931756 -0.00724182
-27.1317 84.6102 -13.601 0.375969 -0.926612 -0.00597805
-28.1234 84.1991 -13.5394 0.38444 -0.923122 -0.00719531
-29.0596 83.8009 -13.4426 0.39421 -0.918957 -0.0108044
-30.1375 83.3226 -13.1862 0.410432 -0.911813 -0.0119159
-31.0963 82.8782 -12.861 0.425895 -0.904711 -0.0104958
-31.9849 82.4522 -12.5579 0.438036 -0.898895 -0.0105755
-32.7835 82.0581 -12.1096 0.441806 -0.897049 -0.00963709
-33.4925 81.6978 -11.4746 0.447643 -0.894149 -0.0105264
-34.1916 81.3362 -10.709 0.454565 -0.890668 -0.00901681
-34.8851 80.9725 -9.84409 0.459846 -0.887951 -0.00916777
-35.3388 80.7279 -9.02393 0.467092 -0.884156 -0.00902161
-35.7475 80.5021 -8.12989 0.469847 -0.882715 -0.00762438
-36.1657 80.271 -7.08807 0.470498 -0.882381 -0.00588632
-36.5043 80.0847 -6.20041 0.472638 -0.881229 -0.0064284
-36.8682 79.879 -5.15091 0.475459 -0.879719 -0.00533802
-37.1586 79.7177 -4.19086 0.478067 -0.878317 -0.00319784
-37.4457 79.5548 -3.22922 0.479858 -0.877312 -0.00768339
-37.7378 79.3883 -2.33278 0.481779 -0.876277 -0.00511339
-38.0496 79.2099 -1.19052 0.48405 -0.875022 -0.00565377
-38.2323 79.1012 -0.16118 0.484696 -0.87466 -0.00621009
-38.4054 78.9987 0.833711 0.484368 -0.874838 -0.0066345
-38.5528 78.9133 1.77641 0.486748 -0.873539 -0.0021354
-38.6123 78.8773 2.75546 0.488385 -0.87262 -0.00341048
-38.6015 78.878 3.90911 0.486625 -0.873604 -0.00307357
-38.5457 78.9059 5.03228 0.486573 -0.873635 -0.00271972
-38.4303 78.97 5.97325 0.482734 -0.875765 0.00146874
-38.2067 79.0932 6.9162 0.479385 -0.877603 0.00103906
-37.9252 79.2495 7.8749 0.479502 -0.877539 0.00149518
-37.5626 79.4453 9.01203 0.474589 -0.880206 -0.00117245
-37.2038 79.6357 10.0227 0.471508 -0.88186 -0.00188806
-36.8292 79.8303 11.0166 0.466835 -0.884334 -0.0042824
-36.4434 80.0279 11.8982 0.463533 -0.886062 -0.00549099
-35.9383 80.2868 12.8159 0.461058 -0.887348 -0.00606477
-35.3648 80.5759 13.7042 0.458061 -0.888908 -0.00479602
-34.7675 80.8763 14.5011 0.450724 -0.892659 -0.00289579
-34.089 81.2158 15.1457 0.450209 -0.892912 -0.00448794
-33.2872 81.6123 15.9421 0.440471 -0.897693 -0.011289
-32.4877 81.9943 16.5269 0.431626 -0.902045 -0.00346589
-31.565 82.4326 17.0012 0.429768 -0.902934 -0.00314893
-30.6006 82.8839 17.3854 0.418491 -0.90822 -0.00128921
-29.4644 83.4024 17.6295 0.411143 -0.911569 -0.00157807
-28.4689 83.8423 17.8274 0.399378 -0.916778 -0.000896361
-27.5776 84.2175 17.8844 0.38697 -0.922078 -0.00506813
-26.5649 84.6266 17.8055 0.36729 -0.930092 -0.00512369
-25.6187 84.9946 17.691 0.354349 -0.935093 -0.00611608
-24.6689 85.3496 17.4688 0.34059 -0.940205 -0.00238248
-23.8024 85.6589 17.2043 0.330147 -0.943906 0.00207327
-22.9426 85.9476 16.911 0.308408 -0.95121 0.00670054
-21.946 86.2599 16.4631 0.292313 -0.956317 0.00286818
-20.7623 86.6018 15.9402 0.267305 -0.96358 0.00606483
-19.8044 86.8484 15.5004 0.240512 -0.970616 0.00673642
-18.614 87.1194 15.0692 0.215877 -0.976359 0.00877006
-17.5486 87.3346 14.6902 0.196551 -0.980406 0.0126425
-16.518 87.5153 14.342 0.163882 -0.986377 0.0131549
-15.4195 87.6742 14.1053 0.125159 -0.992082 0.0103968
-14.4219 87.7722 13.9319 0.101451 -0.994743 0.00991766
-13.2064 87.8598 13.7823 0.067818 -0.997662 0.00625042
-12.1922 87.8964 13.7539 0.0201678 -0.999755 0.00908182
-11.1098 87.8953 13.7205 -0.035532 -0.999359 0.00138954
-10.1715 87.8563 13.6084 -0.0554805 -0.99838 0.0103504
-9.1686 87.7896 13.6165 -0.0754743 -0.997069 0.00838206
-8.05824 87.674 13.6852 -0.119995 -0.992716 0.00769204
-6.97403 87.5142 13.7403 -0.167172 -0.98587 0.0106343
-5.88879 87.3216 13.8869 -0.186909 -0.982173 0.0196434
-4.83164 87.112 14.085 -0.217701 -0.975702 0.0245933
-3.9184 86.8922 14.3 -0.239319 -0.970848 0.0133381
-2.84676 86.6027 14.6039 -0.283903 -0.958839 0.00517047
-1.9483 86.3396 14.9524 -0.299237 -0.953879 0.0188668
-0.98548 86.0273 15.3076 -0.314046 -0.949279 0.0156159
-0.137066 85.7362 15.7143 -0.335746 -0.94189 0.0104863
0.912678 85.3551 16.1191 -0.351558 -0.936144 0.00640165
1.82277 85.0125 16.304 -0.362469 -0.931935 0.0103492
2.86848 84.5955 16.4706 -0.383721 -0.923398 0.00074829
3.78807 84.2044 16.5966 -0.395218 -0.918563 0.00668235
4.91708 83.7126 16.7549 -0.406663 -0.913574 0.00264216
5.79129 83.32 16.8418 -0.413975 -0.910272 0.00540965
6.7547 82.8788 16.8957 -0.423499 -0.90587 0.00503749
7.64768 82.4549 16.826 -0.430874 -0.902407 0.00300181
8.53843 82.0265 16.7726 -0.437124 -0.8994 0.00122891
9.37952 81.6145 16.6176 -0.44391 -0.896068 0.00092659
10.2923 81.1566 16.2944 -0.449697 -0.89318 0.00167978
11.0922 80.7506 15.8311 -0.453058 -0.891481 0.000720313
11.7825 80.3985 15.1801 -0.456661 -0.889641 -0.000726615
12.4306 80.0628 14.3989 -0.458756 -0.888553 0.00401546
12.912 79.8133 13.6018 -0.45905 -0.888405 -0.00322041
13.3422 79.5909 12.649 -0.462623 -0.886555 7.1163e-05
13.6986 79.4051 11.7833 -0.463006 -0.886355 -0.000964055
14.0756 79.2033 10.7517 -0.469463 -0.882941 0.00436925
14.3093 79.074 9.82037 -0.470017 -0.882643 0.00507631
14.552 78.9384 8.83191 -0.473945 -0.880534 0.00591031
14.8079 78.7911 7.69314 -0.474428 -0.880255 0.0083099
14.9395 78.709 6.58862 -0.475083 -0.879894 0.00909446
15.0512 78.634 5.28375 -0.477287 -0.878698 0.00927556
15.1325 78.576 4.17266 -0.48213 -0.876029 0.0111099
15.2187 78.5141 3.02771 -0.483069 -0.875497 0.0122187
15.2408 78.4886 2.04519 -0.48308 -0.875503 0.011299
15.2263 78.4831 1.02889 -0.483797 -0.875111 0.0110042
15.2365 78.4644 -0.0102527 -0.484056 -0.874964 0.0111564
15.2358 78.4521 -0.977574 -0.484049 -0.874964 0.0116355
15.1847 78.4657 -2.00423 -0.48546 -0.874159 0.0132242
15.1955 78.4443 -3.11443 -0.486941 -0.873357 0.0116368
15.1714 78.441 -4.29938 -0.488124 -0.872697 0.0116299
15.0439 78.4994 -5.25472 -0.489615 -0.871849 0.0124993
14.8472 78.5957 -6.2048 -0.486172 -0.873771 0.0126717
14.5532 78.7422 -7.54818 -0.483952 -0.875038 0.00992696
14.3028 78.8692 -8.53091 -0.482997 -0.875563 0.0101834
13.9808 79.0333 -9.59414 -0.481905 -0.87615 0.0113109
13.5639 79.2472 -10.6772 -0.479808 -0.877282 0.012663
13.1302 79.4683 -11.6208 -0.477814 -0.878329 0.0152244
12.7006 79.6872 -12.5664 -0.477538 -0.878532 0.0118208
12.1447 79.9739 -13.6417 -0.473022 -0.880967 0.0119935
11.6975 80.2013 -14.5037 -0.471944 -0.881529 0.0132549
11.1442 80.4812 -15.3782 -0.470781 -0.882075 0.0175468
10.5544 80.7822 -16.1617 -0.470053 -0.882505 0.0153695
9.91597 81.1096 -16.9779 -0.469343 -0.882921 0.0127103
9.26042 81.4485 -17.624 -0.466755 -0.884344 0.00869158
8.45172 81.8684 -18.2523 -0.46368 -0.885983 0.00586578
7.47804 82.3727 -18.6813 -0.456839 -0.889535 0.00273926
6.4841 82.8767 -18.9204 -0.448489 -0.893777 -0.00446689
5.37468 83.4268 -18.8134 -0.440099 -0.897913 -0.00781423
4.4797 83.8559 -18.6298 -0.430777 -0.902385 -0.0114729
3.41898 84.3473 -18.4456 -0.415468 -0.909402 -0.0193195
2.45482 84.7702 -18.1581 -0.398775 -0.91692 -0.015212
1.57769 85.1421 -17.8349 -0.386332 -0.922216 -0.0162912
0.483392 85.5796 -17.2772 -0.370462 -0.92853 -0.0242656
-0.467343 85.934 -16.7535 -0.357912 -0.933452 -0.0237991
-1.333 86.2389 -16.3412 -0.333657 -0.942407 -0.0232025
-2.14763 86.5128 -15.9112 -0.31985 -0.947096 -0.0262949
-2.98128 86.7707 -15.3708 -0.304829 -0.951883 -0.0302314
-3.86924 87.0135 -14.6741 -0.284121 -0.958238 -0.0322584
-4.80404 87.249 -14.0362 -0.255583 -0.966215 -0.0326571
-5.80078 87.4726 -13.3848 -0.21277 -0.976486 -0.0338725
-6.76577 87.6577 -12.8468 -0.179657 -0.983146 -0.0313593
-7.63565 87.792 -12.4178 -0.165925 -0.985635 -0.0312968
-8.78135 87.9345 -11.9022 -0.121913 -0.991837 -0.034773
-9.69681 88.0158 -11.6244 -0.0922201 -0.995094 -0.0355489
-10.9479 88.0734 -11.3389 -0.0360305 -0.998724 -0.0352347
-12.0824 88.0867 -11.2292 0.0151084 -0.999195 -0.0282031
-13.1248 88.035 -11.2684 0.0685254 -0.997434 -0.0199774
-14.2819 87.9478 -11.3751 0.0987596 -0.995036 -0.0113455
-15.4105 87.8278 -11.6177 0.115876 -0.993175 -0.010731
-16.373 87.6938 -11.8058 0.143389 -0.989587 -0.012095
-17.3594 87.5415 -12.0611 0.170576 -0.985264 -0.0124849
-18.4673 87.3282 -12.3451 0.209422 -0.9778 -0.00291857
-19.4469 87.1083 -12.6918 0.226288 -0.974 -0.0100469
-20.4322 86.865 -12.8853 0.247614 -0.968853 0.00213541
-20.4798 86.8529 -12.8924 0.249682 -0.968318 -0.00114398
-20.3822 86.8768 -13.8273 0.243556 -0.969887 9.17044e-05
-21.3768 86.6159 -14.0341 0.269573 -0.962966 0.00517512
-22.5589 86.2718 -14.2193 0.292236 -0.956306 0.00425388
-23.472 85.9717 -14.325 0.316524 -0.948583 0.000143536
-24.3971 85.6519 -14.4218 0.332987 -0.942867 -0.0110103
-25.5159 85.2481 -14.5432 0.342885 -0.939325 -0.00987345
-26.5033 84.8735 -14.5614 0.362592 -0.931844 -0.013189
-27.5379 84.4584 -14.5031 0.374709 -0.927057 -0.0125676
-28.5382 84.0396 -14.4599 0.3913 -0.920147 -0.0146249
-29.7239 83.5249 -14.2913 0.402205 -0.915429 -0.0148663
-30.5993 83.1273 -14.0371 0.415116 -0.909644 -0.0148673
-31.6236 82.644 -13.6887 0.429003 -0.90317 -0.0151007
-32.4903 82.2175 -13.3825 0.439841 -0.897897 -0.0178925
-33.3438 81.7881 -12.8426 0.448389 -0.893754 -0.0123033
-33.9917 81.4554 -12.2253 0.451552 -0.892183 -0.0103634
-34.6166 81.1297 -11.5534 0.453429 -0.891222 -0.0111852
-35.2499 80.795 -10.8256 0.46078 -0.887351 -0.0169359
-35.8437 80.4715 -9.91995 0.468189 -0.883554 -0.0113016
-36.3176 80.206 -8.95847 0.470173 -0.882519 -0.00968927
-36.7837 79.9462 -7.86818 0.472008 -0.881558 -0.00791658
-37.1768 79.7271 -6.86932 0.475016 -0.879944 -0.00764094
-37.5426 79.517 -5.74726 0.478424 -0.878103 -0.00676274
-37.9355 79.2943 -4.53456 0.481145 -0.876634 -0.00336851
-38.224 79.1285 -3.5591 0.483804 -0.87515 -0.00683574
-38.6022 78.9108 -2.33066 0.485872 -0.87401 -0.00551566
-38.8709 78.7529 -1.36992 0.487962 -0.872849 -0.00524624
-39.031 78.6565 -0.3174 0.488411 -0.872594 -0.0059018
-39.2208 78.544 0.700024 0.488223 -0.872704 -0.00510681
-39.3826 78.4486 1.65216 0.489346 -0.872086 -0.00243052
-39.4634 78.3995 2.61945 0.49047 -0.87145 -0.00365786
-39.4704 78.392 3.58969 0.489252 -0.872141 -0.00155302
-39.4308 78.4127 4.70766 0.487844 -0.872928 -0.00198428
-39.2989 78.4858 5.83087 0.488124 -0.872773 0.000298687
-39.1118 78.5921 6.79982 0.48721 -0.873271 0.00498
-38.8535 78.7395 7.75562 0.4821 -0.876115 0.00131747
-38.5387 78.9159 8.7529 0.481062 -0.876681 0.00284447
-38.2007 79.1014 9.74954 0.475835 -0.879532 0.0010312
-37.8688 79.2793 10.6245 0.471539 -0.881845 0.000123836
-37.5221 79.4616 11.5645 0.4672 -0.884144 -0.00370827
-37.1327 79.6647 12.4363 0.465635 -0.884972 -0.00293071
-36.6203 79.9283 13.3811 0.463627 -0.886025 -0.00288729
-36.0114 80.2407 14.2947 0.457499 -0.889203 -0.0035063
-35.3892 80.5565 15.1363 0.455234 -0.890358 -0.00469317
-34.7559 80.8752 15.7826 0.45261 -0.891694 -0.00503535
-33.9717 81.2676 16.5368 0.451518 -0.892244 -0.00564323
-33.0558 81.714 17.2635 0.440995 -0.897484 -0.00667718
-31.998 82.2274 17.8459 0.429271 -0.903157 0.00589778
-31.1507 82.6307 18.2108 0.423788 -0.905759 0.00190696
-30.2984 83.0269 18.4506 0.415427 -0.909613 0.00457908
-29.3612 83.4513 18.6035 0.407501 -0.913193 0.00323145
-28.4572 83.8467 18.8011 0.397156 -0.91775 -0.00109745
-27.3709 84.3032 18.8281 0.383818 -0.923406 0.0021697
-26.374 84.7037 18.7528 0.368218 -0.929723 0.00520379
-25.4177 85.0734 18.6228 0.356869 -0.934139 0.00501463
-24.4621 85.424 18.413 0.337858 -0.941197 0.000921528
-23.5594 85.7429 18.1128 0.325952 -0.945379 0.000170735
-22.5739 86.0737 17.8086 0.306277 -0.951935 0.00290015
-21.549 86.3898 17.3189 0.286949 -0.957895 0.00985188
-20.5338 86.6766 16.8671 0.271542 -0.962259 0.017704
-19.4878 86.938 16.3751 0.242979 -0.969792 0.0215567
-18.2739 87.2044 15.9115 0.207415 -0.977936 0.0248486
-17.1991 87.411 15.5479 0.178819 -0.9836 0.0234427
-15.9847 87.6123 15.1528 0.14574 -0.989169 0.0142921
-15.0477 87.7311 15.0208 0.118409 -0.992856 0.00850159
-13.9406 87.8287 14.8036 0.0797532 -0.996666 0.0164567
-12.7979 87.893 14.7034 0.0340453 -0.999358 0.0111378
-11.7131 87.915 14.6689 -0.000659368 -0.999979 0.00620426
-10.6904 87.8991 14.6118 -0.0409613 -0.998897 0.022297
-9.647 87.8442 14.5325 -0.070722 -0.997155 0.0254826
-8.39692 87.7355 14.5854 -0.106578 -0.993866 0.0277456
-7.3076 87.5955 14.6394 -0.152305 -0.987862 0.0236816
-6.19825 87.4073 14.805 -0.179561 -0.983162 0.0329921
-5.11484 87.2023 14.9663 -0.197056 -0.979536 0.0404616
-4.18953 86.9907 15.1834 -0.250617 -0.967208 0.0406349
-3.24427 86.7368 15.4556 -0.283693 -0.958588 0.0250144
-2.1251 86.4124 15.8735 -0.299597 -0.953825 0.0170743
-0.974625 86.041 16.3743 -0.314496 -0.94912 0.0162253
-0.146235 85.7534 16.7455 -0.329476 -0.94374 0.0282396
0.964841 85.3536 17.1117 -0.353303 -0.935143 0.0261469
2.04455 84.9407 17.3073 -0.375478 -0.926633 0.0189124
2.9892 84.5558 17.4528 -0.382948 -0.923631 0.0158923
3.92589 84.1584 17.5642 -0.397353 -0.917549 0.0143739
4.78786 83.7819 17.6922 -0.406052 -0.913717 0.0153539
5.69258 83.3733 17.7879 -0.414825 -0.909844 0.0101532
6.62168 82.9446 17.8496 -0.425041 -0.90517 0.00270164
7.77932 82.3933 17.7854 -0.432581 -0.901595 0.000499121
8.69754 81.9499 17.7213 -0.436506 -0.899701 -0.000134253
9.71476 81.4484 17.5166 -0.447249 -0.894405 0.00169769
10.6291 80.9868 17.1933 -0.454383 -0.890806 0.000468375
11.4602 80.5625 16.7254 -0.454346 -0.890825 -0.000570556
12.2935 80.1354 16.0073 -0.457312 -0.889306 -0.000821515
12.9049 79.8195 15.2873 -0.460239 -0.887795 0.000252409
13.3945 79.5642 14.5086 -0.460607 -0.887603 0.00134851
13.8354 79.333 13.5911 -0.464232 -0.885713 0.000729549
14.2665 79.1067 12.6774 -0.465299 -0.885153 0.000485852
14.7014 78.8746 11.5633 -0.469095 -0.883138 0.00395183
15.0121 78.7031 10.4951 -0.470597 -0.882325 0.00613489
15.2391 78.5746 9.57351 -0.472399 -0.881361 0.00648614
15.4606 78.4483 8.65066 -0.474428 -0.880261 0.00763088
15.6609 78.3305 7.67435 -0.474516 -0.880198 0.00928724
15.7583 78.266 6.63173 -0.477281 -0.878686 0.0106928
15.8526 78.2009 5.58539 -0.478326 -0.878095 0.0124045
15.9449 78.1345 4.46709 -0.481517 -0.876333 0.0134038
16.0174 78.0773 3.39843 -0.48504 -0.874386 0.0135349
16.0717 78.031 2.27971 -0.485704 -0.874033 0.0125683
16.0471 78.0294 1.13353 -0.486133 -0.873812 0.011232
16.0605 78.0046 -0.170182 -0.486561 -0.873564 0.0120027
16.0365 78.0035 -1.22859 -0.487569 -0.87299 0.012813
16.0231 77.9953 -2.25485 -0.487234 -0.873168 0.0134263
16.0044 77.9902 -3.26037 -0.487255 -0.873151 0.0137804
15.9922 77.9817 -4.25205 -0.489172 -0.872082 0.0135306
15.879 78.0283 -5.2981 -0.490894 -0.87111 0.0138422
15.6503 78.1442 -6.39935 -0.491799 -0.870664 0.00884212
15.4365 78.2528 -7.43695 -0.48713 -0.873301 0.0071155
15.2031 78.3736 -8.42217 -0.483577 -0.875243 0.0101218
14.942 78.5059 -9.34918 -0.484303 -0.874828 0.0112397
14.6301 78.6666 -10.2715 -0.483565 -0.875234 0.0114361
14.2584 78.859 -11.1787 -0.482569 -0.87577 0.0123877
13.7726 79.1088 -12.2554 -0.477556 -0.878488 0.0141125
13.3674 79.3176 -13.0934 -0.478363 -0.878083 0.0117861
12.8892 79.5646 -13.9906 -0.477147 -0.878723 0.0132822
12.4491 79.7881 -14.9326 -0.477115 -0.878692 0.0161282
11.9116 80.0616 -15.7936 -0.475276 -0.87966 0.0176171
11.3014 80.3749 -16.6045 -0.475071 -0.87977 0.0176665
10.6775 80.6972 -17.4585 -0.471112 -0.882017 0.00991452
9.85198 81.128 -18.2899 -0.470032 -0.882594 0.00985335
9.02473 81.5603 -19.0097 -0.468525 -0.883422 0.00699692
7.87581 82.1636 -19.5372 -0.465555 -0.885016 0.00253263
7.02255 82.6049 -19.8231 -0.456521 -0.889713 -0.000349699
5.90312 83.1745 -19.8647 -0.44977 -0.893078 -0.0108623
4.95284 83.6424 -19.697 -0.438439 -0.898654 -0.0138175
3.86442 84.1635 -19.5053 -0.430507 -0.902421 -0.0172497
2.91401 84.5954 -19.2745 -0.414719 -0.909715 -0.0205984
2.07397 84.9569 -18.9796 -0.399487 -0.91631 -0.0280365
1.03196 85.3898 -18.6265 -0.38608 -0.92198 -0.0298764
0.174602 85.7268 -18.1715 -0.365489 -0.930089 -0.0367809
-0.657921 86.034 -17.7101 -0.358555 -0.932801 -0.0363263
-1.64599 86.3788 -17.2174 -0.34178 -0.939002 -0.0382265
-2.47447 86.6553 -16.7943 -0.317279 -0.947289 -0.0441312
-3.30286 86.9081 -16.292 -0.305613 -0.95141 -0.0371853
-4.11919 87.1262 -15.6369 -0.286922 -0.957098 -0.0404525
-5.17641 87.387 -14.8972 -0.255806 -0.965649 -0.0454028
-5.96753 87.5566 -14.38 -0.220898 -0.974159 -0.0470944
-6.769 87.7043 -13.8723 -0.185071 -0.981633 -0.0448984
-7.86621 87.865 -13.3122 -0.137562 -0.989723 -0.038158
-8.81937 87.9731 -12.8666 -0.109482 -0.993324 -0.0351294
-9.78773 88.0577 -12.5323 -0.095738 -0.994683 -0.037873
-10.7575 88.1023 -12.3029 -0.0265775 -0.999021 -0.0330911
-11.9741 88.1078 -12.1589 0.0158831 -0.999675 -0.0180406
-12.9393 88.0733 -12.2065 0.0658569 -0.997367 -0.0290182
-14.22 87.9679 -12.3096 0.109631 -0.993616 -0.0266156
-15.3937 87.8378 -12.5813 0.124305 -0.992204 -0.00888903
-16.448 87.6945 -12.7714 0.15195 -0.988352 -0.00734037
-17.3796 87.5477 -13.0177 0.165854 -0.986099 -0.00986146
-18.388 87.3516 -13.3037 0.2068 -0.978241 -0.0133106
-19.518 87.0937 -13.6716 0.240888 -0.97055 -0.000236469
-20.2566 86.9083 -13.8081 0.24309 -0.970004 0.000256005
-19.9899 86.992 -14.7175 0.254309 -0.966867 -0.0215675
-20.98 86.7262 -14.9068 0.266304 -0.963889 -0.00096391
-22.056 86.4268 -15.1404 0.282916 -0.958908 -0.0109696
-23.0215 86.1232 -15.243 0.306982 -0.951654 -0.00863025
-23.9755 85.8082 -15.3549 0.316702 -0.948348 -0.0183548
-24.9443 85.4726 -15.404 0.340046 -0.940037 -0.0264288
-25.9289 85.1063 -15.4847 0.3545 -0.934857 -0.01929
-27.0768 84.6688 -15.4878 0.361266 -0.93214 -0.0245216
-28.0602 84.2665 -15.4109 0.389791 -0.92046 -0.0285531
-29.0863 83.8248 -15.3417 0.400334 -0.916103 -0.0216898
-30.0748 83.385 -15.1809 0.403327 -0.914843 -0.0197344
-31.0316 82.9466 -14.9256 0.420287 -0.906979 -0.0268324
-32.0213 82.468 -14.5754 0.43243 -0.901522 -0.0161763
-32.9122 82.031 -14.2281 0.43784 -0.898775 -0.0223678
-33.9332 81.5002 -13.5199 0.453276 -0.891173 -0.0187173
-34.6284 81.1398 -12.8267 0.452679 -0.891597 -0.0116901
-35.2988 80.7894 -12.0878 0.452789 -0.891515 -0.01354
-35.9998 80.4135 -11.226 0.46083 -0.887269 -0.0196864
-36.5408 80.1071 -10.396 0.471098 -0.881884 -0.0185252
-37.0127 79.8396 -9.49106 0.474945 -0.879904 -0.0139502
-37.4622 79.5856 -8.55144 0.47551 -0.879684 -0.00676532
-37.8673 79.3561 -7.47591 0.477976 -0.878328 -0.00884266
-38.1997 79.1619 -6.43785 0.484023 -0.875007 -0.00909278
-38.5303 78.9729 -5.55495 0.484282 -0.874895 -0.00550824
-38.8584 78.7835 -4.49039 0.485488 -0.874222 -0.00610833
-39.1823 78.5958 -3.38524 0.485341 -0.874304 -0.00603304
-39.4445 78.4399 -2.40633 0.489494 -0.871978 -0.00703485
-39.7393 78.2661 -1.29431 0.489618 -0.871911 -0.0067601
-39.8992 78.1697 -0.357699 0.490357 -0.8715 -0.00611359
-40.1153 78.041 0.794032 0.491068 -0.871111 -0.00423507
-40.2484 77.9599 1.7991 0.491881 -0.870631 -0.00743598
-40.2855 77.9327 2.83413 0.494908 -0.868937 -0.00392123
-40.2979 77.9255 3.89887 0.492019 -0.870584 -0.000433515
-40.2571 77.9505 5.07724 0.487699 -0.873011 0.000114038
-40.0849 78.0448 6.16207 0.494418 -0.869223 -0.00135916
-39.8687 78.1714 7.14194 0.488064 -0.872794 0.00498923
-39.6235 78.3154 8.07632 0.484312 -0.874849 0.00881386
-39.3017 78.4993 9.04332 0.479193 -0.877694 0.00528266
-38.9696 78.6856 10.0149 0.477058 -0.878862 0.00353295
-38.656 78.8591 10.894 0.473571 -0.88074 0.00388922
-38.2489 79.0766 12.0868 0.468437 -0.883496 -0.00147397
-37.7658 79.3294 13.1114 0.465528 -0.885027 -0.00327129
-37.2552 79.5945 14.0113 0.466709 -0.884405 0.00132861
-36.6248 79.9245 14.9697 0.454702 -0.890636 0.000215491
-36.057 80.2116 15.697 0.455797 -0.890077 -0.00339628
-35.394 80.5469 16.4174 0.454822 -0.890577 -0.00311498
-34.7073 80.8932 17.0706 0.450835 -0.892565 0.00670219
-34.0337 81.2401 17.7069 0.442237 -0.896876 0.00580309
-32.9768 81.7606 18.389 0.435804 -0.900019 0.00634166
-32.2009 82.1375 18.793 0.429937 -0.902819 0.00850306
-31.2794 82.5758 19.1504 0.424244 -0.905515 0.00747661
-30.296 83.0355 19.4123 0.420071 -0.907452 0.0083755
-29.342 83.4671 19.5896 0.403207 -0.915035 0.0115775
-28.3265 83.9081 19.7813 0.391301 -0.92022 0.00882459
-27.1739 84.3894 19.7853 0.375908 -0.926572 0.0115566
-26.1572 84.7972 19.7127 0.372959 -0.927793 0.00995079
-25.0999 85.2011 19.5487 0.341619 -0.939721 0.0144687
-24.1964 85.525 19.3451 0.340893 -0.940014 0.0127244
-23.3043 85.8353 19.0328 0.324392 -0.945747 0.0170741
-22.3201 86.1695 18.7521 0.316342 -0.948524 0.0150805
-21.4428 86.4398 18.306 0.288316 -0.957271 0.0224165
-20.3848 86.7357 17.8022 0.269047 -0.962836 0.0236552
-19.479 86.9629 17.348 0.240009 -0.970464 0.0242001
-18.5519 87.1753 16.9794 0.222974 -0.97399 0.0401999
-17.589 87.3657 16.6702 0.192243 -0.980469 0.0414941
-16.6026 87.5376 16.3132 0.178218 -0.98368 0.0247544
-15.5433 87.6928 16.0467 0.1312 -0.990804 0.0320961
-14.3764 87.828 15.8581 0.115202 -0.992865 0.0306932
-13.382 87.9056 15.671 0.0455997 -0.997272 0.0580078
-12.1839 87.9394 15.6144 0.0116398 -0.999114 0.0404231
-11.1974 87.9421 15.5646 -0.00690042 -0.998757 0.0489326
-10.2174 87.9109 15.5326 -0.0480344 -0.997677 0.04825
-9.2093 87.8466 15.4862 -0.0800957 -0.995341 0.0524912
-8.09524 87.7315 15.5445 -0.12683 -0.99097 0.043423
-7.15863 87.6059 15.5905 -0.150313 -0.987088 0.0543111
-6.08663 87.4247 15.738 -0.180811 -0.982331 0.0482755
-4.93376 87.2087 15.929 -0.218743 -0.97396 0.0582513
-3.91809 86.9555 16.2667 -0.275157 -0.960992 0.0279593
-2.95031 86.6787 16.5551 -0.284433 -0.958271 0.0281809
-1.79538 86.3274 17.0628 -0.312291 -0.949289 0.0356191
-0.778241 86.0054 17.5042 -0.340156 -0.93889 0.0526528
0.189636 85.6668 17.8462 -0.349645 -0.936391 0.0301279
1.08888 85.3352 18.0709 -0.358078 -0.933141 0.0320507
2.09387 84.944 18.2671 -0.37774 -0.925472 0.0285051
3.07236 84.5419 18.4384 -0.389453 -0.920602 0.0286034
3.97091 84.1591 18.543 -0.399822 -0.916241 0.0253347
4.90231 83.7472 18.664 -0.412935 -0.910585 0.0178257
5.88937 83.2953 18.7344 -0.421437 -0.906762 0.0130246
6.81147 82.8631 18.7574 -0.42737 -0.90398 0.0130973
7.87139 82.3511 18.7205 -0.435962 -0.899959 0.00295473
8.92555 81.8385 18.6853 -0.437057 -0.899433 1.82128e-05
9.83826 81.3893 18.4932 -0.451017 -0.892514 0.00181538
10.7033 80.95 18.1772 -0.45325 -0.891383 0.000658017
11.7457 80.4181 17.7145 -0.454616 -0.89068 0.00366899
12.4716 80.045 17.0924 -0.457298 -0.889312 0.00160225
13.1507 79.6944 16.4987 -0.458125 -0.888886 0.00167581
13.7694 79.3715 15.5928 -0.460539 -0.887637 0.00209872
14.2752 79.1074 14.6806 -0.462819 -0.886439 0.00375495
14.7168 78.8718 13.7549 -0.463818 -0.885928 0.00185991
15.0829 78.6771 12.8995 -0.466037 -0.884762 0.00252133
15.474 78.4669 11.8766 -0.464857 -0.885363 0.00633122
15.7489 78.3139 10.9592 -0.469289 -0.883007 0.00801054
16.0013 78.1702 10.0459 -0.472623 -0.881202 0.0104166
16.2435 78.0293 9.00318 -0.474816 -0.880051 0.0077726
16.456 77.905 7.97756 -0.475802 -0.879482 0.0108631
16.5707 77.8279 6.85869 -0.476043 -0.879352 0.0110787
16.6547 77.768 5.88541 -0.476911 -0.878836 0.0141875
16.7669 77.6905 4.92586 -0.479868 -0.877198 0.0158128
16.8182 77.6436 3.93561 -0.484905 -0.874389 0.0175706
16.9042 77.5746 2.77826 -0.486948 -0.873289 0.015717
16.8763 77.5748 1.74773 -0.488742 -0.872361 0.0107982
16.8825 77.5583 0.71805 -0.487565 -0.873013 0.0113424
16.8699 77.5479 -0.550732 -0.48755 -0.873021 0.0113664
16.8672 77.5331 -1.69621 -0.487498 -0.872983 0.01546
16.8437 77.5274 -2.84939 -0.489779 -0.871741 0.0135516
16.8078 77.532 -3.85226 -0.485449 -0.874133 0.015206
16.7745 77.533 -4.85386 -0.48959 -0.871771 0.0178008
16.5851 77.6182 -5.99399 -0.493652 -0.869546 0.0139025
16.3815 77.726 -7.12592 -0.492535 -0.870293 -0.000527961
16.1262 77.865 -8.23214 -0.484615 -0.874701 0.00670685
15.8491 78.0065 -9.21819 -0.48284 -0.87561 0.0130559
15.5006 78.1845 -10.2408 -0.486505 -0.873604 0.0113764
15.1559 78.3635 -11.2052 -0.483912 -0.875032 0.0121606
14.7126 78.5924 -12.2527 -0.482721 -0.875684 0.0125163
14.3209 78.7959 -13.1523 -0.480642 -0.876829 0.0124451
13.8465 79.0424 -14.0753 -0.478308 -0.878103 0.0124779
13.4201 79.261 -14.9282 -0.476128 -0.879247 0.0150225
12.8978 79.5277 -15.8379 -0.474895 -0.87991 0.0152787
12.3647 79.7999 -16.6258 -0.475291 -0.879636 0.0183966
11.7289 80.1268 -17.4771 -0.47555 -0.879543 0.0159493
10.9645 80.5292 -18.4561 -0.475303 -0.879784 0.00815634
10.3054 80.8774 -19.0966 -0.471233 -0.88198 0.00716272
9.56053 81.2691 -19.777 -0.470124 -0.882567 0.00772696
8.7975 81.6715 -20.232 -0.471407 -0.881898 0.00542427
7.87343 82.1639 -20.5384 -0.469164 -0.883108 -0.00210549
6.96765 82.6361 -20.8147 -0.460484 -0.88764 -0.00538029
6.06073 83.1098 -20.8254 -0.458298 -0.888729 -0.0106207
5.15141 83.5636 -20.7032 -0.438791 -0.898386 -0.0191088
4.12946 84.0588 -20.5414 -0.437941 -0.898766 -0.0206932
3.23767 84.4788 -20.4011 -0.414739 -0.909524 -0.0275233
2.41671 84.8415 -20.1061 -0.407731 -0.912632 -0.0292957
1.49616 85.2336 -19.7453 -0.390732 -0.919668 -0.0391517
0.372031 85.6916 -19.3223 -0.38467 -0.921948 -0.0449199
-0.585093 86.0503 -18.8179 -0.356361 -0.933039 -0.0494417
-1.4299 86.3519 -18.4042 -0.347954 -0.936432 -0.0447072
-2.24956 86.6313 -17.9759 -0.340103 -0.939196 -0.0470895
-3.28059 86.9579 -17.3564 -0.328182 -0.942959 -0.0558912
-4.19842 87.2152 -16.7543 -0.288787 -0.9545 -0.0738576
-4.99761 87.4129 -16.1228 -0.277014 -0.958537 -0.066821
-5.77035 87.5903 -15.6022 -0.241251 -0.967297 -0.0757685
-6.65414 87.7521 -15.0214 -0.222481 -0.972884 -0.063161
-7.51838 87.8834 -14.5146 -0.161134 -0.984382 -0.0708795
-8.53474 87.992 -13.9747 -0.132057 -0.989544 -0.0576239
-9.70135 88.0955 -13.5257 -0.0819817 -0.995161 -0.049137
-10.9002 88.15 -13.1984 -0.0405177 -0.998234 -0.0413947
-11.921 88.1357 -13.0896 0.0317354 -0.99888 -0.0350844
-12.9918 88.0987 -13.1162 0.0488994 -0.998507 -0.0243175
-13.9851 88.0172 -13.1928 0.111514 -0.99346 -0.0245357
-15.0475 87.9014 -13.445 0.12165 -0.991898 -0.035702
-16.0793 87.7729 -13.6475 0.166143 -0.985581 -0.031824
-16.9941 87.6266 -13.8805 0.16071 -0.986817 -0.0189604
-18.1439 87.4099 -14.2304 0.220093 -0.975474 -0.00308559
-19.3352 87.1544 -14.6017 0.212416 -0.977005 -0.0184485
-19.8341 87.0316 -14.6895 0.25048 -0.967794 -0.0251742
