11.9847 80.9337 13.5153 -0.457746 -0.889081 0.00183398
11.1136 81.3792 14.4509 -0.453984 -0.891009 -0.0014695
10.2334 81.8246 15.4837 -0.449155 -0.89345 -0.000743212
10.1838 81.8493 15.541 -0.447004 -0.894531 -0.00113666
8.63782 82.6107 16.1219 -0.436714 -0.8996 -0.00116414
9.47242 82.205 15.0545 -0.445835 -0.895115 -0.000585921
10.3444 81.7716 14.0211 -0.451071 -0.89248 -0.00222797
11.2245 81.3245 13.0688 -0.456137 -0.889908 -0.00113919
12.2954 80.7732 11.9929 -0.460038 -0.887899 -0.000902495
12.8154 80.5022 11.4733 -0.466036 -0.884762 0.0026154
13.5773 80.0934 9.35993 -0.469217 -0.88308 0.00219965
12.5804 80.6212 10.4883 -0.463153 -0.886273 0.00280925
11.5973 81.1359 11.4461 -0.458535 -0.88867 -0.00274656
10.6725 81.6067 12.4329 -0.452352 -0.891838 -0.00173076
9.55361 82.165 13.6228 -0.444134 -0.895959 -0.000813447
8.63182 82.6169 14.7284 -0.43746 -0.899228 -0.00396682
7.81146 83.0111 15.7812 -0.4342 -0.900816 -0.000419321
7.35956 83.2242 16.3354 -0.425952 -0.904739 -0.003492
6.31827 83.7135 16.2425 -0.420158 -0.907449 0.000152779
7.19102 83.3069 15.1928 -0.42614 -0.904656 -0.00134682
8.02708 82.9113 14.1133 -0.432406 -0.901678 -0.000970017
9.03233 82.4233 12.935 -0.43978 -0.898104 -0.000417132
9.98394 81.9546 11.9311 -0.446611 -0.894728 -0.000482775
10.9991 81.4412 10.8036 -0.455351 -0.890309 0.00143782
11.9863 80.9291 9.89245 -0.460851 -0.887471 0.00322109
12.9611 80.4177 8.75923 -0.46585 -0.884856 0.00366207
13.8308 79.9509 7.82446 -0.470643 -0.882297 0.00681758
13.9103 79.9078 7.74114 -0.472514 -0.881284 0.00803479
13.9798 79.8553 6.41635 -0.47414 -0.880378 0.0111922
12.9898 80.3947 7.46902 -0.468146 -0.883617 0.00771381
12.0799 80.8775 8.48344 -0.459786 -0.888021 0.00352847
11.1998 81.3331 9.42208 -0.4568 -0.889567 0.00230658
10.2918 81.7984 10.2991 -0.447287 -0.894389 -0.00140973
9.41693 82.2354 11.2434 -0.442597 -0.896716 0.00186267
8.50565 82.6789 12.2446 -0.435068 -0.900395 0.00123797
7.41349 83.2057 13.5128 -0.425735 -0.904841 0.00282145
6.56447 83.5988 14.579 -0.41912 -0.907928 0.000701563
5.73343 83.9808 15.5913 -0.413406 -0.910539 0.00177846
5.20609 84.2188 16.2128 -0.41073 -0.911756 0.00112348
4.33186 84.6084 15.9025 -0.402337 -0.915477 0.00502132
5.26479 84.1928 14.8168 -0.411107 -0.91158 -0.00336815
6.1506 83.7918 13.7092 -0.418914 -0.90802 -0.00323252
7.0421 83.3773 12.5859 -0.425826 -0.904805 0.000637397
8.07664 82.8855 11.451 -0.432756 -0.90151 0.00070358
9.06396 82.41 10.3673 -0.440177 -0.897909 -0.00176818
10.1126 81.8873 9.25575 -0.448952 -0.893553 0.00213985
11.1326 81.3647 8.2156 -0.455924 -0.890016 0.00228292
12.0695 80.8758 7.19824 -0.461969 -0.886868 0.00671671
12.947 80.4052 6.27887 -0.468818 -0.88323 0.0104585
13.9745 79.8432 5.16084 -0.472123 -0.881474 0.00999022
14.3467 79.6384 4.77164 -0.47617 -0.879275 0.011626
14.3402 79.6281 3.59127 -0.47831 -0.878142 0.00929028
13.2759 80.2109 4.6282 -0.472071 -0.881535 0.00664225
12.395 80.6895 5.59062 -0.468389 -0.883453 0.0110764
11.5346 81.1491 6.50356 -0.460388 -0.887698 0.00552972
10.598 81.6366 7.51298 -0.454713 -0.890632 0.00263992
9.67418 82.1046 8.48659 -0.446328 -0.894867 -0.00218301
8.69968 82.5902 9.4884 -0.440983 -0.897515 0.00016316
7.74398 83.0451 10.5314 -0.432759 -0.901495 -0.00357909
6.8926 83.4471 11.482 -0.426969 -0.904266 -0.000501333
5.81954 83.9447 12.7226 -0.416428 -0.909168 0.000760764
4.99982 84.3161 13.7876 -0.40848 -0.912763 -0.00278633
4.08679 84.7152 14.8911 -0.398215 -0.917289 -0.00185563
3.20379 85.0966 15.8377 -0.391521 -0.920096 0.0110716
3.19413 85.1009 15.8473 -0.384589 -0.922898 0.0159155
2.10357 85.5417 15.7268 -0.361283 -0.932413 0.00896326
3.08658 85.1373 14.6987 -0.377195 -0.926132 0.00144836
4.07583 84.7242 13.5965 -0.395508 -0.918458 -0.00208221
4.91779 84.3539 12.468 -0.404711 -0.914441 0.00239989
5.83325 83.9381 11.3203 -0.417169 -0.908828 -0.000894381
6.87259 83.4575 10.2141 -0.425641 -0.904871 -0.00468871
7.86174 82.9984 9.13004 -0.432808 -0.901483 -0.0021656
8.82867 82.5252 8.12857 -0.440611 -0.897697 -0.000236473
9.85113 82.0152 7.04297 -0.450669 -0.892688 0.00107385
10.7748 81.5393 6.07032 -0.457692 -0.889099 0.00451573
11.7506 81.023 5.01797 -0.462116 -0.886774 0.008947
12.7927 80.4636 3.9066 -0.468484 -0.883444 0.00653704
13.7593 79.9362 2.95043 -0.473436 -0.880775 0.00967644
14.4672 79.5435 2.27619 -0.479617 -0.877412 0.0107651
14.3856 79.5742 1.17645 -0.48202 -0.876102 0.00999585
13.3902 80.1252 2.11812 -0.475503 -0.87966 0.00968058
12.4892 80.616 2.98142 -0.467965 -0.8837 0.00909776
11.3974 81.2001 4.12499 -0.463426 -0.886121 0.00436775
10.4631 81.694 5.15911 -0.460349 -0.887698 0.00841703
9.54559 82.1696 6.1059 -0.450205 -0.892916 0.00063803
8.60998 82.6332 7.14116 -0.437435 -0.89925 9.05814e-05
7.62618 83.1106 8.14246 -0.431245 -0.90223 -0.00031153
6.55145 83.6145 9.31705 -0.421446 -0.906836 -0.00563396
5.53153 84.0785 10.3708 -0.417615 -0.908616 -0.00368961
4.62918 84.4778 11.4158 -0.400998 -0.916078 0.00130632
3.51731 84.9629 12.8704 -0.380882 -0.924617 0.00340616
2.57623 85.3453 13.976 -0.371998 -0.928233 0.000494655
1.67752 85.7007 14.9014 -0.364212 -0.931305 0.00451544
1.15544 85.9072 15.388 -0.357048 -0.934043 0.0049134
0.105397 86.2962 15.1593 -0.349845 -0.936734 0.0105938
1.16488 85.8986 14.2206 -0.358779 -0.933406 0.000701713
2.17192 85.5054 13.1449 -0.370001 -0.929031 2.37427e-05
3.00006 85.1727 12.1102 -0.378531 -0.925579 0.0041978
3.87097 84.8081 11.012 -0.389589 -0.920973 -0.00537318
4.70237 84.452 10.0201 -0.403329 -0.915042 -0.00477263
5.57888 84.0635 9.091 -0.416081 -0.909317 -0.00387899
6.49337 83.646 8.09325 -0.426027 -0.904709 -0.00154143
7.41664 83.2101 7.12733 -0.429465 -0.903082 0.000361902
8.30508 82.7822 6.18196 -0.43732 -0.899304 -0.00161438
9.30517 82.2882 5.12545 -0.451687 -0.892128 0.00909834
10.2503 81.7959 4.11754 -0.455781 -0.890079 0.00484272
11.2503 81.27 3.06391 -0.46517 -0.8852 0.00614617
12.1311 80.7993 2.15143 -0.470563 -0.882356 0.00431792
13.0352 80.3105 1.26086 -0.473528 -0.880751 0.00691913
13.9743 79.7903 0.384871 -0.480408 -0.876981 0.0105985
14.4625 79.5167 -0.124407 -0.480934 -0.876694 0.0104501
14.2985 79.5942 -1.19014 -0.480909 -0.876712 0.0100509
13.2289 80.1918 -0.14273 -0.477735 -0.878435 0.0108
12.2126 80.7486 0.889154 -0.472313 -0.881408 0.00632675
11.2575 81.2587 1.84303 -0.46535 -0.885113 0.00490783
10.3542 81.7369 2.77825 -0.458573 -0.888646 0.00388113
9.30411 82.2772 3.8936 -0.452285 -0.891852 0.00617678
8.28533 82.79 4.90978 -0.440641 -0.897671 0.00470434
7.42284 83.2116 5.86649 -0.437044 -0.899439 -0.00144127
6.32534 83.7259 7.03005 -0.424415 -0.905456 -0.00378726
5.34443 84.172 8.09633 -0.41273 -0.910838 -0.00458524
4.36353 84.6055 9.09542 -0.402936 -0.915221 -0.0036781
3.46004 84.9875 10.0971 -0.392229 -0.919844 -0.00651822
2.63898 85.3227 11.1715 -0.378315 -0.925662 -0.0039138
1.80262 85.6493 12.2361 -0.366044 -0.930593 0.000130156
0.8526 86.0194 13.2902 -0.352638 -0.935714 -0.00336819
-0.217598 86.4081 14.2473 -0.323192 -0.946247 0.0115672
-0.684495 86.569 14.6576 -0.320306 -0.947271 0.009103
-1.5854 86.8619 14.2562 -0.302177 -0.953137 0.0145303
-0.467011 86.4869 13.29 -0.319187 -0.94769 0.00183356
0.599089 86.1112 12.2787 -0.338874 -0.94079 0.00468558
1.59127 85.7409 11.1089 -0.358542 -0.933461 -0.00737275
2.41378 85.4197 10.0509 -0.374117 -0.927369 -0.00487123
3.30244 85.059 8.96188 -0.386244 -0.922394 -0.00207465
4.2269 84.6697 8.01217 -0.402688 -0.915322 -0.00496821
5.13507 84.2767 7.0311 -0.41449 -0.91001 -0.00895901
6.11477 83.8304 5.96947 -0.421507 -0.906822 -0.00046051
7.09147 83.3678 4.94733 -0.428615 -0.903464 0.00622304
8.05718 82.8972 3.91868 -0.438969 -0.898486 0.00526074
9.00388 82.4236 2.95466 -0.448196 -0.893933 0.00193419
9.89307 81.9692 1.99979 -0.457416 -0.889213 0.00836144
11.0187 81.3785 0.873073 -0.465544 -0.885008 0.0053846
11.9485 80.8817 -0.0513993 -0.467474 -0.883978 0.00700866
12.8438 80.3903 -0.950387 -0.47579 -0.879494 0.0106825
13.8235 79.8472 -1.92451 -0.481735 -0.876269 0.00915188
14.2461 79.6097 -2.39636 -0.482687 -0.875743 0.00933307
14.3851 79.5165 -3.83175 -0.480585 -0.876874 0.0114311
13.4813 80.0238 -2.81162 -0.478874 -0.877793 0.0125715
12.6002 80.5118 -1.88639 -0.473732 -0.880623 0.00899707
11.5927 81.0627 -0.903112 -0.469443 -0.882911 0.00926502
10.483 81.6571 0.186009 -0.466892 -0.884304 0.00433433
9.58631 82.1232 1.08119 -0.4498 -0.893122 0.00350986
8.55124 82.6451 2.11302 -0.445125 -0.895454 0.00505414
7.58971 83.1198 3.12899 -0.437694 -0.899116 0.0038319
6.7041 83.548 4.10966 -0.428166 -0.903696 0.00264658
5.60281 84.0661 5.26191 -0.420527 -0.907276 0.00251319
4.57526 84.5333 6.38199 -0.401182 -0.915995 -0.00176436
3.58082 84.9528 7.41597 -0.389664 -0.920901 -0.00995493
2.60102 85.3531 8.43124 -0.37616 -0.926509 -0.00220241
1.73599 85.6943 9.50781 -0.355412 -0.934705 0.00304543
0.912271 86.0029 10.5418 -0.353179 -0.935511 -0.0091165
0.0547418 86.3017 11.5909 -0.329622 -0.944109 0.0023126
-0.988419 86.6589 12.552 -0.315554 -0.948902 0.00278098
-1.96597 86.9751 13.4151 -0.299314 -0.954148 0.00236965
-2.65326 87.1868 14.021 -0.274919 -0.961459 0.00191577
-3.36556 87.3725 13.4634 -0.255881 -0.966625 0.0126585
-2.26297 87.0635 12.4915 -0.29183 -0.956443 0.00715987
-1.26908 86.7461 11.604 -0.300114 -0.953821 0.0125078
-0.319202 86.4406 10.6416 -0.315375 -0.948933 -0.00307361
0.5106 86.1445 9.63895 -0.337575 -0.941262 0.00753445
1.35108 85.834 8.58196 -0.354936 -0.934857 0.00427802
2.26296 85.4948 7.52692 -0.366869 -0.93019 -0.0108248
3.22116 85.1116 6.5598 -0.387109 -0.922016 -0.0057147
4.26789 84.6663 5.43392 -0.402662 -0.915348 0.00106565
5.21337 84.244 4.43331 -0.41771 -0.908578 0.00194018
6.24507 83.7613 3.33238 -0.425361 -0.905014 0.00408489
7.10552 83.3543 2.38666 -0.430622 -0.902529 0.000660127
8.05589 82.8893 1.38736 -0.440415 -0.897793 0.00141154
9.09764 82.3662 0.357174 -0.447798 -0.894125 0.00418765
10.0073 81.9002 -0.56028 -0.455652 -0.890109 0.00928564
10.9593 81.3919 -1.49531 -0.466606 -0.884414 0.00940991
11.9521 80.8532 -2.45893 -0.47154 -0.881795 0.0093802
12.962 80.2976 -3.52743 -0.478422 -0.878062 0.0109366
13.8288 79.8129 -4.48332 -0.480696 -0.876824 0.0104694
14.2545 79.5755 -4.89613 -0.480228 -0.877103 0.0084437
14.0637 79.6691 -5.9256 -0.479086 -0.877713 0.00974528
13.1249 80.1918 -4.92587 -0.477604 -0.878521 0.00980345
12.2522 80.6763 -4.01753 -0.473868 -0.880537 0.0100097
11.2002 81.2494 -2.93028 -0.469705 -0.882784 0.00814007
10.1785 81.7978 -1.91576 -0.464427 -0.88557 0.00835028
9.02811 82.3941 -0.827101 -0.448897 -0.893571 0.00435866
8.06578 82.8801 0.13665 -0.44427 -0.895873 0.00596595
7.19984 83.3089 1.07852 -0.440598 -0.897704 9.96533e-05
6.19858 83.7831 2.12064 -0.426435 -0.904518 0.00100927
5.24991 84.2274 3.15814 -0.42326 -0.906008 -0.00040731
4.34516 84.636 4.07713 -0.405491 -0.914032 -0.0101054
3.40437 85.0385 5.12334 -0.389207 -0.921148 -0.00150241
2.38171 85.4591 6.12904 -0.367268 -0.930088 -0.00681433
1.34094 85.8454 7.24376 -0.341045 -0.94003 -0.00571524
0.427387 86.1642 8.3532 -0.329563 -0.944131 -0.0019973
-0.396428 86.4549 9.38625 -0.321683 -0.946841 0.00356495
-1.36731 86.7742 10.4592 -0.291068 -0.956701 0.00185586
-2.46754 87.1136 11.474 -0.288796 -0.957276 0.0148084
-3.56546 87.4216 12.4301 -0.252836 -0.967466 -0.00838571
-4.53371 87.6562 13.3774 -0.220807 -0.974956 0.0265587
-5.67203 87.8966 13.3136 -0.191265 -0.981273 0.0228041
-4.63007 87.6733 12.2285 -0.208452 -0.978 -0.00460686
-3.6726 87.4477 11.31 -0.245612 -0.969334 0.00667636
-2.67643 87.1692 10.4672 -0.272752 -0.962021 0.0108132
-1.62119 86.8484 9.41596 -0.290711 -0.956806 0.00312033
-0.673999 86.5433 8.31098 -0.310044 -0.950702 0.00250923
0.155691 86.2677 7.29106 -0.33196 -0.943228 -0.0111235
1.13619 85.9291 6.13609 -0.339997 -0.940385 -0.00882957
2.08802 85.5789 5.20826 -0.36529 -0.930844 -0.00248617
3.05397 85.1871 4.20905 -0.38224 -0.924016 -0.00896069
4.16246 84.7262 3.03612 -0.40098 -0.915978 -0.00471838
5.11899 84.2825 2.05416 -0.416643 -0.909031 0.00844475
6.05715 83.847 1.01713 -0.42139 -0.906865 0.00305311
6.98861 83.4076 -0.00449128 -0.428147 -0.903704 0.00151218
8.05317 82.8791 -1.09037 -0.444693 -0.895666 0.00547769
9.01685 82.3935 -2.00644 -0.450973 -0.892515 0.00632931
10.1936 81.7775 -3.1417 -0.461817 -0.886919 0.00998467
11.3004 81.1829 -4.23999 -0.469018 -0.883129 0.00999379
12.2159 80.6821 -5.20128 -0.474707 -0.880101 0.00864364
13.1917 80.1406 -6.2432 -0.478072 -0.878268 0.00959034
13.6375 79.8934 -6.6795 -0.478872 -0.877833 0.00948656
13.4858 79.9651 -7.73102 -0.480817 -0.87676 0.0103434
12.4739 80.5255 -6.71567 -0.477003 -0.87885 0.00951069
11.584 81.0164 -5.78586 -0.472566 -0.881262 0.00756366
10.6253 81.5335 -4.74847 -0.466391 -0.884529 0.00934191
9.60452 82.076 -3.78774 -0.460476 -0.887612 0.0102927
8.66476 82.563 -2.85605 -0.44774 -0.894126 0.00818919
7.70697 83.0443 -1.95302 -0.440459 -0.897737 0.00757344
6.79919 83.4962 -1.05525 -0.427212 -0.904059 0.0113415
5.93169 83.9006 -0.121029 -0.415895 -0.90941 0.00209761
5.06505 84.2993 0.847725 -0.412174 -0.911094 0.00425421
4.18586 84.7001 1.77557 -0.407459 -0.913203 0.00608619
3.27052 85.1003 2.71745 -0.391976 -0.919963 0.00429312
2.38507 85.4674 3.65109 -0.374015 -0.927395 -0.00709514
1.35801 85.8565 4.69552 -0.346124 -0.938132 -0.0103205
0.420511 86.1921 5.63454 -0.336723 -0.941566 -0.00782297
-0.464551 86.4931 6.68103 -0.331364 -0.943446 -0.010385
-1.33475 86.7635 7.75576 -0.306273 -0.951811 -0.0158824
-2.26503 87.0438 8.81123 -0.288729 -0.957332 -0.012288
-3.33123 87.3513 9.85243 -0.267823 -0.96344 -0.00684859
-4.39084 87.6207 10.7605 -0.213951 -0.9768 0.00926819
-5.47962 87.8528 11.7747 -0.201629 -0.979462 -0.000567911
-6.5403 88.053 12.9436 -0.176763 -0.984126 0.0132352
-6.68044 88.0821 13.1058 -0.172989 -0.984719 0.0190484
-7.90146 88.2691 13.0854 -0.123678 -0.992289 0.00707291
-6.99481 88.1226 12.0751 -0.157227 -0.987547 0.00471313
-6.05404 87.9665 11.0781 -0.178746 -0.98384 -0.00671281
-5.04175 87.7647 10.1501 -0.196077 -0.980551 -0.0084387
-4.02028 87.5352 9.27576 -0.248904 -0.968525 0.00228688
-2.87294 87.2235 8.19462 -0.266989 -0.963663 0.00835164
-1.92013 86.9665 7.13228 -0.288921 -0.957104 -0.01932
-1.03351 86.6987 6.00764 -0.323337 -0.946196 -0.0108781
-0.0684292 86.3686 4.84876 -0.326592 -0.945156 -0.00400159
0.906597 86.0325 3.90603 -0.343811 -0.938966 -0.0114237
1.84657 85.6857 2.94326 -0.370364 -0.928886 -0.00112599
2.76695 85.311 1.99406 -0.381893 -0.924195 0.00255521
3.72682 84.8939 1.0155 -0.39546 -0.918461 0.0062246
4.61711 84.4966 0.058644 -0.40504 -0.914278 0.00566812
5.5276 84.0824 -0.955391 -0.414874 -0.90987 0.00395194
6.46109 83.6442 -1.95827 -0.423454 -0.905913 0.00263953
7.43452 83.1703 -2.8937 -0.438578 -0.898668 0.00674497
8.50002 82.637 -3.89795 -0.448911 -0.893552 0.00655441
9.57642 82.0802 -4.92849 -0.459504 -0.88815 0.00678989
10.5483 81.565 -5.90833 -0.46484 -0.885372 0.00634507
11.4836 81.0589 -6.91787 -0.473355 -0.880808 0.0106004
12.5263 80.4833 -8.01516 -0.475061 -0.879904 0.00926028
13.223 80.0967 -8.68669 -0.47953 -0.877444 0.0119918
12.9018 80.2593 -9.61291 -0.475913 -0.879367 0.0146924
11.9299 80.7962 -8.63498 -0.473347 -0.8808 0.0115403
11.001 81.3076 -7.65813 -0.468822 -0.883179 0.0140749
10.05 81.8195 -6.67005 -0.463575 -0.88602 0.00820795
9.05602 82.3437 -5.61665 -0.455267 -0.890328 0.00663436
8.04725 82.8594 -4.65615 -0.448581 -0.893726 0.00543259
7.10866 83.3241 -3.78318 -0.434538 -0.900649 0.00162236
5.89311 83.9079 -2.61134 -0.422712 -0.906257 0.00332774
4.84594 84.3901 -1.51277 -0.414344 -0.910119 0.00137485
3.80083 84.852 -0.290052 -0.397016 -0.917796 0.00521881
2.89074 85.2493 0.648419 -0.39245 -0.919751 0.00641377
1.92433 85.6448 1.59285 -0.364383 -0.931191 0.00813557
0.96722 86.021 2.57068 -0.34341 -0.939044 0.0114735
0.0463604 86.3381 3.54567 -0.325745 -0.945408 -0.00963065
-0.909289 86.6598 4.46929 -0.317002 -0.948388 0.00335943
-1.83993 86.9653 5.61096 -0.300656 -0.953713 -0.00217838
-2.75865 87.2116 6.78688 -0.259099 -0.965525 -0.0249089
-3.79178 87.4681 7.84466 -0.23997 -0.970716 0.00567497
-4.94207 87.7462 8.89742 -0.210114 -0.977672 -0.000494072
-6.01158 87.9605 9.80406 -0.189393 -0.981901 0.000171131
-7.0538 88.1311 10.7974 -0.14427 -0.989522 -0.0020111
-7.9488 88.2604 11.7927 -0.13413 -0.990901 0.0110746
-8.97551 88.3894 12.9041 -0.106949 -0.994214 0.00855833
-9.19748 88.4138 13.1213 -0.0975154 -0.99519 0.00464537
-10.4594 88.5097 13.1271 -0.0612532 -0.998068 0.00908262
-9.50551 88.4341 12.1568 -0.0810455 -0.996661 0.00717863
-8.59654 88.3414 11.147 -0.114978 -0.993323 0.00200563
-7.65877 88.2183 10.1143 -0.140342 -0.989978 -0.0156242
-6.61718 88.0762 9.13039 -0.186942 -0.982369 -0.0018833
-5.38525 87.8422 8.10658 -0.210261 -0.977409 -0.00563396
-4.37252 87.6149 7.17613 -0.235563 -0.97166 -0.0195738
-3.40846 87.3992 6.19836 -0.262401 -0.964672 -0.0235269
-2.55965 87.1802 5.10311 -0.272267 -0.962168 -0.00965226
-1.66229 86.9044 3.96563 -0.308334 -0.951274 0.00124961
-0.648774 86.5755 2.98943 -0.312862 -0.949797 -0.00197551
0.307626 86.2491 1.993 -0.334546 -0.942353 0.00709541
1.39973 85.8405 0.902527 -0.348326 -0.937361 0.00473923
2.52023 85.3932 -0.201723 -0.374843 -0.927068 0.00605198
3.39126 85.0261 -1.14952 -0.394943 -0.918704 0.00171517
4.33487 84.6163 -2.21927 -0.399491 -0.916718 0.00554352
5.23487 84.2101 -3.16563 -0.417642 -0.908611 0.00148411
6.33449 83.6938 -4.30834 -0.426799 -0.904345 -0.000708611
7.33303 83.2122 -5.16077 -0.438071 -0.898936 0.00284339
8.24957 82.7475 -6.03375 -0.449952 -0.892998 0.00987169
9.14803 82.2814 -6.95994 -0.452763 -0.891562 0.0110113
10.0583 81.7987 -7.91821 -0.462986 -0.886234 0.0152526
11.0267 81.2727 -8.93244 -0.468326 -0.883485 0.0111527
11.9717 80.7563 -9.87651 -0.472234 -0.88139 0.0121242
12.6128 80.4001 -10.5359 -0.47653 -0.879036 0.0146321
12.2166 80.601 -11.3865 -0.475699 -0.879482 0.0148992
11.0816 81.2275 -10.1767 -0.47079 -0.88219 0.00976918
10.0933 81.7618 -9.18509 -0.464405 -0.885545 0.0117079
9.0779 82.3039 -8.15466 -0.454207 -0.89082 0.0116322
8.11209 82.8045 -7.12354 -0.450045 -0.892955 0.00954639
7.16966 83.2851 -6.21045 -0.440448 -0.897734 0.00762117
6.19213 83.7578 -5.36441 -0.423451 -0.905914 0.00290846
5.00892 84.31 -4.19854 -0.411522 -0.911384 0.00389395
4.08172 84.7234 -3.20903 -0.398404 -0.917208 -0.00167232
3.11317 85.1357 -2.16472 -0.380533 -0.924722 0.00909367
2.27162 85.4867 -1.18782 -0.376246 -0.926491 0.00738767
1.25334 85.8932 -0.182577 -0.357476 -0.933906 0.00504936
0.215469 86.279 0.777217 -0.340778 -0.940136 -0.00303222
-0.671655 86.5923 1.78086 -0.323525 -0.946172 0.000337073
-1.74753 86.9347 2.8104 -0.307141 -0.951631 -0.00796625
-2.7325 87.2326 3.85729 -0.288713 -0.957381 -0.00352234
-3.52667 87.45 4.93851 -0.261536 -0.965191 0.00150008
-4.47587 87.6798 6.04698 -0.231818 -0.972334 -0.0286101
-5.44038 87.8674 7.00019 -0.20598 -0.978371 -0.0190276
-6.56599 88.0783 7.93597 -0.180223 -0.983507 -0.0110734
-7.62163 88.2321 8.78248 -0.141579 -0.989868 -0.0108039
-8.69026 88.3538 9.90968 -0.125935 -0.991794 -0.0205729
-9.64956 88.4441 11.0103 -0.0732829 -0.997054 -0.016621
-10.6054 88.5068 12.0074 -0.0439355 -0.998865 0.015918
-11.6647 88.5422 13.0915 0.00150999 -0.99991 0.0099341
-13.4555 88.4778 13.3338 0.0678724 -0.997624 0.0103152
-12.22 88.5251 12.3487 0.0292328 -0.999558 0.0054145
-11.1983 88.5177 11.3247 -0.0249845 -0.999589 0.0140706
-10.1827 88.4707 10.2506 -0.0385371 -0.999247 0.00350137
-9.16823 88.4272 9.10262 -0.101429 -0.994631 -0.0179395
-8.19606 88.3165 8.09214 -0.116786 -0.993156 -0.000824799
-7.12033 88.1771 7.21366 -0.149763 -0.98854 -0.0189604
-5.83935 87.9727 6.15904 -0.186828 -0.982208 -0.0189682
-4.73674 87.7614 5.0502 -0.220305 -0.97538 -0.0046018
-3.90111 87.5467 3.95495 -0.248036 -0.96873 -0.00619559
-2.98715 87.3148 2.76961 -0.27107 -0.962415 -0.0164003
-2.02003 87.0294 1.85138 -0.296897 -0.954868 -0.00534864
-0.920223 86.6815 0.741841 -0.320133 -0.947367 -0.00340196
0.0116396 86.355 -0.244464 -0.343187 -0.939263 -0.00262748
1.05366 85.9632 -1.19517 -0.359425 -0.933162 0.00469385
2.03572 85.5721 -2.23552 -0.368383 -0.929639 0.00761417
2.9524 85.1995 -3.28882 -0.379366 -0.925229 -0.00564153
3.84812 84.826 -4.21125 -0.396408 -0.918045 -0.0055975
4.77807 84.409 -5.21883 -0.407777 -0.913054 0.00713905
5.75844 83.9554 -6.13556 -0.420876 -0.907101 0.00555118
6.79506 83.4599 -7.03857 -0.43664 -0.899602 0.00775246
7.80476 82.95 -8.03107 -0.449067 -0.893411 0.0122185
8.76388 82.4508 -9.07172 -0.455113 -0.890336 0.013207
9.65987 81.9788 -9.94882 -0.45691 -0.889399 0.014206
10.5862 81.4807 -10.9254 -0.463696 -0.885919 0.0115451
11.5466 80.9527 -11.9373 -0.471981 -0.881468 0.0156066
11.8361 80.7929 -12.2262 -0.475026 -0.879876 0.0129065
11.4111 81.0093 -13.0069 -0.471839 -0.881587 0.0130322
10.4343 81.5439 -12.0362 -0.470184 -0.88243 0.0153879
9.49534 82.0457 -11.1044 -0.45777 -0.888979 0.0127425
8.48236 82.5793 -10.0547 -0.449705 -0.893062 0.0143544
7.61678 83.0279 -9.13144 -0.44591 -0.894982 0.0130914
6.67337 83.5068 -8.12112 -0.43694 -0.899425 0.0107808
5.70669 83.972 -7.26003 -0.420978 -0.907049 0.00625956
4.65693 84.4547 -6.36973 -0.402425 -0.915431 0.00622212
3.73131 84.8711 -5.3444 -0.400721 -0.916126 0.0111901
2.76042 85.2812 -4.33134 -0.380184 -0.924909 0.00212916
1.81 85.6607 -3.29162 -0.36516 -0.930921 -0.0065648
0.847409 86.0366 -2.20804 -0.353466 -0.93544 -0.00143928
-0.105585 86.3986 -1.31208 -0.346476 -0.938027 0.00731292
-1.06391 86.7376 -0.422263 -0.323338 -0.946263 -0.00595128
-1.97157 87.0255 0.576495 -0.289535 -0.957123 -0.00919552
-2.98935 87.3185 1.54191 -0.255703 -0.966693 0.00729382
-4.00088 87.5831 2.57506 -0.23824 -0.971156 -0.00907309
-4.86396 87.7846 3.79481 -0.236816 -0.971533 -0.00651272
-5.92396 88.0024 5.00676 -0.189617 -0.981837 -0.00646628
-6.91938 88.165 5.89053 -0.162488 -0.986558 -0.0173272
-8.0812 88.3107 6.82198 -0.116657 -0.993143 -0.00760327
-9.40162 88.4526 7.9715 -0.0976212 -0.995203 -0.00333369
-10.2922 88.4956 9.05341 -0.0446069 -0.998945 -0.0108701
-11.347 88.5082 10.1383 -0.00669799 -0.999654 -0.0207019
-12.2876 88.5138 11.133 0.00355869 -0.999875 0.00362221
-13.3984 88.4753 12.1708 0.0706019 -0.997419 -0.00767447
-14.6379 88.3793 13.1637 0.0993081 -0.995015 0.00668062
-14.9511 88.3512 13.4468 0.0969852 -0.995254 0.0078974
-16.4378 88.158 13.8044 0.154163 -0.987868 0.0121202
-15.3776 88.2906 12.5865 0.116457 -0.993022 0.018567
-14.0873 88.428 11.5587 0.0702648 -0.997314 -0.0206849
-12.8864 88.5122 10.4398 0.0211567 -0.999737 -0.00844602
-11.9307 88.5306 9.4553 0.0019267 -0.999593 -0.0284611
-10.7814 88.5293 8.24175 -0.0352158 -0.999222 -0.0177495
-9.81046 88.4905 7.08367 -0.0699954 -0.997463 -0.0129697
-8.71865 88.387 6.18487 -0.106009 -0.994355 -0.00431295
-7.66888 88.2764 5.33822 -0.111654 -0.993686 -0.0110011
-6.47396 88.1173 4.29736 -0.171199 -0.984931 -0.0135197
-5.55761 87.9437 3.23606 -0.220038 -0.975488 -0.00101747
-4.71627 87.7557 2.02507 -0.226936 -0.973849 -0.00532038
-3.74404 87.5187 1.05389 -0.246439 -0.969086 -0.0102558
-2.77854 87.2672 0.146461 -0.269352 -0.962982 -0.00841259
-1.77559 86.9768 -0.924259 -0.290438 -0.956881 -0.00491401
-0.856568 86.6632 -1.84964 -0.329821 -0.943982 0.0103845
0.249359 86.2612 -2.82946 -0.340839 -0.940118 0.00247634
1.14389 85.925 -3.82178 -0.361726 -0.932268 -0.00243907
2.10449 85.547 -4.91355 -0.367445 -0.930025 0.00577623
3.06315 85.146 -5.87478 -0.383764 -0.923412 0.00586355
4.01818 84.7318 -6.95782 -0.398897 -0.916973 0.00506897
4.9643 84.3071 -7.82523 -0.410403 -0.9118 0.0136888
5.98723 83.828 -8.66251 -0.421187 -0.906894 0.0119603
6.87939 83.3844 -9.60711 -0.439726 -0.897986 0.0161907
7.873 82.8766 -10.6836 -0.448467 -0.893712 0.0124745
8.92563 82.3281 -11.7861 -0.451929 -0.891972 0.0121199
9.85366 81.8386 -12.6907 -0.461374 -0.887149 0.0100591
10.8091 81.3227 -13.6385 -0.471469 -0.881822 0.0103396
10.9723 81.2338 -13.7835 -0.471469 -0.881821 0.0104491
10.4558 81.4994 -14.4943 -0.466414 -0.884453 0.0141735
9.46712 82.0295 -13.5927 -0.454233 -0.890812 0.0112029
8.49458 82.5356 -12.5995 -0.451878 -0.892027 0.00964828
7.54778 83.0248 -11.59 -0.445089 -0.895368 0.0145806
6.56896 83.5231 -10.5491 -0.433597 -0.900977 0.0152725
5.66735 83.9641 -9.5547 -0.42146 -0.906757 0.0127608
4.63823 84.4428 -8.68009 -0.409004 -0.912505 0.00699187
3.4895 84.9536 -7.67342 -0.393462 -0.919323 0.00545857
2.52819 85.3645 -6.54925 -0.377616 -0.925921 0.00760746
1.43794 85.8041 -5.47536 -0.364417 -0.93123 0.003111
0.487535 86.1734 -4.41584 -0.347548 -0.937658 0.00276682
-0.414609 86.4992 -3.37115 -0.338469 -0.940975 0.00129389
-1.53954 86.8912 -2.44291 -0.311236 -0.950311 0.00591288
-2.48043 87.1912 -1.47122 -0.284279 -0.958736 0.000925481
-3.41992 87.4492 -0.45744 -0.254678 -0.96701 -0.00544941
-4.45709 87.6994 0.527133 -0.233897 -0.972247 -0.00518789
-5.51064 87.935 1.53992 -0.21431 -0.976757 -0.00315749
-6.31626 88.0873 2.80415 -0.172856 -0.984946 -0.00149357
-7.30084 88.2471 3.85003 -0.147962 -0.988928 -0.00845847
-8.38127 88.3623 4.76529 -0.110855 -0.993782 -0.0104299
-9.45022 88.4709 5.59627 -0.0937081 -0.995423 -0.0113322
-10.5094 88.5274 6.49694 -0.0345696 -0.999389 0.000233327
-11.5097 88.5584 7.71705 -0.0187517 -0.999797 -0.00151793
-12.6304 88.5322 8.89845 0.0229762 -0.999587 -0.0169321
-13.5983 88.494 9.88875 0.0284018 -0.999585 0.00474964
-14.6485 88.3902 10.8974 0.119651 -0.992664 -0.0173626
-15.8891 88.2295 11.7924 0.124567 -0.99218 -0.0045223
-16.7405 88.103 12.8349 0.158267 -0.987382 0.00477041
-17.7027 87.9367 13.8754 0.185559 -0.98256 -0.00598038
-18.0992 87.8589 14.257 0.198874 -0.979994 0.00613469
-19.8367 87.48 14.6984 0.234461 -0.972082 0.0092321
-18.7081 87.7342 13.6119 0.199483 -0.979901 -0.000268579
-17.5909 87.9638 12.4762 0.18155 -0.983334 -0.00709354
-16.6456 88.1244 11.2134 0.138042 -0.990116 -0.0224277
-15.4735 88.302 10.4144 0.118029 -0.992763 -0.022143
-14.4786 88.4287 9.50317 0.102898 -0.994581 -0.0148545
-13.5738 88.5048 8.52045 0.0573408 -0.998343 -0.000854607
-12.55 88.5512 7.54387 0.0286946 -0.99952 -0.00644408
-11.6982 88.5545 6.48905 -0.0104813 -0.999924 0.00625455
-10.7977 88.5472 5.49489 -0.0166242 -0.999825 -0.004212
-9.54041 88.4709 4.51374 -0.0743303 -0.997077 0.017572
-8.3286 88.3801 3.52381 -0.0915693 -0.995628 -0.01844
-7.28766 88.2571 2.58146 -0.162152 -0.98663 -0.0163864
-6.4906 88.132 1.43354 -0.183283 -0.983044 -0.00553007
-5.42916 87.9239 0.216386 -0.213077 -0.977009 -0.0071462
-4.31358 87.6756 -0.791794 -0.232178 -0.972618 -0.0103439
-3.20003 87.3971 -1.9737 -0.250859 -0.968022 0.000466864
-2.22972 87.1102 -3.05287 -0.292322 -0.956303 -0.00568759
-1.19561 86.7772 -3.86581 -0.326103 -0.945327 -0.00367546
-0.170704 86.4124 -4.97094 -0.341677 -0.93978 0.00827194
0.740028 86.0738 -5.99841 -0.356106 -0.934419 0.00548228
1.85903 85.629 -7.10604 -0.373125 -0.92776 0.00522283
2.81686 85.2338 -8.24031 -0.383852 -0.923368 -0.00396498
3.74066 84.8368 -9.12394 -0.400208 -0.91642 0.0027519
4.86986 84.3261 -9.97725 -0.414118 -0.910178 0.00840131
5.83511 83.8657 -11.0677 -0.426224 -0.904498 0.0135789
6.94377 83.3148 -12.211 -0.439195 -0.898315 0.0112628
7.97374 82.7909 -13.2762 -0.450098 -0.892915 0.0106964
9.00089 82.2587 -14.4078 -0.454721 -0.890596 0.00824305
10.036 81.709 -15.2673 -0.46575 -0.884843 0.01126
10.1401 81.6528 -15.3617 -0.467376 -0.883989 0.0111202
9.63065 81.9119 -16.0357 -0.464401 -0.885559 0.0108534
8.51716 82.5004 -15.1689 -0.456945 -0.88946 0.00787191
7.5306 83.0094 -14.0323 -0.448093 -0.893964 0.00581436
6.563 83.4896 -13.1333 -0.435877 -0.899968 0.0082235
5.68472 83.9224 -12.1235 -0.427948 -0.903725 0.0118763
4.69361 84.3963 -11.1061 -0.422123 -0.9065 0.00829454
3.54345 84.9172 -10.0811 -0.400465 -0.916274 0.00828957
2.54515 85.3535 -9.18611 -0.384733 -0.923018 0.00433584
1.62063 85.7215 -8.1745 -0.371389 -0.928473 0.00255906
0.62475 86.1114 -7.04741 -0.355411 -0.934698 0.0046995
-0.487036 86.5222 -6.01058 -0.331085 -0.943599 0.00207397
-1.3879 86.8414 -4.86096 -0.313681 -0.949406 0.0144138
-2.43598 87.1775 -4.02056 -0.288014 -0.957601 0.00500701
-3.43896 87.4556 -3.05055 -0.244801 -0.96956 0.00468777
-4.37285 87.6935 -1.98994 -0.230696 -0.973017 0.00381283
-5.39491 87.9189 -0.956856 -0.194402 -0.980874 -0.00944883
-6.46424 88.1299 -0.0555862 -0.181805 -0.983324 0.00122057
-7.3799 88.287 1.2105 -0.154195 -0.988014 -0.00718593
-8.42765 88.4229 2.39707 -0.109419 -0.992854 -0.0443823
-9.64163 88.4931 3.45803 -0.0626259 -0.99774 -0.0162896
-10.8231 88.5342 4.32771 -0.0376088 -0.999223 -0.0117483
-11.9737 88.5562 5.42694 -0.00464689 -0.999986 -0.00178159
-12.8973 88.5383 6.54142 0.0529836 -0.998575 -0.00638503
-14.0289 88.4772 7.70791 0.0625085 -0.998001 0.0083011
-15.0442 88.3901 8.77737 0.0976819 -0.995074 -0.0168145
-16.0568 88.246 9.72775 0.121832 -0.992441 -0.0144938
-17.2659 88.0448 10.5361 0.172934 -0.984643 -0.0239008
-18.1835 87.8567 11.8334 0.183401 -0.982979 -0.0074162
-19.2698 87.6153 12.9216 0.223799 -0.974534 -0.0139339
-20.352 87.3494 13.9163 0.23488 -0.972004 0.0056348
-21.4465 87.0563 15.0894 0.273016 -0.961937 -0.00106005
-22.5445 86.7154 15.9327 0.297862 -0.954596 -0.00421719
-22.6456 86.6836 16.0526 0.303973 -0.952613 -0.00751602
-24.8438 85.9217 16.8564 0.339031 -0.940774 -0.00108722
-23.7522 86.3111 16.1152 0.320717 -0.947158 -0.00316054
-22.9958 86.5795 15.0314 0.316332 -0.948512 -0.0156073
-21.8097 86.9555 14.2452 0.268611 -0.96324 -0.00155069
-20.7588 87.2506 13.0412 0.259383 -0.965705 -0.011408
-19.7332 87.5197 12.1379 0.222563 -0.97484 -0.0123436
-18.7631 87.7523 11.1868 0.213426 -0.976874 -0.0127615
-18.0096 87.9224 10.0051 0.196914 -0.980262 -0.0174752
-16.7115 88.1622 9.0959 0.144161 -0.989548 -0.00348925
-15.6442 88.323 7.993 0.133702 -0.990959 -0.0110735
-14.6838 88.4216 7.05859 0.0944946 -0.995506 0.00544315
-13.5464 88.5087 5.94333 0.0539919 -0.998497 -0.00903576
-12.4422 88.5542 4.66196 0.00504468 -0.999939 -0.00538903
-11.3059 88.5595 3.57452 -0.0107069 -0.999894 -0.00888164
-9.9935 88.517 2.52706 -0.0426648 -0.999053 -0.00853794
-8.97017 88.4759 1.57502 -0.0693159 -0.997285 0.00554972
-7.93873 88.3595 0.509902 -0.118147 -0.992902 0.0130126
-7.1647 88.2419 -0.591077 -0.150938 -0.988351 0.0194972
-5.98464 88.0402 -1.60326 -0.190858 -0.98159 -0.00733851
-5.04863 87.8596 -2.59104 -0.242431 -0.970131 -0.00823089
-4.05548 87.61 -3.63845 -0.247233 -0.968956 0.000299501
-3.00313 87.3339 -4.71938 -0.263917 -0.964537 -0.00405479
-1.91139 87.009 -5.5642 -0.31142 -0.950208 -0.00717873
-1.11588 86.7394 -6.65378 -0.325632 -0.945487 0.00335234
-0.0882241 86.3736 -7.58728 -0.334601 -0.942348 0.00441341
0.892557 86.0097 -8.63459 -0.357507 -0.933892 -0.00284343
1.80929 85.6561 -9.65617 -0.375847 -0.926675 0.00237216
2.8691 85.204 -10.7553 -0.396148 -0.918165 0.00629209
4.06922 84.6712 -11.7176 -0.404835 -0.914341 0.0092764
4.96873 84.2563 -12.6713 -0.42156 -0.906797 0.00248091
5.88992 83.8135 -13.6681 -0.433023 -0.901377 0.0025078
6.93592 83.301 -14.6695 -0.440217 -0.897882 0.00352871
7.86161 82.8303 -15.7911 -0.450722 -0.892645 0.00472875
9.09998 82.1821 -16.6973 -0.462151 -0.886734 0.0105834
9.10786 82.1779 -16.705 -0.464076 -0.885732 0.010545
8.27018 82.6089 -17.2229 -0.461391 -0.887165 0.00748916
7.11551 83.205 -16.2009 -0.450726 -0.89265 0.00408249
6.1772 83.6679 -15.2087 -0.436543 -0.899683 0.000993098
5.24525 84.1175 -14.3369 -0.426587 -0.904426 0.00594313
4.41595 84.5073 -13.4244 -0.417322 -0.908746 0.00475056
3.53075 84.9061 -12.4779 -0.405305 -0.914179 -0.00105524
2.35429 85.4215 -11.5156 -0.397071 -0.917769 0.00578979
1.53301 85.7665 -10.5252 -0.37511 -0.926979 0.000834148
0.516734 86.1568 -9.54641 -0.351973 -0.935992 -0.00585935
-0.468949 86.5084 -8.41026 -0.33908 -0.940748 -0.000107283
-1.59226 86.8913 -7.45715 -0.305578 -0.952147 0.00485444
-2.43093 87.1696 -6.41046 -0.283959 -0.958762 0.00674265
-3.67207 87.5124 -5.39429 -0.251363 -0.967893 -0.000467401
-4.52703 87.7305 -4.35922 -0.243154 -0.969984 0.00184253
-5.57847 87.9732 -3.39 -0.198308 -0.979946 0.0183978
-6.53825 88.1395 -2.44423 -0.158055 -0.987407 -0.00582679
-7.52224 88.2908 -1.27215 -0.150477 -0.988605 -0.00372506
-8.52299 88.425 -0.28233 -0.121273 -0.992618 0.00140898
-9.62849 88.5167 0.756006 -0.0625843 -0.998001 -0.00344332
-10.7472 88.5515 1.95322 -0.0338992 -0.999396 -0.00750048
-11.866 88.5697 2.89846 -0.0103986 -0.999901 -0.00951324
-12.8492 88.5587 3.86974 0.0385316 -0.998895 -0.0194724
-13.8711 88.494 4.75023 0.0674537 -0.99765 -0.00246081
-14.9765 88.3986 6.00891 0.0904136 -0.995822 -0.010307
-16.044 88.2796 6.94547 0.125903 -0.991839 -0.00502618
-17.0603 88.1229 8.11375 0.163916 -0.986456 -0.00483346
-18.1433 87.9144 8.98718 0.193326 -0.980774 -0.0265005
-19.0102 87.7098 10.1771 0.207371 -0.978134 -0.0149332
-20.0483 87.4695 11.0987 0.228026 -0.973221 -0.025967
-21.0025 87.1984 12.0815 0.257255 -0.966224 -0.0152075
-22.0013 86.9076 13.0106 0.27441 -0.961592 -0.0061302
-22.9033 86.6228 13.9568 0.304168 -0.952596 -0.00642349
-23.926 86.2626 14.9175 0.336926 -0.941436 -0.0131017
-24.8023 85.9457 15.851 0.343466 -0.93915 -0.00451813
-25.9822 85.4942 16.9295 0.357484 -0.933909 -0.00227966
-26.0316 85.4755 17.0347 0.361315 -0.932429 -0.00112764
-27.7682 84.7713 17.4346 0.381624 -0.924306 -0.00409429
-26.7874 85.1763 16.4578 0.37272 -0.927921 -0.00648806
-25.8768 85.5382 15.5472 0.361769 -0.932266 -0.00179962
-24.9571 85.8922 14.6275 0.350396 -0.936419 -0.0176383
-23.9928 86.2562 13.6631 0.331861 -0.943279 -0.00955781
-22.8657 86.6455 12.536 0.310655 -0.95052 -0.00210141
-21.9241 86.9448 11.5945 0.280179 -0.959916 -0.00751965
-20.9111 87.2542 10.5815 0.269766 -0.962842 -0.0100471
-20.0079 87.4835 9.67831 0.23766 -0.971085 -0.0226066
-19.0734 87.7262 8.74382 0.208624 -0.977753 -0.0217877
-18.0394 87.9577 7.70978 0.179634 -0.983709 -0.00441423
-17.0666 88.1283 6.73703 0.153617 -0.98813 -0.000862352
-15.981 88.2887 5.6514 0.133931 -0.99098 0.00468654
-14.9627 88.4106 4.63307 0.0833759 -0.996294 -0.0198042
-13.8221 88.5199 3.49251 0.073185 -0.996991 -0.0252262
-12.8259 88.5706 2.49624 0.0209854 -0.999696 -0.0123815
-11.856 88.583 1.52637 -0.00570394 -0.999903 -0.00837673
-10.8975 88.5868 0.567861 -0.0406367 -0.998852 -0.0250011
-9.73921 88.5458 -0.588739 -0.0785874 -0.996762 -0.0169901
-8.73246 88.464 -1.59716 -0.122447 -0.992205 -0.0185178
-7.64387 88.3132 -2.68575 -0.144702 -0.989469 -0.00354454
-6.60098 88.1572 -3.72864 -0.160797 -0.986955 0.00582196
-5.52194 87.9437 -4.80768 -0.206497 -0.978386 0.00898853
-4.50417 87.7222 -5.82545 -0.235982 -0.97172 0.00753849
-3.46726 87.4519 -6.86237 -0.251337 -0.967852 0.00956409
-2.51008 87.1861 -7.81102 -0.289962 -0.957026 0.00463289
-1.56703 86.8773 -8.76259 -0.314705 -0.94913 -0.00439433
-0.415745 86.4987 -9.90623 -0.329866 -0.944023 0.000998216
0.662241 86.1054 -10.9919 -0.354942 -0.934888 -0.000737808
1.60279 85.7291 -11.9324 -0.373166 -0.927743 0.00586214
2.5482 85.3371 -12.8778 -0.392848 -0.919575 -0.000170314
3.47718 84.9326 -13.8068 -0.402944 -0.915215 -0.00417665
4.50308 84.463 -14.8327 -0.423928 -0.905694 0.00146255
5.42274 84.0296 -15.7548 -0.42656 -0.904459 -2.72974e-05
6.31908 83.5989 -16.6487 -0.443329 -0.896356 -0.00232838
7.38468 83.0614 -17.7143 -0.454574 -0.890704 0.00273352
7.40769 83.0495 -17.7373 -0.455278 -0.890345 0.00263892
6.20844 83.6541 -17.9893 -0.440853 -0.897577 0.00218146
5.28234 84.1015 -16.9007 -0.433021 -0.901381 -0.00224564
4.19182 84.6078 -16.0692 -0.420669 -0.907183 -0.00750204
3.33127 84.9981 -15.0015 -0.410563 -0.911828 -0.00278049
2.35843 85.416 -14.0854 -0.388192 -0.921578 -0.00038721
1.49258 85.7764 -13.1318 -0.379207 -0.925302 -0.00196886
0.407371 86.1964 -12.1611 -0.34828 -0.937375 0.000772174
-0.603576 86.5621 -11.1466 -0.32878 -0.944398 -0.00352198
-1.58914 86.8939 -10.0259 -0.303737 -0.952738 0.00253727
-2.75117 87.2535 -9.07561 -0.296855 -0.954913 0.00121111
-3.55017 87.4774 -7.87261 -0.25483 -0.966953 -0.00730714
-4.73939 87.7724 -7.00822 -0.239336 -0.970935 0.000141461
-5.65223 87.9867 -6.04187 -0.213343 -0.976865 -0.0147748
-6.57043 88.1504 -5.03125 -0.175436 -0.984259 -0.019977
-7.67351 88.3273 -4.02864 -0.149353 -0.98869 -0.0133798
-8.65306 88.456 -3.13744 -0.12556 -0.991966 -0.00258713
-9.89681 88.573 -1.85604 -0.0599863 -0.998067 0.00592431
-10.9513 88.6116 -0.811807 -0.0315147 -0.999487 -0.00497474
-12.0338 88.6055 0.291877 -0.00678441 -0.99979 -0.0192566
-12.9678 88.5803 1.25742 0.0287521 -0.999571 -0.00169223
-13.9702 88.5327 2.28752 0.0522916 -0.998631 0.00124677
-14.9356 88.4411 3.19873 0.0834992 -0.996197 -0.0247628
-15.9412 88.309 4.21773 0.123359 -0.99229 -0.011945
-17.0411 88.1397 5.31768 0.151778 -0.988392 -0.00672093
-17.9484 87.984 6.41925 0.189022 -0.981905 -0.00365193
-18.9855 87.7676 7.21751 0.222075 -0.974997 -0.00467771
-20.0184 87.5126 8.17442 0.245431 -0.969363 -0.00982346
-21.0593 87.2144 9.24221 0.268846 -0.962987 -0.0175517
-22.1058 86.9052 10.2103 0.289173 -0.957237 -0.00876958
-23.1464 86.5623 11.4701 0.315434 -0.948883 -0.0109201
-24.1275 86.2193 12.5177 0.338078 -0.941106 -0.00302968
-25.1685 85.8279 13.494 0.354333 -0.935058 -0.0100969
-26.1578 85.4313 14.5267 0.36585 -0.930631 -0.00798983
-27.2389 84.998 15.5963 0.375254 -0.926917 -0.00305831
-28.3666 84.5268 16.5532 0.39131 -0.920228 -0.00575079
-28.7851 84.3421 17.3175 0.395654 -0.918392 -0.00373811
-29.6606 83.9578 16.8862 0.413409 -0.910538 -0.00212091
-28.7699 84.3582 15.7745 0.400982 -0.916076 -0.00106326
-27.7192 84.8019 14.7853 0.381454 -0.924388 7.49941e-05
-26.7117 85.2198 13.802 0.372641 -0.927921 -0.0100428
-25.7754 85.6015 12.7754 0.361424 -0.932308 -0.0131984
-24.767 85.9943 11.8079 0.339702 -0.940454 -0.0120902
-23.792 86.3502 10.8323 0.324207 -0.945936 -0.00809554
-22.8811 86.6688 9.87262 0.3061 -0.951875 -0.0102995
-21.8572 86.9943 8.90713 0.285579 -0.958184 -0.0180645
-21.034 87.2534 7.77799 0.260402 -0.965465 -0.00626449
-20.0063 87.528 6.91023 0.240357 -0.970489 -0.0194203
-18.6685 87.8431 5.91173 0.199566 -0.979842 -0.00882625
-17.7512 88.0335 4.7926 0.162037 -0.986724 -0.00154854
-16.88 88.1821 3.79327 0.154149 -0.987978 -0.0113088
-15.6634 88.3609 2.65186 0.129349 -0.991553 -0.00944215
-14.5631 88.4887 1.50072 0.1053 -0.99437 -0.00154344
-13.5399 88.5604 0.525541 0.060987 -0.998099 -0.00344645
-12.5226 88.6122 -0.515495 0.0155674 -0.999819 -0.0100606
-11.402 88.6255 -1.44032 -0.0169477 -0.999803 0.00348216
-10.4881 88.5968 -2.52596 -0.0449082 -0.998932 -0.00340419
-9.47865 88.5344 -3.64413 -0.0864048 -0.996231 -0.0074143
-8.44225 88.4505 -4.60321 -0.143813 -0.989563 -0.00663674
-7.22931 88.2817 -5.68125 -0.163371 -0.986292 -0.0231189
-6.17717 88.1054 -6.87876 -0.207042 -0.978291 -0.00623555
-5.13433 87.8725 -7.7922 -0.231617 -0.972773 -0.006745
-4.05367 87.613 -8.58628 -0.251366 -0.967846 -0.00904691
-3.32488 87.4284 -9.75046 -0.281489 -0.959555 0.00250252
-2.05194 87.0409 -10.8822 -0.305249 -0.952256 -0.00257849
-1.12531 86.7386 -11.8243 -0.315022 -0.949084 -0.000138725
-0.0936892 86.3881 -12.8894 -0.351387 -0.936155 -0.0118301
1.01028 85.9717 -13.9019 -0.370431 -0.928845 0.000177662
1.97224 85.5836 -14.8398 -0.386172 -0.922388 -0.00819935
2.93169 85.1779 -15.9228 -0.401527 -0.915785 -0.0105635
3.92617 84.7377 -16.915 -0.417007 -0.908846 -0.00988288
4.83861 84.3176 -17.742 -0.429786 -0.902908 -0.00628769
3.45835 84.9591 -17.6321 -0.414723 -0.909803 -0.0158084
2.51332 85.3714 -16.7057 -0.396005 -0.918205 -0.0086414
1.63703 85.7318 -15.6806 -0.385819 -0.922484 -0.0128727
0.465524 86.1946 -14.5897 -0.36601 -0.930563 -0.00941789
-0.530191 86.5565 -13.6753 -0.329136 -0.944213 -0.0114075
-1.47797 86.8672 -12.6545 -0.315795 -0.948648 -0.0179093
-2.44831 87.1679 -11.7777 -0.302257 -0.953225 -0.00142278
-3.51872 87.4904 -10.8541 -0.269683 -0.962938 -0.004272
-4.44959 87.7265 -9.63012 -0.238803 -0.970895 -0.0180048
-5.39806 87.9356 -8.66757 -0.226783 -0.973944 -0.00133323
-6.64595 88.1894 -7.67531 -0.170317 -0.985374 0.00499869
-7.64752 88.3538 -6.6212 -0.126151 -0.991949 0.00671112
-8.86479 88.492 -5.45855 -0.109921 -0.993905 0.00755047
-10.0903 88.5784 -4.33803 -0.0591006 -0.998187 -0.0084034
-11.0377 88.6316 -3.25925 -0.0525594 -0.998617 0.000348548
-11.8833 88.6298 -2.16784 -0.00792073 -0.999921 -0.00973564
-12.9733 88.6128 -1.29416 0.0321982 -0.999436 -0.00787593
-13.9776 88.5476 -0.271426 0.0557278 -0.998278 -0.0182704
-15.0066 88.4544 0.621164 0.0956936 -0.995258 -0.01496
-16.0502 88.3173 1.74555 0.127056 -0.991799 -0.0123845
-17.1346 88.1524 2.80471 0.143044 -0.989618 -0.0120246
-18.1725 87.9617 3.8969 0.182525 -0.982848 -0.0254872
-18.998 87.7813 5.01032 0.217448 -0.976033 -0.00733161
-20.2005 87.4974 5.91654 0.240887 -0.970465 -0.00980865
-21.2861 87.2032 6.80719 0.251472 -0.967667 -0.0195415
-22.2113 86.9142 7.90795 0.282652 -0.958899 -0.0248957
-23.1846 86.5861 8.95268 0.318729 -0.947636 -0.0195231
-24.2105 86.2141 10.0265 0.327434 -0.944652 -0.0200893
-25.18 85.8558 10.9602 0.342307 -0.939412 -0.0170628
-26.2626 85.4266 11.9777 0.364783 -0.93096 -0.0156841
-27.199 85.0322 13.0342 0.375882 -0.926471 -0.0190966
-28.2019 84.6064 14.0261 0.388952 -0.921219 -0.00841701
-29.1869 84.1773 15.0047 0.406719 -0.913543 -0.00406253
-30.1504 83.7367 16.1296 0.417202 -0.908803 -0.00291337
-30.9449 83.3631 16.7534 0.427424 -0.904048 -0.00155048
-31.866 82.9241 16.4539 0.433368 -0.901211 -0.00317242
-30.8866 83.3944 15.588 0.427122 -0.904179 -0.00523354
-29.8017 83.9038 14.425 0.411874 -0.911196 -0.00871372
-28.7181 84.3937 13.3233 0.391401 -0.920162 -0.0103701
-27.7046 84.8381 12.2791 0.388922 -0.921191 -0.0121116
-26.8013 85.2272 11.2663 0.370164 -0.92876 -0.0195879
-25.715 85.6701 10.2248 0.354175 -0.935149 -0.00739933
-24.7452 86.0411 9.31431 0.335661 -0.941804 -0.0183166
-23.5826 86.4684 8.15142 0.318486 -0.947733 -0.0186967
-22.6082 86.8124 6.99714 0.299614 -0.953906 -0.0168365
-21.6141 87.123 5.94382 0.279537 -0.960121 -0.00502711
-20.444 87.4437 4.97719 0.231983 -0.972673 -0.00839743
-19.4363 87.6911 4.08496 0.225464 -0.974107 -0.0161408
-18.5273 87.9115 2.94923 0.209356 -0.977731 -0.0145863
-17.514 88.1064 1.94978 0.165586 -0.986101 -0.0133881
-16.3629 88.303 0.732111 0.143865 -0.989131 -0.0284785
-15.4326 88.4336 -0.252399 0.0955154 -0.995073 -0.0259259
-14.3786 88.5394 -1.15312 0.0701562 -0.997439 -0.0109682
-13.3891 88.6031 -2.07209 0.0305063 -0.999528 -0.00346946
-12.3854 88.639 -2.96306 0.0295772 -0.999414 -0.0167854
-11.5578 88.6436 -4.02478 -0.0303456 -0.999463 0.0123635
-10.4584 88.6157 -5.26353 -0.0506192 -0.998585 -0.0163082
-9.45534 88.541 -6.15269 -0.0846912 -0.996406 0.00112943
-8.48093 88.4535 -7.09248 -0.101273 -0.994837 -0.00450058
-7.53841 88.329 -8.0658 -0.146617 -0.989163 -0.00547769
-6.51842 88.1621 -8.92673 -0.184613 -0.982811 -0.000361853
-5.29579 87.9292 -10.0178 -0.215878 -0.976261 -0.0160906
-4.48484 87.7514 -11.067 -0.239486 -0.970769 -0.0116048
-3.46228 87.4834 -12.1154 -0.274762 -0.961406 -0.0142612
-2.23308 87.122 -13.1704 -0.305991 -0.951798 -0.0210003
-1.23593 86.8093 -14.1789 -0.326344 -0.945109 -0.0162325
-0.0299723 86.3981 -15.3192 -0.347719 -0.937445 -0.0160862
1.04345 85.9867 -16.298 -0.37489 -0.926986 -0.0122972
1.67673 85.7337 -16.9737 -0.395367 -0.918255 -0.0221277
-0.868651 86.7152 -15.7142 -0.340532 -0.939895 -0.0237597
-1.95361 87.0612 -14.6809 -0.321131 -0.946467 -0.0328051
-3.11061 87.4052 -13.5875 -0.283948 -0.958482 -0.0261938
-4.30791 87.7232 -12.5231 -0.251218 -0.967834 -0.0136451
-5.27734 87.9513 -11.5393 -0.224645 -0.974195 -0.0179806
-6.18324 88.1093 -10.3853 -0.178814 -0.983761 -0.0150859
-7.23996 88.2883 -9.51222 -0.14967 -0.98873 0.00332874
-8.43233 88.4555 -8.41341 -0.10863 -0.993983 0.00401005
-9.38017 88.5397 -7.46255 -0.0856327 -0.996292 -0.00780437
-10.4067 88.6089 -6.54311 -0.05816 -0.998282 0.00702359
-11.5828 88.6691 -5.36534 -0.0426495 -0.998992 -0.01273
-12.4709 88.6573 -4.28967 0.0439694 -0.99901 -0.00675424
-13.431 88.6076 -3.19793 0.0293813 -0.999523 -0.0088356
-14.6652 88.5293 -2.11936 0.0763232 -0.996914 -0.0182181
-15.712 88.4227 -1.22386 0.105058 -0.994439 -0.00734445
-16.9398 88.2323 0.0273738 0.159475 -0.986805 -0.0280071
-17.885 88.0528 1.0451 0.173066 -0.98476 -0.0165955
-18.9556 87.8366 2.09017 0.204408 -0.978566 -0.0243116
-19.804 87.6231 3.10291 0.246801 -0.969025 -0.00890914
-20.7393 87.371 4.05732 0.257281 -0.966243 -0.0131825
-21.759 87.0856 4.89431 0.275861 -0.961188 -0.00203344
-22.8191 86.7615 5.87616 0.318524 -0.94791 -0.000785664
-23.9396 86.3629 7.25871 0.329824 -0.943893 -0.0167987
-24.9569 85.9776 8.29928 0.342885 -0.939294 -0.0125106
-25.9672 85.5801 9.25332 0.362669 -0.931823 -0.0128428
-26.9064 85.2005 10.1453 0.377632 -0.925878 -0.010995
-27.9145 84.7663 11.2355 0.387401 -0.921794 -0.0146992
-28.9172 84.3225 12.2547 0.397939 -0.917363 -0.00944718
-29.992 83.8311 13.3539 0.411712 -0.911249 -0.0108577
-30.8578 83.4209 14.331 0.423588 -0.905777 -0.011839
-31.8534 82.9387 15.2803 0.43633 -0.899711 -0.0116737
-32.6177 82.5636 16.0085 0.437672 -0.899124 -0.00410555
-33.2214 82.27 15.4209 0.444193 -0.895914 -0.00466945
-32.1856 82.7886 14.4175 0.436689 -0.899544 -0.0111065
-31.1937 83.2753 13.392 0.428596 -0.903446 -0.00868485
-30.291 83.7103 12.4418 0.420756 -0.907008 -0.0172616
-29.258 84.1827 11.3575 0.404925 -0.914331 -0.00555335
-28.2525 84.633 10.3071 0.395589 -0.918401 -0.00635252
-27.2566 85.0659 9.26094 0.391502 -0.920109 -0.011161
-26.2906 85.4695 8.36087 0.369459 -0.929097 -0.0162153
-25.1428 85.923 7.2581 0.351518 -0.93608 -0.0133398
-24.1612 86.2982 6.16893 0.336431 -0.9417 -0.00350754
-23.0651 86.6773 4.88396 0.31732 -0.948267 -0.00683682
-22.0926 86.9982 4.02292 0.304361 -0.952475 -0.0124522
-21.0716 87.2939 3.13754 0.264222 -0.964429 -0.00789223
-20.0834 87.5715 2.05121 0.244092 -0.969517 -0.0213636
-19.1902 87.7985 1.07897 0.215594 -0.976453 0.00737128
-18.2205 88.0087 0.0818152 0.182035 -0.983211 -0.0126093
-17.2636 88.2005 -0.94655 0.170483 -0.985279 -0.0115627
-16.1557 88.3737 -2.02633 0.144732 -0.989466 0.00322952
-15.0755 88.5002 -2.94449 0.110694 -0.993848 -0.00184254
-13.9401 88.59 -3.96828 0.0632954 -0.997774 -0.0140049
-13.0027 88.639 -5.04666 0.0430155 -0.999059 -0.00523105
-12.1466 88.6771 -6.08053 0.00921701 -0.999777 0.00517628
-11.0959 88.643 -7.12321 -0.027505 -0.999568 0.00960711
-9.97964 88.5874 -8.15603 -0.0602658 -0.998142 -0.00686903
-8.93749 88.5018 -9.19416 -0.0965113 -0.995312 0.00549128
-7.95296 88.4022 -10.0919 -0.137734 -0.990149 -0.0175041
-6.91886 88.2591 -10.9582 -0.162958 -0.98627 -0.0267464
-6.01584 88.1202 -12.0736 -0.204555 -0.978549 -0.024238
-4.93123 87.9005 -13.1351 -0.252515 -0.967178 -0.0282541
-4.16818 87.7202 -13.8249 -0.268038 -0.962874 -0.0316715
-7.5906 88.3913 -11.595 -0.166596 -0.985361 -0.0361477
-8.61971 88.4961 -10.6935 -0.114453 -0.993131 -0.0236468
-9.7272 88.5739 -9.68002 -0.0721579 -0.997259 -0.0162295
-10.8522 88.6359 -8.57442 -0.0460562 -0.998908 -0.00538297
-11.8742 88.6517 -7.62406 -0.00798177 -0.999922 -0.00946294
-12.9144 88.6492 -6.5546 0.0490308 -0.998733 0.0112071
-13.7394 88.6074 -5.59084 0.0491026 -0.998778 -0.00497072
-14.6637 88.5402 -4.54369 0.0888499 -0.996018 -0.0030518
-15.7116 88.4229 -3.60985 0.124841 -0.992121 0.00992525
-16.8256 88.272 -2.58829 0.153356 -0.988107 0.00968151
-17.8675 88.0956 -1.63455 0.190036 -0.981673 0.00464295
-18.911 87.8688 -0.503268 0.232119 -0.972657 -0.0072791
-19.8188 87.6525 0.462882 0.242816 -0.970021 0.00508218
-20.8773 87.3669 1.58593 0.275895 -0.961112 -0.012103
-21.8153 87.0894 2.60892 0.270601 -0.962679 -0.00400436
-22.9488 86.7288 3.59332 0.306665 -0.951784 -0.00802257
-23.8955 86.4005 4.50952 0.331204 -0.943554 -0.00116936
-24.7202 86.0996 5.45943 0.343574 -0.939098 -0.00408374
-25.6157 85.7541 6.49145 0.356258 -0.9343 -0.0127787
-26.6806 85.3257 7.51824 0.372442 -0.927984 -0.0110299
-27.6285 84.9207 8.38384 0.389412 -0.920935 -0.0154113
-28.5238 84.5234 9.28535 0.398146 -0.917297 -0.00675166
-29.3769 84.1419 10.2339 0.413261 -0.910571 -0.00852846
-30.359 83.6868 11.2553 0.416783 -0.908996 -0.00275913
-31.3728 83.2046 12.3162 0.429781 -0.902847 -0.0124542
-32.1979 82.7959 13.2142 0.433264 -0.901183 -0.0121839
-33.1308 82.3279 14.1179 0.444929 -0.895515 -0.00956522
-33.7988 81.9897 14.7901 0.444342 -0.895822 -0.00796148
-34.5286 81.6263 14.2829 0.452844 -0.891579 -0.004396
-33.5847 82.1095 13.3196 0.445759 -0.895122 -0.00743173
-32.6885 82.5646 12.4526 0.441588 -0.897179 -0.00831464
-31.8265 82.9947 11.5385 0.435868 -0.899972 -0.00832549
-30.9641 83.4091 10.648 0.421379 -0.906872 -0.004782
-30.035 83.8461 9.64362 0.416534 -0.909095 -0.00661031
-29.111 84.2722 8.65513 0.40833 -0.912768 -0.010066
-28.2316 84.6733 7.75715 0.399809 -0.916525 -0.011353
-27.3041 85.0785 6.89733 0.387523 -0.921788 -0.0108823
-26.3712 85.4691 5.99045 0.36756 -0.92992 -0.0120734
-25.5529 85.7886 5.06311 0.353527 -0.935417 -0.0035659
-24.6124 86.1428 4.00329 0.346743 -0.937946 -0.00509015
-23.4936 86.5479 2.92403 0.333095 -0.942856 -0.00829913
-22.4462 86.8948 1.96496 0.296373 -0.95506 -0.00470077
-21.4788 87.2012 0.933278 0.289431 -0.95713 -0.0083983
-20.5921 87.4482 -0.0373204 0.25851 -0.966008 0.000617414
-19.639 87.7012 -1.05786 0.229607 -0.973207 -0.0117194
-18.7387 87.9139 -2.0259 0.197538 -0.980257 -0.00741693
-17.7709 88.1068 -2.97606 0.179323 -0.983635 -0.0127968
-16.7605 88.274 -3.8766 0.146549 -0.989193 0.00447495
-15.567 88.44 -4.97844 0.129478 -0.991557 -0.00671001
-14.6758 88.533 -5.91299 0.0919465 -0.995736 0.00751249
-13.6079 88.6176 -7.12068 0.0572405 -0.998281 -0.00153125
-12.6209 88.6595 -8.17235 0.00500434 -0.999965 -0.00667006
-11.5362 88.6606 -9.17232 -0.0247928 -0.999437 -0.0224605
-10.5241 88.6381 -10.1622 -0.0544291 -0.99834 -0.0119673
-9.8818 88.6116 -10.7798 -0.0775336 -0.995895 -0.0467041
-11.4492 88.6725 -10.4994 -0.0290416 -0.998776 -0.0399743
-12.3838 88.6684 -9.61665 0.0156489 -0.999835 -0.00911122
-13.3638 88.6505 -8.70785 0.0463345 -0.998644 0.0103447
-14.3153 88.5741 -7.70999 0.082911 -0.996517 -0.00881065
-15.1992 88.4856 -6.70258 0.104136 -0.994473 -0.00840639
-16.1718 88.3648 -5.66233 0.129431 -0.991577 -0.00385546
-17.1511 88.2182 -4.73611 0.143711 -0.989601 -0.00612563
-18.109 88.0532 -3.87693 0.199519 -0.979795 -0.013757
-19.0903 87.8509 -2.97724 0.206105 -0.978471 -0.00132986
-20.0318 87.616 -1.9719 0.248609 -0.968546 -0.0103352
-20.9176 87.372 -1.03017 0.262298 -0.964855 -0.0159548
-21.8576 87.0924 0.0293174 0.2969 -0.954846 -0.0109523
-22.7871 86.7934 1.05046 0.297914 -0.954577 -0.0053718
-23.8216 86.4448 2.00993 0.328497 -0.944435 -0.0113232
-24.9132 86.0375 3.05651 0.349351 -0.936881 -0.014261
-25.7401 85.7225 3.96224 0.349035 -0.937091 -0.00561694
-26.5428 85.4067 4.89739 0.366276 -0.930506 0.00105331
-27.5171 85.0051 5.86697 0.388073 -0.92148 -0.0135145
-28.6175 84.5126 6.9287 0.407232 -0.913266 -0.0103176
-29.5049 84.1036 7.83344 0.417971 -0.908416 -0.00863148
-30.4913 83.6405 8.86814 0.421938 -0.90661 -0.00513992
-31.3717 83.223 9.82099 0.426608 -0.90442 -0.00541737
-32.2551 82.7934 10.7551 0.434986 -0.900419 -0.00569918
-33.2868 82.2741 11.8273 0.444979 -0.895474 -0.0108484
-34.1653 81.8226 12.6787 0.452243 -0.891852 -0.0087177
-35.1145 81.3317 13.6759 0.455562 -0.89019 -0.00385397
-35.3725 81.2055 12.7019 0.459529 -0.888124 -0.00833057
-34.4449 81.6926 11.7386 0.455278 -0.890305 -0.00878894
-33.4763 82.1898 10.784 0.444515 -0.895739 -0.00760828
-32.5874 82.6373 9.86436 0.440616 -0.897666 -0.00618548
-31.7577 83.0444 8.96218 0.434004 -0.900889 -0.00629187
-30.7638 83.5186 7.91558 0.423302 -0.905981 -0.00358879
-29.7985 83.9788 6.89403 0.419556 -0.907666 -0.0107221
-28.7118 84.4821 5.83167 0.407071 -0.913353 -0.00893508
-27.6858 84.94 4.797 0.395307 -0.918542 0.00252305
-26.6959 85.3515 3.73432 0.366222 -0.930488 -0.00844838
-25.777 85.7189 2.71625 0.350586 -0.936456 -0.0113147
-24.9134 86.055 1.85107 0.345834 -0.938218 -0.0112316
-24.0101 86.3907 0.984876 0.319764 -0.94739 -0.0117462
-23.0285 86.7257 -0.0157347 0.30757 -0.951438 -0.0128856
-22.1197 87.0267 -1.03068 0.298899 -0.95407 -0.0202467
-21.2696 87.2871 -1.95781 0.272102 -0.962183 -0.0128146
-20.4039 87.5308 -2.89931 0.250397 -0.968071 -0.0118222
-19.5363 87.747 -3.81222 0.220847 -0.975306 -0.00204232
-18.5297 87.9804 -4.71916 0.204278 -0.978802 -0.00555905
-17.4674 88.174 -5.66834 0.180644 -0.983507 0.00356071
-16.3972 88.3436 -6.72476 0.127413 -0.991832 -0.0053341
-15.3392 88.4744 -7.9188 0.114905 -0.993374 -0.000698592
-14.3071 88.5833 -9.03721 0.096938 -0.995243 0.00307278
-13.3712 88.6427 -9.92873 0.0594397 -0.998224 0.000430516
-12.9907 88.6636 -10.3026 0.0205836 -0.999743 -0.00873159
-14.0922 88.596 -10.4954 0.0751128 -0.997153 0.0012738
-15.2521 88.4812 -9.36294 0.113009 -0.993583 0.0046282
-16.1198 88.3727 -8.42496 0.145424 -0.989235 0.00159415
-17.1397 88.2223 -7.25059 0.161288 -0.986847 0.0108749
-18.0766 88.0531 -6.32171 0.198158 -0.980165 0.00309419
-19.0095 87.8694 -5.47405 0.227768 -0.97366 0.0103578
-19.9855 87.6432 -4.58345 0.245585 -0.969303 0.00137618
-21.0276 87.3674 -3.54594 0.260091 -0.965572 0.00486734
-21.8896 87.1185 -2.58438 0.285223 -0.958356 -0.010732
-22.7647 86.8346 -1.63427 0.3025 -0.953018 -0.0158457
-23.6118 86.5451 -0.682472 0.312513 -0.949872 -0.0088672
-24.5808 86.1955 0.322579 0.340396 -0.940204 -0.0120542
-25.5218 85.834 1.2311 0.355313 -0.93467 -0.0119878
-26.5601 85.4194 2.28559 0.373468 -0.927581 -0.0106686
-27.5657 85.0016 3.40328 0.389837 -0.920755 -0.011965
-28.4138 84.6259 4.29468 0.405507 -0.914079 -0.00473331
-29.4726 84.146 5.37072 0.412512 -0.910908 -0.00822674
-30.3564 83.7277 6.26155 0.424485 -0.905317 -0.0136915
-31.2032 83.3185 7.11651 0.427588 -0.903899 -0.0115923
-32.0514 82.9068 8.0117 0.435823 -0.900021 -0.00444161
-32.863 82.505 8.89374 0.447627 -0.894204 -0.00546639
-33.7805 82.0428 9.84064 0.450055 -0.892991 -0.00403694
-34.728 81.5556 10.7946 0.45615 -0.889869 -0.00713647
-35.5774 81.1085 11.6555 0.460221 -0.887784 -0.00598002
-35.9779 80.8967 12.104 0.46501 -0.885297 -0.00371287
-36.3242 80.7203 11.228 0.465651 -0.884945 -0.00647874
-35.367 81.2282 10.2159 0.461977 -0.886863 -0.00706626
-34.5271 81.6675 9.36225 0.453839 -0.891074 -0.00288032
-33.4409 82.2202 8.27007 0.446404 -0.894799 -0.0076301
-32.5654 82.6626 7.31335 0.4373 -0.899273 -0.00815224
-31.562 83.1585 6.2408 0.431133 -0.902209 -0.0115481
-30.4819 83.6871 5.16048 0.426636 -0.904322 -0.0135732
-29.5342 84.1261 4.2095 0.413192 -0.910628 -0.00528737
-28.6941 84.5066 3.32386 0.409225 -0.912386 -0.00843099
-27.7766 84.9222 2.35398 0.395445 -0.918452 -0.00832009
-26.9376 85.2765 1.44928 0.374782 -0.927049 -0.0108921
-26.0462 85.6433 0.513946 0.361453 -0.932314 -0.0106091
-25.0954 86.012 -0.407245 0.349317 -0.936963 -0.00776391
-24.2185 86.3436 -1.34402 0.330412 -0.943755 -0.0122183
-23.2652 86.6823 -2.36179 0.320952 -0.946962 -0.0155341
-22.2478 87.0167 -3.52643 0.295869 -0.955208 -0.00619926
-21.3366 87.2772 -4.53051 0.276308 -0.961026 -0.00409208
-20.4321 87.5301 -5.3742 0.250959 -0.967965 -0.00800031
-19.475 87.7581 -6.23329 0.217225 -0.976105 0.00552546
-18.4454 87.9792 -7.22938 0.199314 -0.979934 0.00155397
-17.372 88.1732 -8.35053 0.172207 -0.985043 -0.00257681
-16.4151 88.3275 -9.43592 0.141167 -0.989972 0.00113145
-15.5134 88.4506 -10.3451 0.10924 -0.993982 -0.00799932
-15.203 88.4864 -10.6232 0.106473 -0.994287 -0.00742911
-16.3637 88.3481 -10.8149 0.13404 -0.990919 -0.00614776
-17.2483 88.1992 -9.83984 0.163708 -0.98648 -0.00746231
-18.2957 88.0077 -8.70873 0.203414 -0.979084 0.00152083
-19.2062 87.8095 -7.71926 0.223731 -0.974643 0.00399571
-20.1901 87.5922 -6.81541 0.239433 -0.970648 0.0122909
-21.1222 87.3491 -5.97481 0.272458 -0.962105 0.00586644
-22.0125 87.0841 -5.11191 0.291061 -0.956677 -0.00344983
-22.9895 86.7821 -4.05165 0.309204 -0.95095 0.00540275
-23.835 86.498 -3.06079 0.325081 -0.945646 -0.00866905
-24.8207 86.1353 -2.01403 0.347052 -0.937791 -0.00967645
-25.643 85.8159 -1.10011 0.354685 -0.934865 -0.0148036
-26.5417 85.4534 -0.230339 0.374884 -0.927042 -0.00744291
-27.5673 85.0248 0.854168 0.388737 -0.921321 -0.00462999
-28.5787 84.5759 1.92189 0.405958 -0.913828 -0.00806613
-29.472 84.1615 2.89775 0.414139 -0.910196 -0.0056542
-30.3995 83.7332 3.88292 0.416907 -0.908934 -0.00489498
-31.466 83.2207 4.93451 0.432458 -0.901586 -0.0110619
-32.3789 82.7663 5.84247 0.43819 -0.898841 -0.00863522
-33.2581 82.324 6.79476 0.445359 -0.895311 -0.00854913
-34.0908 81.899 7.70608 0.455355 -0.89026 -0.00940315
-35.0985 81.3751 8.7039 0.459294 -0.88828 -0.00284598
-36.0762 80.8596 9.7149 0.467204 -0.88414 -0.00401277
-36.755 80.4958 10.4367 0.470218 -0.882541 -0.00414206
-36.9961 80.3715 9.42636 0.473454 -0.880815 -0.00148844
-35.9769 80.9199 8.32972 0.466568 -0.884466 -0.00515474
-34.9235 81.4738 7.32023 0.45932 -0.88824 -0.00718725
-34.0459 81.9352 6.3895 0.451827 -0.892058 -0.00846311
-33.2126 82.3598 5.49463 0.444179 -0.895895 -0.00878344
-32.3089 82.8142 4.57831 0.441776 -0.897083 -0.00867674
-31.452 83.2369 3.73061 0.431366 -0.902175 -0.00211515
-30.4885 83.6982 2.7145 0.415744 -0.909472 -0.00426802
-29.6417 84.0968 1.82272 0.420411 -0.907228 -0.0138032
-28.6047 84.5791 0.6949 0.403358 -0.91496 -0.0108964
-27.4728 85.074 -0.501986 0.385362 -0.922747 -0.00322472
-26.4067 85.5239 -1.57961 0.368548 -0.929521 -0.0105541
-25.5323 85.8675 -2.50454 0.357324 -0.933973 -0.00377113
-24.6997 86.1847 -3.43469 0.348479 -0.937316 0.000505716
-23.8662 86.4849 -4.40337 0.319987 -0.947395 0.00720398
-22.9813 86.7826 -5.41032 0.312515 -0.949804 -0.000443361
-22.0214 87.0815 -6.37243 0.286694 -0.957994 0.00725661
-21.0864 87.3452 -7.23491 0.261187 -0.965251 0.00804419
-20.1058 87.5971 -8.09913 0.252338 -0.96761 0.00657037
-19.0251 87.8517 -9.25574 0.22708 -0.973861 0.000251985
-18.0392 88.0543 -10.2988 0.199104 -0.979966 0.00407471
-17.5197 88.1601 -10.9009 0.193411 -0.981106 -0.00472798
-18.3886 87.9817 -11.273 0.220924 -0.975284 0.00319015
-19.4419 87.7513 -10.1519 0.22588 -0.974127 0.0029061
-20.2688 87.5463 -9.21653 0.246636 -0.969063 0.00902827
-21.1808 87.3103 -8.35295 0.267692 -0.963378 0.0115253
-22.269 87.0009 -7.34143 0.288524 -0.957471 0.00193192
-23.2083 86.6991 -6.47664 0.326915 -0.945036 0.00573354
-24.2027 86.3583 -5.37828 0.33621 -0.941774 0.00478105
-25.0119 86.0669 -4.40622 0.353279 -0.935492 0.00218661
-26.0495 85.6672 -3.24663 0.367727 -0.92992 0.000360883
-26.8861 85.3308 -2.32408 0.382347 -0.924018 -0.000687322
-27.775 84.9561 -1.41833 0.382553 -0.92389 -0.00892107
-28.6313 84.5774 -0.535699 0.408634 -0.912684 -0.0051835
-29.4807 84.1889 0.369983 0.415254 -0.909642 -0.0092351
-30.3582 83.771 1.33421 0.423636 -0.905783 -0.00945276
-31.2513 83.339 2.28439 0.433082 -0.901339 -0.00532452
-32.2183 82.8661 3.29863 0.442225 -0.896899 -0.00308872
-33.1424 82.4045 4.19605 0.444948 -0.895535 -0.00616143
-34.0559 81.9409 5.13376 0.450266 -0.892849 -0.00821274
-34.9346 81.4811 6.1016 0.463496 -0.88608 -0.00580974
-35.8973 80.9679 7.07858 0.469667 -0.882834 -0.00418065
-36.8035 80.4809 7.97155 0.471693 -0.881755 -0.00361057
-37.4069 80.153 8.58596 0.477737 -0.878497 -0.00311895
-37.4327 80.1425 7.38453 0.477458 -0.87865 -0.00179563
-36.5015 80.6483 6.4707 0.473217 -0.880938 -0.00289034
-35.604 81.1323 5.55669 0.469246 -0.883057 -0.00361084
-34.7473 81.5878 4.63429 0.46252 -0.886603 0.00024668
-33.7843 82.0839 3.62936 0.452298 -0.891863 0.00214504
-32.7816 82.5897 2.63717 0.443013 -0.896513 -0.00178357
-31.7681 83.0986 1.58194 0.431827 -0.901912 -0.00896445
-30.8262 83.5602 0.555897 0.427656 -0.90388 -0.00964949
-29.9292 83.9872 -0.405775 0.422365 -0.906398 -0.0071541
-29.0797 84.3806 -1.3469 0.411739 -0.911285 -0.004793
-28.1462 84.8012 -2.2926 0.40029 -0.916339 0.00126829
-27.1915 85.202 -3.28241 0.384838 -0.92297 0.00509298
-26.3066 85.5639 -4.26131 0.375279 -0.926889 -0.00256685
-25.3383 85.9424 -5.3883 0.352644 -0.935756 0.00179134
-24.4477 86.2652 -6.42067 0.335511 -0.94203 0.00325167
-23.5606 86.5714 -7.35555 0.326661 -0.945118 0.00669279
-22.5161 86.9123 -8.3463 0.303501 -0.952757 0.0117156
-21.4616 87.2172 -9.28505 0.27526 -0.961312 0.0092039
-20.5579 87.4674 -10.2642 0.2608 -0.965331 0.0061059
-19.7041 87.6768 -11.1812 0.241966 -0.970222 0.00303424
-19.2855 87.779 -11.6085 0.222924 -0.974813 -0.00662752
-20.3352 87.5269 -11.8272 0.238172 -0.971186 -0.00813564
-21.2166 87.2833 -10.9027 0.263479 -0.964627 -0.00860975
-22.2621 86.9813 -9.78029 0.287235 -0.957838 0.00658155
-23.2825 86.6561 -8.85445 0.312002 -0.950001 0.0114672
-24.2575 86.322 -7.88512 0.335644 -0.941954 0.00762537
-25.1183 86.0214 -6.97514 0.349818 -0.936755 0.0104213
-25.9436 85.7145 -6.04317 0.36667 -0.930317 0.00538036
-26.7844 85.3682 -5.02173 0.384268 -0.923218 -0.00242053
-27.8411 84.9263 -3.87484 0.390881 -0.920435 0.00281488
-28.8204 84.502 -2.85553 0.405952 -0.913882 -0.00202812
-29.682 84.1076 -1.96378 0.415987 -0.90936 -0.0042852
-30.6894 83.6344 -0.849415 0.432126 -0.901808 -0.00305802
-31.715 83.1353 0.258548 0.434971 -0.900429 -0.0052237
-32.6354 82.6736 1.25881 0.447463 -0.89426 -0.00873505
-33.5519 82.2059 2.20825 0.452898 -0.891553 -0.00409229
-34.442 81.7487 3.09404 0.454503 -0.89071 -0.00768569
-35.3025 81.2975 3.98233 0.470117 -0.882591 -0.00478252
-36.1287 80.854 4.84573 0.471233 -0.882002 -0.00343156
-36.9708 80.397 5.74944 0.47722 -0.878773 -0.00437087
-37.8768 79.9 6.61931 0.482673 -0.875798 -0.00210987
-38.111 79.7727 5.64413 0.483784 -0.875185 -0.00200569
-37.1689 80.2932 4.72623 0.477871 -0.878425 -0.00314884
-36.3253 80.7538 3.83188 0.472902 -0.881103 -0.00368223
-35.4937 81.2048 2.9298 0.467056 -0.884196 -0.00733396
-34.5848 81.6822 2.04048 0.452507 -0.891747 -0.00494813
-33.6904 82.1446 1.13409 0.45146 -0.892257 -0.00781743
-32.7665 82.6175 0.160103 0.446437 -0.894797 -0.00548545
-31.8821 83.0606 -0.814396 0.439371 -0.898286 -0.00230757
-30.9678 83.508 -1.82611 0.431469 -0.902055 -0.0114114
-30.1453 83.8992 -2.73137 0.419152 -0.90787 -0.00858563
-29.2644 84.3058 -3.6287 0.408199 -0.912875 -0.0054794
-28.3713 84.6988 -4.58517 0.394305 -0.918971 -7.97839e-05
-27.4286 85.1031 -5.58669 0.386932 -0.922082 -0.00687098
-26.5435 85.4716 -6.64168 0.371996 -0.928218 0.00542263
-25.5634 85.8455 -7.76321 0.350537 -0.936534 0.00488297
-24.7221 86.1546 -8.6699 0.32987 -0.944 -0.00679547
-23.8494 86.4656 -9.54974 0.326623 -0.945148 -0.00348726
-22.7861 86.8207 -10.5407 0.30368 -0.952769 -0.00238314
-21.8045 87.1195 -11.5932 0.280355 -0.959886 -0.00446633
-21.2862 87.2703 -12.1597 0.269748 -0.962928 -0.00196246
-22.352 86.9535 -12.3176 0.301369 -0.953474 0.00805531
-23.2224 86.6795 -11.339 0.308616 -0.951182 0.00302645
-24.2353 86.334 -10.3945 0.332938 -0.942949 -0.000593131
-25.1862 85.9921 -9.43549 0.348509 -0.937284 -0.00616682
-26.0926 85.6477 -8.47204 0.369241 -0.929326 -0.00287932
-26.9325 85.3115 -7.50803 0.370533 -0.928808 0.00456722
-27.8988 84.9067 -6.38871 0.393707 -0.919232 0.000638991
-28.8881 84.4796 -5.3513 0.398622 -0.917091 -0.00605266
-29.6957 84.1153 -4.41732 0.407295 -0.913287 -0.00417137
-30.5577 83.7183 -3.56606 0.420107 -0.907424 -0.00952924
-31.3832 83.3153 -2.67766 0.441834 -0.89707 -0.00695273
-32.2571 82.8772 -1.67881 0.443574 -0.896217 -0.00610131
-33.2516 82.3765 -0.554791 0.452631 -0.891693 -0.00282094
-34.1933 81.8946 0.425721 0.457091 -0.889412 -0.00283583
-35.073 81.4336 1.32027 0.470278 -0.882494 -0.00660008
-35.998 80.9389 2.21413 0.472627 -0.881253 -0.0011665
-36.8942 80.4493 3.17404 0.477749 -0.878486 -0.00436791
-37.729 79.9902 4.07538 0.481833 -0.876252 -0.00320725
-38.2732 79.6864 4.63544 0.484749 -0.874647 -0.00337902
-38.3888 79.6269 3.5357 0.485165 -0.874415 -0.00349791
-37.4757 80.1345 2.54407 0.480569 -0.876955 -0.00130743
-36.5786 80.6264 1.6186 0.478462 -0.878106 -0.00163309
-35.5397 81.1905 0.595391 0.471099 -0.882052 -0.00702762
-34.6347 81.6688 -0.342156 0.460436 -0.887684 -0.00383138
-33.7636 82.1217 -1.2555 0.449864 -0.893005 -0.0128278
-32.9672 82.5288 -2.1637 0.444298 -0.89586 -0.00584677
-32.119 82.956 -3.13011 0.442448 -0.896763 -0.00742773
-31.2249 83.4022 -4.09284 0.441336 -0.897338 -0.00246757
-30.3688 83.8074 -4.9911 0.424013 -0.90565 -0.00312456
-29.4216 84.2477 -6.04307 0.410024 -0.912058 -0.00228296
-28.5178 84.6388 -7.02264 0.400774 -0.916167 0.00279979
-27.6904 84.9981 -7.95265 0.390834 -0.920454 -0.0031223
-26.7817 85.3726 -9.01748 0.374938 -0.927049 -0.00107279
-25.8096 85.7585 -10.0452 0.362505 -0.931981 -0.00146587
-24.8161 86.1278 -11.106 0.340261 -0.940303 0.00234714
-23.893 86.4507 -11.9373 0.327683 -0.944747 0.00872869
-23.3869 86.622 -12.475 0.315562 -0.948824 0.00322383
-24.6315 86.1933 -12.4882 0.329633 -0.94407 -0.00705015
-25.7084 85.8006 -11.4031 0.348208 -0.937416 -0.00137307
-26.6462 85.4303 -10.4625 0.369962 -0.928994 -0.00992739
-27.548 85.0582 -9.44428 0.389376 -0.921074 0.00285641
-28.447 84.6696 -8.39557 0.3999 -0.916536 -0.00638736
-29.3327 84.2798 -7.40559 0.404676 -0.914458 -0.00189849
-30.1606 83.9094 -6.51368 0.417807 -0.908535 -9.72667e-05
-31.1839 83.4256 -5.38117 0.430408 -0.902572 -0.00883844
-32.1318 82.96 -4.38782 0.439846 -0.89805 -0.00647985
-33.1284 82.4584 -3.28496 0.444125 -0.895923 -0.00865383
-33.9922 82.0138 -2.27733 0.45724 -0.889336 -0.00342202
-34.9545 81.5084 -1.25752 0.460443 -0.887661 -0.00701992
-35.9389 80.9832 -0.208236 0.472461 -0.881312 -0.00837679
-36.9026 80.4542 0.753575 0.48017 -0.877142 -0.00772126
-37.8376 79.9373 1.7081 0.484089 -0.875013 -0.00308153
-38.3582 79.6478 2.24103 0.483804 -0.875172 -0.00267499
-38.1319 79.7787 0.795723 0.483857 -0.875134 -0.00482809
-37.3013 80.2435 -0.0547527 0.479902 -0.877275 -0.00906575
-36.415 80.7328 -0.946208 0.47591 -0.879482 -0.00460676
-35.5171 81.2214 -1.89771 0.464747 -0.885405 -0.00737222
-34.6931 81.6545 -2.7838 0.459825 -0.888001 -0.00352167
-33.789 82.1241 -3.82682 0.456142 -0.8899 -0.00337068
-32.9419 82.5602 -4.76431 0.449824 -0.893111 -0.00342931
-32.0788 82.9951 -5.68145 0.436932 -0.899468 -0.00663804
-31.2652 83.3948 -6.60129 0.432327 -0.901695 -0.000489395
-30.3129 83.8411 -7.60018 0.418826 -0.908054 -0.000947516
-29.4232 84.2413 -8.59763 0.407341 -0.913272 -0.00256743
-28.4083 84.6933 -9.77392 0.398281 -0.917247 -0.00413396
-27.5994 85.0406 -10.7225 0.386866 -0.92212 -0.00537965
-26.6979 85.4194 -11.6204 0.36588 -0.930616 -0.00645066
-25.7371 85.7947 -12.6579 0.355649 -0.934616 -0.00255329
-26.7409 85.4056 -12.8591 0.377468 -0.926005 -0.00421285
-27.6821 85.012 -11.8701 0.387234 -0.921966 -0.00476199
-28.5131 84.6526 -10.9851 0.39852 -0.917157 -0.0022893
-29.4729 84.2239 -9.86672 0.40732 -0.913258 -0.00689581
-30.4862 83.7635 -8.71951 0.420239 -0.907411 0.00171291
-31.3719 83.3469 -7.72989 0.434526 -0.900641 -0.0019635
-32.3303 82.8773 -6.69424 0.44046 -0.89777 -0.00208085
-33.1504 82.46 -5.80466 0.450133 -0.892951 -0.00440516
-34.0737 81.9834 -4.78438 0.461227 -0.887278 -0.00256945
-34.8767 81.5629 -3.86768 0.461957 -0.886899 -0.00242241
-35.704 81.128 -2.90915 0.469957 -0.88268 0.00115918
-36.7146 80.5763 -1.91893 0.477165 -0.87878 -0.007752
-37.5877 80.095 -1.00473 0.479568 -0.877489 -0.00520051
-37.6325 80.0701 -0.95572 0.481578 -0.876382 -0.00582079
-37.3402 80.2374 -2.50359 0.480784 -0.876828 -0.00424228
-36.4012 80.7546 -3.42863 0.474965 -0.879993 -0.00339698
-35.5526 81.2115 -4.38034 0.466948 -0.884278 0.000383654
-34.6992 81.6606 -5.3312 0.461609 -0.887067 -0.00512747
-33.8957 82.0824 -6.2432 0.458944 -0.888457 -0.00377282
-33.0524 82.5155 -7.17038 0.449849 -0.893096 -0.00391306
-32.2004 82.9441 -8.09827 0.438694 -0.898627 -0.00407361
-31.2889 83.3894 -9.08539 0.426462 -0.904484 -0.0032056
-30.4818 83.7685 -10.009 0.417905 -0.908463 -0.00714328
-29.5793 84.1876 -11.0866 0.408529 -0.912675 -0.0100689
-28.6489 84.599 -12.1474 0.396639 -0.917968 -0.00306503
-27.8448 84.9487 -12.9413 0.386955 -0.922085 -0.00462576
-29.2408 84.3487 -12.7778 0.398043 -0.917327 -0.00842738
-30.092 83.9657 -11.8483 0.410641 -0.911733 -0.00994642
-31.1145 83.482 -10.5823 0.418062 -0.908383 -0.00800884
-32.0028 83.0482 -9.56462 0.438449 -0.898741 -0.00528319
-32.8555 82.6235 -8.63135 0.448903 -0.893555 -0.00674832
-33.6686 82.2091 -7.72859 0.451499 -0.892242 -0.00639976
-34.6312 81.7048 -6.69031 0.459706 -0.88803 -0.00857151
-35.6203 81.1775 -5.60135 0.467334 -0.884066 -0.00521546
-36.6356 80.6295 -4.48106 0.477901 -0.878411 -0.0020864
-36.9316 80.4671 -4.15222 0.479376 -0.877604 -0.00311472
-36.2549 80.8418 -6.1648 0.472441 -0.881355 -0.00348245
-35.231 81.3949 -7.25927 0.46601 -0.884744 -0.00796516
-34.3866 81.8432 -8.23588 0.460314 -0.887752 -0.00259936
-33.5331 82.2865 -9.17114 0.449722 -0.89315 -0.00580691
-32.463 82.8283 -10.3242 0.438299 -0.898811 -0.00571605
-31.6197 83.2472 -11.3443 0.432708 -0.901483 -0.00946125
-30.8795 83.6071 -12.2268 0.421768 -0.906656 -0.00933282
-32.4031 82.872 -11.7621 0.439921 -0.897985 -0.00963107
-33.1695 82.4825 -10.8 0.449752 -0.893113 -0.00851145
-34.0288 82.0394 -9.88026 0.45699 -0.889441 -0.00731821
-34.9235 81.5691 -8.90297 0.462768 -0.886451 -0.00700658
-35.3067 81.3644 -8.46399 0.467061 -0.88418 -0.00852027
7.23744 83.1372 -18.3236 -0.453445 -0.891273 -0.00130002
6.27047 83.6239 -18.5035 -0.445241 -0.895373 -0.00766122
5.25627 84.1239 -18.4818 -0.436303 -0.899731 -0.01045
4.24317 84.6067 -18.35 -0.431489 -0.902013 -0.013768
3.31289 85.0364 -18.1358 -0.41804 -0.908202 -0.0203006
2.13969 85.554 -17.796 -0.397251 -0.917436 -0.0224375
1.07892 85.9948 -17.3207 -0.380438 -0.924468 -0.0248209
0.069685 86.3845 -16.7495 -0.364996 -0.930588 -0.0273114
-0.903801 86.7418 -16.2476 -0.347421 -0.937288 -0.0259392
-1.84878 87.0577 -15.6711 -0.329184 -0.943896 -0.026398
-2.68722 87.3247 -15.2134 -0.310325 -0.950218 -0.0279979
-3.56665 87.5769 -14.7369 -0.280295 -0.958991 -0.0420824
-4.54607 87.832 -14.1461 -0.252787 -0.966969 -0.0327067
-5.58809 88.0687 -13.3587 -0.222775 -0.974084 -0.0382115
-6.54789 88.2489 -12.6866 -0.192511 -0.9807 -0.0340165
-7.59389 88.4106 -12.098 -0.15164 -0.987724 -0.0344093
-8.49686 88.5197 -11.7119 -0.125997 -0.991293 -0.0378166
-9.58481 88.6183 -11.4215 -0.0829948 -0.995573 -0.0429557
-10.6796 88.6725 -11.1097 -0.0424677 -0.998461 -0.0354447
-11.9832 88.7015 -10.9316 0.00803755 -0.998959 -0.0371281
-13.1434 88.6601 -10.9223 0.0569364 -0.998139 -0.0199768
-14.1318 88.5982 -10.9958 0.0739985 -0.997127 -0.0134714
-15.2748 88.4827 -11.1763 0.110205 -0.993866 -0.00727217
-16.5465 88.3253 -11.3411 0.129705 -0.991544 0.00208897
-17.5371 88.1552 -11.5707 0.180145 -0.983564 0.0116849
-18.5944 87.9376 -11.8979 0.218228 -0.975844 -0.0102693
-19.7259 87.679 -12.2517 0.233897 -0.972235 -0.00709127
-20.8675 87.3863 -12.5248 0.269198 -0.963003 -0.0124952
-21.9311 87.0849 -12.7887 0.296174 -0.955086 -0.0077202
-22.9599 86.7596 -12.9003 0.304908 -0.952327 -0.00972041
-23.9291 86.4372 -12.9882 0.321843 -0.946761 -0.00784722
-24.9499 86.0844 -13.0904 0.334498 -0.942376 -0.00619586
-26.0274 85.688 -13.3029 0.35692 -0.934123 -0.00377787
-27.115 85.2537 -13.3949 0.377658 -0.92594 -0.00150233
-28.1308 84.8309 -13.4045 0.387033 -0.922003 -0.00972576
-29.1499 84.3926 -13.295 0.39686 -0.917839 -0.00862698
-30.1141 83.9656 -13.1256 0.411654 -0.911273 -0.0110527
-30.9772 83.5686 -12.8828 0.422827 -0.906113 -0.0123744
-31.9337 83.1108 -12.559 0.438663 -0.898571 -0.0119646
-32.7553 82.7035 -12.1192 0.443532 -0.896188 -0.0103762
-33.5354 82.3053 -11.5477 0.450347 -0.892809 -0.00888981
-34.213 81.9544 -10.9099 0.457507 -0.889163 -0.00866457
-34.9134 81.5848 -10.0196 0.461423 -0.887142 -0.00758957
-35.5203 81.2572 -9.05076 0.466723 -0.884359 -0.00843649
-35.9962 80.9949 -8.11555 0.471655 -0.881752 -0.00691361
-36.3606 80.7919 -7.20067 0.473196 -0.880939 -0.00572413
-36.7407 80.5822 -6.2526 0.471552 -0.881826 -0.00443753
-37.1094 80.3736 -5.10883 0.478351 -0.878145 -0.00641609
-37.3957 80.2136 -4.16459 0.479375 -0.877603 -0.00359303
-37.6925 80.0473 -3.1366 0.481939 -0.876187 -0.00495463
-38.0042 79.8714 -2.09023 0.484475 -0.874801 -0.00194789
-38.2704 79.718 -0.962296 0.48503 -0.874472 -0.00667452
-38.4912 79.5857 0.120884 0.483923 -0.875079 -0.00735105
-38.668 79.4794 1.23653 0.485403 -0.874283 -0.00345431
-38.825 79.3884 2.4587 0.488715 -0.872439 -0.00275302
-38.8451 79.3732 3.55099 0.488511 -0.872552 -0.00272699
-38.7103 79.4431 4.80337 0.486263 -0.873805 -0.00362084
-38.4869 79.5644 6.10707 0.483638 -0.875268 -0.00097978
-38.2982 79.6678 7.22758 0.481934 -0.876207 0.000445287
-37.9428 79.8616 8.3338 0.478959 -0.877835 -0.00210982
-37.542 80.0766 9.52955 0.475305 -0.879821 -0.000821025
-37.2471 80.2334 10.4624 0.470086 -0.882617 -0.00269419
-36.8728 80.4294 11.4499 0.467399 -0.884035 -0.00449322
-36.4099 80.6684 12.3928 0.465537 -0.88502 -0.00370919
-35.8247 80.9655 13.3911 0.459562 -0.888129 -0.00492336
-35.1808 81.2946 14.3076 0.456192 -0.889869 -0.00387748
-34.3868 81.693 15.2299 0.45293 -0.891532 -0.00507444
-33.6335 82.0643 15.8862 0.444882 -0.895587 -0.00189454
-32.8988 82.4244 16.4216 0.44026 -0.897854 -0.00536074
-31.8416 82.9337 17.003 0.433022 -0.901377 -0.00336923
-30.7418 83.4568 17.4322 0.423803 -0.905751 5.52402e-05
-29.8555 83.8672 17.6568 0.41316 -0.910641 -0.00293734
-28.9381 84.2737 17.8398 0.400936 -0.916076 -0.00357171
-27.9071 84.712 17.9254 0.387323 -0.921926 -0.00464735
-26.9738 85.0971 17.8296 0.379526 -0.92518 -0.000900386
-26.0003 85.4854 17.6917 0.363663 -0.93152 -0.00377095
-24.8886 85.9047 17.4916 0.339836 -0.940485 -0.000682248
-23.9059 86.2572 17.1709 0.32753 -0.944803 -0.00016723
-23.0388 86.5488 16.7942 0.318217 -0.948011 0.00341432
-22.0615 86.864 16.3606 0.291692 -0.956508 0.00206267
-21.0951 87.1563 15.8365 0.273697 -0.961815 0.00134067
-20.0265 87.4416 15.3308 0.247298 -0.96878 0.0164114
-18.7701 87.7327 14.9343 0.210237 -0.977441 0.0201418
-17.5829 87.9668 14.606 0.18236 -0.983045 0.0190653
-16.5726 88.1438 14.3426 0.158885 -0.987092 0.0180504
-15.4806 88.3003 14.1248 0.141764 -0.989738 0.0179597
-14.5009 88.4006 13.9457 0.0921724 -0.995547 0.0197368
-13.5359 88.4774 13.8093 0.0571962 -0.998275 0.0118938
-12.2615 88.5401 13.7316 0.0264985 -0.999287 0.0201252
-11.2811 88.5475 13.6435 -0.00631125 -0.999764 0.0120443
-10.2851 88.502 13.6036 -0.0595259 -0.99812 0.0133079
-9.23681 88.4197 13.6207 -0.0907178 -0.995822 0.0104566
-8.13118 88.3025 13.6738 -0.119334 -0.99283 0.00698833
-6.99922 88.1459 13.7297 -0.166655 -0.985831 0.0186305
-6.01305 87.973 13.7731 -0.185513 -0.982462 0.0187365
-4.7136 87.7122 13.9369 -0.215909 -0.976052 0.025735
-3.67974 87.4642 14.1928 -0.23907 -0.970915 0.012922
-2.69136 87.2001 14.5153 -0.274916 -0.961446 0.00618872
-1.78385 86.9332 14.8611 -0.299221 -0.95408 0.0140687
-0.700744 86.5832 15.3513 -0.320416 -0.947144 0.0158476
0.167756 86.2814 15.6833 -0.352677 -0.9356 0.0164977
1.24585 85.8786 15.9947 -0.360238 -0.932742 0.014323
2.15966 85.5257 16.2488 -0.364334 -0.931162 0.0139831
3.1244 85.1378 16.4279 -0.389094 -0.921181 0.00152518
4.14725 84.6935 16.6046 -0.401802 -0.91571 0.00556818
5.28682 84.1839 16.7762 -0.411992 -0.911181 0.00341305
6.27075 83.7363 16.8298 -0.423466 -0.905889 0.0053434
7.48618 83.1652 16.7993 -0.425726 -0.904844 0.00374079
8.48033 82.6871 16.7081 -0.436298 -0.899801 0.00160861
9.48279 82.1999 16.4745 -0.441869 -0.897055 0.00334423
10.2936 81.7942 16.1177 -0.448816 -0.893621 -0.000284504
11.1879 81.341 15.4955 -0.453773 -0.891115 0.000670985
11.8909 80.9818 14.6057 -0.455155 -0.890412 -0.000939187
12.352 80.7445 13.7545 -0.461091 -0.887352 0.0013339
12.7527 80.5358 12.87 -0.461127 -0.887334 -0.000494095
13.1498 80.3275 11.8945 -0.465617 -0.884981 0.0030396
13.5635 80.1058 10.8152 -0.466766 -0.884377 0.00260399
13.888 79.9307 9.85874 -0.469113 -0.883123 0.00519552
14.1673 79.7777 8.86055 -0.470576 -0.882352 0.00364233
14.4024 79.6431 7.75128 -0.474339 -0.88029 0.00961501
14.5499 79.5502 6.59864 -0.47543 -0.879684 0.011083
14.7387 79.4356 5.55495 -0.475545 -0.879644 0.00912363
14.841 79.3649 4.42937 -0.477591 -0.878511 0.0111619
14.8635 79.3397 3.34409 -0.480412 -0.876974 0.0109361
14.9117 79.3014 2.35231 -0.481314 -0.876463 0.0119647
14.9378 79.2719 1.35174 -0.482893 -0.875615 0.0106138
14.9098 79.2748 0.284369 -0.482901 -0.875617 0.0100514
14.8897 79.2751 -0.72078 -0.48256 -0.875812 0.00938651
14.8404 79.2892 -1.76105 -0.482155 -0.876017 0.0109346
14.7878 79.3054 -2.87674 -0.483853 -0.875085 0.0106132
14.7906 79.2904 -4.03646 -0.48449 -0.874736 0.010259
14.6791 79.3356 -5.39402 -0.483847 -0.875099 0.00965084
14.3777 79.4862 -6.70158 -0.483879 -0.875067 0.0109008
14.0942 79.6316 -7.68164 -0.4825 -0.875835 0.0102701
13.8049 79.7791 -8.63346 -0.482266 -0.875954 0.0111276
13.4943 79.9356 -9.59411 -0.480171 -0.877078 0.0130289
13.1718 80.0973 -10.5216 -0.477497 -0.878526 0.0137258
12.8202 80.2729 -11.4784 -0.475994 -0.879329 0.0145072
12.4119 80.4793 -12.4327 -0.475272 -0.879761 0.0116741
11.8981 80.7421 -13.386 -0.473147 -0.880888 0.0129445
11.2548 81.0748 -14.4433 -0.471429 -0.881825 0.0117837
10.7759 81.3177 -15.2788 -0.466991 -0.884167 0.0128369
10.1252 81.6493 -16.2262 -0.468033 -0.883646 0.0106328
9.47624 81.9818 -16.9812 -0.466144 -0.884663 0.00864653
8.76461 82.3481 -17.6337 -0.462501 -0.886598 0.00532423
7.80581 82.845 -18.1258 -0.455821 -0.890069 0.000825406
7.71497 82.8917 -18.1588 -0.456785 -0.889577 -0.00077051
8.00496 82.7426 -19.0439 -0.458734 -0.888573 -0.000561872
8.83011 82.3101 -18.6801 -0.464584 -0.885524 0.00286589
9.56833 81.9246 -18.1232 -0.467453 -0.883993 0.00664106
10.3557 81.5149 -17.2952 -0.469219 -0.883035 0.00862154
11.0389 81.1607 -16.4215 -0.471501 -0.881764 0.0132491
11.5756 80.8844 -15.5809 -0.473658 -0.880596 0.0140642
12.075 80.6289 -14.7397 -0.475955 -0.879357 0.0140887
12.5864 80.3651 -13.8881 -0.476816 -0.878894 0.0138745
13.0518 80.1256 -13.0221 -0.475569 -0.879597 0.011953
13.4837 79.9044 -12.0766 -0.477262 -0.878696 0.0106802
13.849 79.719 -11.0823 -0.479265 -0.877577 0.0128193
14.2241 79.5296 -10.0237 -0.48104 -0.876614 0.0120944
14.54 79.3686 -9.09181 -0.481979 -0.876107 0.0115109
14.8368 79.2165 -8.09815 -0.484219 -0.874892 0.009833
15.152 79.0529 -6.98646 -0.487127 -0.873275 0.00982038
15.4007 78.9264 -6.03019 -0.489692 -0.871828 0.010802
15.5285 78.8686 -5.00196 -0.486464 -0.873642 0.0101108
15.607 78.8377 -3.95892 -0.48673 -0.873481 0.0111617
15.6051 78.8513 -2.95794 -0.486412 -0.873661 0.0109276
15.6605 78.8333 -1.93559 -0.486323 -0.8737 0.0117693
15.7135 78.8184 -0.796649 -0.485615 -0.874106 0.0108156
15.7179 78.8319 0.54954 -0.485463 -0.874199 0.0101155
15.745 78.8289 1.5497 -0.486878 -0.873391 0.0117576
15.7154 78.8604 2.65284 -0.485115 -0.874345 0.0135503
15.6682 78.9019 3.66111 -0.484237 -0.874846 0.0126028
15.6287 78.9388 4.64537 -0.480118 -0.877101 0.0134595
15.5266 79.0102 5.80532 -0.478386 -0.878076 0.0113721
15.3761 79.1066 6.86794 -0.476311 -0.879206 0.0111289
15.2136 79.2072 7.90571 -0.475537 -0.879639 0.00991797
15.0067 79.3292 9.02129 -0.474594 -0.880177 0.00692551
14.7318 79.4823 10.035 -0.470408 -0.882434 0.00517981
14.3376 79.699 11.2514 -0.468806 -0.883291 0.00416797
13.8714 79.9492 12.4643 -0.466246 -0.884651 0.00257497
13.3612 80.2186 13.6104 -0.463652 -0.886017 0.00127456
12.9056 80.4589 14.5404 -0.46105 -0.887371 0.0023835
12.3658 80.7385 15.5047 -0.457211 -0.889355 -0.000339456
11.719 81.0699 16.216 -0.45584 -0.890062 0.000774844
10.8579 81.5092 16.8407 -0.450869 -0.89259 0.000753326
9.7837 82.049 17.326 -0.44763 -0.894206 -0.00379317
8.66094 82.6012 17.6135 -0.436683 -0.899614 0.00179893
7.73828 83.0475 17.7087 -0.430098 -0.90278 0.00205319
6.73019 83.5272 17.7485 -0.426822 -0.904306 0.00716902
5.82408 83.9499 17.741 -0.420114 -0.907448 0.00649044
4.79403 84.4165 17.6552 -0.408593 -0.912586 0.0154401
3.83855 84.8357 17.5015 -0.399152 -0.916788 0.0131199
2.80324 85.2786 17.3383 -0.385284 -0.922772 0.00611549
1.82864 85.6715 17.1379 -0.363831 -0.931313 0.0165124
0.937107 86.0105 16.9 -0.355476 -0.934509 0.0179653
-0.0266534 86.3683 16.5894 -0.331039 -0.943387 0.0186619
-1.15014 86.7481 16.1517 -0.321104 -0.946967 0.0115982
-2.14775 87.0589 15.6831 -0.299675 -0.953961 0.0123518
-3.09451 87.3326 15.3518 -0.28006 -0.959664 0.0247049
-4.04042 87.581 15.0406 -0.248613 -0.967887 0.03676
-5.12925 87.828 14.7952 -0.200282 -0.978954 0.0392021
-6.26163 88.0489 14.6832 -0.179311 -0.983237 0.0330573
-7.52184 88.2536 14.6207 -0.143075 -0.989306 0.0283544
-8.50773 88.3701 14.5629 -0.100612 -0.994665 0.0225934
-9.62064 88.4731 14.5177 -0.0850396 -0.996073 0.0243111
-10.703 88.5436 14.5285 -0.0392873 -0.998958 0.0159522
-11.7799 88.5578 14.6347 0.0130612 -0.999772 0.0165198
-12.9362 88.5303 14.6776 0.0562666 -0.998137 0.0234892
-14.1338 88.4547 14.8269 0.0845578 -0.996025 0.0273124
-15.2053 88.3507 15.0285 0.116384 -0.992726 0.0303163
-16.3314 88.197 15.224 0.152157 -0.987871 0.0309022
-17.5394 87.9954 15.5473 0.183559 -0.982553 0.0299102
-18.76 87.7539 15.8825 0.214035 -0.976551 0.023157
-19.9001 87.4886 16.3006 0.245768 -0.969236 0.0125211
-21.0324 87.1781 16.8689 0.281343 -0.959577 0.00526717
-21.965 86.8989 17.3712 0.299118 -0.954203 0.00508244
-22.9166 86.596 17.7517 0.316169 -0.948666 0.00642627
-23.7846 86.3025 18.1277 0.32501 -0.945697 0.00442452
-24.7976 85.9426 18.4462 0.341037 -0.940009 0.00867214
-25.8094 85.5632 18.61 0.361967 -0.932104 0.012701
-26.8796 85.1379 18.7567 0.379475 -0.925182 0.00609092
-27.7932 84.7613 18.8661 0.385918 -0.922529 0.00291017
-28.913 84.2855 18.7891 0.39807 -0.917353 0.00184629
-29.8137 83.8845 18.5999 0.41478 -0.90992 0.000615705
-30.8114 83.4238 18.3999 0.423602 -0.905848 0.000114001
-31.6886 83.0092 18.0824 0.432248 -0.901746 0.00390426
-32.5282 82.6037 17.7081 0.438156 -0.89889 0.00363529
-33.2985 82.2265 17.2367 0.438542 -0.898711 0.000299375
-34.1149 81.8211 16.6362 0.448492 -0.893778 -0.00367458
-34.8774 81.4385 15.9992 0.455373 -0.890292 -0.00379703
-35.6563 81.0452 15.1051 0.457993 -0.888934 -0.00607287
-36.2703 80.7311 14.2713 0.462208 -0.88676 -0.0045204
-36.8213 80.448 13.4056 0.464533 -0.885547 -0.00396808
-37.3183 80.1911 12.4756 0.464246 -0.885701 -0.00306372
-37.7396 79.9688 11.595 0.468622 -0.883396 0.000153986
-38.1157 79.7668 10.4323 0.474944 -0.880008 0.00377651
-38.4276 79.5965 9.43716 0.479144 -0.877732 0.00267608
-38.8159 79.3833 8.36768 0.481104 -0.876662 -0.00141122
-39.1075 79.2204 7.42848 0.486139 -0.873879 0.000474463
-39.2882 79.1175 6.32159 0.488003 -0.872841 -0.000378301
-39.4958 79.0041 5.18573 0.486744 -0.873541 -0.00257693
-39.6404 78.9263 4.02375 0.488723 -0.872438 -0.00111672
-39.6601 78.9185 2.7803 0.489736 -0.871865 -0.00317368
-39.5257 78.9976 1.69348 0.489484 -0.872009 -0.00252159
-39.4013 79.0721 0.696326 0.488508 -0.872545 -0.00506984
-39.1927 79.1978 -0.493078 0.48987 -0.871771 -0.00656479
-39.0197 79.3016 -1.47215 0.489644 -0.871907 -0.00517699
-38.7137 79.4776 -2.57066 0.486628 -0.873601 -0.00366367
-38.3677 79.6769 -3.79031 0.485933 -0.873978 -0.00563606
-38.0167 79.8768 -5.01917 0.480358 -0.877066 -0.0034398
-37.6694 80.0749 -6.17737 0.479874 -0.877308 -0.00711974
-37.3274 80.2695 -7.07319 0.477865 -0.878409 -0.00620352
-36.9288 80.4925 -8.08832 0.475485 -0.879678 -0.00889898
-36.4247 80.7755 -9.19373 0.472107 -0.881486 -0.00979107
-35.8681 81.0843 -10.1257 0.466586 -0.884424 -0.00962175
-35.3327 81.3774 -10.9563 0.461457 -0.887063 -0.0132183
-34.633 81.749 -11.807 0.456813 -0.889489 -0.0114723
-33.9019 82.1312 -12.4249 0.452103 -0.891893 -0.0112046
-33.0954 82.5449 -12.9847 0.448412 -0.893741 -0.0123606
-32.2729 82.9573 -13.4426 0.437319 -0.899234 -0.0113742
-31.2431 83.4552 -13.7954 0.426163 -0.904566 -0.0120206
-30.3807 83.8591 -14.0223 0.414428 -0.909986 -0.0130976
-29.3572 84.3164 -14.1891 0.400456 -0.916219 -0.0127179
-28.3819 84.7361 -14.2989 0.392025 -0.919866 -0.0127379
-27.3974 85.1471 -14.3203 0.379254 -0.925235 -0.010375
-26.3021 85.5856 -14.27 0.365013 -0.930889 -0.0141377
-25.2601 85.9792 -14.0973 0.346366 -0.938029 -0.0114204
-24.0907 86.391 -13.9428 0.323333 -0.946244 -0.0088377
-22.9308 86.7759 -13.8222 0.309201 -0.950981 -0.00552807
-21.7404 87.1491 -13.7077 0.288204 -0.957555 -0.00522082
-20.5603 87.4828 -13.3901 0.266409 -0.963778 -0.0125363
-19.4356 87.7601 -13.1429 0.224469 -0.974341 -0.0165399
-18.5128 87.959 -12.8426 0.198996 -0.979982 -0.000259081
-17.4578 88.1715 -12.4707 0.187298 -0.982261 0.000502339
-16.5081 88.3344 -12.2612 0.160879 -0.986951 0.00668595
-15.5299 88.4644 -12.1492 0.121747 -0.992484 -0.0122407
-14.5253 88.5714 -12.0226 0.100204 -0.994679 -0.0237948
-13.5045 88.6554 -11.8886 0.0680033 -0.997196 -0.0300642
-12.3641 88.7223 -11.8682 0.0383844 -0.998758 -0.0317722
-11.3513 88.7275 -11.9165 -0.0210329 -0.99873 -0.0456975
-10.2683 88.6956 -12.1985 -0.0509709 -0.997623 -0.0463488
-9.09406 88.6225 -12.5132 -0.097855 -0.993987 -0.0491053
-7.99803 88.5033 -12.9202 -0.142741 -0.988555 -0.0488327
-6.8927 88.3541 -13.5551 -0.179897 -0.982377 -0.0507198
-6.0396 88.2061 -14.1315 -0.22267 -0.973774 -0.0467221
-5.03752 87.9934 -14.8778 -0.255915 -0.965576 -0.0462473
-4.05241 87.7561 -15.5041 -0.284428 -0.957525 -0.0473859
-3.18201 87.5131 -15.9741 -0.315278 -0.947921 -0.0452057
-2.15303 87.1942 -16.5519 -0.326651 -0.944562 -0.0330684
-1.27439 86.9012 -17.0895 -0.341138 -0.939639 -0.0264426
-0.413059 86.5933 -17.5403 -0.359766 -0.932609 -0.0283999
0.547274 86.2327 -18.06 -0.381459 -0.924027 -0.0254578
1.60231 85.8057 -18.57 -0.391626 -0.919605 -0.0305089
2.4701 85.4356 -18.8436 -0.408274 -0.912417 -0.0283773
3.34057 85.0442 -19.0783 -0.418594 -0.907958 -0.0197893
4.34186 84.5748 -19.2861 -0.432321 -0.901558 -0.0170605
5.25691 84.1342 -19.4525 -0.438465 -0.898645 -0.0136041
6.2203 83.6554 -19.4527 -0.448543 -0.893712 -0.00896096
7.13497 83.1913 -19.3525 -0.457224 -0.889344 -0.00336985
7.74732 82.8756 -19.1507 -0.458592 -0.888647 -0.000191476
8.0442 82.7232 -20.1006 -0.465878 -0.884839 -0.00382023
7.08274 83.2232 -20.4093 -0.460347 -0.887701 -0.00750559
6.20848 83.6757 -20.4306 -0.449794 -0.893009 -0.0148293
5.25061 84.1587 -20.4271 -0.443111 -0.896145 -0.023784
4.31119 84.614 -20.2564 -0.436272 -0.899411 -0.0267396
3.36153 85.0582 -19.9794 -0.42198 -0.906071 -0.0307165
2.44926 85.4742 -19.7843 -0.418515 -0.907893 -0.023882
1.53789 85.8662 -19.4806 -0.387627 -0.92126 -0.0320123
0.641164 86.2302 -19.1222 -0.385798 -0.922016 -0.0323416
-0.341782 86.609 -18.6158 -0.362572 -0.930997 -0.042253
-1.32257 86.9563 -18.1223 -0.346436 -0.93736 -0.0365644
-2.19659 87.2537 -17.6116 -0.327597 -0.943693 -0.0460877
-3.03622 87.5222 -17.1632 -0.324576 -0.944808 -0.0445969
-4.01758 87.8107 -16.576 -0.289632 -0.954738 -0.0676502
-4.92895 88.0365 -15.9708 -0.276817 -0.958191 -0.072302
-5.74869 88.2178 -15.4416 -0.226347 -0.970536 -0.0825956
-6.60334 88.373 -14.8557 -0.221839 -0.973489 -0.0557242
-7.47506 88.5037 -14.3071 -0.166933 -0.982914 -0.0764658
-8.32418 88.5966 -13.813 -0.135158 -0.989317 -0.0536655
-9.2404 88.6853 -13.4292 -0.093761 -0.993918 -0.0554329
-10.2413 88.7357 -13.1564 -0.0560096 -0.99747 -0.0437888
-11.3362 88.7705 -12.8479 -0.0315095 -0.997548 -0.0624752
-12.3746 88.7503 -12.8118 0.0401263 -0.998638 -0.033304
-13.3626 88.7011 -12.8222 0.0608709 -0.997446 -0.0369308
-14.5276 88.6007 -12.9961 0.110475 -0.993386 -0.0312022
-15.5231 88.4855 -13.0616 0.121305 -0.99165 -0.0417627
-16.5651 88.339 -13.2051 0.165344 -0.985327 -0.0422878
-17.6167 88.1582 -13.5074 0.191457 -0.980919 -0.0332526
-18.6222 87.9577 -13.8208 0.217701 -0.975868 -0.0165569
-19.72 87.7124 -14.1744 0.226885 -0.973755 -0.0180326
-20.636 87.4764 -14.4017 0.274582 -0.961546 -0.00521668
-21.6284 87.1913 -14.6515 0.281866 -0.959361 -0.0123853
-22.7685 86.8396 -14.7809 0.31025 -0.950552 -0.0139961
-23.7706 86.5134 -14.8497 0.316148 -0.948549 -0.0162292
-24.8073 86.1588 -14.9725 0.344043 -0.938668 -0.0216877
-25.8066 85.7862 -15.1377 0.359819 -0.932994 -0.00722406
-26.7582 85.4226 -15.2281 0.360533 -0.932215 -0.0297065
-27.8107 84.9966 -15.2027 0.382828 -0.923431 -0.0259787
-28.8183 84.5699 -15.1934 0.390733 -0.920131 -0.0262028
-29.8374 84.121 -15.0387 0.405096 -0.914 -0.0223705
-30.9108 83.6328 -14.8799 0.423552 -0.905489 -0.0262626
-31.9375 83.1377 -14.5687 0.436119 -0.899733 -0.0167394
-32.9262 82.6512 -14.2039 0.442764 -0.89644 -0.0184667
-33.7027 82.2512 -13.7043 0.451793 -0.891974 -0.0162972
-34.4467 81.863 -13.1717 0.456368 -0.889656 -0.0152399
-35.1888 81.472 -12.4884 0.455501 -0.890171 -0.010575
-35.8689 81.1106 -11.6474 0.456384 -0.889588 -0.0185983
-36.4201 80.8069 -10.8993 0.466349 -0.884441 -0.0167181
-36.9348 80.5159 -10.0871 0.472304 -0.881314 -0.0145558
-37.3598 80.2732 -9.20003 0.475769 -0.87944 -0.015164
-37.8238 80.0073 -8.1524 0.478315 -0.878162 -0.00679968
-38.2423 79.77 -7.13769 0.481947 -0.876154 -0.00878261
-38.5813 79.5719 -6.09199 0.483757 -0.875175 -0.00685878
-38.8838 79.3976 -5.02514 0.486361 -0.873741 -0.00540212
-39.1922 79.2187 -3.89163 0.486473 -0.873678 -0.00559264
-39.4785 79.0538 -2.97009 0.486887 -0.873452 -0.0048308
-39.7231 78.9109 -2.00018 0.487915 -0.872873 -0.00568112
-39.9454 78.7766 -0.903394 0.491812 -0.870672 -0.00708721
-40.1291 78.6654 0.164002 0.491915 -0.870628 -0.00503432
-40.2692 78.5813 1.22169 0.491951 -0.870614 -0.00392928
-40.421 78.4892 2.32513 0.494029 -0.869433 -0.00448381
-40.4504 78.4711 3.34234 0.491748 -0.870734 0.00243802
-40.4517 78.4711 4.35387 0.489046 -0.872257 -0.00127173
-40.278 78.5654 5.69872 0.488353 -0.872636 -0.00399252
-40.065 78.6818 6.74595 0.491924 -0.870632 -2.49397e-05
-39.816 78.8278 7.92495 0.488025 -0.872793 0.00771917
-39.4918 79.0127 8.94099 0.480918 -0.876762 0.002472
-39.1621 79.1977 9.95351 0.478221 -0.878216 0.00638767
-38.8358 79.3817 11.0021 0.473466 -0.880798 0.00493069
-38.4472 79.5957 12.0316 0.467433 -0.884023 0.002972
-38.0471 79.8066 12.8942 0.466113 -0.884723 -0.00184627
-37.5188 80.0793 13.9486 0.466478 -0.884521 -0.00447286
-36.9346 80.3828 14.8521 0.459064 -0.888386 -0.00444764
-36.2965 80.7097 15.7181 0.464196 -0.885722 -0.00397109
-35.4908 81.1222 16.595 0.456264 -0.889838 -0.0032274
-34.6857 81.5355 17.3447 0.449166 -0.893417 0.00685796
-33.9442 81.9087 17.9435 0.445544 -0.895201 0.0100722
-33.1497 82.3019 18.4512 0.439562 -0.898208 0.0028151
-32.2208 82.7575 18.8644 0.43601 -0.899897 0.00852502
-31.3701 83.1649 19.2342 0.425445 -0.904966 0.00557605
-30.3555 83.6393 19.5093 0.420501 -0.907287 0.00308186
-29.2255 84.1549 19.6991 0.4024 -0.91543 0.00772251
-28.1811 84.6043 19.7883 0.393128 -0.919477 0.00356316
-27.2401 84.9991 19.7562 0.380316 -0.924807 0.00941797
-26.3011 85.3802 19.6413 0.374799 -0.927032 0.0117209
-25.2907 85.7771 19.5129 0.3495 -0.936711 0.0180749
-24.3198 86.1261 19.2674 0.34498 -0.938431 0.0183451
-23.1881 86.5202 18.8993 0.329766 -0.943747 0.0242603
-22.2706 86.822 18.4925 0.313487 -0.949175 0.0279989
-21.1984 87.1459 17.9994 0.281714 -0.959141 0.0262054
-20.1166 87.4454 17.4766 0.27116 -0.962084 0.0283649
-19.1799 87.6824 17.0625 0.242885 -0.969845 0.0179148
-18.0715 87.9234 16.6596 0.198208 -0.979634 0.0316453
-17.1051 88.099 16.3644 0.178432 -0.983757 0.0193149
-16.079 88.2659 16.1099 0.145733 -0.988696 0.0347105
-14.9145 88.4091 15.9057 0.119101 -0.992565 0.0250672
-13.928 88.5128 15.7058 0.0904806 -0.994245 0.0554537
-12.8964 88.5598 15.5738 0.0265927 -0.998488 0.0471295
-11.7782 88.5811 15.5555 0.0167745 -0.999449 0.0286427
-10.6575 88.5683 15.4858 -0.0522119 -0.997992 0.0338012
-9.55111 88.5001 15.4931 -0.0599411 -0.997514 0.0370542
-8.42989 88.4018 15.5055 -0.10686 -0.992556 0.0583795
-7.42849 88.2735 15.5284 -0.141145 -0.989096 0.0420167
-6.43526 88.1208 15.5803 -0.18577 -0.981336 0.0496853
-5.46825 87.9404 15.698 -0.205911 -0.976977 0.0557892
-4.31288 87.6874 15.9308 -0.237729 -0.969956 0.0515407
-3.33936 87.4281 16.2384 -0.275363 -0.960892 0.029328
-2.35988 87.1489 16.5619 -0.299565 -0.953736 0.0241723
-1.44316 86.8673 17.0123 -0.305569 -0.951737 0.0286956
-0.57497 86.5873 17.3712 -0.333412 -0.942054 0.0370079
0.374581 86.2461 17.7319 -0.357585 -0.933558 0.0245316
1.27138 85.9105 18.0511 -0.361371 -0.932068 0.0255932
2.28849 85.5056 18.2559 -0.382686 -0.923669 0.0196896
3.27202 85.0997 18.3586 -0.391513 -0.919817 0.0248988
4.23246 84.6862 18.5389 -0.406239 -0.913318 0.0286023
5.30117 84.2056 18.6004 -0.417349 -0.908502 0.0204356
6.2854 83.7493 18.6742 -0.424532 -0.905124 0.0228004
7.17338 83.3213 18.6543 -0.435619 -0.900077 0.00861063
8.22563 82.8148 18.5925 -0.437287 -0.899317 0.0029453
9.13073 82.3747 18.4987 -0.437597 -0.89917 0.00119419
10.0383 81.9278 18.2084 -0.445087 -0.895476 0.00416283
11.0009 81.4386 17.8195 -0.452121 -0.891949 0.00360132
11.84 81.0102 17.2576 -0.455598 -0.890182 0.00245734
12.7109 80.5615 16.4588 -0.458336 -0.888778 0.00138138
13.3393 80.2354 15.5798 -0.458997 -0.888437 0.000892557
13.9048 79.9384 14.5081 -0.461187 -0.887294 0.00397379
14.3137 79.7198 13.6076 -0.46622 -0.88466 0.00384369
14.7414 79.4902 12.6496 -0.467118 -0.884192 0.00235257
15.0967 79.2978 11.6717 -0.47014 -0.882577 0.00517099
15.4289 79.1151 10.6944 -0.470228 -0.882531 0.00505313
15.7151 78.9534 9.60853 -0.472936 -0.88106 0.00805623
15.9229 78.8333 8.64881 -0.472864 -0.881086 0.00924338
16.0995 78.7257 7.63738 -0.474695 -0.880056 0.0126704
16.2656 78.6177 6.46051 -0.47732 -0.87863 0.0132204
16.3715 78.5427 5.34594 -0.479852 -0.87725 0.0131887
16.4445 78.4862 4.33072 -0.480594 -0.876784 0.0167179
16.4983 78.4329 3.13807 -0.487842 -0.872782 0.0161936
16.5682 78.3776 2.14763 -0.488822 -0.872302 0.0118791
16.5524 78.3729 1.08358 -0.486436 -0.873674 0.0085735
16.5371 78.3683 -0.161693 -0.486464 -0.873629 0.0112033
16.5413 78.3504 -1.31577 -0.488488 -0.872496 0.0114177
16.4917 78.3648 -2.32751 -0.487554 -0.873017 0.0114899
16.4369 78.3806 -3.4834 -0.487219 -0.873209 0.0111378
16.363 78.4088 -4.51634 -0.487724 -0.872914 0.0120867
16.2554 78.449 -5.73329 -0.493184 -0.869797 0.0147249
16.0551 78.5473 -6.83706 -0.494854 -0.868909 0.0105681
15.7796 78.695 -7.93035 -0.48533 -0.874301 0.0072284
15.4841 78.8489 -8.93575 -0.484612 -0.874677 0.00947289
15.1564 79.0175 -9.95259 -0.482167 -0.875999 0.0118425
14.7983 79.2008 -11.0138 -0.481763 -0.876234 0.0108609
14.3938 79.4096 -12.0387 -0.480509 -0.876924 0.0106999
13.9354 79.6469 -13.0727 -0.477186 -0.87874 0.0104316
13.5028 79.869 -13.9518 -0.474672 -0.880036 0.0149496
13.0231 80.113 -14.844 -0.477472 -0.878538 0.0138691
12.4861 80.3893 -15.7174 -0.476823 -0.878848 0.016288
11.9847 80.6468 -16.5224 -0.478132 -0.878128 0.0167469
11.4066 80.9479 -17.3168 -0.480489 -0.876912 0.0119569
10.7358 81.3044 -18.1649 -0.47183 -0.881664 0.00649562
9.97165 81.7061 -18.9451 -0.468197 -0.883612 0.00454923
9.23255 82.0944 -19.542 -0.468344 -0.883537 0.00396804
8.32671 82.573 -19.9687 -0.468278 -0.883578 -0.00182832
8.23834 82.6201 -20.0137 -0.468178 -0.883624 -0.00418149
