10.4089 82.1663 -14.1038 -0.469299 -0.88293 0.0138868
9.48086 82.6401 -15.1358 -0.462889 -0.886385 0.00702794
8.56688 83.104 -16.1514 -0.459807 -0.888002 0.00534512
7.72672 83.5332 -17.0954 -0.454328 -0.890834 0.00104427
6.23279 84.2883 -17.5615 -0.443203 -0.896419 -0.00117142
7.05189 83.8775 -16.5681 -0.44882 -0.893613 -0.000325353
7.90997 83.4441 -15.6494 -0.453437 -0.891283 0.00306077
8.71551 83.0403 -14.7319 -0.458139 -0.888829 0.00953254
9.71918 82.5369 -13.6415 -0.458653 -0.888522 0.0128459
10.6059 82.0846 -12.587 -0.468495 -0.883367 0.0130911
11.4218 81.6641 -11.6605 -0.470461 -0.882324 0.0131026
11.7775 81.4791 -11.2807 -0.472292 -0.881356 0.0122741
12.4354 81.1518 -9.32159 -0.473051 -0.880951 0.0121775
11.5823 81.5964 -10.2592 -0.470226 -0.882497 0.00928512
10.6627 82.0742 -11.2344 -0.467899 -0.883709 0.0111964
9.73568 82.5475 -12.2906 -0.463628 -0.885948 0.0118373
8.91866 82.9555 -13.2603 -0.456761 -0.889505 0.0121944
7.85063 83.4859 -14.4494 -0.450472 -0.892728 0.0105909
6.94341 83.9325 -15.4593 -0.442138 -0.896946 0.00086564
5.93662 84.4307 -16.5702 -0.439209 -0.898359 -0.00439145
5.24179 84.7694 -17.4238 -0.432026 -0.901847 -0.0050253
4.14507 85.2855 -17.3151 -0.416289 -0.909158 -0.0116181
5.03552 84.8592 -16.3213 -0.427133 -0.904159 -0.00715033
5.84807 84.4704 -15.3861 -0.433626 -0.901064 -0.0024769
6.82369 83.9989 -14.3273 -0.442017 -0.896959 0.00919856
7.68162 83.5827 -13.389 -0.445515 -0.895197 0.0117957
8.64238 83.1101 -12.2695 -0.454393 -0.89075 0.00955392
9.55903 82.6505 -11.2361 -0.459859 -0.887959 0.00734184
10.3433 82.2513 -10.2928 -0.460538 -0.887598 0.00866877
11.2321 81.794 -9.38339 -0.470097 -0.882525 0.0125707
12.1144 81.336 -8.42277 -0.473138 -0.880928 0.0102497
13.1578 80.7837 -7.30924 -0.477231 -0.878732 0.00893634
13.2311 80.7448 -7.2307 -0.477425 -0.878619 0.00970471
13.6472 80.5377 -5.53192 -0.479297 -0.877589 0.0105474
12.7533 81.0128 -6.5235 -0.477874 -0.878368 0.0103253
11.8908 81.4692 -7.41554 -0.475519 -0.879625 0.0119353
11.056 81.9006 -8.35412 -0.467815 -0.883723 0.0134166
10.188 82.3464 -9.21616 -0.463541 -0.886002 0.0113643
9.36926 82.7588 -10.1696 -0.457148 -0.889316 0.0113666
8.38191 83.2531 -11.2954 -0.452385 -0.891766 0.00922041
7.54981 83.66 -12.2458 -0.443989 -0.896005 0.00696849
6.73032 84.0557 -13.1674 -0.434895 -0.900444 0.00810053
5.76886 84.5127 -14.1948 -0.431805 -0.901939 0.00638323
4.75457 84.9888 -15.336 -0.426772 -0.904355 -0.00160748
3.88879 85.3939 -16.3256 -0.418434 -0.908221 -0.00683228
3.27321 85.6789 -16.958 -0.414249 -0.910108 -0.00956833
2.32912 86.0906 -16.6944 -0.396397 -0.918019 -0.0103721
3.2298 85.6854 -15.781 -0.404 -0.914712 -0.00804383
4.04389 85.3167 -14.8535 -0.414864 -0.909875 -0.00389072
4.95643 84.899 -13.8171 -0.422377 -0.906408 0.00305789
5.79818 84.5072 -12.9436 -0.433732 -0.901003 0.00839899
6.62313 84.1171 -12.0403 -0.437738 -0.899026 0.0114434
7.52042 83.6898 -10.9641 -0.44696 -0.894448 0.0137367
8.39091 83.2618 -10.0097 -0.453962 -0.890957 0.0105524
9.18232 82.8695 -9.09817 -0.454657 -0.890585 0.0120154
9.99235 82.4636 -8.18313 -0.465183 -0.885094 0.0146014
10.9074 81.9962 -7.28096 -0.466563 -0.884424 0.0106484
11.7959 81.5346 -6.29043 -0.470161 -0.882537 0.00879969
12.6058 81.1072 -5.40723 -0.477529 -0.878555 0.0102568
13.4719 80.6466 -4.47697 -0.479949 -0.87723 0.0107835
13.7367 80.5048 -4.1965 -0.480616 -0.876866 0.010683
13.71 80.537 -2.92344 -0.479641 -0.877392 0.0112266
12.864 80.985 -3.8817 -0.476444 -0.879113 0.0126091
12.0225 81.4284 -4.79261 -0.472053 -0.881506 0.0105985
11.1132 81.9025 -5.79543 -0.468973 -0.883174 0.00819233
10.1416 82.4022 -6.85791 -0.462704 -0.886476 0.00816029
9.27373 82.8388 -7.70381 -0.45589 -0.889986 0.00942877
8.46891 83.2393 -8.64393 -0.452848 -0.891498 0.0124628
7.6672 83.6312 -9.54686 -0.448976 -0.893504 0.00845215
6.79563 84.0558 -10.5388 -0.443528 -0.89619 0.0111932
5.91345 84.4663 -11.5563 -0.426398 -0.904458 0.0118315
4.92055 84.9238 -12.5975 -0.424475 -0.905417 0.00604285
3.95902 85.3579 -13.634 -0.413212 -0.91063 0.00290001
3.09565 85.7418 -14.6176 -0.39846 -0.917165 -0.00340724
2.09277 86.1796 -15.6986 -0.38793 -0.921599 -0.0127481
1.43874 86.4646 -16.385 -0.377459 -0.925942 -0.0115314
0.578561 86.8034 -16.0092 -0.367281 -0.929984 -0.0147865
1.4706 86.4343 -15.0891 -0.373312 -0.927626 -0.0117235
2.34397 86.0636 -14.1781 -0.389828 -0.920872 -0.00228432
3.2529 85.6694 -13.1285 -0.403545 -0.914959 -0.000270225
4.09497 85.2982 -12.2215 -0.405845 -0.91394 0.00137665
5.14508 84.8323 -11.0974 -0.417726 -0.908543 0.0070906
6.13164 84.3839 -9.96174 -0.425699 -0.904814 0.00944776
7.06584 83.9371 -8.94141 -0.441717 -0.897121 0.00670282
7.99789 83.4836 -7.89333 -0.447922 -0.894042 0.00710687
9.01548 82.983 -6.74499 -0.452024 -0.891909 0.0130878
9.93381 82.5213 -5.81873 -0.461919 -0.886866 0.0100045
10.8635 82.0444 -4.81666 -0.46752 -0.88391 0.0113337
11.6492 81.6393 -3.90234 -0.4694 -0.882916 0.0110591
12.5238 81.1805 -3.04282 -0.474718 -0.880054 0.0121831
13.4612 80.6859 -1.9309 -0.47889 -0.877799 0.0114828
13.8285 80.4888 -1.55007 -0.481702 -0.876283 0.00953809
13.8774 80.4763 -0.269516 -0.483903 -0.875065 0.00993424
12.9951 80.9491 -1.19797 -0.475745 -0.879489 0.0128499
12.1157 81.4096 -2.18819 -0.471498 -0.881807 0.0102535
11.0627 81.9582 -3.27903 -0.468337 -0.883483 0.0108943
10.2362 82.3808 -4.22159 -0.461901 -0.886887 0.00889541
9.32525 82.8446 -5.21283 -0.459692 -0.888028 0.0092752
8.43914 83.2843 -6.1153 -0.451909 -0.891967 0.0131356
7.59968 83.6919 -7.05419 -0.445736 -0.895053 0.0138509
6.73002 84.1063 -8.08246 -0.435577 -0.900123 0.00651468
5.76549 84.5634 -9.07378 -0.426417 -0.904484 0.00442041
4.95933 84.9282 -10.0192 -0.413245 -0.910573 0.00911604
4.02473 85.3388 -11.0455 -0.40333 -0.915024 0.00717593
3.15478 85.7116 -11.9595 -0.397784 -0.917472 0.00226723
2.20312 86.117 -13.0151 -0.384161 -0.92326 0.00336762
1.25036 86.5104 -14.028 -0.373233 -0.927719 -0.00591387
0.354637 86.8723 -14.9876 -0.36303 -0.931701 -0.011857
-0.176786 87.0851 -15.5313 -0.356865 -0.933998 -0.0171568
-0.876137 87.3307 -14.9873 -0.337396 -0.941067 -0.0235355
-0.0187739 87.0018 -14.0904 -0.343087 -0.939249 -0.0101319
0.973554 86.6141 -13.0639 -0.364492 -0.931205 0.00144422
1.87075 86.2546 -12.0587 -0.374344 -0.927285 -0.00282075
2.78331 85.8764 -11.1232 -0.395843 -0.918305 0.00487954
3.64368 85.511 -10.1624 -0.399723 -0.916616 0.00610378
4.71562 85.0433 -9.00184 -0.412185 -0.911094 0.00097377
5.54513 84.6696 -8.08367 -0.422179 -0.906482 0.00636626
6.54718 84.2054 -6.96546 -0.429097 -0.903216 0.0086091
7.39713 83.8033 -6.01285 -0.439473 -0.898192 0.0107343
8.22719 83.4036 -5.11482 -0.448105 -0.893942 0.00824544
9.15967 82.9385 -4.14505 -0.454608 -0.890667 0.00663065
10.1034 82.4639 -3.11235 -0.459393 -0.888143 0.012645
11.1832 81.9097 -1.94132 -0.468433 -0.883447 0.00954967
12.1496 81.4075 -0.866049 -0.470335 -0.882419 0.0109991
12.9903 80.9679 0.0590222 -0.472689 -0.881201 0.00701929
13.8804 80.4881 0.940238 -0.481559 -0.87637 0.00816449
13.9257 80.4715 2.19097 -0.478422 -0.878083 0.00904285
12.9902 80.9735 1.26329 -0.47379 -0.880622 0.00518925
12.0865 81.4495 0.361112 -0.466238 -0.88465 0.00402604
11.1785 81.9224 -0.688392 -0.465924 -0.884812 0.00476249
10.3218 82.3666 -1.62846 -0.458319 -0.88878 0.00319943
9.48632 82.7906 -2.53336 -0.453138 -0.891414 0.00589475
8.51122 83.2694 -3.57415 -0.443015 -0.896481 0.00747814
7.46401 83.784 -4.68824 -0.441479 -0.897265 0.00337925
6.58618 84.1988 -5.68976 -0.428965 -0.903285 0.00798912
5.53768 84.6842 -6.80721 -0.427025 -0.904195 0.00901463
4.70833 85.0529 -7.71757 -0.410473 -0.911857 0.0052414
3.62266 85.5249 -8.91389 -0.399258 -0.916837 0.00162844
2.79478 85.878 -9.83111 -0.390103 -0.920771 -8.18437e-05
1.89224 86.2527 -10.7898 -0.379352 -0.925248 0.0022655
0.939163 86.6298 -11.7757 -0.366676 -0.93034 0.00364054
0.0517864 86.965 -12.7178 -0.349078 -0.937066 -0.0072146
-0.851954 87.299 -13.7012 -0.335842 -0.941821 -0.0127977
-1.73129 87.6257 -14.6121 -0.334642 -0.942029 -0.0244238
-1.82467 87.6615 -14.7106 -0.332994 -0.942622 -0.0239719
-2.56681 87.8969 -14.213 -0.292543 -0.955586 -0.0356737
-1.53281 87.5302 -13.1339 -0.329438 -0.944093 -0.0126175
-0.704763 87.2313 -12.1942 -0.329278 -0.944172 -0.0104142
0.342114 86.8586 -11.1371 -0.331194 -0.943555 -0.00216597
1.27252 86.5017 -10.1804 -0.359347 -0.933203 -0.0012922
2.2486 86.1087 -9.11553 -0.379175 -0.925286 0.000751358
3.11999 85.7429 -8.18041 -0.388621 -0.921384 0.0030395
4.05823 85.3461 -7.16768 -0.402999 -0.915178 0.00602376
4.87217 84.9886 -6.25189 -0.405812 -0.913915 0.00813674
5.78998 84.5777 -5.31146 -0.420528 -0.907268 0.00464302
6.6681 84.1666 -4.29357 -0.430012 -0.902821 0.000312533
7.57363 83.7334 -3.30595 -0.437047 -0.899399 0.00819795
8.49251 83.2905 -2.34909 -0.442743 -0.896612 0.00771698
9.35679 82.8628 -1.41584 -0.45123 -0.892392 0.00299459
10.1925 82.439 -0.505616 -0.455511 -0.890218 0.0042591
11.0491 81.9965 0.462163 -0.465773 -0.884893 0.00446813
11.8785 81.565 1.3649 -0.467918 -0.883763 0.00391797
12.8415 81.0577 2.30039 -0.469758 -0.882776 0.00584035
13.7967 80.5525 3.25977 -0.474701 -0.880122 0.0066286
13.7702 80.577 4.48968 -0.474453 -0.880231 0.00932247
12.8308 81.0729 3.47794 -0.468798 -0.883267 0.00761495
11.9233 81.5476 2.60369 -0.468395 -0.883503 0.00521819
11.008 82.0233 1.66894 -0.463171 -0.886267 0.00190447
10.156 82.4633 0.713329 -0.454813 -0.890576 0.00435932
9.317 82.8859 -0.229907 -0.450498 -0.892772 0.00292264
8.34314 83.3701 -1.25865 -0.445225 -0.895413 0.00248772
7.50622 83.7748 -2.12569 -0.437776 -0.899061 0.00639675
6.61131 84.1987 -3.06854 -0.433083 -0.901327 0.00694071
5.78669 84.5865 -4.00406 -0.428415 -0.903572 0.0040596
4.94971 84.9657 -4.96756 -0.404904 -0.914348 0.00344534
3.88021 85.4279 -6.04092 -0.397353 -0.917663 -0.000629565
3.04229 85.7886 -7.017 -0.386761 -0.922088 0.0111742
2.17929 86.1347 -7.91887 -0.382162 -0.924082 0.00148668
1.14208 86.5503 -9.04328 -0.361636 -0.932252 -0.00555802
0.21957 86.9022 -9.99732 -0.347073 -0.937776 -0.00687355
-0.693751 87.2208 -10.9377 -0.327546 -0.944829 -0.00323704
-1.58751 87.5343 -11.8647 -0.324884 -0.945743 -0.00351023
-2.60621 87.8786 -12.978 -0.296331 -0.95486 -0.0207604
-3.39135 88.1373 -13.8047 -0.282075 -0.959101 -0.0212183
-3.90422 88.2614 -13.0549 -0.267402 -0.963384 -0.0195257
-2.89151 87.9588 -12.0029 -0.295281 -0.955304 -0.00763295
-2.05182 87.6803 -11.0719 -0.305817 -0.952055 -0.00820927
-1.15883 87.3793 -10.1519 -0.326227 -0.945289 -0.0017354
-0.129122 87.0222 -9.10163 -0.336259 -0.941705 -0.00649886
0.765334 86.6935 -8.15758 -0.351672 -0.936077 0.00876978
1.70065 86.3329 -7.16763 -0.373239 -0.92769 0.00910889
2.57606 85.9847 -6.25724 -0.382457 -0.92397 0.00217583
3.5361 85.5786 -5.16221 -0.395798 -0.918336 0.00162527
4.53559 85.1526 -4.14462 -0.403985 -0.914756 0.00346191
5.4943 84.7244 -3.04687 -0.422789 -0.906226 0.00188107
6.37123 84.3158 -2.05594 -0.42549 -0.904963 0.000606837
7.3788 83.8504 -1.04172 -0.426689 -0.904372 0.00244864
8.33671 83.3783 -0.0189225 -0.447611 -0.894215 0.00477657
9.13715 82.9824 0.884428 -0.447643 -0.894201 0.0045801
10.0127 82.5404 1.82832 -0.455098 -0.890438 0.00230795
11.031 82.0192 2.92119 -0.458137 -0.888876 0.0030978
12.069 81.4778 3.89891 -0.465361 -0.885102 0.0054893
12.954 81.0197 4.82776 -0.468314 -0.883512 0.00939721
13.6465 80.6564 5.57416 -0.474218 -0.88032 0.012404
13.3662 80.8186 6.50464 -0.473524 -0.880737 0.00856202
12.3836 81.3259 5.45069 -0.463776 -0.885898 0.00975466
11.4916 81.785 4.5149 -0.463075 -0.886291 0.00701839
10.4868 82.3014 3.58355 -0.457274 -0.889319 0.00338838
9.60065 82.7522 2.64633 -0.454005 -0.890995 0.00257494
8.70232 83.201 1.63141 -0.445327 -0.895367 0.00120787
7.79315 83.6529 0.671308 -0.4449 -0.895562 0.00530027
6.94279 84.0599 -0.247842 -0.428237 -0.903622 0.00671454
6.0478 84.4712 -1.16477 -0.418321 -0.908296 0.00248096
5.17897 84.8697 -2.11417 -0.416886 -0.908954 -0.00278448
4.29072 85.2621 -3.114 -0.400876 -0.916129 0.00180274
3.28582 85.6866 -4.15674 -0.388475 -0.921451 0.000602208
2.45214 86.0386 -5.09353 -0.384005 -0.923328 0.00120147
1.53572 86.4074 -6.09342 -0.363289 -0.931658 0.00430608
0.527313 86.7904 -7.11309 -0.353675 -0.935333 0.00784825
-0.357529 87.1066 -8.05277 -0.335252 -0.942082 0.00876471
-1.23791 87.4076 -8.9524 -0.328087 -0.944646 0.00151515
-2.17431 87.7109 -9.92796 -0.306296 -0.951919 -0.00563157
-3.05306 87.9894 -10.8717 -0.283373 -0.95858 -0.0281309
-3.94715 88.2559 -11.8177 -0.258538 -0.965907 -0.0130705
-4.82065 88.4985 -12.7032 -0.231879 -0.972366 -0.024868
-5.58145 88.6563 -12.2035 -0.210726 -0.977281 -0.0226492
-4.59334 88.4066 -11.1876 -0.236884 -0.971366 -0.0180652
-3.70354 88.1668 -10.2905 -0.266333 -0.963856 -0.00519653
-2.65314 87.8624 -9.14747 -0.287903 -0.957562 0.00488134
-1.73957 87.5814 -8.21271 -0.315307 -0.948955 0.0062228
-0.781187 87.2623 -7.22892 -0.326103 -0.945297 0.000687869
0.10667 86.9492 -6.3005 -0.33869 -0.940805 -0.00954783
1.0993 86.5769 -5.29527 -0.360979 -0.932574 0.000395437
2.09118 86.1883 -4.20923 -0.377271 -0.926046 -0.00352274
3.04212 85.7885 -3.17218 -0.380846 -0.924636 0.00129523
3.87771 85.4443 -2.27483 -0.395531 -0.91845 0.00208212
4.74548 85.0663 -1.3295 -0.411806 -0.911261 -0.00162367
5.81254 84.5831 -0.174166 -0.417697 -0.908576 0.00438455
6.71904 84.1676 0.754648 -0.424235 -0.905546 0.00320176
7.56271 83.7656 1.63022 -0.43946 -0.898243 -0.00578451
8.45396 83.3279 2.64069 -0.44572 -0.895162 0.00429916
9.37258 82.8699 3.65593 -0.450415 -0.89281 0.00414232
10.3806 82.3623 4.65297 -0.458018 -0.888923 0.00591827
11.3376 81.8733 5.53932 -0.460951 -0.887399 0.00688501
12.1622 81.4529 6.42666 -0.462173 -0.886755 0.00736849
13.0359 81.0007 7.41329 -0.46498 -0.885312 0.00387301
13.2934 80.8666 7.66585 -0.466666 -0.884421 0.00468333
13.004 81.0252 8.6182 -0.46593 -0.884794 0.00696419
12.1142 81.4835 7.66912 -0.460354 -0.887729 0.00337809
11.3271 81.8866 6.75754 -0.459203 -0.888317 0.00492848
10.3772 82.373 5.78195 -0.459701 -0.888038 0.00780531
9.27439 82.9255 4.79092 -0.451398 -0.8923 0.00639411
8.43341 83.343 3.87935 -0.443126 -0.896455 0.00150868
7.57013 83.7593 2.88423 -0.436803 -0.899552 0.00233164
6.63838 84.2076 1.89189 -0.423852 -0.905729 -0.00204834
5.77301 84.6059 1.00589 -0.414787 -0.909907 0.00443843
4.85736 85.0168 0.0732171 -0.406596 -0.913599 0.0038
3.86127 85.4524 -0.987386 -0.39623 -0.918151 -0.00018882
2.9654 85.8279 -1.98609 -0.379426 -0.925191 0.00747286
1.97042 86.2253 -3.05135 -0.368278 -0.929714 -0.000949609
0.968498 86.6263 -4.1624 -0.358554 -0.933504 -0.00160758
0.0168138 86.9767 -5.15292 -0.337712 -0.941225 0.00663327
-0.997949 87.3309 -6.17226 -0.317914 -0.948113 -0.00349156
-1.97496 87.6611 -7.18181 -0.310982 -0.950398 -0.00258603
-2.96196 87.9666 -8.16072 -0.270918 -0.962583 -0.00419367
-3.92665 88.2204 -9.20043 -0.265934 -0.963972 -0.00581954
-4.92708 88.4708 -10.2429 -0.224588 -0.974435 4.45281e-05
-5.8901 88.6953 -11.2112 -0.200337 -0.979492 -0.0214311
-6.4179 88.8162 -11.7246 -0.193445 -0.980627 -0.029608
-7.26499 88.9501 -11.2714 -0.169832 -0.984949 -0.0321141
-6.28352 88.7503 -10.3274 -0.182028 -0.982923 -0.0264692
-5.31691 88.5472 -9.36777 -0.211638 -0.977198 -0.0162498
-4.4494 88.3414 -8.43302 -0.223934 -0.9746 -0.00127012
-3.46325 88.0996 -7.38925 -0.263536 -0.964615 -0.00508242
-2.55804 87.8379 -6.47877 -0.281001 -0.9597 -0.00371916
-1.68211 87.5517 -5.57406 -0.309804 -0.950791 0.00178348
-0.708872 87.2332 -4.61882 -0.321503 -0.946908 2.11605e-05
0.252693 86.8885 -3.64042 -0.337129 -0.94144 -0.00436323
1.11505 86.5646 -2.7073 -0.357702 -0.933814 -0.00377188
1.96294 86.2355 -1.79355 -0.367473 -0.930003 0.00688373
2.80911 85.8987 -0.871139 -0.379276 -0.925266 0.00521234
3.70299 85.5244 0.081613 -0.395815 -0.918313 0.00562527
4.57629 85.1454 1.05742 -0.408033 -0.912962 0.00297593
5.58034 84.698 2.05955 -0.413471 -0.910505 0.00285995
6.52724 84.2562 3.02387 -0.42258 -0.90632 -0.000925556
7.50297 83.7994 4.10021 -0.42735 -0.904085 0.00146045
8.31622 83.4038 5.03352 -0.440819 -0.897589 0.00323979
9.35775 82.8921 6.01308 -0.448661 -0.893694 0.00387226
10.3203 82.4057 6.90377 -0.455443 -0.890264 0.00119712
11.1653 81.976 7.83119 -0.45995 -0.887929 0.0053612
12.0176 81.5402 8.8207 -0.460032 -0.887885 0.00546986
12.9088 81.0823 9.73076 -0.461366 -0.887203 0.00365301
12.5996 81.2464 10.6497 -0.460653 -0.887575 0.00312981
11.6303 81.7455 9.65068 -0.459241 -0.888304 0.00380197
10.7982 82.1706 8.69517 -0.455862 -0.890031 0.00479108
9.96669 82.5896 7.75781 -0.453324 -0.891333 0.00454672
9.0802 83.0336 6.91572 -0.447196 -0.894435 0.00145579
8.0989 83.5158 6.02345 -0.438663 -0.898642 0.00325578
7.2575 83.9189 5.13663 -0.426107 -0.904664 0.00391577
6.3304 84.3513 4.04301 -0.422117 -0.906535 0.00340911
5.31661 84.8168 2.99394 -0.415661 -0.909516 -0.00226198
4.33709 85.2566 2.04153 -0.408706 -0.912655 0.004474
3.32911 85.6878 0.967701 -0.392219 -0.919856 0.0047083
2.49013 86.0317 0.0535762 -0.374005 -0.927421 0.00320033
1.64236 86.3656 -0.884271 -0.361968 -0.932176 0.00513259
0.742326 86.7073 -1.85186 -0.353674 -0.935358 0.0035625
-0.259545 87.0723 -2.90106 -0.335168 -0.942148 0.00453449
-1.23127 87.4094 -3.88591 -0.315925 -0.948777 -0.00364376
-2.12146 87.6883 -4.76418 -0.288727 -0.95741 -0.00143648
-3.11758 87.9936 -5.7732 -0.267057 -0.963588 -0.0126849
-4.09471 88.2568 -6.74165 -0.240638 -0.9706 0.00361993
-5.1188 88.4915 -7.86944 -0.214669 -0.97668 -0.00249493
-6.00435 88.6794 -8.81264 -0.190168 -0.981733 0.00278199
-6.93492 88.8557 -9.68459 -0.160401 -0.987045 0.00236574
-7.89906 89.031 -10.6507 -0.13802 -0.989933 -0.03098
-8.25753 89.0886 -10.9888 -0.130876 -0.99071 -0.0369487
-8.96109 89.157 -10.3929 -0.0824682 -0.996231 -0.0249522
-7.88792 89.0085 -9.36132 -0.146382 -0.989195 0.000128497
-6.96078 88.8598 -8.48833 -0.16812 -0.985718 -0.00655279
-5.96293 88.6766 -7.47151 -0.199493 -0.979733 0.008914
-5.09685 88.4941 -6.50133 -0.215906 -0.976346 0.0092384
-4.09691 88.2534 -5.49457 -0.256305 -0.966219 -0.0269858
-3.0087 87.9522 -4.40308 -0.266237 -0.963873 -0.000735695
-2.04808 87.674 -3.44167 -0.292138 -0.95635 -0.00242884
-1.14011 87.3842 -2.53305 -0.307645 -0.95142 0.0124689
-0.0368053 87.0035 -1.41863 -0.349025 -0.937078 0.00776561
0.950284 86.6339 -0.347849 -0.356419 -0.934324 -1.5505e-05
1.9217 86.2608 0.7203 -0.367769 -0.929913 -0.00277379
2.79119 85.917 1.67421 -0.374523 -0.927186 0.00340624
3.68825 85.5459 2.62304 -0.394372 -0.91892 0.00167835
4.62336 85.1332 3.50045 -0.408679 -0.912674 0.000923319
5.68282 84.6516 4.59756 -0.417618 -0.908613 0.00409016
6.65116 84.2061 5.75875 -0.425111 -0.905138 0.00257264
7.56402 83.7763 6.71331 -0.434791 -0.900531 0.000423234
8.60486 83.2717 7.63632 -0.441604 -0.897201 0.00140272
9.54847 82.804 8.54128 -0.446838 -0.894611 0.00279404
10.47 82.3414 9.61555 -0.451471 -0.892276 0.00419257
11.3647 81.8855 10.6011 -0.459363 -0.888245 0.00232511
12.1258 81.4935 11.3573 -0.459248 -0.888307 0.0013958
11.8964 81.6128 12.3193 -0.457403 -0.889258 -0.0002814
10.993 82.0763 11.4422 -0.454663 -0.890663 -0.000830278
10.0922 82.5349 10.467 -0.450517 -0.892765 0.00181156
9.12238 83.0188 9.33039 -0.445049 -0.895506 0.000605664
8.21906 83.4631 8.44026 -0.439726 -0.898125 0.00344924
7.08804 84.0019 7.44632 -0.429428 -0.903093 0.0011254
6.03675 84.4948 6.33766 -0.416988 -0.908905 -0.000375198
5.09154 84.9261 5.22253 -0.411853 -0.911222 0.00548581
4.10334 85.3609 4.1752 -0.401503 -0.915857 -0.00097653
3.13287 85.7786 3.28716 -0.381922 -0.924192 0.00207485
2.10378 86.1932 2.24889 -0.365849 -0.930643 0.00759522
1.13798 86.5621 1.17007 -0.354544 -0.935029 0.00317274
0.203555 86.9119 0.169404 -0.341399 -0.939918 -0.000267342
-0.835071 87.2921 -0.988565 -0.327565 -0.944793 -0.00791039
-1.94997 87.6518 -2.08439 -0.298366 -0.954319 0.0127223
-3.05216 87.9664 -3.16766 -0.264234 -0.964277 0.00975574
-4.01475 88.2247 -4.15235 -0.23762 -0.971274 0.0018464
-4.96909 88.4482 -5.07763 -0.215779 -0.976391 -0.00896211
-5.86162 88.6529 -6.00893 -0.200214 -0.979725 -0.00486427
-6.82503 88.8302 -7.09176 -0.168665 -0.985652 0.00645645
-7.76962 88.9861 -8.038 -0.154756 -0.987905 -0.00941238
-8.96157 89.1301 -9.12675 -0.110961 -0.993724 -0.00467193
-9.89726 89.225 -10.0846 -0.0814464 -0.996304 -0.0255813
-10.1504 89.2515 -10.366 -0.0531549 -0.998126 -0.0302776
-11.0823 89.2904 -10.0609 -0.0398678 -0.998763 -0.027904
-9.98308 89.2152 -8.82181 -0.0781318 -0.996911 -0.00343265
-9.05046 89.14 -7.93527 -0.100563 -0.994928 -0.0023952
-7.97815 89.0092 -7.00158 -0.147777 -0.988976 0.00610538
-7.01784 88.867 -5.96673 -0.174965 -0.984495 -0.0120603
-6.15862 88.703 -5.00944 -0.186146 -0.98244 -0.0105401
-5.15044 88.4839 -4.03385 -0.209425 -0.9778 -0.00341452
-4.10635 88.2433 -2.94524 -0.244236 -0.969634 -0.0104616
-3.04821 87.9753 -1.89709 -0.25117 -0.967921 0.0017713
-1.97492 87.6639 -0.839697 -0.291259 -0.956621 -0.00591441
-1.00047 87.3366 0.104001 -0.310634 -0.950525 -0.00223431
-0.15576 87.0398 1.05643 -0.332863 -0.94296 0.00426852
0.774959 86.7083 2.06011 -0.356151 -0.934372 0.0100558
1.60581 86.3974 3.01791 -0.368079 -0.929765 0.00727577
2.48663 86.0466 3.89995 -0.380248 -0.924879 0.0029388
3.43782 85.6498 4.73702 -0.397287 -0.917688 -0.00223052
4.28884 85.2827 5.61362 -0.401931 -0.915637 0.00780142
5.23411 84.8599 6.69342 -0.414335 -0.91012 -0.00244616
6.1583 84.4385 7.75039 -0.421703 -0.90673 0.00259702
7.1586 83.9723 8.63868 -0.425947 -0.904745 0.00235991
8.05474 83.5452 9.43898 -0.438048 -0.898945 -0.00244489
8.96325 83.0981 10.4176 -0.443108 -0.896467 -6.4402e-05
9.75475 82.7056 11.3536 -0.448329 -0.893858 0.00325323
10.6959 82.2272 12.3149 -0.455133 -0.890423 -0.000796183
11.4137 81.8609 13.0089 -0.455635 -0.890166 0.000764755
11.0734 82.0352 13.8677 -0.453715 -0.891147 0.000826611
9.97451 82.5937 12.8358 -0.452574 -0.891727 0.000301455
9.08849 83.0373 11.8591 -0.440595 -0.897704 -0.00152522
8.16016 83.4872 10.7822 -0.431516 -0.902098 -0.00323236
7.2264 83.9383 9.85165 -0.424794 -0.905253 -0.0081857
6.12862 84.4536 8.92737 -0.418672 -0.908133 -0.00284614
5.18234 84.8845 7.94882 -0.412605 -0.91091 0.00057873
4.35207 85.2525 6.98394 -0.395903 -0.91826 -0.00699454
3.37911 85.6762 5.90136 -0.393034 -0.919514 0.0039499
2.45551 86.0638 5.03107 -0.371171 -0.928491 -0.00598366
1.41773 86.4707 4.07558 -0.356863 -0.934147 -0.0042456
0.569597 86.7958 3.14618 -0.35232 -0.935878 0.00132893
-0.403783 87.1364 2.06116 -0.329502 -0.944116 0.00854966
-1.29796 87.4314 1.09969 -0.304712 -0.952437 -0.00244825
-2.28381 87.7442 0.0881536 -0.276715 -0.960852 -0.0109
-3.26236 88.0288 -0.830365 -0.255372 -0.966842 -0.00139541
-4.18847 88.2577 -1.75739 -0.221291 -0.975203 0.00294216
-5.19334 88.494 -2.72432 -0.202236 -0.979259 -0.00824779
-6.26777 88.7103 -3.82456 -0.194714 -0.980845 -0.00542162
-7.1374 88.8735 -4.77429 -0.172055 -0.985079 -0.00195608
-8.04569 89.0148 -5.77689 -0.127456 -0.991817 -0.0073055
-9.19568 89.1458 -6.85292 -0.0925517 -0.995674 -0.00819829
-10.2997 89.2341 -7.87413 -0.0605783 -0.998135 -0.00696534
-11.2958 89.2833 -9.00355 -0.0372247 -0.999259 -0.00980688
-12.1992 89.3126 -9.90326 -0.0175356 -0.999589 -0.0226793
-12.2296 89.3127 -9.93242 0.0163969 -0.999764 -0.0142647
-13.5714 89.2754 -10.0217 0.0543756 -0.998489 -0.00385644
-12.6079 89.2982 -9.06174 0.0204535 -0.999753 -0.00796038
-11.676 89.2859 -8.07537 -0.0216835 -0.999746 -0.00612857
-10.769 89.2558 -7.07388 -0.0421664 -0.998984 -0.00123037
-9.77191 89.192 -6.15758 -0.0645647 -0.997871 0.00527507
-8.79011 89.1004 -5.2731 -0.104141 -0.99455 -0.00296462
-7.90551 88.998 -4.30224 -0.118824 -0.992874 0.00694612
-6.79123 88.7946 -3.06074 -0.172761 -0.984816 -0.0167274
-5.80229 88.6047 -2.08973 -0.186657 -0.982393 -0.00791651
-4.77147 88.3923 -1.00005 -0.213165 -0.977014 0.00205382
-3.86584 88.1778 -0.135893 -0.239488 -0.970849 0.00413764
-2.88694 87.9265 0.736339 -0.277548 -0.960601 0.014618
-1.966 87.646 1.68433 -0.295875 -0.955193 0.00559636
-0.938571 87.3229 2.79973 -0.307988 -0.951374 0.00300985
-0.000631835 86.9998 3.82801 -0.333159 -0.942811 -0.0105952
0.849 86.6837 4.73256 -0.353459 -0.935426 -0.00657776
1.92076 86.2704 5.75758 -0.359917 -0.932983 0.00164355
2.82542 85.9012 6.61822 -0.378686 -0.925429 -0.0133201
3.68696 85.5383 7.53751 -0.386179 -0.922419 0.00115863
4.5996 85.1439 8.58374 -0.400665 -0.916222 -0.0019286
5.52196 84.7313 9.53708 -0.415319 -0.909671 -0.0010466
6.4576 84.2949 10.2994 -0.422195 -0.90649 -0.0049306
7.347 83.8753 11.1412 -0.427574 -0.90398 -0.000372129
8.16176 83.4862 12.0609 -0.432029 -0.901858 -0.00162788
8.96954 83.0909 13.0546 -0.440911 -0.897538 -0.00484381
9.9617 82.5963 13.992 -0.444577 -0.89574 -0.000945246
10.5873 82.2835 14.6168 -0.448384 -0.89384 -0.00106992
10.0186 82.5669 15.2497 -0.445707 -0.895178 -0.000769256
9.10284 83.0208 14.3738 -0.442187 -0.896922 -0.000506768
8.14248 83.4908 13.4032 -0.435017 -0.900409 -0.00498912
7.27675 83.9064 12.325 -0.428428 -0.903574 -0.00163043
6.33878 84.3469 11.3408 -0.417049 -0.908883 -0.00166032
5.35007 84.8038 10.5337 -0.415362 -0.909642 -0.00476125
4.38586 85.2349 9.6454 -0.400516 -0.916278 -0.00326413
3.50781 85.6142 8.60506 -0.383124 -0.923692 0.000724179
2.63117 85.9723 7.67587 -0.370063 -0.928995 -0.00469108
1.72575 86.3421 6.7691 -0.367858 -0.929769 -0.0140725
0.662383 86.745 5.75271 -0.347349 -0.937728 -0.0038247
-0.301532 87.0986 4.83423 -0.331526 -0.943433 -0.000176414
-1.35372 87.4527 3.68211 -0.307486 -0.951542 -0.000327561
-2.2504 87.7297 2.65453 -0.281786 -0.959456 -0.00599052
-3.12699 87.9947 1.74835 -0.275766 -0.961114 -0.0121153
-4.07733 88.2476 0.866282 -0.240306 -0.970517 0.0187023
-5.24009 88.4945 -0.199771 -0.203012 -0.979087 0.0131665
-6.2895 88.6974 -1.30482 -0.185732 -0.982575 0.00706727
-7.23601 88.8626 -2.22469 -0.157581 -0.987455 -0.00877345
-8.15153 89.0126 -3.16251 -0.138656 -0.989835 -0.0312641
-9.00432 89.1176 -4.14841 -0.0899797 -0.995933 0.00413439
-9.89033 89.2061 -5.06454 -0.0694211 -0.997326 -0.00732826
-10.9791 89.2613 -6.02502 -0.0338111 -0.999382 -0.00271464
-11.9267 89.2826 -6.95296 -0.00773136 -0.999957 -2.24004e-05
-12.8161 89.2907 -7.99724 0.00369599 -0.999989 -0.00277107
-13.8031 89.2593 -8.97052 0.061905 -0.998039 -0.00265528
-14.8546 89.1682 -10.1215 0.107605 -0.994169 -0.00509346
-16.2662 88.986 -10.3073 0.143029 -0.989589 -0.0132586
-15.2408 89.1259 -9.18185 0.123111 -0.992393 0.00023507
-14.3487 89.2207 -8.23196 0.0853491 -0.99627 -0.0112919
-13.4156 89.2742 -7.29628 0.0409971 -0.999141 0.00496045
-12.5743 89.2883 -6.27618 -0.0017684 -0.999992 0.0020496
-11.5777 89.2739 -5.3439 -0.0255827 -0.999661 -0.00488598
-10.4189 89.2239 -4.30845 -0.0494999 -0.998747 -0.00688749
-9.38079 89.1569 -3.18761 -0.093728 -0.995569 0.00715897
-8.37488 89.0358 -2.01928 -0.12139 -0.992569 -0.00754728
-7.33151 88.8761 -1.10705 -0.165519 -0.986204 0.00151082
-6.33065 88.7115 -0.014969 -0.17796 -0.984027 0.00454487
-5.31481 88.5178 0.956504 -0.203479 -0.979072 -0.00369506
-4.28862 88.2968 1.91001 -0.205902 -0.978539 -0.00806429
-3.28537 88.0313 2.85314 -0.279727 -0.960041 -0.00856332
-2.399 87.7659 3.83978 -0.274658 -0.96152 -0.00346193
-1.31547 87.4415 5.04102 -0.306068 -0.951964 -0.00828864
-0.392886 87.123 6.01712 -0.325771 -0.945285 -0.0176024
0.557719 86.7765 6.86319 -0.339801 -0.940422 -0.0118838
1.45437 86.4363 7.71174 -0.342829 -0.939256 -0.0162771
2.56654 85.9948 8.85004 -0.37157 -0.928403 -0.00168362
3.38937 85.6593 9.75592 -0.385789 -0.922567 -0.00548734
4.16979 85.3254 10.7212 -0.401356 -0.915912 -0.0021259
5.15839 84.8872 11.4515 -0.408159 -0.912889 -0.000337057
6.21359 84.4066 12.4228 -0.422335 -0.906439 -0.000740212
7.08375 83.9961 13.3932 -0.427599 -0.903964 -0.00299497
7.94849 83.5832 14.5288 -0.432531 -0.901604 -0.00186233
8.93214 83.1029 15.3283 -0.439033 -0.89847 0.00121302
9.21528 82.9651 15.5943 -0.440444 -0.897777 0.00112671
8.33111 83.3972 15.9133 -0.438453 -0.898754 0.000879369
7.25626 83.912 15.0916 -0.42973 -0.902943 0.00503515
6.55056 84.2456 14.0654 -0.423293 -0.905986 -0.00337355
5.70604 84.6409 13.1236 -0.41769 -0.908579 -0.00195325
4.68657 85.098 12.1695 -0.405772 -0.91397 0.00205744
3.68065 85.5312 11.5119 -0.39021 -0.920718 -0.0037518
2.88516 85.8698 10.4653 -0.38412 -0.923283 0.000546541
2.03125 86.2081 9.53602 -0.362709 -0.93185 0.00931434
1.10081 86.5643 8.62526 -0.346992 -0.937863 0.00290161
0.101654 86.9292 7.61667 -0.32525 -0.94553 -0.0135793
-0.979751 87.3122 6.71391 -0.3053 -0.952065 -0.0134483
-2.03441 87.6526 5.57701 -0.26863 -0.963033 -0.0190625
-3.16484 87.9794 4.31496 -0.256651 -0.966415 -0.0131694
-4.10854 88.2412 3.32657 -0.230431 -0.973022 -0.0100459
-5.13143 88.4724 2.36277 -0.211183 -0.977438 -0.00306271
-6.10221 88.6679 1.44264 -0.185651 -0.982544 -0.0109924
-7.06559 88.8452 0.515077 -0.174616 -0.984632 0.00234407
-7.93923 88.9686 -0.482235 -0.143512 -0.989648 -0.000550362
-9.09863 89.1188 -1.42777 -0.0971758 -0.995228 -0.00886544
-10.0712 89.202 -2.63399 -0.0456693 -0.998896 -0.0110229
-10.9996 89.2479 -3.56668 -0.0334924 -0.999384 -0.00959174
-11.9196 89.2792 -4.44861 -0.0265128 -0.999641 -0.00390722
-12.9172 89.2833 -5.26735 0.0166672 -0.999832 -0.00283317
-13.7496 89.2545 -6.28969 0.0657615 -0.997829 0.00336819
-14.6147 89.1902 -7.22901 0.0949123 -0.995481 0.00148731
-15.7234 89.0662 -8.31669 0.131316 -0.991298 0.00562632
-16.6175 88.9249 -9.39773 0.161413 -0.986882 0.002981
-17.5206 88.7746 -10.2857 0.174216 -0.984677 -0.00620124
-17.7572 88.733 -10.4968 0.181274 -0.983407 0.000240214
-20.0181 88.2322 -11.1229 0.243235 -0.96987 0.00745177
-19.0353 88.4828 -10.376 0.20315 -0.979115 0.00792992
-17.9785 88.6913 -9.5549 0.178308 -0.983933 -0.00306811
-16.9997 88.8621 -8.4173 0.166697 -0.985996 0.0023457
-15.9012 89.0425 -7.1842 0.127393 -0.991849 -0.00263814
-14.8456 89.1622 -6.19579 0.105644 -0.994401 -0.00115894
-13.9175 89.2403 -4.95571 0.0763205 -0.997056 -0.00731865
-12.7147 89.2842 -3.96765 0.0315514 -0.999354 -0.00978552
-11.7119 89.267 -2.99815 -0.0308493 -0.999512 -0.00488921
-10.7761 89.227 -2.06597 -0.0417458 -0.999077 -0.0100854
-9.82998 89.1779 -0.905618 -0.0576402 -0.998301 -0.000148234
-8.85867 89.0837 -0.0683876 -0.0999257 -0.994979 -0.0037843
-7.93466 88.9648 0.794758 -0.133076 -0.991089 -0.00573474
-6.95596 88.8065 1.94039 -0.156803 -0.987442 -0.0192615
-5.95088 88.623 2.79191 -0.172304 -0.985041 0.00219704
-4.82398 88.4009 3.91919 -0.215136 -0.976575 -0.00414649
-3.83136 88.1487 4.88718 -0.254191 -0.967092 -0.010489
-2.88267 87.8826 6.02001 -0.266322 -0.963837 -0.0094085
-1.9522 87.6037 6.95092 -0.290502 -0.956712 -0.0158179
-0.932004 87.2785 7.91627 -0.319257 -0.947605 -0.00847404
0.00295254 86.9615 8.73861 -0.334891 -0.942252 -0.00300532
0.851003 86.6592 9.64722 -0.345083 -0.938567 0.00158358
2.00681 86.225 10.6933 -0.357583 -0.933879 -0.00164223
2.7468 85.9162 11.8259 -0.372324 -0.928042 -0.00998626
3.81625 85.471 12.608 -0.389393 -0.921066 0.00278871
4.89801 85.0064 13.5119 -0.410227 -0.91197 0.00476743
5.77918 84.6054 14.4844 -0.423803 -0.905752 0.00194619
6.4968 84.273 15.4938 -0.423399 -0.905939 0.00284974
6.78099 84.1416 15.9252 -0.429456 -0.903086 0.00130427
5.83258 84.5849 15.9327 -0.420168 -0.907437 0.00382364
4.93892 84.992 14.9576 -0.411735 -0.911292 -0.00175561
4.01667 85.394 13.8364 -0.386629 -0.922224 0.00418597
3.02248 85.8034 13.0961 -0.372202 -0.92815 0.00165025
2.13209 86.1578 12.3342 -0.36782 -0.929894 0.000853798
1.3801 86.4554 11.3405 -0.351811 -0.935955 -0.0146923
0.434955 86.8102 10.5055 -0.341691 -0.939804 -0.00359474
-0.552662 87.1539 9.46757 -0.322837 -0.946447 -0.000571206
-1.59214 87.486 8.56473 -0.293486 -0.955931 -0.00779044
-2.45623 87.7533 7.64852 -0.290846 -0.956765 -0.00320657
-3.54633 88.0587 6.67155 -0.257485 -0.966123 -0.0156554
-4.54201 88.3181 5.471 -0.232774 -0.972502 -0.00738402
-5.51096 88.5402 4.57919 -0.194477 -0.980866 -0.00410705
-6.49548 88.7203 3.4835 -0.169949 -0.985444 0.0037586
-7.60135 88.8981 2.61161 -0.154724 -0.987877 -0.0109581
-8.51314 89.0272 1.54543 -0.116551 -0.993086 -0.0127711
-9.63569 89.1468 0.457104 -0.0857712 -0.996177 -0.0165627
-10.5537 89.2173 -0.379826 -0.0463509 -0.998915 0.00458962
-11.4352 89.2442 -1.41504 -0.0188705 -0.99977 0.00153264
-12.4363 89.265 -2.38682 0.0138515 -0.999904 0.000234918
-13.5539 89.246 -3.52465 0.041265 -0.999134 -0.00532805
-14.6096 89.1731 -4.27066 0.0926713 -0.995545 -0.0173846
-15.4254 89.1009 -5.50897 0.108328 -0.994109 -0.000460859
-16.5995 88.9448 -6.54976 0.138868 -0.990262 -0.00961568
-17.5477 88.7738 -7.573 0.179379 -0.9837 0.01164
-18.5041 88.5839 -8.8369 0.197732 -0.980231 0.0040108
-19.5671 88.3574 -9.72651 0.227342 -0.973787 -0.0073577
-20.7143 88.052 -10.7995 0.268142 -0.963341 0.00857551
-21.607 87.8046 -11.5735 0.282416 -0.959249 -0.00863265
-23.2666 87.2871 -11.8153 0.313213 -0.949682 -0.000726046
-22.193 87.6268 -10.8607 0.288227 -0.957538 -0.0067479
-21.0795 87.9566 -9.96166 0.278228 -0.960489 0.00596551
-20.3336 88.1606 -9.10075 0.245138 -0.969432 -0.0055101
-19.3481 88.3986 -8.14161 0.220942 -0.975273 -0.00528609
-18.3932 88.6099 -7.15659 0.202073 -0.979363 -0.00310102
-17.6186 88.7708 -6.19312 0.20282 -0.979207 0.00421145
-16.5269 88.9393 -5.05355 0.150783 -0.988524 -0.00916332
-15.5951 89.0627 -4.16773 0.140142 -0.990084 -0.0089098
-14.681 89.1676 -3.10042 0.103278 -0.99463 0.00103443
-13.6966 89.2353 -2.31146 0.0410612 -0.999125 0.00168101
-12.7131 89.2564 -1.25569 0.0277253 -0.999577 -0.00880649
-11.6867 89.2593 -0.316169 0.00830486 -0.999797 -0.0177534
-10.9155 89.2244 0.69028 -0.0246705 -0.999245 -0.0299772
-9.85812 89.1538 1.518 -0.0668922 -0.997599 -0.000768314
-8.9564 89.0753 2.56403 -0.0939856 -0.995497 0.000795412
-7.9672 88.9381 3.4287 -0.133656 -0.990785 -0.0212781
-6.86887 88.7766 4.53339 -0.143743 -0.989606 -0.00419376
-5.91564 88.6132 5.46561 -0.192255 -0.981273 -0.011694
-5.00969 88.4182 6.37109 -0.219098 -0.975502 -0.0183104
-4.16598 88.2005 7.29128 -0.235285 -0.971728 -0.0195928
-3.13103 87.9328 8.20014 -0.250774 -0.968046 0.000355583
-2.14552 87.6502 9.25518 -0.291743 -0.956472 -0.00684116
-1.08763 87.3233 10.3148 -0.302462 -0.953161 -4.51917e-05
-0.197302 87.0287 11.2128 -0.329694 -0.944074 0.000754407
0.762589 86.6862 12.0529 -0.339607 -0.940555 -0.00193565
1.68128 86.3353 13.0788 -0.361737 -0.93228 0.000752759
2.76697 85.9083 13.959 -0.372304 -0.928105 0.00335776
3.81245 85.4813 15.1477 -0.388596 -0.921393 0.00527098
4.11145 85.3572 15.5185 -0.394367 -0.918925 0.00173855
2.86485 85.877 15.6057 -0.379638 -0.925111 0.0058554
1.95952 86.2313 14.6808 -0.362801 -0.931853 0.00500637
0.907701 86.6334 13.6375 -0.347736 -0.937562 -0.00216447
-0.110217 86.9987 12.6032 -0.331473 -0.943444 0.00108301
-0.984577 87.2985 11.7367 -0.319005 -0.947734 0.00542034
-1.89951 87.5793 10.8341 -0.291502 -0.956492 0.0121758
-2.7762 87.8345 9.94512 -0.258048 -0.966113 -0.0038844
-3.73753 88.0897 9.011 -0.251029 -0.967976 -0.00136394
-4.75885 88.3361 7.94537 -0.223361 -0.974716 -0.006133
-5.67668 88.548 7.06125 -0.208867 -0.977746 -0.0196577
-6.59784 88.7307 6.14855 -0.164997 -0.986255 -0.00620796
-7.88054 88.9158 5.14721 -0.130057 -0.991493 -0.00518148
-8.80441 89.0344 3.97177 -0.125249 -0.991947 -0.0149682
-9.74681 89.1378 2.9745 -0.073177 -0.997189 -0.0124167
-10.6643 89.1918 2.09502 -0.0501866 -0.998714 0.0071486
-11.552 89.2157 1.1725 -0.00735426 -0.999833 -0.0130954
-12.4092 89.2388 0.277827 0.0132516 -0.999607 -0.0241001
-13.3581 89.2312 -0.636814 0.0540348 -0.99797 -0.0218417
-14.3101 89.1778 -1.45858 0.0829554 -0.996218 -0.0258203
-15.321 89.0878 -2.59427 0.119008 -0.992822 -0.0118756
-16.2352 88.9688 -3.51388 0.141021 -0.990001 -0.00303272
-17.1828 88.8344 -4.46149 0.15108 -0.988458 -0.0111277
-18.0893 88.6852 -5.35951 0.191473 -0.981432 0.00679771
-18.9994 88.481 -6.2781 0.216029 -0.976296 0.0101063
-19.9908 88.2538 -7.24287 0.229844 -0.973018 0.0147726
-20.8986 88.0119 -8.16122 0.257296 -0.966329 0.000228581
-21.7747 87.7572 -9.04721 0.287536 -0.957703 0.00802837
-22.658 87.4836 -9.94204 0.294793 -0.955558 0.00211814
-23.7205 87.1366 -11.0042 0.32388 -0.946072 -0.00709525
-24.6763 86.8036 -11.955 0.33366 -0.942689 -0.00204632
-24.8467 86.7429 -12.115 0.339442 -0.940625 -0.000927762
-26.5296 86.1197 -12.4294 0.363562 -0.931566 -0.00253976
-25.6509 86.4514 -11.5757 0.342002 -0.939699 -0.000793443
-24.5131 86.858 -10.6207 0.33561 -0.941998 -0.0023919
-23.6316 87.163 -9.62468 0.327077 -0.944958 0.00867025
-22.7422 87.46 -8.72405 0.296186 -0.955098 0.00612894
-21.791 87.762 -7.59586 0.292423 -0.956288 -0.00104973
-20.7241 88.0682 -6.72935 0.261267 -0.965199 0.0110606
-19.763 88.3095 -5.6415 0.220568 -0.975371 -0.000881815
-18.6809 88.5568 -4.58381 0.228976 -0.973308 -0.0155584
-17.7301 88.7289 -3.51074 0.18658 -0.982439 -0.00152986
-16.5597 88.9206 -2.45878 0.140215 -0.990063 -0.0107583
-15.649 89.0385 -1.58123 0.126694 -0.991902 -0.00885983
-14.7639 89.113 -0.461398 0.0961163 -0.995194 -0.0181371
-13.6544 89.182 0.486489 0.0612819 -0.997854 -0.0172075
-12.6584 89.2152 1.51329 0.0203158 -0.999661 -0.00958796
-11.6758 89.2193 2.56163 0.00796926 -0.999955 -0.00459834
-10.6184 89.1773 3.46852 -0.0411547 -0.998895 -0.020927
-9.78457 89.1218 4.41776 -0.0639218 -0.997831 -0.0151903
-8.75789 89.0163 5.26543 -0.113506 -0.993452 -0.0129056
-7.68669 88.8875 6.44254 -0.119715 -0.992801 -0.000824186
-6.67781 88.7339 7.43314 -0.161744 -0.986789 -0.00812071
-5.69767 88.5378 8.52774 -0.198991 -0.979998 -0.00184607
-4.63742 88.3032 9.34939 -0.220025 -0.975463 0.00783203
-3.90339 88.1313 10.376 -0.246271 -0.969142 0.0107015
-2.89151 87.8709 11.1408 -0.270005 -0.962856 0.00239365
-2.02741 87.6284 12.204 -0.291207 -0.956659 -0.0013889
-0.95194 87.2853 13.055 -0.318812 -0.947818 0.000563847
0.0604474 86.9429 14.0678 -0.34026 -0.940294 0.00603982
0.737649 86.7007 14.884 -0.34878 -0.937189 0.00535131
-0.81659 87.2472 14.2282 -0.321839 -0.946761 0.00788236
-1.8344 87.5742 13.4849 -0.29759 -0.954661 0.00783917
-2.7699 87.8503 12.678 -0.273072 -0.961879 0.00880997
-3.78526 88.1094 11.6203 -0.226004 -0.974118 0.000146795
-4.85879 88.3589 10.6065 -0.216293 -0.976328 -0.00131575
-5.71202 88.54 9.65819 -0.19661 -0.98047 0.00352496
-6.68378 88.7283 8.81832 -0.169859 -0.985443 -0.000773163
-7.561 88.8681 7.8261 -0.153711 -0.988056 -0.0104132
-8.49329 88.9866 6.91988 -0.108588 -0.994018 -0.00106092
-9.36 89.0629 5.91771 -0.0794727 -0.996812 0.00658431
-10.5787 89.157 4.90137 -0.0370121 -0.999165 -0.0172881
-11.5231 89.1918 3.85883 -0.0126265 -0.999773 -0.0168612
-12.539 89.1932 2.99504 0.0471315 -0.998682 -0.0203242
-13.4687 89.1796 1.99272 0.0446493 -0.998528 -0.0305035
-14.396 89.1335 1.07281 0.0714501 -0.997402 -0.00901076
-15.4724 89.0419 0.0257082 0.101461 -0.994805 -0.00702043
-16.386 88.9342 -1.09808 0.143923 -0.989551 -0.00868
-17.3345 88.7924 -1.93257 0.174245 -0.984617 -0.0097318
-18.3868 88.6002 -2.90022 0.198755 -0.980032 -0.00572406
-19.488 88.365 -4.11615 0.220754 -0.975303 -0.00713721
-20.4567 88.1333 -5.13689 0.249742 -0.968263 -0.00981235
-21.4395 87.8724 -6.18436 0.283555 -0.958947 0.00247037
-22.4911 87.5498 -6.99341 0.293792 -0.955829 0.00868562
-23.3843 87.2642 -8.04865 0.303355 -0.952819 0.0105257
-24.3213 86.9286 -9.08731 0.328812 -0.944359 0.0082228
-25.2258 86.6024 -9.99934 0.33582 -0.941923 -0.00247732
-26.3536 86.1929 -11.0065 0.348268 -0.937384 -0.00039051
-27.2702 85.8246 -11.966 0.385318 -0.92274 -0.00169437
-27.6069 85.6839 -12.3965 0.38825 -0.921551 -0.00231508
-28.9382 85.1047 -12.4106 0.403296 -0.915028 -0.00831144
-28.0591 85.4851 -11.544 0.392578 -0.919696 -0.00637956
-27.1512 85.8662 -10.555 0.385677 -0.922624 0.000490488
-26.0797 86.2873 -9.55737 0.364734 -0.931081 -0.00752656
-25.1928 86.6185 -8.71169 0.343819 -0.939008 0.00724557
-24.3539 86.9375 -7.791 0.343848 -0.938942 0.00987402
-23.4421 87.2565 -6.68726 0.30442 -0.952524 0.00448705
-22.3701 87.5968 -5.80221 0.293691 -0.955864 0.00799678
-21.4656 87.8653 -4.94872 0.268017 -0.963355 -0.00989368
-20.5881 88.0946 -3.98909 0.252718 -0.967538 0.00192878
-19.6293 88.331 -2.90156 0.234266 -0.972162 -0.00227966
-18.6349 88.5425 -1.86308 0.206401 -0.978415 -0.00792767
-17.663 88.7285 -1.0105 0.187133 -0.982328 0.00352653
-16.5604 88.9076 -0.0142322 0.148326 -0.988924 0.00544986
-15.7862 88.9932 1.00256 0.109297 -0.9938 -0.0203973
-14.8858 89.0808 1.89232 0.098844 -0.99478 -0.0193651
-13.9795 89.125 2.80369 0.0739541 -0.996705 -0.0332451
-13.0908 89.1531 3.71236 0.0492421 -0.998602 -0.0190949
-12.0251 89.1693 4.64735 0.0202895 -0.999495 -0.0228314
-11.104 89.1518 5.5935 -0.0137354 -0.999665 -0.0219173
-10.1341 89.1238 6.42139 -0.0558972 -0.998427 0.00391369
-9.2575 89.0631 7.37543 -0.0939744 -0.995529 0.00957042
-8.24025 88.9573 8.41355 -0.121827 -0.992508 0.00778003
-7.36155 88.8364 9.38599 -0.141116 -0.989944 -0.00956311
-6.14433 88.6268 10.5457 -0.191689 -0.981451 0.00136996
-5.23933 88.4387 11.5768 -0.210019 -0.977668 -0.00714718
-4.18121 88.2093 12.4826 -0.218043 -0.975908 0.00727841
-3.22925 87.9767 13.4262 -0.250637 -0.968041 0.00750374
-3.00976 87.9208 13.633 -0.260364 -0.965506 3.85299e-05
-4.73027 88.337 13.1892 -0.209927 -0.977531 0.0190449
-5.77112 88.5519 12.2575 -0.2006 -0.979621 -0.00381003
-6.89981 88.7572 11.0725 -0.164278 -0.986368 -0.00951669
-7.97427 88.9146 10.0517 -0.133172 -0.990931 -0.017474
-8.82225 89.0325 9.09373 -0.11513 -0.993313 0.0081905
-9.83564 89.1101 8.0201 -0.0700242 -0.997544 -0.00177331
-10.7792 89.1581 7.04852 -0.0265571 -0.999601 0.00203154
-11.8327 89.1528 6.10638 -0.00192427 -0.99996 0.00864696
-12.8277 89.1404 5.19051 0.0414343 -0.999057 -0.012749
-13.7508 89.1007 4.3066 0.0656789 -0.997541 -0.0244402
-14.7406 89.0476 3.29725 0.0796318 -0.996222 -0.0343749
-15.7349 88.9705 2.33291 0.122442 -0.992275 -0.0199051
-16.6804 88.8842 1.29672 0.130716 -0.991117 -0.0185898
-17.4985 88.7643 0.304627 0.174931 -0.984453 0.00581954
-18.6529 88.5359 -0.672631 0.200794 -0.979597 0.00310608
-19.676 88.304 -1.61417 0.228985 -0.973286 -0.0162992
-20.6446 88.0677 -2.68101 0.2521 -0.967546 -0.0170486
-21.5014 87.8512 -3.61451 0.265881 -0.963998 0.00400162
-22.4122 87.5914 -4.63917 0.291016 -0.956713 -0.00313038
-23.5566 87.2218 -5.58599 0.306235 -0.951902 0.00889703
-24.645 86.8397 -6.72021 0.345044 -0.93848 0.00986938
-25.6356 86.451 -7.88745 0.35275 -0.935682 0.00362671
-26.6482 86.0612 -8.87182 0.369224 -0.929325 -0.00223507
-27.5608 85.6846 -9.7253 0.393874 -0.919132 -0.00766225
-28.6424 85.2252 -10.8972 0.404317 -0.914604 -0.00508786
-29.5971 84.8088 -11.8912 0.406117 -0.913799 -0.00634361
-29.9891 84.6388 -12.3238 0.405548 -0.914002 -0.0114116
-30.9592 84.1914 -12.2431 0.423607 -0.905758 -0.0125007
-29.9514 84.6392 -11.047 0.416644 -0.908948 -0.0148376
-29.1158 85.0086 -10.1251 0.407874 -0.913006 -0.00771514
-28.1574 85.4283 -9.11585 0.404494 -0.91452 -0.00618377
-27.1101 85.8683 -8.08115 0.383659 -0.923466 -0.00403449
-26.1818 86.2431 -7.14394 0.371391 -0.928418 0.0104341
-25.3402 86.5771 -6.18095 0.358468 -0.933537 -0.00298761
-24.506 86.8886 -5.26161 0.342448 -0.939432 -0.0067682
-23.5191 87.2352 -4.41649 0.322851 -0.946399 -0.00954488
-22.6258 87.514 -3.53859 0.29968 -0.953944 -0.0134926
-21.7639 87.7668 -2.61315 0.266958 -0.963624 -0.0122615
-20.8696 88.002 -1.58483 0.248936 -0.968513 -0.00366866
-19.7654 88.2828 -0.468661 0.242944 -0.970039 0.00119433
-18.7544 88.5132 0.410964 0.201057 -0.979568 -0.00453805
-17.5701 88.7372 1.60706 0.170651 -0.984999 -0.0228274
-16.6848 88.837 2.64039 0.136362 -0.989956 -0.036955
-15.6696 88.9538 3.64319 0.123489 -0.992005 -0.0191699
-14.6216 89.0295 4.67118 0.0828042 -0.996465 -0.0140495
-13.5534 89.1011 5.72225 0.0459313 -0.99891 -0.00813212
-12.5616 89.1438 6.66875 0.0334918 -0.999368 0.0107599
-11.5919 89.1678 7.50333 0.00336737 -0.999955 0.00711761
-10.4824 89.1495 8.57574 -0.0391181 -0.998788 -0.0174755
-9.58626 89.0929 9.57195 -0.0532822 -0.998517 -0.0111577
-8.51835 88.9815 10.7536 -0.1285 -0.991706 0.00253703
-7.59666 88.8582 11.6573 -0.13612 -0.99066 0.00575112
-6.53057 88.6936 12.7252 -0.178481 -0.983894 0.00491359
-6.20872 88.634 13.0445 -0.188122 -0.981939 0.0201225
-7.64205 88.8737 12.8739 -0.155986 -0.987661 0.0116312
-8.54909 88.9857 11.9823 -0.112966 -0.993598 0.00138071
-9.68701 89.0911 10.8374 -0.0536858 -0.998508 -0.00252677
-10.6951 89.1395 9.6858 -0.0354345 -0.999338 -0.00793282
-11.5963 89.1637 8.71803 -0.00557099 -0.999981 -0.00258701
-12.5393 89.1525 7.86003 0.0309593 -0.999515 0.00138083
-13.5747 89.1098 6.92337 0.0607663 -0.998102 0.0037826
-14.5352 89.0314 6.01195 0.0829211 -0.996538 0.00607679
-15.5004 88.952 5.05134 0.0900417 -0.995857 -0.00935858
-16.4831 88.8434 4.08061 0.131925 -0.991256 0.000383411
-17.44 88.7033 3.16726 0.173813 -0.984311 -0.0133657
-18.5043 88.5408 1.88909 0.20501 -0.978132 -0.0350529
-19.4434 88.3601 1.01993 0.227112 -0.973718 -0.0110073
-20.4617 88.1076 0.0855823 0.251998 -0.967718 -0.00156591
-21.4117 87.8549 -0.881301 0.263152 -0.964742 -0.00499103
-22.4282 87.5623 -2.00597 0.296917 -0.954898 -0.00325331
-23.3863 87.264 -3.04882 0.319233 -0.947645 -0.00766033
-24.4031 86.9245 -3.99214 0.340712 -0.940101 -0.00279545
-25.486 86.5187 -5.00311 0.359013 -0.933329 -0.00253881
-26.4589 86.1382 -6.1189 0.374824 -0.927083 0.00497856
-27.2817 85.7927 -7.02029 0.391527 -0.920129 0.00738878
-28.298 85.3602 -8.03238 0.405649 -0.914026 -0.00247976
-29.2014 84.9631 -8.93872 0.409246 -0.912416 -0.00384941
-30.0242 84.5985 -9.85694 0.412562 -0.910893 -0.0069645
-31.0696 84.1242 -11.0326 0.4207 -0.907178 -0.00593777
-31.7673 83.8065 -11.9548 0.429051 -0.903218 -0.0105152
-32.4207 83.4858 -11.4423 0.440962 -0.897496 -0.0068356
-31.6646 83.8438 -10.4007 0.425956 -0.904722 -0.00617053
-30.806 84.2363 -9.4495 0.418834 -0.908061 -0.00147327
-29.9792 84.6105 -8.51991 0.412895 -0.910772 -0.00289734
-29.126 84.991 -7.62592 0.407236 -0.913315 -0.00393181
-28.1824 85.4076 -6.6722 0.398565 -0.917129 0.0043981
-27.3184 85.7813 -5.74837 0.390638 -0.920504 -0.0085205
-26.3311 86.1872 -4.62069 0.371137 -0.928522 -0.00454939
-25.3652 86.5606 -3.66961 0.361921 -0.932197 -0.00422431
-24.3837 86.9258 -2.74869 0.328348 -0.944453 0.00191477
-23.3832 87.2558 -1.70486 0.31512 -0.949027 -0.00555832
-22.3273 87.5825 -0.540902 0.298243 -0.954446 -0.00908441
-21.286 87.8874 0.521496 0.263852 -0.964545 0.00152863
-20.1219 88.1752 1.61792 0.237854 -0.970865 -0.0290717
-19.1428 88.3857 2.51622 0.207609 -0.977891 -0.0239195
-18.3176 88.5395 3.50568 0.184445 -0.982837 -0.00347511
-17.3962 88.7189 4.4646 0.139182 -0.990251 -0.00258794
-16.393 88.8394 5.43647 0.128544 -0.99162 -0.010759
-15.4988 88.9447 6.34598 0.108439 -0.994095 -0.00347075
-14.4313 89.0551 7.34578 0.0831848 -0.996284 0.0221926
-13.4588 89.1207 8.22461 0.0364585 -0.999335 -0.000560428
-12.2638 89.152 9.32523 0.0144699 -0.999879 -0.00532423
-11.3148 89.152 10.3297 -0.00791955 -0.999899 -0.00392931
-10.2904 89.1295 11.5046 -0.0523096 -0.998573 0.0100534
-9.3442 89.0659 12.4469 -0.0849793 -0.996357 0.00678693
-8.88966 89.0269 12.902 -0.104638 -0.994377 0.015594
-10.4966 89.1455 12.6373 -0.0593205 -0.998219 0.00124437
-11.3886 89.1605 11.5607 -0.00832048 -0.999928 0.00833556
-12.4396 89.1454 10.4493 0.0215961 -0.999761 -0.00291182
-13.3851 89.1141 9.47691 0.0447922 -0.998906 -0.0134161
-14.432 89.0612 8.56331 0.0648393 -0.997872 -0.00694572
-15.426 88.9603 7.65948 0.107259 -0.994179 0.00983812
-16.3595 88.8461 6.75383 0.143171 -0.989684 -0.00166488
-17.4324 88.6966 5.68341 0.176948 -0.984128 -0.0125677
-18.4825 88.5072 4.67902 0.216191 -0.976279 -0.00940815
-19.4554 88.2967 3.53516 0.228232 -0.973476 -0.0159403
-20.4053 88.0778 2.54944 0.240602 -0.970439 -0.0189432
-21.3537 87.8466 1.67039 0.269682 -0.962699 -0.0219342
-22.4416 87.5376 0.627455 0.293838 -0.955796 -0.0103468
-23.402 87.2387 -0.414172 0.308771 -0.951115 -0.00604829
-24.3802 86.9129 -1.50685 0.33515 -0.942063 -0.0136315
-25.3117 86.5729 -2.42698 0.356412 -0.934329 -0.000364998
-26.2591 86.2073 -3.30376 0.37277 -0.927907 -0.00454863
-27.1175 85.8576 -4.20729 0.385842 -0.922564 -0.000929101
-27.9577 85.5034 -5.14852 0.393193 -0.919427 -0.00731312
-28.7937 85.1436 -6.05337 0.400411 -0.916327 0.00390154
-29.6522 84.7533 -6.92435 0.407564 -0.913151 0.00250288
-30.494 84.3762 -7.81318 0.412294 -0.911051 0.000116469
-31.3664 83.9731 -8.80712 0.429563 -0.90302 -0.00547748
-32.2257 83.5676 -9.75835 0.432063 -0.901816 -0.00646327
-32.9432 83.2251 -10.7609 0.443378 -0.896329 -0.00180716
-32.9561 83.2188 -10.7813 0.444516 -0.895756 -0.00448575
-33.7472 82.8148 -10.4878 0.457004 -0.88944 -0.00639379
-32.9717 83.1986 -9.36238 0.446173 -0.894933 -0.00485633
-32.0937 83.6251 -8.34874 0.433363 -0.901211 -0.0036626
-31.2582 84.0198 -7.39576 0.422487 -0.906358 -0.00453103
-30.3617 84.4352 -6.41756 0.420473 -0.907303 0.00115189
-29.4553 84.853 -5.47955 0.411289 -0.911464 -0.00391719
-28.6074 85.2213 -4.6096 0.405507 -0.914079 -0.00391866
-27.7588 85.5876 -3.62697 0.393051 -0.919497 -0.00357896
-26.803 85.9843 -2.61614 0.378498 -0.925595 0.000412364
-25.8028 86.383 -1.67762 0.366852 -0.930269 -0.00443189
-24.8785 86.725 -0.750344 0.348147 -0.937395 -0.00919831
-23.975 87.0466 0.251276 0.321496 -0.946905 0.00154916
-23.1233 87.3233 1.18982 0.303257 -0.952906 0.000325057
-21.9942 87.6581 2.28452 0.276388 -0.960914 -0.0114119
-21.05 87.903 3.14509 0.25665 -0.966374 -0.0155823
-20.1507 88.1237 4.11522 0.252557 -0.967541 -0.00349664
-19.2648 88.3233 5.1264 0.225099 -0.974311 -0.00598367
-18.3067 88.5238 6.11069 0.193393 -0.981112 -0.00435024
-17.2867 88.7032 7.08559 0.155171 -0.987872 -0.00514084
-16.3737 88.8373 8.01777 0.13545 -0.990761 -0.00676059
-15.142 88.9889 9.13575 0.11712 -0.992924 -0.0157701
-14.1435 89.0681 9.99968 0.0827736 -0.996324 -0.00727959
-13.1696 89.1217 10.9858 0.0437858 -0.998978 0.0010537
-12.1913 89.1506 12.0053 0.0222603 -0.999751 0.000389998
-11.5291 89.1596 12.7902 -0.00123294 -0.999873 -0.00602096
-12.6278 89.1398 12.8649 0.0297958 -0.999555 9.91707e-05
-13.5836 89.0996 11.8737 0.0634843 -0.997919 0.000528924
-14.578 89.0241 10.7774 0.0924253 -0.995712 0.00391153
-15.578 88.9197 9.92757 0.124084 -0.992185 -0.0127064
-16.6641 88.7863 8.94293 0.143313 -0.989604 -0.0115522
-17.7945 88.6157 7.81633 0.170159 -0.985394 -0.00511896
-18.7446 88.4312 6.91422 0.200406 -0.97968 -0.00678638
-19.7953 88.1987 5.8621 0.225589 -0.974209 -0.00177275
-20.8372 87.9463 4.6708 0.257093 -0.966368 0.00134488
-21.7122 87.7135 3.76912 0.271902 -0.962175 -0.0165937
-22.6649 87.4545 2.85955 0.292565 -0.956207 -0.00852414
-23.5955 87.1691 1.96776 0.31967 -0.947481 0.00669859
-24.6813 86.7907 0.784794 0.343286 -0.939227 -0.00265314
-25.5607 86.4651 -0.183786 0.353471 -0.935441 -0.00151262
-26.5452 86.0889 -1.13849 0.366853 -0.930277 -0.00178496
-27.6282 85.6392 -2.19568 0.392078 -0.919923 -0.00387128
-28.524 85.2557 -3.18017 0.39768 -0.917522 0.000202649
-29.4403 84.8506 -4.19385 0.407204 -0.913337 0.000534513
-30.2912 84.4662 -5.09574 0.421854 -0.906654 -0.00303486
-31.1468 84.0704 -5.98102 0.42172 -0.906724 -0.00140335
-32.0516 83.6431 -7.00775 0.435567 -0.900153 -0.00227542
-32.8988 83.2287 -7.98259 0.447499 -0.894281 -0.00199349
-33.6963 82.8326 -8.96389 0.453784 -0.89109 -0.00564203
-34.2919 82.5313 -9.82188 0.457507 -0.88919 -0.00530436
-34.9264 82.1985 -9.29016 0.464836 -0.885369 -0.007038
-34.198 82.5713 -8.27887 0.459645 -0.888087 -0.00518851
-33.2769 83.0366 -7.10106 0.45037 -0.892836 -0.00318236
-32.2716 83.5326 -5.97807 0.437776 -0.899054 -0.00733346
-31.3823 83.9541 -4.98934 0.429846 -0.902851 -0.00800686
-30.5065 84.3604 -4.05834 0.425585 -0.904907 -0.00457207
-29.6164 84.7741 -3.12945 0.405316 -0.91416 -0.00477991
-28.6999 85.177 -2.05193 0.401227 -0.915953 -0.00500388
-27.7779 85.5684 -1.12897 0.394081 -0.919049 -0.00687477
-26.8725 85.9463 -0.256466 0.383513 -0.923531 0.00283632
-25.8359 86.3571 0.828711 0.358938 -0.933342 -0.00592479
-24.9556 86.6846 1.79506 0.353742 -0.935337 0.003422
-23.9216 87.0582 2.86207 0.33102 -0.943481 -0.0163639
-22.9382 87.3603 3.83356 0.288167 -0.957428 -0.0161458
-21.9891 87.629 4.72746 0.272625 -0.962116 0.000346749
-21.1534 87.8588 5.66212 0.264792 -0.964275 -0.00673613
-20.1967 88.0927 6.73975 0.246427 -0.969072 -0.0131284
-19.1531 88.3393 7.71894 0.224304 -0.974473 -0.00611909
-18.1846 88.5325 8.72376 0.191701 -0.981273 -0.0187825
-17.1972 88.7002 9.66906 0.170899 -0.985176 -0.0143762
-16.0826 88.8473 10.671 0.121099 -0.992509 -0.016171
-14.9594 88.98 11.6904 0.121343 -0.992571 0.00438124
-13.8667 89.0773 12.8973 0.0876028 -0.99614 -0.00487833
-13.573 89.1012 13.188 0.0781569 -0.996899 -0.0045558
-14.8029 88.996 13.2067 0.0953116 -0.995325 0.0118697
-15.6719 88.8975 12.2492 0.129029 -0.991571 6.08444e-05
-16.6376 88.7537 11.364 0.154929 -0.987908 0.00359599
-17.821 88.5742 10.3296 0.178763 -0.983685 -0.0201285
-18.8526 88.3799 9.32703 0.213004 -0.976811 -0.0216782
-19.8187 88.179 8.32354 0.24148 -0.970332 -0.00220907
-20.8403 87.9185 7.3482 0.257377 -0.966215 -0.013607
-21.8022 87.6691 6.24592 0.282922 -0.958987 -0.0168596
-22.7225 87.4026 5.24957 0.301882 -0.953278 -0.0111957
-23.7756 87.0774 4.23197 0.314641 -0.948879 -0.025089
-24.6727 86.7823 3.37134 0.340197 -0.940217 -0.0151731
-25.559 86.4536 2.40403 0.360582 -0.932718 -0.00414734
-26.4442 86.1168 1.46792 0.375304 -0.926867 -0.00752854
-27.3614 85.7429 0.48499 0.391965 -0.919945 -0.00266493
-28.4849 85.2597 -0.59337 0.39608 -0.918197 -0.00588154
-29.4091 84.8578 -1.56508 0.412401 -0.910989 -0.00484601
-30.2295 84.4905 -2.5192 0.424846 -0.905257 -0.000576288
-31.3594 83.9563 -3.68008 0.433259 -0.901245 -0.00555949
-32.3393 83.4889 -4.78764 0.436652 -0.899595 -0.00794949
-33.1904 83.0739 -5.75951 0.451248 -0.892358 -0.00845067
-34.0357 82.6474 -6.70911 0.458653 -0.888581 -0.00733238
-34.9391 82.1862 -7.88337 0.467654 -0.88389 -0.00610725
-35.3767 81.9585 -8.52414 0.468735 -0.883319 -0.00595865
-35.7281 81.7651 -7.55458 0.469217 -0.883062 -0.00612774
-34.9239 82.1846 -6.50569 0.465394 -0.88508 -0.0056809
-34.129 82.5931 -5.5388 0.46013 -0.887825 -0.00629949
-33.2704 83.0252 -4.56941 0.4497 -0.893172 -0.00380102
-32.4829 83.4082 -3.64964 0.441178 -0.897386 -0.00768905
-31.6215 83.8244 -2.74857 0.440324 -0.897839 -0.000528151
-30.6849 84.2741 -1.70941 0.42555 -0.904897 -0.00825426
-29.8579 84.6506 -0.758226 0.412616 -0.910904 -0.00161339
-28.9061 85.0686 0.226042 0.403814 -0.914815 -0.0067277
-27.9997 85.4647 1.07405 0.400993 -0.916079 -0.00165491
-27.1084 85.8412 2.02534 0.38162 -0.924295 -0.00654906
-26.134 86.224 3.06715 0.366833 -0.930197 -0.012916
-25.2349 86.5532 4.02403 0.354204 -0.934869 -0.0233108
-24.2483 86.9023 4.96417 0.330291 -0.943717 -0.0157259
-23.1383 87.2583 6.10012 0.316832 -0.948414 -0.0102064
-22.108 87.565 7.2591 0.286498 -0.958033 -0.00958023
-21.1812 87.8207 8.23679 0.275626 -0.961105 -0.0175039
-20.0601 88.0982 9.31951 0.243667 -0.969522 -0.0254958
-19.2046 88.2868 10.2409 0.215964 -0.976347 -0.0103033
-18.2417 88.4741 11.1476 0.188977 -0.981665 -0.0249199
-17.207 88.6631 12.0694 0.17152 -0.985172 -0.00408754
-16.2525 88.8201 12.9666 0.157994 -0.987431 -0.0042798
-15.9821 88.8615 13.2399 0.140868 -0.990024 0.00251933
-17.1109 88.6797 13.3619 0.16149 -0.986857 0.0013906
-18.1456 88.4913 12.448 0.190739 -0.981624 -0.00472865
-19.2727 88.2589 11.4039 0.225995 -0.974023 -0.0139155
-20.2044 88.0571 10.4739 0.229831 -0.973186 -0.00222731
-21.1176 87.8177 9.51851 0.268466 -0.963284 0.000423538
-22.0558 87.561 8.58503 0.281734 -0.959353 -0.0161209
-22.9762 87.2956 7.59441 0.299566 -0.953985 -0.00891402
-23.8277 87.021 6.64332 0.317095 -0.948374 -0.00620177
-24.9065 86.6548 5.55513 0.342087 -0.939504 -0.0175393
-25.7903 86.3325 4.7018 0.360697 -0.932638 -0.00921776
-26.7494 85.9697 3.67264 0.374652 -0.927095 -0.011403
-27.6807 85.595 2.69885 0.398892 -0.916973 -0.0053294
-28.6438 85.1806 1.6995 0.406215 -0.913751 -0.00498638
-29.5526 84.78 0.83448 0.406687 -0.913554 -0.00503784
-30.4562 84.372 -0.141099 0.420266 -0.9074 0.00104877
-31.2584 83.9977 -1.05816 0.433484 -0.901137 -0.00466227
-32.0687 83.604 -2.0048 0.444866 -0.895593 -0.00197835
-32.9893 83.1514 -2.9295 0.445479 -0.895262 -0.00706075
-33.7715 82.7656 -3.85793 0.457578 -0.889159 -0.00402871
-34.5596 82.3644 -4.77843 0.46381 -0.885928 -0.00350965
-35.3704 81.9438 -5.71617 0.468483 -0.883455 -0.00562059
-36.1995 81.5091 -6.82657 0.472531 -0.881303 -0.00437646
-36.5297 81.3267 -5.8426 0.474115 -0.880456 -0.00347866
-35.7894 81.7191 -4.88408 0.468784 -0.88331 -0.00128375
-34.9759 82.1432 -3.97302 0.464285 -0.885676 -0.0042148
-34.071 82.6085 -2.88559 0.458816 -0.888523 -0.0033065
-33.2328 83.0262 -2.00066 0.445604 -0.895222 -0.00389012
-32.2753 83.5021 -0.955479 0.445593 -0.895234 0.00129624
-31.4614 83.8951 -0.00483493 0.434587 -0.900619 -0.00453186
-30.6312 84.2864 0.967327 0.428297 -0.90358 -0.00948289
-29.7522 84.6786 1.83448 0.413913 -0.910234 -0.0122266
-28.8695 85.0681 2.71008 0.413804 -0.910304 -0.0106613
-28.0302 85.4312 3.62851 0.405294 -0.914115 -0.0113943
-27.1025 85.8155 4.60019 0.373121 -0.927722 -0.0105348
-26.1167 86.1962 5.63269 0.364841 -0.930991 -0.0113272
-25.2333 86.5209 6.48953 0.352177 -0.935893 -0.00870794
-24.2203 86.8801 7.50412 0.342888 -0.939282 -0.0131447
-23.2012 87.2143 8.67095 0.304973 -0.952241 -0.0136766
-22.2352 87.4963 9.6737 0.288484 -0.957463 -0.00630489
-21.2385 87.7832 10.6643 0.27528 -0.961046 -0.0236354
-20.187 88.0385 11.7415 0.233181 -0.972296 -0.0160944
-19.2741 88.2584 12.6129 0.212126 -0.97717 0.000138871
-18.1707 88.4819 13.6011 0.192087 -0.981351 0.00519126
-17.864 88.5441 13.8889 0.183943 -0.982775 0.0160271
-18.8139 88.3541 14.2226 0.220064 -0.975339 0.0165295
-19.8907 88.1021 13.2333 0.247517 -0.968868 -0.0053679
-20.9515 87.8276 12.2521 0.270267 -0.962712 -0.00993929
-22.0224 87.5443 11.1454 0.284249 -0.958684 -0.0108716
-22.9327 87.2793 10.2333 0.293477 -0.955906 -0.0105342
-23.8129 86.9935 9.29444 0.324397 -0.945664 -0.0219742
-24.6563 86.7062 8.36334 0.347316 -0.937663 -0.012578
-25.5444 86.3898 7.41828 0.360468 -0.932605 -0.0176181
-26.4726 86.0427 6.51191 0.372788 -0.927793 -0.0151334
-27.3631 85.6971 5.60942 0.380413 -0.924722 -0.0132688
-28.2937 85.3081 4.61603 0.404718 -0.914411 -0.00704753
-29.1342 84.9392 3.69286 0.410684 -0.911749 -0.00729596
-30.1107 84.5041 2.69331 0.4175 -0.90865 -0.00696811
-31.2179 84.0008 1.63115 0.432099 -0.901802 -0.0065531
-32.0443 83.6097 0.639268 0.436192 -0.899836 -0.0055786
-32.8693 83.2022 -0.34278 0.449598 -0.893222 -0.0040348
-33.8365 82.7167 -1.41362 0.453629 -0.891127 -0.0104802
-34.7396 82.2586 -2.37761 0.461289 -0.887242 -0.00370347
-35.5078 81.8611 -3.31292 0.464622 -0.8855 -0.00404812
-36.3919 81.3939 -4.27012 0.474771 -0.880103 -0.00330799
-36.7696 81.1917 -4.77407 0.477892 -0.878415 -0.002235
-37.1574 80.9762 -3.87571 0.480087 -0.877214 -0.00349947
-36.3444 81.4145 -2.97982 0.475784 -0.879559 -0.00241914
-35.4226 81.8985 -1.90385 0.465135 -0.885217 -0.00609698
-34.5733 82.3353 -0.967644 0.459586 -0.888109 -0.00589462
-33.7072 82.7755 0.0132098 0.455495 -0.890234 -0.00279713
-32.7872 83.233 1.05191 0.449652 -0.893167 -0.00810004
-31.8531 83.6879 2.21581 0.43667 -0.899566 -0.0100486
-30.8377 84.1657 3.18627 0.420122 -0.907449 -0.00491869
-29.842 84.616 4.20219 0.41759 -0.908611 -0.00669695
-28.9787 84.9977 5.12814 0.408865 -0.91255 -0.00869285
-28.1262 85.3647 6.0549 0.397886 -0.917324 -0.0139888
-27.215 85.7358 7.02985 0.372887 -0.927758 -0.0148429
-26.3053 86.0868 7.90778 0.366081 -0.930431 -0.0154421
-25.4462 86.4044 8.80572 0.358242 -0.933571 -0.00987506
-24.6071 86.7046 9.71089 0.337405 -0.941122 -0.0211237
-23.6881 87.0138 10.683 0.324899 -0.945729 -0.00615202
-22.7421 87.3203 11.6657 0.301611 -0.953296 -0.013611
-21.7177 87.6046 12.7321 0.282004 -0.959359 -0.00802218
-20.7697 87.8706 13.615 0.271881 -0.962313 -0.00572672
-19.8123 88.1245 14.5486 0.248089 -0.968586 0.011541
-20.7086 87.8872 14.9065 0.265434 -0.964083 0.00906443
-21.6811 87.6107 14.0144 0.274357 -0.961613 0.000148605
-22.6213 87.3317 13.0784 0.28543 -0.958355 -0.00726569
-23.4711 87.0717 12.1671 0.317906 -0.948049 -0.0117723
-24.4147 86.7533 11.1639 0.34017 -0.940328 -0.00816791
-25.3016 86.445 10.2333 0.345407 -0.93833 -0.015119
-26.3994 86.031 9.08917 0.369168 -0.929312 -0.00966668
-27.2754 85.6934 8.17823 0.37213 -0.928067 -0.0144853
-28.3217 85.2665 7.1346 0.393975 -0.919069 -0.00974638
-29.1902 84.8916 6.16376 0.409626 -0.912199 -0.0100009
-30.1277 84.4763 5.18201 0.417401 -0.908683 -0.00844656
-31.0132 84.0755 4.22142 0.427792 -0.903845 -0.00709391
-32.1608 83.5309 3.11459 0.441117 -0.897424 -0.00508803
-33.004 83.1138 2.13834 0.448365 -0.893828 -0.00548465
-33.8328 82.7038 1.14412 0.453417 -0.891265 -0.00771712
-34.7211 82.2537 0.163776 0.462415 -0.886659 -0.00282188
-35.7064 81.7431 -0.949532 0.463446 -0.886112 -0.00477476
-36.6285 81.2538 -1.98191 0.479494 -0.877516 -0.00715102
-37.3713 80.8533 -2.81692 0.482635 -0.875797 -0.00661539
-37.5837 80.7304 -1.79017 0.480134 -0.877188 -0.00341805
-36.7219 81.1958 -0.844208 0.478885 -0.877873 -0.00289968
-35.8954 81.6365 0.145693 0.47254 -0.881279 -0.00731489
-34.8934 82.1594 1.25199 0.462349 -0.886689 -0.00398293
-34.0665 82.5753 2.21074 0.455121 -0.890416 -0.00490355
-33.178 83.0231 3.27045 0.449912 -0.893071 -0.00187935
-32.2785 83.4674 4.19265 0.445818 -0.895089 -0.00739745
-31.3063 83.9268 5.15387 0.433845 -0.900889 -0.0132784
-30.2929 84.386 6.26216 0.421251 -0.906868 -0.0116816
-29.2809 84.8379 7.35234 0.409515 -0.912249 -0.00995167
-28.2643 85.2724 8.41141 0.392271 -0.919718 -0.0154165
-27.2899 85.6715 9.41034 0.383779 -0.923343 -0.0115672
-26.4401 86.0105 10.2985 0.37163 -0.928261 -0.0133042
-25.518 86.3461 11.2591 0.355406 -0.934584 -0.0151085
-24.6607 86.6535 12.182 0.343062 -0.939296 -0.00546581
-23.7691 86.9588 13.1299 0.3203 -0.947256 -0.0107
-22.8147 87.2626 14.1291 0.302923 -0.953003 -0.00434548
-21.816 87.5722 15.0848 0.286072 -0.958204 -0.00101251
-21.6395 87.6242 15.2467 0.282836 -0.959159 -0.00345905
-22.6269 87.3177 15.5373 0.298149 -0.954498 -0.00626956
-23.5303 87.0245 14.6649 0.318279 -0.947979 -0.00576619
-24.443 86.7175 13.7106 0.333951 -0.942489 -0.0130227
-25.4418 86.3597 12.6046 0.361889 -0.932194 -0.00578312
-26.4339 85.9909 11.5552 0.359885 -0.932827 -0.0173668
-27.4882 85.5788 10.4557 0.388001 -0.921614 -0.0090647
-28.3571 85.2174 9.54662 0.394298 -0.918953 -0.00667864
-29.2777 84.8248 8.59433 0.403955 -0.914725 -0.00784675
-30.2978 84.3696 7.47198 0.421564 -0.90674 -0.0103253
-31.1958 83.96 6.53323 0.430358 -0.902606 -0.00937115
-32.0741 83.5507 5.57717 0.437702 -0.899043 -0.0115347
-33.033 83.088 4.63411 0.446183 -0.894919 -0.00614032
-33.9126 82.6491 3.71214 0.454724 -0.890632 0.000507857
-34.715 82.2406 2.74947 0.456101 -0.889908 -0.00586064
-35.5194 81.8251 1.83319 0.470511 -0.882394 -0.000464795
-36.472 81.3218 0.78805 0.474498 -0.880214 -0.00837276
-37.3783 80.8328 -0.307623 0.482944 -0.875623 -0.00700028
-37.8205 80.5929 -0.814094 0.482944 -0.875607 -0.00885589
-38.0082 80.4798 0.283974 0.483975 -0.875042 -0.00831263
-37.0086 81.0236 1.43583 0.480486 -0.876997 -0.00284998
-36.1035 81.5129 2.46539 0.476417 -0.879215 -0.00261324
-35.1119 82.0279 3.59261 0.45939 -0.888207 -0.00623033
-34.3217 82.4384 4.52198 0.463685 -0.885997 -0.00236481
-33.4713 82.8642 5.39686 0.446286 -0.894877 -0.00434276
-32.5848 83.2968 6.25601 0.441183 -0.897415 -0.00129348
-31.7629 83.6839 7.1966 0.429332 -0.903097 -0.00908953
-30.7108 84.1703 8.26237 0.421775 -0.906677 -0.00583589
-29.8131 84.5783 9.26748 0.416132 -0.909274 -0.00703767
-28.8726 84.9884 10.252 0.401304 -0.915916 -0.00710483
-27.8958 85.3971 11.2918 0.389393 -0.920999 -0.0115702
-26.9713 85.7623 12.2392 0.376596 -0.926281 -0.0133676
-26.0425 86.1186 13.2295 0.365058 -0.930948 -0.00825737
-25.0463 86.4922 14.3569 0.35932 -0.933076 -0.0160709
-24.1379 86.8109 15.3299 0.335701 -0.941966 -0.00225701
-23.5416 87.0135 15.8857 0.32384 -0.946111 0.000275836
-24.4787 86.6867 16.2166 0.338412 -0.940978 0.000956799
-25.5529 86.2925 15.0895 0.354833 -0.934911 0.00588086
-26.4197 85.9604 14.1083 0.371901 -0.928193 -0.0121481
-27.4602 85.553 12.9909 0.376693 -0.926249 -0.0128423
-28.5005 85.1288 11.9279 0.395629 -0.918322 -0.0127438
-29.465 84.7176 10.8765 0.409237 -0.912368 -0.0103708
-30.3146 84.3412 9.98183 0.418381 -0.908236 -0.00808679
-31.289 83.8953 8.92802 0.424224 -0.905542 -0.00523491
-32.1867 83.4763 7.9923 0.434096 -0.900854 -0.00486476
-33.0053 83.0864 7.09188 0.437755 -0.899061 -0.00691719
-33.9265 82.6305 6.15282 0.454595 -0.890694 0.000886948
-34.7705 82.2009 5.28751 0.462153 -0.886789 -0.00438819
-35.6422 81.7452 4.27515 0.470785 -0.882236 -0.00451183
-36.5133 81.287 3.26608 0.474687 -0.880127 -0.00640635
-37.4479 80.7813 2.21654 0.480792 -0.876833 -0.00130973
-38.1132 80.4165 1.50233 0.484278 -0.874909 -0.002745
-38.2926 80.3151 2.53959 0.485379 -0.874303 -0.00103009
-37.3802 80.8133 3.57557 0.478741 -0.877951 -0.00314008
-36.4926 81.2892 4.58482 0.471472 -0.88187 -0.00439342
-35.6071 81.7577 5.60617 0.471535 -0.881839 -0.00372827
-34.6916 82.2383 6.59004 0.459198 -0.888331 0.000290423
-33.6401 82.7704 7.68298 0.453083 -0.891402 -0.0108741
-32.6862 83.2267 8.66615 0.44105 -0.897416 -0.0108609
-31.8694 83.6186 9.57613 0.432431 -0.90164 -0.00696905
-30.9074 84.0609 10.6008 0.420864 -0.907085 -0.00838976
-29.8388 84.5422 11.7409 0.413135 -0.910648 -0.00629653
-28.8894 84.9531 12.7568 0.396733 -0.917895 -0.00837856
-27.9672 85.335 13.7213 0.388314 -0.921445 -0.012127
-27.0342 85.7095 14.685 0.371299 -0.928507 0.00337998
-26.1485 86.0634 15.7274 0.367495 -0.930025 -8.32886e-05
-25.2104 86.421 16.7076 0.354329 -0.935116 -0.000612594
-25.1369 86.4491 16.7824 0.350786 -0.936445 0.0013468
-26.3126 85.999 16.8181 0.374292 -0.92729 -0.00217737
-27.1506 85.6598 15.8887 0.382847 -0.923795 -0.00547399
-28.0637 85.2836 14.8573 0.387314 -0.921945 -0.000798086
-28.9815 84.9004 13.9244 0.397173 -0.917651 -0.0130114
-30.0181 84.456 12.8136 0.4118 -0.911252 -0.00364001
-30.8384 84.0856 11.8988 0.420012 -0.907508 -0.00405462
-31.7398 83.6708 10.9612 0.432666 -0.901532 -0.00627389
-32.5866 83.2705 10.0697 0.437877 -0.898994 -0.00677994
-33.45 82.8465 9.12969 0.447285 -0.894378 -0.00448262
-34.3226 82.4146 8.20284 0.454907 -0.890449 -0.0123166
-35.1776 81.9783 7.29959 0.465126 -0.885196 -0.00922179
-36.1144 81.4842 6.31223 0.471724 -0.881744 -0.00170666
-37.0231 81.0014 5.24452 0.4731 -0.880996 -0.00456895
-37.9596 80.4949 4.2 0.482587 -0.875833 -0.00340993
-38.3465 80.2814 3.75047 0.486148 -0.87387 -0.00347707
-38.1694 80.3735 5.24841 0.484968 -0.874521 -0.00430122
-37.3562 80.8156 6.15133 0.475682 -0.879615 -0.0020574
-36.5008 81.2755 7.12645 0.473243 -0.880929 -0.00163595
-35.6365 81.7333 8.02062 0.464196 -0.885712 -0.00550986
-34.7584 82.1851 9.01212 0.458362 -0.888745 -0.006098
-33.8989 82.6167 9.90075 0.451257 -0.892381 -0.00479667
-33.0643 83.0275 10.8042 0.44586 -0.895032 -0.0112507
-32.2065 83.4383 11.7261 0.435875 -0.89995 -0.0101728
-31.3035 83.8593 12.6588 0.428171 -0.903612 -0.0124577
-30.386 84.2774 13.681 0.418177 -0.908251 -0.0144113
-29.3937 84.7133 14.7474 0.399212 -0.916837 -0.00569204
-28.4185 85.1293 15.7159 0.39548 -0.918459 -0.00517923
-27.4921 85.5132 16.7773 0.386693 -0.922193 -0.00401327
-27.2146 85.6279 17.0875 0.382595 -0.923914 0.00129845
-28.2956 85.1742 17.1711 0.388948 -0.92126 -0.000454552
-29.2713 84.7583 16.1129 0.40255 -0.915387 -0.00424513
-30.3237 84.293 15.0202 0.41343 -0.910485 -0.00951597
-31.2391 83.8754 14.0094 0.427222 -0.904121 -0.00680628
-32.1106 83.4676 13.0708 0.435168 -0.900264 -0.0123561
-33.1463 82.9733 11.9575 0.44335 -0.896299 -0.00928477
-34.1135 82.5004 10.9467 0.452717 -0.891615 -0.0083186
-35.0251 82.0413 9.9489 0.458472 -0.888691 -0.00561959
-35.9359 81.5719 8.92814 0.46903 -0.883177 -0.00299777
-36.7692 81.1283 8.06439 0.474187 -0.88042 -0.00249133
-37.5708 80.6966 7.1692 0.479006 -0.877808 -0.00198546
-38.03 80.4458 6.64686 0.482306 -0.875998 -0.00263572
-37.5063 80.7283 8.4869 0.478211 -0.878245 -0.000500203
-36.517 81.2607 9.55817 0.469741 -0.882795 -0.00397753
-35.6476 81.7138 10.522 0.463847 -0.885878 -0.00811123
-34.7508 82.1695 11.5279 0.45506 -0.890417 -0.00874301
-33.7647 82.6565 12.5423 0.448596 -0.893675 -0.0103054
-32.9381 83.0614 13.4501 0.444686 -0.895636 -0.00948984
-32.0673 83.4777 14.3727 0.43778 -0.899001 -0.011912
-31.1603 83.9014 15.3548 0.432665 -0.901494 -0.0104819
-30.3249 84.2813 16.2719 0.418919 -0.908023 0.000800179
-29.5163 84.6465 17.115 0.402541 -0.915396 -0.00288208
-30.882 84.0221 16.9421 0.428361 -0.903605 -0.00217508
-31.8039 83.5869 15.8865 0.432232 -0.901715 -0.00924525
-32.7351 83.1445 14.9007 0.439182 -0.898326 -0.0113911
-33.7889 82.6332 13.7839 0.446972 -0.894504 -0.00889354
-34.7079 82.1752 12.7853 0.454762 -0.890554 -0.00990114
-35.6014 81.7264 11.8408 0.46145 -0.887119 -0.009179
-36.416 81.3064 10.9511 0.466991 -0.884238 -0.0062376
-36.8216 81.0927 10.4908 0.47244 -0.88135 -0.00464976
-35.4707 81.781 13.2195 0.459129 -0.888343 -0.00605387
-34.5603 82.2412 14.1699 0.454244 -0.890865 -0.00468848
-33.5237 82.7514 15.2564 0.445793 -0.895117 -0.00553619
-33.0029 83.0051 15.8411 0.439312 -0.89831 -0.00665957
7.17063 83.8171 -17.9358 -0.452589 -0.891712 -0.00233104
8.16103 83.31 -17.3831 -0.45857 -0.888656 0.00180311
8.93706 82.9089 -16.743 -0.463131 -0.886276 0.00386573
9.67924 82.5273 -15.9337 -0.467774 -0.883782 0.0107992
10.3441 82.1859 -15.025 -0.469862 -0.882648 0.0126218
10.8966 81.9064 -14.1451 -0.469643 -0.882753 0.0135371
11.4257 81.6385 -13.1042 -0.472392 -0.881297 0.0126939
11.9289 81.3834 -12.1995 -0.474488 -0.880142 0.0145293
12.322 81.1866 -11.2725 -0.475235 -0.879752 0.0137044
12.7541 80.9691 -10.0926 -0.474134 -0.880377 0.0115028
13.1495 80.769 -9.02736 -0.479379 -0.877536 0.0112717
13.5606 80.5584 -7.83788 -0.482102 -0.876054 0.0103154
13.8373 80.4177 -6.86324 -0.481631 -0.876305 0.0109785
14.0451 80.3163 -5.86197 -0.480821 -0.876756 0.0102188
14.1823 80.2516 -4.83608 -0.482412 -0.875893 0.00951083
14.2787 80.2116 -3.76097 -0.483358 -0.875363 0.0102463
14.3208 80.2035 -2.62392 -0.48521 -0.874312 0.012232
14.3995 80.1768 -1.28194 -0.484251 -0.874889 0.00833076
14.4389 80.1682 -0.0482484 -0.484358 -0.874813 0.0100015
14.4232 80.1886 0.991404 -0.483783 -0.875131 0.0100032
14.4647 80.1781 2.28349 -0.479554 -0.87747 0.0084099
14.4023 80.2241 3.35821 -0.479355 -0.87758 0.00852191
14.3032 80.2883 4.4317 -0.476897 -0.878905 0.00976025
14.2172 80.3466 5.42595 -0.475974 -0.879368 0.0126545
14.0799 80.4365 6.50446 -0.473076 -0.880948 0.0111915
13.8735 80.5603 7.76315 -0.469216 -0.883054 0.00639619
13.6511 80.6863 8.92532 -0.466463 -0.884513 0.00701785
13.3719 80.8399 9.88025 -0.466736 -0.884386 0.00414009
13.0087 81.0337 10.9284 -0.46453 -0.885554 0.00243944
12.6477 81.2243 11.839 -0.459716 -0.888065 0.00103227
12.2548 81.4287 12.7239 -0.459237 -0.888313 0.000748985
11.6609 81.7349 13.8266 -0.456342 -0.889803 0.000933928
11.1478 81.9982 14.6751 -0.45494 -0.890522 -0.000306057
10.5068 82.323 15.4751 -0.452251 -0.891888 -0.00159878
9.49509 82.8286 16.1013 -0.444199 -0.89592 0.00209373
8.61581 83.2591 16.4349 -0.438131 -0.89891 0.00147637
7.46627 83.8156 16.5928 -0.430776 -0.902458 0.00128839
6.49249 84.2793 16.5545 -0.427612 -0.903959 0.000219256
5.46266 84.7578 16.4547 -0.417906 -0.908485 0.00274842
4.22878 85.3076 16.3629 -0.399273 -0.916819 0.00493381
3.28363 85.7077 16.2409 -0.381523 -0.924307 0.00941557
2.30493 86.106 16.0221 -0.367866 -0.929813 0.0109236
1.33159 86.4835 15.6659 -0.357619 -0.933724 0.0157075
0.334701 86.8533 15.2527 -0.348605 -0.937128 0.0153042
-0.62144 87.1856 14.8248 -0.323393 -0.946213 0.0098076
-1.56864 87.4982 14.4979 -0.300586 -0.953706 0.00952562
-2.89653 87.8919 14.1436 -0.263456 -0.964578 0.0121628
-4.04226 88.1858 13.8894 -0.2347 -0.972054 0.00529051
-5.09374 88.4249 13.7087 -0.202928 -0.979024 0.0177735
-6.30389 88.6628 13.5646 -0.181625 -0.983198 0.0167901
-7.33682 88.8381 13.5315 -0.158704 -0.987156 0.0183077
-8.35029 88.9742 13.4517 -0.110432 -0.993817 0.0111805
-9.34134 89.073 13.3855 -0.0876216 -0.996141 0.00477984
-10.5818 89.1451 13.4341 -0.0360835 -0.999313 -0.00548737
-11.8553 89.1556 13.5462 -0.000800761 -0.999877 0.00524128
-12.8484 89.1325 13.6425 0.0405988 -0.999011 0.0164176
-13.8452 89.0808 13.7236 0.0830682 -0.996453 0.013308
-15.0882 88.9728 13.7895 0.108231 -0.994087 0.0048202
-16.0627 88.8548 13.9411 0.143461 -0.989458 0.00955777
-17.1054 88.6876 14.1984 0.160485 -0.986994 0.0093459
-18.1416 88.5005 14.4976 0.199783 -0.97976 0.0124262
-19.3171 88.2471 14.9058 0.234645 -0.972036 0.00925933
-20.3944 87.9767 15.3325 0.262721 -0.964829 0.00904484
-21.3197 87.7155 15.7172 0.282158 -0.959357 -0.00448056
-22.264 87.4289 16.1371 0.296051 -0.95517 -0.000407108
-23.3037 87.0957 16.6204 0.323743 -0.946144 0.00126638
-24.3386 86.7422 17.0185 0.333804 -0.942594 0.00378646
-25.2749 86.3984 17.3898 0.350164 -0.936679 0.00153651
-26.2623 86.015 17.611 0.36914 -0.92936 -0.00509119
-27.3382 85.5763 17.7521 0.386626 -0.922235 -0.000980712
-28.506 85.0833 17.7523 0.392471 -0.919759 -0.00210899
-29.4251 84.6849 17.7017 0.406627 -0.913588 -0.00150792
-30.3985 84.2465 17.5642 0.417112 -0.908835 -0.00309338
-31.3738 83.7871 17.3042 0.430917 -0.902386 -0.00184279
-32.2091 83.3853 16.9376 0.433676 -0.901069 0.000631418
-33.0921 82.9572 16.3634 0.440109 -0.897928 -0.00544764
-33.8581 82.5826 15.7158 0.446559 -0.894746 -0.00375486
-34.5706 82.2306 15.1081 0.454425 -0.890769 -0.00525866
-35.3108 81.8574 14.2948 0.455199 -0.890379 -0.00441826
-35.9182 81.547 13.4003 0.461652 -0.887053 -0.00387072
-36.4328 81.2856 12.5602 0.46571 -0.884913 -0.00646458
-36.9741 81.007 11.4416 0.469172 -0.883088 -0.00485552
-37.4117 80.7768 10.3222 0.474039 -0.880494 -0.00377758
-37.7526 80.5936 9.20562 0.477366 -0.878704 -0.00115587
-38.135 80.3865 7.97568 0.478726 -0.877963 -0.00104885
-38.4081 80.2373 7.0011 0.48144 -0.876479 -0.000372019
-38.6735 80.0929 5.8229 0.485057 -0.874481 -0.00114269
-38.8235 80.0122 4.75414 0.486062 -0.873918 -0.00320797
-38.8336 80.0107 3.68569 0.486533 -0.873656 -0.00316617
-38.7748 80.0472 2.57456 0.486388 -0.87374 -0.00214347
-38.6843 80.1002 1.356 0.484801 -0.874621 -0.00262889
-38.5569 80.1753 0.349754 0.484708 -0.874642 -0.00776207
-38.3062 80.3252 -0.853715 0.485288 -0.874323 -0.00729736
-38.0333 80.4845 -2.07223 0.485313 -0.874334 -0.00341588
-37.7985 80.6197 -3.07422 0.484029 -0.875029 -0.00622508
-37.5613 80.7556 -4.05157 0.480684 -0.876887 -0.00345936
-37.2567 80.927 -5.11152 0.479476 -0.877549 -0.00318573
-36.9212 81.1166 -6.10734 0.475038 -0.879957 -0.00381113
-36.5591 81.3174 -7.14498 0.473878 -0.880576 -0.00500593
-36.1645 81.5363 -8.03944 0.471558 -0.881804 -0.00715532
-35.7063 81.7861 -8.88836 0.468095 -0.883658 -0.00584084
-35.2208 82.0475 -9.71587 0.465388 -0.885082 -0.00662623
-34.6066 82.3738 -10.549 0.456379 -0.889741 -0.00842744
-33.8649 82.7623 -11.2085 0.455795 -0.890013 -0.011328
-33.0305 83.1898 -11.8459 0.446246 -0.894866 -0.00877902
-32.1321 83.6368 -12.3524 0.436762 -0.899539 -0.00670447
-31.2826 84.0456 -12.7008 0.427164 -0.904091 -0.0122128
-30.2045 84.5471 -12.9084 0.415291 -0.909657 -0.00753674
-29.2549 84.9714 -12.9139 0.402812 -0.915216 -0.0108933
-28.3069 85.3868 -12.9292 0.400329 -0.916336 -0.00802008
-26.9902 85.9421 -12.9754 0.375771 -0.92666 -0.00716099
-25.8503 86.3832 -12.8989 0.350908 -0.936368 -0.00886395
-24.7382 86.784 -12.7011 0.332412 -0.943077 -0.0100525
-23.8008 87.1061 -12.5547 0.326535 -0.945172 0.00502699
-22.8087 87.4356 -12.3935 0.301911 -0.953312 0.00680006
-21.6241 87.8033 -12.132 0.279873 -0.959982 -0.00909417
-20.492 88.1172 -11.8596 0.253412 -0.967263 -0.0068067
-19.4355 88.3743 -11.541 0.239561 -0.970827 0.00389094
-18.3376 88.6155 -11.164 0.198772 -0.979968 0.0107687
-17.2197 88.8336 -10.9401 0.171398 -0.985031 -0.0174559
-16.1889 89.0072 -10.7908 0.14674 -0.988832 -0.024261
-14.9078 89.1698 -10.6311 0.11003 -0.993801 -0.0153517
-13.9179 89.2642 -10.5221 0.0643353 -0.997703 -0.0163994
-12.8814 89.3111 -10.5411 0.0260402 -0.999495 -0.0166801
-11.6933 89.3192 -10.633 -0.0132374 -0.999829 -0.0128629
-10.5243 89.2853 -10.8392 -0.0444257 -0.998527 -0.0311366
-9.22255 89.2047 -11.1687 -0.0903252 -0.995423 -0.0311699
-8.17652 89.0967 -11.534 -0.137628 -0.990018 -0.0303811
-7.25134 88.9703 -11.9278 -0.170675 -0.984749 -0.0337515
-6.37021 88.828 -12.3967 -0.191718 -0.980851 -0.0333217
-5.34836 88.6248 -13.0155 -0.215512 -0.976227 -0.0231252
-4.41713 88.4189 -13.6853 -0.270681 -0.961884 -0.0388016
-3.51595 88.19 -14.312 -0.285861 -0.957334 -0.0418069
-2.45737 87.8815 -14.9744 -0.311408 -0.950035 -0.0213996
-1.31933 87.5048 -15.5975 -0.335922 -0.941468 -0.0278999
-0.418639 87.1877 -16.0595 -0.357313 -0.933742 -0.0212746
0.569875 86.8172 -16.5747 -0.370536 -0.928324 -0.0301707
1.43439 86.4774 -16.9428 -0.380176 -0.92451 -0.0270133
2.45409 86.0487 -17.3371 -0.399364 -0.916451 -0.0250228
3.38729 85.638 -17.6304 -0.418949 -0.907792 -0.0198932
4.38242 85.1826 -17.8964 -0.422163 -0.90646 -0.00990306
5.44296 84.6775 -18.0796 -0.43553 -0.900136 -0.0078028
6.38577 84.2126 -18.0603 -0.445891 -0.895078 -0.000268561
6.92732 83.9399 -17.9944 -0.450449 -0.8928 -0.00192037
7.09686 83.8587 -18.9816 -0.454533 -0.890718 -0.00241345
6.08947 84.3671 -19.1019 -0.448513 -0.893735 -0.00827601
5.01892 84.8936 -19.0281 -0.438286 -0.898732 -0.0136677
4.11017 85.3293 -18.8293 -0.42889 -0.903173 -0.0169365
2.91115 85.8766 -18.4913 -0.410364 -0.911609 -0.02215
2.01061 86.2662 -18.2319 -0.400557 -0.915955 -0.0239714
1.03565 86.6656 -17.8189 -0.383089 -0.92333 -0.0265396
0.0693692 87.0396 -17.3857 -0.364677 -0.930719 -0.0277856
-0.808515 87.3614 -16.9291 -0.346965 -0.93748 -0.0270285
-1.79978 87.706 -16.4262 -0.334373 -0.941928 -0.0306539
-2.88069 88.0521 -15.8311 -0.309718 -0.950056 -0.0372334
-3.74985 88.2992 -15.2993 -0.289753 -0.956302 -0.039111
-4.54474 88.5049 -14.7355 -0.259037 -0.96469 -0.0469773
-5.47289 88.7059 -14.0851 -0.222267 -0.97307 -0.0610864
-6.42878 88.8848 -13.4313 -0.186396 -0.981323 -0.0469663
-7.45812 89.0454 -12.8837 -0.18027 -0.982646 -0.0436914
-8.41001 89.1692 -12.4617 -0.145019 -0.988282 -0.0476279
-9.5052 89.2715 -12.0926 -0.0834168 -0.995265 -0.0479342
-10.4633 89.3163 -11.842 -0.043991 -0.998371 -0.03629
-11.5486 89.3387 -11.617 -0.00585307 -0.999541 -0.0296467
-12.6248 89.3358 -11.5134 0.0301881 -0.999318 -0.019623
-13.8315 89.2841 -11.4901 0.0641098 -0.997775 -0.0165237
-14.9089 89.1865 -11.6219 0.110021 -0.993774 -0.0175777
-16.0822 89.0375 -11.7427 0.144627 -0.989357 -0.0159437
-17.1511 88.8631 -11.8825 0.181 -0.983336 -0.0169802
-18.2363 88.6495 -12.1321 0.206279 -0.978356 -0.0163744
-19.251 88.4284 -12.4806 0.236182 -0.971629 -0.0122297
-20.3003 88.1736 -12.795 0.244849 -0.969393 -0.0165869
-21.2505 87.9188 -13.0448 0.278691 -0.960272 -0.0143302
-22.1811 87.6392 -13.2684 0.304253 -0.952497 -0.0133885
-23.1101 87.3445 -13.4436 0.305166 -0.952219 -0.0123795
-24.0733 87.0228 -13.5751 0.324581 -0.94574 -0.0149409
-25.03 86.6903 -13.7158 0.341686 -0.939781 -0.00618467
-26.0885 86.3021 -13.8944 0.356785 -0.934001 -0.012307
-27.0962 85.9041 -13.9722 0.368989 -0.929425 -0.00383268
-28.2766 85.4103 -13.9325 0.391577 -0.920068 -0.0119148
-29.3015 84.9633 -13.8699 0.40175 -0.915617 -0.0155644
-30.2205 84.5536 -13.9068 0.413711 -0.910234 -0.0177845
-31.4176 83.998 -13.7174 0.426987 -0.904132 -0.0150284
-32.3751 83.5316 -13.3031 0.438483 -0.898625 -0.0143042
-33.3438 83.0458 -12.8143 0.450054 -0.892911 -0.0127181
-34.2048 82.6008 -12.1697 0.45383 -0.890988 -0.0131437
-34.9061 82.2313 -11.534 0.458397 -0.888686 -0.0104622
-35.5788 81.871 -10.8073 0.465321 -0.885032 -0.013959
-36.1405 81.5648 -9.94322 0.468086 -0.883648 -0.00758485
-36.6638 81.2777 -9.00882 0.472555 -0.881257 -0.0082634
-37.1354 81.0131 -8.02374 0.47615 -0.879325 -0.00815268
-37.482 80.8182 -7.1104 0.476765 -0.87902 -0.00438114
-37.8394 80.6145 -6.0676 0.481708 -0.876304 -0.00694435
-38.1723 80.4242 -5.09368 0.482203 -0.876053 -0.00345817
-38.3996 80.2932 -4.12967 0.486279 -0.873784 -0.0059112
-38.6975 80.1198 -3.0007 0.485896 -0.874003 -0.00487829
-38.9252 79.988 -1.93005 0.486903 -0.873436 -0.00565853
-39.2162 79.8154 -0.743339 0.488748 -0.872398 -0.0068045
-39.4261 79.6896 0.374963 0.490262 -0.871553 -0.00607732
-39.5386 79.6221 1.38407 0.490405 -0.871493 -0.00197855
-39.6219 79.5724 2.39899 0.490778 -0.87128 -0.00261455
-39.6811 79.5361 3.4891 0.490024 -0.871707 -0.00140684
-39.6871 79.5313 4.60376 0.48865 -0.872478 -0.00196309
-39.5366 79.6123 5.81607 0.487096 -0.873346 -0.00178389
-39.3068 79.7395 6.92217 0.487837 -0.872933 0.00151901
-39.0523 79.8807 7.88133 0.484172 -0.874972 0.000571886
-38.67 80.0919 9.14071 0.481004 -0.876718 8.59016e-05
-38.3839 80.2489 10.0831 0.478291 -0.878201 0.000333455
-38.0454 80.4339 11.1088 0.473947 -0.880551 -0.00113338
-37.6677 80.636 12.0456 0.468293 -0.883571 -0.00178021
-37.209 80.8745 13.0148 0.465759 -0.884902 -0.00414652
-36.6719 81.1517 13.8615 0.463906 -0.885867 -0.00552965
-36.151 81.4208 14.6973 0.4603 -0.887758 -0.00306217
-35.5449 81.7298 15.4513 0.457208 -0.889336 -0.00633756
-34.8016 82.1069 16.1328 0.453693 -0.891148 -0.00385437
-33.9392 82.5372 16.8876 0.4497 -0.893176 -0.00237081
-33.1062 82.9469 17.491 0.441348 -0.897336 7.14004e-06
-32.018 83.4782 18.0881 0.433646 -0.901083 0.00100673
-31.0483 83.9422 18.4043 0.427323 -0.904097 0.00168623
-29.9403 84.4536 18.6031 0.412918 -0.910766 0.00175416
-28.9563 84.893 18.707 0.396713 -0.917922 0.0062243
-27.957 85.3217 18.7406 0.38828 -0.921517 0.00648898
-26.9656 85.7361 18.6879 0.384087 -0.923277 0.00586696
-25.9935 86.1276 18.54 0.372096 -0.928127 0.0111986
-24.9383 86.5315 18.2924 0.353938 -0.935231 0.00826182
-23.6847 86.9772 17.8047 0.329279 -0.944137 0.0134309
-22.7503 87.2895 17.4405 0.310439 -0.950413 0.0169156
-21.7031 87.6105 16.9472 0.29598 -0.955139 0.00872905
-20.7856 87.8732 16.5393 0.280681 -0.959746 0.00918781
-19.8609 88.1239 16.1261 0.249562 -0.968316 0.00914883
-18.9635 88.3448 15.768 0.227763 -0.973574 0.0144475
-17.9339 88.5613 15.449 0.187417 -0.982123 0.0175237
-16.9596 88.7281 15.1446 0.1614 -0.986545 0.0260685
-15.7751 88.9013 14.8622 0.130527 -0.991056 0.0277534
-14.56 89.0445 14.7255 0.0968147 -0.995048 0.0224898
-13.3627 89.1411 14.6492 0.0554934 -0.997943 0.026092
-12.105 89.1785 14.5533 0.0110038 -0.999601 0.0178173
-10.8233 89.1625 14.4344 -0.0290275 -0.999302 0.0220546
-9.67749 89.1142 14.3823 -0.0563719 -0.998144 0.0217394
-8.45193 89.0083 14.4314 -0.119198 -0.992477 0.0273905
-7.29374 88.8532 14.5027 -0.150717 -0.988083 0.0312616
-6.2556 88.6777 14.5316 -0.182368 -0.982635 0.0329692
-5.14045 88.4587 14.6673 -0.208681 -0.977436 0.0322742
-4.14757 88.2325 14.8219 -0.232767 -0.972028 0.0313342
-3.06915 87.9556 15.0822 -0.261831 -0.964939 0.0181069
-2.12262 87.6848 15.3281 -0.293704 -0.955808 0.0112252
-1.1073 87.3651 15.6542 -0.317435 -0.948133 0.0142357
-0.000770568 86.9911 16.1586 -0.333854 -0.942474 0.0154793
1.07912 86.5966 16.6064 -0.35563 -0.934477 0.016711
1.96536 86.2578 16.9265 -0.368741 -0.929344 0.0187015
2.98493 85.8439 17.1544 -0.383549 -0.92343 0.0129022
4.10412 85.3696 17.3508 -0.396974 -0.917779 0.00963125
5.35802 84.8137 17.4176 -0.410457 -0.911826 0.00947409
6.33698 84.3577 17.5244 -0.427195 -0.904139 0.00599155
7.33574 83.8824 17.5595 -0.433915 -0.900945 0.00382103
8.50812 83.3136 17.445 -0.438464 -0.898745 0.00236537
9.40074 82.8777 17.1594 -0.44179 -0.89711 -8.62664e-05
10.2868 82.4357 16.7812 -0.448262 -0.893894 0.00292551
11.1125 82.0169 16.1994 -0.45162 -0.892206 0.002721
11.8749 81.6262 15.2892 -0.455134 -0.89042 0.00221782
12.3826 81.3654 14.4627 -0.456775 -0.88958 0.00185085
12.8763 81.1084 13.4806 -0.459261 -0.888299 0.00218158
13.3373 80.8675 12.5356 -0.460893 -0.887455 0.00128687
13.7271 80.6584 11.5097 -0.465491 -0.885045 0.00356998
14.0842 80.4664 10.417 -0.466169 -0.88469 0.00331421
14.5046 80.2337 9.15455 -0.470387 -0.882436 0.00661988
14.6669 80.1374 8.1006 -0.473946 -0.880507 0.00902803
14.8616 80.0219 7.13131 -0.476029 -0.879365 0.0105015
15.0235 79.9159 5.86108 -0.476791 -0.878923 0.0128706
15.1337 79.8392 4.6567 -0.47739 -0.878622 0.011078
15.2279 79.7739 3.53776 -0.48183 -0.876185 0.0118683
15.3094 79.7131 2.25981 -0.484868 -0.874518 0.0109558
15.2645 79.726 1.21859 -0.484541 -0.874707 0.010386
15.2761 79.7071 0.144742 -0.484045 -0.874984 0.0101323
15.2549 79.7049 -1.04963 -0.48506 -0.874406 0.0113296
15.2063 79.719 -2.05922 -0.487278 -0.873167 0.0117939
15.1585 79.7305 -3.21952 -0.485671 -0.874066 0.0115202
15.091 79.7542 -4.35213 -0.486544 -0.87359 0.0107609
14.9623 79.8141 -5.37618 -0.486766 -0.873476 0.00990942
14.804 79.8885 -6.46734 -0.484713 -0.874602 0.0111548
14.5531 80.0155 -7.44938 -0.484309 -0.874838 0.0101662
14.2752 80.1575 -8.47321 -0.483424 -0.875325 0.010373
13.9034 80.3503 -9.48241 -0.482127 -0.876035 0.0107141
13.5449 80.5347 -10.4324 -0.48064 -0.876848 0.0110614
13.2314 80.6923 -11.3684 -0.476936 -0.878832 0.0136317
12.8058 80.9074 -12.4104 -0.475546 -0.87959 0.0131856
12.2978 81.1673 -13.3044 -0.474158 -0.880355 0.0122411
11.826 81.4074 -14.25 -0.472469 -0.881252 0.0129654
11.2301 81.7112 -15.2503 -0.470309 -0.882387 0.0141792
10.6576 82.005 -16.1152 -0.472519 -0.881232 0.0124857
9.91227 82.3914 -17.0335 -0.468992 -0.883165 0.00770743
9.13727 82.7992 -17.8062 -0.465805 -0.88487 0.00467447
8.38347 83.193 -18.3827 -0.463782 -0.885949 2.0628e-05
7.53967 83.6304 -18.8515 -0.456877 -0.889529 -0.000932514
7.47262 83.6649 -18.8819 -0.457831 -0.889037 -0.00202328
7.68695 83.558 -19.827 -0.458807 -0.888524 -0.00449539
6.68281 84.0782 -20.0388 -0.45393 -0.890997 -0.00757422
5.53527 84.663 -20.0929 -0.449762 -0.892688 -0.02742
4.64945 85.0953 -19.968 -0.435648 -0.899728 -0.0261758
3.69343 85.5489 -19.7264 -0.41943 -0.907195 -0.0327941
2.77245 85.9671 -19.464 -0.416343 -0.908736 -0.0292764
1.76781 86.4064 -19.1737 -0.401215 -0.915229 -0.0370262
0.847446 86.779 -18.784 -0.386464 -0.921629 -0.0352629
-0.0203584 87.1198 -18.4021 -0.371878 -0.927123 -0.0459007
-1.00431 87.4709 -17.8767 -0.347736 -0.936582 -0.0435191
-2.04421 87.8353 -17.3978 -0.339419 -0.939084 -0.052937
-2.93016 88.1167 -16.8792 -0.33011 -0.942605 -0.0502208
-3.79978 88.3766 -16.3523 -0.303267 -0.950268 -0.0706697
-4.79912 88.6365 -15.708 -0.2738 -0.959105 -0.0709342
-5.84504 88.8508 -14.9567 -0.226186 -0.970856 -0.0792371
-6.84842 89.0229 -14.2837 -0.191246 -0.977799 -0.0856329
-7.85968 89.1495 -13.7237 -0.149567 -0.986184 -0.0689503
-8.90217 89.2693 -13.2577 -0.111173 -0.992217 -0.0559564
-9.85397 89.3405 -13.0072 -0.0605529 -0.996659 -0.0547772
-10.9004 89.3794 -12.7196 -0.0445016 -0.996858 -0.0654717
-12.0253 89.3919 -12.5356 0.0127237 -0.998172 -0.0486634
-13.1241 89.3382 -12.5048 0.0497077 -0.998272 -0.0313279
-14.247 89.2753 -12.5002 0.0829166 -0.996228 -0.0254541
-15.2775 89.1622 -12.6396 0.11258 -0.993352 -0.0239116
-16.5191 88.9995 -12.744 0.163896 -0.985949 -0.0299133
-17.5278 88.8128 -12.9457 0.199107 -0.979723 -0.021741
-18.6565 88.5911 -13.2844 0.215124 -0.975085 -0.0507064
-19.7094 88.3466 -13.6183 0.253776 -0.966513 -0.0364715
-20.7679 88.0696 -13.929 0.275497 -0.961138 -0.0161046
-21.7939 87.7689 -14.1662 0.282771 -0.958839 -0.0256736
-22.9482 87.4123 -14.4197 0.3071 -0.951335 -0.0255008
-23.9353 87.0921 -14.5341 0.319948 -0.946932 -0.0308632
-25.2101 86.6445 -14.731 0.346528 -0.937761 -0.0228618
-26.2767 86.2465 -14.8871 0.355906 -0.934378 -0.0163953
-27.4741 85.7686 -14.9442 0.386003 -0.922297 -0.018725
-28.501 85.331 -14.9143 0.391065 -0.920138 -0.020341
-29.603 84.8534 -14.8664 0.403599 -0.914605 -0.0238095
-30.7292 84.3461 -14.8396 0.414297 -0.909784 -0.0249974
-31.6092 83.9269 -14.6467 0.427813 -0.90362 -0.020852
-32.6315 83.4253 -14.2458 0.438288 -0.898595 -0.0206754
-33.6592 82.9036 -13.7557 0.448578 -0.893556 -0.0182741
-34.441 82.4961 -13.213 0.454179 -0.890709 -0.018935
-35.1683 82.1096 -12.5875 0.461487 -0.887072 -0.0114727
-35.956 81.6903 -11.7605 0.45884 -0.888328 -0.0184245
-36.6093 81.3287 -10.9073 0.469352 -0.882875 -0.0154328
-37.1327 81.0375 -10.0165 0.473087 -0.880934 -0.0112025
-37.6602 80.7379 -8.95969 0.477998 -0.878289 -0.0112466
-38.0821 80.4983 -8.05558 0.47921 -0.877647 -0.00945649
-38.4275 80.2995 -7.0522 0.483191 -0.875481 -0.00742471
-38.7442 80.1149 -6.06112 0.484623 -0.874703 -0.00601346
-39.0404 79.9425 -5.08296 0.487772 -0.872948 -0.00628063
-39.2943 79.7936 -3.99909 0.487253 -0.873242 -0.00566571
-39.5976 79.6174 -2.90313 0.487801 -0.872944 -0.00438798
-39.85 79.4694 -1.79596 0.48852 -0.87253 -0.00628323
-40.1259 79.3014 -0.603407 0.49277 -0.870118 -0.0078781
-40.3046 79.1944 0.476689 0.493098 -0.869966 -0.00360163
-40.4429 79.1107 1.77307 0.493692 -0.86963 -0.00351299
-40.5272 79.0604 3.00516 0.492 -0.870594 0.00120452
-40.5304 79.0592 4.02666 0.488785 -0.872403 0.000992929
-40.4891 79.0818 5.0493 0.488212 -0.872721 -0.00222608
-40.351 79.1549 6.04801 0.489209 -0.872157 -0.00405397
-40.1363 79.2737 7.09583 0.492394 -0.870372 -0.00118553
-39.8056 79.4657 8.36677 0.48554 -0.874197 0.00513307
-39.5251 79.6223 9.31063 0.482057 -0.876139 0.00149749
-39.2452 79.7792 10.2489 0.480581 -0.876933 0.00550959
-38.8493 80.0004 11.3464 0.477027 -0.878869 0.00597956
-38.5 80.1941 12.2867 0.468765 -0.883319 0.00248647
-38.0909 80.4089 13.1901 0.466483 -0.884519 -0.00449819
-37.543 80.692 14.1642 0.466709 -0.884392 -0.00567117
-36.983 80.983 15.1019 0.468212 -0.883611 -0.00274458
-36.3692 81.3025 15.9426 0.459905 -0.887955 -0.00413453
-35.5905 81.701 16.6972 0.45718 -0.889373 -0.00142485
-34.7964 82.1052 17.4492 0.44887 -0.893597 -3.34089e-05
-33.9574 82.5282 18.0436 0.448495 -0.89376 0.00656182
-33.0224 82.9897 18.6526 0.441345 -0.897332 0.00285203
-32.0645 83.4613 19.0997 0.435865 -0.899983 0.00701769
-31.0023 83.9653 19.4158 0.420688 -0.907196 0.004067
-30.0563 84.4073 19.5982 0.42015 -0.907411 0.00753998
-29.1104 84.8373 19.6881 0.404743 -0.914283 0.0149853
-28.1733 85.2413 19.7075 0.393296 -0.919286 0.015224
-27.1444 85.6727 19.6925 0.380737 -0.924532 0.0163127
-26.2245 86.046 19.5436 0.377371 -0.925977 0.0125282
-25.1782 86.4577 19.3833 0.355138 -0.934479 0.0244065
-24.1945 86.8178 19.0485 0.343365 -0.938951 0.0208925
-23.0791 87.199 18.6232 0.317943 -0.94774 0.0264842
-22.1031 87.5102 18.1929 0.302525 -0.952639 0.0307759
-21.1697 87.7927 17.7914 0.28898 -0.956865 0.0299822
-20.2722 88.0484 17.3529 0.276437 -0.960538 0.0283122
-19.3071 88.2819 16.9358 0.247025 -0.968469 0.0320024
-18.2385 88.5337 16.5387 0.206415 -0.977669 0.0327684
-17.2323 88.7123 16.2421 0.177035 -0.983769 0.0289369
-16.1687 88.8822 15.956 0.149822 -0.987875 0.0389193
-14.9696 89.0327 15.7431 0.120254 -0.992272 0.0305368
-13.949 89.1402 15.63 0.0747597 -0.996142 0.0449982
-12.9595 89.1903 15.549 0.0377372 -0.998252 0.045464
-11.9502 89.2093 15.4764 0.00625856 -0.999345 0.0349295
-10.8211 89.1913 15.4067 -0.0297261 -0.998444 0.0469505
-9.61247 89.1329 15.4152 -0.0606543 -0.99777 0.0278578
-8.39627 89.0389 15.4323 -0.110442 -0.992866 0.0449118
-7.362 88.8933 15.4554 -0.144866 -0.988846 0.0346145
-6.30146 88.7236 15.462 -0.177481 -0.982191 0.0616632
-5.10393 88.4865 15.6175 -0.216968 -0.974933 0.0486037
-4.02602 88.2418 15.8049 -0.244723 -0.968573 0.0439461
-2.94225 87.9463 16.0859 -0.281103 -0.959247 0.0286837
-1.93332 87.6516 16.3676 -0.304174 -0.952129 0.0299155
-0.775693 87.2835 16.8905 -0.330966 -0.943092 0.031941
0.183562 86.9571 17.2877 -0.340434 -0.939369 0.0410621
1.05182 86.6383 17.6539 -0.356222 -0.933873 0.0314269
2.03136 86.2544 17.9297 -0.381861 -0.923972 0.0213262
3.18092 85.7829 18.1972 -0.383759 -0.923243 0.0187406
4.24676 85.3265 18.3364 -0.405079 -0.914084 0.0183494
5.15364 84.9162 18.4319 -0.413064 -0.910607 0.0130523
6.17769 84.4443 18.4961 -0.424863 -0.905041 0.0198109
7.25479 83.9274 18.5307 -0.435349 -0.900222 0.00850691
8.26247 83.4356 18.4255 -0.439225 -0.898377 0.000777793
9.25564 82.9499 18.1974 -0.440226 -0.897887 0.000735792
10.2185 82.4753 17.8343 -0.444361 -0.895827 0.00579373
11.0692 82.0446 17.415 -0.449708 -0.893156 0.00585351
11.7847 81.6772 16.8152 -0.455604 -0.890169 0.00484419
12.6397 81.2362 15.876 -0.457324 -0.889295 0.00295353
13.2031 80.9436 14.9455 -0.458466 -0.88871 0.00156952
13.7678 80.6481 13.7973 -0.463238 -0.886213 0.00461716
14.234 80.3964 12.6942 -0.468657 -0.883373 0.00266838
14.6082 80.196 11.7266 -0.465237 -0.885179 0.00341581
14.919 80.0266 10.7125 -0.467255 -0.884089 0.00769922
15.2775 79.8256 9.60339 -0.470195 -0.882507 0.0097588
15.453 79.7207 8.59346 -0.47299 -0.881013 0.00975647
15.6512 79.6008 7.5862 -0.474975 -0.879909 0.0126145
15.8169 79.4959 6.51132 -0.475393 -0.879677 0.0130375
15.9446 79.4086 5.35546 -0.477834 -0.878355 0.0129119
16.0291 79.3419 4.21082 -0.47933 -0.877394 0.0205216
16.1121 79.2791 3.15472 -0.486635 -0.873541 0.0106283
16.1338 79.2529 2.00601 -0.48544 -0.874214 0.00986155
16.1126 79.2535 0.962487 -0.484125 -0.874958 0.00829066
16.0968 79.2495 -0.11256 -0.485298 -0.874266 0.0119663
16.0831 79.2384 -1.42788 -0.486835 -0.873391 0.0134101
16.0303 79.2524 -2.54954 -0.488394 -0.872551 0.0112097
15.9838 79.2646 -3.66606 -0.488021 -0.872767 0.0106244
15.8956 79.3008 -4.71603 -0.48867 -0.872397 0.0111899
15.7698 79.357 -5.8421 -0.488932 -0.872251 0.0111424
15.585 79.4479 -6.90653 -0.48839 -0.872567 0.0101248
15.2937 79.5984 -8.02246 -0.486277 -0.873743 0.0103605
14.9617 79.7712 -9.13857 -0.483283 -0.875422 0.00845012
14.6097 79.9545 -10.0972 -0.481973 -0.876134 0.00948718
14.2492 80.1403 -11.1466 -0.479886 -0.87727 0.0103209
13.8348 80.3497 -12.33 -0.476949 -0.878858 0.0112886
13.2832 80.6355 -13.3652 -0.474644 -0.880099 0.0117196
12.722 80.9226 -14.3919 -0.476262 -0.879204 0.0132457
12.1693 81.2053 -15.431 -0.472442 -0.881245 0.0143532
11.5805 81.5059 -16.3418 -0.475223 -0.879746 0.0144424
10.9908 81.8133 -17.1258 -0.475433 -0.879715 0.00780655
10.3023 82.1809 -17.9503 -0.468603 -0.883407 0.00162815
9.62236 82.5409 -18.5842 -0.468736 -0.883338 0.000629765
8.76935 82.9908 -19.2657 -0.464815 -0.885408 0.000206925
7.92511 83.4344 -19.7364 -0.462486 -0.886617 -0.00321266
7.79262 83.5034 -19.7917 -0.459349 -0.888246 -0.00394324
