9.65957 83.8481 -13.398 -0.463325 -0.886105 0.0121599
8.73827 84.3157 -14.3409 -0.460453 -0.887635 0.00928177
7.91171 84.7286 -15.2365 -0.451914 -0.891995 0.0108899
7.06317 85.1523 -16.1962 -0.448624 -0.893716 0.00282507
6.94262 85.2127 -16.334 -0.448942 -0.89356 0.000890826
5.61604 85.8696 -16.6373 -0.438059 -0.898879 -0.0106169
6.45727 85.4529 -15.5684 -0.443546 -0.896248 -0.00245787
7.29042 85.0477 -14.6648 -0.445702 -0.895126 0.00987279
8.11572 84.6452 -13.7722 -0.454074 -0.890853 0.0119664
9.1645 84.1152 -12.6871 -0.460619 -0.887519 0.0118338
10.0567 83.6632 -11.7076 -0.462842 -0.886368 0.0113248
10.9811 83.1876 -10.7834 -0.467575 -0.883905 0.00914233
11.9694 82.6846 -8.51385 -0.474272 -0.880322 0.00997538
11.0992 83.1406 -9.4483 -0.47019 -0.882488 0.0115395
10.2245 83.5912 -10.3424 -0.465661 -0.884908 0.00985037
9.24198 84.0893 -11.3526 -0.458502 -0.888659 0.0077568
8.32257 84.552 -12.3382 -0.454594 -0.890684 0.00517132
7.42352 85.0018 -13.2447 -0.440388 -0.897781 0.00487208
6.45416 85.4623 -14.2949 -0.431426 -0.902143 0.00307044
5.50568 85.9166 -15.3901 -0.431006 -0.902315 -0.00786336
4.72153 86.2977 -16.3758 -0.424788 -0.905203 -0.0124126
4.60118 86.3568 -16.5311 -0.424607 -0.905241 -0.015756
3.63256 86.8056 -16.3329 -0.411115 -0.911413 -0.0169955
4.5622 86.3633 -15.2161 -0.421108 -0.90699 -0.00598836
5.35079 85.9889 -14.245 -0.428951 -0.903322 0.00311221
6.17833 85.6002 -13.3334 -0.430411 -0.902575 0.0102274
7.13604 85.1494 -12.313 -0.439903 -0.898009 0.00517649
8.08675 84.6799 -11.3472 -0.452293 -0.891833 0.00786242
9.04424 84.2019 -10.2993 -0.455751 -0.890056 0.00954974
10.0301 83.7054 -9.35212 -0.464811 -0.885311 0.0131832
11.0199 83.1967 -8.29357 -0.472445 -0.88131 0.00941857
11.9313 82.721 -7.24118 -0.47235 -0.881338 0.0113892
12.633 82.3534 -6.37241 -0.476355 -0.879183 0.0110833
12.8082 82.2747 -4.93192 -0.47787 -0.878387 0.00879124
11.9185 82.7432 -5.91943 -0.472416 -0.881325 0.00948813
11.0616 83.1888 -6.96396 -0.467973 -0.88369 0.00955637
10.1638 83.6517 -7.96387 -0.462472 -0.886631 0.00240246
9.16143 84.1576 -9.02097 -0.45451 -0.890654 0.0123547
8.22294 84.6248 -9.90163 -0.452807 -0.891555 0.00975392
7.27699 85.0899 -10.9303 -0.443083 -0.896438 0.00849049
6.33302 85.5387 -11.8884 -0.42913 -0.90323 0.00468116
5.49692 85.9232 -12.8144 -0.420767 -0.907166 0.00222307
4.43982 86.415 -14.013 -0.419637 -0.907683 -0.00297287
3.59906 86.807 -15.0857 -0.41142 -0.911394 -0.00593463
2.76171 87.1875 -16.0071 -0.399592 -0.916566 -0.0143134
1.71856 87.6285 -15.8868 -0.387167 -0.921859 -0.0166059
2.54833 87.2655 -14.9515 -0.393262 -0.919362 -0.010471
3.41769 86.8801 -13.9196 -0.409719 -0.912179 -0.00774097
4.33178 86.462 -12.8384 -0.415498 -0.909586 -0.00338418
5.25394 86.0421 -11.7956 -0.414745 -0.909921 0.0054752
6.12663 85.6451 -10.8946 -0.423674 -0.905781 0.00771577
6.96822 85.2503 -9.95839 -0.439651 -0.898132 0.00808912
8.08462 84.7024 -8.85118 -0.448534 -0.893738 0.00696637
8.96167 84.2701 -8.00492 -0.454013 -0.890981 0.00442947
9.86351 83.8137 -7.01199 -0.460563 -0.887591 0.0080039
10.7553 83.359 -6.01523 -0.464163 -0.885698 0.00953668
11.5814 82.9331 -5.03417 -0.472426 -0.881321 0.0093547
12.4475 82.4797 -4.06267 -0.474048 -0.880447 0.00952701
13.0831 82.1418 -3.35732 -0.47657 -0.879092 0.00885407
13.1317 82.1292 -2.06693 -0.477779 -0.878411 0.010989
12.2258 82.6095 -3.04054 -0.474923 -0.879971 0.00986809
11.3122 83.0885 -4.07284 -0.469582 -0.88282 0.0108735
10.4983 83.5054 -4.99628 -0.464926 -0.88528 0.0111286
9.67731 83.9207 -5.9754 -0.459487 -0.88811 0.0115089
8.77055 84.3752 -6.96948 -0.453277 -0.891337 0.0075773
7.87962 84.8141 -7.87564 -0.446497 -0.894739 0.00911231
6.90525 85.2888 -8.8122 -0.436126 -0.899869 0.00541519
5.90931 85.7547 -9.88497 -0.422097 -0.906509 0.00871043
4.9704 86.1778 -10.8338 -0.413565 -0.910427 0.00931208
4.13636 86.5511 -11.744 -0.41404 -0.910245 0.00492713
3.25164 86.9486 -12.7992 -0.408239 -0.912874 -0.000944343
2.46014 87.293 -13.7539 -0.3851 -0.922838 -0.00821482
1.47667 87.711 -14.8517 -0.378369 -0.92555 -0.0139073
1.06683 87.8824 -15.296 -0.372087 -0.927944 -0.0216884
0.0865932 88.2658 -15.0593 -0.361344 -0.931966 -0.029201
0.940645 87.9143 -14.1376 -0.365301 -0.930779 -0.0141884
1.82648 87.5511 -13.1802 -0.375675 -0.926713 -0.00773163
2.60768 87.2207 -12.2233 -0.388693 -0.921342 -0.00666988
3.54482 86.8112 -11.1058 -0.403245 -0.915082 -0.0041072
4.50877 86.3923 -10.0754 -0.409905 -0.912105 0.00644885
5.47467 85.9651 -9.04412 -0.413574 -0.910442 0.00723746
6.32541 85.572 -8.17711 -0.430876 -0.902389 0.00626064
7.20447 85.1538 -7.32919 -0.435394 -0.900169 0.0109677
8.0816 84.729 -6.43682 -0.447961 -0.893995 0.00948603
8.9146 84.3176 -5.53237 -0.454051 -0.890897 0.0117392
9.87301 83.8391 -4.44308 -0.458957 -0.888367 0.0125115
10.708 83.4154 -3.46327 -0.465093 -0.885188 0.0114126
11.553 82.9771 -2.5125 -0.471602 -0.881757 0.00985133
12.509 82.4742 -1.50045 -0.474618 -0.880132 0.0102376
13.0037 82.2137 -0.952736 -0.47627 -0.879221 0.0117194
13.2024 82.1238 0.55805 -0.476792 -0.878995 0.00564291
12.2879 82.6064 -0.461992 -0.470897 -0.882164 0.00655794
11.3501 83.0967 -1.46731 -0.470446 -0.882371 0.010063
10.4645 83.5557 -2.43881 -0.464068 -0.885743 0.0100184
9.67176 83.9571 -3.36131 -0.456564 -0.88959 0.0132941
8.83376 84.3732 -4.34164 -0.452275 -0.891822 0.0100276
7.88611 84.8355 -5.38413 -0.44578 -0.895115 0.0069796
6.97802 85.2768 -6.31185 -0.439809 -0.898046 0.0082087
5.93128 85.7635 -7.33163 -0.421552 -0.90666 0.015707
4.99342 86.1885 -8.28571 -0.412675 -0.910865 0.00497408
4.06999 86.5937 -9.29034 -0.402687 -0.915335 0.00223089
3.18453 86.972 -10.2198 -0.396605 -0.917953 0.00811759
2.34918 87.3233 -11.1676 -0.382302 -0.924006 -0.00764651
1.55784 87.6496 -12.1305 -0.371521 -0.928384 -0.00828285
0.741035 87.9784 -13.0724 -0.363228 -0.931677 -0.00646982
-0.298239 88.3919 -14.164 -0.353549 -0.935239 -0.0181272
-0.695429 88.551 -14.6151 -0.351133 -0.935847 -0.0294662
-1.46467 88.8111 -14.1623 -0.324692 -0.945557 -0.0219476
-0.487351 88.441 -13.076 -0.348418 -0.93723 -0.0141475
0.514842 88.057 -11.9961 -0.358142 -0.933634 -0.00785614
1.32357 87.7398 -11.0485 -0.363203 -0.93169 -0.00373582
2.21529 87.3852 -10.0089 -0.388851 -0.921265 0.00796405
3.07828 87.0226 -9.09429 -0.393536 -0.919305 0.00146928
3.96715 86.642 -8.13046 -0.400336 -0.91636 0.00393295
4.86916 86.2501 -7.18523 -0.405468 -0.914076 0.00640682
5.7483 85.8646 -6.33137 -0.425023 -0.905092 0.0116058
6.71437 85.4134 -5.36923 -0.439708 -0.898113 0.00712045
7.54841 85.0157 -4.48269 -0.44334 -0.896251 0.0134568
8.37411 84.6143 -3.59827 -0.451206 -0.892354 0.0108516
9.22837 84.1948 -2.57826 -0.455437 -0.890217 0.00945611
10.0938 83.7565 -1.57368 -0.460394 -0.887698 0.00552964
11.025 83.2791 -0.581494 -0.465351 -0.885076 0.00792937
11.8332 82.8549 0.309819 -0.471062 -0.882076 0.00655039
12.6577 82.4218 1.22004 -0.471358 -0.881906 0.00796396
13.178 82.1467 1.78573 -0.476376 -0.879212 0.00725314
13.2572 82.1163 3.11049 -0.473625 -0.880702 0.00661526
12.2719 82.6356 2.06102 -0.470895 -0.882155 0.00773711
11.4227 83.0799 1.12161 -0.469223 -0.883049 0.00736151
10.5237 83.5448 0.150249 -0.459504 -0.888148 0.00703694
9.59711 84.0174 -0.868171 -0.455969 -0.889978 0.0036782
8.61894 84.5121 -1.98955 -0.451698 -0.892132 0.00763354
7.83427 84.893 -2.93884 -0.444585 -0.895675 0.0101394
6.96769 85.3082 -3.87806 -0.433325 -0.901206 0.00760344
6.07027 85.7277 -4.76879 -0.424394 -0.90543 0.00871153
5.21452 86.1131 -5.63053 -0.409149 -0.912344 0.0122924
4.24494 86.5294 -6.56039 -0.398645 -0.917075 0.00748202
3.26816 86.9432 -7.60112 -0.388428 -0.921451 0.00665062
2.30148 87.3465 -8.62974 -0.379981 -0.924991 -0.00194188
1.4498 87.6937 -9.57469 -0.358696 -0.933448 -0.00235343
0.596524 88.0182 -10.5641 -0.351002 -0.936373 -0.000843779
-0.313451 88.3656 -11.6161 -0.33925 -0.940642 -0.0096666
-1.21846 88.698 -12.5513 -0.32594 -0.945323 -0.0111231
-2.14755 89.0352 -13.6085 -0.323705 -0.945957 -0.0194329
-2.16882 89.043 -13.6343 -0.309048 -0.950759 -0.0192676
-3.05402 89.31 -13.2954 -0.288447 -0.957206 -0.0231918
-2.10274 88.9942 -12.2144 -0.312174 -0.949928 -0.0106686
-1.25846 88.6988 -11.3075 -0.323226 -0.946208 -0.0130068
-0.219346 88.3186 -10.1735 -0.342305 -0.939565 -0.0066115
0.629616 88.0071 -9.19208 -0.35 -0.936718 -0.000459774
1.55688 87.6459 -8.14377 -0.373712 -0.92751 -0.00799068
2.42714 87.2982 -7.21593 -0.381984 -0.924093 0.0100158
3.2816 86.9477 -6.34067 -0.388559 -0.921387 0.00741391
4.21854 86.5507 -5.34705 -0.397667 -0.917501 0.00728088
5.17752 86.1399 -4.4342 -0.407022 -0.913382 0.00375807
6.26598 85.6459 -3.37112 -0.426259 -0.904592 0.00353144
7.33213 85.1409 -2.2369 -0.433539 -0.901118 0.00514982
8.10353 84.771 -1.29183 -0.443795 -0.896128 -0.000103905
8.9136 84.3663 -0.359444 -0.453439 -0.891273 0.00481464
9.76976 83.9362 0.593713 -0.454483 -0.890734 0.00616344
10.6688 83.4792 1.58471 -0.459309 -0.888262 0.00501728
11.5167 83.0399 2.52084 -0.467472 -0.883985 0.00629525
12.4432 82.5561 3.47041 -0.469063 -0.883137 0.00699676
13.1538 82.1828 4.27158 -0.472924 -0.881053 0.00947122
12.9424 82.3046 5.24539 -0.469481 -0.882895 0.00913853
12.1089 82.7399 4.35054 -0.467639 -0.883894 0.00652746
11.1777 83.223 3.39142 -0.465024 -0.885285 0.00478026
10.2034 83.7248 2.37258 -0.459639 -0.888091 0.00513
9.21428 84.2247 1.25314 -0.454906 -0.890501 0.00822711
8.40179 84.6268 0.35929 -0.445544 -0.895255 0.00308101
7.58154 85.0288 -0.598697 -0.441283 -0.897355 0.00439176
6.66645 85.4627 -1.71216 -0.429258 -0.903157 0.00674623
5.68484 85.9203 -2.73686 -0.422718 -0.906252 0.00391868
4.57998 86.4054 -3.81651 -0.401548 -0.915811 0.00700961
3.59039 86.8274 -4.73185 -0.397214 -0.917697 0.00730432
2.69423 87.198 -5.71322 -0.38162 -0.924307 0.00468332
1.79112 87.5584 -6.62746 -0.368271 -0.929662 0.0102686
0.791862 87.9415 -7.65948 -0.350136 -0.936669 -0.00705158
-0.0610198 88.2597 -8.68079 -0.338995 -0.940785 0.00226149
-1.02276 88.6015 -9.75631 -0.326155 -0.945299 -0.00565931
-1.95863 88.9259 -10.7756 -0.316217 -0.948609 -0.0121836
-2.85715 89.2188 -11.7201 -0.290374 -0.956796 -0.0147772
-3.84944 89.5267 -12.8131 -0.265337 -0.96374 -0.028138
-4.61151 89.71 -12.3343 -0.233409 -0.971722 -0.0344683
-3.64623 89.4365 -11.3087 -0.259435 -0.965542 -0.0205536
-2.78393 89.1732 -10.3389 -0.284814 -0.95846 -0.0153563
-1.89305 88.8876 -9.40725 -0.305072 -0.952306 -0.00475672
-0.951161 88.5714 -8.37277 -0.318243 -0.948008 -0.00175126
0.0486441 88.2176 -7.21642 -0.349542 -0.936913 0.00381361
1.01239 87.8689 -6.17342 -0.344417 -0.938765 0.0098032
1.983 87.4927 -5.1997 -0.374931 -0.927028 0.00536594
2.84022 87.153 -4.26279 -0.386016 -0.92244 0.00812317
3.85143 86.728 -3.31016 -0.392282 -0.919832 0.00465762
4.72032 86.3531 -2.463 -0.402343 -0.915473 0.00509441
5.65955 85.9351 -1.51428 -0.419123 -0.907929 0.0011012
6.50894 85.5418 -0.55172 -0.424984 -0.905197 0.00200182
7.39176 85.124 0.519107 -0.436439 -0.899734 0.000483507
8.2417 84.7128 1.46592 -0.442304 -0.896859 0.0031923
9.04964 84.317 2.37565 -0.448785 -0.893601 0.00377519
9.94067 83.8659 3.38068 -0.457312 -0.88929 0.00523268
10.8378 83.4047 4.28539 -0.46247 -0.886624 0.00417221
11.6991 82.9619 5.13856 -0.464138 -0.885734 0.00630007
12.5435 82.5245 6.03789 -0.467915 -0.883746 0.0068503
12.8753 82.3508 6.39194 -0.469647 -0.88283 0.00659265
12.5909 82.5065 7.34083 -0.467628 -0.883919 0.00329933
11.7443 82.947 6.39482 -0.460511 -0.887631 0.00627942
10.8485 83.4042 5.48542 -0.458897 -0.888465 0.00652863
9.81694 83.9322 4.47054 -0.455943 -0.890008 0.000669054
8.93574 84.3777 3.55516 -0.44151 -0.897253 0.00241763
8.05653 84.8071 2.56364 -0.441378 -0.897317 0.00262849
7.06805 85.2852 1.44675 -0.429231 -0.90319 0.00286803
6.23614 85.6718 0.482122 -0.419244 -0.907872 0.00076679
5.32656 86.0852 -0.630504 -0.411256 -0.911511 -0.00377182
4.38043 86.504 -1.56892 -0.397043 -0.917794 -0.00135458
3.48631 86.8857 -2.44727 -0.388194 -0.921574 0.00269486
2.49555 87.3003 -3.36227 -0.383615 -0.923481 0.00135408
1.57408 87.6693 -4.33979 -0.367565 -0.929839 0.0171776
0.706282 87.9919 -5.27972 -0.34919 -0.936999 0.0098328
-0.207223 88.314 -6.19187 -0.334487 -0.942389 0.00362082
-1.09093 88.6227 -7.23134 -0.32279 -0.946434 0.00778202
-1.96321 88.908 -8.1658 -0.306261 -0.951932 -0.00330294
-2.88173 89.1871 -9.15274 -0.281332 -0.959594 -0.00555233
-3.82384 89.4654 -10.1413 -0.263875 -0.964513 -0.00917546
-4.83221 89.7364 -11.2829 -0.219247 -0.975295 -0.0269749
-5.30979 89.8552 -11.7645 -0.218519 -0.975335 -0.0294995
-6.20074 90.0255 -11.4423 -0.191096 -0.981189 -0.0272818
-5.2478 89.8083 -10.3631 -0.207911 -0.978108 -0.00697982
-4.31264 89.582 -9.35504 -0.231185 -0.972686 -0.0199629
-3.33708 89.3106 -8.35673 -0.263632 -0.964572 -0.00525445
-2.36728 89.0318 -7.30186 -0.278374 -0.960436 0.00210859
-1.4728 88.7553 -6.30242 -0.312101 -0.950049 0.000952915
-0.598591 88.458 -5.29705 -0.332813 -0.942969 0.00667725
0.494472 88.0794 -4.22208 -0.351007 -0.936357 0.00406775
1.37533 87.7443 -3.25569 -0.362184 -0.9321 -0.00337518
2.40134 87.3406 -2.25424 -0.374069 -0.927324 0.00184011
3.45941 86.901 -1.26513 -0.391041 -0.920341 0.00384507
4.40411 86.4936 -0.324673 -0.404294 -0.914628 0.00157069
5.23742 86.1265 0.580967 -0.40728 -0.913288 0.00507614
6.09908 85.7414 1.63336 -0.414913 -0.909846 0.00416764
6.92747 85.3557 2.60522 -0.425136 -0.905127 0.00144826
7.96717 84.8543 3.75734 -0.43959 -0.898198 0.00110274
8.93219 84.3816 4.81923 -0.445528 -0.89525 -0.00298342
9.86969 83.906 5.71649 -0.449844 -0.893091 0.00526301
10.7625 83.4549 6.59375 -0.457517 -0.889191 0.00411833
11.6684 82.9907 7.55933 -0.460932 -0.887431 0.00258018
12.3046 82.6621 8.24535 -0.465775 -0.884889 0.0049978
12.1358 82.7559 9.28433 -0.464286 -0.885673 0.00461824
11.1815 83.2475 8.27716 -0.461568 -0.88709 0.00516612
10.2732 83.7109 7.30333 -0.457763 -0.889045 0.00714046
9.38087 84.1565 6.413 -0.450198 -0.892907 0.00614492
8.42883 84.6292 5.50122 -0.44189 -0.897069 -0.000802363
7.54249 85.0631 4.56554 -0.437233 -0.899346 0.00153639
6.6792 85.4731 3.61006 -0.421258 -0.906934 0.00338833
5.85973 85.8519 2.6709 -0.416668 -0.909058 -0.00160451
4.94536 86.262 1.58866 -0.407907 -0.913014 0.00428486
3.97802 86.6831 0.444908 -0.396741 -0.917915 0.00384344
3.05541 87.0713 -0.411637 -0.379087 -0.925352 0.00207397
2.15081 87.4405 -1.28708 -0.367733 -0.929903 0.00269256
1.16009 87.8236 -2.19665 -0.363798 -0.931472 -0.00311933
0.331306 88.1431 -3.10288 -0.354312 -0.935124 -0.000386603
-0.585398 88.463 -4.06572 -0.327446 -0.944846 0.00665769
-1.55046 88.7723 -5.03567 -0.306043 -0.952011 -0.00303007
-2.44905 89.0547 -6.07786 -0.283576 -0.958886 -0.00773074
-3.4725 89.3411 -7.20713 -0.257467 -0.96628 0.000504156
-4.52172 89.6158 -8.28705 -0.239015 -0.970984 0.00397517
-5.4359 89.8333 -9.24429 -0.190416 -0.981617 -0.0123951
-6.38 90.0329 -10.2812 -0.192881 -0.980969 -0.0222891
-7.0104 90.1631 -10.9908 -0.143983 -0.989381 -0.0198586
-7.9662 90.2962 -10.6987 -0.128562 -0.991559 -0.0102534
-7.07385 90.1487 -9.70056 -0.148217 -0.988878 -0.00652698
-6.02831 89.947 -8.58612 -0.196065 -0.980585 -0.00308577
-4.99506 89.7252 -7.46976 -0.206289 -0.978463 -0.00727784
-3.9677 89.4682 -6.44096 -0.242627 -0.970033 -0.0129661
-3.11657 89.2393 -5.4669 -0.249183 -0.968379 -0.000367612
-2.29321 89.002 -4.52173 -0.276966 -0.960875 -0.00220562
-1.39173 88.7224 -3.60843 -0.295612 -0.955292 -0.00517602
-0.367225 88.3828 -2.55238 -0.32803 -0.944577 -0.012142
0.491105 88.0654 -1.62212 -0.336491 -0.941672 -0.00515532
1.4864 87.7007 -0.671953 -0.35702 -0.934081 -0.00303989
2.59922 87.2599 0.354131 -0.377319 -0.926029 0.00977072
3.55287 86.8701 1.26456 -0.390619 -0.920536 0.00418202
4.42489 86.4958 2.34631 -0.403135 -0.915124 0.00528719
5.25894 86.1255 3.30476 -0.412269 -0.91106 0.00191004
6.10733 85.741 4.24334 -0.41812 -0.90838 0.00386643
7.03677 85.305 5.29143 -0.431282 -0.902212 -0.00177002
7.95927 84.8596 6.25431 -0.439406 -0.898286 0.00159761
8.84822 84.4275 7.08418 -0.443203 -0.896408 0.00475244
9.77794 83.9658 8.01696 -0.45087 -0.892588 0.00095492
10.6297 83.534 8.90319 -0.454575 -0.890706 0.0011456
11.4757 83.1021 9.81108 -0.461272 -0.887252 0.00346155
11.8319 82.918 10.2012 -0.461894 -0.886932 0.0023969
11.4717 83.1061 11.0772 -0.458704 -0.888589 -0.000612515
10.5819 83.5612 10.1005 -0.454416 -0.890789 0.00114871
9.65417 84.0294 9.12389 -0.449228 -0.893417 0.000826153
8.79361 84.4589 8.22671 -0.443265 -0.896387 0.00255386
7.70496 84.9863 7.16305 -0.431931 -0.901898 0.0039191
6.75397 85.4385 6.23188 -0.425432 -0.904984 -0.00156553
5.92413 85.8255 5.34013 -0.420596 -0.907246 -0.00211682
4.93283 86.2722 4.25731 -0.402706 -0.915329 -0.000481917
3.94158 86.7082 3.09576 -0.398112 -0.917329 0.00288989
3.09137 87.0689 2.03928 -0.388478 -0.921436 0.00636955
2.1639 87.4424 1.14486 -0.361976 -0.932151 0.00820899
1.1945 87.8106 0.259048 -0.346162 -0.938173 0.000834976
0.172535 88.1754 -0.695707 -0.333919 -0.9426 -0.00109971
-0.770757 88.5054 -1.69238 -0.30735 -0.951522 -0.0116817
-1.70235 88.8104 -2.63959 -0.301924 -0.953304 -0.00697054
-2.67473 89.1144 -3.64223 -0.277467 -0.960691 -0.00161136
-3.54997 89.3594 -4.59924 -0.258186 -0.965978 0.00608494
-4.53971 89.6006 -5.73717 -0.240235 -0.970663 -0.00866477
-5.49216 89.8355 -6.68999 -0.216283 -0.976273 -0.00222667
-6.45999 90.0308 -7.72866 -0.197384 -0.980325 -1.30289e-05
-7.40967 90.1998 -8.70321 -0.159933 -0.987111 -0.00258868
-8.26912 90.3223 -9.68707 -0.136461 -0.99056 -0.0110519
-8.86324 90.3954 -10.3306 -0.107926 -0.994141 -0.00599692
-9.93419 90.4804 -10.1259 -0.0536718 -0.998221 -0.0258961
-8.84141 90.3753 -8.93509 -0.087481 -0.996153 -0.00495672
-7.94826 90.27 -7.96847 -0.126695 -0.991921 -0.00632661
-6.97648 90.1239 -6.95602 -0.17081 -0.985301 0.00220507
-5.98019 89.9309 -5.89879 -0.184008 -0.98286 -0.0112623
-5.00242 89.706 -4.92174 -0.225533 -0.974234 -0.00161252
-4.12735 89.5047 -3.91251 -0.22927 -0.973352 0.00249532
-3.15812 89.2479 -2.81477 -0.259926 -0.965604 -0.00681149
-2.14002 88.9437 -1.78399 -0.303243 -0.952874 -0.00846076
-1.16497 88.6229 -0.801729 -0.306764 -0.951761 -0.00650978
-0.121867 88.2787 0.231866 -0.313591 -0.949547 0.002733
0.995542 87.8894 1.28598 -0.34231 -0.939461 0.0153679
1.96124 87.5308 2.16032 -0.366733 -0.930286 0.00409899
2.99888 87.1103 3.34465 -0.386271 -0.922383 -0.000932509
3.81073 86.7642 4.28157 -0.397649 -0.917519 -0.0044666
4.69687 86.3741 5.29689 -0.400821 -0.916154 0.00105513
5.56663 85.9874 6.22948 -0.413284 -0.910595 -0.0035399
6.56517 85.5254 7.26265 -0.421705 -0.90673 0.00236715
7.46905 85.1043 8.13527 -0.432234 -0.901753 0.00384797
8.38865 84.658 9.05705 -0.438612 -0.898675 -0.00153988
9.33122 84.1915 10.0695 -0.448027 -0.894019 -0.00152238
10.2107 83.7501 10.9485 -0.449855 -0.8931 0.000861688
11.042 83.3271 11.8791 -0.456045 -0.889953 -0.00144201
10.7673 83.4666 12.8813 -0.455119 -0.890429 0.0016357
9.89565 83.9076 11.8391 -0.445628 -0.895216 -0.00213766
8.96793 84.371 10.9346 -0.440454 -0.89777 -0.00227382
7.89285 84.896 9.76833 -0.433846 -0.900984 -0.00163256
6.9375 85.3529 8.83513 -0.422636 -0.906297 -0.00214848
6.06994 85.7559 7.97293 -0.415429 -0.909626 -6.58448e-05
5.18928 86.155 7.09792 -0.410961 -0.911653 0.000101381
4.3095 86.5441 6.14755 -0.394991 -0.918685 -3.83093e-05
3.43754 86.9204 5.1668 -0.396975 -0.917821 -0.00357857
2.59478 87.2762 4.22022 -0.368564 -0.92955 -0.00965055
1.75155 87.6125 3.25677 -0.361873 -0.93221 -0.00568179
0.717381 87.9981 2.21923 -0.328882 -0.944358 0.00475703
-0.237327 88.3193 1.34877 -0.307828 -0.951434 0.00385574
-1.26161 88.6473 0.351432 -0.306183 -0.951967 0.00070486
-2.1308 88.9253 -0.562491 -0.296673 -0.954927 -0.0097559
-3.107 89.2226 -1.45423 -0.257331 -0.966221 -0.0139658
-4.01746 89.4668 -2.44356 -0.234031 -0.972092 -0.0156326
-4.88115 89.6806 -3.44536 -0.197167 -0.980331 -0.00827368
-5.78893 89.8729 -4.4525 -0.196078 -0.980403 -0.0190679
-6.79724 90.078 -5.46765 -0.169271 -0.985422 -0.0115892
-7.68724 90.2395 -6.43301 -0.124405 -0.991789 -0.0254807
-8.5894 90.3449 -7.33043 -0.0962005 -0.995352 -0.0031323
-9.54166 90.4337 -8.33716 -0.0865866 -0.996234 -0.00442923
-10.5312 90.4936 -9.45929 -0.0522251 -0.998251 -0.0275849
-10.8371 90.5146 -9.7829 -0.0315229 -0.998894 -0.034417
-12.0436 90.5224 -9.69645 -0.00133875 -0.999548 -0.029299
-10.8525 90.4987 -8.50298 -0.016888 -0.999848 0.00393029
-10.0353 90.465 -7.48039 -0.0537895 -0.998505 0.00626467
-9.11341 90.3914 -6.57282 -0.0906946 -0.995876 -0.00155263
-8.02148 90.2575 -5.47171 -0.131211 -0.991296 -0.0069069
-6.92449 90.0767 -4.30627 -0.157287 -0.987336 -0.0206755
-6.02657 89.9048 -3.39869 -0.18862 -0.981962 -0.0129544
-5.0175 89.695 -2.24864 -0.196013 -0.980538 -0.0109874
-4.14162 89.4855 -1.22807 -0.234571 -0.972091 -0.00392668
-3.20555 89.2379 -0.330111 -0.266943 -0.9637 -0.00433246
-2.27123 88.9554 0.586188 -0.294127 -0.955689 -0.012201
-1.32499 88.6707 1.53043 -0.28608 -0.958205 0.00154726
-0.262064 88.3319 2.51005 -0.307893 -0.951417 0.00290417
0.751122 87.9896 3.50152 -0.324816 -0.945777 -0.00103251
1.61919 87.6556 4.46134 -0.356207 -0.934374 -0.00759491
2.4435 87.3266 5.3952 -0.368423 -0.929632 -0.00693431
3.40786 86.9256 6.46226 -0.38309 -0.923661 -0.00818572
4.2421 86.5687 7.36243 -0.391389 -0.920219 -0.00342144
5.22091 86.1415 8.3264 -0.412397 -0.910998 0.00322534
6.08413 85.7487 9.187 -0.420693 -0.907198 -0.00290611
6.99384 85.3221 10.0772 -0.425969 -0.904721 -0.00418249
7.81911 84.9289 10.9884 -0.429909 -0.902868 -0.000862513
8.70068 84.5005 11.8738 -0.439423 -0.898277 -0.0024835
9.58062 84.0629 12.7494 -0.445855 -0.895105 -0.000429326
10.2374 83.7338 13.5541 -0.447678 -0.894194 -0.000735486
9.80689 83.9506 14.3477 -0.446816 -0.894622 0.00202113
8.95752 84.37 13.3021 -0.440858 -0.897573 -0.00232249
7.9734 84.8519 12.3642 -0.43573 -0.900076 -0.00148951
7.07176 85.2829 11.459 -0.427859 -0.903845 0.000607789
6.09523 85.7367 10.425 -0.417408 -0.908712 -0.00363266
5.22962 86.1408 9.55622 -0.414036 -0.910251 -0.00218265
4.28941 86.5523 8.63933 -0.392991 -0.919467 0.0105127
3.29808 86.9629 7.64076 -0.378889 -0.925441 0.00116157
2.36852 87.3445 6.60982 -0.370674 -0.928711 -0.00980146
1.5158 87.6811 5.67463 -0.357114 -0.934051 -0.00291638
0.678614 88.0045 4.72323 -0.335729 -0.941853 -0.0141181
-0.287589 88.3378 3.69367 -0.314912 -0.949108 -0.00502501
-1.20254 88.6359 2.84178 -0.282641 -0.959225 0.000859667
-2.34051 88.973 1.75906 -0.283934 -0.958841 -0.00203871
-3.21576 89.228 0.868241 -0.265452 -0.964053 -0.0116844
-4.14394 89.4823 0.0292206 -0.235967 -0.971758 -0.00197328
-5.08457 89.7065 -0.968098 -0.207384 -0.978167 -0.00227524
-5.99635 89.8888 -2.00966 -0.18658 -0.982436 -0.00281043
-6.86199 90.0498 -2.96669 -0.171376 -0.98511 -0.0109551
-7.93191 90.2308 -4.07504 -0.12872 -0.991519 -0.0137653
-8.92466 90.3557 -5.11844 -0.104112 -0.994462 -0.0140065
-10.0522 90.4645 -6.17683 -0.0688845 -0.997607 -0.00592126
-10.9189 90.5059 -7.15903 -0.00513685 -0.999976 -0.00104645
-11.7395 90.5054 -8.17172 0.00272096 -0.999986 0.00453978
-12.7116 90.5008 -9.12147 0.0319382 -0.999466 -0.00683526
-13.3037 90.4896 -9.59699 0.0388034 -0.99904 -0.0147967
-14.8091 90.3875 -9.52393 0.0897442 -0.995784 -0.00793993
-13.7354 90.4579 -8.80564 0.0595761 -0.998182 -0.00719249
-12.7254 90.4918 -7.8918 0.0378145 -0.999249 0.00661987
-11.6714 90.5063 -6.6826 0.0053385 -0.999967 0.00304398
-10.6583 90.4917 -5.44522 -0.0249023 -0.999576 -0.0151064
-9.50081 90.4032 -4.43877 -0.0744097 -0.997192 -0.00832302
-8.61673 90.305 -3.51088 -0.114536 -0.993347 -0.0119218
-7.64414 90.1694 -2.49061 -0.139517 -0.990126 0.0136359
-6.64045 90.0055 -1.37423 -0.170835 -0.985293 -0.000750993
-5.64776 89.8202 -0.233424 -0.195499 -0.980682 0.00634057
-4.77358 89.6324 0.677351 -0.222001 -0.975012 -0.00315943
-3.63959 89.3413 1.69 -0.2591 -0.965836 0.00497374
-2.67356 89.0685 2.69414 -0.275287 -0.961356 -0.000374115
-1.76162 88.8039 3.54633 -0.288636 -0.957394 0.00832098
-0.833817 88.5215 4.37694 -0.317867 -0.948119 0.00543125
0.00985561 88.2356 5.29276 -0.335745 -0.941902 -0.00959764
0.966555 87.8862 6.38664 -0.341928 -0.939715 -0.004599
1.90374 87.5242 7.39996 -0.370428 -0.928859 -0.00158579
2.84393 87.1461 8.43733 -0.37365 -0.927562 0.00368686
3.74538 86.7846 9.35361 -0.380429 -0.924799 0.00428873
4.64864 86.3995 10.2185 -0.400568 -0.916141 -0.0117402
5.60606 85.9599 11.1347 -0.410766 -0.911739 -0.000325292
6.57903 85.5144 12.2179 -0.42419 -0.90557 -0.00187606
7.59086 85.0331 13.199 -0.428906 -0.903332 -0.00536536
8.70603 84.4952 14.2998 -0.439982 -0.897995 0.00448488
9.03472 84.3354 14.7075 -0.442048 -0.896974 0.00393703
8.39956 84.647 15.2476 -0.437821 -0.899059 0.00240698
7.38693 85.1296 14.1756 -0.428491 -0.90354 0.00322135
6.4726 85.5591 13.3545 -0.420571 -0.907253 -0.00227361
5.53772 85.9915 12.3202 -0.412484 -0.910962 0.00213724
4.59769 86.4122 11.375 -0.405282 -0.914182 0.00333257
3.72091 86.7944 10.5234 -0.391973 -0.919968 -0.00410686
2.8251 87.1605 9.68661 -0.375036 -0.926987 0.00622648
1.94006 87.5085 8.73027 -0.36168 -0.932299 -0.000120688
0.980945 87.8731 7.67793 -0.348122 -0.937407 -0.00842141
-0.134639 88.2835 6.47386 -0.327002 -0.944982 -0.00165421
-0.987243 88.5776 5.48185 -0.319086 -0.947721 -0.0026335
-2.17725 88.9409 4.37795 -0.285847 -0.958153 0.0150481
-3.133 89.202 3.49117 -0.268092 -0.963319 0.0117155
-4.08313 89.4562 2.49838 -0.242027 -0.970266 0.00220069
-5.29316 89.7423 1.40591 -0.216193 -0.976331 -0.0061548
-6.42253 89.9692 0.264459 -0.179309 -0.983784 0.00042396
-7.27053 90.1145 -0.716756 -0.150749 -0.988445 0.00436462
-8.17185 90.2469 -1.73525 -0.131868 -0.991267 -0.000830929
-9.29185 90.3788 -2.95674 -0.118246 -0.992956 -0.00738694
-10.279 90.457 -3.94431 -0.0540432 -0.998308 -0.00933245
-11.3136 90.4983 -4.78392 -0.0190234 -0.999684 -0.0148706
-12.1451 90.513 -5.75487 0.00163694 -0.999976 0.00255424
-12.9968 90.4891 -6.91248 0.0295359 -0.999507 0.00489231
-13.993 90.4339 -7.85813 0.0529339 -0.998502 -0.00235545
-15.1334 90.3526 -8.66547 0.0802832 -0.996758 -0.00368448
-16.2183 90.2317 -9.40888 0.12202 -0.99249 0.000627465
-16.3245 90.2174 -9.51293 0.129428 -0.991584 0.00151957
-17.7836 89.9969 -9.81927 0.176498 -0.984243 -0.00964649
-16.8188 90.1501 -8.70016 0.155976 -0.987644 -0.0104772
-15.6032 90.3062 -7.91406 0.116846 -0.993133 0.00533419
-14.4367 90.4149 -7.05171 0.0712052 -0.997361 0.0128999
-13.3264 90.4844 -5.89694 0.035998 -0.999305 0.00721268
-12.5867 90.5097 -4.73748 0.0130891 -0.999741 -0.0055535
-11.6054 90.4929 -3.85565 -0.0120996 -0.999878 -0.00988992
-10.5159 90.4594 -2.95771 -0.043047 -0.999059 0.000771731
-9.54276 90.3979 -1.85904 -0.0722149 -0.997381 -0.00163269
-8.3977 90.2682 -0.624982 -0.127428 -0.991799 -0.00864789
-7.51095 90.1461 0.356699 -0.130807 -0.99139 -0.00355782
-6.51705 89.9918 1.55351 -0.16459 -0.986255 -0.00827635
-5.44009 89.7704 2.42182 -0.192163 -0.981348 -0.0052542
-4.32337 89.5154 3.5378 -0.230425 -0.973086 0.00266096
-3.36005 89.2775 4.51698 -0.265258 -0.964107 0.011626
-2.31655 88.9863 5.45151 -0.271371 -0.962475 -0.000437524
-1.36579 88.7 6.40196 -0.312425 -0.94992 -0.0054153
-0.508943 88.4115 7.38194 -0.328769 -0.944381 -0.00279952
0.464951 88.0586 8.38737 -0.336437 -0.941697 -0.00189714
1.29286 87.7592 9.3509 -0.357427 -0.933917 0.00346265
2.24596 87.3989 10.3543 -0.370212 -0.928919 0.0055301
3.31054 86.9685 11.3309 -0.391239 -0.920285 0.00230331
4.33783 86.5261 12.3081 -0.399354 -0.916797 -0.000460566
5.20206 86.1445 13.2726 -0.404263 -0.914642 -0.000467169
6.19244 85.691 14.3058 -0.422323 -0.906442 0.0024078
7.22493 85.2118 15.2295 -0.427845 -0.903826 0.00580434
7.52963 85.0664 15.5531 -0.430629 -0.902525 0.000905675
6.41956 85.5901 15.6517 -0.41972 -0.907651 0.00230854
5.49735 86.0104 14.8762 -0.413085 -0.910677 0.0052826
4.61151 86.406 13.9123 -0.403468 -0.914987 0.00345838
3.80903 86.7562 12.9769 -0.396021 -0.918239 0.000422477
2.7738 87.1916 12.0427 -0.380389 -0.924815 -0.00250931
1.89241 87.5376 11.187 -0.364691 -0.931124 -0.00305805
0.938396 87.8961 10.2899 -0.340867 -0.940089 0.00321166
0.0215926 88.2157 9.1603 -0.332155 -0.943221 0.00186062
-1.01332 88.5724 8.18417 -0.307921 -0.951272 -0.0141807
-1.88214 88.8544 7.16158 -0.286652 -0.958018 -0.00559041
-3.10362 89.2095 5.98155 -0.272553 -0.962137 0.00197012
-4.15656 89.4891 5.02227 -0.237898 -0.971242 0.00961076
-5.04222 89.6928 4.05434 -0.211002 -0.977254 0.00806167
-5.98108 89.8661 3.1164 -0.175523 -0.984463 0.00345542
-7.08186 90.0705 2.27864 -0.152381 -0.98799 -0.025524
-8.01279 90.1931 1.13095 -0.109676 -0.993834 -0.00829374
-8.9828 90.3212 0.0515679 -0.0955515 -0.995274 -0.0172854
-10.0327 90.4312 -1.06866 -0.0681014 -0.997653 -0.00699949
-10.9592 90.484 -2.10011 -0.0281769 -0.999588 -0.000245637
-12.0635 90.5017 -3.12092 -0.0116165 -0.999846 0.0110179
-13.2678 90.4819 -4.09975 0.0546689 -0.998454 -0.00936896
-13.9235 90.4541 -5.18729 0.0773933 -0.996959 -0.00273502
-14.9102 90.3756 -6.23791 0.0981979 -0.995155 -0.00490813
-15.9793 90.2606 -7.08313 0.121236 -0.99262 -0.00125403
-17.1175 90.1 -7.78577 0.159592 -0.987183 -9.29784e-05
-18.0253 89.9498 -8.76605 0.186058 -0.982315 0.007142
-18.8649 89.7829 -9.70349 0.218007 -0.975886 -0.00192915
-19.3473 89.6657 -10.1368 0.240828 -0.970522 -0.00545039
-21.7223 89.0381 -10.9104 0.279105 -0.960257 -0.00239845
-20.5754 89.3516 -10.0914 0.266433 -0.963832 0.00552137
-19.6125 89.6069 -9.21776 0.244612 -0.9696 0.00644185
-18.697 89.8162 -8.26545 0.210692 -0.977504 0.00783275
-17.929 89.9733 -7.22982 0.187192 -0.982301 0.00252618
-16.538 90.1971 -6.3453 0.13943 -0.990103 0.0143079
-15.483 90.3164 -5.49181 0.0960497 -0.995366 0.00133426
-14.5637 90.4018 -4.53591 0.0843535 -0.996434 0.00201506
-13.8892 90.4471 -3.35909 0.0569961 -0.998367 0.00017804
-12.8345 90.4957 -2.55922 0.0190362 -0.999797 -0.00637306
-11.8318 90.5062 -1.7552 -0.0204729 -0.999785 0.00311244
-10.9601 90.4779 -0.691046 -0.0488782 -0.998705 -0.0133533
-10.0304 90.4067 0.286515 -0.0641863 -0.99774 -0.0196618
-9.10349 90.312 1.17512 -0.0861397 -0.99596 -0.0251776
-8.23348 90.2218 2.32643 -0.106851 -0.99425 0.00418359
-7.30803 90.0847 3.25857 -0.14812 -0.98895 -0.00610496
-6.26163 89.9264 4.03651 -0.16688 -0.985819 0.0129044
-5.31373 89.7576 5.15036 -0.201943 -0.979297 0.0108234
-4.23893 89.5148 6.17802 -0.24473 -0.969574 0.00283661
-3.20744 89.2444 7.11121 -0.273133 -0.961958 0.00599904
-2.2738 88.9634 8.06199 -0.28041 -0.959774 -0.0139497
-1.41324 88.6908 9.0231 -0.303733 -0.952718 -0.00853733
-0.448395 88.3751 9.88195 -0.307882 -0.951399 -0.00515107
0.328055 88.1137 10.9405 -0.33195 -0.943281 -0.00247447
1.40047 87.7253 11.8773 -0.347124 -0.937812 0.000590129
2.35874 87.3544 12.9026 -0.362034 -0.932147 -0.00584215
3.432 86.9152 13.822 -0.388315 -0.921507 0.00606511
4.29747 86.5469 14.9442 -0.395563 -0.918428 0.00429826
4.93832 86.2668 15.5324 -0.407984 -0.912968 0.00617441
3.32776 86.9644 15.1119 -0.395262 -0.918536 0.00639709
2.26835 87.393 13.992 -0.368251 -0.929716 0.00440132
1.17123 87.8083 12.8354 -0.35181 -0.93605 0.00631305
0.137372 88.1828 11.9439 -0.331515 -0.943445 0.0028295
-0.687036 88.4547 10.9925 -0.31414 -0.949371 0.00233675
-1.70578 88.7777 9.99909 -0.301397 -0.95349 0.00268508
-2.71809 89.0813 9.1143 -0.277214 -0.960791 -0.00479514
-3.64731 89.3525 7.91896 -0.257735 -0.965852 -0.0264145
-4.62104 89.6034 7.13001 -0.231564 -0.97277 -0.00887427
-5.78126 89.8569 6.01691 -0.198098 -0.980146 0.00551057
-6.60121 89.9918 5.01921 -0.15783 -0.987334 0.0138213
-7.58853 90.1258 4.1205 -0.140156 -0.990105 -0.00073306
-8.69199 90.2682 3.16292 -0.094778 -0.995475 0.00412337
-9.44515 90.3332 2.14129 -0.0837535 -0.99648 0.00345547
-10.4843 90.4148 1.21481 -0.0431846 -0.998819 -0.0191693
-11.3557 90.4699 0.176809 -0.0233104 -0.999402 -0.0255008
-12.3683 90.5059 -0.922523 0.0317642 -0.999069 -0.0276542
-13.4154 90.4729 -1.86214 0.0569832 -0.99826 -0.00709267
-14.5217 90.3992 -2.7267 0.0836944 -0.996471 0.00614104
-15.3218 90.3334 -3.94835 0.0951435 -0.995409 -0.0102157
-16.4958 90.2025 -4.97467 0.131928 -0.991173 -0.013032
-17.5101 90.0485 -5.90076 0.173691 -0.984665 -0.00386801
-18.5824 89.8395 -6.67714 0.209456 -0.977655 -0.0143316
-19.403 89.6589 -7.79418 0.227999 -0.973627 -0.000909001
-20.3379 89.4206 -8.64781 0.252551 -0.967582 0.00145269
-21.2992 89.1547 -9.60047 0.270035 -0.962837 0.00493417
-22.4582 88.8139 -10.4564 0.296283 -0.955076 -0.00678869
-22.9041 88.6799 -11.2338 0.30817 -0.951331 0.000180556
-24.4418 88.1644 -11.3793 0.326928 -0.945016 -0.00768741
-23.4581 88.4991 -10.4151 0.327028 -0.945008 -0.00299316
-22.5788 88.7721 -9.51955 0.296884 -0.954911 -0.00178785
-21.6061 89.0668 -8.56313 0.278742 -0.960361 -0.00275772
-20.5027 89.3773 -7.45965 0.257778 -0.966178 -0.00492308
-19.5302 89.6146 -6.44833 0.231456 -0.972637 -0.0192997
-18.586 89.8324 -5.59781 0.208674 -0.977913 0.00583267
-17.5145 90.0351 -4.47152 0.168419 -0.985644 -0.0118103
-16.4794 90.1829 -3.43634 0.145857 -0.989107 -0.0190582
-15.461 90.3067 -2.51072 0.115816 -0.993247 0.00576689
-14.5779 90.385 -1.57957 0.08083 -0.996556 -0.0182224
-13.5553 90.4492 -0.512287 0.0604906 -0.997952 -0.0164133
-12.6147 90.471 0.428304 0.0277155 -0.999561 -0.0104858
-11.4784 90.4457 1.56459 -0.0116562 -0.99989 -0.0053922
-10.5975 90.4134 2.44553 -0.0553697 -0.998444 -0.00661866
-9.58503 90.3503 3.44847 -0.0806096 -0.996675 0.00797235
-8.60344 90.2498 4.44823 -0.119498 -0.992751 -0.012856
-7.61428 90.1443 5.42872 -0.132212 -0.99119 0.00426182
-6.47239 89.9727 6.57062 -0.152262 -0.988301 -0.00797196
-5.5142 89.7886 7.52881 -0.191346 -0.981125 -0.0214218
-4.50664 89.5518 8.54086 -0.222834 -0.974838 -0.00418107
-3.54578 89.3167 9.35536 -0.247756 -0.96864 -0.0092217
-2.60065 89.0526 10.4424 -0.288375 -0.957513 0.000340174
-1.71626 88.7818 11.3267 -0.294826 -0.955508 0.0088343
-0.635113 88.4481 12.4079 -0.306739 -0.951792 0.0013506
0.323033 88.1205 13.366 -0.329285 -0.944217 0.00513764
1.28303 87.7761 14.3227 -0.355524 -0.934616 0.00976814
1.51238 87.6911 14.5554 -0.35633 -0.934286 0.0115992
-0.191311 88.3064 13.9473 -0.329832 -0.943924 0.0147662
-1.18143 88.6239 13.1318 -0.304606 -0.952477 0.000665821
-2.10412 88.9067 12.2399 -0.287002 -0.957912 0.00579232
-3.19109 89.2194 11.2405 -0.277529 -0.960682 -0.00450662
-4.17134 89.4648 10.1854 -0.228557 -0.973521 0.00403972
-5.1671 89.6912 9.15927 -0.195043 -0.980546 -0.0217724
-6.14448 89.8853 8.40292 -0.171218 -0.985157 -0.0122332
-7.03184 90.0492 7.43559 -0.140943 -0.989949 -0.0116744
-7.9425 90.1785 6.41832 -0.11873 -0.992362 -0.0221862
-9.02398 90.2996 5.47835 -0.0923998 -0.995689 -0.00815337
-9.85824 90.3638 4.35013 -0.0559652 -0.998402 0.00761994
-10.9878 90.4285 3.37782 -0.0555934 -0.998428 -0.00718408
-11.974 90.4487 2.50663 0.00225018 -0.99998 -0.00569786
-12.6653 90.4527 1.4179 -0.00269144 -0.999987 -0.00429011
-13.9427 90.4124 0.490987 0.0633724 -0.997848 -0.0137103
-14.9292 90.3446 -0.443387 0.0862456 -0.996233 -0.00848949
-15.7901 90.2639 -1.45244 0.119289 -0.992754 -0.0144795
-16.8014 90.1255 -2.33521 0.147134 -0.989113 -0.00084801
-17.7623 89.9741 -3.26467 0.180657 -0.983489 -0.00978198
-18.808 89.7803 -4.35918 0.213155 -0.976887 -0.0117549
-19.7653 89.5543 -5.48231 0.233721 -0.972301 0.00224569
-20.6508 89.3313 -6.36057 0.249431 -0.968383 -0.00246283
-21.54 89.0846 -7.22696 0.276653 -0.960969 0.000985549
-22.4158 88.8201 -8.11153 0.3005 -0.953779 -0.00085289
-23.3507 88.5247 -9.01199 0.316008 -0.94873 -0.00702936
-24.4906 88.1442 -10.0709 0.332301 -0.943144 -0.00133421
-25.4896 87.7821 -11.1242 0.346857 -0.937909 -0.00395582
-26.1824 87.5265 -11.7743 0.357317 -0.933941 -0.00730686
-27.5632 86.9626 -11.9971 0.39069 -0.920507 -0.00529823
-26.5474 87.3769 -10.9732 0.380677 -0.924706 0.00195328
-25.6103 87.7404 -10.133 0.342955 -0.939339 0.000615452
-24.7988 88.0271 -9.0271 0.337554 -0.941262 -0.00886043
-23.8253 88.3607 -8.13019 0.316565 -0.948562 -0.00406967
-22.8601 88.6789 -7.20176 0.309019 -0.951053 -0.00228649
-21.8771 88.9908 -6.37538 0.273963 -0.961713 0.00720994
-20.7704 89.3023 -5.16302 0.266608 -0.963769 -0.00488632
-19.9564 89.5004 -4.10706 0.239989 -0.970706 -0.0115348
-19.0855 89.7087 -3.20697 0.223753 -0.974643 -0.00169065
-17.9884 89.9268 -2.3693 0.180848 -0.983478 -0.00751528
-16.97 90.0947 -1.26087 0.151573 -0.988419 -0.00410803
-15.9493 90.232 -0.15586 0.114776 -0.993327 -0.00857609
-14.8534 90.3434 0.856274 0.0720135 -0.99737 -0.00810953
-13.6248 90.4112 1.90225 0.0540811 -0.998479 -0.00524624
-12.8574 90.4368 2.97876 0.0207147 -0.999706 -0.0118733
-11.6662 90.4261 4.09809 -0.0144877 -0.999829 -0.00931207
-10.5438 90.4016 4.97788 -0.0439846 -0.999021 -0.00285989
-9.78182 90.3445 6.24949 -0.0781609 -0.996758 0.00765024
-8.43703 90.2267 7.12476 -0.102004 -0.994747 -0.00856934
-7.59097 90.1128 8.10209 -0.125702 -0.991788 -0.0235573
-6.66241 89.9632 9.11105 -0.165102 -0.98611 -0.018118
-5.66893 89.7812 9.98026 -0.198256 -0.980134 -0.00573332
-4.73751 89.5844 10.9502 -0.202543 -0.979248 -0.00616805
-3.81688 89.3771 11.9675 -0.226966 -0.973892 0.00372043
-2.7088 89.089 12.9107 -0.27221 -0.962182 -0.00311318
-2.27748 88.9657 13.3678 -0.276805 -0.960905 -0.00104467
-3.75168 89.3679 13.1904 -0.22991 -0.973201 0.00329491
-4.95277 89.631 12.0873 -0.206808 -0.978332 0.00722607
-5.97918 89.8357 11.0035 -0.191644 -0.981454 0.000344284
-6.99401 90.0067 9.95146 -0.160638 -0.987004 -0.00406699
-7.88327 90.1395 9.04266 -0.123908 -0.992233 -0.0105354
-8.83401 90.2616 7.93124 -0.106238 -0.994309 -0.00789546
-10.0799 90.3828 7.24378 -0.0525239 -0.998608 -0.00155273
-10.904 90.4001 6.11881 -0.00838739 -0.999882 0.00291112
-11.8922 90.4203 5.14267 0.00806666 -0.999915 -0.00986313
-12.9684 90.4159 4.13354 0.027165 -0.999447 -0.0190147
-14.0341 90.3875 2.83851 0.0696229 -0.997545 0.00296288
-15.1897 90.3094 1.80737 0.0760665 -0.997004 -0.0131895
-16.2684 90.1832 0.86145 0.137186 -0.990482 -0.00699029
-17.2772 90.039 -0.213107 0.166504 -0.985889 -0.00503523
-18.1568 89.8818 -1.26286 0.187765 -0.982112 -0.0141675
-19.0805 89.7029 -2.13097 0.218166 -0.975869 -0.00821098
-20.1742 89.4399 -2.96134 0.257388 -0.966273 -0.00822481
-20.9578 89.2342 -3.94259 0.271414 -0.962397 -0.0112092
-21.7886 89.0136 -5.00652 0.273621 -0.961738 -0.0138185
-22.7828 88.7067 -5.9578 0.306511 -0.951861 0.00330413
-23.7534 88.3846 -6.79606 0.318533 -0.947889 0.00185359
-24.7787 88.0206 -7.76487 0.340085 -0.940388 -0.00358264
-25.6847 87.7003 -8.69954 0.346722 -0.937849 -0.0149237
-26.4711 87.4051 -9.80143 0.36823 -0.929728 -0.00352692
-27.5315 86.9713 -10.6791 0.385082 -0.922879 0.00197667
-28.5681 86.533 -11.7926 0.399167 -0.91686 -0.00344473
-28.8495 86.4089 -12.0845 0.405123 -0.914241 -0.00456513
-30.1338 85.8367 -12.0859 0.416936 -0.908903 -0.0076911
-29.2149 86.2452 -11.2273 0.407025 -0.913417 -0.00089806
-28.3344 86.6326 -10.3061 0.393886 -0.919137 0.00639269
-27.3487 87.0501 -9.41428 0.384207 -0.923245 -1.04047e-05
-26.4856 87.3931 -8.3141 0.368823 -0.929494 -0.00286154
-25.6529 87.6984 -7.38047 0.352383 -0.935855 0.00124567
-24.7418 88.033 -6.48413 0.338145 -0.941093 0.00110334
-23.759 88.3912 -5.59699 0.320221 -0.947263 0.00201337
-22.6525 88.7525 -4.59986 0.283507 -0.958962 -0.00381691
-21.8384 88.9888 -3.62556 0.274979 -0.961424 -0.000430129
-20.8885 89.2441 -2.42505 0.261206 -0.965253 -0.00739741
-19.8598 89.5134 -1.55975 0.248525 -0.9685 -0.011055
-18.8482 89.732 -0.711474 0.214365 -0.976749 -0.00292686
-17.9617 89.9081 0.381607 0.193461 -0.981105 -0.00254706
-16.9781 90.0748 1.41727 0.165004 -0.986266 -0.00645034
-16.0313 90.216 2.27471 0.125883 -0.991974 0.0111088
-14.9722 90.3106 3.20862 0.0867694 -0.996223 -0.00339033
-14.0565 90.371 4.28887 0.0723219 -0.997258 -0.0155093
-13.0107 90.399 5.38788 0.0301183 -0.999479 -0.0110862
-12.033 90.4152 6.20993 0.00223177 -0.999861 -0.0015537
-11.2393 90.4212 7.2142 0.00368477 -0.999988 0.00081647
-10.237 90.3853 8.17698 -0.0476993 -0.998744 -0.0142468
-9.10744 90.2803 8.86982 -0.10389 -0.994535 -0.0102274
-8.25343 90.1736 9.95409 -0.115725 -0.993281 0.000290679
-7.21232 90.0419 10.9851 -0.13487 -0.990848 0.000996976
-6.33611 89.9043 11.9252 -0.174846 -0.98448 0.00251406
-5.38302 89.7313 12.9488 -0.200488 -0.979516 0.0185674
-6.82535 89.9869 12.6948 -0.147649 -0.988964 0.011971
-7.70403 90.1095 11.7618 -0.128572 -0.99169 0.00201607
-8.62592 90.2153 10.809 -0.0961182 -0.995344 -0.00665164
-9.53532 90.3087 9.73758 -0.0844687 -0.996132 -0.0242005
-10.5658 90.3887 8.97829 -0.0525515 -0.998549 -0.0114726
-11.7725 90.4196 7.95129 0.00136931 -0.99997 -0.00632982
-12.6259 90.4043 6.93681 0.0230592 -0.999693 0.00896609
-13.6006 90.3676 6.06669 0.0638704 -0.997762 -0.0197644
-14.6039 90.306 4.99007 0.0971475 -0.995073 -0.0177106
-15.4437 90.2478 4.0276 0.114519 -0.993223 -0.0198573
-16.5515 90.1301 3.04566 0.155524 -0.987469 -0.0258014
-17.7129 89.9463 1.98119 0.169218 -0.98557 -0.00399493
-18.7341 89.7519 0.878041 0.202784 -0.979215 -0.00396959
-19.5314 89.5816 -0.0996535 0.226673 -0.973929 -0.00331717
-20.5221 89.3373 -0.91385 0.25617 -0.966607 0.00689567
-21.6393 89.0381 -1.91406 0.261519 -0.965192 -0.0029379
-22.456 88.8002 -2.95884 0.290444 -0.956775 -0.0149241
-23.2867 88.5506 -3.98419 0.308952 -0.951066 -0.00458441
-24.3868 88.1745 -4.95589 0.337767 -0.941196 0.00682494
-25.2893 87.8336 -5.79473 0.353567 -0.935405 0.00136488
-26.1736 87.5028 -6.64227 0.357772 -0.933785 0.000251253
-27.1216 87.1366 -7.76715 0.37846 -0.925594 -0.00562054
-27.9529 86.7937 -8.77661 0.394734 -0.918784 -0.00433121
-28.9064 86.3885 -9.68713 0.397258 -0.917705 -0.000715393
-29.7826 85.9876 -10.5675 0.415132 -0.909745 -0.00435898
-30.8732 85.4917 -11.6094 0.418311 -0.908243 -0.0104963
-31.2662 85.3105 -12.0104 0.431581 -0.902004 -0.0112029
-32.0378 84.9367 -11.6539 0.432315 -0.901667 -0.00952972
-31.1848 85.3362 -10.7193 0.43026 -0.902698 -0.00317888
-30.3174 85.7387 -9.88276 0.421247 -0.906945 -0.00112481
-29.387 86.169 -8.97107 0.413804 -0.910341 -0.00596145
-28.2389 86.6663 -7.80682 0.39835 -0.917218 -0.00527873
-27.4855 86.9796 -6.82364 0.383681 -0.923463 -0.00202717
-26.4286 87.4016 -5.6716 0.369359 -0.929283 -0.00227637
-25.3551 87.8141 -4.64785 0.355099 -0.934812 0.00557947
-24.4405 88.1544 -3.78961 0.344731 -0.9387 0.00176664
-23.5213 88.4635 -2.89418 0.313843 -0.949347 -0.0150446
-22.736 88.7028 -1.84619 0.299942 -0.953909 -0.0096069
-21.8413 88.9641 -0.883426 0.284865 -0.958437 -0.00516803
-20.7603 89.2767 0.0232586 0.261914 -0.965089 -0.00208604
-19.6159 89.5615 1.21049 0.226262 -0.973867 -0.0145327
-18.7626 89.7339 2.18088 0.20344 -0.978983 -0.0142863
-17.805 89.9094 3.14686 0.192077 -0.981267 -0.0148802
-16.6679 90.0895 4.14501 0.164617 -0.986328 -0.00613638
-15.6081 90.2051 5.21115 0.114864 -0.99332 -0.0110401
-14.6408 90.289 6.3029 0.0860266 -0.996219 -0.00897822
-13.676 90.3729 7.20027 0.0428356 -0.998878 -0.0183453
-12.704 90.3992 8.21772 0.0400227 -0.999015 -0.0191565
-11.5626 90.4077 9.32336 -0.00147715 -0.999953 -0.00935282
-10.3176 90.3604 10.2386 -0.0338574 -0.999338 -0.010415
-9.39376 90.2804 11.2591 -0.0851954 -0.996357 -0.00365517
-8.49766 90.2049 12.2422 -0.115127 -0.993328 0.00541382
-7.9883 90.1517 12.7823 -0.123487 -0.99221 0.0146262
-9.01309 90.2705 13.0242 -0.0963784 -0.995262 0.012808
-9.87584 90.3174 12.0743 -0.0555739 -0.998359 0.00926346
-10.7518 90.368 11.0736 -0.0453566 -0.99885 -0.0134979
-11.8854 90.3959 10.1795 0.0197273 -0.999612 -0.0185575
-13.0023 90.3748 9.20345 0.046331 -0.998858 -0.0114389
-14.0025 90.3341 8.15766 0.0672732 -0.997644 -0.0134163
-15.0276 90.2482 7.18107 0.104801 -0.994492 -0.00136527
-15.9965 90.1577 6.10556 0.109603 -0.993924 -0.00357377
-16.9633 90.0357 5.11733 0.159171 -0.987138 -0.0114793
-17.9175 89.8719 4.23776 0.188443 -0.982038 -0.00889757
-18.8547 89.6948 3.36785 0.200123 -0.979566 -0.0200543
-19.9203 89.4713 2.23522 0.236766 -0.971489 -0.0119981
-20.8646 89.241 1.17091 0.264221 -0.964358 -0.0135474
-21.8958 88.9515 0.230181 0.290129 -0.956964 -0.00428605
-22.9617 88.6179 -0.753299 0.30546 -0.952191 -0.00519564
-23.7714 88.3625 -1.76 0.318946 -0.947728 -0.00918665
-24.6244 88.0862 -2.76082 0.339794 -0.940403 -0.00698306
-25.5716 87.7318 -3.62079 0.356114 -0.934431 -0.00408013
-26.6068 87.3242 -4.62715 0.369039 -0.929386 -0.00721505
-27.4812 86.9799 -5.51045 0.37213 -0.928171 -0.00424468
-28.4914 86.5556 -6.74057 0.393475 -0.919331 0.00270467
-29.3041 86.2001 -7.65643 0.407167 -0.913353 0.00130306
-30.2036 85.7923 -8.57197 0.422152 -0.906523 -0.00169639
-31.1259 85.3615 -9.48371 0.429578 -0.903025 -0.00296925
-32.1067 84.8964 -10.438 0.433638 -0.901068 -0.00303817
-32.8906 84.5169 -11.4197 0.443247 -0.896377 -0.00631853
-32.9195 84.5029 -11.4619 0.443274 -0.896364 -0.0062983
-33.5573 84.1814 -10.9341 0.451804 -0.892073 -0.00882488
-32.6776 84.6111 -9.81104 0.444167 -0.895916 -0.00709586
-31.649 85.1062 -8.79772 0.434979 -0.900427 -0.00477329
-30.7947 85.5137 -7.95304 0.42663 -0.904425 0.00120959
-29.7515 85.9966 -6.86237 0.416551 -0.909105 0.00361132
-28.9088 86.3723 -5.87197 0.404247 -0.914639 -0.00447049
-27.9744 86.7691 -4.7488 0.397361 -0.917641 -0.00623232
-26.8883 87.2076 -3.64789 0.376104 -0.926569 0.00228675
-25.885 87.6085 -2.71741 0.363715 -0.931509 -0.00135225
-24.9405 87.9603 -1.79625 0.331164 -0.943461 -0.0138262
-24.0792 88.2511 -0.696931 0.319533 -0.947556 -0.00605769
-23.1667 88.5475 0.265036 0.308144 -0.951331 -0.00386473
-22.0685 88.8907 1.2652 0.297618 -0.954638 -0.00942819
-21.096 89.1667 2.24403 0.2664 -0.963859 0.000140631
-20.0186 89.4304 3.43995 0.241391 -0.970319 -0.0142464
-18.9186 89.6648 4.56809 0.215807 -0.976341 -0.0136361
-17.8533 89.8724 5.51511 0.184833 -0.98277 -3.70539e-05
-16.9558 90.0254 6.40958 0.151027 -0.988419 -0.0132285
-16.0885 90.1363 7.36622 0.127182 -0.991694 -0.0132771
-15.1517 90.232 8.28551 0.105492 -0.994409 -0.00471545
-14.2167 90.3044 9.19713 0.0751936 -0.997142 -0.00737764
-13.3028 90.35 10.146 0.0534334 -0.998543 -0.00755919
-12.1107 90.3778 11.1177 0.0226396 -0.999648 -0.0138535
-11.1512 90.3703 11.9565 -0.0220395 -0.999675 -0.0125057
-10.462 90.3523 12.7754 -0.0315126 -0.999348 0.0170922
-11.5386 90.3731 12.8849 -0.00256247 -0.999962 0.00742298
-12.4834 90.3679 11.9725 0.0219099 -0.999745 -0.000761333
-13.6055 90.3225 11.0522 0.066212 -0.997768 -0.00814779
-14.7332 90.2502 9.97678 0.0901961 -0.995867 -0.0103967
-15.8391 90.1569 8.88106 0.115752 -0.993183 0.00165549
-16.7877 90.0298 7.8966 0.144176 -0.989549 -0.00253822
-17.7461 89.8874 6.9179 0.170369 -0.985349 -0.00664379
-18.8628 89.6726 5.81075 0.203861 -0.978929 -0.0115779
-19.8044 89.4597 4.93372 0.238445 -0.971098 -0.00896261
-20.8103 89.2189 3.93617 0.267355 -0.963499 -0.0127082
-21.6489 89.0043 2.96317 0.283535 -0.958821 -0.0163981
-22.5627 88.7303 2.03634 0.300097 -0.953908 0.00102252
-23.5531 88.4143 1.13482 0.323489 -0.946204 -0.00725134
-24.5289 88.0908 0.109382 0.329517 -0.944064 -0.0124083
-25.4678 87.7604 -1.02933 0.355926 -0.934383 -0.0145382
-26.5865 87.326 -2.13233 0.372311 -0.928083 -0.00666526
-27.4997 86.9594 -2.98671 0.383382 -0.923554 -0.00200866
-28.422 86.5693 -3.94426 0.402775 -0.915243 -0.00996428
-29.2594 86.2105 -4.94276 0.41291 -0.910727 -0.0089472
-30.1361 85.8202 -5.98632 0.422693 -0.90627 -0.00241012
-31.0747 85.3804 -6.98646 0.43056 -0.902562 -0.000826123
-32.0372 84.9179 -7.96199 0.439435 -0.898273 0.00114837
-32.9041 84.4922 -8.80588 0.442087 -0.896971 -0.000408587
-33.7592 84.0677 -9.79731 0.454671 -0.89062 -0.00840308
-34.2112 83.844 -10.4568 0.454209 -0.890844 -0.00955443
-34.8834 83.4925 -9.98633 0.460528 -0.887593 -0.00946307
-34.0122 83.9338 -8.79185 0.453299 -0.891351 -0.00349658
-33.1716 84.3579 -7.8681 0.448682 -0.89368 -0.00149644
-32.2209 84.8264 -6.93477 0.442252 -0.896885 -0.00318774
-31.3167 85.2617 -5.96358 0.432594 -0.901545 -0.00887528
-30.477 85.6538 -5.03253 0.430378 -0.902616 -0.00712556
-29.6469 86.0287 -4.06519 0.409376 -0.912323 -0.0082461
-28.5831 86.4917 -2.86415 0.404969 -0.914312 -0.00544558
-27.66 86.8832 -1.94186 0.390827 -0.920414 -0.00876207
-26.7168 87.2688 -1.06851 0.368007 -0.92981 0.00113142
-25.8715 87.5972 -0.144785 0.35778 -0.933714 -0.00895839
-24.9368 87.9364 0.931836 0.338913 -0.94078 -0.00820184
-23.9936 88.2639 1.93265 0.318942 -0.947768 0.0035651
-22.9512 88.6077 2.93784 0.301794 -0.953373 -0.000563301
-21.986 88.8884 3.94087 0.278463 -0.960364 -0.0126019
-21.1471 89.1174 4.88421 0.265795 -0.964023 -0.00273682
-20.14 89.3832 5.86796 0.237844 -0.971247 0.00811735
-19.1013 89.6054 6.82931 0.211131 -0.977224 -0.0203763
-18.1795 89.7919 7.71328 0.200741 -0.97964 0.00262355
-17.3046 89.9533 8.63734 0.144612 -0.989487 -0.000938216
-16.2824 90.0901 9.71224 0.134028 -0.990722 -0.0204213
-15.1967 90.1967 10.7512 0.106428 -0.994134 -0.0192534
-14.215 90.2783 11.7118 0.0737371 -0.997251 -0.00626036
-12.9926 90.3484 12.724 0.0469565 -0.998894 0.00229292
-12.662 90.3599 13.0013 0.0360441 -0.999329 -0.00640215
-14.1147 90.2809 13.0177 0.0817199 -0.996655 -0.000431389
-15.106 90.1934 12.1083 0.108646 -0.994078 -0.00122472
-16.2129 90.0747 10.9894 0.122554 -0.992385 -0.0123835
-17.2793 89.9407 10.0004 0.151655 -0.988273 -0.0178145
-18.1394 89.791 9.04474 0.194159 -0.980873 -0.0137865
-19.1064 89.5947 8.11448 0.222753 -0.974865 -0.00440072
-20.1737 89.3599 7.04125 0.223231 -0.974602 -0.0178322
-21.1045 89.138 6.18187 0.257971 -0.966065 0.00789404
-21.9859 88.8823 5.27501 0.281741 -0.959431 -0.00348876
-22.9025 88.6136 4.23715 0.300535 -0.953651 -0.0150131
-24.0519 88.2431 3.11302 0.336412 -0.94164 -0.0118962
-25.0783 87.8762 2.05581 0.350321 -0.936625 -0.00289139
-26.0994 87.5036 0.940826 0.367488 -0.929964 -0.0100085
-26.9429 87.1752 -0.0541411 0.366726 -0.930308 -0.00630599
-27.8992 86.7776 -0.975804 0.3942 -0.919023 -4.8451e-05
-28.8205 86.3812 -1.87492 0.399639 -0.916655 -0.00522001
-29.8655 85.9202 -2.94996 0.413427 -0.910495 -0.00498983
-30.7475 85.5208 -4.02936 0.421384 -0.906848 -0.00784481
-31.6483 85.0934 -5.06441 0.433697 -0.901027 -0.00691493
-32.653 84.6094 -6.11727 0.441282 -0.897342 -0.00686377
-33.7516 84.0626 -7.22495 0.451332 -0.89235 -0.00290858
-34.7877 83.5324 -8.41602 0.460382 -0.887712 -0.00396739
-35.3072 83.2669 -9.13099 0.466455 -0.884504 -0.00801383
-35.7922 83.0038 -8.39791 0.47043 -0.882422 -0.00529029
-34.9017 83.4685 -7.22592 0.463606 -0.88604 -0.0013421
-34.0002 83.9321 -6.24831 0.453424 -0.89128 -0.00406554
-33.0223 84.4206 -5.27807 0.446235 -0.894878 -0.00620961
-32.1611 84.8392 -4.30498 0.440253 -0.897861 -0.00437271
-31.2762 85.2645 -3.33556 0.433666 -0.901063 -0.00321673
-30.3328 85.7009 -2.17511 0.422408 -0.90639 -0.00441772
-29.4118 86.1172 -1.24832 0.410521 -0.911814 -0.004114
-28.4331 86.5458 -0.296876 0.401709 -0.915757 -0.00162004
-27.3749 86.9921 0.775749 0.382575 -0.923866 -0.0103438
-26.5229 87.3242 1.7657 0.365653 -0.930668 -0.012428
-25.5571 87.6895 2.8267 0.36215 -0.932042 -0.0119986
-24.6798 88.0114 3.7565 0.341231 -0.939912 -0.0100584
-23.5806 88.3806 4.81809 0.321676 -0.9468 -0.00963771
-22.5334 88.7141 6.03398 0.30392 -0.952678 0.00602291
-21.523 89.023 7.00911 0.285903 -0.958201 -0.00738286
-20.6143 89.243 7.8885 0.235909 -0.971624 -0.0171007
-19.6895 89.4572 8.82652 0.234446 -0.972066 -0.00902005
-18.7902 89.649 9.71081 0.210588 -0.977544 -0.00777599
-17.7582 89.8519 10.7641 0.188041 -0.982091 -0.00964675
-16.6613 90.0023 11.8033 0.134183 -0.990936 0.00142379
-15.6633 90.1302 12.8017 0.112029 -0.993704 -0.00121791
-15.2354 90.1824 13.1945 0.115333 -0.993279 0.00971424
-16.4022 90.049 13.348 0.132204 -0.99103 0.00788786
-17.2909 89.9139 12.4479 0.146859 -0.989139 0.000428836
-18.2428 89.7478 11.5117 0.193377 -0.981123 -9.36702e-05
-19.3612 89.5169 10.4177 0.246572 -0.968912 -0.0199545
-20.3448 89.2842 9.40429 0.247895 -0.96856 -0.0209564
-21.309 89.0485 8.47144 0.262366 -0.964658 -0.0240089
-22.3095 88.7778 7.47543 0.29386 -0.955665 -0.0183557
-23.2301 88.4914 6.57838 0.319199 -0.947617 0.00219426
-24.0659 88.2065 5.60942 0.324766 -0.945729 -0.011137
-25.0792 87.8525 4.59194 0.347451 -0.937647 -0.00923508
-25.9397 87.5299 3.67266 0.365231 -0.930873 -0.00880216
-26.9697 87.1366 2.56503 0.37169 -0.928271 -0.0125183
-27.8332 86.7958 1.57282 0.38331 -0.92356 -0.0101319
-28.7778 86.3939 0.567076 0.407769 -0.913085 -3.71227e-05
-29.7094 85.9787 -0.336124 0.410162 -0.911993 -0.00502595
-30.7074 85.523 -1.3011 0.42415 -0.905586 -0.00241274
-31.5586 85.1225 -2.32532 0.435641 -0.900098 -0.00601258
-32.4615 84.6865 -3.39025 0.446228 -0.894909 -0.00421767
-33.3481 84.2491 -4.32716 0.45266 -0.891661 -0.00540644
-34.213 83.8149 -5.2411 0.459161 -0.888291 -0.00994689
-35.0876 83.3671 -6.14923 0.466322 -0.884584 -0.00739333
-35.934 82.9219 -7.1835 0.472733 -0.8812 -0.00260321
-36.2514 82.7538 -7.62201 0.47273 -0.881184 -0.00644275
-36.6023 82.5606 -6.65318 0.473985 -0.880531 -0.00173611
-35.6854 83.0455 -5.55418 0.468682 -0.883344 -0.0064261
-34.7014 83.5542 -4.52864 0.46112 -0.887312 -0.00673818
-33.6904 84.0687 -3.47495 0.458335 -0.888768 -0.00260579
-32.7423 84.5453 -2.42476 0.445088 -0.895465 -0.000549138
-31.8643 84.9694 -1.3174 0.434599 -0.900623 0.000880495
-30.9536 85.4042 -0.334511 0.423351 -0.905958 -0.00295029
-29.9989 85.8424 0.572994 0.418023 -0.908418 -0.00577318
-29.1332 86.234 1.43819 0.410663 -0.911781 -0.00184864
-28.1903 86.6335 2.47965 0.396931 -0.917704 -0.016256
-27.2383 87.0144 3.52901 0.3732 -0.927669 -0.0121437
-26.3369 87.3691 4.55531 0.366974 -0.930223 -0.00382408
-25.4634 87.7022 5.44806 0.346029 -0.938191 -0.00781927
-24.5333 88.0362 6.40461 0.337025 -0.941452 -0.00702213
-23.597 88.359 7.46261 0.33071 -0.94362 -0.013579
-22.6427 88.659 8.36905 0.305794 -0.951987 -0.0133149
-21.7291 88.9197 9.32621 0.276005 -0.960877 -0.0215426
-20.7336 89.1651 10.2786 0.253116 -0.967224 -0.020148
-19.8201 89.3942 11.2145 0.243957 -0.969785 0.00147909
-18.8725 89.6193 12.1567 0.212769 -0.97708 0.00652431
-17.8723 89.8179 13.1608 0.173544 -0.984594 -0.000852526
-17.4429 89.8888 13.5746 0.156243 -0.987572 0.0170231
-18.5119 89.6909 13.7822 0.196946 -0.980406 0.003647
-19.4317 89.4909 12.8748 0.241066 -0.970508 -0.000897485
-20.3116 89.2697 11.9779 0.255906 -0.966654 -0.00458424
-21.3104 89.0003 10.9533 0.270324 -0.962766 -0.00265651
-22.4355 88.698 9.86573 0.294257 -0.955567 -0.0174452
-23.3567 88.4178 8.92683 0.321461 -0.94679 -0.0158362
-24.2939 88.1061 8.00455 0.336207 -0.941732 -0.0102654
-25.1578 87.8021 7.02598 0.34691 -0.93788 -0.00560892
-26.1661 87.4291 5.97775 0.359278 -0.933188 -0.00829719
-27.1362 87.0507 4.97047 0.377619 -0.925932 -0.00412332
-27.9389 86.7224 4.04258 0.394643 -0.918816 -0.00334227
-28.8854 86.3228 2.99116 0.400087 -0.916412 -0.00984035
-29.9485 85.8565 1.8368 0.417137 -0.908786 -0.0102012
-31.0374 85.3569 0.796381 0.430542 -0.902521 -0.00947756
-31.9946 84.9063 -0.16376 0.436523 -0.899672 -0.00576352
-32.7634 84.5332 -1.10172 0.437324 -0.899301 0.00109016
-33.621 84.1022 -2.09848 0.451015 -0.892516 -0.000699786
-34.5806 83.6093 -3.16677 0.460177 -0.887827 -0.000307374
-35.4411 83.1655 -4.0633 0.463569 -0.886039 -0.00630196
-36.4754 82.6234 -5.16254 0.47045 -0.882414 -0.00359442
-36.8328 82.4333 -5.57671 0.477156 -0.878789 -0.00722788
-37.1747 82.2424 -4.6776 0.476994 -0.878902 -0.00272873
-36.2914 82.7152 -3.69444 0.473728 -0.880658 -0.00475085
-35.3208 83.2227 -2.71516 0.463968 -0.885851 -0.00127747
-34.4365 83.6824 -1.73312 0.462256 -0.886746 -0.00041148
-33.5567 84.1327 -0.706468 0.454413 -0.89078 -0.00454695
-32.6621 84.5737 0.378091 0.442986 -0.896473 -0.00993599
-31.7962 84.9882 1.29772 0.439536 -0.898128 -0.0131569
-30.8992 85.4067 2.09238 0.426802 -0.904275 -0.0112026
-29.9441 85.8421 3.12318 0.415433 -0.909543 -0.0121502
-29.1223 86.2089 4.02267 0.404608 -0.914449 -0.00867169
-28.1809 86.6144 5.08843 0.398425 -0.917192 -0.00375418
-27.3758 86.9474 6.03916 0.374973 -0.927014 -0.00634712
-26.473 87.3027 6.91088 0.36362 -0.931529 -0.00518617
-25.6309 87.6202 7.81627 0.351137 -0.936253 -0.0103393
-24.7894 87.9204 8.7334 0.336625 -0.941583 -0.0098668
-23.7995 88.258 9.76139 0.323338 -0.946233 -0.00979285
-22.7397 88.5851 10.7995 0.303752 -0.952683 -0.0112916
-21.614 88.9106 11.9226 0.277056 -0.960837 -0.00466747
-20.7169 89.1596 12.8147 0.261281 -0.965263 0.000523145
-19.807 89.3961 13.7626 0.240172 -0.970727 -0.00261529
-19.4641 89.4799 14.1112 0.240521 -0.970642 -0.00135322
-20.3938 89.2502 14.4626 0.269574 -0.962955 0.00685081
-21.4307 88.9607 13.3824 0.279154 -0.960142 -0.00903438
-22.3316 88.6957 12.4352 0.293817 -0.955812 -0.00938568
-23.3939 88.3692 11.3957 0.305031 -0.952273 -0.0114416
-24.2954 88.0736 10.5092 0.333752 -0.942528 -0.0158409
-25.1824 87.768 9.60016 0.346352 -0.93804 -0.0110266
-26.0476 87.449 8.68708 0.358357 -0.933564 -0.00568183
-26.9843 87.0909 7.66153 0.371177 -0.928509 -0.00980664
-28.0053 86.6819 6.61249 0.384288 -0.923147 -0.0107242
-28.8283 86.3302 5.69225 0.403626 -0.914909 -0.00503963
-29.708 85.9459 4.65123 0.41013 -0.912019 -0.00257378
-30.6437 85.5178 3.62893 0.422041 -0.906576 -0.000586926
-31.5707 85.0865 2.65928 0.432777 -0.901481 -0.00030538
-32.4685 84.6524 1.81689 0.439947 -0.898001 -0.0053927
-33.3711 84.2179 0.854152 0.4459 -0.89503 -0.00918073
-34.1674 83.8187 -0.0888709 0.453853 -0.891069 -0.00345712
-34.968 83.4032 -1.05492 0.465037 -0.885284 -0.00358836
-35.8175 82.9572 -2.01287 0.47217 -0.881487 -0.00589414
-36.7128 82.4828 -2.9453 0.476814 -0.878982 -0.00620483
-37.4013 82.1113 -3.66072 0.483084 -0.875561 -0.00479065
-37.7148 81.9325 -2.75586 0.484797 -0.874606 -0.00609782
-36.8483 82.4014 -1.86254 0.479518 -0.877513 -0.00556893
-35.9884 82.8595 -0.927555 0.472185 -0.88149 -0.0040696
-35.1599 83.2975 0.0250479 0.467106 -0.884192 -0.00393274
-34.3685 83.7073 1.02675 0.460645 -0.88751 -0.0112606
-33.4921 84.1431 2.01265 0.446838 -0.894595 -0.00567755
-32.6283 84.5702 2.83711 0.442674 -0.896673 -0.00340341
-31.6018 85.0682 3.84076 0.430764 -0.902448 -0.00239426
-30.7032 85.488 4.84582 0.427055 -0.904217 -0.00393999
-29.8525 85.8748 5.82787 0.41648 -0.909113 -0.00765332
-29.0262 86.2376 6.75675 0.406603 -0.913593 -0.00446207
-28.1733 86.5981 7.69067 0.391653 -0.920079 -0.00786096
-27.3074 86.9494 8.61648 0.375711 -0.926679 -0.0103296
-26.4431 87.2895 9.56706 0.364687 -0.931097 -0.00615726
-25.3418 87.6927 10.7477 0.343558 -0.939079 -0.0094018
-24.3154 88.0514 11.7114 0.329644 -0.944066 -0.00862009
-23.3999 88.3524 12.6609 0.309824 -0.950726 -0.0112727
-22.3775 88.6694 13.7056 0.290551 -0.95685 -0.00319997
-21.4992 88.9361 14.5976 0.280028 -0.959933 0.00959093
-22.0742 88.7695 15.2881 0.296394 -0.955026 0.00809906
-22.9422 88.4881 14.3949 0.315651 -0.948869 0.00340387
-23.9157 88.1694 13.3756 0.328663 -0.944371 -0.0120074
-24.8403 87.8564 12.4423 0.335565 -0.941891 -0.0153198
-25.8751 87.4875 11.4221 0.353542 -0.935318 -0.0137047
-26.8088 87.1348 10.439 0.375866 -0.9266 -0.0116168
-27.704 86.7783 9.484 0.385679 -0.922596 -0.00757119
-28.5467 86.4292 8.55284 0.394675 -0.918728 -0.0130265
-29.3967 86.0622 7.63818 0.411507 -0.911321 -0.0123627
-30.2863 85.6673 6.64204 0.419426 -0.907713 -0.0117959
-31.2485 85.2253 5.54002 0.431852 -0.901897 -0.00926204
-32.2581 84.7446 4.4108 0.440463 -0.897738 -0.00757375
-33.1547 84.3065 3.50346 0.446037 -0.895004 -0.00428146
-34.1601 83.8032 2.53755 0.458244 -0.888817 -0.00403822
-34.9621 83.3926 1.61488 0.46217 -0.886776 -0.00449889
-35.8474 82.9303 0.556141 0.469407 -0.882972 -0.00414399
-36.6447 82.5052 -0.381329 0.47513 -0.879915 -0.000778809
-37.5599 82.0102 -1.36978 0.481784 -0.876285 -0.00295723
-37.9116 81.8178 -1.73465 0.482897 -0.875669 -0.00364888
-38.0713 81.7243 -0.68294 0.483965 -0.875075 -0.00470477
-37.2705 82.1629 0.209519 0.478837 -0.877896 -0.00378158
-36.4225 82.6203 1.18186 0.472537 -0.881295 -0.00522779
-35.5727 83.0681 2.19803 0.466298 -0.884628 -0.000190505
-34.6545 83.5455 3.21069 0.460114 -0.887853 -0.00312621
-33.7148 84.0225 4.1445 0.450492 -0.892755 -0.00594396
-32.8875 84.4273 5.02641 0.445369 -0.895275 -0.0113221
-32.0264 84.8417 5.98078 0.442876 -0.896535 -0.00923499
-31.0624 85.2979 7.03423 0.43031 -0.902636 -0.00894993
-30.1444 85.7151 8.0598 0.421326 -0.906821 -0.0124396
-29.2587 86.105 9.05435 0.41298 -0.910659 -0.0121214
-28.3339 86.5005 10.0843 0.39755 -0.917534 -0.00917476
-27.2973 86.9272 11.1768 0.377234 -0.926046 -0.0115308
-26.3923 87.2767 12.118 0.364928 -0.93089 -0.0163169
-25.4915 87.6068 13.0521 0.349486 -0.936836 -0.0140535
-24.4575 87.9722 14.0388 0.328352 -0.94455 -0.00324528
-23.4983 88.3022 15.0696 0.32061 -0.947208 0.00122726
-23.1798 88.4094 15.4095 0.32094 -0.947093 0.00308175
-23.8762 88.1738 15.9878 0.329168 -0.944255 0.00558528
-24.8345 87.8345 14.8927 0.342674 -0.939435 -0.00601629
-25.7337 87.5069 14.0158 0.350599 -0.936519 -0.00347859
-26.6418 87.1647 13.1736 0.375301 -0.926766 -0.0159312
-27.6774 86.7605 12.0375 0.379429 -0.925133 -0.0127246
-28.5771 86.3897 11.0737 0.392996 -0.919527 -0.00500414
-29.5554 85.9584 10.019 0.41458 -0.91001 -0.00238696
-30.39 85.5887 9.0898 0.420597 -0.907185 -0.0106582
-31.2511 85.1972 8.12721 0.425639 -0.904859 -0.00672592
-32.2279 84.7326 7.03619 0.441443 -0.897243 -0.00906626
-33.0484 84.334 6.12075 0.446233 -0.894874 -0.00875042
-33.8972 83.9198 5.24898 0.45099 -0.892481 -0.00924083
-34.7479 83.493 4.34896 0.455744 -0.89008 -0.00744564
-35.5916 83.0558 3.45066 0.463533 -0.88607 -0.00401652
-36.4065 82.6247 2.53053 0.473393 -0.880843 -0.00297267
-37.254 82.1683 1.51997 0.481526 -0.876429 -0.00135555
-38.1752 81.6625 0.445578 0.486899 -0.873452 -0.00335871
-38.4832 81.4923 0.116393 0.486944 -0.873421 -0.00464418
-38.376 81.5474 1.51546 0.488812 -0.872383 -0.00324097
-37.5472 82.0057 2.48321 0.484102 -0.874982 -0.00651374
-36.6869 82.4676 3.47531 0.476311 -0.879264 -0.00436949
-35.788 82.9452 4.49423 0.471051 -0.882085 -0.00613382
-34.925 83.3918 5.41544 0.461697 -0.886993 -0.00851034
-33.9842 83.863 6.39329 0.453237 -0.891346 -0.00875876
-33.0811 84.3071 7.3407 0.446008 -0.894998 -0.00743082
-32.1172 84.7786 8.42492 0.437577 -0.899175 -0.00318733
-31.1863 85.2139 9.50787 0.423126 -0.906011 -0.0104257
-30.2677 85.6289 10.493 0.425536 -0.904895 -0.00899511
-29.4442 86.0019 11.4212 0.412751 -0.910813 -0.00749312
-28.5891 86.3698 12.3398 0.400914 -0.915995 -0.014836
-27.5173 86.8044 13.5006 0.380623 -0.924644 -0.0126279
-26.6544 87.1466 14.3782 0.369885 -0.92901 -0.0103473
-25.7409 87.4966 15.2594 0.355462 -0.93466 -0.00678635
-24.7807 87.8517 16.2902 0.341699 -0.939801 0.00290056
-25.6033 87.5466 16.6852 0.353769 -0.935326 0.000696305
-26.5505 87.1793 15.7211 0.375926 -0.926628 -0.00618146
-27.4554 86.817 14.8023 0.380997 -0.924544 -0.00775655
-28.3369 86.4578 13.9141 0.387437 -0.921859 -0.0082701
-29.1754 86.1031 12.9741 0.412615 -0.910838 -0.0104001
-30.1057 85.6931 11.9554 0.422629 -0.906241 -0.0103252
-31.0511 85.258 10.8882 0.422923 -0.906105 -0.0103577
-31.8968 84.8693 10.0232 0.432446 -0.90156 -0.0133828
-32.693 84.4913 9.04997 0.447764 -0.894131 -0.00606802
-33.6087 84.0387 8.03694 0.447272 -0.894379 -0.00574919
-34.4401 83.6238 7.12512 0.454854 -0.890538 -0.00708818
-35.3429 83.1663 6.21459 0.464544 -0.885528 -0.00602544
-36.2706 82.6806 5.24747 0.473029 -0.881011 -0.0078762
-37.0659 82.2559 4.30786 0.482143 -0.876072 -0.00588958
-37.9589 81.7714 3.29295 0.48467 -0.874665 -0.00684435
-38.6522 81.3887 2.49667 0.489472 -0.87201 -0.00393601
-38.7167 81.3446 3.70766 0.487496 -0.873104 -0.00598095
-37.7922 81.8523 4.73962 0.483966 -0.875063 -0.00646674
-36.9452 82.311 5.73836 0.481063 -0.876657 -0.00692599
-35.9447 82.8412 6.81761 0.470197 -0.882534 -0.00703129
-35.0271 83.3151 7.75103 0.459117 -0.888312 -0.0105668
-34.1842 83.7427 8.66029 0.453809 -0.891071 -0.0070267
-33.3097 84.1784 9.61186 0.450582 -0.892692 -0.00874283
-32.3298 84.6514 10.8007 0.44146 -0.897221 -0.0103713
-31.4957 85.0397 11.6976 0.429544 -0.903014 -0.00741765
-30.6366 85.4384 12.6138 0.425164 -0.905059 -0.00981636
-29.7687 85.8268 13.5856 0.416098 -0.909268 -0.0097343
-28.9125 86.1993 14.5985 0.398732 -0.917033 -0.00794768
-27.8428 86.6466 15.6958 0.389889 -0.920828 -0.00707654
-26.9215 87.0271 16.5963 0.381903 -0.924197 -0.00146051
-26.4919 87.1997 17.0263 0.368964 -0.929443 -0.000150188
-27.6673 86.7179 17.0967 0.389451 -0.921017 0.00703557
-28.6318 86.3089 16.1477 0.396595 -0.917968 -0.00667883
-29.5031 85.9327 15.2138 0.406471 -0.913624 -0.00819607
-30.3344 85.5656 14.2608 0.41295 -0.910728 -0.00661421
-31.2424 85.1442 13.2355 0.429909 -0.902818 -0.00974949
-32.2001 84.6976 12.2244 0.436107 -0.899855 -0.00835296
-33.0677 84.282 11.2203 0.44449 -0.895691 -0.0128541
-33.8552 83.8953 10.2997 0.452885 -0.891522 -0.00915243
-34.6957 83.4763 9.36878 0.459958 -0.887885 -0.00938154
-35.5386 83.0418 8.47671 0.46249 -0.886599 -0.00670967
-36.4368 82.5722 7.52605 0.472631 -0.88123 -0.00730052
-37.4256 82.0426 6.45629 0.480685 -0.876868 -0.00644528
-38.2551 81.5909 5.49014 0.483593 -0.875284 -0.00394992
-38.5658 81.4206 5.1423 0.484859 -0.874582 -0.00428259
-38.2995 81.5604 6.71082 0.481994 -0.876167 -0.00369324
-37.3967 82.0523 7.72594 0.475911 -0.879489 -0.00246992
-36.5336 82.5129 8.67054 0.471477 -0.881866 -0.00471579
-35.6288 82.9873 9.62898 0.463982 -0.885829 -0.0053438
-34.6582 83.4805 10.715 0.457891 -0.888968 -0.00822522
-33.7838 83.9146 11.6951 0.450688 -0.892618 -0.0106261
-32.9685 84.3134 12.6173 0.443401 -0.896283 -0.00851223
-31.9497 84.8003 13.7556 0.434573 -0.900603 -0.00782246
-31.1127 85.1934 14.7021 0.429515 -0.903021 -0.00838442
-30.2334 85.597 15.7145 0.422138 -0.906516 -0.00413813
-29.394 85.9726 16.6094 0.411841 -0.911239 -0.00536078
-28.8274 86.2199 17.1907 0.396993 -0.91782 0.0015993
-29.9117 85.7371 17.338 0.413342 -0.910571 -0.000811813
-30.8009 85.3302 16.3619 0.428363 -0.903594 -0.00478856
-31.7773 84.871 15.2579 0.431026 -0.90233 -0.00423832
-32.5996 84.4797 14.3155 0.441247 -0.897344 -0.00870663
-33.4087 84.0895 13.3985 0.445509 -0.895251 -0.00629124
-34.235 83.6803 12.4624 0.450422 -0.892807 -0.00401405
-35.087 83.2538 11.4893 0.460051 -0.887848 -0.00883022
-35.9481 82.8114 10.5428 0.468948 -0.883201 -0.00649616
-36.8781 82.3228 9.51359 0.472103 -0.881513 -0.00723659
-37.7548 81.8543 8.59911 0.47881 -0.877907 -0.0045714
-37.9953 81.724 8.30834 0.480644 -0.876911 -0.00270228
-37.262 82.1122 10.3735 0.472773 -0.881183 -0.00166256
-36.361 82.5873 11.3596 0.467334 -0.884061 -0.00578547
-35.5051 83.0291 12.298 0.461013 -0.887387 -0.00339466
-34.6259 83.4762 13.3143 0.455094 -0.890405 -0.00817506
-33.771 83.8996 14.2832 0.450125 -0.89292 -0.00890631
-32.8785 84.3331 15.2556 0.444332 -0.895841 -0.00622892
-32.0294 84.7425 16.2732 0.438687 -0.898608 -0.00742591
-31.3597 85.0626 17.0347 0.430031 -0.90281 -0.00251426
-33.1966 84.1695 16.2002 0.444367 -0.895834 -0.00439457
-34.014 83.7676 15.2877 0.448813 -0.8936 -0.00544454
-34.9119 83.3217 14.2542 0.456112 -0.889903 -0.00560497
-35.7564 82.8931 13.2896 0.463727 -0.885964 -0.00489189
-36.2425 82.642 12.7418 0.46453 -0.885545 -0.00454793
-22.9229 88.6745 -11.723 0.309515 -0.950864 -0.00743602
-21.897 88.9885 -11.4419 0.27961 -0.96011 -0.00264182
-20.8957 89.2709 -11.1372 0.262614 -0.964842 -0.0106476
-20.0007 89.509 -10.8192 0.253393 -0.967256 -0.0128893
-18.8798 89.784 -10.5071 0.226518 -0.97368 -0.0194803
-17.7873 90.0029 -10.3033 0.189038 -0.981924 -0.00892935
-16.8658 90.1538 -10.2014 0.141619 -0.989715 -0.0139371
-15.9124 90.2747 -10.1891 0.113355 -0.993343 -0.018128
-14.6491 90.4062 -10.1307 0.0896119 -0.995799 -0.00598231
-13.6063 90.4775 -10.1143 0.0666739 -0.99774 -0.00815905
-12.4923 90.5246 -10.1587 0.0329682 -0.999111 -0.0257844
-11.413 90.5429 -10.339 -0.00584141 -0.999419 -0.0335657
-10.2265 90.5102 -10.5895 -0.0568954 -0.997681 -0.0368652
-9.3032 90.4544 -10.8022 -0.106448 -0.993246 -0.04399
-8.15788 90.3362 -11.1666 -0.113917 -0.992302 -0.0483736
-7.13072 90.1966 -11.5564 -0.158251 -0.986198 -0.0484708
-5.99442 90.0098 -12.0801 -0.196813 -0.979126 -0.0507575
-5.1664 89.8533 -12.5358 -0.233642 -0.971303 -0.0444971
-4.20126 89.6374 -13.1572 -0.260256 -0.964886 -0.0339778
-3.43756 89.4367 -13.6586 -0.282888 -0.958735 -0.0271207
-2.42645 89.1445 -14.3217 -0.306741 -0.951049 -0.0347859
-1.29364 88.7777 -15.0003 -0.330612 -0.943157 -0.0339224
-0.427103 88.4761 -15.4059 -0.350901 -0.936064 -0.0250177
0.390337 88.1637 -15.7592 -0.369723 -0.928902 -0.0210951
1.38653 87.7707 -16.2373 -0.381589 -0.924204 -0.0153191
2.27116 87.4088 -16.6009 -0.39463 -0.918579 -0.0219107
3.26555 86.9777 -16.8354 -0.40937 -0.912194 -0.0178511
4.234 86.5384 -17.0584 -0.422777 -0.906044 -0.0185532
5.11142 86.1241 -17.1796 -0.438883 -0.898448 -0.0131142
5.98051 85.6985 -17.1327 -0.442284 -0.896785 -0.0123067
6.93603 85.2183 -16.9559 -0.451054 -0.892456 -0.00850081
7.68419 84.8387 -16.4837 -0.450248 -0.892898 0.00102679
8.39463 84.4763 -15.8731 -0.454176 -0.890878 0.00579906
8.98958 84.1778 -15.1885 -0.461197 -0.887271 0.00693256
9.54383 83.8974 -14.3923 -0.460304 -0.8877 0.0104504
10.0863 83.6216 -13.6364 -0.463808 -0.885887 0.00931255
10.5742 83.3769 -12.8298 -0.46531 -0.885076 0.0112909
11.1081 83.1067 -11.9177 -0.468218 -0.883552 0.0102681
11.5516 82.8807 -10.977 -0.47281 -0.881111 0.00963624
11.9151 82.696 -10.0275 -0.47518 -0.879827 0.0103608
12.235 82.5347 -9.09777 -0.474369 -0.880267 0.0101884
12.5162 82.3932 -8.19804 -0.475381 -0.879724 0.0098689
12.8107 82.2454 -7.28694 -0.476405 -0.879149 0.0116339
13.0664 82.1189 -6.35275 -0.476915 -0.878888 0.0104401
13.2517 82.0308 -5.20554 -0.477492 -0.878593 0.00873286
13.3811 81.9702 -4.21472 -0.478826 -0.877864 0.00889897
13.5344 81.8993 -3.02932 -0.479628 -0.877411 0.0103005
13.5923 81.882 -1.80442 -0.478936 -0.877771 0.0116453
13.642 81.8704 -0.685517 -0.478558 -0.877978 0.0116785
13.7078 81.8481 0.516328 -0.479819 -0.877343 0.00607148
13.6616 81.8844 1.7764 -0.477733 -0.878459 0.00896995
13.663 81.8937 2.80437 -0.475692 -0.879563 0.00927011
13.6344 81.9208 3.92258 -0.474307 -0.880311 0.00921296
13.5451 81.9796 4.95277 -0.473549 -0.88071 0.0100655
13.3825 82.0774 5.97129 -0.471706 -0.88172 0.00797818
13.1984 82.1829 6.95992 -0.470835 -0.882202 0.00586805
12.9786 82.3037 7.90095 -0.467558 -0.883946 0.00517197
12.7471 82.4324 8.81646 -0.4661 -0.884718 0.0049524
12.4734 82.5816 9.75678 -0.463959 -0.885841 0.00523851
12.0411 82.8108 10.9334 -0.461662 -0.887054 0.00209618
11.6821 82.9973 11.9314 -0.458419 -0.888736 0.000486615
11.2549 83.2175 12.9184 -0.454953 -0.890513 0.00210421
10.7832 83.4599 13.8168 -0.449707 -0.893171 0.00236774
10.1632 83.7729 14.6373 -0.448008 -0.894025 0.00278062
9.39986 84.1569 15.3453 -0.445497 -0.895271 0.00475393
8.62208 84.5403 15.785 -0.437874 -0.899032 0.00269304
7.77356 84.9516 16.0278 -0.430708 -0.902489 0.00209311
6.68127 85.4726 16.1522 -0.430528 -0.902553 0.00660176
5.73651 85.9092 16.144 -0.416228 -0.909175 0.0121248
4.83001 86.3177 16.0431 -0.404223 -0.914541 0.0147754
3.80198 86.7688 15.853 -0.398198 -0.917264 0.00772997
2.79912 87.197 15.6399 -0.387148 -0.921889 0.0131267
1.96424 87.5319 15.3117 -0.364573 -0.931013 0.0162591
0.962249 87.904 14.8395 -0.353594 -0.935323 0.0119005
0.0261109 88.2387 14.5194 -0.334353 -0.942348 0.0136626
-1.18472 88.6369 14.2089 -0.301408 -0.953349 0.0167202
-2.22008 88.9528 13.9546 -0.27748 -0.960583 0.0161369
-3.11655 89.2013 13.7739 -0.271074 -0.962247 0.0244745
-4.14375 89.4622 13.6068 -0.22806 -0.973587 0.0101584
-5.3391 89.7304 13.4642 -0.210599 -0.977307 0.0227517
-6.47079 89.9378 13.3992 -0.164292 -0.986344 0.0109585
-7.42846 90.0843 13.3658 -0.135563 -0.990671 0.0125358
-8.37967 90.2102 13.441 -0.120026 -0.992591 0.0146005
-9.61875 90.3283 13.508 -0.0634099 -0.997719 0.0112585
-10.5839 90.3677 13.4792 -0.0166585 -0.999734 0.0159679
-11.6104 90.3766 13.4275 -0.00547809 -0.999962 0.00675826
-13.0018 90.3454 13.516 0.0355057 -0.999249 0.0155318
-13.945 90.2963 13.5562 0.0799513 -0.996603 0.0175363
-14.8798 90.2234 13.6484 0.079086 -0.996836 0.00739513
-15.8712 90.1156 13.853 0.114305 -0.993387 0.0108371
-17.1224 89.9473 14.0757 0.151891 -0.988283 0.0150605
-18.3604 89.7244 14.3252 0.19869 -0.980046 0.0056841
-19.4296 89.4921 14.7618 0.239006 -0.970952 0.0103307
-20.4908 89.2301 15.1073 0.268057 -0.963212 0.0171253
-21.3942 88.9767 15.4828 0.280324 -0.959848 0.0103216
-22.3289 88.6933 15.9399 0.298058 -0.954512 0.0074638
-23.3192 88.368 16.3324 0.321779 -0.946784 0.00758289
-24.181 88.0711 16.7047 0.337372 -0.941342 0.00731156
-25.2894 87.6638 17.1619 0.349042 -0.937032 0.0109813
-26.311 87.2754 17.4909 0.366546 -0.93031 0.0129662
-27.3207 86.8679 17.6383 0.383673 -0.92344 0.00670767
-28.3558 86.4248 17.7419 0.39702 -0.917809 0.00098548
-29.2503 86.0313 17.8316 0.406372 -0.913699 -0.00403516
-30.269 85.5709 17.7937 0.420687 -0.907202 -0.00267168
-31.1978 85.1382 17.6276 0.429513 -0.903038 -0.00349897
-32.0472 84.7292 17.3972 0.435988 -0.899941 -0.00424597
-32.8319 84.3466 16.9972 0.441733 -0.897143 -0.00262712
-33.6781 83.929 16.4768 0.444834 -0.895606 -0.00305853
-34.3824 83.5797 15.9014 0.452047 -0.89199 -0.00265527
-35.1206 83.2094 15.1515 0.454762 -0.890589 -0.00606043
-35.7605 82.8842 14.4275 0.458936 -0.888452 -0.00531876
-36.2775 82.6185 13.6801 0.463717 -0.885972 -0.00442027
-36.755 82.3721 12.8483 0.466431 -0.884546 -0.00427918
-37.1746 82.1542 11.9142 0.470464 -0.882408 -0.00328593
-37.6162 81.9206 10.7465 0.474396 -0.880307 -0.00293701
-37.9903 81.7213 9.72138 0.48051 -0.876983 -0.00310383
-38.3446 81.5316 8.66621 0.481762 -0.876296 -0.00229916
-38.6224 81.3803 7.43168 0.483693 -0.875234 -0.00223602
-38.8195 81.2752 6.39926 0.483336 -0.875428 -0.00344275
-39.0293 81.1633 5.30728 0.48547 -0.874247 -0.00329695
-39.1599 81.0953 4.17569 0.487103 -0.873334 -0.00419364
-39.1458 81.1091 2.99478 0.490467 -0.871451 -0.00381515
-39.0691 81.1569 1.96916 0.490867 -0.871226 -0.0039483
-38.9775 81.2122 0.956534 0.48931 -0.872104 -0.00315229
-38.8802 81.271 -0.100333 0.490419 -0.871481 -0.0032278
-38.646 81.4077 -1.26626 0.488195 -0.872727 -0.00364732
-38.4213 81.5376 -2.28677 0.487488 -0.873121 -0.0037496
-38.2019 81.6654 -3.23109 0.488359 -0.872629 -0.00494384
-37.9557 81.8088 -4.18978 0.485618 -0.874139 -0.00721838
-37.7131 81.9512 -5.24024 0.481992 -0.87615 -0.00639521
-37.4195 82.1172 -6.11647 0.4795 -0.877536 -0.00269084
-37.0897 82.2981 -6.98951 0.477859 -0.878429 -0.0035278
-36.7201 82.5049 -7.95138 0.473126 -0.880972 -0.00635007
-36.2411 82.768 -8.8716 0.470404 -0.882404 -0.0091047
-35.663 83.0855 -9.72756 0.468013 -0.883681 -0.00763861
-34.9669 83.4569 -10.5957 0.460478 -0.887596 -0.0115256
-34.309 83.8016 -11.1808 0.453796 -0.891064 -0.00863799
-33.4894 84.2222 -11.7127 0.445257 -0.895378 -0.00660183
-32.5772 84.6795 -12.1299 0.443552 -0.896183 -0.0107625
-31.4697 85.219 -12.4513 0.431286 -0.902131 -0.0123154
-30.4571 85.6936 -12.6166 0.414841 -0.90982 -0.0111875
-29.4523 86.1488 -12.6704 0.403665 -0.914865 -0.00871909
-28.562 86.5415 -12.6342 0.40327 -0.915003 -0.0118322
-27.6793 86.9171 -12.5173 0.391075 -0.920304 -0.0098944
-26.6776 87.333 -12.3245 0.373204 -0.927709 -0.008073
-25.5427 87.7706 -12.1796 0.350587 -0.936479 -0.00979939
-24.3962 88.1858 -11.9839 0.332564 -0.943042 -0.00669189
-23.3284 88.5437 -11.8095 0.308514 -0.951215 -0.0029137
-23.3185 88.5469 -11.8075 0.307113 -0.951651 -0.00532151
-23.0594 88.6396 -12.7189 0.301934 -0.953194 -0.0114678
-24.1218 88.291 -12.9012 0.319312 -0.947574 -0.0104523
-25.0783 87.9524 -13.0597 0.341383 -0.939861 -0.0109175
-26.0338 87.5971 -13.18 0.35938 -0.933124 -0.00994813
-26.9824 87.2208 -13.3347 0.379863 -0.924988 -0.0100921
-28.0746 86.7623 -13.5267 0.390143 -0.92068 -0.0116922
-29.1745 86.284 -13.6043 0.404261 -0.914554 -0.0127873
-30.3216 85.7721 -13.5787 0.414185 -0.910046 -0.0163317
-31.2555 85.3409 -13.4499 0.423105 -0.905969 -0.0135812
-32.2387 84.8618 -13.2733 0.442783 -0.896479 -0.0164069
-33.379 84.2906 -12.8134 0.445467 -0.895201 -0.013193
-34.141 83.8997 -12.3665 0.453003 -0.891422 -0.0123156
-34.9463 83.4843 -11.818 0.458488 -0.88864 -0.00829312
-35.7901 83.0318 -10.9774 0.468424 -0.883447 -0.00996937
-36.416 82.6891 -10.162 0.470367 -0.882405 -0.0107901
-36.9643 82.3859 -9.31619 0.476999 -0.878846 -0.0101
-37.421 82.1282 -8.4574 0.477334 -0.878685 -0.00807773
-37.7636 81.9346 -7.60117 0.478471 -0.878081 -0.00624399
-38.126 81.731 -6.62857 0.481425 -0.876475 -0.00415112
-38.5261 81.5015 -5.49501 0.488015 -0.872802 -0.00765131
-38.7377 81.3751 -4.56546 0.487412 -0.87315 -0.00617598
-39.0223 81.2071 -3.36395 0.488442 -0.872573 -0.00639472
-39.2186 81.0927 -2.44312 0.488577 -0.872509 -0.0044412
-39.4846 80.9367 -1.20165 0.490393 -0.871485 -0.00529312
-39.6778 80.8221 -0.184361 0.491514 -0.870859 -0.00425103
-39.7774 80.7603 1.02286 0.492628 -0.870234 -0.00333316
-39.8971 80.688 2.21428 0.492323 -0.870406 -0.0035352
-39.9636 80.6465 3.38467 0.490918 -0.871203 -0.00201426
-39.9447 80.6546 4.53514 0.488385 -0.87262 -0.00369937
-39.7899 80.7386 5.63613 0.487636 -0.873045 -0.0017082
-39.6095 80.836 6.69152 0.486128 -0.873883 -0.00275273
-39.4121 80.9424 7.66314 0.484553 -0.87476 -0.00176638
-39.1301 81.0969 8.82639 0.484223 -0.874945 -0.000412468
-38.8187 81.2666 9.91515 0.480546 -0.876968 -0.00129771
-38.482 81.4509 10.8572 0.480119 -0.877202 -0.000817434
-38.1297 81.6409 11.8154 0.4732 -0.880955 -0.000350345
-37.7434 81.8471 12.759 0.470864 -0.882197 -0.00385232
-37.3339 82.0626 13.5792 0.468844 -0.883279 -0.00153551
-36.8523 82.3151 14.3395 0.46402 -0.885819 -0.00301522
-36.3302 82.5848 15.0897 0.463258 -0.886216 -0.00368787
-35.7227 82.8963 15.776 0.458564 -0.888656 -0.00294621
-35.0587 83.2335 16.4695 0.453513 -0.891239 -0.00441965
-34.3662 83.5837 17.0932 0.450554 -0.892739 -0.00361081
-33.6483 83.9419 17.5727 0.447965 -0.894048 -0.00215911
-32.8857 84.3182 18.0075 0.44142 -0.897301 -0.000248535
-32.0822 84.7114 18.3505 0.43981 -0.89809 -0.00154167
-31.0678 85.1983 18.6173 0.429227 -0.903195 -0.0013999
-30.1359 85.6334 18.7643 0.416597 -0.909091 0.000186171
-29.2331 86.0428 18.7762 0.40624 -0.913749 0.00536855
-28.3806 86.4206 18.7146 0.39723 -0.917597 0.0139624
-27.4156 86.8351 18.6067 0.391714 -0.920055 0.00467858
-26.5401 87.196 18.4919 0.375436 -0.926832 0.00383232
-25.4537 87.6166 18.2266 0.356382 -0.934275 0.0110291
-24.4252 87.9953 17.8236 0.34353 -0.939047 0.0131293
-23.3676 88.3641 17.349 0.330152 -0.943775 0.0168567
-22.4733 88.6593 16.9914 0.304543 -0.952438 0.0106985
-21.6514 88.9168 16.6251 0.298431 -0.954366 0.010318
-20.5462 89.2345 16.1002 0.266305 -0.963499 0.0250933
-19.6195 89.4625 15.7727 0.237245 -0.971308 0.0162114
-18.7354 89.6618 15.425 0.212621 -0.977084 0.00986722
-17.8039 89.8491 15.1142 0.194426 -0.98076 0.0173331
-16.8622 90.0096 14.9822 0.155264 -0.987652 0.020871
-15.7352 90.1568 14.7866 0.123833 -0.99168 0.0349737
-14.8021 90.2503 14.56 0.0933715 -0.995062 0.0332507
-13.8611 90.3304 14.4763 0.0685136 -0.996976 0.0342135
-12.7817 90.381 14.4329 0.0433801 -0.998339 0.0374153
-11.7188 90.398 14.3736 -0.00816561 -0.999606 0.0268703
-10.7385 90.3878 14.42 -0.0174256 -0.99967 0.0187266
-9.78033 90.3518 14.4295 -0.0606846 -0.997849 0.0233336
-8.711 90.2671 14.4017 -0.0986417 -0.994827 0.0207297
-7.56454 90.1252 14.3062 -0.130961 -0.990824 0.0333914
-6.46865 89.9607 14.3371 -0.159817 -0.986667 0.0307734
-5.48407 89.7794 14.3749 -0.198174 -0.979981 0.0189551
-4.45159 89.5576 14.4899 -0.231343 -0.972512 0.0264547
-3.19223 89.2447 14.675 -0.261462 -0.964884 0.0247725
-2.2418 88.9785 14.8825 -0.278733 -0.960204 0.0176733
-0.975166 88.5918 15.1979 -0.302341 -0.952911 0.023434
0.00447052 88.2652 15.4755 -0.334843 -0.941847 0.0282367
0.887144 87.9567 15.839 -0.355607 -0.934165 0.0295843
1.81174 87.6118 16.2762 -0.381502 -0.924161 0.0195351
2.81208 87.2026 16.6298 -0.387706 -0.921625 0.01564
3.87667 86.7504 16.8223 -0.400417 -0.916196 0.0157003
4.86096 86.3189 16.9717 -0.406873 -0.913392 0.0126037
5.88527 85.8537 17.138 -0.423081 -0.906058 0.00779407
6.92432 85.364 17.0578 -0.431509 -0.902076 0.00759836
7.76564 84.9607 16.9754 -0.431065 -0.902279 0.00863853
8.78943 84.4621 16.7093 -0.437039 -0.899432 0.00424502
9.60217 84.0609 16.3491 -0.445678 -0.895185 0.003915
10.2963 83.712 15.7995 -0.449318 -0.893354 0.00564647
11.0534 83.3274 15.0162 -0.451736 -0.892138 0.00322633
11.5394 83.0759 14.212 -0.455175 -0.890396 0.00336817
11.9989 82.8371 13.2849 -0.457437 -0.889235 0.0033553
12.409 82.6232 12.3498 -0.458592 -0.888645 0.00185253
12.7996 82.4177 11.3186 -0.460801 -0.887499 0.00265993
13.1671 82.2218 10.2962 -0.463594 -0.886031 0.00549112
13.5266 82.0244 9.14543 -0.466506 -0.884477 0.00851526
13.7769 81.8832 8.12549 -0.467885 -0.883755 0.00777832
13.9971 81.7587 7.19872 -0.470211 -0.882529 0.0065932
14.1921 81.6449 6.16119 -0.473474 -0.880761 0.0090269
14.3513 81.5468 5.04943 -0.474022 -0.880452 0.0103987
14.4472 81.4844 4.11386 -0.475788 -0.879502 0.0100567
14.4629 81.4627 2.95953 -0.476058 -0.87936 0.0097894
14.4769 81.4416 1.79917 -0.477545 -0.878553 0.00974192
14.5225 81.4048 0.76584 -0.479783 -0.877302 0.0120869
14.4878 81.411 -0.184485 -0.481771 -0.876217 0.0118394
14.4128 81.4397 -1.16775 -0.482861 -0.875625 0.0112356
14.3824 81.4418 -2.38145 -0.482613 -0.875786 0.00915101
14.2726 81.4888 -3.63196 -0.481838 -0.87622 0.00819604
14.1322 81.5559 -4.73415 -0.478834 -0.877872 0.00762988
13.9741 81.6298 -5.95179 -0.478744 -0.877883 0.0112146
13.7903 81.7182 -6.89568 -0.47887 -0.87782 0.0107236
13.4822 81.8732 -7.89047 -0.476633 -0.879038 0.0106318
13.1816 82.0243 -8.93103 -0.476361 -0.879187 0.0105033
12.8751 82.18 -9.80157 -0.476141 -0.879306 0.010516
12.5256 82.358 -10.8079 -0.474948 -0.879963 0.00942237
12.1357 82.5587 -11.7565 -0.475117 -0.879879 0.00872922
11.5464 82.8625 -12.8487 -0.471796 -0.881655 0.00960363
10.9795 83.1505 -13.8199 -0.468199 -0.883564 0.0101523
10.4481 83.4218 -14.6327 -0.463895 -0.885844 0.00902533
9.74694 83.7812 -15.6153 -0.461776 -0.886975 0.00609146
9.19699 84.0625 -16.3405 -0.460742 -0.88753 0.00256793
8.54541 84.3975 -16.9654 -0.456261 -0.889845 0.00141676
7.83455 84.7646 -17.5108 -0.457079 -0.889415 -0.00411596
6.91638 85.2377 -17.9684 -0.456192 -0.889842 -0.00834125
5.86183 85.7691 -18.0808 -0.446556 -0.89467 -0.0122503
4.81999 86.2817 -18.1226 -0.437643 -0.898948 -0.0189852
3.94128 86.6934 -17.9395 -0.421501 -0.906593 -0.0206387
2.83503 87.1881 -17.6847 -0.408971 -0.912261 -0.0228169
1.73132 87.6589 -17.4084 -0.391585 -0.919828 -0.0239423
0.641571 88.0957 -16.8945 -0.378074 -0.925366 -0.027524
-0.265463 88.4418 -16.4682 -0.357562 -0.933425 -0.0293789
-1.18928 88.7783 -16.079 -0.340551 -0.939523 -0.0358362
-2.01667 89.0535 -15.6571 -0.319254 -0.946972 -0.0355964
-2.79171 89.293 -15.1514 -0.304307 -0.951808 -0.0365155
-3.9037 89.598 -14.459 -0.281077 -0.958979 -0.0368142
-4.76586 89.8144 -13.8878 -0.25185 -0.966878 -0.0412643
-5.65278 89.9962 -13.3228 -0.212092 -0.975873 -0.0516011
-6.47626 90.1446 -12.8624 -0.186426 -0.981204 -0.0495476
-7.37736 90.2856 -12.4505 -0.159233 -0.985757 -0.0522155
-8.56268 90.4275 -11.9998 -0.134823 -0.989799 -0.0458881
-9.53145 90.5138 -11.694 -0.0914548 -0.995047 -0.0385751
-10.6573 90.5642 -11.4471 -0.0358322 -0.998716 -0.035297
-11.7115 90.5752 -11.2514 -0.000853193 -0.999517 -0.0310208
-12.8499 90.5464 -11.0868 0.0463607 -0.998296 -0.0342675
-13.9322 90.4802 -11.0295 0.0687369 -0.996914 -0.0375306
-14.952 90.4001 -11.0633 0.0982395 -0.994473 -0.0355903
-15.9298 90.2918 -11.11 0.11949 -0.992259 -0.0338304
-16.8922 90.166 -11.1287 0.148981 -0.988448 -0.0270869
-17.8911 89.997 -11.2517 0.187668 -0.982062 -0.0182845
-19.0238 89.7641 -11.5041 0.212962 -0.976777 -0.0211951
-19.9012 89.5454 -11.7436 0.253606 -0.967226 -0.0120828
-20.866 89.2904 -12.1081 0.262175 -0.964931 -0.0131186
-21.8964 88.9963 -12.3877 0.285013 -0.958496 -0.00524703
-22.7225 88.7438 -12.6347 0.297258 -0.954795 -0.00210516
-22.475 88.837 -13.5095 0.297047 -0.954527 -0.0253241
-23.5109 88.5118 -13.7469 0.306888 -0.95153 -0.0202747
-24.6812 88.1117 -13.9305 0.343226 -0.939087 -0.0176494
-25.6701 87.7506 -14.0897 0.349859 -0.936632 -0.0171688
-26.5693 87.4071 -14.253 0.381383 -0.924202 -0.0199114
-27.4591 87.0353 -14.4151 0.3906 -0.92047 -0.0128699
-28.409 86.6393 -14.5155 0.391709 -0.919748 -0.0242984
-29.3273 86.238 -14.521 0.407286 -0.912795 -0.0303765
-30.2914 85.8034 -14.5032 0.411776 -0.911065 -0.0200144
-31.2093 85.3805 -14.421 0.42579 -0.904549 -0.0217913
-32.3043 84.8501 -14.2555 0.437344 -0.899074 -0.019837
-33.24 84.3777 -13.8936 0.449916 -0.892851 -0.0197825
-34.0487 83.9651 -13.5392 0.449112 -0.893359 -0.0143699
-34.9582 83.4925 -12.9214 0.459323 -0.888087 -0.0172458
-35.6804 83.1049 -12.3399 0.464572 -0.885478 -0.0100458
-36.4002 82.7161 -11.5976 0.4689 -0.883165 -0.0123353
-36.9859 82.3925 -10.8239 0.473498 -0.880733 -0.0104715
-37.5275 82.0907 -10.0717 0.476383 -0.87912 -0.0143175
-38.0965 81.7664 -9.05238 0.479219 -0.877643 -0.00953846
-38.4718 81.5512 -8.10495 0.482205 -0.876006 -0.00943766
-38.872 81.3185 -7.12105 0.487216 -0.873266 -0.00505551
-39.1965 81.1322 -6.20897 0.489144 -0.872171 -0.00751064
-39.459 80.9763 -5.20515 0.489574 -0.871933 -0.00693895
-39.6683 80.8511 -4.26159 0.490087 -0.871654 -0.00574348
-39.8697 80.731 -3.27103 0.490226 -0.871582 -0.00482479
-40.0998 80.5952 -2.04908 0.490792 -0.871266 -0.00423146
-40.3325 80.4579 -1.13404 0.492826 -0.870103 -0.00652814
-40.5079 80.3515 -0.0382774 0.493212 -0.869899 -0.00419623
-40.5915 80.2994 0.953709 0.493365 -0.869817 -0.00286214
-40.6885 80.2411 1.917 0.493118 -0.869956 -0.00335682
-40.7508 80.2023 2.88578 0.49398 -0.86947 -0.00206532
-40.774 80.189 3.94917 0.491355 -0.870959 -0.000547403
-40.7175 80.2208 4.89355 0.489651 -0.871918 -0.000303184
-40.5927 80.2882 6.03484 0.48898 -0.872288 -0.00344264
-40.3618 80.4145 7.0663 0.489108 -0.872219 -0.00279605
-40.175 80.5181 8.0051 0.486618 -0.873614 -0.00123092
-39.8747 80.6842 9.1489 0.485208 -0.874399 -0.000504257
-39.5957 80.8412 10.214 0.480287 -0.877104 0.00246846
-39.2869 81.0105 11.1457 0.479071 -0.87776 0.00456333
-38.9563 81.198 12.014 0.476311 -0.879256 0.00445618
-38.6085 81.3863 12.9454 0.47004 -0.882638 0.00325821
-38.1539 81.6267 13.8564 0.468391 -0.883517 -0.00282255
-37.5981 81.9182 14.7398 0.47184 -0.881676 -0.0036788
-37.0894 82.1884 15.5204 0.463945 -0.885858 0.00172799
-36.4426 82.5229 16.2877 0.458972 -0.888445 -0.00316516
-35.6655 82.9222 17.1156 0.456044 -0.889952 -0.000416176
-34.9214 83.2994 17.7611 0.453125 -0.891445 -0.00196895
-34.1747 83.6774 18.3047 0.451017 -0.89251 0.000362599
-33.2915 84.1186 18.8152 0.44511 -0.895462 0.00370119
-32.4677 84.5265 19.1661 0.438736 -0.898564 0.00967311
-31.4446 85.0249 19.469 0.431389 -0.902113 0.00911387
-30.5258 85.4618 19.6834 0.422536 -0.906284 0.00993237
-29.5215 85.9207 19.7299 0.412733 -0.910808 0.00892806
-28.5942 86.338 19.7242 0.407288 -0.913164 0.0153981
-27.5503 86.788 19.6128 0.392626 -0.919555 0.0158944
-26.6464 87.1648 19.4721 0.385358 -0.922623 0.0162497
-25.7103 87.5396 19.2791 0.358907 -0.932986 0.0265237
-24.7102 87.9136 18.9059 0.356573 -0.934008 0.0219827
-23.8281 88.2295 18.5706 0.338081 -0.940373 0.0371554
-22.7908 88.5815 18.1357 0.328475 -0.944255 0.0220007
-21.9388 88.8567 17.7659 0.3063 -0.951261 0.0357381
-21.0888 89.1046 17.3559 0.290796 -0.956289 0.0307966
-20.2185 89.3456 16.9417 0.259352 -0.964907 0.0405878
-19.3343 89.5563 16.6299 0.232493 -0.972032 0.0331581
-18.264 89.7892 16.2075 0.220486 -0.97429 0.0461775
-17.2997 89.9639 15.9383 0.18308 -0.982339 0.0386311
-16.3859 90.1127 15.8171 0.142233 -0.988374 0.0536056
-15.4188 90.2372 15.6861 0.127027 -0.990647 0.0497234
-14.4743 90.3252 15.4469 0.100575 -0.992063 0.0753562
-13.4968 90.3879 15.428 0.0515652 -0.997029 0.0572193
-12.3592 90.4401 15.3577 0.0389638 -0.997626 0.0564545
-11.4247 90.4333 15.3581 -0.0228782 -0.998422 0.0512798
-10.3012 90.4102 15.3646 -0.0214159 -0.9989 0.0417075
-9.36011 90.353 15.3202 -0.0780177 -0.995854 0.0454462
-8.36052 90.2606 15.2823 -0.099272 -0.994103 0.0430289
-7.22637 90.1159 15.2456 -0.145351 -0.988248 0.0472713
-6.22411 89.9565 15.2822 -0.175032 -0.983571 0.042804
-5.28299 89.7799 15.3354 -0.207825 -0.976915 0.0465657
-4.18685 89.5294 15.4404 -0.234885 -0.971226 0.0391924
-3.13988 89.2632 15.5857 -0.274131 -0.961072 0.0340048
-2.27131 89.0151 15.8177 -0.28374 -0.958385 0.0314521
-1.24525 88.7064 16.0757 -0.309655 -0.950183 0.03538
-0.305514 88.3975 16.3648 -0.324629 -0.945364 0.030034
0.531887 88.1171 16.7313 -0.336849 -0.940787 0.0377775
1.55108 87.7382 17.167 -0.381527 -0.924157 0.0192439
2.37562 87.4037 17.4804 -0.383526 -0.923331 0.0191136
3.23362 87.0467 17.6809 -0.394438 -0.918634 0.0228795
4.33904 86.565 17.8668 -0.403991 -0.914591 0.0176946
5.24399 86.1627 18.0172 -0.412385 -0.910764 0.0210566
6.15889 85.7398 18.0388 -0.424588 -0.905223 0.0168887
7.11944 85.2826 17.9559 -0.432003 -0.901739 0.0155111
8.05133 84.8299 17.8498 -0.437763 -0.899049 0.0086728
8.91742 84.4059 17.6319 -0.438207 -0.89885 0.00660831
9.77834 83.9817 17.3227 -0.441992 -0.896974 0.00895653
10.5821 83.5763 16.7865 -0.451018 -0.892472 0.0085214
11.5374 83.0842 15.8412 -0.454113 -0.890935 0.00401049
12.1279 82.778 14.9509 -0.456298 -0.889816 0.00439041
12.6657 82.4963 13.8791 -0.459882 -0.887972 0.00361168
13.0927 82.2706 12.9456 -0.46109 -0.887346 0.003593
13.4468 82.0836 12.0199 -0.461208 -0.887288 0.00273695
13.7723 81.9123 11.1093 -0.459362 -0.888243 0.00287341
14.0732 81.7484 10.2263 -0.461101 -0.887271 0.0112017
14.3887 81.5692 9.15705 -0.467695 -0.883848 0.00855822
14.5971 81.4483 8.19449 -0.470635 -0.882285 0.00859633
14.8907 81.2802 7.13321 -0.472553 -0.881258 0.00884481
15.0518 81.1828 6.09832 -0.473669 -0.880625 0.0116747
15.1914 81.0903 4.91876 -0.477078 -0.878766 0.0129499
15.2523 81.0451 3.90876 -0.477636 -0.878509 0.00930194
15.2719 81.021 2.65843 -0.476113 -0.879322 0.0104689
15.2998 80.9925 1.72453 -0.479021 -0.877691 0.0140438
15.3098 80.9699 0.598976 -0.481566 -0.876324 0.0122736
15.3009 80.9603 -0.41983 -0.483191 -0.875409 0.0136366
15.2005 81.0025 -1.35522 -0.48437 -0.874789 0.0114128
15.18 80.9989 -2.49107 -0.486347 -0.873687 0.0117368
15.0945 81.0345 -3.59297 -0.48619 -0.873844 0.00395465
14.9631 81.103 -4.69596 -0.479326 -0.877628 0.0039138
14.8098 81.1764 -5.85294 -0.47733 -0.878647 0.0116131
14.6211 81.2633 -6.9528 -0.480785 -0.876753 0.0122661
14.3152 81.4163 -8.11021 -0.479585 -0.877424 0.0111785
13.9711 81.5922 -9.15906 -0.478574 -0.877994 0.00964875
13.684 81.7381 -10.0445 -0.478 -0.878285 0.0114633
13.3531 81.9081 -10.9355 -0.479381 -0.877542 0.010702
12.968 82.1075 -11.9205 -0.478695 -0.877948 0.00764169
12.5597 82.3204 -12.7534 -0.473965 -0.880503 0.00845344
12.1199 82.5484 -13.5449 -0.471869 -0.881623 0.00895012
11.6408 82.7949 -14.3821 -0.467979 -0.883696 0.00876306
11.104 83.0715 -15.2277 -0.467761 -0.883828 0.00689523
10.4747 83.3976 -16.1562 -0.466393 -0.884565 0.00469713
9.88144 83.7056 -16.9053 -0.460459 -0.887676 0.00297091
9.24257 84.0357 -17.5709 -0.46108 -0.887351 0.00354323
8.51099 84.4173 -18.1575 -0.460899 -0.887449 -0.0023427
7.68945 84.8459 -18.7157 -0.458134 -0.888869 -0.00495422
6.85392 85.2822 -18.9918 -0.462413 -0.886395 -0.0218299
5.97306 85.7303 -19.0106 -0.445946 -0.894774 -0.0226217
4.96641 86.2315 -19.0864 -0.440602 -0.897486 -0.0196434
3.84977 86.7618 -18.9198 -0.418137 -0.907991 -0.0266501
2.99873 87.1434 -18.7005 -0.412339 -0.910631 -0.0269576
2.11214 87.5351 -18.4689 -0.401117 -0.915312 -0.0353263
1.23494 87.895 -18.1798 -0.383856 -0.92282 -0.0324978
0.388661 88.2299 -17.795 -0.379243 -0.924625 -0.0352632
-0.435636 88.5412 -17.4432 -0.359734 -0.932101 -0.0421816
-1.32774 88.8632 -17.0555 -0.348536 -0.93669 -0.033666
-2.2166 89.1635 -16.6028 -0.32102 -0.946135 -0.0417108
-3.15176 89.4463 -16.0064 -0.310591 -0.949053 -0.0523642
-3.94391 89.6592 -15.4733 -0.296621 -0.952987 -0.0618975
-4.82701 89.8837 -14.9217 -0.272931 -0.959959 -0.0631339
-5.73234 90.0844 -14.3279 -0.227143 -0.970771 -0.076966
-6.61842 90.2338 -13.8623 -0.181318 -0.981021 -0.068716
-7.45183 90.3592 -13.4368 -0.17416 -0.982101 -0.0710289
-8.33815 90.4641 -13.1036 -0.111553 -0.992115 -0.05705
-9.30646 90.5477 -12.737 -0.102927 -0.992961 -0.0585689
-10.2655 90.6044 -12.4879 -0.0337019 -0.997433 -0.0631166
-11.3613 90.6209 -12.264 -0.0146112 -0.998493 -0.0524897
-12.2935 90.6174 -12.0859 0.0156544 -0.997612 -0.0644808
-13.2251 90.5664 -12.0167 0.0617452 -0.996528 -0.0558033
-14.325 90.4896 -11.9494 0.0807993 -0.994678 -0.063929
-15.3307 90.3969 -11.9841 0.110421 -0.992595 -0.0503531
-16.3001 90.2768 -12.0225 0.136428 -0.990067 -0.0338668
-17.4589 90.1021 -12.1018 0.180809 -0.983 -0.0311771
-18.4153 89.9199 -12.3124 0.203228 -0.978613 -0.0315864
-19.303 89.7213 -12.5396 0.260528 -0.965229 -0.021115
-20.4567 89.4131 -12.9231 0.262567 -0.964807 -0.0142974
-21.3979 89.1506 -13.1844 0.277972 -0.960441 -0.016842
-22.2654 88.9008 -13.4523 0.296874 -0.954575 -0.0255265
