8.47892 85.2549 14.6646 -0.440512 -0.897739 0.00383371
9.5477 84.725 13.4936 -0.445548 -0.895257 0.00140662
9.80142 84.5983 13.1847 -0.445809 -0.895127 9.53421e-06
10.9566 84.0116 10.6786 -0.455803 -0.890079 0.00191565
10.0553 84.4709 11.6701 -0.449946 -0.893056 0.000112455
8.98066 85.0068 12.8043 -0.443626 -0.896212 -0.000586739
8.10414 85.436 13.7858 -0.437416 -0.899259 -0.000748979
7.15642 85.8927 14.78 -0.428817 -0.903385 0.00341722
6.86315 86.0331 15.085 -0.424027 -0.905641 0.00362251
5.66195 86.589 15.0706 -0.410185 -0.911999 0.00209536
6.73185 86.0907 13.9277 -0.424683 -0.905339 0.00212672
7.66232 85.6496 12.9866 -0.430649 -0.902512 0.0032112
8.69673 85.1452 11.8198 -0.436637 -0.899637 0.000738643
9.91679 84.5391 10.5338 -0.449816 -0.893121 0.000962522
10.9528 84.0119 9.34334 -0.455629 -0.89017 0.000717592
11.5882 83.6807 8.5838 -0.461173 -0.887296 0.0049601
12.0956 83.4042 6.72259 -0.4649 -0.885332 0.00728867
11.207 83.8746 7.71936 -0.461684 -0.887028 0.00536299
10.3385 84.3259 8.76744 -0.455214 -0.890382 0.000175811
9.39875 84.7993 9.82895 -0.445739 -0.895158 -0.000722439
8.35794 85.3099 10.9214 -0.437313 -0.899307 0.000982637
7.2961 85.819 12.0653 -0.430517 -0.902567 0.00534434
6.39468 86.2461 13.0218 -0.42343 -0.905924 0.0029448
5.35772 86.7231 14.1316 -0.409035 -0.91251 0.00380805
4.61928 87.0545 14.9051 -0.399413 -0.916755 0.00531521
3.51303 87.5305 14.7581 -0.383328 -0.923577 0.0073081
4.48686 87.1071 13.7498 -0.399712 -0.916614 0.00423925
5.45689 86.6734 12.7419 -0.413917 -0.91031 0.00223936
6.47183 86.2038 11.6501 -0.419412 -0.907787 0.00371886
7.41405 85.761 10.6009 -0.429183 -0.903217 -0.00101695
8.38734 85.296 9.63303 -0.435856 -0.900011 -0.000657197
9.35947 84.816 8.55896 -0.44519 -0.895435 0.00172236
10.2191 84.3802 7.53342 -0.452065 -0.89196 0.00659874
11.2016 83.8672 6.41715 -0.461553 -0.887077 0.00794849
12.1045 83.3891 5.42758 -0.46574 -0.8849 0.00602793
12.481 83.1887 5.02685 -0.467302 -0.884073 0.0061894
12.489 83.1735 3.74464 -0.471662 -0.881741 0.00827598
11.521 83.6942 4.77485 -0.465255 -0.885169 0.00199625
10.4633 84.2436 5.96815 -0.453684 -0.891149 0.00500883
9.57071 84.7015 6.96221 -0.446226 -0.894898 0.00593548
8.56777 85.2046 8.14097 -0.439427 -0.898271 0.00356728
7.64082 85.6551 9.17221 -0.430698 -0.902491 -0.00317863
6.57021 86.1574 10.2299 -0.419011 -0.907981 0.000934535
5.57394 86.6188 11.3688 -0.421322 -0.906911 0.000608925
4.60568 87.0497 12.3491 -0.401648 -0.915786 0.00384044
3.56702 87.497 13.3904 -0.389897 -0.920856 0.00176696
2.57725 87.9101 14.4452 -0.373082 -0.927781 0.00568645
1.77525 88.2217 13.9269 -0.360095 -0.932901 0.00519255
2.78963 87.8174 12.8555 -0.371306 -0.928506 -0.0023467
3.80177 87.3962 11.878 -0.387693 -0.921788 -0.000934655
4.87923 86.9345 10.8384 -0.406157 -0.913783 -0.00609479
5.80643 86.5084 9.80563 -0.420271 -0.907391 0.00295247
6.7395 86.0798 8.81174 -0.423428 -0.905929 0.000520395
7.77326 85.5867 7.75289 -0.431151 -0.90224 0.0084274
8.70538 85.1297 6.66091 -0.444056 -0.895993 0.00332503
9.70901 84.6257 5.50245 -0.451221 -0.89241 0.00107997
10.7262 84.1056 4.36869 -0.457666 -0.889122 0.00192675
11.6356 83.6252 3.35015 -0.468584 -0.883387 0.00756227
12.6603 83.0694 2.38052 -0.473276 -0.880878 0.00799585
12.6759 83.0508 1.14164 -0.472849 -0.881107 0.00790695
11.7021 83.5774 2.02096 -0.469215 -0.883046 0.00820274
10.7952 84.0636 2.96849 -0.455047 -0.890425 0.00864238
9.8996 84.5262 3.96762 -0.450909 -0.892555 0.00514323
9.03022 84.9666 4.94364 -0.447606 -0.894228 -0.0018628
8.05989 85.4411 6.08144 -0.435591 -0.900133 0.00438476
7.13171 85.8889 7.17874 -0.430538 -0.90257 0.00167746
6.15844 86.3489 8.16323 -0.418837 -0.90805 0.00233511
5.20595 86.7798 9.1594 -0.408505 -0.912754 -0.00198238
4.20077 87.2276 10.2531 -0.388611 -0.921398 0.00280763
3.22344 87.6386 11.2338 -0.380254 -0.924881 0.00150202
2.10614 88.0878 12.3567 -0.363284 -0.93167 -0.00160191
1.02711 88.5046 13.429 -0.355192 -0.934771 0.00644158
0.729014 88.6157 13.7363 -0.345744 -0.938321 0.0037166
-0.211373 88.9467 13.4359 -0.317605 -0.948204 0.00597969
0.787557 88.5863 12.4075 -0.338824 -0.940795 0.00781621
1.77539 88.2168 11.3971 -0.354526 -0.935045 -0.00129627
2.80655 87.8069 10.3885 -0.375282 -0.9269 0.00449482
3.87499 87.3609 9.283 -0.38199 -0.924167 -0.0003766
4.8779 86.9267 8.24046 -0.398593 -0.917115 0.002154
5.93304 86.4494 7.17484 -0.421912 -0.906629 -0.00277848
6.86549 86.0148 6.17265 -0.428441 -0.903568 -0.00142638
7.80889 85.5666 5.058 -0.438191 -0.898873 -0.00340101
8.8643 85.0437 3.84753 -0.442531 -0.896718 0.00778918
9.7376 84.6002 2.8202 -0.45349 -0.891242 0.00588804
10.6509 84.1261 1.8905 -0.457651 -0.889113 0.0058076
11.6417 83.6014 0.942547 -0.46803 -0.88366 0.00933854
12.6238 83.0651 -0.0634445 -0.471916 -0.881597 0.00892235
12.539 83.0987 -1.29503 -0.474816 -0.880032 0.00963928
11.6594 83.5777 -0.34604 -0.469609 -0.882839 0.00789782
10.7364 84.0723 0.572451 -0.460336 -0.887726 0.0058129
9.81238 84.5538 1.5095 -0.45513 -0.890406 0.00586545
8.89133 85.0226 2.48106 -0.44074 -0.89763 0.00278973
7.98818 85.4722 3.52482 -0.439548 -0.898206 0.00432456
7.04296 85.9337 4.64885 -0.432257 -0.901743 0.00347951
6.12704 86.3667 5.69612 -0.425902 -0.904754 -0.00509083
5.07552 86.8394 6.82065 -0.404027 -0.914724 -0.004914
4.11704 87.2537 7.75879 -0.392755 -0.91964 0.00119831
3.17731 87.6496 8.77256 -0.382062 -0.924137 -0.000399721
2.11633 88.0798 9.81888 -0.367979 -0.929784 0.00959883
1.00182 88.5063 10.8972 -0.341285 -0.939932 -0.00717622
0.0279939 88.847 11.8579 -0.321893 -0.946691 0.0119857
-1.11404 89.2389 13.1102 -0.304345 -0.952485 0.0121338
-1.13052 89.2444 13.1301 -0.303304 -0.952821 0.0118045
-2.10255 89.5453 12.9401 -0.292401 -0.955988 0.0240445
-1.16551 89.2407 11.7712 -0.29857 -0.954274 0.0125327
-0.154579 88.909 10.7825 -0.314525 -0.949217 -0.00775311
0.989481 88.5104 9.65467 -0.339304 -0.94067 -0.000605998
2.07288 88.1004 8.59617 -0.36509 -0.930963 -0.0039295
3.0426 87.7066 7.61211 -0.382076 -0.92413 -0.00150111
4.00087 87.3073 6.63538 -0.392093 -0.919904 -0.00561783
4.94179 86.9045 5.69794 -0.399817 -0.916588 -0.00341145
5.92904 86.4586 4.58422 -0.419734 -0.907627 0.00336396
7.021 85.9411 3.31855 -0.429117 -0.903248 -0.000653913
7.89973 85.5089 2.31674 -0.439376 -0.898288 0.00516969
8.76695 85.0796 1.30365 -0.44188 -0.897056 0.00526139
9.69589 84.6061 0.370294 -0.454999 -0.890478 0.00502304
10.845 84.0048 -0.770648 -0.464149 -0.88574 0.00552545
11.821 83.4796 -1.77848 -0.472355 -0.881367 0.00847012
12.3204 83.2049 -2.3108 -0.474079 -0.880417 0.0106816
12.3925 83.1516 -3.59787 -0.474328 -0.880306 0.00858291
11.3335 83.7335 -2.5122 -0.471301 -0.881912 0.00988283
10.2799 84.2969 -1.43538 -0.464687 -0.885449 0.00681455
9.2231 84.8451 -0.371341 -0.452408 -0.8918 0.00271054
8.21625 85.349 0.60326 -0.441513 -0.897247 -0.000580339
7.22229 85.836 1.74145 -0.438041 -0.898946 0.00412348
6.24596 86.3065 2.87671 -0.424912 -0.90523 0.0030404
5.34504 86.7248 3.92649 -0.416628 -0.909076 0.00135385
4.38807 87.1471 5.0121 -0.39616 -0.918176 -0.00317259
3.44658 87.5464 5.96519 -0.38563 -0.922633 -0.00290937
2.44217 87.9575 6.98885 -0.381316 -0.924396 -0.00950355
1.48537 88.3313 7.95896 -0.356692 -0.934146 -0.011854
0.416391 88.7224 8.96254 -0.340445 -0.940254 -0.00438213
-0.558156 89.0483 9.90064 -0.31218 -0.949994 -0.00743101
-1.56401 89.3586 10.8733 -0.287507 -0.95777 -0.00402827
-2.67561 89.6988 12.2052 -0.286059 -0.957956 0.0213744
-3.13745 89.8281 12.7921 -0.234935 -0.971844 0.017972
-4.23269 90.0935 12.6996 -0.229275 -0.973264 0.00815288
-3.27408 89.8519 11.5161 -0.244394 -0.969671 0.00322506
-2.35866 89.5974 10.4119 -0.272683 -0.962088 0.000368208
-1.33022 89.2963 9.38077 -0.283578 -0.958918 -0.00770287
-0.176252 88.9351 8.31628 -0.326094 -0.945283 -0.0017315
0.820025 88.5842 7.37066 -0.344167 -0.938901 -0.00342051
1.87286 88.1897 6.29415 -0.36201 -0.932162 0.0037931
2.85161 87.7928 5.31813 -0.381162 -0.924507 -0.00165355
3.9549 87.3369 4.21745 -0.397597 -0.917553 -0.00354198
4.8669 86.9401 3.16082 -0.410241 -0.911973 0.00290253
5.8698 86.4757 1.97056 -0.419619 -0.90767 0.00739923
6.85019 86.0098 0.859035 -0.425818 -0.904799 0.00337176
7.8217 85.5413 -0.241642 -0.435591 -0.900144 -0.000339078
8.78876 85.0622 -1.18199 -0.448297 -0.893884 0.000993782
9.72954 84.5775 -2.1206 -0.458358 -0.888732 0.00801163
10.7762 84.0225 -3.19448 -0.468216 -0.883567 0.00906589
11.7279 83.5037 -4.15911 -0.473594 -0.880696 0.00907008
12.0938 83.3037 -4.52289 -0.473891 -0.880549 0.00779938
11.8821 83.4088 -5.52497 -0.473661 -0.880667 0.00838308
10.9603 83.9075 -4.60406 -0.4683 -0.883499 0.0111036
9.95886 84.4446 -3.60555 -0.455387 -0.890227 0.0108955
8.90025 84.9961 -2.54185 -0.44976 -0.89307 0.0119222
7.9506 85.4757 -1.60704 -0.438012 -0.898953 0.00520011
6.84473 86.0117 -0.456905 -0.42805 -0.903754 0.000899067
5.91351 86.4479 0.614304 -0.417142 -0.908824 -0.00179514
4.97366 86.8808 1.65285 -0.40685 -0.913446 0.00948941
4.04707 87.2991 2.78371 -0.398406 -0.917177 0.0073397
3.15241 87.6791 3.7939 -0.380975 -0.924581 -0.00263203
2.1586 88.0738 4.79023 -0.366293 -0.930471 -0.00725088
1.1824 88.4545 5.71086 -0.346199 -0.938143 0.00266527
0.137475 88.8309 6.76118 -0.329222 -0.944245 -0.00313176
-1.04946 89.2266 7.91137 -0.31395 -0.949416 -0.00590432
-2.29259 89.5827 9.0428 -0.27457 -0.961498 -0.0109999
-3.24957 89.8456 10.0872 -0.267334 -0.963598 -0.00296885
-4.2528 90.0951 11.298 -0.219608 -0.975564 -0.00158735
-5.34544 90.3344 12.5356 -0.209983 -0.97745 0.0211968
-6.69336 90.5884 12.609 -0.160211 -0.986953 0.0160072
-5.69913 90.3933 11.5589 -0.183687 -0.98298 0.00301275
-4.69402 90.1953 10.445 -0.220122 -0.975426 0.0012074
-3.81212 89.9922 9.36764 -0.229232 -0.97336 -0.00483482
-2.71524 89.7158 8.20324 -0.270039 -0.962647 -0.0197595
-1.69058 89.4351 7.25602 -0.283951 -0.958749 -0.0118063
-0.581562 89.0804 6.23031 -0.323636 -0.946181 -0.000625955
0.565176 88.6835 5.07775 -0.33936 -0.940597 -0.0105187
1.60872 88.2946 4.06927 -0.359158 -0.933251 -0.00638306
2.55747 87.9226 3.12062 -0.383264 -0.923624 0.00527749
3.54804 87.5036 1.99451 -0.387435 -0.921872 0.00653565
4.48676 87.0884 0.8766 -0.398574 -0.917076 0.0104881
5.44255 86.6609 -0.191223 -0.406821 -0.913506 0.00181764
6.35551 86.2404 -1.20933 -0.424897 -0.905236 0.0032298
7.31767 85.7789 -2.19637 -0.436721 -0.899563 0.00778183
8.319 85.2808 -3.19995 -0.445474 -0.895247 0.00898929
9.25284 84.7997 -4.1295 -0.452542 -0.891693 0.00945796
10.2397 84.2786 -5.10911 -0.460543 -0.887584 0.00864479
11.1596 83.7902 -6.02887 -0.468384 -0.883503 0.0059969
11.6631 83.5163 -6.52617 -0.472938 -0.88104 0.00989272
11.5527 83.5621 -7.64371 -0.475222 -0.879792 0.011381
10.378 84.1989 -6.48112 -0.465876 -0.884827 0.00634961
9.29031 84.7675 -5.44081 -0.452718 -0.891627 0.00689224
8.23554 85.3105 -4.33661 -0.445978 -0.894983 0.0103378
7.28708 85.7842 -3.41603 -0.436744 -0.899565 0.00607966
6.14596 86.3366 -2.25134 -0.429141 -0.903234 -0.00154145
5.24876 86.7445 -1.28503 -0.409447 -0.912328 -0.00227212
4.21082 87.204 -0.135026 -0.398519 -0.917152 0.00390683
3.29363 87.6045 0.913143 -0.395673 -0.918382 0.00392798
2.36848 87.9926 2.04153 -0.38068 -0.924674 0.00737704
1.3166 88.4185 3.11562 -0.365173 -0.930843 -0.0133857
0.216045 88.8186 4.17858 -0.325284 -0.945509 -0.0085023
-0.768097 89.1477 5.14824 -0.32304 -0.946373 -0.00478555
-1.87849 89.4953 6.21533 -0.279153 -0.960245 -0.00150754
-3.0072 89.8179 7.25663 -0.269847 -0.962695 -0.0160478
-4.11348 90.0732 8.37723 -0.235564 -0.971638 -0.0207074
-5.05896 90.2708 9.45292 -0.186137 -0.982524 0.000377273
-6.04108 90.4564 10.6243 -0.183732 -0.982975 -0.000640867
-7.09022 90.638 11.7012 -0.160023 -0.987098 0.00556269
-8.06269 90.7859 12.6783 -0.103925 -0.994501 0.0129393
-9.40621 90.9091 12.6675 -0.0505867 -0.998708 0.00491034
-8.38123 90.8277 11.7257 -0.111586 -0.993468 -0.0236299
-7.2158 90.6543 10.5751 -0.150236 -0.988623 0.00738003
-6.21559 90.4908 9.47565 -0.191525 -0.98137 -0.0108175
-5.29804 90.3338 8.34368 -0.198284 -0.979986 -0.016361
-4.26288 90.1317 7.22584 -0.222924 -0.974617 -0.0151198
-2.9683 89.8056 6.00349 -0.268444 -0.963277 -0.00428314
-1.81508 89.4766 4.92681 -0.285962 -0.958235 -0.0033524
-0.733691 89.1364 3.84287 -0.317195 -0.948355 0.00298499
0.340457 88.7858 2.81382 -0.315803 -0.948592 0.0133466
1.47314 88.3529 1.70314 -0.370791 -0.928195 0.0310736
2.37813 87.9766 0.628922 -0.375879 -0.926627 0.00870319
3.42388 87.5428 -0.519149 -0.387516 -0.921852 -0.0033923
4.28093 87.1728 -1.54329 -0.397596 -0.917549 -0.00448666
5.20875 86.7699 -2.54537 -0.409041 -0.912512 -0.00266054
6.32033 86.2506 -3.65797 -0.433431 -0.901167 0.00537019
7.42291 85.7067 -4.74717 -0.43969 -0.8981 0.00934885
8.48521 85.1707 -5.88438 -0.448158 -0.893948 0.00350644
9.4445 84.6783 -6.7796 -0.456298 -0.8898 0.00678836
10.5173 84.114 -7.86851 -0.463776 -0.885904 0.0091353
11.1698 83.7568 -8.53675 -0.46986 -0.882637 0.0135602
10.8467 83.9154 -9.45138 -0.468472 -0.883395 0.0121028
9.71051 84.5286 -8.27783 -0.458748 -0.888504 0.0103488
8.60703 85.1012 -7.19488 -0.449687 -0.893144 0.00860475
7.61803 85.6004 -6.22177 -0.440293 -0.897844 0.00406866
6.64068 86.0839 -5.1869 -0.433557 -0.901084 0.00573623
5.67366 86.5488 -4.24619 -0.419844 -0.907558 0.00835895
4.6634 87.0101 -3.28657 -0.402827 -0.915271 0.00311131
3.7772 87.3927 -2.2733 -0.393717 -0.91923 -0.00100775
2.73403 87.8305 -1.07785 -0.381481 -0.924367 -0.00135939
1.71316 88.2388 0.07976 -0.359849 -0.933007 0.00225875
0.728757 88.6299 1.17421 -0.350207 -0.936533 0.0139609
-0.470887 89.0517 2.36179 -0.310723 -0.950497 0.000714286
-1.45832 89.3645 3.30891 -0.28619 -0.958147 0.0063103
-2.47744 89.6732 4.31095 -0.271477 -0.96244 0.00288422
-3.52022 89.9597 5.25403 -0.245455 -0.969401 -0.00377461
-4.54007 90.2067 6.20581 -0.222342 -0.974929 -0.00883417
-5.55805 90.4072 7.30769 -0.188977 -0.981748 -0.0198314
-6.45576 90.5477 8.37439 -0.166652 -0.985954 -0.0110194
-7.56258 90.6979 9.67481 -0.148677 -0.988785 -0.0126012
-8.73671 90.8614 10.7981 -0.0863118 -0.996235 0.00751887
-9.92051 90.9347 11.913 -0.0510146 -0.998646 -0.00865815
-10.6592 90.9658 12.6458 -0.0263127 -0.999561 0.0136158
-12.1355 90.9893 12.833 0.00414608 -0.999881 0.0148706
-11.109 90.9803 11.8225 -0.0259881 -0.999478 -0.0182838
-10.0161 90.9538 10.7561 -0.0548155 -0.998211 -0.019987
-8.83567 90.8609 9.59768 -0.112531 -0.993598 -0.00999015
-7.75893 90.7453 8.53439 -0.123523 -0.99228 -0.0110472
-6.7148 90.6103 7.27016 -0.158674 -0.987102 -0.0206829
-5.7819 90.4668 6.20063 -0.177483 -0.984058 -0.00948825
-4.71405 90.2466 5.12523 -0.220913 -0.97526 0.00477458
-3.62317 89.9839 4.12183 -0.233512 -0.972351 0.0025254
-2.45143 89.658 3.03845 -0.272566 -0.962107 0.00755917
-1.48566 89.3732 2.09019 -0.284667 -0.958623 -0.000571532
-0.515526 89.0652 1.15094 -0.308672 -0.951134 0.00675963
0.468318 88.715 0.0942207 -0.337753 -0.94121 0.00624031
1.39294 88.3635 -0.908571 -0.362516 -0.931976 -0.000980723
2.44362 87.9503 -2.06498 -0.376051 -0.92658 0.000665859
3.49095 87.5137 -3.26361 -0.387482 -0.921871 0.00318212
4.47627 87.0819 -4.36091 -0.397775 -0.91741 0.0115977
5.49529 86.6209 -5.31176 -0.411319 -0.911462 0.00574089
6.49092 86.1481 -6.25993 -0.431174 -0.902245 0.00641471
7.52392 85.6387 -7.42206 -0.439604 -0.89815 0.00864321
8.54798 85.1177 -8.35943 -0.448853 -0.893546 0.0103648
9.60851 84.5645 -9.35775 -0.456969 -0.889387 0.0129394
10.4355 84.123 -10.279 -0.467906 -0.883724 0.00976938
10.0449 84.3172 -11.1109 -0.460736 -0.887497 0.00846233
9.10741 84.8133 -10.0951 -0.456796 -0.889519 0.00965113
8.08101 85.3451 -9.13969 -0.449958 -0.893011 0.00829489
7.11969 85.8292 -8.25519 -0.437735 -0.899084 0.00567382
6.11722 86.3188 -7.14077 -0.42772 -0.903884 0.00685329
5.06342 86.8083 -6.08359 -0.404089 -0.914696 0.00652535
3.97825 87.2897 -5.10512 -0.396172 -0.918153 0.00649848
2.95757 87.7338 -3.98065 -0.380869 -0.924605 0.00600222
1.97095 88.1382 -2.86019 -0.37244 -0.928054 0.00198504
1.02882 88.5053 -1.82901 -0.353226 -0.935537 0.00090587
0.0672948 88.8578 -0.788018 -0.338332 -0.941009 0.00102513
-0.859036 89.1725 0.226953 -0.303209 -0.952922 0.00196431
-1.84462 89.4795 1.1648 -0.285701 -0.958316 0.00201879
-2.79723 89.7561 2.13994 -0.273898 -0.96175 -0.0041148
-3.8155 90.0286 3.06141 -0.235802 -0.971796 0.00276103
-4.85594 90.2753 4.00057 -0.214847 -0.976647 0.000993883
-6.06714 90.525 5.16335 -0.170123 -0.985406 -0.00523658
-7.15314 90.6876 6.40371 -0.135698 -0.990712 -0.00846838
-8.08588 90.8029 7.53834 -0.128329 -0.991563 -0.0181863
-9.06335 90.8987 8.58773 -0.109946 -0.993842 -0.013767
-10.2087 90.9814 9.65673 -0.0625275 -0.997911 -0.0158974
-11.3281 91.0046 10.7519 -0.00513444 -0.999686 -0.0189101
-12.3438 90.9855 11.7457 0.0136056 -0.999856 -0.00285484
-13.5157 90.9485 12.7791 0.0549767 -0.998171 0.0250953
-13.6554 90.9438 12.9082 0.0555056 -0.998122 0.0258715
-15.0774 90.8315 12.9757 0.100208 -0.994719 0.0219936
-13.9032 90.9255 11.9378 0.0708384 -0.997447 0.00497108
-12.7072 90.9871 10.8504 0.0227013 -0.999616 -0.0140462
-11.5751 91.0306 9.70624 0.00735748 -0.999544 -0.0275848
-10.4522 91.0097 8.63185 -0.0574435 -0.998265 -0.0127176
-9.36956 90.9353 7.63025 -0.0958879 -0.995345 -0.00673076
-8.40289 90.8511 6.50522 -0.107068 -0.994243 -0.00409609
-7.44383 90.7399 5.31709 -0.134998 -0.990765 -0.0126756
-6.32283 90.5723 4.14888 -0.170155 -0.985416 -0.000956964
-5.31942 90.3757 3.17583 -0.211399 -0.977367 -0.0046521
-4.15923 90.1142 2.16285 -0.238863 -0.970971 -0.0125792
-2.99533 89.8154 1.04871 -0.265061 -0.964188 -0.00762889
-1.9418 89.5138 0.00574303 -0.295406 -0.955353 -0.00360945
-0.925291 89.1908 -1.04259 -0.312491 -0.949899 -0.00641331
0.195202 88.8153 -2.2577 -0.337647 -0.941223 -0.00353399
1.15445 88.4561 -3.25078 -0.356746 -0.934185 0.0048212
2.21724 88.0299 -4.45231 -0.37538 -0.926805 0.0110215
3.29182 87.581 -5.65935 -0.387504 -0.921817 0.00629075
4.51375 87.0481 -6.76207 -0.400478 -0.916295 0.00375528
5.49976 86.5997 -7.75089 -0.412782 -0.910792 0.00806994
6.42473 86.1588 -8.80679 -0.429446 -0.903048 0.00879358
7.64564 85.5566 -9.89865 -0.444275 -0.895839 0.0093574
8.69834 85.0133 -10.9261 -0.454759 -0.890575 0.00838075
9.61598 84.5319 -11.9583 -0.460181 -0.887789 0.00800992
9.64926 84.5142 -11.996 -0.462077 -0.886785 0.00987999
9.10228 84.7905 -12.6883 -0.459168 -0.888294 0.00989654
8.12445 85.2994 -11.5938 -0.452717 -0.891614 0.00846619
7.109 85.8149 -10.5882 -0.440119 -0.897912 0.00696721
5.91854 86.3892 -9.55903 -0.42485 -0.905234 0.00733216
5.00487 86.8201 -8.47253 -0.414872 -0.909851 0.00720331
3.93977 87.2939 -7.4308 -0.397431 -0.917629 0.00242755
2.8274 87.7692 -6.41697 -0.384711 -0.92301 0.00699393
1.80351 88.1849 -5.31587 -0.3684 -0.929659 0.00367226
0.891828 88.5506 -4.26997 -0.353471 -0.935408 0.00586186
-0.0374475 88.903 -3.3024 -0.342421 -0.939523 0.00603511
-0.991264 89.2215 -2.28513 -0.312815 -0.94973 -0.00641129
-2.05828 89.5567 -1.13665 -0.298363 -0.954352 -0.0121777
-3.10985 89.8561 -0.129793 -0.270711 -0.962658 -0.00207246
-4.12665 90.1188 0.901905 -0.235316 -0.971878 -0.00512285
-5.14474 90.3469 1.81376 -0.21873 -0.975739 -0.00916236
-6.20641 90.5571 2.8266 -0.171731 -0.985127 -0.00562458
-7.45202 90.7564 3.99829 -0.148368 -0.988859 -0.00649828
-8.60618 90.8925 5.26882 -0.118082 -0.992786 -0.0207256
-9.44963 90.9536 6.4209 -0.0795134 -0.996713 -0.0155028
-10.4783 91.019 7.46257 -0.0569076 -0.998326 -0.00473963
-11.5702 91.038 8.34261 0.00071605 -0.999991 -0.00197336
-12.5921 91.0119 9.45612 0.0453531 -0.998894 -0.0124432
-13.7365 90.9383 10.5733 0.0559154 -0.998401 -0.00606809
-14.8877 90.8453 11.5865 0.0978324 -0.995179 -0.00608727
-15.969 90.7234 12.587 0.128071 -0.991736 0.00500604
-16.5943 90.6481 13.1965 0.135443 -0.990759 0.00726178
-18.0486 90.4129 13.4166 0.184365 -0.982796 0.00355075
-16.9834 90.5871 12.3118 0.145699 -0.989296 0.00727624
-15.9102 90.7278 11.2313 0.119844 -0.992793 -1.04027e-05
-14.8595 90.8452 10.3329 0.111054 -0.993752 -0.00449675
-13.7727 90.9543 9.39525 0.0635173 -0.997806 -0.0186506
-12.7097 91.0262 8.16203 0.0319535 -0.999385 -0.011142
-11.4994 91.0453 7.11791 -0.00456855 -0.999956 -0.00799358
-10.3679 91.0232 6.12464 -0.0525377 -0.998527 0.00189727
-9.31361 90.9699 4.723 -0.0882254 -0.996037 -0.0111477
-8.28524 90.8671 3.56983 -0.120811 -0.992673 0.000594201
-7.23305 90.7299 2.58373 -0.1454 -0.989324 -0.00280193
-6.27225 90.5853 1.56957 -0.192751 -0.981194 -0.00416769
-4.98005 90.3188 0.479402 -0.2178 -0.975966 -0.00319984
-3.94896 90.075 -0.612791 -0.244056 -0.969756 0.00296054
-2.95808 89.817 -1.5691 -0.262189 -0.96501 -0.00341857
-1.93886 89.5218 -2.58986 -0.294175 -0.955748 -9.35352e-05
-0.986653 89.2229 -3.65246 -0.312852 -0.949745 0.0101607
0.0731273 88.8476 -4.68596 -0.343642 -0.939048 0.00997637
0.987469 88.5035 -5.69449 -0.356253 -0.934354 0.00483227
1.984 88.1086 -6.84975 -0.367224 -0.930121 0.00453457
3.15361 87.6244 -7.87955 -0.386498 -0.922281 0.0036203
4.17437 87.1861 -8.83354 -0.401533 -0.915839 0.00315109
5.01227 86.8026 -9.86459 -0.412209 -0.911065 0.00661505
6.08905 86.3006 -10.9215 -0.423347 -0.905928 0.00717864
7.14045 85.7901 -11.8119 -0.441521 -0.897233 0.00499594
8.15775 85.2735 -12.9122 -0.453384 -0.891291 0.00635111
8.61276 85.0361 -13.4151 -0.460175 -0.887801 0.00683439
8.02215 85.3348 -14.1251 -0.456543 -0.889675 0.0067897
7.13504 85.7857 -13.0599 -0.439717 -0.898127 0.00391241
6.15128 86.2636 -12.1255 -0.423489 -0.905882 0.00518553
5.08424 86.7605 -11.2526 -0.416036 -0.909343 0.00307781
4.17758 87.1739 -10.2114 -0.402792 -0.915225 0.0109724
3.27897 87.5723 -9.17504 -0.395354 -0.91852 0.00365388
2.11761 88.0503 -8.12519 -0.375134 -0.926953 -0.00574268
1.11307 88.4444 -7.18557 -0.348708 -0.937204 0.00659236
0.148857 88.8073 -6.05505 -0.340958 -0.940067 0.00329555
-0.954356 89.197 -4.93482 -0.315852 -0.948719 0.0130303
-2.01098 89.5369 -3.89008 -0.285529 -0.958316 0.00968568
-3.10131 89.858 -2.65845 -0.266884 -0.963716 -0.00380061
-4.17231 90.128 -1.70806 -0.241608 -0.970371 -0.000377425
-5.29595 90.3831 -0.475173 -0.206811 -0.978342 0.00868259
-6.50522 90.6273 0.578219 -0.177373 -0.984045 0.0136593
-7.49039 90.7797 1.53535 -0.132371 -0.991142 -0.00951721
-8.49857 90.8952 2.55793 -0.108133 -0.994074 0.00178794
-9.64269 91.0071 3.71939 -0.0866587 -0.996228 -0.00448114
-10.6048 91.0553 4.99071 -0.0504731 -0.998629 -0.0136276
-11.7113 91.0443 6.10067 -0.00236444 -0.99975 -0.0167395
-13.0085 91.0248 7.13156 0.0350351 -0.999339 -0.00300196
-14.0921 90.9467 8.40448 0.0832503 -0.996334 -0.0187962
-15.33 90.8061 9.56062 0.10921 -0.993874 -0.0168741
-16.4215 90.6637 10.4256 0.127559 -0.991827 -0.0020935
-17.5011 90.5063 11.5642 0.149512 -0.988732 -0.00727198
-18.5724 90.3 12.6653 0.206257 -0.978489 0.00360553
-19.7683 90.0351 13.7629 0.241587 -0.970339 0.00885143
-20.0902 89.9576 14.0808 0.243526 -0.96987 0.00641907
-21.743 89.4966 14.6739 0.289546 -0.957106 0.0103494
-20.821 89.7613 13.5456 0.264198 -0.964468 -0.000537416
-19.7101 90.0432 12.5683 0.234358 -0.972121 0.00728519
-18.729 90.2688 11.5409 0.20338 -0.97909 -0.0043969
-17.761 90.4722 10.5385 0.166055 -0.986031 -0.011113
-16.7618 90.6317 9.49411 0.134499 -0.990661 -0.0223654
-15.57 90.7947 8.57806 0.108702 -0.993988 -0.0131153
-14.6197 90.9141 7.58172 0.103741 -0.994409 -0.0196767
-13.6972 90.9952 6.47796 0.0448391 -0.998992 -0.00110507
-12.497 91.0433 5.60642 0.00995663 -0.999882 -0.0114955
-11.4736 91.0723 4.67525 -0.00602218 -0.999724 -0.0224274
-10.6341 91.075 3.43631 -0.0462762 -0.998882 -0.00967169
-9.49346 90.9922 2.27953 -0.092997 -0.995626 0.00625148
-8.45175 90.8893 1.29376 -0.101236 -0.994839 -0.00538361
-7.53093 90.7816 0.263555 -0.131603 -0.991221 0.0126854
-6.41037 90.5957 -0.658054 -0.172506 -0.984969 0.00882583
-5.36359 90.3923 -1.78618 -0.203402 -0.979062 -0.00726396
-4.28914 90.1686 -2.86645 -0.237991 -0.971178 -0.0104826
-3.2145 89.8896 -3.868 -0.270997 -0.962495 0.00964331
-2.17726 89.5762 -5.07133 -0.278727 -0.960343 0.00165591
-1.15077 89.2534 -5.9856 -0.315053 -0.949048 0.00639729
-0.128708 88.9007 -7.04183 -0.325783 -0.945433 0.00160371
0.805979 88.5613 -8.19178 -0.3535 -0.935431 -0.00255766
1.97365 88.1137 -9.13229 -0.377519 -0.925978 -0.00624258
2.92736 87.7175 -10.0958 -0.392083 -0.9199 0.00685594
3.82425 87.3255 -11.1897 -0.402993 -0.915186 -0.00555735
4.77102 86.9005 -12.1745 -0.415095 -0.909774 -0.00169626
5.95748 86.3506 -13.1257 -0.424629 -0.905367 0.000199552
6.89561 85.8998 -14.1284 -0.441793 -0.897102 0.0030094
7.56741 85.5609 -14.9472 -0.450152 -0.892924 0.006926
6.68028 86.0011 -15.2767 -0.440879 -0.897566 -3.61826e-05
5.77298 86.4388 -14.253 -0.425317 -0.905043 -0.0014158
4.81115 86.8852 -13.3724 -0.421327 -0.906904 -0.00192778
3.72509 87.3765 -12.4275 -0.407187 -0.913314 -0.00597051
2.78089 87.777 -11.2118 -0.389571 -0.920982 -0.00369552
1.82534 88.1758 -10.2146 -0.378792 -0.925401 0.0120367
0.778268 88.5743 -9.28686 -0.354643 -0.934999 -0.00212488
-0.253158 88.9454 -8.12518 -0.332392 -0.94313 -0.00409495
-1.40119 89.3338 -6.98485 -0.30966 -0.950833 -0.00527409
-2.55246 89.6913 -5.97561 -0.281532 -0.959544 -0.00262211
-3.60899 89.9877 -4.79629 -0.257698 -0.966111 0.0140356
-4.60297 90.2485 -3.8153 -0.220214 -0.975426 -0.00690459
-5.68805 90.4659 -2.89957 -0.180128 -0.983495 -0.0169504
-6.56006 90.6214 -1.75846 -0.17859 -0.983923 -0.00122326
-7.76015 90.8134 -0.820227 -0.140906 -0.990019 -0.00258652
-8.71013 90.9245 0.195245 -0.091826 -0.995698 -0.01222
-9.87852 91.0149 1.42256 -0.0622456 -0.998049 0.00491709
-10.8496 91.0884 2.45984 -0.0537431 -0.998452 0.00458547
-11.8184 91.0918 3.71526 0.00190892 -0.999846 -0.0173978
-12.9037 91.0472 4.79233 0.0260714 -0.999248 -0.0286698
-14.1905 90.9648 5.62379 0.0818852 -0.996633 0.00307624
-15.1972 90.8645 6.83075 0.103008 -0.994602 -0.0121218
-16.3006 90.7096 7.96653 0.133019 -0.991101 -0.00503029
-17.4316 90.541 8.82019 0.172593 -0.984888 -0.00113566
-18.3774 90.3493 9.91299 0.203868 -0.978933 0.00694185
-19.4947 90.0963 11.0042 0.241073 -0.970487 -0.00263096
-20.4509 89.8585 12.0917 0.256629 -0.966484 -0.0010929
-21.5193 89.5706 12.9605 0.269114 -0.963084 -0.00200295
-22.3572 89.3076 14.0298 0.288186 -0.957572 0.00217021
-23.4326 88.9568 14.9093 0.320172 -0.947355 -0.000191885
-24.4047 88.618 15.8594 0.336899 -0.941508 0.00727602
-24.8512 88.4608 16.14 0.340825 -0.940124 0.00214779
-26.558 87.809 16.7397 0.374492 -0.927218 0.00457097
-25.6317 88.1677 15.6279 0.356156 -0.934425 -0.00132843
-24.5814 88.5571 14.7974 0.337513 -0.941295 -0.000715239
-23.4949 88.9402 13.6737 0.316993 -0.948344 -0.0106744
-22.3749 89.3104 12.8589 0.293644 -0.955848 -0.0113229
-21.366 89.6101 11.7904 0.265087 -0.964222 -0.00115684
-20.4749 89.85 10.6477 0.246178 -0.969168 -0.0079822
-19.3031 90.1476 9.55696 0.214712 -0.976676 -0.000435538
-18.4136 90.3573 8.34057 0.193968 -0.980935 -0.00877528
-17.1981 90.5831 7.53035 0.160881 -0.986952 0.000657
-16.0926 90.763 6.46852 0.14695 -0.989042 -0.0128243
-15.1634 90.8793 5.32034 0.0940701 -0.995554 -0.00359426
-13.9287 91.0085 4.35792 0.0708743 -0.997298 -0.019172
-12.478 91.0932 3.17368 0.0239148 -0.999708 -0.00356076
-11.5063 91.091 1.94871 -0.00364795 -0.999892 0.0142278
-10.6253 91.0593 0.838099 -0.0483936 -0.998771 -0.00123659
-9.6733 91.0108 -0.143147 -0.0621942 -0.997968 -0.0132789
-8.54911 90.9133 -1.33922 -0.103148 -0.994664 -0.00205692
-7.38966 90.7525 -2.23009 -0.142926 -0.989639 0.0135715
-6.4891 90.6176 -3.38809 -0.16884 -0.985565 -0.010757
-5.4245 90.4394 -4.39186 -0.197764 -0.980017 -0.0112346
-4.39432 90.1856 -5.34756 -0.242725 -0.970063 -0.00553484
-3.52053 89.9606 -6.44148 -0.262831 -0.964814 -0.00440358
-2.37641 89.651 -7.27197 -0.299544 -0.953821 -0.0197967
-1.37311 89.3305 -8.33882 -0.309723 -0.950826 0.00120999
-0.4142 89.0085 -9.33387 -0.336407 -0.9417 -0.00488516
0.571289 88.6521 -10.1976 -0.350815 -0.936443 -0.00120321
1.61282 88.254 -11.4096 -0.363001 -0.931769 -0.0051536
2.58053 87.8684 -12.3828 -0.387455 -0.921845 -0.00441439
3.48172 87.4878 -13.3409 -0.404506 -0.914518 -0.00353304
4.59878 86.9868 -14.3039 -0.417412 -0.908714 -0.00241135
5.64384 86.5047 -15.4846 -0.429308 -0.903138 -0.00593877
5.69229 86.4819 -15.5478 -0.430438 -0.902609 -0.00425243
4.59056 87.002 -15.7713 -0.420823 -0.907084 -0.0101836
3.54983 87.4667 -14.7306 -0.405297 -0.914179 -0.00333617
2.38521 87.957 -13.566 -0.384241 -0.923198 -0.0079906
1.42564 88.3351 -12.6064 -0.361018 -0.932533 -0.00684886
0.431918 88.7076 -11.6127 -0.353732 -0.935329 -0.00577344
-0.647878 89.0962 -10.4987 -0.325548 -0.945504 -0.00478317
-1.7314 89.4495 -9.44938 -0.312272 -0.949914 -0.0122134
-2.68894 89.7449 -8.49184 -0.27976 -0.960051 0.00602923
-3.92269 90.0772 -7.25124 -0.2566 -0.966488 -0.0073606
-5.00036 90.3367 -6.18042 -0.229596 -0.973253 -0.00133131
-6.20517 90.579 -4.97561 -0.178532 -0.983918 0.00217778
-7.22211 90.7433 -3.95867 -0.15712 -0.987551 -0.0068672
-8.22662 90.8695 -2.95416 -0.118098 -0.992932 -0.011316
-9.21863 90.9837 -1.96215 -0.0903069 -0.995722 0.00294901
-10.3532 91.0579 -0.827606 -0.0564438 -0.99836 -0.0095178
-11.4646 91.0838 0.313316 -0.0211607 -0.999682 -0.0133833
-12.5387 91.0833 1.41336 0.0131447 -0.999856 -0.00540665
-13.7338 91.047 2.55301 0.054623 -0.998456 0.0100398
-14.7604 90.9507 3.5796 0.101309 -0.994741 -0.0134213
-15.7135 90.8314 4.53273 0.11922 -0.992664 -0.0172304
-16.7841 90.6711 5.63797 0.146131 -0.989193 -0.0100765
-17.8186 90.4822 6.63784 0.170547 -0.985187 -0.0179069
-19.0316 90.2269 7.85079 0.214332 -0.976658 -0.0135084
-20.0281 89.9885 8.8531 0.234706 -0.972001 -0.00878727
-21.1682 89.6833 9.98739 0.262962 -0.964596 -0.0193544
-22.171 89.3892 10.9902 0.265423 -0.964072 -0.00956929
-23.1695 89.0657 11.9888 0.308617 -0.951125 -0.0107723
-24.2333 88.691 13.0525 0.335709 -0.941878 -0.0128224
-25.2282 88.3223 14.0474 0.350675 -0.936484 -0.00427867
-26.2911 87.9132 15.1103 0.364211 -0.931297 -0.00595195
-27.3846 87.4754 16.2039 0.378533 -0.925563 -0.00434563
-28.2302 87.1176 17.0494 0.395898 -0.918293 0.00153913
-29.7745 86.4404 16.9539 0.407983 -0.912978 -0.00226823
-28.7121 86.9136 15.9241 0.398428 -0.917182 -0.00573203
-27.5927 87.3916 14.9786 0.382591 -0.923911 -0.00338452
-26.6639 87.7732 14.0371 0.374431 -0.927229 -0.00632321
-25.7696 88.1278 12.9824 0.353209 -0.935477 -0.0112175
-24.614 88.5679 12.0794 0.338127 -0.941063 -0.00752787
-23.6618 88.9164 10.8945 0.336027 -0.941788 -0.010995
-22.3516 89.3532 9.81023 0.299576 -0.954018 -0.0100884
-21.1985 89.6984 8.68902 0.27319 -0.961905 -0.0102949
-20.2645 89.9449 7.65557 0.231 -0.972761 -0.019331
-19.2239 90.2159 6.63376 0.199963 -0.979555 -0.0200626
-18.0801 90.4507 5.75923 0.170621 -0.985279 -0.0105852
-17.2748 90.6002 4.61036 0.171492 -0.985158 -0.00730146
-16.1933 90.7841 3.77362 0.144816 -0.98929 -0.0144033
-15.2008 90.9174 2.61586 0.099977 -0.994892 -0.0139312
-14.1361 91.0173 1.49525 0.0722527 -0.99733 -0.00456032
-13.061 91.0821 0.58868 0.028807 -0.999582 -0.00260942
-12.1179 91.1059 -0.453058 0.00885696 -0.999959 -0.00132872
-11.1503 91.0963 -1.40677 -0.0202262 -0.999794 0.0012745
-9.99834 91.041 -2.44578 -0.0693292 -0.997585 -0.0042351
-8.96378 90.9597 -3.65107 -0.0938081 -0.995506 -0.0126324
-7.94079 90.8553 -4.60968 -0.128571 -0.991623 0.00359788
-7.21174 90.7582 -5.77512 -0.140306 -0.990047 -0.00137948
-6.14052 90.5793 -6.51226 -0.192006 -0.981271 -0.0155431
-5.27719 90.4081 -7.78455 -0.212538 -0.97693 0.0151585
-4.09912 90.1291 -8.63481 -0.238882 -0.970962 -0.00712013
-2.98708 89.8317 -9.61154 -0.275282 -0.961253 -0.0145522
-1.95784 89.534 -10.7913 -0.297349 -0.954705 -0.0110572
-0.909364 89.1947 -11.9061 -0.329822 -0.943973 -0.0114954
0.184962 88.8087 -12.5261 -0.350271 -0.936587 -0.00997964
0.931107 88.5365 -13.6955 -0.360055 -0.932831 -0.0136975
1.90339 88.166 -14.5944 -0.378223 -0.925606 -0.0141906
2.81138 87.7965 -15.4494 -0.393738 -0.919124 -0.0121775
0.379637 88.7682 -14.5617 -0.3527 -0.935524 -0.0199147
-0.179499 88.9477 -13.315 -0.344547 -0.938568 -0.0172703
-1.38965 89.3723 -12.6644 -0.324224 -0.945881 -0.0135826
-2.54715 89.7291 -11.798 -0.295508 -0.955096 -0.0196312
-3.48086 89.9813 -10.6879 -0.261 -0.965266 -0.0116746
-4.50594 90.237 -9.64135 -0.234923 -0.971809 -0.0199198
-5.82683 90.5192 -8.56005 -0.197458 -0.980298 0.00504743
-6.54292 90.6575 -7.39538 -0.159766 -0.987155 0.000174373
-7.75888 90.8306 -6.52477 -0.128813 -0.991625 -0.00928405
-8.61971 90.9333 -5.33841 -0.106173 -0.99433 -0.00590919
-9.66156 91.0277 -4.37735 -0.0785688 -0.996845 -0.011142
-10.675 91.0765 -3.17939 -0.0345731 -0.999255 -0.0108138
-11.7128 91.1063 -2.13116 -0.0160111 -0.99987 0.000825376
-12.7504 91.1006 -1.17228 0.0125106 -0.999906 -0.00527594
-13.7011 91.0605 -0.15616 0.0648295 -0.997717 0.00617152
-14.767 90.9684 0.710505 0.0857103 -0.996315 -0.00316042
-15.7424 90.8632 1.79709 0.134459 -0.990892 0.0046162
-16.6969 90.7254 2.89601 0.157025 -0.987328 -0.0229472
-17.926 90.4914 3.84578 0.178663 -0.98387 -0.00867702
-18.855 90.297 5.0188 0.206887 -0.978365 -5.33476e-05
-19.9419 90.052 6.0698 0.233528 -0.972326 -2.17762e-05
-20.9905 89.7749 7.07491 0.250736 -0.967977 -0.0120846
-22.0265 89.4741 8.04799 0.273065 -0.961835 -0.0172972
-22.9178 89.1809 9.06621 0.300973 -0.953604 -0.00731791
-24.2765 88.7098 10.0402 0.333266 -0.942626 -0.0197649
-25.1505 88.3807 11.1813 0.347073 -0.937806 -0.00772673
-26.2991 87.9324 12.3251 0.360558 -0.932665 -0.0112358
-27.2478 87.5445 13.3641 0.37694 -0.926118 -0.0148193
-28.3786 87.065 14.2452 0.388287 -0.921496 -0.00877109
-29.4266 86.6065 15.0331 0.406512 -0.913635 -0.00399917
-30.5923 86.0701 16.1149 0.418997 -0.907961 -0.00694272
-31.6828 85.5475 16.8947 0.4348 -0.900514 -0.00431429
-32.6126 85.0946 16.337 0.441573 -0.897215 -0.00395805
-31.5071 85.6398 15.4775 0.436097 -0.899889 -0.00431914
-30.3111 86.2108 14.4023 0.426154 -0.904619 -0.00688931
-29.2313 86.7032 13.6222 0.40452 -0.914486 -0.00847366
-28.1722 87.1714 12.8444 0.384491 -0.923021 -0.013432
-27.0321 87.6523 11.8309 0.372476 -0.927967 -0.010422
-26.1143 88.0238 10.847 0.356685 -0.934121 -0.0135745
-25.0821 88.4355 9.53025 0.33957 -0.940271 -0.0232796
-23.9849 88.8332 8.63887 0.314425 -0.949239 -0.00880965
-23.013 89.1703 7.7028 0.310971 -0.950227 -0.0187837
-21.9622 89.5122 6.70883 0.291558 -0.956527 -0.000375988
-20.8558 89.8184 5.75283 0.254265 -0.96712 -0.00527255
-19.878 90.068 4.70763 0.227043 -0.973832 -0.00721583
-18.9767 90.2853 3.57993 0.217192 -0.976079 -0.00982633
-17.8975 90.5186 2.67859 0.182744 -0.983001 -0.0176663
-16.8008 90.7189 1.52895 0.164471 -0.986301 -0.00941112
-15.7194 90.8657 0.327539 0.120609 -0.992698 0.00188166
-14.6538 90.9796 -0.655986 0.091712 -0.995768 0.00588825
-13.5058 91.059 -1.73129 0.0609705 -0.998121 0.00605307
-12.4168 91.1 -2.75706 0.0189386 -0.999757 0.00821937
-11.4254 91.1091 -3.78419 -0.00215127 -0.999995 -0.00117071
-10.4759 91.0849 -4.89539 -0.057788 -0.998262 0.00576756
-9.46065 91.0182 -5.84859 -0.0935485 -0.995615 0.000529778
-8.3856 90.9167 -7.0642 -0.116248 -0.993128 -0.0125362
-7.19279 90.766 -7.95306 -0.155037 -0.987748 -0.0159266
-6.35178 90.6224 -9.2526 -0.194544 -0.980878 8.58744e-05
-5.30867 90.4239 -10.2345 -0.208518 -0.977961 -0.0100836
-4.31111 90.2155 -11.1998 -0.244163 -0.969239 -0.0257132
-3.2535 89.9635 -12.4146 -0.275632 -0.960684 -0.0286861
-2.13316 89.6354 -13.2027 -0.322286 -0.946281 -0.0261405
-0.914709 89.2311 -13.7578 -0.345506 -0.937998 -0.0280355
-0.754967 89.1822 -14.0898 -0.345516 -0.937993 -0.0280796
-5.50991 90.4948 -11.3367 -0.221114 -0.974798 -0.0296271
-6.52166 90.6697 -10.351 -0.193849 -0.98086 -0.0183453
-7.2934 90.7915 -9.39374 -0.147847 -0.989001 -0.00252944
-8.00037 90.8862 -8.41841 -0.127596 -0.991701 -0.0157614
-9.00562 90.9896 -7.64049 -0.0962324 -0.995295 -0.0112731
-10.0223 91.0738 -6.59129 -0.0761416 -0.996929 -0.00930895
-11.0344 91.1074 -5.6489 -0.0339731 -0.999135 -0.0214654
-11.9225 91.1147 -4.66852 -0.000766069 -0.99986 -0.0145
-12.7555 91.0918 -3.72996 0.0160729 -0.999855 -0.000930866
-13.7458 91.041 -2.77212 0.0683179 -0.997661 -0.00222653
-14.9209 90.9484 -1.6959 0.0883553 -0.99603 0.0102787
-15.9065 90.8463 -0.856011 0.113417 -0.993542 0.00112964
-16.7395 90.7318 0.0437663 0.149624 -0.988737 -0.00272095
-17.6191 90.5892 1.01156 0.167294 -0.985773 -0.0137148
-18.4696 90.4187 1.88001 0.204214 -0.978754 -0.0182041
-19.395 90.2027 2.72468 0.21643 -0.976225 -0.0119114
-20.3476 89.9632 3.81132 0.249564 -0.968355 0.0024219
-21.1757 89.7373 4.72312 0.271669 -0.96239 -0.00146922
-22.2494 89.4263 5.72633 0.281778 -0.959464 0.000263213
-23.3775 89.0631 6.76225 0.314838 -0.949051 -0.0101332
-24.3642 88.7188 7.69889 0.327319 -0.944849 -0.0110833
-25.4028 88.3452 8.55193 0.331848 -0.943125 -0.019369
-26.2017 88.0155 9.45646 0.367271 -0.929819 -0.0233702
-26.9596 87.6952 10.3954 0.371953 -0.928158 -0.0130334
-27.8722 87.3127 11.3408 0.385786 -0.922495 -0.0129943
-28.8157 86.9026 12.1248 0.400476 -0.916245 -0.00868682
-29.9297 86.3955 12.9008 0.415405 -0.909585 -0.0097034
-30.8903 85.9458 13.6244 0.427148 -0.904133 -0.00933681
-31.9336 85.4379 14.512 0.435147 -0.900334 -0.00675596
-32.9011 84.9579 15.325 0.445097 -0.895469 -0.00494048
-33.5187 84.6482 15.8426 0.444221 -0.895912 -0.00315578
-34.2404 84.2898 15.2589 0.451641 -0.892176 -0.00648374
-33.2637 84.786 14.3976 0.443744 -0.896113 -0.00856125
-32.3462 85.2472 13.5843 0.434984 -0.90038 -0.0100454
-31.2539 85.7823 12.6718 0.431105 -0.902245 -0.0101386
-30.3134 86.2281 11.9953 0.418061 -0.908397 -0.006285
-29.2895 86.6973 11.2914 0.408741 -0.912635 -0.00490894
-28.3123 87.1336 10.4989 0.402651 -0.915271 -0.0120877
-27.3604 87.5507 9.45594 0.380203 -0.924698 -0.018805
-26.6182 87.8717 8.52499 0.372511 -0.927816 -0.0194673
-25.6289 88.2686 7.52909 0.347822 -0.937557 0.00184922
-24.6653 88.6197 6.68923 0.336041 -0.941807 -0.00197992
-23.6304 88.9904 5.72046 0.320523 -0.947165 -0.00777274
-22.6876 89.2911 4.89593 0.296127 -0.955145 0.00186651
-21.8161 89.5571 4.04558 0.284504 -0.958664 0.00319462
-20.9607 89.8031 3.10434 0.253658 -0.967274 -0.00612862
-20.1432 90.0255 2.13641 0.252798 -0.96744 -0.0118438
-19.2087 90.2741 1.28506 0.216164 -0.976251 -0.011695
-18.2322 90.4781 0.252001 0.189856 -0.981804 -0.0039139
-17.3849 90.6339 -0.652725 0.166281 -0.986043 -0.00317742
-16.4241 90.7732 -1.6821 0.124836 -0.992105 0.0118327
-15.3812 90.9052 -2.57502 0.0992918 -0.995058 -8.06741e-07
-14.3376 91.0006 -3.50081 0.0656091 -0.99762 -0.0178658
-13.3761 91.0899 -4.39979 0.0481163 -0.998445 -0.0232577
-12.4834 91.1252 -5.41579 0.00860635 -0.999852 -0.0148649
-11.644 91.1375 -6.36479 -0.0194393 -0.999621 -0.0193005
-10.6047 91.1126 -7.31134 -0.0598437 -0.998199 -0.00420981
-9.57882 91.049 -8.27212 -0.0781395 -0.996927 -0.00546918
-8.41957 90.9495 -9.2373 -0.112139 -0.993567 -0.00834094
-7.71249 90.8629 -10.2726 -0.14748 -0.988932 -0.0160229
-8.97304 91.0218 -9.98201 -0.105659 -0.994165 -0.0193493
-10.0416 91.0886 -9.0095 -0.0678256 -0.997445 -0.0222875
-11.069 91.1401 -8.10029 -0.0291241 -0.999513 0.00410335
-11.9892 91.1555 -7.29339 -0.0053755 -0.999866 -0.00903761
-12.8846 91.1356 -6.36961 0.0215367 -0.999629 -0.0157236
-13.7605 91.0927 -5.35913 0.0643017 -0.997813 -0.0145895
-14.6937 91.0008 -4.45338 0.0839123 -0.996048 -0.0287428
-15.8518 90.8619 -3.41552 0.0935798 -0.995355 -0.0195765
-17.043 90.6937 -2.3963 0.134235 -0.990815 -0.0163074
-17.9036 90.542 -1.48238 0.171454 -0.985181 -0.003402
-18.7509 90.3762 -0.609364 0.208513 -0.977983 -0.00804298
-19.684 90.1688 0.410893 0.226702 -0.973938 0.00289596
-20.7482 89.8746 1.43415 0.260659 -0.965207 -0.0208041
-21.6608 89.6093 2.4989 0.282097 -0.959319 -0.0112613
-22.5815 89.3248 3.48476 0.292081 -0.956385 -0.00210399
-23.4779 89.043 4.32788 0.309697 -0.95071 -0.0134161
-24.4684 88.7009 5.23242 0.335619 -0.941965 -0.00688577
-25.5028 88.3161 6.17959 0.342968 -0.939321 -0.00693026
-26.5239 87.9226 7.11152 0.359904 -0.932972 -0.00565452
-27.51 87.5058 8.20361 0.387813 -0.921677 -0.0105643
-28.2974 87.1585 9.12547 0.394151 -0.918982 -0.0106143
-29.3145 86.6967 10.1517 0.41053 -0.911741 -0.0135033
-30.2749 86.251 10.8078 0.416294 -0.909209 -0.0055914
-31.4064 85.7181 11.6358 0.426794 -0.904336 -0.00464266
-32.4065 85.2309 12.4257 0.433809 -0.900929 -0.0116892
-33.3009 84.7799 13.2087 0.448463 -0.893762 -0.008298
-34.2228 84.3081 14.0282 0.451727 -0.89211 -0.00907963
-34.9902 83.9128 14.7462 0.453847 -0.89106 -0.00596045
-35.5113 83.6489 14.0755 0.457186 -0.889352 -0.00571774
-34.5875 84.1297 13.1757 0.45676 -0.889556 -0.00763661
-33.7505 84.5643 12.3962 0.450864 -0.892515 -0.0115493
-32.7542 85.0719 11.5546 0.441825 -0.897037 -0.0101754
-31.816 85.5293 10.8166 0.428193 -0.90367 -0.0052893
-30.8575 85.9873 10.1161 0.423934 -0.905623 -0.0112143
-29.905 86.4404 9.41497 0.420351 -0.90732 -0.00789721
-28.8592 86.919 8.3705 0.407756 -0.913069 -0.0062508
-28.0445 87.2862 7.40355 0.401063 -0.915959 -0.0129379
-27.0595 87.7141 6.35916 0.38319 -0.923633 -0.00818592
-26.1555 88.074 5.52012 0.358154 -0.933642 -0.0061535
-25.2805 88.4121 4.73116 0.343638 -0.939019 -0.0122935
-24.2959 88.7767 3.78802 0.325485 -0.945471 -0.0098785
-23.3518 89.0881 2.91859 0.296125 -0.955136 -0.0050434
-22.3956 89.3981 1.91772 0.300044 -0.953845 -0.0119475
-21.5113 89.6678 0.882424 0.281127 -0.959595 -0.0118253
-20.6285 89.9286 0.0185812 0.266058 -0.963884 -0.0114314
-19.6482 90.1741 -1.01103 0.229364 -0.973339 -0.000627541
-18.7698 90.3898 -1.9531 0.222105 -0.974795 -0.0195016
-17.8732 90.5722 -2.90184 0.158698 -0.987141 -0.0191714
-16.8658 90.7409 -3.79587 0.141386 -0.989723 -0.0201542
-15.7477 90.903 -4.7187 0.12229 -0.992418 -0.00608686
-14.8082 91.0003 -5.63396 0.0996551 -0.994999 -0.00537511
-13.9667 91.087 -6.55603 0.0572969 -0.998335 0.00659442
-13.0769 91.1349 -7.52576 0.0372646 -0.999267 -0.000266468
-12.0404 91.1613 -8.47125 0.0205623 -0.999764 -0.00317665
-10.807 91.1546 -9.52026 -0.0395364 -0.998748 -0.028972
-10.8013 91.1545 -9.52499 -0.065625 -0.997386 -0.0302112
-12.3279 91.1616 -9.38378 0.020252 -0.999639 -0.0117439
-13.4269 91.1197 -8.45244 0.0533775 -0.998519 -0.00462719
-14.2972 91.0634 -7.56117 0.0655331 -0.99785 -0.000673106
-15.1792 90.9706 -6.62412 0.105175 -0.99442 -0.00823944
-16.0961 90.8677 -5.7094 0.106196 -0.994335 -0.00341347
-17.1883 90.7012 -4.76225 0.164016 -0.986426 -0.00712715
-18.1433 90.528 -3.88935 0.175608 -0.984418 -0.00278293
-19.1665 90.3136 -2.87532 0.21532 -0.976501 -0.00914723
-20.0641 90.083 -1.92169 0.24164 -0.970249 -0.014945
-21.0006 89.8301 -0.895185 0.262135 -0.964999 0.000360316
-22.1283 89.4954 0.1893 0.294295 -0.955674 -0.00881774
-22.9296 89.237 1.11977 0.305483 -0.952164 -0.00799872
-23.7575 88.9616 2.00455 0.313539 -0.949536 -0.00147312
-24.641 88.6624 2.85339 0.328922 -0.944347 -0.00273013
-25.5486 88.3225 3.70772 0.356588 -0.934254 -0.00374451
-26.4349 87.9743 4.50706 0.36383 -0.931403 -0.0107609
-27.3009 87.6168 5.32361 0.384688 -0.923046 -0.000676961
-28.1482 87.2527 6.1624 0.40226 -0.915503 -0.00630302
-28.9421 86.8932 7.06282 0.406936 -0.913417 -0.00857022
-29.814 86.4926 8.03519 0.414612 -0.909941 -0.00994357
-30.8413 86.0085 8.93492 0.423432 -0.90588 -0.0092631
-31.8335 85.5342 9.71385 0.427099 -0.904144 -0.0105336
-32.8945 85.0119 10.5344 0.442587 -0.896691 -0.00616377
-33.9351 84.4809 11.415 0.453913 -0.891003 -0.0087693
-34.7987 84.0321 12.2164 0.455519 -0.890169 -0.0100591
-35.8226 83.4919 13.1993 0.464497 -0.885545 -0.0072102
-35.8735 83.4649 13.2497 0.46399 -0.885834 -0.00300709
-36.3759 83.2062 12.6155 0.465277 -0.885136 -0.00723538
-35.5452 83.6495 11.7544 0.463107 -0.886236 -0.010841
-34.5617 84.1667 10.813 0.455785 -0.890068 -0.00628194
-33.4225 84.7549 9.82711 0.447882 -0.894035 -0.00999817
-32.523 85.206 9.09664 0.438203 -0.898839 -0.0081729
-31.5555 85.6784 8.33825 0.42688 -0.904261 -0.00920328
-30.6068 86.1337 7.50902 0.420783 -0.907107 -0.0098781
-29.7948 86.517 6.66603 0.409119 -0.912399 -0.0116596
-28.9017 86.9242 5.65947 0.403498 -0.914947 -0.0077781
-27.9327 87.3554 4.68794 0.395161 -0.918492 -0.0135978
-26.9707 87.7596 3.77931 0.377416 -0.926042 -0.00148256
-26.0615 88.1308 2.93531 0.36948 -0.929189 -0.00937643
-25.0213 88.5317 1.96614 0.337819 -0.941117 -0.00243665
-23.9378 88.9098 0.875255 0.320996 -0.947039 -0.00755178
-23.0416 89.2116 -0.142293 0.307169 -0.951614 -0.00881404
-22.1737 89.4885 -1.05699 0.285827 -0.958126 -0.0155672
-21.2456 89.7741 -2.01011 0.275635 -0.961199 -0.0110024
-20.3898 90.0173 -2.92382 0.246578 -0.968983 -0.0161199
-19.531 90.2359 -3.81318 0.229943 -0.973178 -0.00694764
-18.5745 90.4441 -4.72961 0.197302 -0.980339 -0.00255717
-17.5917 90.6384 -5.61551 0.165235 -0.986242 -0.00484722
-16.6468 90.7931 -6.45974 0.145486 -0.989315 0.00290925
-15.6004 90.9343 -7.50027 0.126241 -0.991935 -0.010581
-14.6598 91.0353 -8.50078 0.093398 -0.9956 -0.00727211
-13.9645 91.0963 -9.18477 0.062418 -0.997956 -0.0129406
-15.2826 90.982 -9.14967 0.109177 -0.993871 -0.0107126
-16.3264 90.8416 -8.08162 0.140229 -0.990095 -0.00626886
-17.3806 90.6716 -7.03823 0.160606 -0.987018 0.000844005
-18.3502 90.4898 -6.18311 0.208292 -0.978042 -0.00700387
-19.2532 90.299 -5.38056 0.209326 -0.977838 0.00404044
-20.1058 90.1036 -4.51299 0.239583 -0.970866 0.000512544
-21.0775 89.8379 -3.53042 0.272914 -0.962021 -0.00554053
-21.984 89.5682 -2.5797 0.277759 -0.960611 -0.00807267
-22.8196 89.3067 -1.72534 0.309537 -0.95072 -0.0177766
-23.6726 89.0138 -0.791632 0.307805 -0.951406 -0.00902456
-24.7082 88.6518 0.357558 0.323106 -0.946275 -0.0128606
-25.6206 88.3123 1.2779 0.34284 -0.939311 -0.0108761
-26.6216 87.9152 2.17421 0.369161 -0.929295 -0.011207
-27.6345 87.4933 3.16182 0.385037 -0.922818 -0.0106765
-28.4756 87.1242 3.97483 0.399105 -0.916883 -0.00637085
-29.4346 86.694 4.91653 0.404785 -0.914388 -0.00654801
-30.2696 86.3089 5.85899 0.417802 -0.908487 -0.00961933
-31.1503 85.8895 6.76817 0.428553 -0.903422 -0.0117859
-32.051 85.4493 7.58604 0.438062 -0.898901 -0.00649708
-32.9386 85.0075 8.30461 0.443358 -0.896339 -0.0031772
-33.9279 84.5071 9.07925 0.450899 -0.89255 -0.00660651
-34.928 83.9857 9.9637 0.457827 -0.888998 -0.00834235
-35.7943 83.5306 10.8169 0.472106 -0.881498 -0.00808275
-36.6352 83.0741 11.6731 0.469561 -0.882882 -0.00568276
-36.7611 83.0062 11.8177 0.469428 -0.882952 -0.00569781
-37.0086 82.8782 10.8659 0.473158 -0.880972 -0.00305684
-36.1206 83.3601 9.94813 0.470966 -0.88213 -0.00534963
-35.1512 83.8799 8.98655 0.464919 -0.88531 -0.00829063
-34.2052 84.3718 8.17873 0.451986 -0.892016 -0.00399052
-33.233 84.8654 7.4146 0.446558 -0.89474 -0.00417356
-32.177 85.3963 6.51028 0.444377 -0.89581 -0.00730414
-31.2808 85.8392 5.61401 0.432258 -0.901714 -0.00792396
-30.3332 86.2906 4.60341 0.419554 -0.907694 -0.00808563
-29.5063 86.6711 3.72432 0.405695 -0.913981 -0.0070617
-28.6619 87.059 2.88167 0.397798 -0.917334 -0.0148932
-27.7862 87.4413 2.00993 0.381372 -0.924363 -0.0100672
-26.8233 87.849 1.13711 0.370734 -0.92865 -0.0128822
-25.9387 88.2047 0.278639 0.352768 -0.935708 -0.00112356
-25.1002 88.5264 -0.593472 0.351443 -0.936115 -0.0132352
-24.2912 88.8151 -1.48025 0.32371 -0.946085 -0.0115117
-23.1499 89.2141 -2.72262 0.307424 -0.951471 -0.0138857
-22.1627 89.5214 -3.70201 0.288086 -0.957597 0.00344447
-21.3114 89.7726 -4.55776 0.274769 -0.961509 -0.000301526
-20.4515 90.0049 -5.50639 0.256638 -0.966351 0.0126383
-19.5668 90.2192 -6.35039 0.236626 -0.971441 -0.0175221
-18.5392 90.4605 -7.24709 0.200473 -0.979684 -0.00410985
-17.6159 90.6328 -8.10832 0.167297 -0.985904 -0.0017012
-16.6796 90.7964 -9.02966 0.159556 -0.987178 -0.00445375
-16.6133 90.8075 -9.10038 0.154801 -0.987922 -0.000778137
-17.7695 90.6102 -9.23867 0.189744 -0.981815 -0.00595692
-18.7119 90.4269 -8.34032 0.212392 -0.977168 0.00501501
-19.6583 90.2138 -7.50985 0.224861 -0.974369 -0.00595073
-20.7841 89.9116 -6.44761 0.26379 -0.964536 -0.0091206
-21.7963 89.6332 -5.37642 0.276448 -0.960953 -0.00192857
-22.7019 89.3573 -4.47533 0.289157 -0.957258 -0.00622163
-23.5925 89.0827 -3.59703 0.298321 -0.954443 -0.00101074
-24.4301 88.7861 -2.69584 0.324442 -0.945745 -0.0173642
-25.3424 88.4486 -1.63891 0.336918 -0.941421 -0.0143466
-26.218 88.1035 -0.776249 0.362592 -0.931878 -0.0102105
-27.0679 87.7609 0.130489 0.372477 -0.927954 -0.0115713
-28.0779 87.3291 1.04172 0.391807 -0.920005 -0.00694365
-28.912 86.9538 1.86759 0.403986 -0.91475 -0.00487312
-29.9013 86.5006 2.87036 0.414962 -0.909792 -0.00882649
-30.7906 86.0835 3.81284 0.423413 -0.905926 -0.00353441
-31.8571 85.5682 4.9431 0.431856 -0.901907 -0.00797707
-32.8141 85.0853 5.88053 0.445495 -0.895244 -0.00844282
-33.6928 84.6403 6.65174 0.448123 -0.893947 -0.00665109
-34.5903 84.1821 7.36802 0.454432 -0.890753 -0.00696257
-35.6911 83.5982 8.33137 0.465339 -0.885102 -0.00734352
-36.5723 83.1224 9.18968 0.475274 -0.879822 -0.00525777
-37.279 82.7366 9.94419 0.476674 -0.879076 -0.00217204
-37.5422 82.5987 9.03836 0.476402 -0.879211 -0.0053888
-36.5546 83.1411 7.98212 0.474805 -0.880054 -0.00803765
-35.7256 83.5903 7.16558 0.467601 -0.883897 -0.00865614
-34.7177 84.1232 6.34409 0.455392 -0.890272 -0.00587644
-33.7325 84.6286 5.53441 0.449132 -0.893432 -0.00764993
-32.7818 85.1164 4.63922 0.443529 -0.896204 -0.00989062
-31.9873 85.5161 3.77829 0.437094 -0.899377 -0.0062716
-31.091 85.9485 2.83434 0.427968 -0.903735 -0.00999064
-30.1634 86.393 1.86487 0.410838 -0.911668 -0.00829097
-29.2547 86.8114 0.93789 0.407317 -0.913191 -0.0128592
-28.3925 87.2044 0.105205 0.398769 -0.916945 -0.0123058
-27.4489 87.6135 -0.788178 0.378592 -0.925522 -0.00606366
-26.4543 88.0192 -1.8136 0.372804 -0.927859 -0.00919723
-25.4925 88.4018 -2.83192 0.357727 -0.933824 -0.00194361
-24.5871 88.7411 -3.85136 0.338252 -0.941024 6.75376e-05
-23.6974 89.0428 -4.78859 0.310232 -0.950655 -0.000440616
-22.797 89.3338 -5.66233 0.291046 -0.956699 -0.00131399
-21.8048 89.631 -6.69382 0.270893 -0.962515 -0.0131876
-20.9595 89.8755 -7.54828 0.263774 -0.964564 -0.00519831
-19.9476 90.1474 -8.46713 0.253193 -0.967403 -0.00502357
-18.883 90.3869 -9.45365 0.209316 -0.977832 -0.00043719
-18.8385 90.3967 -9.49463 0.209587 -0.977688 -0.0140875
-19.8918 90.1607 -9.77389 0.249188 -0.968449 0.00335146
-20.9229 89.8893 -8.8363 0.257842 -0.966186 -0.00126016
-21.9002 89.6072 -7.89624 0.28056 -0.959829 -0.00241832
-22.8345 89.3214 -6.92582 0.295065 -0.955476 -0.000346413
-23.7409 89.0284 -5.98985 0.312818 -0.949792 -0.00509894
-24.6201 88.7205 -5.12512 0.339221 -0.940706 -0.00104948
-25.681 88.3312 -3.96846 0.355267 -0.934739 0.00565537
-26.5049 88.0082 -3.03761 0.370943 -0.92865 0.00187868
-27.5313 87.5835 -2.02828 0.381639 -0.924221 -0.0129503
-28.5096 87.1683 -1.01362 0.390101 -0.920752 -0.00549793
-29.3961 86.7616 -0.149099 0.4141 -0.910163 -0.0110674
-30.3096 86.3349 0.767194 0.413329 -0.910538 -0.00886686
-31.1766 85.927 1.63947 0.428594 -0.903337 -0.0167287
-32.0222 85.5055 2.56611 0.440053 -0.897951 -0.00585683
-32.9625 85.0354 3.55135 0.444191 -0.895913 -0.00576355
-33.8153 84.5988 4.43373 0.451579 -0.89219 -0.00860652
-34.73 84.1241 5.21876 0.460311 -0.887749 -0.00361545
-35.6138 83.6595 5.93384 0.469194 -0.883071 -0.00655656
-36.4476 83.2071 6.70054 0.475295 -0.879789 -0.00810696
-37.3755 82.6991 7.64501 0.479223 -0.877678 -0.00523893
-37.9944 82.3567 8.3264 0.480341 -0.877069 -0.00469132
-38.0153 82.3523 7.12878 0.482869 -0.875691 -0.00167413
-37.131 82.8402 6.15487 0.48075 -0.876852 -0.00320561
-36.2929 83.2993 5.37955 0.476873 -0.878965 -0.00353888
-35.3581 83.8017 4.60553 0.462239 -0.886696 -0.0102878
-34.4448 84.2832 3.81598 0.457849 -0.889006 -0.00645975
-33.5332 84.7524 2.88437 0.450512 -0.892764 -0.00340815
-32.556 85.2477 1.84352 0.442515 -0.896725 -0.00803622
-31.7521 85.6575 0.995611 0.441086 -0.897405 -0.00861753
-30.8666 86.0818 0.0635622 0.427015 -0.904229 -0.00522051
-29.9607 86.5113 -0.827532 0.420344 -0.907281 -0.0123099
-29.1064 86.9074 -1.68805 0.404231 -0.914655 -0.00163137
-28.215 87.2984 -2.61414 0.395579 -0.918425 -0.00354231
-27.2708 87.6964 -3.52162 0.382576 -0.923894 0.007444
-26.428 88.0334 -4.47245 0.369955 -0.929049 0.00108015
-25.5644 88.3682 -5.44271 0.360529 -0.932726 -0.00646339
-24.7188 88.6847 -6.3026 0.3429 -0.939371 -0.000566039
-23.8302 88.9986 -7.17297 0.330307 -0.943866 0.0033879
-23.0317 89.2621 -8.05891 0.298233 -0.954493 -0.000887802
-21.9832 89.5882 -9.08426 0.281289 -0.959606 -0.00539239
-20.9555 89.8798 -10.0471 0.266587 -0.9638 0.00260571
-21.9782 89.5935 -10.3541 0.281238 -0.959629 -0.0041051
-22.9515 89.2905 -9.40523 0.298019 -0.954546 -0.00516422
-23.8173 89.0078 -8.57306 0.31987 -0.947461 0.000503061
-24.7756 88.6651 -7.5151 0.335802 -0.94188 -0.00509804
-25.7578 88.3008 -6.5722 0.353012 -0.935615 -0.00231082
-26.5705 87.9799 -5.6644 0.370988 -0.928572 -0.0107889
-27.5169 87.5957 -4.60397 0.373199 -0.927751 0.000750763
-28.4371 87.2024 -3.66721 0.403562 -0.914948 -0.00274491
-29.3307 86.8044 -2.71757 0.412835 -0.910799 0.00314473
-30.3056 86.3531 -1.7351 0.423512 -0.905891 -0.000149552
-31.1638 85.9471 -0.904113 0.428009 -0.903767 -0.00382602
-32.0064 85.5394 -0.0302504 0.439234 -0.898369 -0.00264508
-32.9627 85.0541 0.994305 0.449145 -0.893368 -0.0127601
-33.8672 84.5872 1.98463 0.451837 -0.892087 -0.00489101
-34.8129 84.0965 2.95964 0.459665 -0.888086 -0.00316659
-35.795 83.5775 3.84095 0.468128 -0.883637 -0.00639802
-36.7798 83.0411 4.67361 0.47589 -0.879457 -0.00912272
-37.6214 82.5739 5.47941 0.481234 -0.876575 -0.00537655
-38.4276 82.1267 6.32875 0.483727 -0.875216 -0.00219651
-38.4306 82.125 6.33224 0.483607 -0.875283 -0.00226497
-38.5373 82.0705 5.24055 0.485019 -0.874484 -0.00578826
-37.6455 82.5697 4.3057 0.481417 -0.876461 -0.00728069
-36.7273 83.0787 3.47238 0.476982 -0.878905 -0.00374086
-35.725 83.6194 2.62115 0.465845 -0.884865 -0.00137403
-34.78 84.1176 1.70519 0.46191 -0.88691 -0.00536176
-33.9961 84.5326 0.826268 0.456761 -0.889554 -0.0079172
-33.0677 85.015 -0.168079 0.452408 -0.891771 -0.00840959
-32.2288 85.4347 -1.04881 0.442512 -0.896727 -0.00789123
-31.2794 85.8963 -2.01131 0.431695 -0.902012 -0.00356055
-30.3791 86.3214 -2.89444 0.422916 -0.906163 -0.00332837
-29.5669 86.6984 -3.73286 0.414204 -0.910176 -0.00379757
-28.6553 87.109 -4.71266 0.399352 -0.916795 -0.00160076
-27.7983 87.4826 -5.64304 0.386678 -0.922198 0.000160273
-27.0005 87.8168 -6.52734 0.375993 -0.926589 -0.00788
-26.1611 88.1471 -7.42913 0.356471 -0.934304 0.00203348
-25.259 88.4884 -8.33468 0.3516 -0.936141 -0.00397138
-24.3943 88.8102 -9.23745 0.328648 -0.944415 -3.95305e-05
-23.425 89.1415 -10.2146 0.316721 -0.948513 -0.00309924
-23.0603 89.2631 -10.5633 0.300403 -0.9538 -0.0015114
-23.9438 88.9669 -10.9725 0.326343 -0.94521 -0.00236703
-24.8014 88.663 -10.1149 0.338141 -0.941092 -0.00228945
-25.6375 88.3526 -9.21591 0.350863 -0.93638 -0.00856356
-26.7196 87.9346 -8.15368 0.360843 -0.932618 -0.00300242
-27.5611 87.5873 -7.24876 0.391705 -0.920065 -0.00675072
-28.5142 87.179 -6.16256 0.391697 -0.920092 -0.00194217
-29.3107 86.8242 -5.30707 0.40721 -0.913326 -0.00397163
-30.1642 86.4282 -4.39332 0.416455 -0.909147 -0.0038991
-30.976 86.0455 -3.55349 0.423247 -0.905998 -0.00528771
-31.9765 85.5655 -2.54696 0.433317 -0.901225 -0.00526316
-32.8484 85.1324 -1.67049 0.44694 -0.894541 -0.00644008
-33.6819 84.7065 -0.806566 0.45506 -0.89045 -0.0041944
-34.5641 84.244 0.157146 0.464467 -0.885574 -0.00489102
-35.368 83.8153 1.05307 0.466046 -0.884732 -0.00558325
-36.2319 83.3515 1.89458 0.47057 -0.88236 -0.000643024
-37.1549 82.8516 2.70078 0.477498 -0.878606 -0.00692516
-38.1883 82.2762 3.6508 0.484707 -0.874639 -0.00750293
-38.5432 82.0742 4.03234 0.48749 -0.873103 -0.0062825
-38.6515 82.0242 2.91584 0.489753 -0.871851 -0.00422326
-37.5612 82.6345 1.92382 0.483563 -0.87531 0.000131102
-36.4868 83.2187 0.944062 0.472372 -0.881387 -0.00424048
-35.647 83.6716 0.0826759 0.470487 -0.882397 -0.00401271
-34.7411 84.1571 -0.93307 0.467398 -0.884032 -0.00521462
-33.8177 84.6418 -1.9244 0.458019 -0.888936 -0.00349514
-33.0018 85.0596 -2.78588 0.448302 -0.893868 -0.00314239
-32.1161 85.4986 -3.63887 0.438373 -0.898791 -0.000665178
-31.2463 85.9208 -4.52776 0.431245 -0.902233 -0.00123375
-30.3368 86.3583 -5.51376 0.422823 -0.90619 -0.00588198
-29.5043 86.7411 -6.38568 0.407363 -0.913266 -0.00104703
-28.7126 87.0897 -7.25947 0.401623 -0.915804 -0.00161192
-27.9379 87.4299 -8.16667 0.39778 -0.91748 -0.000674536
-27.109 87.778 -9.08095 0.382366 -0.924011 -0.000645663
-26.2182 88.1377 -9.92005 0.359508 -0.933134 -0.00228904
-25.3382 88.4676 -10.8557 0.350882 -0.936401 0.00575628
-25.0617 88.5693 -11.1373 0.337848 -0.941158 -0.00426378
-26.2284 88.1343 -11.2277 0.358128 -0.933642 -0.00481033
-27.1538 87.7596 -10.3071 0.377897 -0.925792 -0.00506505
-28.0542 87.3806 -9.34241 0.393597 -0.91928 -0.00155764
-28.8565 87.0288 -8.43915 0.403469 -0.91499 -0.00158473
-29.7404 86.6347 -7.43967 0.40962 -0.912253 0.00249578
-30.6137 86.2326 -6.48738 0.422657 -0.906277 6.97869e-05
-31.4516 85.8303 -5.62199 0.432961 -0.901371 -0.00868371
-32.3858 85.3692 -4.59861 0.443176 -0.896433 -0.00147651
-33.2716 84.9233 -3.72984 0.451577 -0.892221 -0.00425434
-34.089 84.5041 -2.9118 0.460495 -0.887662 -0.000512985
-34.8956 84.0802 -2.05033 0.465499 -0.885046 -0.00206064
-35.6766 83.6621 -1.15653 0.472448 -0.881334 -0.00613092
-36.6084 83.1577 -0.152798 0.474013 -0.880514 -0.00241427
-37.4286 82.7086 0.667892 0.479836 -0.877358 -0.000588144
-38.3155 82.2182 1.4522 0.487299 -0.873231 -0.00256929
-38.544 82.0898 1.67139 0.488612 -0.872493 -0.00339926
-38.4716 82.1336 0.420664 0.486814 -0.8735 -0.00325717
-37.4995 82.6738 -0.488432 0.48045 -0.877014 -0.00346798
-36.6581 83.134 -1.38559 0.476888 -0.878937 -0.00656346
-35.8245 83.5909 -2.35341 0.471138 -0.882031 -0.00631727
-34.8859 84.0886 -3.31365 0.464789 -0.885419 -0.00199936
-33.9489 84.5806 -4.28226 0.459119 -0.888358 -0.00513733
-33.0901 85.0232 -5.11813 0.442184 -0.896902 -0.0061568
-32.3048 85.4178 -5.99603 0.441825 -0.897075 -0.00685514
-31.4271 85.8473 -6.96552 0.431148 -0.902281 -0.000702143
-30.572 86.2533 -7.81991 0.426972 -0.904265 -0.000237868
-29.7716 86.6233 -8.71383 0.40708 -0.913353 -0.00848036
-28.9247 87.0051 -9.69318 0.40447 -0.914542 -0.00396215
-27.8685 87.4609 -10.8273 0.390816 -0.920463 -0.00340548
-27.3021 87.7045 -11.4248 0.390312 -0.920669 -0.00493806
-28.3157 87.2749 -11.6532 0.398763 -0.916966 -0.012678
-29.2044 86.8822 -10.741 0.402326 -0.915495 0.00177274
-30.0127 86.5184 -9.76796 0.421637 -0.906764 -0.00113482
-30.798 86.1496 -8.87318 0.425342 -0.905028 -0.00252775
-31.7549 85.6903 -7.88282 0.434637 -0.900602 0.00242496
-32.5605 85.2971 -7.02473 0.443492 -0.896275 -0.00259046
-33.3735 84.8864 -6.09484 0.452692 -0.891654 -0.00473008
-34.2514 84.4321 -5.22474 0.457649 -0.889083 -0.00941417
-35.182 83.9378 -4.22546 0.464833 -0.885377 -0.00604312
-35.9991 83.5024 -3.42438 0.466532 -0.8845 -0.0028732
-36.7759 83.0797 -2.54664 0.477055 -0.878851 -0.00591145
-37.63 82.607 -1.60753 0.480728 -0.876861 -0.00272946
-38.0694 82.3629 -1.12244 0.484131 -0.874986 -0.0039398
-37.9764 82.4203 -2.49428 0.484431 -0.874807 -0.00619471
-37.1983 82.8552 -3.37141 0.479364 -0.877595 -0.00590491
-36.3766 83.3056 -4.24863 0.47428 -0.880367 -0.0031846
-35.3944 83.8332 -5.23765 0.466881 -0.884289 -0.00674173
-34.397 84.3656 -6.30457 0.461741 -0.886994 -0.00610278
-33.5557 84.7999 -7.21725 0.45207 -0.891973 -0.004063
-32.6335 85.2614 -8.20362 0.441173 -0.897422 0.000152648
-31.7286 85.707 -9.16788 0.433326 -0.901215 -0.00625516
-30.9511 86.079 -10.0303 0.424792 -0.905291 -0.000687138
-30.1662 86.445 -10.9794 0.418553 -0.908192 -0.000190207
-29.4763 86.767 -11.7772 0.407209 -0.913291 -0.00891541
-30.6563 86.223 -11.7375 0.420714 -0.907128 -0.0108954
-31.4908 85.8252 -10.7517 0.429015 -0.903294 -0.00133511
-32.3226 85.4248 -9.80235 0.43574 -0.900054 -0.00486798
-33.1405 85.013 -8.93196 0.443292 -0.896364 -0.00387112
-33.9479 84.603 -8.05968 0.453167 -0.891424 -0.00200041
-34.7992 84.1602 -7.15088 0.46204 -0.886855 -0.00283306
-35.6524 83.7033 -6.21011 0.472027 -0.881552 -0.00751026
-36.4481 83.2709 -5.38533 0.471538 -0.88183 -0.0046842
-37.2709 82.8223 -4.56142 0.47806 -0.878323 -0.00279565
-37.5536 82.6644 -4.23806 0.48364 -0.875247 -0.00597213
-37.0499 82.9505 -5.99382 0.478022 -0.878325 -0.00602627
-36.0961 83.4706 -7.00738 0.474267 -0.880374 -0.00359621
-35.0695 84.0231 -8.15096 0.464811 -0.885383 -0.0056064
-34.1964 84.4789 -9.04967 0.454142 -0.890924 -0.00308483
-33.3877 84.8972 -9.92272 0.450029 -0.892973 -0.00657164
-32.5513 85.3148 -10.8615 0.442066 -0.896977 -0.00283073
-32.0108 85.58 -11.5308 0.429442 -0.90307 -0.00657121
-33.697 84.7465 -10.8663 0.452135 -0.891935 -0.00493587
-34.5547 84.299 -9.88713 0.459047 -0.888374 -0.00817235
-35.6511 83.7194 -8.77981 0.468127 -0.883627 -0.00749961
-35.9677 83.548 -8.43635 0.47118 -0.882012 -0.00670053
6.83505 86.049 15.5935 -0.426291 -0.904569 0.00473842
7.78909 85.5927 15.5031 -0.433444 -0.901164 0.00507101
8.66037 85.1678 15.1515 -0.441721 -0.897146 0.00333623
9.5006 84.7498 14.4147 -0.447661 -0.894198 0.00252449
10.1186 84.4404 13.6078 -0.449365 -0.893344 0.000426098
10.6426 84.1746 12.5783 -0.451871 -0.892083 -0.000145091
11.1131 83.9331 11.5182 -0.45441 -0.890791 0.00104769
11.53 83.7172 10.5132 -0.4563 -0.889821 0.00285191
11.9352 83.5042 9.37155 -0.460848 -0.88747 0.00411659
12.269 83.3231 8.2165 -0.464295 -0.885649 0.0074424
12.4935 83.1982 7.1963 -0.46629 -0.884603 0.00718831
12.7604 83.0485 6.07481 -0.466727 -0.884373 0.00711434
12.9353 82.9468 5.04116 -0.470794 -0.882209 0.00773307
13.0791 82.8579 3.73091 -0.472646 -0.881206 0.00898751
13.1039 82.834 2.67367 -0.473419 -0.880796 0.00850591
13.1026 82.8253 1.60506 -0.473449 -0.880796 0.00673022
13.128 82.7998 0.390351 -0.475612 -0.879607 0.0091505
13.0629 82.8234 -0.646813 -0.476101 -0.879323 0.0106778
12.9758 82.8563 -1.82338 -0.475771 -0.87951 0.0101924
12.8968 82.8841 -3.02147 -0.477122 -0.878784 0.00965636
12.7412 82.9565 -4.29289 -0.475079 -0.879906 0.00806761
12.6029 83.0209 -5.46234 -0.475285 -0.879794 0.00818267
12.3628 83.1391 -6.52284 -0.475412 -0.879705 0.0101075
12.0565 83.2902 -7.61951 -0.475439 -0.879673 0.0115296
11.7326 83.4521 -8.67197 -0.474679 -0.8801 0.0101717
11.3708 83.6344 -9.64947 -0.470498 -0.882317 0.0121365
10.9439 83.8487 -10.7547 -0.467667 -0.883853 0.00950878
10.3794 84.1347 -11.86 -0.464671 -0.885421 0.0104295
9.83829 84.4072 -12.7966 -0.462192 -0.886734 0.00903824
9.27646 84.6906 -13.6664 -0.45907 -0.888377 0.00628238
8.67814 84.9955 -14.4511 -0.4602 -0.887795 0.0060006
8.05151 85.3127 -15.2023 -0.456867 -0.889519 0.00530963
7.29245 85.6946 -15.7761 -0.450132 -0.892958 0.00259382
6.35648 86.1615 -16.2124 -0.442789 -0.896623 -0.00219917
5.42818 86.6123 -16.4362 -0.428764 -0.903398 -0.00572192
4.29382 87.147 -16.3759 -0.416282 -0.909167 -0.0102552
3.35885 87.5653 -16.137 -0.407654 -0.913051 -0.011982
2.16091 88.0765 -15.7568 -0.386658 -0.922095 -0.015166
1.13138 88.49 -15.3394 -0.373336 -0.927469 -0.0205236
0.213368 88.8474 -15.0369 -0.366319 -0.929976 -0.0305211
-0.844834 89.2305 -14.6285 -0.346976 -0.937295 -0.0322032
-1.75669 89.531 -14.0982 -0.326099 -0.944901 -0.0286493
-2.62224 89.8019 -13.5201 -0.295226 -0.955055 -0.0263294
-3.49174 90.0486 -12.9796 -0.260904 -0.964601 -0.0381878
-4.38787 90.2701 -12.4758 -0.258817 -0.965415 -0.0311522
-5.27296 90.463 -12.0044 -0.224461 -0.973773 -0.0368718
-6.18075 90.6368 -11.5663 -0.189432 -0.980927 -0.0435615
-7.40663 90.8323 -11.037 -0.150095 -0.987881 -0.0392006
-8.71955 91.0003 -10.626 -0.113852 -0.993264 -0.0193753
-9.87218 91.1102 -10.3608 -0.0778818 -0.996636 -0.025332
-10.9914 91.1746 -10.14 -0.0313383 -0.999293 -0.0206835
-12.2814 91.1754 -9.89796 0.025032 -0.99932 -0.0253924
-13.3628 91.1368 -9.76319 0.050105 -0.998674 -0.00918249
-14.4105 91.0722 -9.70888 0.085468 -0.996185 -0.0141748
-15.5465 90.9539 -9.72522 0.130802 -0.991362 -0.00937114
-16.6274 90.8048 -9.77205 0.147354 -0.989049 -0.0058704
-17.7887 90.6133 -9.8478 0.188891 -0.981814 -0.0190185
-18.918 90.3867 -10.0472 0.218729 -0.975661 -0.0154116
-20.0665 90.1147 -10.3286 0.249866 -0.968275 -0.00139466
-21.1876 89.8182 -10.6304 0.267846 -0.963408 -0.0102055
-22.1998 89.5295 -10.9586 0.28874 -0.957385 -0.00420712
-23.1851 89.2203 -11.2806 0.313015 -0.949743 0.00253343
-24.4163 88.8033 -11.5676 0.333568 -0.942683 -0.00905084
-25.4441 88.4324 -11.7524 0.348911 -0.937115 -0.00873024
-26.4128 88.0653 -11.9131 0.360744 -0.932592 -0.0116839
-27.8007 87.5015 -12.1228 0.392127 -0.919839 -0.0112688
-28.8025 87.0719 -12.2674 0.40246 -0.915361 -0.0107035
-29.8224 86.617 -12.3641 0.411324 -0.91144 -0.00913658
-30.8407 86.1438 -12.3201 0.424012 -0.905614 -0.0083261
-31.7619 85.7038 -12.2034 0.429935 -0.9028 -0.0102906
-32.7331 85.2311 -11.9495 0.439505 -0.898212 -0.00684434
-33.6553 84.7708 -11.4468 0.451835 -0.892089 -0.00469673
-34.514 84.3307 -10.8852 0.454688 -0.89061 -0.00834079
-35.2688 83.9313 -10.1798 0.460704 -0.887512 -0.00847666
-35.898 83.5943 -9.45099 0.471434 -0.881857 -0.00888174
-36.444 83.2943 -8.57433 0.472989 -0.881032 -0.00802216
-36.9127 83.0321 -7.50412 0.475612 -0.879638 -0.00541385
-37.4032 82.7602 -6.33835 0.479695 -0.877418 -0.00534411
-37.7565 82.56 -5.39956 0.480367 -0.87705 -0.0055549
-38.0423 82.3952 -4.36652 0.484835 -0.874581 -0.00644721
-38.2437 82.2777 -3.37332 0.484757 -0.874633 -0.00521609
-38.5163 82.1196 -2.14803 0.487397 -0.873174 -0.00335118
-38.6858 82.0205 -1.0097 0.486429 -0.87371 -0.00389249
-38.8422 81.9287 0.00454055 0.488472 -0.87257 -0.00411623
-38.979 81.848 1.07449 0.489074 -0.872238 -0.00269556
-39.0497 81.8039 2.15498 0.489796 -0.871829 -0.00373551
-39.1196 81.7595 3.19913 0.489435 -0.872018 -0.00590872
-39.159 81.7301 4.27711 0.486329 -0.873768 -0.00367548
-39.0449 81.7884 5.3604 0.485157 -0.874414 -0.00465761
-38.8429 81.897 6.40828 0.483634 -0.875267 -0.00242308
-38.6636 81.9939 7.48825 0.483096 -0.875566 -0.00166223
-38.3999 82.1332 8.67482 0.480021 -0.87725 -0.00355358
-38.0171 82.3372 9.78438 0.476603 -0.87911 -0.00378981
-37.6478 82.535 10.8236 0.473076 -0.881017 -0.0029046
-37.294 82.722 11.9079 0.471682 -0.881759 -0.00338662
-36.8463 82.9558 12.8348 0.469655 -0.88284 -0.00426638
-36.3382 83.2188 13.6966 0.465457 -0.885064 -0.0034139
-35.7829 83.506 14.5097 0.457948 -0.888965 -0.00483443
-35.1053 83.8509 15.2768 0.454294 -0.890834 -0.00557847
-34.2812 84.2661 15.9494 0.451413 -0.892311 -0.00256741
-33.4758 84.6668 16.5793 0.444121 -0.895962 -0.00313934
-32.5764 85.11 17.1443 0.442695 -0.896666 -0.00337134
-31.7117 85.5306 17.5033 0.437858 -0.899037 -0.00343542
-30.7961 85.9661 17.6862 0.42606 -0.904676 -0.00581991
-29.8032 86.4235 17.7397 0.412482 -0.910964 -0.000551526
-28.8204 86.8611 17.6678 0.402603 -0.915374 -0.000876993
-27.7734 87.3122 17.5555 0.390249 -0.920707 -0.0018546
-26.8166 87.7077 17.3482 0.3715 -0.928422 0.00427035
-25.6484 88.166 16.9691 0.359742 -0.933011 0.00857785
-24.7038 88.5174 16.6388 0.340647 -0.94014 0.00922576
-23.6805 88.878 16.2035 0.330616 -0.943708 0.00996665
-22.5341 89.2604 15.6139 0.319019 -0.947745 0.00269888
-21.5854 89.5496 15.2062 0.285691 -0.958266 0.00868639
-20.6511 89.8151 14.8194 0.254186 -0.967099 0.00761485
-19.5535 90.0945 14.4495 0.239793 -0.970801 0.00592993
-18.5774 90.3116 14.1399 0.208622 -0.977948 0.0092253
-17.5604 90.5042 13.851 0.173114 -0.984843 0.0106057
-16.5544 90.6582 13.6935 0.13741 -0.990416 0.0139831
-15.2376 90.8248 13.5055 0.120743 -0.992612 0.0119422
-14.1896 90.9237 13.4299 0.0733881 -0.996997 0.0245247
-13.0979 90.9867 13.3707 0.0397941 -0.998892 0.0182222
-12.0567 90.9971 13.3225 -0.00733081 -0.999737 0.0203576
-10.8727 90.9799 13.3177 -0.0155196 -0.999795 0.0124805
-9.73931 90.9294 13.2633 -0.0497476 -0.99868 0.0123248
-8.59367 90.8478 13.2315 -0.0991258 -0.99496 0.0151425
-7.35007 90.7006 13.1732 -0.140278 -0.990058 0.0103887
-6.1571 90.5051 13.1473 -0.173478 -0.984749 0.0132497
-5.15298 90.3054 13.2054 -0.214343 -0.976501 0.0206865
-4.09279 90.0691 13.3092 -0.235755 -0.971518 0.0239145
-3.02381 89.8108 13.3927 -0.253104 -0.967262 0.0116897
-1.83435 89.4704 13.5527 -0.296695 -0.954928 0.00918142
-0.857351 89.1645 13.8283 -0.311345 -0.950211 0.0123219
0.465024 88.7196 14.1677 -0.341271 -0.93986 0.011629
1.3759 88.3822 14.4779 -0.359215 -0.933152 0.0129654
2.46577 87.9621 14.933 -0.368366 -0.929501 0.0180944
3.3976 87.5848 15.2609 -0.388727 -0.921223 0.013938
4.32559 87.1865 15.4429 -0.398409 -0.917139 0.0111293
5.43315 86.6959 15.6648 -0.411458 -0.911394 0.00796117
6.34 86.2795 15.6577 -0.421496 -0.90682 0.00417592
6.41438 86.2514 16.6712 -0.423467 -0.905892 0.00601522
7.35547 85.807 16.5573 -0.431984 -0.901849 0.0076068
8.44871 85.2777 16.3447 -0.437781 -0.899067 0.00511584
9.34314 84.8348 15.8708 -0.442887 -0.896557 0.00600547
10.1974 84.4037 15.0683 -0.447569 -0.894234 0.00523322
10.7957 84.0984 14.2502 -0.45199 -0.89202 0.00207635
11.2615 83.8607 13.3603 -0.454885 -0.890549 0.000923971
11.6758 83.6466 12.4158 -0.456774 -0.889582 0.00119878
12.1101 83.4212 11.476 -0.457977 -0.888962 0.00174293
12.4556 83.2399 10.4594 -0.459181 -0.888325 0.00567802
12.8255 83.0421 9.4737 -0.462074 -0.886794 0.00853592
13.1296 82.8731 8.41795 -0.465699 -0.884911 0.00752588
13.426 82.7046 7.06079 -0.468866 -0.883238 0.00742584
13.6426 82.5797 6.01072 -0.469857 -0.882702 0.00843689
13.8092 82.4782 4.84756 -0.472843 -0.881093 0.0097311
13.9218 82.4042 3.68455 -0.473565 -0.880704 0.00986759
13.9652 82.3681 2.49981 -0.476221 -0.879262 0.0105407
13.9815 82.3462 1.32953 -0.477654 -0.878489 0.0101144
13.9824 82.3337 0.231081 -0.480016 -0.877188 0.0111111
13.9031 82.3613 -0.99487 -0.479896 -0.877255 0.0110339
13.831 82.3837 -2.28763 -0.478895 -0.877813 0.0100876
13.707 82.4406 -3.33513 -0.478422 -0.878093 0.00803162
13.5778 82.5013 -4.47137 -0.47852 -0.878045 0.00746491
13.4305 82.5706 -5.6212 -0.477218 -0.878726 0.0101725
13.2527 82.6549 -6.62869 -0.477144 -0.878757 0.0109433
12.979 82.7908 -7.59983 -0.476641 -0.879025 0.0113637
12.6205 82.9726 -8.71837 -0.476009 -0.879381 0.0101871
12.2051 83.1836 -9.88333 -0.47535 -0.879745 0.00958407
11.8602 83.3587 -10.8949 -0.472309 -0.881379 0.00973969
11.4063 83.5924 -11.8274 -0.47218 -0.881464 0.0081744
10.822 83.8911 -12.8552 -0.465808 -0.884843 0.00873268
10.084 84.2665 -14.0625 -0.463504 -0.886068 0.00690393
9.50607 84.5619 -14.8794 -0.462224 -0.886746 0.0055228
8.77057 84.9386 -15.801 -0.458641 -0.8886 0.00618495
7.90037 85.3853 -16.5451 -0.458031 -0.888935 0.00101415
6.86099 85.9149 -17.0854 -0.44549 -0.895277 -0.00238615
5.86726 86.4151 -17.3616 -0.438196 -0.898743 -0.0154472
4.79511 86.9287 -17.4259 -0.428039 -0.903583 -0.0179155
3.84562 87.3661 -17.2771 -0.412596 -0.910678 -0.0207329
2.90838 87.7822 -17.0114 -0.400526 -0.915995 -0.0228308
1.86564 88.2245 -16.6956 -0.39418 -0.918714 -0.0242232
0.867201 88.6233 -16.2839 -0.376912 -0.925711 -0.0315613
-0.148166 89.0139 -15.9329 -0.357284 -0.933495 -0.0303865
-1.26204 89.4113 -15.4892 -0.333675 -0.942049 -0.0346501
-2.19995 89.7166 -14.9439 -0.326508 -0.944365 -0.0394833
-3.05731 89.9686 -14.3695 -0.293773 -0.95447 -0.0517616
-3.991 90.2232 -13.7687 -0.26915 -0.962008 -0.0458125
-5.01883 90.467 -13.2169 -0.226631 -0.972388 -0.0556744
-5.98342 90.6576 -12.7249 -0.195971 -0.979232 -0.0509358
-6.8994 90.8072 -12.2576 -0.1731 -0.983837 -0.0429383
-7.83796 90.9372 -11.8746 -0.153252 -0.987076 -0.0468343
-8.94313 91.0634 -11.5359 -0.119533 -0.991946 -0.04178
-10.049 91.1475 -11.2883 -0.0700055 -0.997033 -0.0315477
-11.2418 91.2037 -11.0769 -0.0357034 -0.999078 -0.0230481
-12.2486 91.1983 -10.8851 0.0208974 -0.999514 -0.0201273
-13.4521 91.151 -10.7335 0.0504924 -0.998417 -0.0220074
-14.6731 91.0604 -10.6752 0.0930973 -0.995206 -0.0299592
-15.8239 90.9312 -10.7059 0.125981 -0.991767 -0.0229325
-17.0004 90.7627 -10.7331 0.151051 -0.988332 -0.0195669
-18.127 90.5659 -10.8723 0.1861 -0.982435 -0.0136695
-19.2783 90.3207 -11.1264 0.22769 -0.97367 -0.0111352
-20.2696 90.0772 -11.3847 0.260011 -0.965549 -0.010471
-21.5804 89.7175 -11.7542 0.27947 -0.960104 -0.00775535
-22.5875 89.4176 -12.1129 0.298366 -0.954445 -0.00170937
-23.5607 89.1055 -12.3588 0.3197 -0.947487 -0.00573566
-24.7641 88.6938 -12.6068 0.337576 -0.941227 -0.00856519
-25.7298 88.3406 -12.7853 0.351865 -0.935924 -0.0139187
-26.6643 87.9812 -12.9665 0.37059 -0.928675 -0.0133445
-27.7268 87.5456 -13.096 0.387504 -0.921778 -0.0121188
-28.867 87.0574 -13.2556 0.398014 -0.91728 -0.013476
-30.0158 86.5429 -13.3559 0.418051 -0.908289 -0.0150189
-30.9722 86.0949 -13.2844 0.42616 -0.904462 -0.0181287
-31.9417 85.6329 -13.1818 0.434601 -0.900501 -0.0147203
-33.0224 85.1006 -12.8734 0.438816 -0.898497 -0.0119282
-33.9401 84.6373 -12.3697 0.450092 -0.892913 -0.0110928
-34.8677 84.1599 -11.7889 0.457867 -0.888952 -0.0105663
-35.6487 83.744 -11.1167 0.462394 -0.886624 -0.00942542
-36.4058 83.3316 -10.279 0.471099 -0.882019 -0.0104191
-37.0312 82.9856 -9.37821 0.476982 -0.878849 -0.0105189
-37.4773 82.7329 -8.47684 0.478741 -0.877922 -0.00766428
-37.9335 82.4756 -7.3718 0.47874 -0.877937 -0.00587339
-38.3675 82.2298 -6.30559 0.48534 -0.874298 -0.00690847
-38.7522 82.0054 -5.11037 0.487046 -0.873346 -0.00728678
-38.9522 81.8869 -4.08707 0.487413 -0.873152 -0.00591389
-39.2029 81.7402 -3.01285 0.487666 -0.873019 -0.00442344
-39.409 81.6201 -1.95308 0.487979 -0.872844 -0.00433344
-39.5444 81.5383 -0.890013 0.49066 -0.871335 -0.00522676
-39.7272 81.4299 0.18661 0.491594 -0.870817 -0.00352072
-39.8622 81.3487 1.34949 0.493269 -0.869869 -0.00366607
-39.912 81.3161 2.38864 0.49271 -0.870185 -0.00397231
-40.0099 81.2564 3.40527 0.491797 -0.870705 -0.00301359
-39.9855 81.266 4.73455 0.488602 -0.8725 -0.00360067
-39.7723 81.3813 6.0382 0.487996 -0.872843 -0.0022502
-39.579 81.487 7.13503 0.486701 -0.873566 -0.00206759
-39.405 81.5814 8.2524 0.485827 -0.874053 -0.00199255
-39.1006 81.7462 9.34872 0.480488 -0.876997 -0.00232509
-38.6531 81.9888 10.6406 0.478547 -0.878061 -0.000934211
-38.2628 82.1994 11.7744 0.475736 -0.879584 -0.00243805
-37.8257 82.4317 12.8748 0.472974 -0.881066 -0.00421403
-37.2507 82.7364 13.8945 0.470447 -0.882426 -0.00181182
-36.6828 83.0339 14.794 0.465243 -0.885178 -0.00306573
-36.0432 83.3647 15.6459 0.460185 -0.887813 -0.00418019
-35.0713 83.8627 16.5307 0.454877 -0.890543 -0.00435148
-34.1638 84.3198 17.2654 0.451689 -0.892169 -0.00312123
-33.3413 84.7307 17.8012 0.444595 -0.895731 -0.000740095
-32.4766 85.1562 18.2653 0.439852 -0.898069 -0.00137832
-31.3284 85.7152 18.5732 0.435941 -0.899974 0.000597624
-30.1921 86.2493 18.7146 0.416406 -0.909169 0.00257489
-29.0579 86.7596 18.7014 0.404212 -0.914652 0.0043942
-27.8909 87.2682 18.5749 0.390719 -0.920458 0.00974848
-26.8394 87.7096 18.3743 0.381943 -0.923948 0.0198393
-25.9105 88.0764 18.1073 0.371277 -0.928218 0.0237431
-24.9083 88.4541 17.7109 0.352557 -0.935391 0.0273371
-23.9906 88.788 17.4046 0.339229 -0.940464 0.0209511
-23.0035 89.1176 16.9178 0.324883 -0.945622 0.0155006
-21.8014 89.4988 16.3513 0.299553 -0.953935 0.0165924
-20.8424 89.7729 15.9293 0.267559 -0.963337 0.0198436
-19.6339 90.0884 15.4926 0.243521 -0.969756 0.0164239
-18.6179 90.3137 15.1584 0.202751 -0.978807 0.0287515
-17.5605 90.5193 14.8854 0.166599 -0.985826 0.0193725
-16.4715 90.6923 14.6258 0.146684 -0.988884 0.0216441
-15.4642 90.8199 14.5031 0.124575 -0.991898 0.0247693
-14.2434 90.9382 14.4203 0.0784792 -0.996806 0.0147671
-12.9364 91.0029 14.3421 0.0279388 -0.999568 0.00913064
-11.6895 91.0143 14.2984 -0.0145012 -0.999504 0.0279361
-10.6342 90.9958 14.2706 -0.0365112 -0.998838 0.0285816
-9.41837 90.9284 14.2167 -0.0596638 -0.998036 0.0184551
-8.07673 90.8164 14.1935 -0.0886035 -0.995415 0.0355008
-7.0517 90.6748 14.1269 -0.142952 -0.989063 0.036308
-6.00395 90.4967 14.1164 -0.176193 -0.984008 0.0249407
-4.99049 90.2975 14.1725 -0.205961 -0.97835 0.0191799
-3.99119 90.0691 14.2812 -0.235047 -0.971612 0.0268858
-2.93258 89.8015 14.3772 -0.262949 -0.964539 0.0224059
-1.69398 89.4433 14.5689 -0.297167 -0.954639 0.0187602
-0.72691 89.1402 14.8317 -0.316276 -0.948452 0.019879
0.425359 88.7511 15.1851 -0.343379 -0.938989 0.0171414
1.35627 88.4075 15.4929 -0.358328 -0.933263 0.0234061
2.41287 88.0015 15.96 -0.370653 -0.928574 0.0190507
3.32893 87.6294 16.2484 -0.385116 -0.922728 0.0155746
4.3627 87.1826 16.4692 -0.405911 -0.91384 0.0115191
5.50017 86.6729 16.6764 -0.416412 -0.909112 0.0108324
6.15878 86.371 16.6925 -0.422809 -0.906202 0.00547164
6.12268 86.3995 17.7089 -0.42802 -0.903677 0.0129342
4.93732 86.9435 17.6272 -0.409459 -0.912151 0.0175671
3.98233 87.3644 17.4121 -0.405647 -0.913925 0.0137925
2.98014 87.7937 17.1624 -0.383711 -0.923238 0.0199051
1.88924 88.2355 16.7669 -0.375794 -0.926345 0.025389
0.781657 88.6509 16.3074 -0.356722 -0.933354 0.0399887
-0.232695 89.0007 15.9404 -0.326403 -0.944593 0.0347279
-1.19758 89.3155 15.6931 -0.3074 -0.951049 0.0316681
-2.15362 89.6079 15.4451 -0.286053 -0.957611 0.03397
-3.32475 89.934 15.2919 -0.252525 -0.966924 0.0357341
-4.34066 90.1893 15.2272 -0.241032 -0.969682 0.0402195
-5.42784 90.4237 15.1443 -0.190954 -0.980181 0.0527202
-6.42638 90.6048 15.1347 -0.170992 -0.984599 0.0363807
-7.5218 90.7832 15.1436 -0.131601 -0.990226 0.0440746
-8.63588 90.8943 15.1929 -0.0860245 -0.995859 0.0292661
-9.6502 90.9812 15.1737 -0.0470784 -0.997068 0.0603218
-10.6999 91.0309 15.2368 -0.0307349 -0.998127 0.0523899
-11.7365 91.0552 15.245 -0.0202965 -0.998391 0.0528988
-12.9062 91.0459 15.2855 0.035443 -0.997907 0.0536375
-14.0664 90.991 15.3594 0.075404 -0.995845 0.050879
-15.2827 90.8796 15.4608 0.123087 -0.991133 0.0497487
-16.4443 90.7326 15.5974 0.152567 -0.987162 0.0437887
-17.6702 90.5305 15.9094 0.174899 -0.98395 0.0353796
-18.7009 90.3301 16.1924 0.219959 -0.974654 0.0397773
-19.83 90.0687 16.5737 0.239059 -0.970247 0.0383542
-20.8247 89.814 16.9717 0.282421 -0.958382 0.0414691
-21.7719 89.5318 17.3516 0.302362 -0.952581 0.0336033
-22.6771 89.2557 17.8095 0.330279 -0.943159 0.0369497
-23.7532 88.8963 18.3586 0.337921 -0.940516 0.0340833
-24.7527 88.541 18.7168 0.357802 -0.933423 0.0264158
-25.7468 88.167 19.0888 0.365623 -0.930405 0.0257541
-26.8453 87.7258 19.3999 0.388223 -0.921443 0.0150371
-27.7829 87.3301 19.5444 0.393346 -0.919179 0.0197213
-28.8126 86.88 19.7058 0.405698 -0.913936 0.0106843
-30.093 86.3004 19.7378 0.413642 -0.910414 0.00688062
-31.0342 85.8593 19.6251 0.437817 -0.899058 0.00307285
-31.9554 85.4124 19.3952 0.434941 -0.900454 0.00302374
-32.919 84.9415 19.1282 0.441246 -0.89736 0.00663427
-34.0306 84.3848 18.5352 0.449525 -0.893267 -0.000456464
-34.8634 83.9634 17.9677 0.457475 -0.88921 -0.00151662
-35.7623 83.5055 17.225 0.456826 -0.88955 -0.00326791
-36.4549 83.1485 16.5605 0.46051 -0.887652 -0.00213992
-37.1399 82.7925 15.7189 0.465032 -0.885289 0.000853435
-37.7943 82.4453 14.7104 0.470788 -0.882244 -0.00130551
-38.3532 82.1486 13.7626 0.469633 -0.882861 -0.000849174
-38.829 81.8922 12.6758 0.474309 -0.880356 0.000538839
-39.2124 81.6843 11.7463 0.479297 -0.877635 0.00526951
-39.5317 81.5081 10.7557 0.480683 -0.876893 -0.00170712
-39.9582 81.2746 9.55221 0.482471 -0.875908 0.00210495
-40.259 81.1047 8.35399 0.488326 -0.872659 -0.00200835
-40.4445 81.0035 7.19126 0.488023 -0.872828 -0.00200861
-40.6752 80.8768 6.02087 0.487951 -0.87287 -0.00158206
-40.8439 80.7831 4.80517 0.490678 -0.871341 -0.000212286
-40.8912 80.7577 3.50955 0.493103 -0.86997 -0.00134201
-40.8179 80.8022 2.47242 0.49384 -0.869546 -0.00344011
-40.7273 80.8584 1.25316 0.493846 -0.869543 -0.00349324
-40.6012 80.935 0.223976 0.493119 -0.869952 -0.00416641
-40.4343 81.0356 -0.83144 0.49266 -0.870199 -0.00628404
-40.2797 81.1294 -1.84828 0.491327 -0.870951 -0.00640636
-40.0514 81.2644 -2.98477 0.48963 -0.87192 -0.00433345
-39.8387 81.3899 -4.01995 0.489623 -0.871916 -0.00567568
-39.6013 81.5321 -5.19403 0.489027 -0.872231 -0.00816121
-39.2693 81.7291 -6.39822 0.487313 -0.873191 -0.00803347
-38.9022 81.9418 -7.35664 0.484982 -0.874481 -0.00868039
-38.4876 82.1807 -8.4267 0.480753 -0.876828 -0.00701611
-38.0113 82.4524 -9.44564 0.480348 -0.876996 -0.0117895
-37.4978 82.7459 -10.3407 0.475419 -0.879669 -0.0125136
-36.7515 83.1591 -11.2828 0.473276 -0.880846 -0.0109761
-36.0865 83.5226 -12.018 0.468959 -0.883148 -0.0112741
-35.2464 83.9742 -12.7011 0.464071 -0.885684 -0.0137606
-34.3341 84.4538 -13.2783 0.4471 -0.894324 -0.0168896
-33.3841 84.9416 -13.7805 0.445796 -0.894854 -0.0220693
-32.4329 85.4145 -14.0953 0.435406 -0.899925 -0.0235788
-31.2101 86.0043 -14.2697 0.424526 -0.905061 -0.025321
-30.0355 86.5514 -14.3327 0.418287 -0.908181 -0.0155725
-29.0888 86.9817 -14.293 0.407939 -0.912664 -0.0245556
-28.1392 87.3898 -14.1694 0.387946 -0.921504 -0.0181115
-27.124 87.8129 -14.0504 0.384494 -0.922862 -0.0221554
-26.1687 88.1946 -13.8465 0.368139 -0.929344 -0.0281483
-25.2147 88.5505 -13.6703 0.348179 -0.93714 -0.0232078
-24.1616 88.9244 -13.4627 0.329549 -0.943902 -0.0211336
-22.9723 89.3149 -13.1895 0.301671 -0.953013 -0.0275292
-22.0108 89.5993 -12.9033 0.280526 -0.959709 -0.0154343
-21.0648 89.8733 -12.5757 0.275418 -0.961225 -0.0137501
-20.0371 90.1547 -12.3196 0.26687 -0.963562 -0.0181269
-18.7652 90.4723 -11.9979 0.212463 -0.97667 -0.0272499
-17.7791 90.6597 -11.7593 0.187521 -0.981579 -0.0365639
-16.5297 90.864 -11.6942 0.140755 -0.989271 -0.0390123
-15.1589 91.0458 -11.6531 0.115424 -0.992099 -0.0481003
-14.0859 91.1356 -11.6888 0.0701251 -0.996879 -0.0362658
-12.6405 91.228 -11.8116 0.043605 -0.997864 -0.0484192
-11.573 91.2415 -11.995 -0.0309521 -0.999152 -0.0246851
-10.3231 91.215 -12.1788 -0.0455026 -0.997062 -0.0569859
-9.22147 91.1461 -12.4433 -0.096076 -0.993257 -0.0645668
-8.25196 91.0517 -12.7563 -0.121095 -0.989769 -0.0753463
-7.29276 90.9325 -13.096 -0.171246 -0.982251 -0.076147
-6.23529 90.7703 -13.6343 -0.188483 -0.978569 -0.0829225
-5.22098 90.5893 -14.1795 -0.240058 -0.966991 -0.0854474
-4.19399 90.3387 -14.8077 -0.279683 -0.957973 -0.063749
-3.28619 90.1011 -15.3964 -0.311984 -0.947944 -0.0632338
-2.33254 89.8108 -15.9681 -0.320847 -0.94583 -0.0496311
-1.27372 89.4617 -16.532 -0.347632 -0.936861 -0.0379856
-0.145789 89.0541 -16.9819 -0.364435 -0.930087 -0.0460149
0.827889 88.6784 -17.3295 -0.380399 -0.924118 -0.035834
1.71171 88.328 -17.7181 -0.391786 -0.919206 -0.0386059
2.82713 87.8499 -18.0303 -0.407192 -0.912792 -0.0317053
3.90652 87.3664 -18.3038 -0.4193 -0.907321 -0.030678
4.83632 86.9305 -18.3469 -0.425562 -0.90452 -0.0272102
5.82014 86.4562 -18.3477 -0.436613 -0.899422 -0.0202359
6.79999 85.9688 -18.1618 -0.453291 -0.89117 -0.0159755
7.84949 85.41 -17.7355 -0.466669 -0.884366 -0.0108042
8.66386 84.9896 -17.1773 -0.459173 -0.888345 0.0019869
9.43675 84.5914 -16.4377 -0.461231 -0.88728 -0.000252648
10.1763 84.2084 -15.5151 -0.463244 -0.886218 0.00486752
10.783 83.8957 -14.6689 -0.464016 -0.8858 0.00696238
11.3476 83.6041 -13.7989 -0.467178 -0.884135 0.00704978
11.8714 83.3354 -12.8008 -0.469936 -0.882665 0.00792092
12.3257 83.0994 -11.9228 -0.474021 -0.880488 0.00664578
12.7773 82.8635 -10.8916 -0.476873 -0.878921 0.0094913
13.1889 82.653 -9.76621 -0.476156 -0.879304 0.0100083
13.5255 82.482 -8.75337 -0.476742 -0.879002 0.00849471
13.8604 82.3111 -7.65245 -0.478346 -0.878124 0.00915166
14.1444 82.1718 -6.44046 -0.477973 -0.878299 0.0114924
14.3125 82.0955 -5.37945 -0.475383 -0.879721 0.00963287
14.4801 82.0112 -4.23918 -0.479409 -0.877581 0.00381931
14.6425 81.9315 -3.00106 -0.482579 -0.875808 0.00862818
14.732 81.896 -1.70791 -0.483147 -0.875464 0.0114258
14.8041 81.8708 -0.62592 -0.482747 -0.875672 0.0124316
14.8498 81.8608 0.461559 -0.481849 -0.87616 0.0128264
14.8288 81.8875 1.53442 -0.477757 -0.878403 0.0125262
14.8275 81.9046 2.71417 -0.474784 -0.880035 0.0108309
14.7596 81.9539 3.73152 -0.474417 -0.880232 0.0109365
14.6659 82.0173 4.80552 -0.474122 -0.880397 0.0103988
14.5402 82.0982 5.88399 -0.471404 -0.881841 0.0116268
14.3518 82.2108 6.91393 -0.470222 -0.882506 0.00856785
14.0959 82.3567 7.9735 -0.4692 -0.883052 0.00840761
13.798 82.5292 9.25227 -0.467686 -0.883819 0.011441
13.4513 82.7236 10.243 -0.460391 -0.887691 0.00656202
13.0697 82.9263 11.3643 -0.458236 -0.888821 0.00410919
12.699 83.1213 12.3384 -0.45661 -0.889657 0.00406236
12.2751 83.3418 13.2603 -0.454881 -0.890546 0.00306934
11.8477 83.5624 14.1828 -0.456169 -0.889889 0.00264078
11.2891 83.8518 15.2049 -0.454698 -0.890636 0.00389681
10.5963 84.2098 16.0595 -0.452739 -0.891614 0.0070455
9.85406 84.5905 16.7475 -0.445301 -0.895296 0.0123196
8.97567 85.027 17.1653 -0.43896 -0.898463 0.00868212
7.92428 85.5414 17.4387 -0.437684 -0.899094 0.00795213
6.99344 85.987 17.6138 -0.425981 -0.904688 0.00873244
6.49867 86.2208 17.6659 -0.428086 -0.903645 0.0129498
