6.75961 86.6072 -14.6427 -0.443697 -0.896167 0.00412943
7.68849 86.1492 -13.6944 -0.449451 -0.893288 0.00477455
8.51221 85.7359 -12.7565 -0.453546 -0.891203 0.00728136
8.99876 85.4914 -12.2221 -0.457131 -0.889372 0.00697227
10.4662 84.761 -9.30628 -0.465621 -0.884878 0.0136607
9.60871 85.1985 -10.2578 -0.461208 -0.887216 0.0115688
8.72543 85.6414 -11.2415 -0.454356 -0.890747 0.0113189
7.79964 86.1019 -12.286 -0.451493 -0.892243 0.00749645
6.9038 86.5402 -13.2655 -0.442036 -0.896987 0.00394233
5.80521 87.073 -14.3784 -0.436276 -0.899811 0.00155947
5.02544 87.4448 -15.2268 -0.427963 -0.903793 0.00213845
4.01523 87.9086 -15.0171 -0.410958 -0.911649 -0.00246247
4.85875 87.5208 -14.1102 -0.424395 -0.90547 -0.00348696
5.73028 87.1066 -13.2051 -0.430613 -0.902536 3.478e-05
6.76182 86.6174 -12.1491 -0.440888 -0.897542 0.00607401
7.70503 86.1606 -11.1128 -0.443612 -0.896202 0.00530271
8.56023 85.7401 -10.1364 -0.453172 -0.891323 0.0133277
9.52185 85.2569 -9.0825 -0.458367 -0.888718 0.00893677
10.4049 84.8101 -8.0334 -0.464183 -0.88566 0.0118721
11.182 84.4089 -7.0466 -0.471738 -0.881707 0.00672072
11.6866 84.1567 -5.23142 -0.467667 -0.88386 0.0087922
10.7297 84.6535 -6.27159 -0.466006 -0.884764 0.00546099
9.81986 85.1236 -7.3904 -0.461323 -0.887198 0.00784061
8.98211 85.5418 -8.38915 -0.453416 -0.891229 0.0111433
8.05238 86 -9.4281 -0.443198 -0.896388 0.00777414
6.97721 86.5217 -10.6353 -0.441784 -0.897107 0.00499903
6.1272 86.9255 -11.5333 -0.428101 -0.903717 0.00503596
5.20997 87.3518 -12.52 -0.422236 -0.906478 -0.00222624
4.10998 87.8633 -13.6083 -0.415235 -0.909699 -0.0051639
3.09954 88.3139 -14.7157 -0.40267 -0.915342 -0.00233956
3.01014 88.3535 -14.8308 -0.402646 -0.915353 -0.00224393
1.97214 88.7903 -14.6234 -0.373477 -0.927617 -0.00619353
2.85866 88.415 -13.6449 -0.393248 -0.919373 -0.00769512
3.77538 88.0061 -12.678 -0.40233 -0.915455 -0.00852085
4.76425 87.5602 -11.7268 -0.415816 -0.909449 -0.000290033
5.7019 87.1283 -10.7104 -0.424254 -0.90554 0.00217952
6.55794 86.7288 -9.81365 -0.428089 -0.903712 0.00562649
7.5413 86.2607 -8.69994 -0.437019 -0.899386 0.0108825
8.45009 85.8193 -7.70135 -0.446822 -0.894577 0.00904254
9.35391 85.3716 -6.62815 -0.459385 -0.888205 0.00721891
10.3868 84.8415 -5.39605 -0.465292 -0.885117 0.00842969
11.476 84.28 -4.20272 -0.470044 -0.882586 0.00955923
11.9038 84.0549 -3.77088 -0.473171 -0.880923 0.00915648
11.9752 84.03 -2.48939 -0.474659 -0.880123 0.00894041
10.9343 84.5755 -3.54691 -0.468057 -0.883624 0.0112963
10.0711 85.0166 -4.46581 -0.463193 -0.886188 0.011057
9.23056 85.4411 -5.44474 -0.456547 -0.889659 0.00838033
8.42316 85.8429 -6.412 -0.44699 -0.894533 0.00338951
7.51796 86.2834 -7.4204 -0.436871 -0.899509 0.00525447
6.62021 86.7087 -8.48998 -0.43057 -0.902528 0.00671746
5.68478 87.1417 -9.46502 -0.423763 -0.905754 0.00594333
4.72596 87.5778 -10.4691 -0.416511 -0.909126 0.00278878
3.7844 87.9979 -11.4414 -0.401922 -0.915672 0.00181438
2.81981 88.4192 -12.4106 -0.3878 -0.921686 -0.0101859
1.93922 88.7924 -13.3367 -0.373545 -0.927584 -0.00659123
1.1696 89.1057 -14.2127 -0.365025 -0.930922 -0.0115681
0.405717 89.3917 -13.733 -0.353342 -0.935375 -0.0147207
1.29092 89.0424 -12.7334 -0.365449 -0.930772 -0.0104861
2.36703 88.5977 -11.6054 -0.379147 -0.925325 -0.00453808
3.26226 88.2261 -10.715 -0.395143 -0.918603 -0.000121507
4.16683 87.8333 -9.78978 -0.399115 -0.916899 0.00172982
5.07155 87.4283 -8.84273 -0.414376 -0.910087 0.00585552
6.12184 86.9488 -7.72257 -0.422212 -0.906485 0.00470362
7.14027 86.4704 -6.55617 -0.433078 -0.901346 0.00415318
8.06196 86.0258 -5.5077 -0.441761 -0.897111 0.00332032
8.87862 85.6274 -4.54792 -0.451726 -0.892121 0.00791357
9.68767 85.226 -3.5847 -0.453679 -0.891119 0.00899509
10.5755 84.7734 -2.69216 -0.462386 -0.886643 0.00798924
11.5458 84.2683 -1.69137 -0.471802 -0.881669 0.00792833
11.9435 84.0581 -1.28405 -0.47318 -0.880939 0.00683996
12.1481 83.9592 0.173872 -0.47254 -0.881281 0.0070459
11.2272 84.4454 -0.783372 -0.469016 -0.883165 0.00617006
10.3058 84.9235 -1.68545 -0.462281 -0.886697 0.00801118
9.4211 85.3774 -2.60717 -0.458714 -0.888449 0.0115515
8.59099 85.7811 -3.52918 -0.437381 -0.899249 0.0070068
7.76794 86.1746 -4.51913 -0.437284 -0.899304 0.00590536
6.82048 86.6255 -5.57505 -0.431138 -0.902277 0.00332498
5.74777 87.1269 -6.77639 -0.422694 -0.906267 0.00321784
4.86336 87.5285 -7.74836 -0.413648 -0.910426 0.00441066
3.92948 87.9385 -8.75843 -0.39638 -0.91808 0.00333909
3.06961 88.31 -9.66111 -0.39265 -0.919681 -0.000907941
2.03925 88.7296 -10.6868 -0.373117 -0.927763 0.00387077
1.06466 89.1188 -11.6816 -0.363884 -0.931383 -0.0106335
0.165677 89.4721 -12.623 -0.347528 -0.937649 -0.00575604
-0.589189 89.7555 -13.5188 -0.340175 -0.940042 -0.0245301
-1.27371 89.9913 -12.9222 -0.322941 -0.946218 -0.0187093
-0.341942 89.6513 -11.8455 -0.342723 -0.939386 -0.0096062
0.561352 89.3054 -10.9295 -0.351521 -0.936174 -0.00268155
1.45104 88.9624 -10.0393 -0.364105 -0.931356 0.00189825
2.44776 88.5724 -9.05343 -0.375362 -0.926872 0.00283248
3.31369 88.2071 -8.13505 -0.392983 -0.919522 0.00505368
4.27273 87.7992 -7.1036 -0.397314 -0.917658 0.00670793
5.23023 87.3694 -6.04241 -0.41451 -0.910043 -0.00106672
6.24191 86.9031 -4.9214 -0.426543 -0.904445 0.00618681
7.09573 86.5014 -3.96942 -0.431744 -0.901976 0.00594348
7.92718 86.1068 -2.98184 -0.435808 -0.900022 0.00560267
8.86472 85.6551 -1.91781 -0.444366 -0.895843 -0.00223833
9.79786 85.186 -0.943116 -0.450979 -0.892532 -0.000486808
10.6889 84.7322 -0.0863134 -0.462603 -0.886564 0.00186424
11.5399 84.286 0.796824 -0.465573 -0.884947 0.0104873
12.2525 83.9152 1.52271 -0.470849 -0.882181 0.00756679
12.2285 83.9407 2.74202 -0.470926 -0.88211 0.0105275
11.4012 84.3717 1.84783 -0.467672 -0.883849 0.0089675
10.3465 84.9123 0.812815 -0.456209 -0.889848 0.00534343
9.32765 85.4241 -0.191077 -0.44954 -0.89326 0.000893311
8.44402 85.8617 -1.10085 -0.443431 -0.896307 -0.00181218
7.46119 86.3366 -2.21574 -0.434272 -0.900772 0.00427966
6.65448 86.7164 -3.19134 -0.428464 -0.903556 0.00242606
5.76802 87.129 -4.13822 -0.420112 -0.907469 0.00222122
4.8143 87.5574 -5.21774 -0.407141 -0.913334 0.00693568
3.92297 87.9515 -6.21462 -0.392685 -0.919668 -0.00289499
2.90829 88.3793 -7.27831 -0.384477 -0.923132 -0.00150371
2.03998 88.7362 -8.18102 -0.370971 -0.928636 -0.00371858
0.878139 89.1867 -9.37602 -0.356556 -0.934271 0.00182341
-0.0995231 89.5506 -10.3317 -0.347584 -0.937635 -0.0050346
-1.13504 89.9186 -11.3904 -0.323641 -0.94612 -0.0106212
-2.01794 90.229 -12.3972 -0.306409 -0.951684 -0.0202594
-2.83462 90.4808 -11.9658 -0.286053 -0.958124 -0.0122384
-1.84695 90.1525 -10.8186 -0.304323 -0.952521 -0.00941621
-0.895727 89.8266 -9.88288 -0.320355 -0.947291 -0.00338439
0.0284912 89.5009 -8.98122 -0.33818 -0.941076 -0.00304553
1.16373 89.0773 -7.79636 -0.350407 -0.936566 -0.00765645
2.23363 88.6541 -6.70588 -0.373443 -0.927634 -0.00388355
3.20542 88.2536 -5.71791 -0.377885 -0.925849 -0.00112176
4.19438 87.8346 -4.61119 -0.399174 -0.916865 0.00437828
5.03784 87.4659 -3.61064 -0.413865 -0.910331 0.00020166
5.93758 87.0569 -2.66041 -0.421889 -0.906633 0.00482334
6.84382 86.6368 -1.63896 -0.430378 -0.902623 0.00543985
7.76561 86.1957 -0.569387 -0.434779 -0.900534 0.00224719
8.61641 85.778 0.318934 -0.442154 -0.896932 0.0037191
9.51951 85.3324 1.20869 -0.448391 -0.893769 0.0110868
10.4909 84.8476 2.14838 -0.45889 -0.888474 0.00568812
11.3441 84.4141 3.09955 -0.466481 -0.884489 0.00851587
11.9039 84.1235 3.66526 -0.469837 -0.882725 0.00703208
11.7454 84.2142 4.76476 -0.466592 -0.884468 0.00298305
10.8285 84.6888 3.82474 -0.457395 -0.889247 0.00402445
9.87364 85.1674 2.76081 -0.453792 -0.891088 0.00588093
8.84993 85.6707 1.76275 -0.443157 -0.896424 0.00590431
7.98645 86.0914 0.896589 -0.442443 -0.896786 0.00449689
7.1192 86.5073 0.00581982 -0.430877 -0.902406 0.00286797
6.30388 86.8946 -0.950519 -0.425011 -0.905166 0.00418283
5.37951 87.3149 -1.96906 -0.412785 -0.910818 0.00414794
4.52254 87.6974 -2.90819 -0.403276 -0.915058 0.00157771
3.70502 88.0499 -3.84597 -0.397478 -0.91761 0.00166381
2.86472 88.3942 -4.81371 -0.378007 -0.925801 0.00173109
1.78487 88.8295 -5.93774 -0.369444 -0.929246 -0.00358098
0.702351 89.2457 -6.97561 -0.346516 -0.938042 -0.00122849
-0.19288 89.5751 -7.89905 -0.335965 -0.941847 -0.00709203
-1.25489 89.9438 -8.94995 -0.318535 -0.947904 -0.00370212
-2.16738 90.2412 -9.81609 -0.285937 -0.958242 -0.00167503
-3.03642 90.5115 -10.8112 -0.265065 -0.964121 -0.0143946
-3.70441 90.7104 -11.5517 -0.245184 -0.969077 -0.0278152
-4.62685 90.9343 -11.2248 -0.239576 -0.970347 -0.0318418
-3.78268 90.6944 -10.2614 -0.245196 -0.969412 -0.0109575
-2.85005 90.4383 -9.24854 -0.265594 -0.964017 -0.00170685
-1.69579 90.0834 -8.15407 -0.313453 -0.949546 -0.0104349
-0.79045 89.7756 -7.23639 -0.320034 -0.947296 -0.0109911
0.10872 89.4603 -6.32416 -0.333422 -0.942733 -0.00229354
1.12675 89.0871 -5.31724 -0.348139 -0.937432 -0.00184514
2.05832 88.7256 -4.35334 -0.366174 -0.930518 0.00726356
2.90396 88.3869 -3.42993 -0.380213 -0.924887 0.00468881
3.83734 87.9961 -2.37656 -0.395664 -0.918385 0.00435217
4.68634 87.6262 -1.45329 -0.407844 -0.91305 0.00162434
5.57443 87.2322 -0.448738 -0.408076 -0.912942 0.00328139
6.3866 86.8587 0.487319 -0.43125 -0.902229 0.00247404
7.22144 86.4649 1.40706 -0.429938 -0.902837 0.00596687
8.25067 85.9714 2.37696 -0.44411 -0.895934 0.00824477
9.22244 85.4972 3.33631 -0.444327 -0.895834 0.00732704
10.0808 85.0727 4.27198 -0.452733 -0.891629 0.00548884
10.9507 84.6293 5.18824 -0.460319 -0.887749 0.00270737
11.7468 84.2179 6.00986 -0.463098 -0.886277 0.00725652
11.5582 84.3256 7.08929 -0.462852 -0.886403 0.00752952
10.7045 84.7596 6.16825 -0.457614 -0.889123 0.00705749
9.8519 85.1922 5.25031 -0.453282 -0.891366 0.00144702
8.99038 85.6217 4.37062 -0.443049 -0.896461 0.00805868
7.98239 86.1111 3.35045 -0.442087 -0.89696 0.00422922
7.01501 86.577 2.44638 -0.432049 -0.901811 0.00783783
6.11192 86.9942 1.50142 -0.424318 -0.90544 0.0114761
5.14095 87.4303 0.368457 -0.410943 -0.911648 0.00264107
4.17806 87.8534 -0.691126 -0.405517 -0.914087 0.000870372
3.22743 88.2576 -1.74856 -0.388565 -0.921417 8.0981e-05
2.3178 88.6277 -2.7781 -0.376661 -0.926351 0.00108322
1.42386 88.9752 -3.7584 -0.360832 -0.932629 0.0018247
0.463898 89.3321 -4.70634 -0.344203 -0.938889 0.00346329
-0.493737 89.6651 -5.67392 -0.319541 -0.947571 -0.000407741
-1.40012 89.969 -6.5628 -0.308765 -0.951138 -0.000598337
-2.38772 90.2953 -7.57794 -0.291352 -0.956412 -0.0184977
-3.36695 90.5744 -8.47823 -0.230334 -0.972963 -0.0160969
-4.41504 90.8412 -9.57993 -0.227301 -0.973681 -0.0167468
-5.29315 91.0686 -10.593 -0.219083 -0.975196 -0.0311718
-6.45751 91.2938 -10.5229 -0.176798 -0.983347 -0.04208
-5.59346 91.1074 -9.55041 -0.170429 -0.984877 -0.0311648
-4.64536 90.8783 -8.50717 -0.227678 -0.973655 -0.0125674
-3.74676 90.6509 -7.58503 -0.231897 -0.97269 -0.00641229
-2.78555 90.3923 -6.68379 -0.267447 -0.963531 -0.00895138
-1.82875 90.1032 -5.73545 -0.280161 -0.959828 -0.0154421
-0.822495 89.7804 -4.71781 -0.317067 -0.948375 0.00735994
0.096494 89.4708 -3.79603 -0.343105 -0.939288 0.00416836
1.12388 89.0939 -2.75994 -0.356168 -0.934422 0.00084056
2.08916 88.7209 -1.71748 -0.369755 -0.929125 -0.00269475
3.05204 88.3316 -0.63791 -0.382451 -0.92397 -0.0032096
4.05265 87.9106 0.473794 -0.400478 -0.916306 -0.000262232
5.02234 87.4938 1.5779 -0.403982 -0.914727 0.00853028
5.92893 87.0915 2.62055 -0.423648 -0.905801 0.00666941
6.88576 86.6434 3.53327 -0.430997 -0.902351 0.0020519
7.83291 86.1899 4.4052 -0.436668 -0.899585 0.00826679
8.79977 85.7208 5.42162 -0.443575 -0.896235 0.00196396
9.66935 85.2877 6.30946 -0.448986 -0.893525 0.00500674
10.6985 84.7717 7.42829 -0.456022 -0.889956 0.00477066
11.2932 84.4698 8.14481 -0.460465 -0.887663 0.00513297
10.9255 84.6635 9.04712 -0.456259 -0.889842 0.00302803
10.1371 85.0611 8.07628 -0.452898 -0.891559 0.00268069
9.26987 85.496 7.17493 -0.44757 -0.894215 0.00735616
8.43389 85.9029 6.27767 -0.442054 -0.896987 0.00171726
7.55661 86.3302 5.31221 -0.435256 -0.900296 0.00403856
6.42307 86.8641 4.32197 -0.428711 -0.903427 0.00382362
5.51043 87.2905 3.45848 -0.421476 -0.906828 0.00427182
4.50137 87.7311 2.32124 -0.396917 -0.917783 0.0100152
3.61235 88.1026 1.28822 -0.390756 -0.92046 0.00727936
2.57853 88.5241 0.133306 -0.371222 -0.928544 0.000563957
1.51133 88.9461 -1.05613 -0.360981 -0.932572 -0.0010854
0.638987 89.2791 -2.01052 -0.347268 -0.937743 0.00117599
-0.288513 89.6144 -2.92222 -0.329052 -0.944275 0.00253104
-1.38973 89.9691 -4.01944 -0.294091 -0.955723 0.00962672
-2.29034 90.2321 -4.93352 -0.281261 -0.95963 0.00183092
-3.23054 90.5082 -5.86305 -0.254748 -0.966784 -0.0150503
-4.32603 90.7868 -6.84894 -0.226905 -0.973894 -0.00667235
-5.26669 91.0053 -7.83844 -0.212239 -0.976895 -0.0250931
-6.21224 91.2057 -8.89282 -0.1808 -0.983475 -0.00936488
-7.16252 91.3862 -9.93408 -0.144308 -0.988814 -0.0370608
-7.30416 91.4146 -10.0997 -0.147109 -0.988174 -0.0432472
-8.28182 91.5473 -9.83653 -0.119857 -0.992467 -0.0248956
-7.36056 91.3969 -8.82552 -0.154826 -0.98782 -0.0155291
-6.47464 91.2381 -7.85186 -0.170608 -0.985105 -0.0214128
-5.53196 91.0396 -6.75888 -0.198388 -0.980121 -0.00184612
-4.48898 90.8166 -5.77846 -0.236513 -0.971602 0.0041735
-3.52535 90.5788 -4.93259 -0.258382 -0.966035 -0.00373786
-2.53555 90.3068 -3.91433 -0.272795 -0.961958 0.0140778
-1.45412 90.0019 -2.80651 -0.299516 -0.954029 0.0103558
-0.549384 89.7033 -1.92926 -0.33397 -0.942579 -0.00211463
0.525696 89.3183 -0.84742 -0.352724 -0.935723 -0.00290685
1.42655 88.9765 0.180152 -0.356024 -0.934475 -0.00077145
2.47373 88.5696 1.32588 -0.375281 -0.926902 0.00332944
3.3322 88.2205 2.30531 -0.383849 -0.923386 0.00294757
4.20061 87.8711 3.32913 -0.390822 -0.920394 0.00852796
5.2148 87.4238 4.43892 -0.41343 -0.910526 -0.00420089
6.16401 86.9923 5.30659 -0.42296 -0.906132 0.00517367
7.27041 86.4712 6.31127 -0.435261 -0.900303 0.00171423
8.26035 85.9975 7.39333 -0.438286 -0.898821 0.00509794
9.16785 85.5505 8.34302 -0.448561 -0.893752 -0.000569792
10.1333 85.0675 9.43512 -0.450635 -0.892705 0.00253185
10.5322 84.8675 9.95253 -0.452648 -0.891684 0.00212346
10.1262 85.0746 10.9004 -0.445395 -0.895333 -0.000159972
9.2615 85.5052 9.75179 -0.442196 -0.896915 -0.000243184
8.38239 85.9384 8.77238 -0.440835 -0.897586 -0.00179438
7.49312 86.3698 7.85498 -0.43411 -0.900856 0.00262229
6.52941 86.8253 6.82088 -0.423795 -0.905755 -0.00223001
5.51727 87.292 5.8854 -0.413811 -0.910347 0.00534228
4.46751 87.7621 4.99783 -0.409435 -0.912338 0.00109877
3.56066 88.1406 3.93815 -0.376441 -0.926372 0.0112848
2.72527 88.4722 2.92625 -0.374299 -0.927268 0.00866735
1.83106 88.8282 1.89421 -0.368479 -0.92963 0.00344104
0.884534 89.1887 0.869771 -0.356793 -0.93413 0.0099974
0.00472446 89.5107 -0.101563 -0.333454 -0.942739 0.00327429
-0.939088 89.8382 -1.08802 -0.324033 -0.946037 0.00104854
-2.07641 90.2002 -2.17268 -0.279147 -0.960165 0.00943917
-2.99754 90.4496 -3.09983 -0.273295 -0.961839 0.0132661
-3.90075 90.6849 -4.00279 -0.2643 -0.964171 0.0227628
-4.83218 90.9041 -4.87774 -0.230848 -0.972913 0.0108347
-5.80352 91.0967 -5.74435 -0.202557 -0.979264 0.00351087
-6.75505 91.2759 -6.77611 -0.180288 -0.983591 0.00668875
-7.72797 91.4425 -7.88886 -0.143055 -0.989601 -0.0141954
-8.73448 91.5784 -8.95851 -0.110642 -0.993639 -0.0198009
-9.32783 91.6624 -9.62027 -0.0913437 -0.99519 -0.0292182
-10.4685 91.7313 -9.44953 -0.0350697 -0.998907 -0.0270912
-9.42927 91.6417 -8.37234 -0.0720994 -0.997369 -0.000950404
-8.47549 91.5362 -7.38543 -0.125118 -0.992011 -0.0153369
-7.59126 91.4222 -6.39465 -0.140441 -0.989988 0.000931518
-6.72946 91.2757 -5.38253 -0.17409 -0.984725 -0.00228885
-5.71641 91.0967 -4.46426 -0.181174 -0.983435 0.00548232
-4.76627 90.9201 -3.58718 -0.199762 -0.979806 0.00067594
-3.64464 90.6347 -2.45203 -0.255115 -0.966856 -0.00793558
-2.67372 90.3722 -1.5194 -0.262283 -0.96499 0.000352963
-1.67634 90.0742 -0.562754 -0.294067 -0.955775 -0.00405971
-0.755795 89.7744 0.376894 -0.315533 -0.948914 -0.000122871
0.119787 89.4756 1.32501 -0.33622 -0.941761 -0.0051857
1.07906 89.117 2.41921 -0.353104 -0.935573 -0.00462403
2.01227 88.7617 3.44707 -0.359945 -0.932973 0.00019585
2.95522 88.3926 4.58565 -0.376379 -0.926432 0.00752917
3.91684 88.0027 5.70256 -0.384594 -0.923081 0.00151531
5.06126 87.4991 6.64732 -0.408188 -0.912858 -0.00783236
6.00813 87.067 7.5083 -0.419019 -0.907959 -0.00428636
6.92592 86.6344 8.53165 -0.424953 -0.905211 -0.0028797
7.82754 86.2057 9.46547 -0.430116 -0.902758 -0.00528465
8.66526 85.7977 10.3778 -0.439387 -0.898296 -0.000529268
9.43156 85.4205 11.3891 -0.445353 -0.895355 0.00103909
9.77399 85.2514 11.9934 -0.443973 -0.896038 0.00180976
9.20158 85.536 12.685 -0.44244 -0.896796 0.000153294
8.54753 85.8546 11.5874 -0.435947 -0.899968 0.00287125
7.54762 86.3353 10.4114 -0.430221 -0.902722 -0.00183399
6.51817 86.8224 9.35563 -0.421081 -0.907011 -0.00464033
5.5581 87.2678 8.28032 -0.412855 -0.910778 -0.00540922
4.58172 87.7031 7.40717 -0.402209 -0.915507 -0.0086802
3.52767 88.1638 6.57056 -0.384478 -0.923131 -0.00242605
2.57553 88.553 5.54796 -0.372121 -0.928148 0.00814081
1.70455 88.8826 4.41593 -0.361152 -0.93249 0.00565385
0.649205 89.2808 3.2454 -0.349758 -0.936833 0.00339925
-0.255751 89.6055 2.32808 -0.337214 -0.941428 5.02511e-05
-1.28947 89.9487 1.13997 -0.303335 -0.952884 2.40897e-05
-2.34575 90.2709 0.0492668 -0.283156 -0.959023 -0.00992115
-3.39643 90.5648 -0.957237 -0.249714 -0.968312 0.00210666
-4.51649 90.8445 -2.03911 -0.220144 -0.975225 -0.0216417
-5.75158 91.1189 -3.30503 -0.181177 -0.98334 0.00105609
-6.94083 91.3129 -4.32313 -0.163851 -0.986463 -0.00356837
-7.96151 91.4672 -5.43443 -0.116834 -0.993151 0.000814871
-8.99645 91.583 -6.59394 -0.0951739 -0.995414 -0.00858506
-9.99898 91.6757 -7.66099 -0.0563543 -0.998394 -0.00556671
-10.9154 91.7258 -8.60041 -0.0281666 -0.999503 -0.0138931
-11.4999 91.7508 -9.18293 -0.0124841 -0.999767 -0.00800873
-12.6571 91.7403 -9.04861 0.0147972 -0.99989 -0.000986377
-11.6183 91.7388 -8.02286 -0.0273017 -0.999586 -0.00901539
-10.659 91.7069 -7.01073 -0.0464168 -0.998846 -0.0120906
-9.57811 91.6314 -5.88554 -0.0743858 -0.997074 -0.0105629
-8.58084 91.5378 -4.73108 -0.0981444 -0.995043 -0.00200554
-7.44188 91.3923 -3.56267 -0.14 -0.99012 -0.00720348
-6.40224 91.2327 -2.69592 -0.165121 -0.986126 0.0149699
-5.29777 91.0093 -1.52866 -0.197837 -0.980131 -0.0104417
-4.36504 90.8085 -0.624844 -0.224526 -0.974423 0.00275908
-3.29749 90.5407 0.345469 -0.249058 -0.968488 -0.000885112
-2.29919 90.2563 1.38758 -0.283385 -0.959004 0.00199942
-1.39366 89.9839 2.39604 -0.304242 -0.952593 -0.00106122
-0.493547 89.6832 3.38316 -0.325183 -0.945601 -0.00762861
0.497208 89.3351 4.41705 -0.332399 -0.943134 0.00174333
1.525 88.9654 5.58238 -0.35469 -0.934858 0.0146163
2.369 88.6374 6.72479 -0.37547 -0.926817 -0.00558067
3.35541 88.2301 7.5682 -0.395369 -0.918494 -0.00709649
4.42364 87.7699 8.41803 -0.400495 -0.916297 -0.00172796
5.39253 87.3361 9.42563 -0.412349 -0.911003 -0.00594336
6.31843 86.911 10.4212 -0.419902 -0.907569 -0.000651372
7.22867 86.4871 11.3518 -0.429777 -0.902922 0.00448327
8.06788 86.0909 12.3986 -0.435097 -0.900371 0.00392485
8.61525 85.8232 13.3875 -0.440383 -0.89781 -0.000734589
7.93656 86.1524 13.9909 -0.434833 -0.900509 0.0019035
7.32498 86.4466 12.8288 -0.430504 -0.902587 -1.35787e-05
6.52785 86.8185 11.8596 -0.42106 -0.907019 0.00487618
5.62697 87.2307 11.0047 -0.414122 -0.910214 0.000864576
4.68744 87.6485 9.9468 -0.398051 -0.917337 0.00694064
3.56582 88.1345 8.81013 -0.385119 -0.922852 -0.00421345
2.46686 88.588 8.0375 -0.370812 -0.928682 -0.0058659
1.47649 88.9835 7.0255 -0.347174 -0.937584 -0.0200648
0.464095 89.3495 5.63796 -0.324953 -0.945727 -0.00128309
-0.413572 89.6527 4.72728 -0.328947 -0.944335 -0.000394438
-1.38333 89.9674 3.78947 -0.296783 -0.954919 -0.000916778
-2.3837 90.2741 2.63421 -0.269618 -0.96282 -0.0148353
-3.32697 90.536 1.58597 -0.244849 -0.969484 -0.0118901
-4.32614 90.7907 0.656651 -0.219523 -0.975561 -0.00952489
-5.3406 91.0145 -0.263313 -0.206428 -0.978459 -0.00214654
-6.33222 91.2154 -1.31944 -0.192357 -0.981266 -0.00611223
-7.40291 91.3856 -2.41336 -0.131526 -0.99128 0.00657601
-8.58939 91.543 -3.32162 -0.111331 -0.993689 -3.27564e-05
-9.49204 91.6273 -4.40188 -0.0974041 -0.994892 0.0264873
-10.4686 91.6724 -5.51521 -0.0457818 -0.998881 -0.0118513
-11.4752 91.72 -6.53502 -0.0108732 -0.999807 -0.0163842
-12.4818 91.7376 -7.59611 0.0223236 -0.999702 -0.00984318
-13.5377 91.7091 -8.61271 0.0627401 -0.99802 -0.000512291
-14.0364 91.6809 -9.02086 0.0503214 -0.998058 -0.0366429
-15.146 91.5878 -8.76786 0.116741 -0.992758 -0.0280186
-13.994 91.6773 -7.81555 0.0651255 -0.997876 -0.00162041
-12.9571 91.7196 -6.77967 0.021283 -0.999739 -0.00829954
-11.9717 91.7142 -5.70986 -0.0148026 -0.999816 -0.0122131
-10.9967 91.6991 -4.72073 -0.0066354 -0.999973 0.00306054
-10.1339 91.6788 -3.72709 -0.0525519 -0.998592 0.00558187
-9.17022 91.5994 -2.63514 -0.0915599 -0.995774 0.00708367
-8.06248 91.4734 -1.81367 -0.123094 -0.992387 -0.000389392
-7.01169 91.3304 -0.780203 -0.159446 -0.987144 0.00482798
-6.08796 91.1671 0.296927 -0.188599 -0.981945 0.00173638
-5.09737 90.9597 1.17423 -0.211724 -0.977268 -0.00300562
-4.13 90.7316 2.08005 -0.227839 -0.973672 -0.00619664
-3.23134 90.4992 3.03069 -0.258216 -0.966036 -0.0097209
-2.37037 90.2611 4.08199 -0.280003 -0.959991 -0.00107088
-1.25521 89.9182 5.11588 -0.298676 -0.954341 -0.00503552
-0.220032 89.581 6.18282 -0.319922 -0.947439 -0.00288823
0.644383 89.279 7.36437 -0.324905 -0.945685 -0.0107646
1.57789 88.927 8.51133 -0.345375 -0.938445 -0.00394858
2.66576 88.5051 9.24101 -0.369804 -0.929058 -0.00622246
3.68131 88.0862 10.1184 -0.387328 -0.921868 0.000458919
4.52989 87.7227 11.1154 -0.403387 -0.915014 -0.00108214
5.40867 87.3319 12.0369 -0.4115 -0.911395 0.00483493
6.44107 86.8632 13.1119 -0.423894 -0.905711 0.000261934
7.23898 86.4881 14.429 -0.427919 -0.903814 0.00211049
6.42751 86.8708 14.6544 -0.424073 -0.905624 0.00272721
5.71726 87.1982 13.5727 -0.415793 -0.909439 -0.0038047
4.60241 87.6881 12.5039 -0.399862 -0.91657 -0.0030869
3.62526 88.1108 11.4096 -0.383128 -0.923681 -0.00145041
2.81143 88.4383 10.4646 -0.373382 -0.927669 0.00394706
1.80374 88.8383 9.71504 -0.361291 -0.932447 -0.00314256
0.74656 89.2307 9.04271 -0.338916 -0.940811 -0.000909786
-0.109875 89.5307 7.83206 -0.320863 -0.94704 -0.0127358
-0.941078 89.8149 6.72147 -0.300556 -0.95371 -0.0042651
-1.87336 90.1054 5.75759 -0.290028 -0.956979 -0.0079337
-2.95754 90.425 4.81478 -0.262692 -0.964868 0.00463003
-3.83828 90.6528 3.76429 -0.236274 -0.971646 -0.00295631
-4.80052 90.8825 2.70747 -0.221709 -0.975107 -0.00341827
-5.72292 91.0894 1.82526 -0.195891 -0.980578 -0.00572205
-6.7276 91.284 0.988945 -0.159058 -0.987232 -0.00850186
-7.57139 91.4141 -0.078478 -0.134907 -0.990715 0.0108407
-8.68072 91.5544 -1.19441 -0.117568 -0.992988 0.0123112
-9.83703 91.6527 -1.94944 -0.0683136 -0.997625 -0.00842735
-10.6841 91.6982 -2.94942 -0.0268364 -0.999455 -0.0182658
-11.5866 91.7063 -4.00697 -0.00229021 -0.999946 0.00827725
-12.7499 91.7138 -5.21089 -0.00137391 -0.999885 -0.011848
-13.698 91.6965 -6.24931 0.0505016 -0.998705 -0.00342982
-14.8573 91.6179 -7.36116 0.0951837 -0.995356 -0.00868062
-15.8873 91.5013 -8.15267 0.124774 -0.992149 0.00374594
-16.8532 91.3617 -8.85969 0.165773 -0.986072 -0.0107398
-18.3478 91.0997 -9.00725 0.193851 -0.980976 -0.010413
-17.2384 91.296 -8.00309 0.167702 -0.985836 0.00172379
-16.1681 91.4589 -7.21874 0.137187 -0.990509 -0.00802592
-15.1388 91.577 -6.42249 0.106069 -0.994182 -0.0167945
-14.1752 91.657 -5.4035 0.09417 -0.995556 -0.000712136
-13.2234 91.6916 -4.37078 0.0328565 -0.998977 -0.0265241
-12.2233 91.6997 -3.3807 0.0139557 -0.999902 -0.000732094
-11.2836 91.7097 -2.28786 -0.00910178 -0.999921 0.00666386
-10.4585 91.6887 -1.25091 -0.0436692 -0.998988 -0.010021
-9.25996 91.6099 -0.582605 -0.0851508 -0.996288 -0.00322443
-8.2298 91.5013 0.501997 -0.106336 -0.994325 -0.00244653
-7.26867 91.3589 1.76262 -0.151041 -0.988447 -0.0124865
-6.20674 91.1745 2.60846 -0.180882 -0.983472 -0.00802506
-5.19924 90.9644 3.59657 -0.20272 -0.979207 -0.0040484
-4.2932 90.7624 4.69111 -0.222663 -0.974847 -0.00112487
-3.4054 90.541 5.66297 -0.240294 -0.970683 -0.00574344
-2.30463 90.2266 6.58386 -0.282483 -0.959206 -0.0112523
-1.33984 89.9306 7.64638 -0.292852 -0.956103 -0.0102322
-0.449401 89.644 8.93042 -0.320756 -0.947147 0.00416502
0.630109 89.2707 10.0765 -0.337357 -0.94137 0.00054801
1.83409 88.8238 10.7706 -0.359555 -0.933124 -0.00036582
2.82833 88.4327 11.7827 -0.370719 -0.928745 -3.05311e-05
3.64949 88.0932 12.828 -0.38313 -0.92366 -0.00788898
4.61681 87.6851 13.6729 -0.400489 -0.916264 0.00831853
5.44223 87.3261 14.6156 -0.417374 -0.908729 0.00324137
4.20645 87.8691 14.4898 -0.390737 -0.920434 0.0111159
3.05577 88.3419 13.5732 -0.38356 -0.92347 0.00921697
2.17767 88.6891 12.3958 -0.360495 -0.932759 -0.00192259
1.26404 89.0426 11.4332 -0.349561 -0.936861 -0.00210567
0.0637086 89.4716 10.7922 -0.324963 -0.94569 0.000246148
-0.918879 89.7941 9.75537 -0.30565 -0.95213 0.00231186
-1.7434 90.0452 8.59396 -0.285344 -0.95836 -0.0103924
-2.55369 90.2918 7.57471 -0.277617 -0.960661 -0.00760065
-3.70409 90.6076 6.61028 -0.242397 -0.97011 -0.0113222
-4.64958 90.8398 5.75379 -0.222428 -0.974935 -0.00438391
-5.4331 91.0124 4.71556 -0.213499 -0.976937 0.00126867
-6.36193 91.1965 3.73067 -0.186241 -0.982502 -0.00141338
-7.50876 91.3919 2.76756 -0.14235 -0.989753 -0.00356251
-8.45685 91.512 1.84659 -0.115759 -0.993212 -0.00796345
-9.3496 91.6068 0.471141 -0.0900627 -0.995892 -0.00807773
-10.458 91.6716 -0.249368 -0.0461319 -0.998769 -0.0182032
-11.5119 91.7131 -1.11184 -0.0113827 -0.999928 -0.00113739
-12.2843 91.7034 -2.15027 0.014108 -0.999832 0.0116886
-13.273 91.6704 -3.13962 0.0561543 -0.99832 -0.0142644
-14.267 91.6299 -4.07971 0.0627947 -0.997897 -0.0133236
-15.2138 91.5565 -5.1054 0.0992355 -0.995056 -0.00408714
-16.4183 91.4319 -6.23173 0.119922 -0.992696 -0.00183227
-17.4535 91.2638 -7.04953 0.170333 -0.985277 0.0146932
-18.5354 91.0625 -7.82855 0.197724 -0.980225 0.00771501
-19.4268 90.8806 -9.00062 0.216686 -0.976237 -0.00286642
-19.7118 90.8175 -9.37121 0.22383 -0.974595 -0.00660437
-21.4306 90.3839 -9.71879 0.278776 -0.96025 -0.0140943
-20.4743 90.6317 -8.87404 0.239878 -0.970748 -0.00993755
-19.6515 90.8224 -7.72765 0.227582 -0.973748 -0.00377499
-18.7194 91.0209 -6.809 0.212439 -0.977129 -0.00930308
-17.5784 91.2459 -5.99276 0.172938 -0.984926 -0.00351006
-16.4598 91.4141 -4.94911 0.14395 -0.989512 -0.0119558
-15.3676 91.5286 -3.94234 0.1032 -0.994556 -0.0143532
-14.3649 91.6048 -2.84155 0.0684689 -0.997622 0.00254405
-13.3591 91.6603 -2.0037 0.0556514 -0.998445 0.00210224
-12.4853 91.7044 -1.00824 0.0143371 -0.999882 -0.00418334
-11.6159 91.6907 0.147835 -0.0118471 -0.999782 -0.00961934
-10.4119 91.6666 0.714347 -0.0544275 -0.998429 0.0130597
-9.50676 91.6138 1.79143 -0.076868 -0.997037 0.00263396
-8.73221 91.544 3.06985 -0.0904635 -0.995876 -0.00669441
-7.49605 91.3862 3.9874 -0.137816 -0.99045 -0.00374188
-6.52665 91.224 4.91574 -0.185871 -0.98253 -0.00929007
-5.52945 91.0306 6.11216 -0.191311 -0.981473 -0.0035672
-4.64798 90.8313 7.04666 -0.230188 -0.973067 -0.0124106
-3.55406 90.5563 7.90561 -0.238687 -0.971068 -0.00742341
-2.58374 90.2872 8.95194 -0.28045 -0.959847 -0.00637731
-1.82407 90.0674 9.98547 -0.279923 -0.959999 0.00465484
-0.991715 89.8178 11.1203 -0.292636 -0.956186 -0.0068701
0.141851 89.4457 11.7478 -0.33352 -0.942723 -0.00404696
1.24545 89.0468 12.6124 -0.346472 -0.938056 -0.0002002
1.89756 88.7985 13.5383 -0.360716 -0.932654 0.0062808
0.595255 89.2847 13.255 -0.341727 -0.939795 0.00289103
-0.661218 89.7118 12.2964 -0.30289 -0.952976 0.00793501
-1.75136 90.0439 11.4421 -0.2776 -0.960688 -0.00373672
-2.60537 90.2919 10.3702 -0.271223 -0.962508 0.000384196
-3.54706 90.5491 9.24405 -0.242038 -0.970263 -0.00273797
-4.54155 90.7899 8.38732 -0.210744 -0.977532 0.00125706
-5.81965 91.0709 7.45333 -0.19143 -0.981133 -0.0269624
-6.63069 91.2282 6.14868 -0.149343 -0.988698 -0.0126457
-7.81394 91.4132 5.04597 -0.130049 -0.991208 -0.0242526
-8.81481 91.5411 4.12784 -0.0932901 -0.995579 -0.0109468
-9.93991 91.646 3.20766 -0.0592459 -0.997938 -0.0183716
-10.4432 91.6785 1.98325 -0.0308844 -0.999475 -0.0009089
-11.6538 91.6959 0.98438 -0.0132204 -0.999889 0.00664629
-12.8006 91.6843 0.0286154 0.0317509 -0.999446 -0.00856084
-13.7003 91.6475 -1.00262 0.0585048 -0.998246 0.00827137
-14.6503 91.5814 -1.89423 0.0816922 -0.996628 -0.00481339
-15.6743 91.4917 -2.83646 0.103145 -0.994661 0.00145893
-16.7794 91.3679 -3.86132 0.119842 -0.99277 -0.00608923
-17.7113 91.2143 -4.89733 0.186937 -0.982361 0.00352551
-18.8464 90.9877 -5.77787 0.211916 -0.977288 0.000778646
-19.9986 90.7288 -6.72751 0.238157 -0.970967 -0.0224611
-20.7152 90.5629 -7.83134 0.25365 -0.967239 -0.0105201
-21.811 90.2625 -8.85003 0.278111 -0.960528 -0.00428088
-22.732 89.9926 -9.70735 0.298322 -0.954399 -0.0111779
-23.4023 89.7853 -10.2799 0.320814 -0.94705 -0.00588314
-25.2219 89.1399 -10.8639 0.347506 -0.93765 -0.00717019
-24.2176 89.4963 -9.85954 0.331836 -0.943322 -0.00426512
-23.2213 89.8312 -8.86326 0.299916 -0.953933 -0.00344168
-22.2556 90.1339 -7.89759 0.28021 -0.959939 -5.02236e-05
-21.2862 90.401 -6.92819 0.262625 -0.964732 -0.0169328
-20.269 90.6527 -5.90216 0.243159 -0.969972 0.00272722
-19.261 90.9 -4.90294 0.210031 -0.977682 0.00478166
-18.2595 91.1199 -3.90142 0.208246 -0.977993 0.0112201
-17.2841 91.2954 -2.9261 0.147858 -0.988953 -0.00423925
-16.2258 91.4226 -1.86775 0.132542 -0.991022 -0.0168934
-15.2936 91.5152 -0.935583 0.0977402 -0.995128 0.0128956
-14.2921 91.6091 0.0659633 0.0743397 -0.997221 -0.00477293
-13.3033 91.6704 0.943695 0.0377747 -0.999265 -0.00244196
-12.493 91.6925 1.8656 0.0223149 -0.999731 0.00627337
-11.5927 91.7005 2.76531 -0.00425052 -0.999977 -0.00497667
-10.6183 91.6718 3.73597 -0.0438104 -0.998973 -0.008375
-9.57562 91.5984 4.78242 -0.0711016 -0.997266 -0.0197499
-8.64302 91.495 5.71502 -0.0953025 -0.995224 -0.0210445
-7.64729 91.3719 6.71075 -0.107198 -0.994144 -0.0136206
-6.59787 91.2103 7.77116 -0.162397 -0.986625 -0.00301262
-5.54273 90.9942 8.81531 -0.194514 -0.980878 -0.00561471
-4.57841 90.7983 9.77963 -0.193959 -0.981009 0.00121223
-3.67198 90.5804 10.6861 -0.237314 -0.971389 0.00533769
-2.66015 90.3033 11.7054 -0.275616 -0.961239 0.00580334
-1.75216 90.05 12.5971 -0.283267 -0.959016 0.00687863
-1.60881 90.0086 12.767 -0.285464 -0.958362 0.00708167
-2.97713 90.3983 12.5955 -0.260553 -0.96539 0.00976125
-4.08081 90.6832 11.6525 -0.242533 -0.970086 -0.00126169
-5.08033 90.8995 10.7921 -0.196099 -0.980582 0.000876834
-6.02378 91.0824 9.75439 -0.165532 -0.986153 -0.00089634
-6.89114 91.2354 8.81572 -0.147854 -0.988575 -0.0293132
-7.82299 91.374 7.8663 -0.117222 -0.992902 -0.0190932
-8.90678 91.5032 6.88196 -0.101835 -0.994666 -0.0158939
-9.83616 91.5924 5.96528 -0.0820403 -0.996581 -0.009363
-10.7068 91.6492 5.0087 -0.0179361 -0.99951 -0.0255408
-11.6545 91.6862 3.92635 -0.0144717 -0.99973 -0.018168
-12.7413 91.6896 2.96283 0.027143 -0.999514 -0.0141417
-13.8112 91.6527 1.87244 0.0385222 -0.999225 0.00452268
-14.8098 91.5628 0.758489 0.0932704 -0.995628 0.0046269
-15.783 91.4679 -0.150292 0.117305 -0.993036 -0.00140577
-16.9222 91.3149 -1.23152 0.136018 -0.990598 -0.0146482
-17.9624 91.1679 -2.30995 0.177038 -0.983882 -0.0251532
-18.882 90.9934 -3.39513 0.230515 -0.973065 -0.00255188
-19.8567 90.7655 -4.21732 0.232448 -0.972569 -0.00881971
-20.7336 90.5448 -5.13398 0.259457 -0.965706 0.00641328
-21.8462 90.2311 -6.06775 0.269251 -0.963042 -0.00663862
-22.9217 89.9266 -7.22807 0.299529 -0.954048 -0.00852406
-23.8878 89.6128 -8.0839 0.326613 -0.945158 -0.000451465
-24.8306 89.2793 -9.16815 0.348778 -0.937163 -0.00216089
-25.7842 88.9262 -10.1391 0.347104 -0.937808 -0.00587494
-26.7263 88.5681 -10.9469 0.370728 -0.928695 -0.0092952
-26.8993 88.5019 -11.2277 0.370463 -0.928798 -0.00952774
-28.6485 87.7687 -11.4348 0.397017 -0.91773 -0.0121544
-27.6694 88.1873 -10.489 0.390288 -0.920681 -0.00119585
-26.6209 88.6056 -9.55 0.356948 -0.934095 -0.0073281
-25.6544 88.9677 -8.62155 0.355885 -0.934525 -0.00287955
-24.6787 89.3302 -7.66668 0.340087 -0.940355 -0.00846781
-23.6357 89.6946 -6.64191 0.309158 -0.950994 -0.000839167
-22.7042 89.9783 -5.62011 0.292324 -0.956232 -0.0129247
-21.7376 90.2598 -4.79361 0.278119 -0.960529 0.00187099
-20.7613 90.5391 -3.95127 0.277131 -0.960823 -0.00420034
-19.7934 90.7731 -2.88105 0.241629 -0.97031 -0.0103882
-18.6321 91.0296 -1.79171 0.210864 -0.977486 -0.00621564
-17.7602 91.177 -0.665532 0.176564 -0.984226 -0.0110539
-16.8962 91.3134 0.28616 0.142163 -0.989819 0.00693294
-15.7827 91.4763 1.24358 0.104861 -0.994339 0.0123918
-14.8308 91.5756 2.11928 0.08916 -0.995973 -0.00562747
-13.8835 91.6368 3.36351 0.0644259 -0.997651 -0.0162014
-12.7639 91.6631 4.18359 0.0238413 -0.999558 -0.0176825
-11.8967 91.6538 5.17501 0.00450646 -0.999791 -0.01988
-10.9392 91.6295 6.03471 -0.021698 -0.999642 -0.00456955
-9.83435 91.5801 7.06489 -0.0788541 -0.996841 -0.00944054
-8.80675 91.4819 8.09313 -0.109115 -0.994023 -0.00343421
-7.91394 91.3698 9.02806 -0.118692 -0.992834 -0.0134715
-6.839 91.2115 10.1048 -0.1516 -0.988383 0.0106599
-5.90664 91.063 11.183 -0.179286 -0.983721 0.00467317
-4.94926 90.8756 12.1538 -0.207706 -0.978167 0.00664199
-4.61124 90.8056 12.4514 -0.218044 -0.975878 0.00295597
-6.03943 91.0953 12.3983 -0.178273 -0.983942 0.00871704
-6.95587 91.2419 11.2999 -0.160249 -0.986981 0.0127435
-8.02755 91.385 10.1752 -0.122593 -0.992329 0.00896919
-9.09496 91.5072 9.03623 -0.110764 -0.993824 -0.00533041
-10.078 91.5932 8.11444 -0.0681359 -0.997646 -0.00770122
-11.1317 91.6393 7.08913 -0.0103436 -0.999886 -0.0080109
-12.1157 91.6384 6.24019 0.00505324 -0.999946 -0.000605444
-13.076 91.635 5.13203 0.0384092 -0.999194 -0.011587
-14.3402 91.5909 4.21349 0.0695964 -0.997458 -0.0152977
-15.2752 91.5227 3.15538 0.0986024 -0.995109 -0.00543657
-16.232 91.4227 2.10609 0.122866 -0.992389 -0.00820775
-17.3147 91.2588 1.23257 0.160295 -0.987015 0.00217138
-18.2402 91.0951 0.235845 0.17138 -0.985177 0.00735794
-19.0534 90.9284 -0.863768 0.221991 -0.975008 -0.00156135
-19.985 90.7155 -1.89232 0.24561 -0.969327 -0.00905188
-20.954 90.4785 -2.80745 0.264182 -0.964321 -0.006305
-21.939 90.1967 -3.80213 0.28227 -0.959322 -0.00394308
-23.0283 89.873 -4.63626 0.292224 -0.956335 0.00177819
-24.028 89.5523 -5.71676 0.320956 -0.947034 -0.010587
-24.965 89.2232 -6.58299 0.347076 -0.937835 -0.00206217
-25.9177 88.8663 -7.67774 0.353353 -0.935488 -0.00171841
-26.9733 88.4643 -8.62534 0.357926 -0.93374 -0.00423847
-27.9408 88.0712 -9.39886 0.390345 -0.920665 -0.00162926
-28.7707 87.713 -10.3295 0.40388 -0.914809 -0.00146796
-29.696 87.2994 -11.3074 0.412633 -0.910852 -0.00779183
-29.9384 87.1941 -11.62 0.413182 -0.910571 -0.0118201
-30.9871 86.7093 -11.6516 0.422011 -0.90657 -0.0061981
-30.105 87.1133 -10.4937 0.414384 -0.910099 0.00225647
-29.292 87.483 -9.53592 0.40736 -0.913247 0.00609109
-28.2539 87.9366 -8.46528 0.394065 -0.919081 -0.00188379
-27.2114 88.3666 -7.61131 0.369327 -0.92929 -0.00092296
-26.1374 88.7842 -6.59195 0.356653 -0.934237 -0.000376115
-25.2593 89.1112 -5.64468 0.348068 -0.937461 -0.00385133
-24.3005 89.4502 -4.66848 0.321045 -0.947036 -0.00720333
-23.2449 89.8008 -3.61841 0.315584 -0.948852 -0.00909205
-22.1122 90.1451 -2.71644 0.286052 -0.958132 0.00325016
-21.0119 90.4489 -1.6283 0.258805 -0.965867 -0.010262
-19.9114 90.725 -0.495452 0.236564 -0.971614 -0.00201914
-19.0988 90.9193 0.674161 0.216508 -0.97628 5.69124e-05
-18.241 91.094 1.64847 0.188211 -0.982009 -0.0082121
-17.2229 91.2614 2.53129 0.173174 -0.984817 -0.0120806
-16.0748 91.4188 3.63197 0.127834 -0.991604 -0.0190124
-15.2313 91.5117 4.64417 0.118709 -0.992892 -0.00857692
-14.1613 91.5835 5.5135 0.0738524 -0.997195 -0.00925497
-13.1028 91.6251 6.49517 0.0384616 -0.999257 -0.00214703
-12.1506 91.64 7.4063 0.00776132 -0.999901 -0.00927779
-11.1526 91.632 8.32344 -0.0186599 -0.999789 0.00650015
-10.1255 91.5893 9.29095 -0.0656635 -0.997842 -0.000148666
-9.19109 91.5086 10.256 -0.0891862 -0.996005 -0.00318068
-8.13369 91.4068 11.3371 -0.107898 -0.994158 0.00294515
-7.22917 91.2958 12.4118 -0.145852 -0.989304 0.00134442
-7.11973 91.2801 12.5321 -0.147037 -0.989126 0.00250531
-8.42372 91.4436 12.3823 -0.103432 -0.994575 0.00827928
-9.401 91.5271 11.3293 -0.0771287 -0.997017 0.00124196
-10.4139 91.6024 10.2655 -0.0509869 -0.998658 -0.00907298
-11.3418 91.6345 9.35686 0.00624198 -0.999969 0.00304486
-12.4493 91.6294 8.34089 0.00768948 -0.99997 -0.000727716
-13.4636 91.609 7.42559 0.0423617 -0.999072 -0.00663834
-14.5602 91.5517 6.404 0.0761982 -0.997087 -0.00321055
-15.7061 91.4483 5.46618 0.116351 -0.993189 -0.00569279
-16.598 91.3406 4.46637 0.14125 -0.989962 -0.00292884
-17.5193 91.1999 3.49381 0.173935 -0.984714 -0.00917062
-18.5573 91.0193 2.63583 0.180853 -0.98346 -0.0090884
-19.5684 90.7996 1.55698 0.242461 -0.970085 -0.0110642
-20.3139 90.6245 0.508055 0.250981 -0.967934 -0.0103873
-21.1841 90.3989 -0.556873 0.25854 -0.965996 -0.00196726
-22.2146 90.1143 -1.55712 0.272694 -0.962092 -0.00404869
-23.3538 89.755 -2.55961 0.305464 -0.95217 0.00272844
-24.3821 89.4142 -3.47018 0.327668 -0.944769 -0.0064602
-25.2685 89.0984 -4.41086 0.346077 -0.938168 -0.00849211
-26.3141 88.7059 -5.45035 0.36188 -0.932202 -0.00593736
-27.4305 88.2778 -6.59116 0.374382 -0.927255 -0.00598272
-28.4917 87.8317 -7.50615 0.396437 -0.918057 -0.00159198
-29.4119 87.4276 -8.34905 0.413551 -0.910469 -0.00462997
-30.2469 87.0471 -9.33089 0.419104 -0.907937 0.0013099
-31.2138 86.5994 -10.5366 0.423501 -0.905895 -9.99212e-05
-31.7727 86.3389 -11.3073 0.435101 -0.900379 -0.00210433
-32.7002 85.8891 -11.2054 0.442292 -0.896863 -0.00215888
-31.9377 86.2556 -10.1228 0.433355 -0.901216 -0.00329795
-31.1484 86.6265 -9.07375 0.427747 -0.90388 -0.00516375
-30.1595 87.0836 -7.87683 0.418993 -0.907964 -0.00527659
-29.0444 87.5899 -6.82733 0.413417 -0.910535 -0.000774415
-28.1264 87.9858 -6.00157 0.386088 -0.922456 -0.00313852
-27.2092 88.3502 -5.10591 0.370207 -0.928889 -0.0105678
-26.3327 88.6949 -4.17028 0.367497 -0.930023 0.000308893
-25.4056 89.0452 -3.25092 0.350227 -0.936662 -0.00116099
-24.5193 89.3666 -2.34505 0.334621 -0.942344 0.00400916
-23.5294 89.7018 -1.5472 0.314673 -0.949168 -0.00778884
-22.5652 90.0046 -0.674864 0.292775 -0.956074 -0.013983
-21.6536 90.2635 0.319159 0.267288 -0.963571 -0.00915118
-20.7954 90.4852 1.38409 0.257933 -0.96607 -0.0133573
-19.8305 90.7282 2.6165 0.244236 -0.969693 -0.00622469
-18.9409 90.9261 3.54583 0.224712 -0.974275 -0.0168577
-17.8586 91.1309 4.46048 0.174357 -0.984641 -0.00902544
-16.9968 91.2628 5.42078 0.163073 -0.986482 -0.0160442
-15.9726 91.4096 6.46998 0.133967 -0.990546 -0.0181379
-14.8953 91.5096 7.35085 0.0953469 -0.995256 -0.0167426
-13.9219 91.5752 8.25513 0.0537113 -0.998505 -0.0101371
-12.9131 91.6101 9.13002 0.0429478 -0.99892 -0.0177296
-11.6582 91.6363 10.2717 0.0101146 -0.999948 0.000413474
-10.6766 91.6088 11.2823 -0.054257 -0.998487 -0.00511173
-9.7413 91.5511 12.2913 -0.0736611 -0.997215 0.00747942
-9.40573 91.5327 12.6548 -0.0727104 -0.997209 0.0169413
-10.7274 91.6144 12.605 -0.0488777 -0.998624 0.0185328
-11.6416 91.6297 11.5706 -0.0112281 -0.999888 0.00990408
-12.6563 91.6167 10.603 0.0270162 -0.999634 -0.00170114
-13.6855 91.5739 9.6735 0.0445584 -0.998972 0.00815945
-14.8816 91.4884 8.60692 0.10046 -0.994718 -0.0210391
-15.8999 91.3859 7.71536 0.124595 -0.992009 -0.0195722
-17.0444 91.2339 6.69968 0.155848 -0.987653 -0.0155522
-17.9704 91.0929 5.70697 0.174855 -0.984433 -0.0178275
-19.0185 90.8902 4.72539 0.21334 -0.976912 -0.0099635
-20.1822 90.6325 3.54599 0.252908 -0.967417 -0.0108587
-21.1939 90.3732 2.39747 0.262392 -0.964908 -0.00673435
-21.9766 90.1602 1.35642 0.280714 -0.959766 -0.00677998
-22.9369 89.8787 0.251659 0.30331 -0.952834 -0.0104351
-23.9316 89.5578 -0.715875 0.323115 -0.9463 -0.0105393
-25.0881 89.161 -1.67863 0.339048 -0.940753 -0.00541074
-26.0767 88.7917 -2.65647 0.357065 -0.934056 0.00637993
-26.9843 88.4384 -3.57779 0.372021 -0.928207 0.00357872
-27.9589 88.0464 -4.58566 0.384909 -0.922922 -0.00526203
-29.0459 87.585 -5.60834 0.405919 -0.913867 -0.00817025
-29.9811 87.1614 -6.47941 0.418948 -0.90801 0.00102532
-30.8593 86.7533 -7.38284 0.424731 -0.905311 -0.00381164
-31.6827 86.3677 -8.37605 0.431809 -0.901937 -0.00716432
-32.4554 85.9998 -9.38765 0.442413 -0.896793 -0.0057354
-33.1779 85.6473 -10.4136 0.449759 -0.89313 -0.00583248
-33.425 85.5251 -10.7926 0.451951 -0.892022 -0.00610214
-34.1333 85.1616 -10.3714 0.458276 -0.888782 -0.00703122
-33.443 85.5063 -9.30703 0.450502 -0.892751 -0.00664778
-32.5256 85.9557 -8.06211 0.442991 -0.896514 -0.00397244
-31.7109 86.3519 -7.06572 0.428186 -0.903688 -0.000964124
-30.8586 86.7515 -6.13568 0.426587 -0.904439 -0.00213769
-29.9297 87.1827 -5.24677 0.418627 -0.908135 -0.00486918
-28.8163 87.6786 -4.18001 0.405516 -0.914082 0.000799039
-27.7714 88.1141 -3.11532 0.380951 -0.924586 -0.00420625
-26.8756 88.4796 -2.22047 0.374136 -0.927344 -0.0065954
-25.9003 88.8581 -1.24184 0.35685 -0.934081 -0.010988
-24.8211 89.2474 -0.288954 0.331659 -0.943342 -0.00776427
-23.8359 89.5806 0.613954 0.315451 -0.948923 -0.00580586
-22.9291 89.8674 1.62535 0.302497 -0.953068 -0.0125226
-22.133 90.0965 2.64693 0.287017 -0.957767 -0.0172522
-21.2429 90.3509 3.74173 0.263071 -0.964733 -0.00100893
-20.2169 90.6097 4.83544 0.246065 -0.969188 -0.0106874
-19.109 90.8667 5.86371 0.223076 -0.974792 4.59334e-05
-18.2148 91.0279 6.78992 0.175442 -0.984362 -0.0144775
-17.2604 91.1953 7.73724 0.145498 -0.989351 -0.00378438
-16.2854 91.3313 8.60861 0.121866 -0.992519 -0.0030357
-15.2855 91.4394 9.46658 0.0931087 -0.995613 -0.00926762
-14.0799 91.5513 10.5478 0.0632007 -0.997949 0.00704764
-13.0551 91.6075 11.4594 0.0341783 -0.999355 0.0101246
-12.0013 91.6427 12.5366 -0.00936097 -0.999864 0.0134371
-11.8431 91.6436 12.7053 -0.00555033 -0.999655 0.023662
-13.1201 91.611 12.6694 0.0473463 -0.998877 0.000282329
-14.1177 91.5435 11.7408 0.0770324 -0.996963 -0.0114382
-15.1938 91.4441 10.7726 0.109209 -0.994011 -0.00392473
-16.2487 91.3222 9.84749 0.124235 -0.992093 -0.0177912
-17.2263 91.196 8.96954 0.149688 -0.988716 -0.0057731
-18.2951 91.0081 8.01425 0.195442 -0.980706 -0.00409454
-19.4693 90.7771 6.78191 0.224054 -0.974085 -0.0306645
-20.4587 90.5415 5.91064 0.254332 -0.967107 -0.0035761
-21.4173 90.2921 4.89919 0.262631 -0.964777 -0.0144415
-22.275 90.047 3.92907 0.285672 -0.958327 0.000821291
-23.1162 89.7932 2.85126 0.295593 -0.955272 -0.00900077
-23.9096 89.5498 1.83813 0.317138 -0.948375 0.00119351
-24.7997 89.2453 0.930716 0.338054 -0.941036 -0.00981198
-25.828 88.8701 0.0177886 0.352135 -0.935933 -0.00547176
-26.7949 88.5015 -0.877932 0.37175 -0.928292 -0.008719
-27.7803 88.1082 -1.87515 0.382545 -0.923922 -0.00340686
-28.9197 87.6317 -3.00993 0.401727 -0.915714 -0.00836456
-29.8536 87.2069 -3.98587 0.418081 -0.908373 -0.00726283
-30.7751 86.7847 -4.848 0.423761 -0.905758 -0.00545843
-31.821 86.2914 -5.86764 0.435065 -0.900368 -0.007199
-32.6297 85.9021 -6.84287 0.441703 -0.897155 -0.00316906
-33.3948 85.5233 -7.81908 0.448095 -0.893984 -0.00184568
-34.1929 85.1227 -8.88806 0.456615 -0.889663 -0.00167967
-34.8447 84.7909 -9.95352 0.462386 -0.886648 -0.00713401
-35.4462 84.4729 -9.30975 0.466809 -0.88434 -0.00563969
-34.7457 84.8345 -8.23822 0.46309 -0.886287 -0.00641407
-33.896 85.2697 -7.05594 0.458084 -0.888904 -0.00300251
-33.1153 85.6592 -6.06414 0.446053 -0.894985 -0.00621057
-32.1351 86.1331 -4.95728 0.440368 -0.897812 -0.0027844
-31.151 86.6035 -4.01285 0.428532 -0.903504 -0.00444861
-30.1366 87.0703 -3.04823 0.420787 -0.907146 -0.00504452
-29.0979 87.5426 -1.92675 0.412271 -0.911034 -0.00415078
-28.1805 87.9333 -1.0172 0.3887 -0.921315 -0.00936211
-27.1284 88.3645 0.0202778 0.376177 -0.926522 0.00153404
-26.1919 88.7284 0.885361 0.357153 -0.933955 0.0127597
-25.1612 89.1126 1.89814 0.343342 -0.93921 0.00050541
-24.2587 89.4245 2.84235 0.328877 -0.94426 -0.0141554
-23.4399 89.6788 3.90187 0.304236 -0.95257 -0.00638675
-22.6029 89.9448 4.92739 0.294389 -0.955625 -0.0048392
-21.7124 90.2039 5.92252 0.270923 -0.962556 -0.000690854
-20.6822 90.4719 6.92468 0.251265 -0.967695 -0.0207607
-19.5891 90.7206 7.94972 0.232738 -0.972524 -0.00439998
-18.6552 90.9332 8.91505 0.197346 -0.98033 -7.30706e-05
-17.6363 91.1268 9.83683 0.153602 -0.988042 -0.00907838
-16.613 91.2657 10.7539 0.134027 -0.990942 -0.00532336
-15.5304 91.4053 11.687 0.110521 -0.993779 0.00420527
-14.5056 91.5116 12.5972 0.0853667 -0.996312 0.00743436
-14.2057 91.5378 12.8857 0.0812681 -0.996675 0.00588383
-15.5098 91.4143 12.889 0.122381 -0.992469 0.0047121
-16.6631 91.2592 11.8862 0.130271 -0.99146 0.00550127
-17.8176 91.0888 10.8789 0.172034 -0.985009 -0.0118038
-18.8097 90.8953 9.99933 0.214747 -0.976598 0.00303232
-19.7502 90.6798 9.12175 0.232971 -0.972476 -0.00365769
-20.637 90.4606 8.18139 0.247921 -0.968737 -0.00860739
-21.7386 90.188 7.19086 0.263537 -0.964591 -0.0106261
-22.6177 89.9334 6.2715 0.29753 -0.954704 -0.00131985
-23.5063 89.6518 5.21556 0.313711 -0.9495 -0.00594245
-24.3696 89.3629 4.15676 0.328262 -0.9445 -0.0128135
-25.1564 89.0991 3.14899 0.351581 -0.936064 -0.0132048
-26.0774 88.7667 2.25037 0.353796 -0.935186 -0.0156353
-26.9831 88.4208 1.36675 0.388571 -0.921417 -0.00151732
-27.9271 88.023 0.461905 0.393196 -0.919426 -0.00686447
-29.0525 87.5485 -0.631308 0.407113 -0.913256 -0.01486
-29.9986 87.1281 -1.61161 0.42026 -0.907399 -0.0028846
-30.9661 86.6826 -2.6276 0.421731 -0.906699 -0.00627958
-31.8814 86.2502 -3.52141 0.434547 -0.90063 -0.0059223
-32.7766 85.8154 -4.37467 0.442925 -0.896556 -0.00197459
-33.7021 85.3616 -5.46004 0.452097 -0.891935 -0.00590773
-34.6028 84.9027 -6.61055 0.461489 -0.887143 -0.00197964
-35.4315 84.4699 -7.73926 0.468449 -0.883474 -0.00436389
-35.9826 84.183 -8.56059 0.472022 -0.881572 -0.00500526
-36.4729 83.9137 -7.76858 0.476742 -0.879016 -0.00694183
-35.7134 84.3186 -6.6815 0.473091 -0.880983 -0.00687248
-34.762 84.8125 -5.43536 0.466343 -0.884582 -0.00624066
-33.8556 85.2747 -4.2589 0.461207 -0.887266 -0.0052072
-32.877 85.7631 -3.28015 0.443925 -0.896047 -0.00546982
-31.8695 86.2497 -2.29772 0.435046 -0.900402 -0.00337075
-30.9827 86.669 -1.42133 0.425266 -0.905059 -0.00401489
-30.0176 87.1091 -0.378556 0.415137 -0.909722 -0.00821148
-28.9693 87.567 0.676146 0.402889 -0.915196 -0.0098709
-27.9773 87.9973 1.61985 0.398476 -0.917147 -0.00760583
-26.9832 88.405 2.6146 0.370117 -0.928795 -0.0188007
-25.9825 88.7815 3.60911 0.357866 -0.933681 -0.0130554
-25.1446 89.0847 4.61588 0.34332 -0.939124 -0.0102783
-24.3084 89.3763 5.6366 0.331027 -0.943587 -0.00807114
-23.5049 89.6432 6.61848 0.323782 -0.946041 -0.0115821
-22.6587 89.9125 7.57857 0.29464 -0.955399 -0.0158582
-21.6323 90.1979 8.49485 0.280645 -0.959677 -0.0160616
-20.7097 90.433 9.45728 0.254953 -0.966869 -0.0127919
-19.5698 90.7185 10.5397 0.228704 -0.973492 0.00272679
-18.5971 90.9355 11.3987 0.21899 -0.975632 -0.0126334
-17.5685 91.1174 12.3754 0.173012 -0.984896 -0.00252111
-16.7344 91.2497 13.0598 0.151309 -0.988478 0.00418088
-18.0143 91.0373 13.2372 0.19033 -0.981653 0.0114947
-18.9866 90.8414 12.2606 0.22517 -0.974304 -0.00370568
-20.0613 90.5901 11.3403 0.253662 -0.967279 -0.00484268
-21.1221 90.3102 10.3075 0.264756 -0.964245 -0.00757495
-22.1832 90.0289 9.22711 0.277099 -0.960781 -0.0107669
-23.1748 89.7268 8.33075 0.305297 -0.952114 -0.0121322
-24.1377 89.4189 7.24378 0.327082 -0.9449 -0.0121159
-25.0086 89.1151 6.19316 0.343588 -0.939022 -0.0135102
-25.9292 88.7858 5.07524 0.351688 -0.936053 -0.0109109
-26.8744 88.4292 3.97219 0.3678 -0.929875 -0.00713861
-27.8812 88.0243 2.95453 0.392819 -0.91957 -0.00920307
-28.8811 87.5968 1.97057 0.405079 -0.914274 -0.00364396
-29.9376 87.1313 0.951724 0.412811 -0.910772 -0.00893094
-30.8893 86.7048 -0.0156834 0.425185 -0.905084 -0.00638772
-31.7719 86.2917 -0.979578 0.436397 -0.899746 -0.00242423
-32.6415 85.8703 -1.86314 0.441294 -0.897342 -0.00590272
-33.5774 85.4099 -2.77055 0.455043 -0.890466 -0.0025631
-34.4661 84.9556 -3.68685 0.46301 -0.886351 -0.00189709
-35.3277 84.5086 -4.79609 0.468774 -0.883283 -0.00784323
-36.151 84.0759 -5.86581 0.477073 -0.878832 -0.00751608
-36.8484 83.7048 -6.85155 0.478357 -0.87815 -0.00516165
-37.1481 83.5332 -5.82209 0.479323 -0.877601 -0.00806652
-36.3921 83.938 -4.81757 0.476682 -0.879063 -0.00483476
-35.6237 84.346 -3.78696 0.469284 -0.883038 -0.00327285
-34.811 84.7713 -2.7962 0.465458 -0.885064 -0.00330892
-33.8609 85.2597 -1.84664 0.458155 -0.888851 -0.00607429
-32.9614 85.706 -0.955634 0.447015 -0.894512 -0.00419991
-32.0076 86.1741 0.0493144 0.439366 -0.898305 -0.00225901
-31.0616 86.6194 1.04664 0.42297 -0.90614 -0.000659967
-30.0522 87.0707 2.03629 0.410546 -0.91181 -0.00741454
-28.9991 87.5366 3.09248 0.410658 -0.91176 -0.00729436
-28.0609 87.9422 4.01618 0.392364 -0.91978 -0.00429694
-27.1916 88.2955 4.95715 0.376976 -0.926135 -0.00428566
-26.33 88.6255 5.97737 0.358089 -0.93363 -0.00971341
-25.4871 88.9314 7.04733 0.345107 -0.938523 -0.00867844
-24.6172 89.2419 8.02942 0.33808 -0.94104 -0.00959132
-23.6738 89.5573 9.07626 0.316422 -0.94859 -0.00703367
-22.6029 89.8895 10.0909 0.307138 -0.95147 -0.0192158
-21.4934 90.206 11.2142 0.269728 -0.962934 -0.00194747
-20.5183 90.4689 12.1585 0.248901 -0.968509 0.00581021
-19.56 90.7099 13.0012 0.223962 -0.974558 0.0087751
-18.9569 90.8533 13.5779 0.212426 -0.977092 0.00608601
-20.0207 90.6094 13.8378 0.236509 -0.971567 0.00829554
-21.1519 90.3055 12.7956 0.270171 -0.962808 -0.0028305
-22.0642 90.0409 11.9053 0.282078 -0.959381 -0.00119481
-23.0593 89.7325 10.8825 0.310577 -0.950524 -0.00589454
-23.9879 89.4367 9.98508 0.333877 -0.942482 -0.0158741
-24.8725 89.1345 9.08463 0.34117 -0.939837 -0.017275
-25.8924 88.7669 7.93112 0.361502 -0.932268 -0.013866
-26.7057 88.4686 6.928 0.367281 -0.929988 -0.0150792
-27.5597 88.1354 5.91495 0.385911 -0.922523 -0.00483699
-28.5542 87.7181 4.79117 0.400829 -0.916088 -0.0107413
-29.5417 87.2868 3.81241 0.409459 -0.912308 -0.00604837
-30.4268 86.8902 2.90165 0.417915 -0.908392 -0.0129782
-31.5226 86.3918 1.83288 0.428337 -0.903424 -0.0186895
-32.422 85.9629 0.906475 0.446721 -0.894588 -0.0123069
-33.4066 85.4799 -0.172916 0.45201 -0.891984 -0.00713192
-34.272 85.0424 -1.04837 0.457911 -0.888979 -0.00583791
-35.2569 84.5337 -2.03006 0.46623 -0.884656 -0.00360602
-36.0464 84.1164 -2.97111 0.473212 -0.880945 -0.00253332
-36.9502 83.6322 -4.15038 0.477703 -0.878517 -0.0026569
-37.4931 83.3391 -4.88402 0.48076 -0.876842 -0.00416119
-37.8333 83.147 -3.93472 0.484127 -0.874996 -0.00164031
-37.0411 83.5769 -2.87714 0.480398 -0.877027 -0.00636155
-36.1801 84.0404 -1.80343 0.476489 -0.879157 -0.00643279
-35.3528 84.4755 -0.907331 0.466869 -0.884297 -0.00724928
-34.455 84.9415 -0.00715144 0.460513 -0.887616 -0.00731556
-33.5132 85.4135 0.992364 0.450456 -0.892714 -0.0122611
-32.5856 85.868 1.99917 0.442087 -0.896951 -0.00618414
-31.6382 86.322 2.94955 0.427145 -0.904152 -0.00749214
-30.7279 86.7453 3.84608 0.422734 -0.90625 -0.00246948
-29.8434 87.1456 4.74925 0.409065 -0.912485 -0.00593347
-28.9439 87.5397 5.6609 0.403466 -0.914962 -0.007021
-28.1271 87.8908 6.63124 0.402753 -0.915268 -0.00866707
-27.1274 88.286 7.81034 0.373368 -0.927501 -0.0170081
-26.1594 88.6471 8.98317 0.360943 -0.932466 -0.0150275
-25.2386 88.9846 9.97447 0.348198 -0.937247 -0.0179906
-24.1813 89.3515 11.0263 0.3322 -0.943191 -0.00391446
-23.2387 89.6751 11.9826 0.308663 -0.951168 -0.00147342
-22.3121 89.9603 12.9467 0.294729 -0.955557 -0.00524106
-21.3039 90.2638 13.8945 0.28449 -0.95866 -0.00122108
-21.029 90.342 14.1528 0.264876 -0.964265 0.00550701
-22.038 90.0422 14.4994 0.291547 -0.956519 0.00846297
-22.9228 89.766 13.5865 0.301042 -0.953602 -0.00403302
-23.8753 89.462 12.6178 0.325176 -0.945626 -0.00139876
-25.0607 89.0378 11.4013 0.345528 -0.938405 -0.0024501
-25.9957 88.6953 10.437 0.350728 -0.936393 -0.0123511
-26.913 88.3476 9.43985 0.367101 -0.930136 -0.00906964
-27.7511 88.0233 8.42094 0.381216 -0.924447 -0.00849505
-28.6947 87.6346 7.3152 0.401895 -0.915631 -0.00985164
-29.6922 87.2012 6.14448 0.408425 -0.912748 -0.00892668
-30.8283 86.6911 5.04459 0.422429 -0.906374 -0.00620396
-31.722 86.275 4.11862 0.429244 -0.90318 -0.00397092
-32.6457 85.8316 3.17967 0.443753 -0.896133 -0.00523923
-33.5644 85.3772 2.20911 0.452148 -0.891935 -0.00380628
-34.6172 84.847 1.07752 0.460752 -0.887484 -0.00869308
-35.554 84.362 0.0931827 0.469215 -0.883067 -0.0050938
-36.4657 83.8783 -0.870607 0.473917 -0.88055 -0.00560412
-37.2834 83.437 -1.77722 0.480314 -0.877088 -0.00387334
-38.0183 83.0387 -2.78491 0.484155 -0.874946 -0.00790023
-38.1608 82.9527 -1.52882 0.48398 -0.875074 -0.00291364
-37.2927 83.4268 -0.485261 0.480063 -0.877227 -0.00355258
-36.2869 83.9667 0.581997 0.47225 -0.881448 -0.00543678
-35.3887 84.4402 1.49573 0.465451 -0.885053 -0.00503749
-34.3803 84.9615 2.58765 0.457978 -0.888952 -0.00276047
-33.4995 85.4035 3.54563 0.44976 -0.893126 -0.00636241
-32.3553 85.9636 4.71945 0.440748 -0.897595 -0.00728114
-31.3648 86.4344 5.70559 0.434064 -0.900859 -0.00632671
-30.4167 86.8687 6.64608 0.4187 -0.90808 -0.00839869
-29.5411 87.2552 7.70844 0.408662 -0.912665 -0.00608705
-28.7003 87.621 8.66467 0.394047 -0.919069 -0.00564194
-27.8553 87.9662 9.68121 0.383685 -0.923417 -0.00913996
-26.917 88.3337 10.7802 0.367524 -0.929964 -0.00965018
-25.9311 88.7089 11.8068 0.359987 -0.93287 -0.011933
-25.0205 89.047 12.7286 0.356433 -0.934321 8.76875e-05
-24.0341 89.4005 13.7566 0.325984 -0.945348 -0.00672434
-23.1144 89.7002 14.6813 0.311413 -0.950198 0.0120652
-22.809 89.8042 14.9937 0.311782 -0.950086 0.0113043
-23.7487 89.4931 15.3217 0.330416 -0.943818 0.00547829
-24.6929 89.1614 14.3351 0.333498 -0.942693 -0.00934742
-25.5993 88.8247 13.4178 0.361295 -0.932442 -0.00413629
-26.5384 88.4634 12.4319 0.367135 -0.93008 -0.0128031
-27.4394 88.1164 11.5019 0.374006 -0.927307 -0.0148733
-28.3406 87.7552 10.4802 0.385853 -0.922509 -0.00968849
-29.3192 87.3456 9.27983 0.409326 -0.912303 -0.0124687
-30.2201 86.9437 8.23904 0.419182 -0.907882 -0.00583725
-31.163 86.516 7.12168 0.425636 -0.904835 -0.00959325
-32.1624 86.0446 6.10966 0.438948 -0.89845 -0.0101218
-33.1273 85.5751 5.15927 0.447211 -0.89436 -0.0110033
-34.0386 85.1253 4.21184 0.453304 -0.891312 -0.00885224
-35.0238 84.6249 3.16196 0.462755 -0.886481 -0.00261189
-36.0743 84.0731 2.04269 0.469594 -0.882882 0.000462736
-36.989 83.5858 1.09062 0.475425 -0.879736 -0.00593244
-37.9169 83.0818 0.0860957 0.482313 -0.875992 -0.00316863
-38.4358 82.7966 -0.493853 0.485105 -0.874452 -0.00270797
-38.5412 82.7324 0.648717 0.488511 -0.872555 -0.00223052
-37.6918 83.2012 1.60016 0.482706 -0.875778 -0.00121866
-36.8476 83.6569 2.50309 0.474996 -0.879986 -0.0017113
-35.9809 84.1206 3.40256 0.469708 -0.882808 -0.00452731
-35.1263 84.5639 4.3246 0.462772 -0.886419 -0.0099634
-34.1425 85.0607 5.34216 0.451832 -0.892054 -0.00932982
-33.073 85.5884 6.42334 0.445339 -0.895347 -0.00480377
-32.0175 86.1037 7.47899 0.437715 -0.899097 -0.00528826
-31.1818 86.4946 8.43209 0.427772 -0.903851 -0.00796122
-30.34 86.8808 9.42658 0.424514 -0.905314 -0.0135105
-29.3576 87.3098 10.6072 0.40848 -0.912689 -0.0119059
-28.5158 87.6684 11.646 0.393342 -0.919304 -0.0127541
-27.6555 88.0155 12.5468 0.378167 -0.925669 -0.0111967
-26.6077 88.4281 13.6188 0.370553 -0.928811 -0.000699328
-25.6709 88.7944 14.6198 0.362875 -0.931836 0.00201921
-24.7725 89.1295 15.5784 0.342089 -0.939663 0.000984473
-24.5338 89.2175 15.7904 0.343354 -0.939172 0.00694849
-25.5025 88.8602 16.1118 0.357501 -0.933892 0.00466382
-26.3655 88.5227 15.1719 0.368573 -0.929598 -0.000663761
-27.3585 88.1242 14.1011 0.376242 -0.926508 -0.00447533
-28.4215 87.6905 13.0422 0.38482 -0.922985 -0.0032882
-29.3333 87.3065 12.058 0.409728 -0.912132 -0.0112197
-30.2795 86.8868 10.8524 0.420474 -0.90721 -0.0130719
-31.1744 86.4837 9.79365 0.425229 -0.905001 -0.0122064
-32.0098 86.0993 8.79404 0.431378 -0.902152 -0.00555147
-32.961 85.6388 7.77178 0.442405 -0.896804 -0.00430475
-33.8126 85.2148 6.88929 0.454311 -0.890831 -0.00458148
-34.6776 84.7826 6.01679 0.45678 -0.889537 -0.00856332
-35.5637 84.3275 5.14568 0.463594 -0.886036 -0.00445339
-36.4211 83.8772 4.19819 0.475229 -0.879835 -0.0069128
-37.284 83.4156 3.31116 0.479689 -0.877418 -0.00544511
-38.1688 82.9343 2.3838 0.486981 -0.873402 -0.00426028
-38.6908 82.6452 1.78425 0.488699 -0.872444 -0.00381023
-38.8448 82.5535 2.90267 0.48897 -0.872289 -0.00442045
-37.9725 83.0327 3.83728 0.48286 -0.875672 -0.00665885
-36.927 83.5972 4.88287 0.47682 -0.878973 -0.00697105
-35.913 84.1367 6.02233 0.469674 -0.882813 -0.00685374
-35.0038 84.6058 6.91971 0.463396 -0.886083 -0.0110316
-34.1526 85.0371 7.79647 0.453833 -0.891081 -0.00301405
-33.1128 85.5581 8.85745 0.449409 -0.893293 -0.00744827
-32.0959 86.042 10.0578 0.438073 -0.898843 -0.0131368
-31.2768 86.4172 11.0572 0.425357 -0.904964 -0.0105453
-30.3038 86.8614 12.2295 0.419703 -0.907641 -0.00614506
-29.4347 87.2504 13.2514 0.407391 -0.913231 -0.00499164
-28.4734 87.6653 14.2367 0.397139 -0.917717 -0.00872461
-27.4278 88.0956 15.3201 0.385232 -0.92282 -0.000538622
-26.5588 88.4469 16.2744 0.368283 -0.929714 1.19496e-05
-26.3048 88.5482 16.5355 0.367988 -0.929819 0.00364362
-27.2978 88.1462 16.7854 0.37878 -0.925476 0.00450061
-28.1968 87.7715 15.8093 0.397139 -0.917739 -0.00553454
-29.0609 87.4026 14.9034 0.401184 -0.915949 -0.00946739
-29.916 87.0277 14.0068 0.416025 -0.90933 -0.0065582
-30.7362 86.6563 13.0612 0.421075 -0.907007 -0.00556682
-31.587 86.2621 11.9894 0.427175 -0.904144 -0.00659059
-32.4822 85.8434 10.9351 0.437644 -0.89911 -0.00829946
-33.2951 85.453 9.97037 0.445608 -0.89519 -0.00825441
-34.1604 85.0255 9.01204 0.455797 -0.890045 -0.00831345
-35.1931 84.4995 7.98005 0.462194 -0.88677 -0.00370717
-36.2925 83.9278 6.87509 0.474018 -0.880478 -0.00776479
-37.138 83.4769 5.91412 0.477391 -0.878682 -0.0039721
-38.155 82.9245 4.85337 0.48186 -0.876231 -0.00541998
-38.7715 82.5857 4.23506 0.486664 -0.873581 -0.00360622
-38.6995 82.6186 5.52797 0.485663 -0.874135 -0.00416912
-37.8259 83.0975 6.46874 0.481402 -0.876497 -0.0022465
-36.986 83.5512 7.40512 0.475463 -0.879725 -0.00389686
-36.0878 84.0281 8.29741 0.468647 -0.883372 -0.00497579
-35.1852 84.4947 9.18946 0.462676 -0.886483 -0.00874583
-34.2701 84.9584 10.144 0.455646 -0.890108 -0.00951386
-33.2937 85.4397 11.3456 0.450879 -0.892555 -0.00733663
-32.4617 85.8399 12.2684 0.442249 -0.896885 -0.0036141
-31.5331 86.2805 13.4378 0.426284 -0.904579 -0.00433492
-30.5414 86.7368 14.5921 0.418314 -0.908278 -0.00628887
-29.655 87.1338 15.5476 0.410802 -0.911679 -0.00871147
-28.6673 87.5624 16.6101 0.40097 -0.916088 -0.000156955
-28.3819 87.6871 16.9038 0.398023 -0.917374 0.00131814
-29.323 87.2724 17.2174 0.407163 -0.913355 -0.000602319
-30.1498 86.9048 16.2903 0.412942 -0.910726 -0.00604909
-31.1252 86.4608 15.2397 0.42261 -0.906291 -0.0059881
-32.0337 86.0368 14.1795 0.440613 -0.897658 -0.00839212
-33.009 85.5669 12.9611 0.44385 -0.896091 -0.00415437
-33.8633 85.1453 11.9881 0.454468 -0.890724 -0.00839137
-34.6654 84.7466 11.0059 0.454284 -0.890793 -0.0106765
-35.6277 84.2572 9.96744 0.464209 -0.885717 -0.00397901
-36.5063 83.798 9.10464 0.47414 -0.880394 -0.00989457
-37.4996 83.2683 8.11434 0.478594 -0.878004 -0.00745975
-38.3134 82.8278 7.21211 0.482758 -0.875748 -0.00281399
-38.4837 82.7342 7.01958 0.483956 -0.875089 -0.00211729
-37.976 83.0024 8.8596 0.478718 -0.87794 -0.00703175
-37.0398 83.5029 9.77062 0.47503 -0.879939 -0.00730374
-36.1257 83.9864 10.6817 0.471467 -0.881832 -0.00955802
-35.2622 84.4313 11.6313 0.464364 -0.885592 -0.00960263
-34.3487 84.8918 12.7191 0.454461 -0.890738 -0.00719824
-33.5335 85.2978 13.6828 0.451564 -0.892226 -0.00478353
-32.7079 85.7013 14.6847 0.44075 -0.897598 -0.00737786
-31.8271 86.1255 15.7536 0.435029 -0.900368 -0.00930753
-30.8793 86.5652 16.7895 0.420832 -0.907133 -0.00326819
-30.4696 86.7528 17.2649 0.417077 -0.908851 -0.00582792
-31.9187 86.0719 16.9371 0.433666 -0.90106 -0.00458719
-32.9049 85.5951 15.8004 0.445201 -0.895404 -0.00682214
-33.8191 85.1456 14.7086 0.449887 -0.893041 -0.00894431
-34.6584 84.7245 13.6548 0.45828 -0.888792 -0.00531793
-35.4517 84.3228 12.7042 0.462477 -0.886596 -0.00747632
-36.4067 83.8276 11.6777 0.469928 -0.88268 -0.00658959
-37.3738 83.3165 10.6533 0.473976 -0.880521 -0.00537551
-37.4864 83.2565 10.5445 0.474317 -0.880335 -0.00585694
-36.3737 83.8351 12.9716 0.467341 -0.88405 -0.00683666
-35.5315 84.2717 13.9123 0.461064 -0.887346 -0.00610591
-34.675 84.7065 14.9889 0.455755 -0.890095 -0.00429707
-34.0984 84.9976 15.745 0.450119 -0.892958 -0.00346642
-20.3539 90.6738 -10.0007 0.249569 -0.968289 -0.0114417
-21.5681 90.3507 -10.3635 0.277705 -0.960633 -0.00637817
-22.4725 90.0855 -10.6318 0.296173 -0.955058 -0.0118197
-23.4224 89.7825 -10.8479 0.32618 -0.94523 -0.0112189
-24.4131 89.435 -11.1434 0.338536 -0.940943 -0.00432961
-25.4049 89.0763 -11.4537 0.349532 -0.936906 -0.00475869
-26.4508 88.6856 -11.7138 0.359777 -0.932902 -0.0116209
-27.5932 88.2274 -11.8914 0.386002 -0.92246 -0.00771955
-28.5016 87.8398 -11.9786 0.396044 -0.918125 -0.0139629
-29.4161 87.4366 -12.0984 0.411644 -0.911266 -0.0119522
-30.3099 87.0288 -12.1823 0.422527 -0.906327 -0.00646326
-31.4838 86.4795 -12.0925 0.429688 -0.902964 -0.00243953
-32.4572 86.0101 -11.8936 0.436674 -0.899604 -0.00386559
-33.3201 85.581 -11.5671 0.447017 -0.894519 -0.00301771
-34.1652 85.1502 -11.1274 0.456692 -0.889588 -0.00802358
-35.0179 84.7051 -10.4734 0.463484 -0.886071 -0.00772595
-35.7269 84.3275 -9.69543 0.466265 -0.884624 -0.0059193
-36.377 83.9736 -8.88546 0.471742 -0.881715 -0.00600978
-36.9333 83.666 -8.04053 0.477297 -0.878713 -0.00717145
-37.3894 83.4107 -7.05166 0.480269 -0.877108 -0.00478564
-37.7545 83.203 -5.99168 0.480228 -0.877112 -0.00750481
-38.0706 83.021 -4.81552 0.483276 -0.875445 -0.00637812
-38.4097 82.8254 -3.43033 0.487285 -0.873234 -0.00378272
-38.6262 82.7 -2.47804 0.487712 -0.872992 -0.00470324
-38.7619 82.6192 -1.4907 0.486409 -0.873727 -0.00268679
-38.9325 82.518 -0.245382 0.489125 -0.872201 -0.00470858
-39.0762 82.4325 0.728327 0.489175 -0.872182 -0.00256557
-39.2561 82.328 1.8558 0.489195 -0.872168 -0.00341698
-39.3304 82.2807 3.01073 0.489252 -0.872131 -0.00446622
-39.3315 82.2745 4.00374 0.486893 -0.873455 -0.00339544
-39.2172 82.3332 5.21296 0.485469 -0.874246 -0.00356717
-39.0324 82.4321 6.3785 0.483875 -0.875135 -0.00204707
-38.8331 82.5401 7.46511 0.483977 -0.875079 -0.00155104
-38.5783 82.6745 8.62218 0.481147 -0.876627 -0.00472876
-38.3041 82.8186 9.57215 0.478432 -0.878109 -0.00522043
-37.9493 83.0058 10.6637 0.476136 -0.879361 -0.00416346
-37.5464 83.2192 11.6126 0.475126 -0.879906 -0.00446508
-37.0795 83.463 12.6435 0.470545 -0.882365 -0.00448818
-36.5827 83.7211 13.5408 0.4675 -0.883989 -0.00263953
-36.0951 83.976 14.3414 0.463988 -0.885825 -0.00443131
-35.5534 84.2546 15.0992 0.460145 -0.887837 -0.00323179
-34.849 84.6147 15.7601 0.45601 -0.889973 -0.00197084
-34.1494 84.9693 16.3524 0.451338 -0.892344 -0.00367705
-33.3962 85.3449 16.8832 0.447221 -0.894418 -0.00321909
-32.3928 85.8395 17.277 0.440746 -0.897612 -0.00599671
-31.4943 86.2705 17.5689 0.429514 -0.90304 -0.00604063
-30.4858 86.7435 17.7654 0.418368 -0.908277 0.000873419
-29.5429 87.175 17.7443 0.410109 -0.91202 0.00192067
-28.4793 87.6461 17.6027 0.397314 -0.917645 0.00303346
-27.3608 88.1226 17.3534 0.388053 -0.921631 0.00154194
-26.3977 88.5126 17.0871 0.37079 -0.928716 0.00123655
-25.3462 88.9226 16.7287 0.356075 -0.934444 0.00436812
-24.3246 89.2973 16.2582 0.335916 -0.941814 0.0117207
-23.4641 89.5969 15.9149 0.32667 -0.945081 0.00887454
-22.5812 89.8854 15.5126 0.308484 -0.951161 0.0105338
-21.4951 90.2133 15.0762 0.285954 -0.957996 0.0191775
-20.4831 90.4953 14.6561 0.268475 -0.963245 0.00889169
-19.3892 90.7602 14.2243 0.226474 -0.973983 0.00813842
-18.3472 90.9782 13.9315 0.195839 -0.980617 0.00614922
-17.3623 91.1551 13.7185 0.156978 -0.987559 0.00689398
-16.2325 91.3226 13.5495 0.132615 -0.991123 0.00751169
-14.9978 91.479 13.4797 0.109526 -0.993767 0.0185097
-14.0054 91.5607 13.373 0.0794456 -0.996662 0.0184513
-12.959 91.6221 13.3046 0.0510346 -0.998625 0.011963
-11.9542 91.658 13.2027 0.00936012 -0.999622 0.0251556
-10.6461 91.6203 13.1179 -0.0508497 -0.998484 0.0210488
-9.57359 91.552 13.1252 -0.0669926 -0.997667 0.0131125
-8.4877 91.4553 13.1399 -0.109938 -0.993922 0.00565461
-7.45341 91.3322 13.0744 -0.141791 -0.989756 0.0150581
-6.45111 91.1778 13.0549 -0.167927 -0.985693 0.0110015
-5.4505 90.9922 13.0516 -0.188629 -0.981932 0.0151003
-4.5029 90.789 13.0802 -0.23116 -0.972669 0.021896
-3.51266 90.5494 13.1784 -0.254414 -0.966837 0.0222754
-2.54167 90.2898 13.2915 -0.273323 -0.961812 0.013874
-1.6103 90.0164 13.4212 -0.284416 -0.958582 0.015101
-0.602841 89.6985 13.6102 -0.315615 -0.948828 0.0106236
0.387237 89.3643 13.8352 -0.329823 -0.944018 0.00656882
1.33173 89.0204 14.1399 -0.352984 -0.935553 0.0105313
2.46481 88.5873 14.5069 -0.366531 -0.930322 0.0111603
3.4514 88.1903 14.7778 -0.385234 -0.922756 0.0107516
4.34407 87.8156 14.9976 -0.398349 -0.917183 0.00953069
5.43227 87.3341 15.1633 -0.416972 -0.908868 0.00966769
6.43166 86.8719 15.1884 -0.425099 -0.905106 0.00856617
7.29292 86.4654 15.0556 -0.429142 -0.903213 0.00641583
8.24712 86.0042 14.6963 -0.434696 -0.900574 0.00228487
9.03192 85.619 14.0628 -0.441282 -0.897363 0.00302467
9.66984 85.3036 13.1923 -0.446045 -0.89501 0.00127029
10.1909 85.0438 12.1797 -0.448699 -0.893683 0.000147792
10.6186 84.8261 11.1189 -0.452558 -0.891729 0.00321935
11.0445 84.6063 10.0226 -0.45545 -0.890252 0.00382484
11.4619 84.387 8.99586 -0.45972 -0.888049 0.00512196
11.8508 84.1783 7.86128 -0.462605 -0.886547 0.00541471
12.1126 84.0327 6.73601 -0.463632 -0.885998 0.00731868
12.2621 83.9471 5.7938 -0.463849 -0.885882 0.00744357
12.3995 83.8681 4.75536 -0.469162 -0.883097 0.00521108
12.5847 83.7595 3.55652 -0.471905 -0.881593 0.00992095
12.7053 83.6813 2.32309 -0.472018 -0.881532 0.00997294
12.6834 83.6825 1.31765 -0.472815 -0.881116 0.00897983
12.6377 83.6973 0.262431 -0.472668 -0.881213 0.00695719
12.6183 83.6994 -0.810225 -0.472707 -0.881193 0.00688914
12.537 83.7335 -1.78118 -0.47555 -0.879638 0.00948616
12.4292 83.7813 -2.80874 -0.476367 -0.879199 0.00905916
12.3268 83.8266 -3.84967 -0.474578 -0.880173 0.0084168
12.194 83.8891 -4.827 -0.473916 -0.880531 0.00823422
12.0294 83.9676 -5.79517 -0.472604 -0.881222 0.00960271
11.7442 84.1075 -6.93921 -0.471837 -0.88164 0.00898775
11.3551 84.304 -8.16158 -0.472551 -0.881234 0.0110787
10.9681 84.4958 -9.21111 -0.470293 -0.882423 0.0124511
10.6017 84.6794 -10.0846 -0.467324 -0.884032 0.00979179
10.1972 84.8834 -10.9397 -0.464267 -0.885646 0.00928899
9.74254 85.1102 -11.8836 -0.461147 -0.88727 0.00972417
9.16181 85.4021 -12.7817 -0.460324 -0.887712 0.00825601
8.61826 85.6772 -13.5496 -0.456349 -0.889784 0.0053553
7.89212 86.0436 -14.3315 -0.449731 -0.893148 0.00431246
7.16864 86.4032 -14.9581 -0.444028 -0.896007 0.00281616
6.24703 86.8581 -15.4812 -0.438302 -0.898825 -0.00167712
5.06101 87.4288 -15.7719 -0.429452 -0.903076 -0.00483039
4.18841 87.8342 -15.7326 -0.414247 -0.910158 -0.00351894
3.24557 88.2534 -15.5635 -0.403996 -0.914667 -0.0128555
2.29425 88.6603 -15.3355 -0.384431 -0.92307 -0.0103223
1.36546 89.04 -15.0468 -0.369959 -0.928926 -0.0150491
0.251513 89.4663 -14.5785 -0.355683 -0.934377 -0.0206096
-0.636729 89.789 -14.1572 -0.341276 -0.939695 -0.0223682
-1.6512 90.1291 -13.5917 -0.313124 -0.949529 -0.0182016
-2.42789 90.3751 -13.0413 -0.306812 -0.951539 -0.0209988
-3.38132 90.643 -12.4712 -0.268944 -0.962918 -0.0212016
-4.43309 90.9046 -11.8993 -0.245692 -0.968974 -0.0269212
-5.39168 91.1208 -11.4334 -0.215319 -0.975943 -0.0342024
-6.36706 91.2998 -11.0388 -0.176074 -0.983422 -0.0433326
-7.38129 91.4507 -10.6988 -0.154961 -0.987086 -0.0404808
-8.37809 91.5776 -10.3969 -0.120337 -0.992276 -0.0301322
-9.55457 91.6953 -10.1131 -0.0806724 -0.996285 -0.0284857
-10.6607 91.7519 -9.92951 -0.0314408 -0.998916 -0.0335209
-11.6113 91.7652 -9.82411 0.000303891 -0.99964 -0.0255124
-12.6691 91.7479 -9.66107 0.012382 -0.999416 -0.0318452
-13.8516 91.7074 -9.52375 0.0469926 -0.998505 -0.027908
-14.8157 91.6403 -9.45295 0.105387 -0.994243 -0.0193475
-15.9629 91.5038 -9.43397 0.130793 -0.991243 -0.0173297
-16.9699 91.3537 -9.4865 0.162115 -0.986626 -0.016993
-18.0531 91.164 -9.56157 0.193819 -0.980969 -0.0115305
-19.0052 90.9762 -9.70281 0.206862 -0.978281 -0.00733687
-20.0488 90.7451 -9.93622 0.222698 -0.974865 -0.00636181
-19.9167 90.7876 -10.8793 0.225721 -0.97408 -0.00770716
-18.6914 91.0635 -10.6179 0.204708 -0.978361 -0.0286178
-17.6914 91.2552 -10.499 0.171453 -0.984835 -0.0259963
-16.6893 91.4182 -10.4003 0.156495 -0.987091 -0.0328265
-15.6799 91.5617 -10.3851 0.138099 -0.990062 -0.0265365
-14.6247 91.6778 -10.4431 0.086692 -0.996015 -0.0122012
-13.6245 91.7419 -10.5032 0.0360949 -0.999045 -0.0238196
-12.6199 91.7742 -10.6267 0.0245372 -0.999465 -0.0215752
-11.2959 91.7903 -10.8024 -0.00256189 -0.999515 -0.0310249
-10.3456 91.7728 -10.9348 -0.0451588 -0.998357 -0.0350613
-9.24036 91.6996 -11.1389 -0.0938289 -0.994812 -0.0390448
-8.23487 91.5999 -11.4108 -0.124188 -0.991308 -0.0432753
-7.22083 91.4735 -11.7434 -0.159017 -0.986332 -0.042299
-6.22763 91.3172 -12.0952 -0.185962 -0.98146 -0.0450026
-5.26868 91.1297 -12.5397 -0.2322 -0.972084 -0.0318251
-4.17 90.8854 -13.1069 -0.257669 -0.965026 -0.0446075
-3.25294 90.6396 -13.6417 -0.273854 -0.960541 -0.0471048
-2.35936 90.3806 -14.2434 -0.313649 -0.948979 -0.0324623
-1.3659 90.0658 -14.8269 -0.327413 -0.94462 -0.0208038
-0.544498 89.7835 -15.233 -0.347938 -0.937263 -0.0213931
0.332175 89.4632 -15.6659 -0.366566 -0.929863 -0.0312499
1.21257 89.1238 -16.0079 -0.37705 -0.925732 -0.0289674
2.2553 88.7 -16.3064 -0.395204 -0.918263 -0.0227229
3.27098 88.2588 -16.5465 -0.402316 -0.915334 -0.0173353
4.14658 87.8626 -16.7542 -0.415139 -0.909585 -0.017109
5.11761 87.4103 -16.7727 -0.431183 -0.902093 -0.01761
6.08292 86.9444 -16.6087 -0.436928 -0.899361 -0.0150367
6.93784 86.5179 -16.2509 -0.443695 -0.896176 -0.0019031
7.80626 86.0817 -15.6964 -0.451988 -0.89202 -0.00167207
8.64844 85.6545 -14.9277 -0.455269 -0.890347 0.00347379
9.2928 85.3259 -14.1738 -0.460475 -0.887664 0.0040283
9.95941 84.9856 -13.1998 -0.461819 -0.886946 0.00672402
10.5012 84.7097 -12.3456 -0.463031 -0.886304 0.00821736
11.0533 84.43 -11.1785 -0.468087 -0.883649 0.00775229
11.4865 84.2092 -10.203 -0.47038 -0.882409 0.0098296
11.8861 84.0063 -9.23946 -0.470931 -0.882114 0.00989153
12.2701 83.8108 -8.16883 -0.474728 -0.880079 0.00970736
12.552 83.6697 -7.23613 -0.475171 -0.879829 0.0106644
12.8169 83.538 -6.25523 -0.47617 -0.879293 0.0102607
12.9853 83.4584 -5.22485 -0.475915 -0.879444 0.00914707
13.1274 83.3898 -4.21623 -0.477112 -0.878811 0.00744386
13.2489 83.3316 -3.25445 -0.478695 -0.877946 0.00777124
13.3498 83.2869 -2.24797 -0.478225 -0.878157 0.0118699
13.4868 83.2281 -0.95114 -0.477614 -0.878528 0.00849843
13.4807 83.2445 0.311523 -0.476701 -0.879022 0.0088154
13.507 83.2406 1.36161 -0.473476 -0.880767 0.00838008
13.5458 83.2323 2.51814 -0.473367 -0.880799 0.0108538
13.442 83.3014 3.60141 -0.471271 -0.88193 0.0101773
13.284 83.398 4.66403 -0.471404 -0.881858 0.010208
13.1621 83.472 5.64855 -0.4667 -0.884384 0.00751393
13.0018 83.565 6.59048 -0.465984 -0.884755 0.0081388
12.8297 83.6638 7.64668 -0.464439 -0.885583 0.0062465
12.4868 83.8525 8.64777 -0.463911 -0.885839 0.00867284
12.1336 84.0433 9.67961 -0.460894 -0.88743 0.00670301
11.721 84.2624 10.681 -0.456088 -0.889927 0.00363031
11.3468 84.457 11.5716 -0.454507 -0.890738 0.00306857
11.0276 84.622 12.5096 -0.451733 -0.892153 0.00022822
10.5152 84.8817 13.5186 -0.448214 -0.893925 0.00121666
9.94427 85.169 14.4278 -0.447539 -0.894254 0.00427239
9.21246 85.5354 15.227 -0.441765 -0.89712 0.00440122
8.32606 85.9731 15.7609 -0.436405 -0.899721 0.00719848
7.40807 86.4173 16.0281 -0.430525 -0.90255 0.0071097
6.29349 86.9452 16.1853 -0.421923 -0.906566 0.0108651
5.27855 87.411 16.116 -0.411032 -0.911573 0.00858867
4.21609 87.8818 15.9548 -0.395999 -0.918199 0.00941796
3.17298 88.3197 15.6797 -0.382802 -0.923711 0.0148522
2.28265 88.6751 15.4317 -0.362047 -0.931951 0.0197393
1.23494 89.0716 15.1114 -0.350158 -0.93645 0.0211735
0.181257 89.4506 14.7744 -0.329219 -0.943914 0.0252597
-0.967718 89.8284 14.4963 -0.307241 -0.951389 0.0214871
-1.89007 90.1142 14.3249 -0.286995 -0.957793 0.0162269
-2.97201 90.4237 14.196 -0.269731 -0.962677 0.0223345
-3.90101 90.6685 14.1107 -0.233064 -0.972069 0.0270825
-4.91236 90.907 14.0048 -0.198477 -0.979245 0.0330695
-5.91814 91.0964 14.0143 -0.187018 -0.982174 0.0189431
-7.10303 91.2928 14.0094 -0.145737 -0.988982 0.0257239
-8.12004 91.4335 14.0882 -0.10606 -0.99412 0.0217961
-9.1875 91.5418 14.1163 -0.0778729 -0.996769 0.0186227
-10.3325 91.6173 14.0621 -0.0567926 -0.998255 0.0146025
-11.2946 91.6643 14.1132 -0.0245955 -0.999417 0.00397711
-12.4945 91.6565 14.238 0.0302829 -0.999308 0.000321685
-13.4605 91.6106 14.3018 0.0475618 -0.998466 0.0283047
-14.7157 91.5184 14.4114 0.0910822 -0.995725 0.0152055
-15.9265 91.3827 14.4945 0.131049 -0.991073 0.0245045
-17.1279 91.2148 14.6508 0.163773 -0.986167 0.0242391
-18.0903 91.0472 14.8549 0.188269 -0.981909 0.0167179
-19.0383 90.859 15.1066 0.205262 -0.978538 0.017383
-20.0139 90.6328 15.4838 0.237634 -0.971172 0.0188191
-20.9026 90.3999 15.8339 0.267264 -0.963293 0.0251636
-22.0638 90.0659 16.3152 0.29841 -0.954215 0.0196961
-22.9021 89.7994 16.7012 0.313516 -0.949278 0.0239919
-23.8044 89.4946 17.0692 0.336528 -0.941509 0.0175808
-24.656 89.1909 17.4728 0.352198 -0.935815 0.0141883
-25.6159 88.8285 17.8637 0.362381 -0.931847 0.0178707
-26.6988 88.3997 18.1824 0.375898 -0.926419 0.0211331
-27.794 87.945 18.4775 0.394398 -0.918834 0.0135112
-28.7651 87.526 18.6384 0.407695 -0.913098 0.00599451
-29.7365 87.0909 18.7506 0.414791 -0.90988 0.00635497
-30.8881 86.5594 18.6921 0.42712 -0.904181 0.0022738
-31.9344 86.0601 18.4253 0.431891 -0.901913 -0.00222652
-32.8285 85.623 18.1341 0.441066 -0.897473 -0.00165129
-33.661 85.2104 17.8055 0.446893 -0.894587 -0.00125051
-34.5662 84.7532 17.2052 0.455588 -0.890188 -0.00219478
-35.2863 84.3874 16.6 0.458571 -0.888649 -0.00400441
-36.0854 83.974 15.8773 0.463498 -0.886096 -0.00197919
-36.6759 83.6668 15.0478 0.467326 -0.884081 -0.00265098
-37.3139 83.332 14.0268 0.469071 -0.883156 -0.00287246
-37.8012 83.0729 13.1752 0.473512 -0.880779 -0.00386715
-38.2888 82.8148 12.1153 0.476799 -0.879007 -0.0032215
-38.7055 82.5928 11.0832 0.479532 -0.877519 -0.00297156
-39.0479 82.4094 10.0477 0.480719 -0.876866 -0.00371077
-39.3729 82.2358 8.9624 0.48195 -0.876183 -0.00526853
-39.6311 82.0962 7.76467 0.486553 -0.873649 -0.00197314
-39.805 82.0016 6.81964 0.487635 -0.873046 -0.00174843
-39.9853 81.9029 5.72568 0.488327 -0.872658 -0.00216821
-40.1222 81.8289 4.52193 0.489897 -0.871775 -0.00288709
-40.1764 81.8019 3.23737 0.492276 -0.870433 -0.00319693
-40.1087 81.8449 2.15022 0.493089 -0.869971 -0.00357866
-40.0034 81.9086 1.12211 0.492762 -0.870159 -0.00314936
-39.8342 82.0086 0.1372 0.492939 -0.870053 -0.00428497
-39.6603 82.1135 -1.10807 0.490728 -0.8713 -0.00473412
-39.5381 82.1878 -2.07352 0.490845 -0.871235 -0.00462775
-39.3786 82.2815 -3.04617 0.488543 -0.872533 -0.00343122
-39.1375 82.4216 -4.04992 0.487968 -0.872843 -0.00564898
-38.8868 82.5681 -5.05511 0.487016 -0.873365 -0.00696361
-38.6313 82.7191 -6.04168 0.485782 -0.874045 -0.00779581
-38.3444 82.8861 -6.97229 0.483293 -0.875429 -0.00682379
-37.9001 83.1386 -8.0495 0.479984 -0.877238 -0.00832618
-37.3996 83.4204 -8.99505 0.478326 -0.878143 -0.00825714
-36.7453 83.7844 -9.87334 0.472803 -0.881132 -0.00799927
-36.1328 84.1201 -10.6534 0.471395 -0.881885 -0.0079573
-35.5047 84.458 -11.3023 0.465745 -0.88485 -0.0110633
-34.7445 84.8612 -11.8855 0.458752 -0.888503 -0.0102874
-33.7697 85.3667 -12.4493 0.453906 -0.890985 -0.0107248
-32.7447 85.8807 -12.8269 0.442898 -0.896502 -0.0111852
-31.738 86.3693 -13.029 0.433566 -0.900962 -0.0169596
-30.8657 86.7842 -13.1161 0.423761 -0.90563 -0.0161468
-29.8591 87.2505 -13.1226 0.413751 -0.910303 -0.0125483
-28.9875 87.6429 -12.9949 0.410844 -0.911594 -0.0142533
-27.9061 88.1096 -12.8638 0.390445 -0.920515 -0.0143057
-26.9224 88.5155 -12.7933 0.370555 -0.928751 -0.0104591
-25.9982 88.8716 -12.5989 0.352828 -0.935501 -0.0185553
-25.0722 89.2124 -12.33 0.343855 -0.938887 -0.0150603
-23.941 89.6138 -12.017 0.339149 -0.940676 -0.0101618
-23.0553 89.9157 -11.7679 0.299083 -0.954213 -0.0015254
-22.1579 90.1874 -11.5525 0.281192 -0.959622 -0.00722874
-21.1728 90.4681 -11.2521 0.266329 -0.963782 -0.0123341
-20.1969 90.7196 -10.9616 0.235165 -0.971912 -0.00708322
-20.0103 90.7909 -11.9008 0.263666 -0.964213 -0.0275071
-21.0823 90.5059 -12.2311 0.258876 -0.96583 -0.0106953
-22.0931 90.2161 -12.5333 0.282422 -0.959235 -0.0102586
-23.1337 89.9049 -12.7925 0.299255 -0.954017 -0.0172145
-24.1517 89.5551 -13.1173 0.332346 -0.942976 -0.0183016
-25.0727 89.2337 -13.3209 0.334638 -0.941856 -0.0302213
-25.9799 88.9058 -13.5655 0.369647 -0.928722 -0.0278305
-27.1514 88.44 -13.784 0.369734 -0.928974 -0.0173698
-28.0698 88.0584 -13.8791 0.39159 -0.919934 -0.0190334
-29.0825 87.6182 -14.008 0.405923 -0.913695 -0.0196605
-29.9685 87.2188 -14.1011 0.415902 -0.909208 -0.0191437
-31.054 86.7152 -14.0668 0.426192 -0.904311 -0.0241446
-32.0328 86.2454 -13.979 0.432931 -0.901237 -0.0184378
-32.9817 85.7809 -13.7763 0.439678 -0.897995 -0.0168886
-33.8754 85.3317 -13.4701 0.450579 -0.892519 -0.0196973
-34.6593 84.923 -13.0413 0.458199 -0.888701 -0.0160849
-35.5026 84.4743 -12.4945 0.469188 -0.882999 -0.0131861
-36.22 84.0862 -11.9221 0.469774 -0.88274 -0.00901745
-36.9454 83.6892 -11.1391 0.473653 -0.880659 -0.00948377
-37.4964 83.3839 -10.3781 0.476308 -0.879227 -0.00945744
-38.0763 83.0588 -9.58033 0.478793 -0.877856 -0.0111713
-38.5482 82.7889 -8.70706 0.481575 -0.876298 -0.0136236
-39.0289 82.5133 -7.64346 0.484619 -0.874681 -0.0087995
-39.338 82.3321 -6.67082 0.486012 -0.873904 -0.00920957
-39.6662 82.1364 -5.44769 0.488927 -0.87229 -0.00776978
-39.9069 81.9935 -4.51915 0.489636 -0.871904 -0.00630499
-40.1387 81.857 -3.55987 0.490071 -0.871665 -0.00548228
-40.3476 81.7337 -2.40696 0.490585 -0.871382 -0.00453401
-40.4968 81.6419 -1.33327 0.493234 -0.86987 -0.00683838
-40.6263 81.5624 -0.349041 0.493894 -0.869507 -0.00507831
-40.7886 81.4654 0.634091 0.493869 -0.869532 -0.00276668
-40.9138 81.3901 1.76577 0.493149 -0.869937 -0.00362722
-40.9703 81.3542 2.72432 0.493074 -0.86998 -0.00368041
-40.9754 81.3477 3.86332 0.493882 -0.869526 -0.00194105
-40.9153 81.3825 4.9445 0.490128 -0.871649 0.00141467
-40.7994 81.447 5.92529 0.488186 -0.872739 -0.000937609
-40.668 81.519 6.88332 0.488447 -0.872592 -0.0018587
-40.4578 81.6341 7.94914 0.48834 -0.872651 -0.00210089
-40.24 81.7531 8.94544 0.487033 -0.873381 -0.00173746
-39.9662 81.9055 9.87385 0.482551 -0.875863 -0.00261681
-39.6592 82.0708 10.9077 0.481406 -0.876494 -0.00266832
-39.3444 82.2409 11.8079 0.480456 -0.877016 -0.00196148
-38.9482 82.4545 12.8146 0.477186 -0.878802 2.4114e-05
-38.5061 82.6937 13.7869 0.473594 -0.880743 -0.000552706
-37.9452 82.9932 14.7614 0.47146 -0.881886 0.000133906
-37.4275 83.2701 15.5304 0.465251 -0.885176 0.00185977
-36.7606 83.6197 16.4672 0.464091 -0.885786 -0.00146987
-35.9422 84.0455 17.2568 0.46043 -0.887687 -0.00372096
-35.0199 84.5187 18.0317 0.458226 -0.888834 -0.00159287
-34.2317 84.9203 18.5225 0.451997 -0.892016 -0.00239594
-33.454 85.3134 18.9604 0.448661 -0.893698 0.00166718
-32.5345 85.7678 19.2815 0.438939 -0.898515 0.00179955
-31.686 86.1839 19.52 0.43552 -0.900134 0.00711543
-30.8119 86.6033 19.7025 0.427279 -0.904055 0.0105159
-29.8224 87.0633 19.7164 0.415131 -0.909687 0.0114365
-28.758 87.5406 19.6382 0.409948 -0.911989 0.0144702
-27.8512 87.9407 19.4901 0.397155 -0.917447 0.0236482
-26.8671 88.3548 19.2625 0.389053 -0.921051 0.0173895
-26.0047 88.7038 19.0231 0.368151 -0.929298 0.0295028
-25.0892 89.0537 18.7057 0.359917 -0.932575 0.0276024
-24.2309 89.3707 18.3214 0.351737 -0.935137 0.0405758
-23.3431 89.6795 17.8983 0.342102 -0.93912 0.0319039
-22.2836 90.0266 17.438 0.316208 -0.948157 0.0317333
-21.4332 90.278 17.0704 0.286195 -0.957517 0.0354124
-20.5402 90.531 16.676 0.272528 -0.961614 0.0311327
-19.5927 90.7571 16.3338 0.23918 -0.970527 0.0292632
-18.6299 90.9747 15.9585 0.206353 -0.977214 0.0496391
-17.6872 91.1465 15.7436 0.1765 -0.983431 0.0413679
-16.7362 91.3091 15.565 0.174228 -0.983758 0.0431818
-15.5635 91.4718 15.4298 0.118138 -0.991586 0.0487821
-14.4111 91.5804 15.3196 0.0962793 -0.994376 0.0441301
-13.4592 91.6472 15.2454 0.0534696 -0.997571 0.0446348
-12.4383 91.6796 15.1882 0.00808661 -0.999585 0.0276446
-11.2905 91.6798 15.08 -0.0169477 -0.999563 0.02019
-10.1897 91.6328 15.068 -0.0512964 -0.998168 0.0320745
-9.06698 91.5589 15.0693 -0.0854941 -0.995385 0.0424729
-7.94266 91.4459 15.0252 -0.10911 -0.993078 0.0429343
-6.94159 91.3097 14.953 -0.151639 -0.987342 0.0446084
-5.79728 91.1106 14.9803 -0.176451 -0.983721 0.0340359
-4.76517 90.9124 14.9798 -0.218426 -0.975016 0.0395641
-3.82606 90.6766 15.0994 -0.261812 -0.964921 0.0195405
-2.79169 90.4031 15.1567 -0.2693 -0.961018 0.0584427
-1.56619 90.0412 15.3067 -0.29754 -0.952843 0.0581116
-0.561191 89.725 15.5872 -0.314077 -0.948108 0.0494349
0.448292 89.3934 15.8266 -0.352437 -0.934335 0.0527875
1.31812 89.0745 16.1425 -0.364148 -0.930595 0.0371992
2.50161 88.6189 16.4494 -0.380973 -0.924092 0.029069
3.66051 88.1373 16.8204 -0.395359 -0.91827 0.0216936
4.59753 87.7313 17.0231 -0.409909 -0.91196 0.0174145
5.7054 87.2304 17.1581 -0.416872 -0.908776 0.018573
6.66456 86.784 17.1302 -0.423689 -0.90573 0.0118608
7.61477 86.3309 16.9796 -0.434209 -0.900727 0.0121641
8.49058 85.9024 16.736 -0.437326 -0.899239 0.0107097
9.65909 85.3242 16.1067 -0.441061 -0.897405 0.0113375
10.3143 84.9895 15.4526 -0.44934 -0.893323 0.007882
10.9444 84.6674 14.5513 -0.450752 -0.892639 0.00399139
11.4223 84.4236 13.7107 -0.453339 -0.891332 0.0025461
11.8537 84.2023 12.8576 -0.454271 -0.890862 0.00185371
12.1909 84.0273 11.8502 -0.454274 -0.890855 0.00357066
12.6163 83.803 10.773 -0.457274 -0.889298 0.0070717
12.9977 83.5974 9.82091 -0.45889 -0.888446 0.00908739
13.3007 83.4297 8.90783 -0.459972 -0.887849 0.0122026
13.6205 83.2526 7.99098 -0.463428 -0.886086 0.0092277
13.8484 83.121 6.79196 -0.465778 -0.884868 0.0077122
14.0336 83.0112 5.71791 -0.47006 -0.882552 0.0120538
14.161 82.9299 4.69578 -0.473091 -0.880937 0.0116567
14.2878 82.8496 3.725 -0.472494 -0.881263 0.0111207
14.3748 82.7884 2.60348 -0.473268 -0.880836 0.0119877
14.3674 82.7776 1.54969 -0.475028 -0.879888 0.0120413
14.3433 82.7763 0.272676 -0.477775 -0.878424 0.0099484
14.3638 82.7528 -0.698177 -0.47977 -0.877322 0.0112312
14.2941 82.7785 -1.65115 -0.480764 -0.876781 0.0109929
14.1714 82.8344 -2.61455 -0.47964 -0.877423 0.00861538
14.0571 82.8867 -3.777 -0.479187 -0.877694 0.00566226
13.8931 82.9691 -4.84748 -0.478179 -0.878241 0.00617741
13.6941 83.0648 -6.09041 -0.476118 -0.879302 0.0116657
13.4905 83.1633 -7.02907 -0.47997 -0.877216 0.010766
13.2032 83.3081 -8.08582 -0.477795 -0.878434 0.00810738
12.8989 83.4634 -9.03142 -0.473943 -0.880515 0.00846551
12.4849 83.6755 -10.1233 -0.473725 -0.88063 0.0086957
11.9519 83.9513 -11.3284 -0.472175 -0.881481 0.0065027
11.5339 84.167 -12.1761 -0.468006 -0.883695 0.0073169
11.0863 84.3961 -13.0788 -0.466101 -0.884707 0.00658224
10.5347 84.68 -13.9438 -0.463296 -0.88619 0.00471446
9.99307 84.9602 -14.7624 -0.461494 -0.887142 0.000625
9.30223 85.3171 -15.6162 -0.45825 -0.888823 -0.000601115
8.62057 85.6661 -16.2506 -0.45558 -0.890195 0.000373157
7.78971 86.0914 -16.908 -0.457913 -0.888994 -0.00201847
6.96246 86.519 -17.2994 -0.447842 -0.893982 -0.0152068
5.9467 87.0295 -17.6604 -0.4402 -0.897611 -0.0227513
4.84104 87.5625 -17.7719 -0.428952 -0.902968 -0.025456
3.89258 88.0063 -17.7115 -0.42107 -0.90642 -0.0331996
2.8413 88.4748 -17.461 -0.405736 -0.913513 -0.0295314
1.92648 88.8695 -17.2121 -0.393437 -0.91862 -0.0359289
1.00069 89.2416 -16.9421 -0.378959 -0.924606 -0.0386493
0.125029 89.578 -16.5918 -0.366532 -0.928871 -0.0534065
-0.788554 89.908 -16.1458 -0.347593 -0.936843 -0.0387732
-1.78198 90.2486 -15.6656 -0.330088 -0.942617 -0.0496429
-2.61447 90.5111 -15.1834 -0.323511 -0.945084 -0.0463653
-3.44475 90.7661 -14.6393 -0.290463 -0.954547 -0.0657969
-4.30477 90.9782 -14.0912 -0.285354 -0.95509 -0.079855
-5.32984 91.2054 -13.5854 -0.246524 -0.967079 -0.0631208
-6.20261 91.3632 -13.1293 -0.198462 -0.978277 -0.0572431
-7.13168 91.5158 -12.7669 -0.165509 -0.984001 -0.0659283
-8.21143 91.6531 -12.3992 -0.126675 -0.988747 -0.0790537
-9.27438 91.7508 -12.0869 -0.0898237 -0.993119 -0.0743759
-10.4472 91.8161 -11.8789 -0.047287 -0.997317 -0.0554364
-11.5507 91.8365 -11.7171 -0.00836322 -0.998438 -0.055116
-12.545 91.8315 -11.5916 0.0306458 -0.996811 -0.0736833
-13.5786 91.7836 -11.4583 0.058124 -0.996564 -0.0571854
-14.6793 91.7031 -11.3732 0.0680516 -0.996968 -0.0376963
-15.6748 91.5958 -11.3285 0.125883 -0.9909 -0.0472543
-16.6744 91.4559 -11.3461 0.150024 -0.986937 -0.0573002
-17.8632 91.2564 -11.4788 0.191778 -0.980299 -0.046732
-18.9889 91.0381 -11.6375 0.199112 -0.979046 -0.0426883
-19.826 90.8389 -11.8445 0.25751 -0.965807 -0.0299225
