7.7234 86.8963 13.7009 -0.433696 -0.901057 0.00203152
8.73734 86.4027 12.5908 -0.441898 -0.897065 0.000554732
8.86756 86.3385 12.4452 -0.441533 -0.897245 0.000474587
9.85548 85.8476 9.92209 -0.448741 -0.893656 0.0010335
8.97117 86.2859 10.9638 -0.441648 -0.897185 -0.00252953
8.05942 86.7328 12.0573 -0.437141 -0.899387 0.00317835
7.12391 87.1842 13.0666 -0.431846 -0.901945 -0.00173409
6.2189 87.6087 14.0245 -0.421103 -0.907004 0.00327602
6.10978 87.6599 14.1343 -0.419195 -0.907881 0.00510908
5.10065 88.123 13.883 -0.403475 -0.914961 0.00693094
6.15918 87.636 12.8222 -0.421878 -0.906652 -0.00128227
7.09468 87.1957 11.828 -0.428575 -0.903494 0.00458564
7.9478 86.7845 10.8498 -0.435531 -0.900172 -0.00091489
8.8916 86.3263 9.71936 -0.444352 -0.895852 -0.000534248
10.0354 85.7546 8.49943 -0.451071 -0.892487 0.00143032
10.6086 85.4629 7.9391 -0.455163 -0.890404 0.00262299
11.1889 85.1555 5.9992 -0.460991 -0.887395 0.0041658
10.2961 85.6195 7.01422 -0.453688 -0.891148 0.0046071
9.38645 86.084 7.92722 -0.452415 -0.891798 -0.00324931
8.46951 86.5355 8.89053 -0.435108 -0.900372 -0.00298703
7.55861 86.972 9.9793 -0.425292 -0.905056 -0.000378908
6.62958 87.4119 11.0313 -0.419661 -0.907671 0.00353808
5.63497 87.8725 12.1041 -0.406503 -0.913637 0.00476284
4.59719 88.3396 13.1291 -0.402477 -0.915411 0.00585192
3.96779 88.6161 13.7334 -0.392824 -0.919597 0.00534807
2.89002 89.0615 13.5407 -0.37408 -0.927275 0.014676
3.85997 88.6534 12.5851 -0.385308 -0.922756 0.00586437
4.8564 88.2159 11.6294 -0.406073 -0.913829 0.00467464
5.90585 87.7429 10.5551 -0.414182 -0.910194 0.000968914
6.94662 87.2607 9.35456 -0.421674 -0.906743 -0.00279273
7.8379 86.8416 8.31116 -0.431941 -0.90189 -0.00459065
8.82739 86.3645 7.22973 -0.443132 -0.896445 0.00438851
9.97413 85.7796 6.06661 -0.452451 -0.891788 0.00158607
10.9196 85.29 5.00765 -0.459511 -0.888165 0.00365122
11.5136 84.9762 4.36973 -0.46621 -0.884651 0.00608509
11.5679 84.934 2.9713 -0.466268 -0.884598 0.00899925
10.6144 85.443 4.06965 -0.456828 -0.889509 0.00771043
9.72694 85.9003 5.06747 -0.449335 -0.893346 0.00565708
8.78509 86.3785 6.04588 -0.449459 -0.893293 0.00380121
7.86366 86.831 6.98505 -0.43196 -0.901887 0.00270803
6.87251 87.2991 8.1005 -0.425885 -0.904778 0.000158955
5.88503 87.7526 9.25121 -0.411422 -0.911438 0.000181915
4.78634 88.2422 10.4466 -0.405 -0.914315 0.00154148
3.76411 88.6843 11.484 -0.387398 -0.921904 0.00328029
2.78239 89.09 12.3988 -0.373164 -0.927743 0.00621299
1.96122 89.4198 13.1785 -0.360245 -0.932779 0.0121381
0.894844 89.8241 13.0323 -0.34425 -0.938804 0.0105161
1.82052 89.4623 12.0766 -0.36055 -0.932727 0.00438972
2.96448 89.0087 10.9879 -0.369448 -0.92925 0.00156172
3.95596 88.5964 10.008 -0.388028 -0.921643 0.00287865
5.06505 88.1175 8.86908 -0.406027 -0.91386 0.00122003
5.93682 87.728 7.89311 -0.406828 -0.913502 0.00210237
6.84602 87.3114 6.81537 -0.424538 -0.905409 0.00112489
7.7941 86.8603 5.81424 -0.435076 -0.900391 0.00228674
8.86253 86.3316 4.72473 -0.447037 -0.8945 0.00533603
9.73126 85.8888 3.75952 -0.453144 -0.891422 0.00499286
10.6017 85.4403 2.79434 -0.45853 -0.888662 0.0033233
11.4379 84.9932 1.77333 -0.467755 -0.883823 0.00764832
11.6563 84.8748 1.51741 -0.469155 -0.883072 0.00875821
11.6801 84.853 0.140368 -0.47254 -0.881274 0.00785831
10.799 85.3254 1.2051 -0.464812 -0.885393 0.00533773
9.91924 85.7868 2.28165 -0.451562 -0.892227 0.00472675
8.84862 86.329 3.44059 -0.446378 -0.894824 0.00584836
7.7757 86.8646 4.59104 -0.435117 -0.900359 0.00521648
6.73637 87.3612 5.64873 -0.424204 -0.905566 0.001304
5.72979 87.8249 6.807 -0.412203 -0.911084 -0.00367228
4.8113 88.2273 7.88551 -0.399548 -0.916707 -0.000109339
3.88491 88.6284 8.8541 -0.390001 -0.920797 -0.00563212
2.90732 89.0295 9.83493 -0.365065 -0.930977 0.00293644
1.9545 89.4053 10.7323 -0.353587 -0.935377 0.00149109
0.942422 89.7888 11.6939 -0.335968 -0.941833 0.00777364
0.010296 90.1289 12.6467 -0.316658 -0.948516 0.00632849
-0.0837608 90.1612 12.7485 -0.316453 -0.948565 0.00861338
-0.957142 90.443 12.378 -0.29849 -0.954368 0.0089409
0.103961 90.0834 11.2742 -0.333353 -0.942795 0.00362399
1.16894 89.6976 10.2404 -0.344811 -0.938668 8.3567e-05
2.18685 89.3125 9.30543 -0.363299 -0.931649 -0.0065748
3.13765 88.939 8.38033 -0.372267 -0.928121 -0.00217407
4.18553 88.505 7.27237 -0.400294 -0.916357 -0.00743937
5.16381 88.0832 6.17459 -0.405327 -0.914151 -0.00543584
5.99685 87.7011 5.16028 -0.41334 -0.910575 0.00191398
6.947 87.2576 4.21566 -0.427762 -0.903868 0.00650723
7.9856 86.7538 3.09254 -0.44134 -0.89734 0.000366349
9.01601 86.2379 1.98168 -0.445933 -0.895053 0.00484632
9.92163 85.7769 0.916107 -0.45374 -0.891122 0.00460044
10.9153 85.255 -0.335846 -0.465542 -0.885012 0.00484981
11.6014 84.8839 -1.02765 -0.471409 -0.881874 0.00841316
11.434 84.9641 -2.08245 -0.472385 -0.881346 0.00907432
10.5398 85.446 -1.17763 -0.466052 -0.884731 0.00681472
9.58989 85.9415 -0.0670184 -0.455441 -0.890252 0.00490299
8.68767 86.3998 1.04424 -0.445217 -0.895416 0.00153822
7.7116 86.8864 2.11875 -0.4388 -0.898549 0.00506989
6.64439 87.3999 3.25486 -0.430464 -0.902607 0.00102955
5.68834 87.8414 4.20646 -0.414961 -0.909834 -0.00306141
4.711 88.2813 5.35575 -0.406955 -0.913438 0.00430574
3.84469 88.6572 6.35347 -0.384442 -0.923144 0.000787879
2.75146 89.1041 7.53763 -0.37471 -0.927049 -0.0126863
1.6876 89.5074 8.55944 -0.352888 -0.935665 -0.000592432
0.634115 89.8908 9.50783 -0.339718 -0.940517 -0.00335532
-0.308449 90.2274 10.4461 -0.319278 -0.947648 0.00287387
-1.2574 90.53 11.393 -0.304962 -0.952308 -0.00213585
-2.20595 90.8205 12.4022 -0.274958 -0.961374 0.0125426
-3.4213 91.1511 12.3833 -0.256307 -0.966582 0.00499831
-2.45791 90.8784 11.3484 -0.274704 -0.961489 0.00472027
-1.45285 90.5978 10.3065 -0.280856 -0.959721 -0.00453701
-0.516058 90.289 9.36345 -0.320813 -0.94713 0.00219969
0.493527 89.9465 8.43745 -0.330072 -0.94395 -0.00316818
1.64678 89.5348 7.37701 -0.354826 -0.934843 -0.0122731
2.61018 89.1666 6.41644 -0.374998 -0.927018 0.00367346
3.52669 88.7897 5.42586 -0.380766 -0.924671 -0.000803324
4.42477 88.4096 4.32403 -0.405049 -0.914289 -0.000567144
5.319 88.0109 3.34185 -0.409119 -0.91247 0.00355882
6.42792 87.496 2.21524 -0.419329 -0.907812 0.00624712
7.3654 87.0476 1.22834 -0.433745 -0.901032 0.00227944
8.34114 86.5678 0.0839963 -0.443723 -0.89615 0.00445767
9.18603 86.1435 -0.940671 -0.447427 -0.894319 0.0014759
10.3348 85.543 -2.22599 -0.464877 -0.885337 0.00823639
11.3663 84.989 -3.17382 -0.472095 -0.881504 0.00873724
11.0254 85.1597 -4.03007 -0.468897 -0.883179 0.0114531
9.94563 85.7385 -3.05495 -0.462663 -0.886471 0.0104178
9.04347 86.2133 -2.0927 -0.44509 -0.895483 0.00178644
8.14223 86.6614 -1.01469 -0.437203 -0.899349 0.00505992
7.17309 87.1377 0.133707 -0.434134 -0.900835 0.00420458
6.22119 87.5899 1.10839 -0.422818 -0.906211 0.000221499
5.25307 88.0338 2.16711 -0.413224 -0.910617 0.00443272
4.26645 88.4763 3.15952 -0.395059 -0.918644 0.0039294
3.41266 88.8443 4.17256 -0.379196 -0.925265 -0.00663202
2.53711 89.1917 5.16091 -0.372777 -0.927919 0.00113892
1.55557 89.5735 6.21296 -0.344543 -0.938763 -0.00109364
0.537824 89.9355 7.18532 -0.334032 -0.942558 -0.00229033
-0.608077 90.3239 8.21819 -0.302337 -0.953184 -0.00449776
-1.65071 90.6474 9.17731 -0.289032 -0.95731 -0.00416337
-2.68355 90.9462 10.3134 -0.276207 -0.96109 -0.00391523
-3.65441 91.2048 11.3237 -0.251645 -0.967808 0.0047737
-4.62578 91.4487 12.3498 -0.221807 -0.975088 0.000880254
-5.72338 91.6702 12.1913 -0.178436 -0.983951 0.000925181
-4.69225 91.4598 11.1299 -0.219383 -0.975635 0.00266885
-3.56738 91.1959 9.93548 -0.232428 -0.972541 -0.00928368
-2.52322 90.9105 8.81557 -0.285 -0.95852 -0.00377439
-1.44181 90.5875 7.74596 -0.294523 -0.955643 -0.00143022
-0.277264 90.2158 6.694 -0.315901 -0.948785 -0.00356467
0.80781 89.8447 5.70505 -0.328182 -0.944609 -0.00183288
1.80137 89.4798 4.65793 -0.353251 -0.935521 -0.00342546
2.79895 89.0888 3.53516 -0.373095 -0.927786 0.00368364
3.80629 88.671 2.38024 -0.392205 -0.919877 0.000598396
4.8106 88.2323 1.34625 -0.407221 -0.913295 0.00437872
5.74685 87.8088 0.342036 -0.419182 -0.907894 0.00277882
6.72993 87.3442 -0.702063 -0.428687 -0.90343 0.00648083
7.57848 86.9304 -1.69912 -0.435417 -0.900201 0.00711082
8.54056 86.4531 -2.80908 -0.4371 -0.899346 0.0109541
9.55799 85.9294 -3.90109 -0.460382 -0.887673 0.0092531
10.5389 85.4092 -4.7569 -0.465354 -0.885099 0.00619352
11.0128 85.1528 -5.2391 -0.469225 -0.883037 0.00854179
10.8039 85.2552 -6.24713 -0.470357 -0.882441 0.00782002
9.81984 85.7804 -5.32141 -0.459034 -0.888391 0.00699975
8.80993 86.303 -4.38088 -0.44605 -0.894952 0.00792354
7.91783 86.7485 -3.39656 -0.436929 -0.899425 0.0113052
7.00296 87.2008 -2.3548 -0.432023 -0.901827 0.00799589
6.10691 87.6332 -1.29249 -0.419657 -0.907634 0.00938564
5.18827 88.0611 -0.311835 -0.414839 -0.909886 0.0033133
4.09112 88.5499 0.830922 -0.403183 -0.915114 -0.00301423
3.01094 89.0023 1.95259 -0.382331 -0.924017 0.00370971
2.1154 89.3596 2.96698 -0.361454 -0.932362 -0.00105589
1.23993 89.6938 3.96724 -0.335725 -0.941929 -0.000506957
0.247345 90.0396 5.0055 -0.328128 -0.944632 -0.000563691
-0.761143 90.3763 5.93912 -0.300946 -0.953638 -0.00152652
-1.75702 90.6856 6.83074 -0.290431 -0.956881 -0.0020817
-2.86749 91.0116 7.87492 -0.275437 -0.961312 -0.000430988
-3.7948 91.2625 8.87258 -0.231737 -0.97243 0.0170548
-4.92208 91.5121 10.0615 -0.215605 -0.976474 0.00216403
-5.97367 91.7144 11.1465 -0.170605 -0.985331 -0.00282843
-7.04384 91.8876 12.2777 -0.148112 -0.988965 -0.00201299
-7.0971 91.8953 12.3357 -0.146203 -0.989252 -0.000131123
-8.47173 92.0688 12.4431 -0.113957 -0.993485 0.00133023
-7.41997 91.9428 11.3741 -0.120974 -0.992655 -0.00144619
-6.27443 91.7672 10.1479 -0.167777 -0.985824 -0.00027483
-5.24579 91.5763 9.08502 -0.199625 -0.979845 -0.00737832
-4.30533 91.371 8.09955 -0.222843 -0.974851 -0.00182605
-3.35393 91.1403 7.11366 -0.245647 -0.969351 -0.00330909
-2.30028 90.8521 6.07811 -0.288858 -0.957365 -0.00340095
-1.23626 90.5269 5.18566 -0.30199 -0.95331 0.000204668
-0.214517 90.2021 4.21677 -0.314895 -0.949057 -0.00731174
0.692522 89.8893 3.22917 -0.334919 -0.942246 -0.000913454
1.78183 89.4892 2.0106 -0.352877 -0.935658 -0.00441176
2.83708 89.0747 0.855594 -0.365114 -0.93096 -0.0013522
3.76792 88.6868 -0.103726 -0.396409 -0.918027 0.00926013
4.68443 88.2814 -1.05386 -0.401849 -0.915633 0.0115345
5.68727 87.8178 -2.14571 -0.416632 -0.909053 0.00619417
6.70436 87.3365 -3.28632 -0.426962 -0.904211 0.00863095
7.5834 86.9014 -4.33617 -0.436894 -0.899475 0.00828534
8.58932 86.4016 -5.39179 -0.440368 -0.897767 0.00883448
9.54756 85.9118 -6.25718 -0.44813 -0.893881 0.0125242
10.529 85.3904 -7.16911 -0.462524 -0.886552 0.00976692
10.1681 85.5685 -8.05221 -0.459846 -0.887935 0.0104612
9.10836 86.123 -7.05229 -0.452857 -0.891564 0.00591625
7.99895 86.6845 -6.04075 -0.441255 -0.89737 0.00441981
7.01978 87.1659 -4.99677 -0.427357 -0.904044 0.00826603
6.03719 87.642 -3.81997 -0.422349 -0.906397 0.00807539
5.1545 88.0555 -2.82615 -0.405575 -0.914024 0.00826741
4.11567 88.5225 -1.72088 -0.401696 -0.915724 0.00913323
2.99225 89.005 -0.548697 -0.376585 -0.926346 0.00821088
2.00586 89.3993 0.393941 -0.361479 -0.932378 2.18971e-05
1.01664 89.78 1.51714 -0.343533 -0.939085 -0.00571942
-0.0283503 90.1468 2.72088 -0.328864 -0.94432 -0.00632101
-1.10295 90.4887 3.81451 -0.303792 -0.952723 -0.00542398
-2.11711 90.7979 4.79248 -0.286757 -0.958003 -0.0011444
-3.19735 91.1085 5.67782 -0.247473 -0.968855 0.00287556
-4.194 91.3512 6.68428 -0.237739 -0.971305 -0.00649884
-5.30182 91.5943 7.82544 -0.209928 -0.977626 -0.00495219
-6.29919 91.7791 8.85131 -0.17669 -0.984236 -0.00684942
-7.34744 91.9344 9.99248 -0.129848 -0.991511 -0.0064637
-8.38345 92.0584 11.0767 -0.106376 -0.994284 -0.00331734
-9.46135 92.1548 12.1667 -0.0766825 -0.997022 0.00755967
-9.86056 92.1886 12.576 -0.0700226 -0.99753 0.00339075
-11.1296 92.2511 12.5987 -0.0352061 -0.999326 0.00614321
-10.1431 92.2025 11.5925 -0.0581731 -0.998263 -0.00177443
-9.16785 92.1373 10.5958 -0.0912731 -0.995729 -0.01301
-8.21826 92.0539 9.5924 -0.127579 -0.991748 -0.0122214
-7.28116 91.9392 8.59077 -0.139186 -0.990224 -0.0091637
-6.10186 91.7537 7.38355 -0.185394 -0.982569 -0.0136695
-4.95076 91.532 6.16224 -0.227179 -0.973829 -0.00666485
-3.92178 91.2924 5.14434 -0.244633 -0.969588 -0.00165996
-2.89063 91.0236 4.24324 -0.253065 -0.967443 -0.00178433
-1.89734 90.7311 3.33651 -0.281109 -0.959667 0.00147815
-0.93076 90.4441 2.40506 -0.30847 -0.951231 -0.00259518
0.0405016 90.1262 1.29344 -0.323076 -0.946366 -0.000583325
0.933397 89.8082 0.226039 -0.33537 -0.942069 0.00568708
1.91994 89.4322 -0.767573 -0.357943 -0.933743 0.000578366
2.86146 89.053 -1.69248 -0.371456 -0.928428 0.00493962
3.78535 88.6581 -2.62791 -0.392839 -0.919557 0.00899697
4.7575 88.224 -3.7328 -0.406066 -0.913813 0.00747349
5.68781 87.7956 -4.73203 -0.417866 -0.908471 0.00478421
6.62467 87.3496 -5.823 -0.428787 -0.903402 0.00258168
7.55953 86.9008 -6.83606 -0.440835 -0.897585 -0.00187792
8.77785 86.2834 -7.92432 -0.454064 -0.890922 0.00916515
9.73941 85.7814 -8.84306 -0.457662 -0.889095 0.00747134
9.81872 85.74 -8.91506 -0.458658 -0.888571 0.00849175
9.22755 86.0392 -9.52958 -0.457724 -0.889065 0.00728426
8.23989 86.5496 -8.60949 -0.451936 -0.892018 0.00728068
7.19085 87.0749 -7.68986 -0.431481 -0.902113 0.00395457
6.21941 87.5402 -6.64263 -0.42529 -0.90505 0.000493026
5.33257 87.9547 -5.64486 -0.419574 -0.907708 0.00497007
4.33128 88.4066 -4.54632 -0.403858 -0.914812 0.00381308
3.4576 88.7938 -3.55799 -0.39434 -0.918948 0.00547835
2.52342 89.1851 -2.59237 -0.365907 -0.930646 0.00308527
1.49934 89.5918 -1.58719 -0.364903 -0.931024 0.0062455
0.289537 90.0385 -0.379243 -0.33882 -0.940848 -0.00236398
-0.620562 90.3444 0.712259 -0.309332 -0.950953 0.00148151
-1.53423 90.6336 1.7554 -0.28695 -0.957943 0.00106953
-2.52202 90.916 2.69936 -0.273744 -0.961755 -0.00859579
-3.78145 91.2585 3.81913 -0.242291 -0.970172 0.000821271
-4.77553 91.4921 4.71691 -0.218169 -0.975905 -0.00125534
-5.72895 91.6999 5.66882 -0.189054 -0.981958 -0.00399073
-7.02173 91.9136 7.03576 -0.156375 -0.987661 -0.00851947
-7.9984 92.0446 8.02595 -0.111766 -0.993672 -0.00247258
-9.00549 92.1342 9.11924 -0.0898783 -0.995947 0.000645159
-10.199 92.2098 10.3674 -0.0504175 -0.998695 -0.00815072
-11.1935 92.24 11.3522 -0.0104238 -0.999933 0.0019274
-12.2959 92.2503 12.4785 0.0198891 -0.999749 0.00336353
-12.4136 92.2469 12.5897 0.0288907 -0.999531 0.00741439
-13.7868 92.1788 12.6866 0.080595 -0.99671 0.00661107
-12.6828 92.2308 11.6079 0.0389202 -0.999236 0.00167739
-11.7224 92.2472 10.5865 -0.00786154 -0.999951 0.000457994
-10.6849 92.2284 9.5953 -0.0258878 -0.999657 0.00386825
-9.6791 92.1845 8.53399 -0.0522196 -0.998626 0.00250415
-8.65226 92.113 7.41654 -0.0851622 -0.996238 -0.00602112
-7.57326 92.0039 6.33614 -0.128183 -0.991653 -0.00545427
-6.58386 91.8635 5.28918 -0.177736 -0.984067 -0.00469518
-5.66061 91.6877 4.30513 -0.200119 -0.979769 0.00188136
-4.52597 91.4389 3.2806 -0.232411 -0.972575 -0.00721322
-3.30054 91.1365 2.20491 -0.259665 -0.965692 -0.00349351
-2.13818 90.8162 1.09452 -0.289172 -0.957194 -0.0125329
-1.04286 90.4807 -0.164856 -0.306921 -0.951734 0.000778829
0.02809 90.1308 -1.42355 -0.324389 -0.945885 0.002257
0.986533 89.7812 -2.32047 -0.34897 -0.937117 0.00565193
1.91882 89.4212 -3.24992 -0.365336 -0.930872 0.00199765
2.86262 89.039 -4.18372 -0.383805 -0.923363 0.00932556
3.87513 88.6104 -5.32955 -0.39632 -0.918106 -0.000976729
4.83994 88.1776 -6.4 -0.411844 -0.911241 0.00493705
5.73528 87.7624 -7.36672 -0.419768 -0.90763 0.00173024
6.68971 87.3114 -8.40889 -0.430087 -0.90277 0.0055232
7.90126 86.7089 -9.49754 -0.444014 -0.895987 0.00738292
8.92052 86.1897 -10.3873 -0.452439 -0.891745 0.00942623
9.14443 86.0726 -10.6382 -0.456832 -0.889511 0.00867548
8.66988 86.3105 -11.3625 -0.4541 -0.890935 0.00500535
7.726 86.7905 -10.5007 -0.441958 -0.897012 0.0052733
6.66486 87.3135 -9.63542 -0.438346 -0.898783 0.00645106
5.74793 87.7523 -8.64179 -0.423259 -0.906005 0.00246087
4.65304 88.2545 -7.46952 -0.409964 -0.91208 0.00608147
3.74396 88.6653 -6.47142 -0.391539 -0.920136 0.006507
2.68603 89.1053 -5.33695 -0.378079 -0.925773 -0.000347343
1.66573 89.5148 -4.21485 -0.357466 -0.933903 0.00653343
0.617406 89.9122 -3.206 -0.348518 -0.937267 0.008138
-0.37442 90.2626 -2.32179 -0.314442 -0.949277 0.0002576
-1.3637 90.5806 -1.19493 -0.294178 -0.955745 -0.00177041
-2.20411 90.8478 -0.162134 -0.279957 -0.959978 0.00816016
-3.2462 91.1357 0.907885 -0.258692 -0.965585 -0.0258038
-4.27496 91.3905 1.89815 -0.221839 -0.975082 -0.00113542
-5.48035 91.6514 2.9046 -0.199461 -0.979838 -0.0115379
-6.62947 91.8753 4.00022 -0.179836 -0.983632 0.00918319
-7.62822 92.0176 5.12032 -0.128518 -0.991526 -0.0170845
-8.70255 92.1223 6.19125 -0.0847422 -0.99639 -0.00281705
-9.68823 92.1886 7.20178 -0.0542795 -0.998383 -0.00730967
-10.6151 92.2269 8.20789 -0.0293907 -0.999561 -0.00124085
-11.6749 92.2423 9.21307 0.00109122 -0.999996 0.00265866
-12.647 92.2317 10.2325 0.0248706 -0.999634 -0.0106251
-13.8143 92.1731 11.4213 0.069959 -0.997532 0.00595279
-14.9267 92.0765 12.545 0.0910225 -0.995747 0.00771119
-15.2486 92.0485 12.8717 0.114209 -0.993185 0.0232223
-16.7681 91.8556 13.0325 0.151882 -0.988278 0.0151998
-15.7367 91.9896 12.0796 0.107572 -0.994188 -0.00428599
-14.5985 92.1142 10.9677 0.089264 -0.995892 -0.00469775
-13.6325 92.1844 9.9938 0.05921 -0.998237 -0.000567044
-12.729 92.2357 8.96444 0.0319138 -0.999258 0.00605979
-11.6576 92.2398 7.97427 -0.00327729 -0.99999 -0.00295705
-10.6514 92.2304 6.948 -0.0376292 -0.999229 -0.0110989
-9.64043 92.1978 5.80565 -0.0737634 -0.997134 -0.0164266
-8.57852 92.1349 4.83195 -0.093618 -0.995571 -0.00853043
-7.49141 92.0114 3.60104 -0.138536 -0.990356 0.0017272
-6.48079 91.8463 2.58374 -0.172196 -0.985055 -0.00390496
-5.33838 91.6298 1.6032 -0.211948 -0.977274 0.000468168
-4.07225 91.3436 0.445934 -0.219546 -0.975596 0.00331148
-3.01624 91.0761 -0.619096 -0.268417 -0.963244 0.00711173
-2.10813 90.8051 -1.68812 -0.283018 -0.959095 0.00592427
-1.0421 90.4819 -2.93773 -0.300146 -0.953857 -0.00202197
0.0315371 90.1189 -3.89003 -0.322129 -0.946652 0.00833277
1.13507 89.7117 -4.92866 -0.342926 -0.939349 0.00488894
2.02445 89.3672 -5.91392 -0.359798 -0.933014 0.000436723
2.97775 88.9851 -6.92972 -0.377311 -0.926056 0.00462634
3.9278 88.5712 -7.98377 -0.39472 -0.918728 0.0114144
4.92154 88.1292 -8.99029 -0.410603 -0.911811 0.00236235
5.90048 87.6727 -10.1352 -0.427519 -0.903978 0.00717657
7.08117 87.1026 -11.1236 -0.436704 -0.899595 0.00389081
8.01538 86.6392 -11.9047 -0.4463 -0.894866 0.00419753
7.68635 86.7995 -12.8028 -0.445602 -0.895222 0.00302592
6.58349 87.3396 -11.8336 -0.433913 -0.900949 0.00163944
5.3726 87.9172 -10.8677 -0.425065 -0.905159 0.00138729
4.47203 88.3303 -9.7654 -0.408787 -0.912619 0.00123938
3.36304 88.8077 -8.65656 -0.389422 -0.921054 0.00178973
2.42272 89.2026 -7.6498 -0.373309 -0.927688 0.005945
1.49912 89.5675 -6.67623 -0.347695 -0.937595 0.00481592
0.466711 89.952 -5.52706 -0.338101 -0.941065 0.00911659
-0.710513 90.3655 -4.44697 -0.320051 -0.947378 0.00651191
-1.76162 90.6962 -3.50005 -0.282732 -0.959195 0.00276055
-2.69321 90.9736 -2.41406 -0.283047 -0.959104 0.00181735
-3.54138 91.2101 -1.33568 -0.232891 -0.972502 0.000434994
-4.5802 91.4555 -0.351659 -0.218208 -0.975902 0.000987539
-5.69121 91.7004 0.668273 -0.200593 -0.979652 0.00336703
-6.79993 91.9098 1.6665 -0.159961 -0.98692 -0.0122068
-7.93101 92.0697 2.69961 -0.12808 -0.991753 -0.00156461
-8.84847 92.1705 3.72589 -0.0922571 -0.995677 -0.010771
-9.99226 92.239 4.90943 -0.0512465 -0.998491 -0.016514
-11.0285 92.235 5.99453 -0.0104581 -0.999755 -0.0168351
-11.988 92.2414 7.07624 0.00439465 -0.999973 1.65126e-05
-13.0498 92.2227 7.95991 0.0217364 -0.999758 -0.00322423
-14.1128 92.158 9.1653 0.0663006 -0.997741 -0.00746935
-15.0928 92.0603 10.1948 0.105071 -0.994462 0.00222283
-16.0828 91.9496 11.1645 0.13292 -0.991067 0.00379374
-17.0896 91.8073 12.0728 0.151078 -0.988501 -0.00642581
-18.1878 91.6141 13.102 0.196264 -0.980421 0.0159417
-18.3522 91.5835 13.2499 0.197073 -0.980269 0.015304
-20.4177 91.1259 13.8596 0.261806 -0.965031 0.0125286
-19.2662 91.386 12.8308 0.222382 -0.974868 0.0133593
-18.1984 91.5991 11.8631 0.201128 -0.979559 0.0035085
-17.177 91.7845 10.916 0.159017 -0.98726 -0.00252665
-15.9537 91.9618 9.77926 0.128106 -0.991752 -0.00072576
-15.0083 92.0783 8.7802 0.109058 -0.993841 -0.0195757
-14.0602 92.1764 7.66752 0.0625587 -0.997919 -0.0156283
-12.9916 92.2238 6.74012 0.0218573 -0.99975 0.0042255
-11.9359 92.2445 5.74323 0.00988725 -0.999749 -0.0200667
-11.0595 92.2702 4.66371 -0.00665071 -0.999601 -0.0263373
-9.76665 92.2504 3.45754 -0.0556054 -0.998205 -0.0214014
-8.89351 92.1844 2.37784 -0.100644 -0.994856 0.00207562
-7.86549 92.065 1.39023 -0.132501 -0.991086 -0.010941
-6.71533 91.8995 0.369724 -0.176742 -0.984181 0.00599618
-5.64065 91.692 -0.60195 -0.197433 -0.980204 -0.0024004
-4.50366 91.4456 -1.66621 -0.221871 -0.97488 -0.0187195
-3.54907 91.218 -2.78784 -0.248251 -0.968694 -0.00180312
-2.48163 90.9062 -4.05564 -0.279955 -0.959995 0.00549346
-1.44145 90.5963 -5.00785 -0.285212 -0.95846 0.00268428
-0.387376 90.2501 -5.94007 -0.324384 -0.945893 0.00227632
0.679645 89.8698 -7.10748 -0.346674 -0.937976 -0.00427468
1.64415 89.5068 -8.12084 -0.363264 -0.93168 -0.00103009
2.5718 89.1394 -9.12025 -0.383333 -0.923582 -0.00717553
3.58468 88.717 -10.0691 -0.394236 -0.918995 -0.00501372
4.46001 88.3357 -11.086 -0.412762 -0.910829 -0.00409183
5.48561 87.8627 -12.1352 -0.427314 -0.904103 0.000426756
6.57358 87.3454 -12.9107 -0.433807 -0.900991 0.000539452
7.04017 87.1162 -13.3565 -0.44046 -0.897768 0.00263166
6.20268 87.5235 -13.7343 -0.437241 -0.899342 0.0019468
5.14258 88.0229 -12.9476 -0.424934 -0.905213 -0.00445241
4.12091 88.4912 -12.0258 -0.406293 -0.913711 -0.00355183
3.22995 88.874 -10.955 -0.39197 -0.919955 -0.00587714
2.27232 89.2648 -10.0289 -0.37574 -0.926724 0.000313963
1.28034 89.6528 -9.04523 -0.3613 -0.932436 -0.00457758
0.25317 90.0323 -7.9936 -0.347933 -0.937503 -0.00553126
-0.638933 90.3354 -6.93404 -0.318188 -0.948003 0.000304545
-1.7425 90.6917 -5.90658 -0.287123 -0.957863 -0.00270409
-2.8984 91.0238 -4.92119 -0.265608 -0.964067 -0.00430924
-4.01407 91.3407 -3.65543 -0.259419 -0.965663 0.0137918
-4.90836 91.5471 -2.59221 -0.212116 -0.977211 -0.00788721
-5.99717 91.7678 -1.56087 -0.184357 -0.982812 -0.00964139
-7.21151 91.9774 -0.40682 -0.155582 -0.987776 0.00675148
-8.27691 92.1206 0.509993 -0.0928614 -0.995654 -0.00698475
-9.29747 92.2179 1.49367 -0.0917833 -0.995733 0.00921685
-10.1834 92.2829 2.54388 -0.0381796 -0.999147 -0.0156783
-11.1649 92.2941 3.59665 -0.0125661 -0.999703 -0.0209001
-12.1818 92.2699 4.5513 0.0104586 -0.999545 -0.028166
-13.16 92.2281 5.76579 0.0272332 -0.999469 -0.014637
-14.4025 92.1588 6.65611 0.053883 -0.99852 0.00739008
-15.5126 92.0374 7.98432 0.111567 -0.993629 -0.0159603
-16.461 91.9017 8.98141 0.138927 -0.990289 -0.00498887
-17.4701 91.7454 9.92909 0.158804 -0.987257 -0.00990991
-18.5348 91.5431 10.9498 0.187994 -0.981976 -0.0195494
-19.5947 91.3006 11.9632 0.221973 -0.975017 0.00787382
-20.7591 91.0252 12.8542 0.25144 -0.967837 0.00822907
-21.5775 90.8044 13.941 0.28443 -0.958622 0.0107531
-21.9503 90.6961 14.4073 0.295793 -0.955138 0.014764
-24.8756 89.7355 15.7848 0.350387 -0.936599 0.00271127
-23.8832 90.0826 14.8475 0.32429 -0.94584 0.0103701
-22.6717 90.4687 13.8703 0.300438 -0.953788 0.00491246
-21.7955 90.7292 12.7589 0.284986 -0.958507 0.00680675
-20.8142 91.0017 11.7094 0.265139 -0.964115 0.0115578
-19.6326 91.3106 10.7877 0.236596 -0.971382 -0.0208893
-18.5033 91.5707 9.66099 0.193025 -0.981146 -0.00804057
-17.5091 91.7547 8.69946 0.149755 -0.988651 -0.00891069
-16.4858 91.9184 7.70377 0.131976 -0.991127 -0.0143119
-15.5198 92.0549 6.59956 0.105219 -0.994376 -0.0118153
-14.5868 92.1557 5.61121 0.0656615 -0.99761 -0.0206789
-13.3797 92.2348 4.81266 0.0330526 -0.99894 -0.0308597
-12.5182 92.2886 3.50098 0.0194434 -0.999553 -0.022638
-11.3669 92.3132 2.59865 -0.00363632 -0.999807 -0.0193258
-10.5066 92.304 1.48978 -0.0470109 -0.99877 0.0090066
-9.44057 92.2272 0.34655 -0.0759391 -0.997091 -0.00247979
-8.37216 92.1347 -0.620481 -0.10705 -0.994205 -0.00405152
-7.21029 91.974 -1.69306 -0.141983 -0.989823 -0.00656765
-6.16915 91.7968 -2.67882 -0.177761 -0.984056 0.00412406
-5.19934 91.6147 -3.69728 -0.206533 -0.978436 0.00256441
-4.32746 91.3997 -4.72668 -0.242849 -0.970058 0.00352215
-3.30801 91.1333 -5.83196 -0.251454 -0.967786 -0.0109197
-2.26065 90.8484 -6.64406 -0.278771 -0.960349 -0.00406583
-1.2748 90.5517 -7.57585 -0.315529 -0.948868 -0.009557
-0.410189 90.2722 -8.63486 -0.319061 -0.947647 -0.0128307
0.606021 89.9108 -9.61876 -0.344736 -0.938676 -0.00583213
1.64149 89.5174 -10.6725 -0.363189 -0.931712 -0.0022727
2.73962 89.0799 -11.6539 -0.37857 -0.925518 -0.0100275
3.58316 88.7306 -12.7386 -0.395116 -0.918594 -0.00808933
4.61751 88.2712 -13.6453 -0.416886 -0.908941 -0.00530405
5.66401 87.7846 -14.422 -0.431104 -0.902271 -0.00743185
4.50681 88.3271 -14.5456 -0.421636 -0.906724 -0.00847942
3.33927 88.8427 -13.7683 -0.399204 -0.91685 -0.00458499
2.5007 89.1875 -12.7444 -0.385521 -0.922679 -0.00555817
1.57972 89.5485 -11.7817 -0.364878 -0.931026 -0.00735562
0.488063 89.9599 -10.7968 -0.351359 -0.93622 -0.00625953
-0.499403 90.3107 -9.74555 -0.326062 -0.945294 -0.00640402
-1.50618 90.6341 -8.77894 -0.304354 -0.952559 -0.000113765
-2.49414 90.9199 -7.63327 -0.279664 -0.960092 -0.00349495
-3.62512 91.2259 -6.80295 -0.245203 -0.969467 0.000920303
-4.60721 91.4609 -5.70735 -0.215474 -0.976393 0.0140359
-5.72695 91.7086 -4.58634 -0.183622 -0.982996 -0.00113025
-6.85202 91.9151 -3.36445 -0.171235 -0.985217 0.00503831
-7.95645 92.0781 -2.27121 -0.128653 -0.991663 -0.00723728
-9.19256 92.2237 -1.04962 -0.103431 -0.994591 -0.00933846
-10.1674 92.2823 -0.0680411 -0.0699932 -0.997513 -0.00694275
-11.316 92.3223 1.0328 -0.0116833 -0.999871 0.00972582
-12.1702 92.3199 2.10725 0.0120767 -0.999911 -0.00526103
-13.2927 92.2794 3.01599 0.0284293 -0.99939 -0.0202197
-13.9889 92.229 4.20421 0.0614779 -0.997752 -0.0266534
-15.1169 92.124 4.88422 0.102803 -0.994501 -0.0167284
-16.1529 91.9944 5.9888 0.117516 -0.992787 -0.0231139
-17.0829 91.8404 6.96879 0.155556 -0.987751 -0.0114826
-18.234 91.6458 8.00857 0.179712 -0.983655 -0.00809793
-19.2196 91.4319 9.08054 0.212413 -0.976946 -0.0197535
-20.1808 91.1893 10.0219 0.238885 -0.970974 -0.0118373
-21.2226 90.8908 10.9157 0.267437 -0.963461 -0.0148557
-22.3613 90.5573 12.0987 0.290442 -0.956877 0.00539647
-23.3088 90.2643 13.2141 0.300805 -0.953679 -0.000521978
-24.3796 89.909 14.0798 0.32781 -0.944731 0.0041714
-25.3998 89.5368 14.9795 0.350914 -0.936407 2.47912e-05
-26.1091 89.2681 16.0979 0.37161 -0.928383 -0.00196936
-27.2117 88.8252 16.7459 0.38307 -0.923699 0.000641148
-28.8003 88.1427 17.1598 0.405187 -0.914223 0.00448153
-27.8195 88.5689 16.2458 0.390604 -0.920558 0.000962235
-26.8599 88.9704 15.2194 0.375434 -0.926838 -0.00444381
-25.9238 89.3385 14.2621 0.363862 -0.931416 -0.00123172
-24.7798 89.7699 13.148 0.333774 -0.942611 -0.00240319
-23.6997 90.1415 12.0904 0.316769 -0.94848 -0.00290043
-22.5974 90.492 11.0995 0.285539 -0.958293 -0.0119194
-21.4875 90.8316 9.84707 0.278956 -0.960193 -0.0144915
-20.5326 91.1099 8.83004 0.253717 -0.967126 -0.0156337
-19.5202 91.3822 7.87973 0.232544 -0.972381 -0.0154545
-18.5528 91.5897 6.91233 0.19128 -0.981507 0.000228925
-17.5095 91.7812 5.87273 0.165241 -0.986202 -0.00993759
-16.4466 91.976 4.80613 0.142181 -0.989648 -0.00733591
-15.3824 92.1051 4.06921 0.120913 -0.992558 -0.0144367
-14.3034 92.2288 2.9348 0.0726595 -0.997326 -0.00774752
-13.3711 92.2865 1.81071 0.0424368 -0.999098 0.000777077
-12.4469 92.3161 0.806473 0.0329495 -0.999452 0.00299361
-11.4145 92.323 -0.185703 -0.015224 -0.999765 0.0117638
-10.4798 92.3047 -1.17921 -0.00628483 -0.999888 -0.0135808
-9.43896 92.2464 -2.18891 -0.0742069 -0.997243 -0.000246625
-8.3645 92.1342 -3.25843 -0.117453 -0.993059 -0.000146091
-7.123 91.959 -4.51746 -0.149292 -0.988739 -0.00344022
-6.04455 91.7705 -5.59591 -0.183271 -0.982975 -0.0101744
-5.07066 91.5611 -6.5698 -0.213476 -0.976944 -0.00287626
-4.0722 91.3396 -7.56567 -0.245313 -0.969422 0.000305712
-2.8849 91.0488 -8.75556 -0.253857 -0.967132 -0.00849225
-1.78659 90.7308 -9.85932 -0.297631 -0.9546 -0.012076
-0.72356 90.3989 -10.9185 -0.325185 -0.945565 -0.0120137
0.253316 90.0622 -11.8795 -0.352364 -0.935762 -0.0129144
1.28304 89.6763 -12.9235 -0.36068 -0.932632 -0.0101759
2.2843 89.2873 -13.9058 -0.382155 -0.924037 -0.0102683
2.51611 89.1949 -14.1353 -0.38574 -0.922515 -0.0121177
0.705021 89.9058 -13.608 -0.356471 -0.934208 -0.0133306
-0.284989 90.2658 -12.6514 -0.340972 -0.939975 -0.0100633
-1.3199 90.6049 -11.6491 -0.317569 -0.948199 -0.00787391
-2.39544 90.9271 -10.5578 -0.289443 -0.95703 -0.0163252
-3.41329 91.1987 -9.55195 -0.267898 -0.96328 -0.0172802
-4.55611 91.4751 -8.85758 -0.241021 -0.970435 -0.0128316
-5.39287 91.6484 -7.70638 -0.200381 -0.979448 -0.0228356
-6.38864 91.8425 -6.78686 -0.197272 -0.980287 0.0101726
-7.5475 92.0372 -6.09336 -0.141878 -0.989859 -0.00694752
-8.24039 92.1096 -4.87205 -0.123162 -0.992369 -0.00175369
-9.51946 92.2471 -4.15052 -0.0831668 -0.996294 0.0218859
-10.1654 92.3029 -3.02222 -0.0606564 -0.997998 -0.00789562
-11.0511 92.3174 -1.98384 -0.00542153 -0.999946 -0.00887057
-12.0346 92.3109 -0.939314 0.0340874 -0.999289 0.0150034
-13.1933 92.2858 0.133348 0.0508547 -0.998595 0.0133338
-14.1863 92.2338 1.23358 0.0816316 -0.996534 0.0155323
-15.2654 92.1447 2.29419 0.11744 -0.992854 -0.00102584
-16.2693 91.996 3.21555 0.140493 -0.990016 -0.011418
-17.2188 91.8475 4.23177 0.178086 -0.984002 -0.00504055
-18.393 91.6158 5.34148 0.199483 -0.979854 -0.00770482
-19.4329 91.4042 6.44755 0.213819 -0.976852 0.00647056
-20.5295 91.1286 7.57685 0.254221 -0.966979 -0.0178982
-21.4592 90.8574 8.59238 0.272014 -0.96191 -0.0271653
-22.4662 90.5506 9.5245 0.282725 -0.959093 -0.0143641
-23.6011 90.1852 10.6573 0.312453 -0.949917 -0.00542904
-24.6541 89.8251 11.6776 0.333216 -0.942812 -0.00748144
-25.5998 89.4737 12.6099 0.339459 -0.940541 -0.0121876
-26.5727 89.0822 13.6147 0.375214 -0.926934 -0.00285794
-27.5216 88.6977 14.545 0.384515 -0.923117 0.00163645
-28.5488 88.2587 15.6512 0.392417 -0.91978 -0.00342131
-29.7736 87.7078 16.3545 0.415289 -0.909661 -0.00656055
-30.2374 87.4943 17.2057 0.415672 -0.909513 0.000271365
-31.2848 87.0064 17.1235 0.426931 -0.90428 0.00122942
-30.4616 87.3956 15.9717 0.419311 -0.907812 -0.00730663
-29.4291 87.875 14.9317 0.409782 -0.912134 -0.00930448
-28.2705 88.3825 13.9339 0.389251 -0.921127 0.00165802
-27.3005 88.7923 12.8846 0.380468 -0.92473 -0.0105176
-26.2957 89.2053 12.0486 0.369041 -0.929369 -0.00903151
-25.2246 89.6269 10.8853 0.344042 -0.938905 -0.0073824
-24.2207 89.9821 9.91118 0.31628 -0.948649 -0.00553227
-23.2457 90.3095 8.9346 0.303009 -0.952981 -0.0033928
-22.1498 90.6732 8.01828 0.283191 -0.958842 -0.0205913
-21.1294 90.9854 6.73502 0.269468 -0.962973 -0.00715096
-20.1736 91.2289 5.72862 0.231609 -0.972799 0.00221348
-19.039 91.491 4.66391 0.207172 -0.978102 -0.0195349
-17.9698 91.7135 3.83366 0.178735 -0.983894 -0.00143939
-17.188 91.8485 2.6926 0.164594 -0.9863 -0.00763415
-16.15 92.023 1.79597 0.143312 -0.989664 -0.00524363
-14.9542 92.1634 0.585586 0.0909539 -0.995814 -0.000599805
-13.8601 92.2424 -0.410446 0.0574943 -0.998305 0.00854362
-12.9304 92.2755 -1.51874 0.0366657 -0.999251 -0.00806899
-11.9885 92.3148 -2.59415 0.0166329 -0.999859 -0.00241016
-11.0605 92.3276 -3.63378 0.000634546 -0.999769 0.0211155
-10.2775 92.2881 -4.7335 -0.0576573 -0.998254 0.0125973
-9.34746 92.2312 -5.73879 -0.0791837 -0.996522 -0.0259285
-8.51081 92.1616 -6.60426 -0.099098 -0.995053 -0.00654034
-7.33066 92.0076 -7.53447 -0.14972 -0.988722 -0.0035646
-6.2395 91.8315 -8.6394 -0.184907 -0.982705 -0.00669353
-5.09859 91.6214 -9.64239 -0.217392 -0.975586 -0.024471
-4.02786 91.386 -10.431 -0.243513 -0.969456 -0.025137
-3.31215 91.2163 -11.4436 -0.273536 -0.961418 -0.0292199
-4.9263 91.6069 -10.719 -0.220046 -0.97491 -0.0324168
-6.18921 91.8349 -9.97316 -0.184557 -0.982458 -0.0266665
-7.18494 92 -9.04 -0.165388 -0.986225 0.00242098
-8.27881 92.1527 -7.99955 -0.125818 -0.991811 -0.0148446
-9.23804 92.2353 -6.93061 -0.0829691 -0.996547 -0.00265781
-10.3112 92.2993 -5.98325 -0.0596484 -0.998108 -0.0149414
-11.1648 92.3195 -4.9319 -0.00223512 -0.999992 0.000383241
-12.1389 92.3107 -3.91866 0.0266131 -0.999632 -0.00354429
-13.1273 92.2829 -2.7866 0.05413 -0.998493 -0.0089842
-14.1257 92.2141 -1.50098 0.0715929 -0.997374 0.00223447
-15.2687 92.1366 -0.407066 0.106728 -0.994285 0.00250298
-16.2768 92.0131 0.493049 0.135025 -0.990793 -0.000913969
-17.3967 91.8247 1.65088 0.17508 -0.984484 -0.0115436
-18.3277 91.6462 2.6879 0.182011 -0.983233 -0.0111412
-19.2079 91.4647 3.70799 0.218109 -0.975852 -0.0118196
-20.3672 91.1846 4.60493 0.232872 -0.972385 -0.0154207
-21.4246 90.9042 5.63524 0.25932 -0.965774 -0.00472794
-22.4125 90.6161 6.71055 0.300224 -0.95384 -0.00725722
-23.49 90.2493 7.87942 0.315211 -0.948834 -0.0188655
-24.5499 89.8796 8.87818 0.317524 -0.948227 -0.00663604
-25.6059 89.4867 10.0567 0.350826 -0.936362 -0.0102022
-26.5669 89.1098 11.0093 0.373123 -0.927731 -0.00968152
-27.5453 88.7016 11.9095 0.376633 -0.92629 -0.0114212
-28.4925 88.2934 12.8276 0.388585 -0.921328 -0.0124864
-29.6408 87.7856 13.8959 0.409428 -0.912326 0.00010519
-30.6877 87.2973 14.8285 0.422357 -0.906418 -0.00453648
-31.3119 86.997 16.0164 0.428212 -0.903639 -0.00846288
-32.5478 86.3988 16.7846 0.44072 -0.897644 0.000822707
-32.6053 86.3706 16.8213 0.440945 -0.897534 0.000861997
-33.4042 85.9761 16.4106 0.451593 -0.892221 -0.00227707
-32.2404 86.5546 15.6859 0.442653 -0.896666 -0.00691053
-31.4085 86.9601 14.4535 0.431074 -0.902309 -0.00361094
-30.4041 87.4366 13.3759 0.421402 -0.906852 -0.00624831
-29.3223 87.935 12.3199 0.410003 -0.911995 -0.0127821
-28.1593 88.4541 11.2259 0.389619 -0.920931 -0.00817492
-27.1439 88.884 10.2926 0.373296 -0.92768 -0.00769524
-26.1536 89.2837 9.30469 0.363109 -0.931724 -0.00643553
-25.1315 89.6799 8.17446 0.344832 -0.938656 -0.00347295
-24.0729 90.0628 7.13638 0.329002 -0.944267 -0.00970174
-23.1637 90.3784 6.14545 0.310818 -0.950449 -0.00593533
-22.1846 90.6873 5.08116 0.286262 -0.958112 -0.00800771
-21.0679 91.0113 4.02002 0.255099 -0.966857 -0.0069309
-19.9353 91.3044 3.06158 0.237869 -0.971291 -0.00203481
-18.9547 91.5301 2.02664 0.210764 -0.977488 0.00961391
-18.0441 91.7181 0.97591 0.179607 -0.983663 -0.011967
-17.0888 91.8953 -0.0199889 0.151691 -0.988378 0.00807409
-16.0545 92.0359 -0.978472 0.124929 -0.992031 0.0154022
-15.0465 92.1477 -1.90262 0.0733043 -0.997209 0.00150735
-14.2055 92.2196 -2.9727 0.0687194 -0.99758 -0.00776047
-13.1684 92.2855 -4.17914 0.0315936 -0.999315 -0.0191514
-12.0269 92.3213 -5.29933 -0.00117701 -0.999877 -0.0146887
-10.9739 92.3296 -6.42848 -0.0158035 -0.999811 -0.011075
-9.91391 92.2913 -7.27509 -0.0804832 -0.996716 -0.00690814
-8.94616 92.2313 -8.57247 -0.0957261 -0.995089 -0.0247992
-7.79041 92.1006 -9.75258 -0.15904 -0.98713 -0.0167332
-9.58877 92.302 -9.14503 -0.0842978 -0.996124 -0.0246839
-10.558 92.332 -7.8285 -0.0515489 -0.998604 -0.0111811
-11.6023 92.3461 -6.95252 -0.0112942 -0.99981 -0.0158198
-12.6982 92.3256 -5.90104 0.0350558 -0.999379 -0.00366618
-13.7388 92.2735 -4.87164 0.0448502 -0.998917 -0.0123589
-14.6773 92.1913 -3.83713 0.0685641 -0.997097 -0.0328679
-15.6805 92.0888 -2.63848 0.103426 -0.994633 -0.00291997
-16.7766 91.9451 -1.59834 0.143396 -0.989529 -0.0156876
-17.8279 91.7726 -0.599124 0.167115 -0.985838 -0.00168393
-18.8581 91.57 0.510634 0.202163 -0.979119 -0.0166191
-19.7214 91.3585 1.56225 0.208185 -0.97804 -0.00319355
-20.6978 91.1144 2.51155 0.254358 -0.967107 -0.00141366
-21.7356 90.828 3.38724 0.282385 -0.959286 -0.0053175
-22.7464 90.5184 4.3193 0.298838 -0.954247 -0.0103724
-23.7052 90.2051 5.38269 0.319291 -0.947608 -0.00753574
-24.7649 89.8221 6.47968 0.340334 -0.940238 -0.0110275
-25.7906 89.4404 7.54592 0.346033 -0.938197 -0.00690701
-26.7449 89.057 8.61396 0.366814 -0.930216 -0.0118349
-27.7577 88.6395 9.59162 0.382239 -0.92403 -0.00783342
-28.8358 88.1711 10.6285 0.400908 -0.916004 -0.0134365
-29.942 87.6633 11.6702 0.416048 -0.909301 -0.00824985
-30.9 87.2117 12.633 0.42088 -0.90709 -0.00685025
-31.8476 86.7521 13.6642 0.432415 -0.901672 -0.00227876
-32.6783 86.3439 14.8466 0.44589 -0.895077 -0.00433115
-33.8459 85.7542 15.7058 0.452068 -0.891981 -0.00230042
-34.0115 85.6699 15.8458 0.452049 -0.89199 -0.00225746
-34.6068 85.3689 15.2851 0.458277 -0.888809 -0.000935697
-33.4874 85.9426 14.3636 0.45005 -0.892967 -0.00792751
-32.6267 86.3795 13.3048 0.439078 -0.898408 -0.00359981
-31.774 86.8034 12.2878 0.434378 -0.90065 -0.0119869
-30.789 87.2759 11.2773 0.423192 -0.905991 -0.00920946
-29.79 87.7493 10.2431 0.41316 -0.910575 -0.0121361
-28.7463 88.2236 9.28522 0.391601 -0.920096 -0.00843835
-27.8134 88.628 8.3756 0.38301 -0.923716 -0.00715511
-26.8695 89.0242 7.38901 0.369402 -0.929175 -0.0127092
-25.9484 89.3896 6.36873 0.34707 -0.937817 -0.00644655
-25.0112 89.7436 5.44413 0.344884 -0.938599 -0.0091052
-24.1025 90.0731 4.44862 0.32688 -0.944967 -0.0136719
-23.1796 90.3878 3.44215 0.310263 -0.950612 -0.00802292
-22.1994 90.6975 2.54196 0.281413 -0.959571 0.00511658
-21.0757 91.017 1.61962 0.25095 -0.967987 -0.00509739
-20.1481 91.2717 0.629783 0.229428 -0.973221 -0.0142491
-19.2563 91.4896 -0.431848 0.220606 -0.975351 -0.00335403
-18.2785 91.6981 -1.46165 0.186942 -0.982307 -0.0112164
-17.2776 91.888 -2.4038 0.140881 -0.989667 -0.0266545
-16.2342 92.0354 -3.42256 0.101418 -0.994826 -0.00597651
-15.3287 92.1582 -4.49899 0.0954936 -0.995271 -0.0176247
-14.2964 92.252 -5.60444 0.0599137 -0.998103 -0.0130892
-13.2844 92.3077 -6.53992 0.0348477 -0.999335 -0.0100051
-12.2485 92.3596 -7.51314 0.0130047 -0.999513 -0.0185861
-10.9687 92.3666 -8.70942 -0.0134459 -0.99978 -0.0160455
-10.7182 92.3662 -9.05949 -0.020889 -0.999643 -0.0161258
-11.9687 92.3784 -8.87029 0.00678171 -0.99989 -0.0097872
-13.0775 92.3368 -7.90503 0.0401181 -0.998998 -0.0198272
-14.3496 92.2626 -6.75109 0.0496545 -0.998672 -0.013761
-15.3905 92.1698 -5.78489 0.111485 -0.993755 -0.00427795
-16.3389 92.0447 -4.70529 0.129601 -0.991542 -0.00687487
-17.4225 91.8808 -3.55113 0.148242 -0.988932 0.00610285
-18.4371 91.6897 -2.58018 0.196636 -0.980255 -0.0203401
-19.4417 91.4547 -1.58111 0.236102 -0.971598 -0.0158752
-20.3854 91.2196 -0.499416 0.241297 -0.970447 -0.00301142
-21.4218 90.9335 0.674348 0.258399 -0.965915 -0.0153747
-22.6439 90.5609 1.72213 0.288909 -0.957247 -0.00803121
-23.7413 90.2118 2.75299 0.310916 -0.950373 -0.0110661
-24.78 89.8402 3.83533 0.343291 -0.939207 -0.00632481
-25.6908 89.4968 4.8441 0.347908 -0.937497 -0.00767993
-26.6798 89.1126 5.83103 0.363426 -0.931621 -0.00172951
-27.6618 88.7076 6.91255 0.383145 -0.923613 -0.0116962
-28.6022 88.2998 7.85193 0.397369 -0.917617 -0.00831788
-29.5952 87.8556 8.83756 0.412327 -0.910962 -0.0115833
-30.6027 87.3835 9.81541 0.4202 -0.90732 -0.0137281
-31.5034 86.9476 10.7356 0.425059 -0.905089 -0.0118004
-32.4608 86.4803 11.7544 0.433287 -0.901182 -0.0114903
-33.2937 86.0534 12.7717 0.446217 -0.894853 -0.0112887
-34.1435 85.6176 13.7535 0.454563 -0.890666 -0.00856505
-35.1574 85.0886 14.6635 0.456862 -0.889514 -0.00655118
-35.2698 85.03 14.779 0.456998 -0.889443 -0.00654121
-35.8155 84.751 14.1436 0.46298 -0.886358 -0.00428774
-34.8583 85.2552 13.213 0.458236 -0.888778 -0.00963909
-33.9149 85.7497 12.2067 0.452123 -0.891895 -0.00913237
-32.9812 86.2321 11.0434 0.446394 -0.894766 -0.0111835
-31.9014 86.7735 9.87558 0.433568 -0.901017 -0.013259
-30.9741 87.2217 8.92195 0.42186 -0.906606 -0.00999447
-30.0385 87.6649 8.00507 0.413872 -0.910257 -0.00993571
-28.8473 88.2024 6.83834 0.401669 -0.915758 -0.00694208
-27.8443 88.6392 5.78784 0.384872 -0.922967 -0.00196411
-26.8526 89.045 4.69555 0.369164 -0.929357 -0.00372678
-25.8661 89.4407 3.73864 0.358686 -0.933341 -0.0141367
-24.8955 89.816 2.62244 0.342938 -0.939205 -0.0169652
-23.8526 90.1881 1.61069 0.312934 -0.949616 -0.00950371
-22.8704 90.5112 0.724472 0.298746 -0.954148 -0.0185566
-21.805 90.8406 -0.27117 0.266905 -0.963695 -0.00730226
-20.7592 91.1249 -1.45949 0.256834 -0.966449 0.00095636
-19.719 91.4039 -2.57243 0.242962 -0.969924 -0.0146597
-18.7141 91.6456 -3.59678 0.212619 -0.977034 0.0131807
-17.7028 91.8369 -4.55873 0.164088 -0.986435 -0.00131671
-16.699 91.996 -5.68685 0.149605 -0.988732 0.00117466
-15.71 92.1366 -6.74132 0.132958 -0.991111 0.00437672
-14.6908 92.2423 -7.64266 0.0893411 -0.995969 0.00425755
-13.5713 92.3275 -8.63606 0.0519473 -0.99859 -0.00915
-13.4484 92.3341 -8.73968 0.0474678 -0.998804 -0.0114623
-14.834 92.2386 -8.69762 0.101639 -0.994751 -0.0118131
-15.8971 92.116 -7.76249 0.129369 -0.991557 -0.00644654
-17.1918 91.9221 -6.5108 0.151267 -0.988493 -0.000258486
-18.087 91.7664 -5.49236 0.176852 -0.984231 0.000566369
-19.0871 91.5644 -4.49402 0.205583 -0.978586 -0.0101188
-20.1788 91.2993 -3.42142 0.23651 -0.971617 -0.00484852
-21.2293 91.0126 -2.2645 0.251042 -0.967877 -0.0137452
-22.1226 90.7514 -1.26526 0.275388 -0.961331 -0.00213403
-23.0462 90.4767 -0.309737 0.28935 -0.957161 -0.00877155
-24.0779 90.1234 0.589024 0.32047 -0.947012 -0.0186273
-25.0958 89.7564 1.53142 0.339747 -0.940457 -0.0105641
-26.0403 89.3922 2.55432 0.353855 -0.935208 -0.0125464
-27.0546 88.9777 3.63219 0.367147 -0.930066 -0.0132487
-27.9694 88.5956 4.59773 0.379551 -0.925105 -0.0103007
-28.8742 88.199 5.55077 0.399712 -0.916617 -0.00659044
-29.8106 87.7796 6.54689 0.40569 -0.913985 -0.00675031
-30.8095 87.3146 7.50079 0.421535 -0.906728 -0.0123261
-31.7194 86.8793 8.43457 0.423464 -0.905881 -0.00753352
-32.717 86.3815 9.42553 0.445444 -0.895258 -0.00959135
-33.6146 85.9199 10.4549 0.453917 -0.890976 -0.0110008
-34.5477 85.4313 11.6 0.456378 -0.88974 -0.0089936
-35.4422 84.959 12.6062 0.459944 -0.887895 -0.00967956
-36.2892 84.5099 13.4373 0.46639 -0.884542 -0.00799942
-36.7095 84.2936 12.6497 0.46749 -0.883977 -0.00615408
-35.7532 84.8049 11.6998 0.46658 -0.884458 -0.00605893
-34.8937 85.2636 10.6781 0.456275 -0.889781 -0.0101676
-33.9904 85.7393 9.58265 0.456085 -0.889869 -0.0105336
-33.1162 86.1907 8.58309 0.450505 -0.89273 -0.00877261
-32.0056 86.7523 7.46585 0.432469 -0.901545 -0.0120783
-30.8959 87.2881 6.36168 0.420168 -0.907413 -0.00780678
-29.7599 87.8117 5.18512 0.405906 -0.913901 -0.00494955
-28.7948 88.2507 4.16552 0.397907 -0.917285 -0.0160714
-27.6958 88.7278 3.0191 0.379684 -0.925006 -0.0142793
-26.7577 89.1211 2.00369 0.371983 -0.928107 -0.015675
-25.8593 89.4804 1.00664 0.351234 -0.936158 -0.0153036
-24.847 89.8657 0.0998071 0.332032 -0.943121 -0.0166628
-23.7408 90.2586 -0.922723 0.305893 -0.952066 -0.000626187
-22.743 90.5708 -1.94964 0.290461 -0.956878 0.000345322
-21.8038 90.8519 -2.97717 0.279258 -0.960207 -0.00403988
-20.8003 91.1507 -4.06952 0.248453 -0.968563 -0.0125517
-19.5198 91.4701 -5.33816 0.213782 -0.976857 0.00687258
-18.5579 91.6744 -6.29836 0.191387 -0.981513 0.000758174
-17.6588 91.8469 -7.35342 0.172167 -0.985064 0.00177052
-16.6707 92.0102 -8.30515 0.143795 -0.989406 -0.019971
-16.1991 92.0864 -8.72723 0.136379 -0.990516 -0.0167147
-17.7854 91.8377 -8.49417 0.163309 -0.986366 -0.0202923
-18.7555 91.6411 -7.46491 0.191446 -0.981416 -0.0131013
-19.7743 91.4095 -6.36051 0.219332 -0.975598 -0.0101137
-20.7808 91.1617 -5.398 0.251113 -0.967952 0.0014185
-21.713 90.8921 -4.43006 0.279369 -0.960136 -0.00960408
-22.655 90.6015 -3.38818 0.292452 -0.956188 -0.0132524
-23.6009 90.3013 -2.34592 0.304252 -0.952577 0.00293545
-24.6752 89.9513 -1.30228 0.323932 -0.946043 -0.00658571
-25.8277 89.5169 -0.263611 0.351996 -0.935741 -0.0217618
-26.8494 89.105 0.766829 0.372395 -0.927876 -0.0179746
-27.8524 88.6803 1.90288 0.391648 -0.920052 -0.0104187
-28.8088 88.2613 2.87029 0.396069 -0.91818 -0.00865361
-29.7222 87.8444 3.85938 0.413771 -0.910284 -0.0130226
-30.6145 87.4295 4.8055 0.414875 -0.909858 -0.00415376
-31.7076 86.9075 5.90989 0.434806 -0.900467 -0.0101128
-32.6348 86.4477 6.84152 0.442691 -0.896651 -0.00645182
-33.7083 85.8958 7.94906 0.45356 -0.891174 -0.00964155
-34.5869 85.4373 8.9424 0.458385 -0.888722 -0.00744929
-35.6249 84.8872 10.2279 0.463194 -0.886216 -0.00854316
-36.6948 84.3096 11.4368 0.470713 -0.882244 -0.00859174
-36.9656 84.1633 11.7085 0.470418 -0.882436 -0.00362032
-37.3848 83.9451 10.9227 0.472978 -0.881054 -0.00594966
-36.4669 84.4438 9.92634 0.472995 -0.881046 -0.00578767
-35.6305 84.8954 8.8666 0.46472 -0.885434 -0.00648914
-34.8064 85.3327 7.86867 0.458193 -0.888825 -0.0069717
-33.8717 85.8257 6.86972 0.457584 -0.889099 -0.0108511
-32.9459 86.3004 5.93804 0.443744 -0.896135 -0.00551082
-31.9653 86.7944 4.92889 0.433263 -0.901225 -0.00873391
-31.0123 87.2495 3.96405 0.422967 -0.906112 -0.00771438
-30.0705 87.6925 2.94852 0.417051 -0.908863 -0.00597639
-29.0236 88.1767 1.79373 0.410722 -0.91172 -0.00858218
-28.021 88.6224 0.757249 0.392921 -0.919516 -0.0100934
-27.0367 89.0474 -0.348336 0.384208 -0.923208 -0.00846552
-25.8811 89.5167 -1.43073 0.363316 -0.931663 0.00203577
-24.7648 89.9188 -2.43238 0.329722 -0.944038 0.00459437
-23.8304 90.2314 -3.41478 0.318128 -0.947977 -0.0113427
-22.8574 90.5526 -4.51739 0.289768 -0.95705 -0.00946208
-21.7281 90.8958 -5.68995 0.281752 -0.959476 -0.00461914
-20.7147 91.1873 -6.72507 0.25134 -0.967828 -0.01109
-19.6013 91.4677 -7.83846 0.217107 -0.976058 -0.0132101
-18.6695 91.6769 -8.85568 0.192693 -0.981202 -0.0105305
-19.7298 91.448 -9.03129 0.219936 -0.975499 -0.00536016
-20.7499 91.1871 -7.9711 0.255844 -0.966689 0.00702347
-21.7867 90.8891 -6.95519 0.282776 -0.959141 -0.00930168
-22.7596 90.5915 -5.95657 0.285692 -0.958302 -0.00597386
-23.6741 90.2994 -4.95993 0.316918 -0.948432 -0.00634999
-24.5929 89.9789 -3.91607 0.32587 -0.945367 -0.00877283
-25.7661 89.5576 -2.73055 0.34528 -0.938397 -0.00799717
-26.8049 89.1482 -1.78352 0.372628 -0.927975 0.00307008
-27.7512 88.7524 -0.866393 0.390597 -0.920551 -0.00267263
-28.7055 88.3325 0.196507 0.397689 -0.917491 -0.00708233
-29.657 87.8971 1.17249 0.412732 -0.910805 -0.00897968
-30.5185 87.4937 2.15472 0.417036 -0.90883 -0.0104069
-31.4615 87.0474 3.14608 0.424612 -0.905332 -0.00890188
-32.4259 86.5745 4.13538 0.441514 -0.897246 -0.00368636
-33.3997 86.0825 5.1431 0.447167 -0.894385 -0.0106049
-34.4866 85.5155 6.27954 0.459851 -0.887936 -0.0102549
-35.4169 85.0194 7.28126 0.465789 -0.884868 -0.00709654
-36.379 84.5014 8.44469 0.472184 -0.881483 -0.00542153
-37.2081 84.0488 9.49072 0.472587 -0.881266 -0.00562869
-37.795 83.7282 10.1387 0.475695 -0.879602 -0.00364464
-38.0331 83.6042 9.15357 0.47661 -0.879101 -0.00501486
-37.1784 84.0744 8.08747 0.47391 -0.880554 -0.0057982
-36.2218 84.5967 6.91235 0.469455 -0.882937 -0.00509889
-35.311 85.09 5.89792 0.463642 -0.885967 -0.00987117
-34.3943 85.5782 4.89817 0.460264 -0.88774 -0.00854838
-33.4122 86.0847 3.88926 0.448602 -0.893732 -0.000457407
-32.4157 86.585 2.87848 0.439474 -0.898242 -0.00460089
-31.4513 87.0613 1.85202 0.431355 -0.902168 -0.00502803
-30.5675 87.4845 0.87624 0.41776 -0.908535 -0.00507582
-29.5227 87.9695 -0.251333 0.412945 -0.910737 -0.00564417
-28.549 88.4101 -1.29363 0.402461 -0.915412 -0.00494207
-27.5817 88.8264 -2.26662 0.389905 -0.920854 0.000427351
-26.5165 89.2656 -3.26395 0.371425 -0.928446 -0.0056927
-25.5565 89.6362 -4.18171 0.342208 -0.9396 -0.00116331
-24.6707 89.96 -5.17339 0.336884 -0.941518 -0.00682725
-23.6405 90.32 -6.37918 0.318956 -0.947747 0.000127077
-22.5704 90.6559 -7.41994 0.297419 -0.954741 0.00263177
-21.4191 91.0018 -8.53572 0.282028 -0.959395 -0.00395805
-20.8813 91.1542 -9.11181 0.259913 -0.965611 -0.00642998
-21.8471 90.8845 -9.42275 0.28524 -0.958418 -0.00853864
-22.9546 90.5389 -8.2883 0.307723 -0.951459 -0.00207649
-23.9637 90.2051 -7.34089 0.323393 -0.946256 0.00410898
-24.9113 89.8714 -6.25212 0.344667 -0.938721 0.00240399
-25.7929 89.5439 -5.23005 0.358929 -0.933355 0.00304004
-26.7352 89.1774 -4.28862 0.37632 -0.926474 0.00349235
-27.6917 88.7805 -3.36029 0.38753 -0.921848 -0.00419067
-28.694 88.3504 -2.37978 0.396966 -0.917832 0.00137188
-29.6718 87.9096 -1.37209 0.415833 -0.909395 -0.0062189
-30.6648 87.4418 -0.314429 0.420873 -0.907113 -0.00303439
-31.6398 86.9765 0.751131 0.431473 -0.902119 -0.00355028
-32.5808 86.5119 1.78531 0.442627 -0.896687 -0.00590904
-33.5994 85.994 2.80962 0.449304 -0.893367 -0.0045644
-34.5636 85.4986 3.83118 0.457352 -0.889264 -0.00592561
-35.608 84.9459 4.95914 0.463362 -0.886113 -0.00992344
-36.5201 84.4489 5.92053 0.476337 -0.879172 -0.0126005
-37.3661 83.9808 6.97967 0.475992 -0.879432 -0.00550316
-38.2594 83.4881 8.09063 0.47797 -0.878363 -0.00477609
-38.5604 83.3293 7.10164 0.480422 -0.877022 -0.00529506
-37.6404 83.8396 5.95787 0.479889 -0.877288 -0.00838441
-36.597 84.4234 4.73262 0.478348 -0.8781 -0.0111471
-35.6784 84.921 3.74701 0.462591 -0.886539 -0.00765937
-34.5876 85.4952 2.5987 0.456853 -0.88954 -0.00135607
-33.6709 85.9653 1.64095 0.451455 -0.892265 -0.00720616
-32.7483 86.4348 0.694393 0.443327 -0.896354 -0.00317252
-31.8437 86.8822 -0.298704 0.433825 -0.900992 -0.00231378
-30.9064 87.3329 -1.34093 0.426091 -0.904672 -0.00368618
-29.9802 87.7697 -2.32161 0.421133 -0.906993 -0.00334889
-29.0617 88.1982 -3.25895 0.404158 -0.914653 -0.00591709
-28.0821 88.6198 -4.2058 0.387419 -0.921896 -0.00381986
-26.9786 89.0783 -5.28787 0.373809 -0.927503 0.000477255
-25.9486 89.4809 -6.39374 0.355823 -0.934553 -0.000458413
-24.8216 89.9002 -7.69737 0.347003 -0.937858 0.00333784
-23.651 90.3122 -8.85127 0.317556 -0.948149 -0.0118336
-22.7295 90.6234 -9.83086 0.297209 -0.954724 -0.0101819
-23.7407 90.2977 -10.0538 0.321548 -0.946757 -0.0114725
-24.8115 89.9068 -8.95418 0.344837 -0.938621 -0.00867923
-25.8179 89.5312 -7.87582 0.349435 -0.936957 -0.00133144
-26.7216 89.1822 -6.85239 0.362179 -0.932107 0.00165735
-27.6178 88.8199 -5.8808 0.380611 -0.924718 -0.00487017
-28.5591 88.4216 -4.97183 0.388959 -0.921248 -0.00374315
-29.5321 87.9899 -4.04862 0.412906 -0.910773 -0.000256175
-30.4398 87.5646 -3.12912 0.427452 -0.904 -0.00831668
-31.3499 87.1263 -2.11907 0.427423 -0.904035 -0.00517172
-32.4111 86.6095 -0.973703 0.441753 -0.897127 -0.00410272
-33.3521 86.1359 0.0563902 0.450172 -0.892932 -0.00397642
-34.3589 85.6182 1.12203 0.45745 -0.889201 -0.00785
-35.309 85.1217 2.11139 0.462773 -0.88646 -0.00222
-36.2922 84.6002 3.12792 0.469767 -0.882787 -0.00160076
-37.186 84.1104 4.08113 0.478991 -0.877758 -0.0104118
-38.0598 83.618 5.12864 0.4826 -0.875805 -0.00791512
-38.7405 83.2372 5.97404 0.480615 -0.876921 -0.0044539
-38.8947 83.1584 4.82159 0.485227 -0.874376 -0.00448132
-38.0172 83.6536 3.72289 0.485813 -0.874039 -0.00629933
-36.9511 84.2449 2.56586 0.479202 -0.877705 0.00026346
-35.9939 84.7618 1.5599 0.467995 -0.88372 -0.00438479
-34.9809 85.2993 0.538713 0.463988 -0.885835 -0.00344242
-34.104 85.7579 -0.395326 0.452053 -0.891976 -0.00509196
-33.2046 86.2163 -1.36852 0.450319 -0.892856 -0.00441102
-32.2735 86.6838 -2.39195 0.441832 -0.897072 -0.00671322
-31.4043 87.1108 -3.36943 0.430979 -0.902346 -0.00493743
-30.3234 87.6262 -4.48317 0.425612 -0.904901 -0.00300743
-29.158 88.1608 -5.60137 0.40991 -0.912123 -0.000897088
-28.021 88.654 -6.70137 0.391437 -0.9202 -0.00289993
-27.137 89.0216 -7.73762 0.36525 -0.930903 -0.00234364
-26.1457 89.408 -8.82652 0.357459 -0.933898 -0.00568828
-25.1032 89.81 -9.91581 0.345219 -0.938465 -0.0102921
-24.7936 89.926 -10.2104 0.339131 -0.940704 -0.00785903
-25.6035 89.6329 -10.6643 0.346565 -0.937991 -0.00801611
-26.6276 89.2342 -9.6177 0.362753 -0.931826 -0.0105193
-27.6696 88.8082 -8.45614 0.375381 -0.92687 0.000612495
-28.6368 88.3981 -7.31282 0.403748 -0.914787 -0.0113074
-29.8543 87.8457 -6.15693 0.416439 -0.90916 -0.000349571
-30.9393 87.3387 -5.10005 0.426776 -0.904352 -0.00293241
-31.8809 86.8847 -4.12002 0.435992 -0.899947 -0.00266617
-32.935 86.3608 -2.96644 0.447805 -0.89412 -0.00447163
-33.9305 85.8541 -1.85963 0.449753 -0.89312 -0.00763463
-34.8292 85.3881 -0.877613 0.463741 -0.885971 -0.000351495
-35.7371 84.905 0.0972957 0.471496 -0.881857 -0.00400695
-36.6733 84.3981 1.03145 0.476515 -0.879164 -0.00176422
-37.5579 83.9139 1.96175 0.478929 -0.877852 -0.00137517
-38.4389 83.4248 2.9302 0.486395 -0.873715 -0.00623479
-38.9699 83.1231 3.5661 0.487332 -0.873201 -0.00495571
-38.7851 83.2352 2.07899 0.490671 -0.871335 -0.00407722
-37.9106 83.7216 1.07433 0.482371 -0.875967 -0.000406813
-37.0123 84.2159 0.141143 0.479448 -0.877569 -0.00133896
-36.0266 84.7532 -0.853521 0.476842 -0.878982 -0.00368912
-35.0636 85.27 -1.88362 0.462795 -0.886451 -0.00481454
-34.2005 85.7221 -2.85553 0.459291 -0.888277 -0.00377625
-33.2854 86.1889 -3.8408 0.448199 -0.893926 -0.00367031
-32.2966 86.6857 -4.94758 0.436832 -0.899539 -0.00261125
-31.2339 87.2016 -6.05595 0.432742 -0.901511 -0.00294873
-30.2752 87.6524 -6.97272 0.422087 -0.906555 -0.00120531
-29.1094 88.1928 -8.0903 0.408 -0.912946 -0.00392999
-28.2685 88.5631 -9.10373 0.394562 -0.918837 -0.00763638
-27.3549 88.9513 -10.1045 0.380707 -0.924672 -0.00659965
-26.5386 89.2809 -10.9593 0.356944 -0.934108 -0.00571226
-27.7995 88.7689 -10.9252 0.386967 -0.922064 -0.000859235
-28.7412 88.3635 -9.90077 0.398189 -0.917302 -0.00135315
-29.6493 87.9538 -8.83427 0.412715 -0.910836 -0.00663464
-30.6388 87.4873 -7.83066 0.425064 -0.905114 -0.0094408
-31.6267 87.0198 -6.87713 0.427285 -0.904113 -0.00251202
-32.5581 86.5623 -5.94799 0.43933 -0.898298 -0.00649945
-33.6172 86.0302 -4.76305 0.454435 -0.890735 -0.00897308
-34.5738 85.5332 -3.73185 0.45986 -0.887978 -0.00294269
-35.5267 85.0298 -2.62934 0.47286 -0.881132 -0.0030524
-36.5707 84.462 -1.54673 0.478246 -0.87821 -0.0051971
-37.6439 83.8705 -0.47718 0.480927 -0.87676 -0.000677201
-38.5883 83.3476 0.546665 0.48761 -0.873061 -0.00111434
-38.7728 83.2442 0.74493 0.488858 -0.872361 -0.00178689
-38.5781 83.3548 -0.722375 0.486438 -0.87371 -0.00287096
-37.6061 83.8949 -1.71681 0.481304 -0.876546 -0.00363133
-36.6295 84.4363 -2.70948 0.477711 -0.878502 -0.00328063
-35.6509 84.9678 -3.83596 0.472234 -0.88146 -0.00468021
-34.7709 85.4376 -4.81283 0.460188 -0.887799 -0.00632429
-33.7156 85.9875 -5.99089 0.452754 -0.891633 -0.00104382
-32.8166 86.4429 -6.90462 0.446128 -0.894961 -0.00371208
-31.8827 86.8981 -7.85597 0.432279 -0.90173 -0.00412779
-30.925 87.3604 -8.79001 0.427732 -0.903887 -0.00581246
-29.9445 87.8219 -9.83143 0.420072 -0.90749 2.18515e-05
-29.0285 88.2377 -10.9091 0.406559 -0.913611 -0.0044609
-28.789 88.3443 -11.1784 0.401191 -0.915968 -0.00568715
-29.9365 87.8279 -11.1741 0.421311 -0.906916 -0.000883815
-30.792 87.4271 -10.1838 0.423569 -0.905859 -0.00287174
-31.7994 86.9462 -9.1442 0.432619 -0.901563 -0.00482801
-32.7834 86.4627 -8.16951 0.443853 -0.896081 -0.00390271
-33.7457 85.9717 -7.21153 0.455591 -0.890189 -0.000539769
-34.7552 85.4509 -6.12183 0.462597 -0.886568 -0.000485234
-35.6266 84.9869 -5.15823 0.470753 -0.882256 -0.00410019
-36.5239 84.4989 -4.12463 0.476214 -0.879322 -0.00351086
-37.6261 83.8915 -2.91965 0.480229 -0.87712 -0.00630594
-38.2035 83.5683 -2.32276 0.483869 -0.87512 -0.00603621
-38.0481 83.664 -3.70403 0.484502 -0.874784 -0.00313284
-37.077 84.2015 -4.81438 0.478507 -0.878074 -0.00410805
-36.1649 84.7014 -5.82923 0.476041 -0.879409 -0.00484934
-35.2836 85.1755 -6.79777 0.465772 -0.884894 0.000508769
-34.4172 85.628 -7.74373 0.461399 -0.887183 -0.0040562
-33.4989 86.1055 -8.67583 0.455781 -0.890082 -0.003861
-32.6002 86.5592 -9.58874 0.439394 -0.898273 -0.00532862
-31.5658 87.0635 -10.6374 0.42841 -0.903584 -0.000908721
-31.0674 87.3004 -11.1851 0.42534 -0.905012 -0.00462374
-32.2207 86.754 -11.21 0.434531 -0.900644 -0.00270787
-33.1432 86.2958 -10.2676 0.449028 -0.893468 -0.00784908
-34.1392 85.781 -9.27546 0.460063 -0.887845 -0.00853504
-35.1138 85.2673 -8.2284 0.462903 -0.886391 -0.00560279
-36.0071 84.7918 -7.31065 0.472149 -0.88151 -0.00387191
-36.8636 84.3258 -6.35265 0.476649 -0.879074 -0.00579362
-37.5536 83.9452 -5.57988 0.480322 -0.877078 -0.0049818
-36.5021 84.5313 -8.01708 0.472326 -0.881397 -0.00685754
-35.5159 85.0611 -9.02576 0.46408 -0.885781 -0.00465491
-34.6639 85.5147 -9.98143 0.462728 -0.886464 -0.00795596
-34.1256 85.7994 -10.5299 0.456024 -0.889928 -0.0082825
-1.47033 90.6049 13.0455 -0.289768 -0.957084 0.00492676
-0.382355 90.2646 13.2049 -0.318564 -0.947879 0.00467553
0.595268 89.9323 13.4725 -0.328533 -0.944447 0.00566851
1.54566 89.5863 13.7433 -0.352531 -0.93573 0.0106771
2.69381 89.1504 14.1032 -0.369577 -0.929068 0.0132722
3.59332 88.7815 14.3086 -0.394921 -0.918655 0.0104734
4.45234 88.411 14.5121 -0.402876 -0.915245 0.0039567
5.34563 88.0135 14.6429 -0.417652 -0.908603 0.00256456
6.47641 87.4928 14.6553 -0.42448 -0.905421 0.00328679
7.377 87.0656 14.4568 -0.429443 -0.903084 0.00390615
8.1683 86.6818 13.9991 -0.436412 -0.899739 0.0036771
8.87011 86.3383 13.3612 -0.442412 -0.896811 0.00128017
9.37582 86.0882 12.4969 -0.443716 -0.896165 0.000535392
9.75923 85.8959 11.6251 -0.446513 -0.894777 0.000655616
10.1294 85.7099 10.6957 -0.448287 -0.89389 -0.000488008
10.4893 85.5267 9.76158 -0.451797 -0.892119 0.00175942
10.8296 85.3534 8.89615 -0.456054 -0.889944 0.00389445
11.165 85.1776 7.83886 -0.456941 -0.889485 0.00453317
11.4972 84.9988 6.6745 -0.461142 -0.887306 0.00606951
11.788 84.8383 5.37853 -0.465955 -0.884782 0.00674367
11.9784 84.7306 4.33815 -0.467566 -0.883929 0.0069673
12.09 84.661 3.26349 -0.467783 -0.883801 0.00862284
12.1287 84.6317 2.31847 -0.469874 -0.882695 0.00823369
12.1332 84.6171 1.08438 -0.470046 -0.882614 0.00664883
12.1302 84.6111 0.106489 -0.472983 -0.881032 0.00840486
12.0944 84.6199 -1.02251 -0.473667 -0.880666 0.00822679
11.9869 84.6689 -1.96629 -0.472573 -0.881247 0.00883563
11.8488 84.7329 -2.93551 -0.472323 -0.881381 0.00887168
11.7121 84.7946 -4.06939 -0.47092 -0.882128 0.00908009
11.5488 84.8679 -5.22084 -0.470226 -0.882488 0.0101503
11.3431 84.9685 -6.14413 -0.470807 -0.882199 0.00802993
11.0959 85.0919 -7.10585 -0.470938 -0.882131 0.00790011
10.8005 85.2392 -7.99558 -0.463339 -0.886109 0.0112673
10.462 85.4063 -8.86228 -0.463213 -0.886185 0.01049
10.0077 85.6334 -9.82877 -0.46232 -0.886669 0.00886446
9.56861 85.852 -10.755 -0.460144 -0.887812 0.00737066
9.07418 86.1014 -11.6659 -0.457768 -0.889045 0.00670978
8.56505 86.3589 -12.4384 -0.454055 -0.890958 0.00431852
8.01219 86.6344 -13.169 -0.449324 -0.893359 0.00431448
7.26853 87.0024 -13.9872 -0.441342 -0.897333 0.00230845
6.51678 87.3728 -14.6082 -0.439597 -0.898186 -0.00414722
5.5868 87.8247 -14.9728 -0.433548 -0.901116 -0.00490217
4.43195 88.3673 -15.0306 -0.415782 -0.909398 -0.00804379
3.48548 88.7888 -14.9139 -0.400291 -0.916335 -0.00842539
2.34705 89.2715 -14.6522 -0.381764 -0.924179 -0.0116437
1.47259 89.6248 -14.4161 -0.367646 -0.929827 -0.0139781
0.526496 89.9842 -14.0689 -0.360449 -0.932518 -0.0218597
-0.32206 90.2883 -13.6427 -0.341193 -0.939728 -0.0199236
-1.11255 90.5641 -13.1947 -0.323781 -0.945916 -0.0201176
-1.96172 90.8304 -12.6726 -0.305044 -0.952068 -0.0217028
-2.96002 91.1325 -12.1137 -0.283235 -0.95895 -0.0123955
-3.88498 91.386 -11.7102 -0.269943 -0.962486 -0.027297
-4.82235 91.6014 -11.2907 -0.233039 -0.972038 -0.0288076
-5.76325 91.7835 -10.9076 -0.190006 -0.981347 -0.0291949
-6.89183 91.9718 -10.5382 -0.159401 -0.986837 -0.0272695
-7.84764 92.1206 -10.2497 -0.147119 -0.988781 -0.0203023
-8.8306 92.241 -10.0266 -0.119095 -0.992711 -0.0184779
-9.98406 92.3454 -9.74427 -0.0730951 -0.996857 -0.0304648
-11.1447 92.3852 -9.59652 -0.013403 -0.999371 -0.0328418
-12.3468 92.3755 -9.43415 0.0217914 -0.999708 -0.00861569
-13.2985 92.3492 -9.37254 0.0503078 -0.998572 -0.017252
-14.3751 92.2869 -9.29406 0.0672565 -0.997428 -0.0247485
-15.3673 92.193 -9.2216 0.099371 -0.994921 -0.0160677
-16.5164 92.0508 -9.20239 0.138791 -0.990193 -0.015735
-17.7582 91.8565 -9.26619 0.163868 -0.986335 -0.0170543
-19.0223 91.6091 -9.38856 0.20073 -0.979609 -0.00775353
-19.975 91.3989 -9.56821 0.234666 -0.971674 -0.0218443
-20.9685 91.1381 -9.84808 0.262679 -0.964758 -0.0155055
-22.0242 90.8389 -10.1803 0.286174 -0.958121 -0.0104251
-22.9906 90.5469 -10.4263 0.306302 -0.951834 -0.0136831
-23.9587 90.227 -10.6797 0.329055 -0.94428 -0.00439771
-24.8678 89.9044 -11.0164 0.338469 -0.940937 -0.00874768
-25.8688 89.5381 -11.3058 0.352225 -0.935769 -0.0164376
-26.9696 89.1127 -11.5331 0.375664 -0.926666 -0.0127514
-28.0735 88.6575 -11.699 0.392331 -0.919717 -0.0138254
-28.9435 88.2792 -11.7739 0.406025 -0.913805 -0.00867502
-29.8362 87.8798 -11.9066 0.417429 -0.908655 -0.00996773
-30.9 87.3854 -11.993 0.427643 -0.903925 -0.00638187
-31.859 86.9311 -11.9047 0.430087 -0.90277 -0.00418052
-32.7401 86.5019 -11.6913 0.438973 -0.898496 -0.0027547
-33.6241 86.0623 -11.3666 0.449682 -0.893185 -0.00276964
-34.4742 85.6241 -10.942 0.459078 -0.888351 -0.00870147
-35.1779 85.2521 -10.42 0.46377 -0.885874 -0.0118803
-35.8334 84.9013 -9.78893 0.46487 -0.885336 -0.00872909
-36.4178 84.5862 -9.09132 0.471464 -0.881845 -0.00803095
-36.9226 84.3082 -8.28526 0.473678 -0.880668 -0.00727178
-37.3331 84.0793 -7.44754 0.477207 -0.87877 -0.00615882
-37.7394 83.8517 -6.57691 0.478668 -0.877969 -0.00673983
-38.1439 83.6214 -5.52872 0.480322 -0.877065 -0.00684476
-38.3458 83.5037 -4.51951 0.483927 -0.875081 -0.00686835
-38.5787 83.3679 -3.40602 0.485977 -0.873957 -0.005006
-38.766 83.2576 -2.41225 0.484906 -0.874543 -0.00632066
-38.9438 83.153 -1.31744 0.486745 -0.873538 -0.0031467
-39.0688 83.0804 -0.260921 0.487235 -0.87327 -0.00114858
-39.1954 83.0067 0.746986 0.489637 -0.871924 -0.00169458
-39.3122 82.9393 1.7812 0.49172 -0.870748 -0.00301634
-39.3876 82.892 2.8717 0.490163 -0.871621 -0.00396642
-39.4334 82.8627 3.88899 0.489478 -0.872011 -0.00293741
-39.4167 82.8683 4.8734 0.487794 -0.872949 -0.00368176
-39.3085 82.9235 5.87749 0.486784 -0.873509 -0.00486151
-39.0964 83.0363 6.84825 0.482813 -0.875706 -0.00562931
-38.8351 83.1736 8.08279 0.483094 -0.875559 -0.00395627
-38.6154 83.288 9.09142 0.478997 -0.877803 -0.00472695
-38.3469 83.4297 10.1196 0.477464 -0.878646 -0.00259687
-38.0027 83.612 11.0029 0.474992 -0.879973 -0.00541645
-37.5502 83.8495 12.044 0.472427 -0.88136 -0.00403357
-37.1411 84.063 12.9545 0.469692 -0.882808 -0.00591871
-36.6745 84.3039 13.831 0.466682 -0.8844 -0.00594735
-36.1531 84.5727 14.6408 0.462553 -0.886583 -0.00384673
-35.5456 84.8848 15.3286 0.458001 -0.888941 -0.00430822
-34.7184 85.3102 16.0584 0.457277 -0.889322 -0.00192036
-33.8628 85.7432 16.7117 0.451944 -0.892043 -0.00225058
-32.9101 86.221 17.214 0.443529 -0.896259 -0.000283475
-32.0136 86.6583 17.5605 0.434848 -0.900503 0.000520749
-31.1582 87.066 17.719 0.424539 -0.90541 -0.000477753
-30.0369 87.5865 17.7741 0.415802 -0.909444 0.00454771
-29.1344 87.997 17.7048 0.409802 -0.912159 0.00244886
-28.1015 88.4518 17.5235 0.39695 -0.917816 0.00439076
-27.221 88.8206 17.3002 0.387497 -0.921856 0.00287894
-26.3238 89.1832 16.9454 0.371875 -0.928247 0.00780599
-25.4937 89.5069 16.6185 0.356307 -0.934342 0.00632589
-24.5397 89.8632 16.2123 0.350582 -0.936492 0.00832387
-23.7028 90.1642 15.7986 0.339232 -0.94068 0.00640497
-22.6286 90.501 15.2848 0.296195 -0.95496 0.0178138
-21.6945 90.7828 14.8888 0.290144 -0.956782 0.0184622
-20.7758 91.0387 14.5571 0.267513 -0.963494 0.0107215
-19.9121 91.2549 14.215 0.228258 -0.97356 0.00860136
-18.8875 91.4835 13.909 0.203536 -0.979008 0.0105126
-17.9465 91.6726 13.7088 0.197243 -0.980238 0.0151137
-16.9445 91.8376 13.563 0.158083 -0.98738 0.00941446
-15.659 92.0125 13.44 0.126124 -0.991857 0.0176867
-14.6623 92.1145 13.3225 0.0829704 -0.996401 0.0171955
-13.5803 92.1987 13.2069 0.0611862 -0.998018 0.0112598
-12.617 92.2485 13.1557 0.0354099 -0.999154 0.0103227
-11.3345 92.2638 13.1439 0.00602204 -0.999797 0.0174952
-10.1576 92.2084 13.1234 -0.0569283 -0.99833 0.00568064
-9.02077 92.1294 13.0757 -0.0851687 -0.996324 0.0025897
-7.9768 92.014 13.0148 -0.110075 -0.99381 0.014916
-6.86104 91.8631 12.9196 -0.145691 -0.989285 0.00946561
-5.79059 91.6863 12.837 -0.183321 -0.983004 0.00983347
-4.64637 91.455 12.8705 -0.219392 -0.975508 0.0110687
-3.52561 91.1846 12.9495 -0.249211 -0.968335 0.0101272
-2.42428 90.8913 13.0058 -0.259898 -0.965421 0.020313
-1.9097 90.7381 13.0175 -0.289784 -0.957068 0.0066647
-1.93957 90.7698 13.9568 -0.29299 -0.955765 0.0257763
-0.949296 90.465 14.0356 -0.306871 -0.951574 0.0162681
-0.0263937 90.1588 14.2594 -0.323419 -0.946091 0.0176496
0.998623 89.8006 14.5532 -0.33852 -0.940905 0.00955847
2.09809 89.3947 14.8862 -0.354493 -0.934917 0.0162005
2.96736 89.0554 15.1333 -0.377968 -0.925671 0.0145842
3.84731 88.6814 15.3623 -0.398521 -0.917118 0.00862766
4.845 88.2454 15.56 -0.406933 -0.913402 0.00824439
5.79065 87.8171 15.6249 -0.41586 -0.909384 0.00876553
6.78706 87.3541 15.6255 -0.421969 -0.906567 0.0083543
7.82426 86.8566 15.3389 -0.433738 -0.901018 0.00622556
8.72148 86.4171 14.8135 -0.437502 -0.899201 0.00536421
9.47983 86.041 14.0512 -0.44066 -0.897658 0.00539796
9.99979 85.7793 13.2196 -0.447897 -0.89408 0.00273401
10.5109 85.5206 12.0979 -0.447575 -0.894242 0.00269622
10.8458 85.3504 11.207 -0.450266 -0.89289 0.00258068
11.2603 85.1371 10.1695 -0.452204 -0.89191 0.00293179
11.603 84.959 9.28865 -0.456266 -0.889833 0.00437287
11.9163 84.7933 8.37698 -0.458773 -0.888537 0.00530231
12.1982 84.6407 7.39495 -0.46109 -0.887318 0.00771194
12.5124 84.4643 6.14509 -0.463424 -0.886089 0.00917962
12.6986 84.3563 5.21912 -0.468624 -0.883367 0.00729653
12.8643 84.2577 4.11565 -0.469614 -0.88282 0.00953782
12.9357 84.2095 3.13459 -0.471403 -0.881869 0.00933043
12.9787 84.1757 2.12111 -0.471576 -0.881784 0.00857852
12.9794 84.1635 0.920495 -0.472325 -0.881376 0.00925164
12.9615 84.1614 -0.212921 -0.473263 -0.880876 0.00895352
12.9368 84.164 -1.25615 -0.474626 -0.880141 0.00903223
12.7634 84.2458 -2.45025 -0.47484 -0.880035 0.00809146
12.6269 84.31 -3.51479 -0.473022 -0.881013 0.00811528
12.472 84.381 -4.68545 -0.47213 -0.881477 0.00957536
12.3185 84.4514 -5.71662 -0.471346 -0.881901 0.00911197
12.0705 84.5744 -6.64263 -0.474117 -0.880402 0.0101011
11.8261 84.6977 -7.61182 -0.476069 -0.87937 0.00810178
11.5005 84.862 -8.51782 -0.470192 -0.882482 0.0120342
11.1501 85.0376 -9.39221 -0.467872 -0.883745 0.00938478
10.7034 85.2642 -10.3476 -0.465572 -0.884984 0.00673517
10.2765 85.4812 -11.2659 -0.462758 -0.886458 0.00690231
9.82759 85.7091 -12.0933 -0.460736 -0.88752 0.0053702
9.2518 86.0026 -13.0294 -0.45877 -0.888541 0.00492645
8.55273 86.3575 -13.937 -0.45416 -0.890912 0.00288873
7.92977 86.6703 -14.6392 -0.451295 -0.892375 -0.000245964
7.00867 87.132 -15.4101 -0.446921 -0.894572 0.00116914
6.1884 87.5395 -15.7881 -0.436352 -0.899719 -0.0100766
5.09998 88.0646 -16.0112 -0.426887 -0.904242 -0.0103978
4.1952 88.485 -15.9655 -0.412862 -0.910619 -0.0178322
3.33415 88.8689 -15.8658 -0.404107 -0.914591 -0.0148346
2.26655 89.3232 -15.6156 -0.384087 -0.923104 -0.018857
1.41091 89.6728 -15.3804 -0.377044 -0.925848 -0.0247515
0.477206 90.0335 -15.0641 -0.364233 -0.930763 -0.031155
-0.467242 90.3764 -14.6261 -0.349683 -0.93635 -0.0309869
-1.27949 90.6522 -14.1718 -0.334524 -0.941874 -0.0310824
-2.14765 90.9209 -13.6717 -0.313146 -0.949229 -0.0300685
-2.97718 91.163 -13.1761 -0.289181 -0.956416 -0.040535
-4.1021 91.4591 -12.6507 -0.261048 -0.963904 -0.0523652
-5.00713 91.6728 -12.2327 -0.221628 -0.973973 -0.0462567
-6.09299 91.8831 -11.815 -0.178147 -0.983293 -0.0367951
-6.975 92.0225 -11.5054 -0.163687 -0.985467 -0.0453049
-7.94921 92.1557 -11.2123 -0.124649 -0.991629 -0.03356
-9.1709 92.2979 -10.932 -0.114485 -0.993142 -0.0237042
-10.1265 92.3865 -10.7018 -0.0787718 -0.996541 -0.0198735
-11.1522 92.4191 -10.5734 -0.00831226 -0.999304 -0.0323659
-12.2864 92.4026 -10.4038 0.0191685 -0.999413 -0.0284051
-13.3726 92.3708 -10.312 0.0355959 -0.999114 -0.0216938
-14.3309 92.308 -10.2661 0.0796485 -0.996597 -0.0212292
-15.3477 92.2124 -10.1426 0.10211 -0.994599 -0.0186114
-16.4525 92.0769 -10.125 0.139808 -0.989919 -0.022524
-17.4363 91.9263 -10.1805 0.159401 -0.986851 -0.0267599
-18.3802 91.7568 -10.2768 0.193129 -0.980836 -0.0256902
-19.4168 91.5449 -10.4011 0.215732 -0.976143 -0.0245678
-20.3885 91.3098 -10.6207 0.254014 -0.967039 -0.0160881
-21.3531 91.0431 -10.9464 0.274107 -0.961647 -0.00971007
-22.2855 90.7699 -11.2185 0.288365 -0.957379 -0.0155864
-23.3023 90.4561 -11.4631 0.322331 -0.946511 -0.0147736
-24.1633 90.1655 -11.754 0.327096 -0.944918 -0.011764
-25.09 89.8398 -12.069 0.340131 -0.940245 -0.0158425
-26.0526 89.4863 -12.3015 0.354436 -0.934978 -0.0138034
-27.0097 89.113 -12.5205 0.374129 -0.92723 -0.0155193
-27.893 88.75 -12.6475 0.395117 -0.918536 -0.0132452
-28.8721 88.3254 -12.7422 0.403418 -0.914916 -0.013516
-29.7275 87.9412 -12.8665 0.41388 -0.910235 -0.0132208
-30.8644 87.4159 -12.9649 0.427203 -0.903956 -0.0190054
-31.8214 86.9607 -12.9095 0.43298 -0.901242 -0.0166878
-32.8401 86.4634 -12.6897 0.435387 -0.900126 -0.0145385
-33.6469 86.0604 -12.3909 0.44672 -0.89456 -0.0142347
-34.5419 85.6011 -11.9952 0.457873 -0.888925 -0.01285
-35.3091 85.1972 -11.4869 0.464338 -0.885559 -0.0129965
-36.0965 84.7743 -10.8229 0.465695 -0.884884 -0.010424
-36.7927 84.396 -10.0502 0.471881 -0.881604 -0.00996264
-37.3964 84.0605 -9.18982 0.474154 -0.880398 -0.00859744
-37.8588 83.8005 -8.32583 0.478602 -0.87797 -0.0104364
-38.3664 83.5133 -7.25093 0.481963 -0.876159 -0.00759182
-38.7838 83.2759 -6.31063 0.482384 -0.875932 -0.00691361
-39.074 83.104 -5.2755 0.487165 -0.873272 -0.00796736
-39.2477 82.9999 -4.33088 0.488192 -0.872715 -0.00600672
-39.492 82.8557 -3.14876 0.488824 -0.872368 -0.00499521
-39.7046 82.73 -1.97852 0.489076 -0.872228 -0.00472645
-39.8381 82.6511 -1.02937 0.491229 -0.871024 -0.00319239
-39.9345 82.5924 -0.0700348 0.492705 -0.870194 -0.00223179
-40.0661 82.5157 0.925368 0.492947 -0.870057 -0.00193685
-40.1851 82.4454 2.00074 0.491895 -0.87065 -0.00283533
-40.2613 82.399 3.16114 0.492045 -0.870567 -0.00211775
-40.2536 82.4004 4.13481 0.491318 -0.870972 -0.00357792
-40.2304 82.4104 5.18775 0.490678 -0.871339 -0.00178383
-40.0922 82.485 6.3001 0.488665 -0.872468 -0.00218998
-39.8458 82.6182 7.32447 0.48739 -0.873166 -0.00571385
-39.6117 82.7439 8.47918 0.484838 -0.874595 -0.00390559
-39.3707 82.8708 9.51138 0.481367 -0.876505 -0.00491528
-39.1382 82.9947 10.4751 0.481394 -0.876498 -0.00316158
-38.7792 83.1863 11.4337 0.477627 -0.878557 -0.00310663
-38.3443 83.4199 12.398 0.475812 -0.879536 -0.0039686
-37.9547 83.6254 13.2644 0.473594 -0.880735 -0.00371861
-37.4717 83.8788 14.2588 0.468682 -0.883359 -0.00368781
-36.946 84.1527 15.0532 0.465908 -0.88482 -0.00487288
-36.3195 84.4808 15.8213 0.464902 -0.885362 7.57767e-05
-35.6587 84.8245 16.4536 0.459375 -0.888242 -0.000689027
-34.8505 85.2388 17.1536 0.454978 -0.8905 -0.000839874
-34.0492 85.6476 17.6881 0.452011 -0.892012 -9.63529e-06
-33.1708 86.0902 18.1256 0.448341 -0.89386 -0.00220059
-32.3617 86.4894 18.4533 0.440376 -0.897812 -0.0012961
-31.3293 86.986 18.6867 0.42969 -0.902976 0.00123846
-30.3787 87.4345 18.7548 0.423387 -0.90593 0.00573085
-29.4625 87.8548 18.7014 0.412477 -0.910941 0.00701135
-28.4081 88.3231 18.5569 0.400077 -0.916411 0.0113525
-27.3253 88.7859 18.3073 0.386675 -0.922137 0.0120381
-26.3755 89.1738 17.9858 0.37287 -0.927809 0.0117464
-25.4857 89.5229 17.608 0.35795 -0.933669 0.0101142
-24.5227 89.8821 17.2379 0.357567 -0.933749 0.0154537
-23.6779 90.1829 16.8528 0.339055 -0.940603 0.017173
-22.6562 90.519 16.3623 0.313458 -0.949375 0.0205601
-21.6475 90.8193 15.9078 0.28699 -0.957503 0.0283091
-20.7481 91.0671 15.5296 0.266853 -0.963106 0.0329408
-19.8159 91.2986 15.2098 0.235986 -0.971369 0.0273797
-18.8408 91.5102 14.899 0.203725 -0.978793 0.0214625
-17.8903 91.7003 14.6868 0.188352 -0.981893 0.0193796
-16.8993 91.8676 14.5111 0.159002 -0.98658 0.0370241
-15.5444 92.0513 14.3963 0.121956 -0.991679 0.0406286
-14.561 92.1453 14.2625 0.0856878 -0.995777 0.0329002
-13.4546 92.2202 14.1576 0.0478864 -0.998471 0.0270501
-12.4102 92.2655 14.1291 0.0352622 -0.999305 0.00927169
-11.1023 92.2644 14.1046 -0.0204667 -0.999783 0.00358514
-9.85779 92.2022 14.071 -0.0636865 -0.997808 0.0177113
-8.72779 92.1157 13.9959 -0.103977 -0.994194 0.0263905
-7.64042 91.991 13.9457 -0.122293 -0.992301 0.0192216
-6.49084 91.8187 13.8409 -0.146486 -0.989104 0.014671
-5.53415 91.6435 13.7904 -0.190787 -0.981624 0.00384275
-4.58153 91.4542 13.8093 -0.227266 -0.973664 0.016328
-3.65996 91.2339 13.9118 -0.237915 -0.970999 0.022962
-2.71024 90.9884 13.9475 -0.26879 -0.963065 0.0157332
-2.32954 90.8819 13.9598 -0.271203 -0.962214 0.0238004
-2.45417 90.9481 14.9003 -0.267186 -0.96292 0.0373513
-3.39776 91.197 14.8389 -0.249923 -0.967794 0.0302067
-4.40968 91.4479 14.7638 -0.224215 -0.973751 0.0385363
-5.40998 91.6586 14.7591 -0.194909 -0.97992 0.0418744
-6.65622 91.8835 14.8142 -0.160844 -0.986118 0.0410472
-7.70807 92.0284 14.8688 -0.122241 -0.991795 0.0371551
-8.91754 92.1627 14.9534 -0.0881966 -0.995038 0.0453544
-10.028 92.2345 15.0005 -0.0488638 -0.998354 0.0300303
-11.3052 92.2915 15.0472 -0.0168366 -0.999259 0.0314931
-12.3268 92.2857 15.1037 0.00822715 -0.999523 0.0297539
-13.3848 92.2632 15.1274 0.0457629 -0.997432 0.0550489
-14.4291 92.1904 15.2157 0.0829059 -0.995868 0.0370528
-15.3747 92.1028 15.3391 0.104807 -0.99396 0.0324419
-16.4208 91.9796 15.4032 0.144149 -0.987515 0.0634858
-17.5118 91.7965 15.5855 0.180095 -0.982499 0.0474403
-18.4905 91.6192 15.7765 0.212884 -0.974869 0.0656485
-19.5323 91.3972 16.1047 0.239853 -0.970143 0.0359505
-20.4052 91.19 16.4278 0.251567 -0.966559 0.0479418
-21.4102 90.9194 16.8112 0.288447 -0.956947 0.0321766
-22.3457 90.6493 17.2376 0.29438 -0.954914 0.0383986
-23.4341 90.2901 17.777 0.339807 -0.940114 0.0261514
-24.4982 89.9186 18.2512 0.359087 -0.932737 0.0321721
-25.3429 89.5971 18.5535 0.363784 -0.931168 0.0241628
-26.2565 89.2434 18.9404 0.377686 -0.925491 0.0286163
-27.1472 88.8793 19.2253 0.389062 -0.921056 0.0168089
-28.2252 88.4203 19.4567 0.403519 -0.914716 0.0215479
-29.0902 88.0334 19.6082 0.412972 -0.910637 0.0139414
-30.0314 87.6083 19.6957 0.419317 -0.907713 0.0140702
-31.0572 87.125 19.7001 0.429773 -0.902871 0.0109033
-31.9927 86.6752 19.519 0.436072 -0.899859 0.00911481
-32.828 86.2627 19.3154 0.439399 -0.898287 0.00300766
-33.6248 85.866 18.997 0.451806 -0.892091 0.00461537
-34.4239 85.4573 18.5614 0.452709 -0.891658 0.000186507
-35.378 84.9689 17.912 0.457796 -0.889057 -0.000108344
-36.0991 84.5958 17.2919 0.460086 -0.887874 0.001167
-36.886 84.1829 16.5321 0.465211 -0.885198 -0.00156651
-37.4992 83.8614 15.789 0.464169 -0.885746 0.0011227
-38.0199 83.5838 15.0394 0.471175 -0.882039 0.00130184
-38.4833 83.3397 14.2359 0.471751 -0.88173 -0.00192556
-38.8807 83.127 13.2954 0.478558 -0.878054 -0.00116606
-39.2862 82.906 12.3805 0.480634 -0.876917 -0.0023024
-39.6709 82.6987 11.532 0.481394 -0.876499 -0.00281657
-39.9689 82.5359 10.5123 0.483733 -0.875209 -0.00276185
-40.2439 82.3885 9.44307 0.485946 -0.873985 -0.0024153
-40.5092 82.2444 8.37625 0.488328 -0.872656 -0.00265521
-40.746 82.1155 7.23933 0.489407 -0.87205 -0.0031384
-40.9221 82.0191 6.2926 0.490289 -0.871558 -0.00157737
-41.0486 81.9493 5.25606 0.491054 -0.871127 -0.00177027
-41.0937 81.9241 4.19827 0.494201 -0.869347 -0.000609116
-41.1091 81.9181 3.24071 0.494478 -0.869184 -0.00329461
-41.0559 81.952 2.1754 0.49309 -0.869975 -0.00231845
-40.9239 82.0294 1.02983 0.493189 -0.86992 -0.00166714
-40.7854 82.1103 -0.215255 0.494138 -0.869382 -0.00167187
-40.6538 82.1895 -1.29419 0.492686 -0.870188 -0.0055867
-40.4795 82.2966 -2.39335 0.491904 -0.870624 -0.0065812
-40.2792 82.4161 -3.53901 0.489988 -0.871708 -0.0060325
-40.0675 82.5424 -4.55736 0.489454 -0.872006 -0.00633477
-39.8685 82.6625 -5.52296 0.490223 -0.871559 -0.00815867
-39.6323 82.8053 -6.46553 0.488665 -0.872415 -0.00993421
-39.2453 83.0302 -7.41504 0.484305 -0.874864 -0.00778404
-38.8141 83.2784 -8.3274 0.483065 -0.875474 -0.0139027
-38.354 83.542 -9.25266 0.478755 -0.87787 -0.0117064
-37.8119 83.8476 -10.1304 0.4766 -0.879023 -0.0127903
-37.1265 84.2294 -11.0579 0.472004 -0.881529 -0.0108769
-36.2816 84.6898 -11.8865 0.469233 -0.883028 -0.0090424
-35.5263 85.0977 -12.4678 0.463254 -0.886076 -0.0161853
-34.7551 85.5056 -12.9238 0.458331 -0.888666 -0.0143212
-33.8551 85.9748 -13.3114 0.444302 -0.895545 -0.0243916
-32.7723 86.5153 -13.7523 0.436935 -0.89934 -0.0165688
-31.8044 86.9879 -13.8771 0.430837 -0.902113 -0.0236833
-30.9159 87.4133 -13.8936 0.430648 -0.902092 -0.0277747
-30.0541 87.8114 -13.8513 0.416145 -0.908905 -0.0267604
-28.9928 88.2879 -13.7184 0.407533 -0.912992 -0.0190402
-28.039 88.7084 -13.6725 0.396681 -0.917693 -0.0219479
-26.8964 89.175 -13.4604 0.378044 -0.925637 -0.0165489
-25.8562 89.5862 -13.2018 0.361528 -0.931948 -0.0273498
-24.8844 89.9383 -12.9712 0.336194 -0.941445 -0.025206
-23.9979 90.2423 -12.6985 0.329339 -0.94379 -0.0282096
-22.9902 90.5729 -12.3686 0.309529 -0.950537 -0.0257106
-22.0688 90.856 -12.1416 0.288608 -0.957161 -0.0233338
-20.9385 91.1741 -11.759 0.270736 -0.962395 -0.0222884
-19.8651 91.4687 -11.4559 0.255668 -0.966224 -0.0307582
-18.8853 91.6858 -11.2788 0.198721 -0.97948 -0.0329454
-17.8787 91.8785 -11.1584 0.190737 -0.9808 -0.0397276
-16.7409 92.0696 -11.0644 0.146475 -0.986983 -0.0658131
-15.5814 92.218 -11.0643 0.113204 -0.992541 -0.0452463
-14.4546 92.3316 -11.2011 0.0712029 -0.996622 -0.040917
-13.3442 92.4085 -11.2519 0.0567187 -0.996415 -0.0609911
-12.3895 92.4418 -11.3778 0.00181601 -0.998666 -0.051059
-11.3901 92.4477 -11.5528 0.00318021 -0.999233 -0.0384329
-10.4075 92.437 -11.6416 -0.0671505 -0.996603 -0.0368112
-9.44265 92.3557 -11.8992 -0.0868699 -0.99426 -0.061785
-8.38794 92.256 -12.0844 -0.141581 -0.983977 -0.106481
-7.40359 92.1471 -12.3792 -0.157227 -0.984218 -0.0798043
-6.50294 92.0152 -12.691 -0.176678 -0.980281 -0.0884975
-5.40442 91.8126 -13.1143 -0.227957 -0.971511 -0.0646011
-4.52284 91.6187 -13.4994 -0.246447 -0.964737 -0.0921058
-3.58503 91.3905 -13.9217 -0.303552 -0.944421 -0.126193
-2.74095 91.1564 -14.4345 -0.335658 -0.940002 -0.0610803
-1.90717 90.8963 -14.9273 -0.322428 -0.945129 -0.0526243
-0.922575 90.575 -15.4814 -0.341448 -0.938944 -0.0423889
0.0617213 90.229 -15.8893 -0.355519 -0.933496 -0.0460459
1.07701 89.8379 -16.2477 -0.376727 -0.925523 -0.0385123
2.06661 89.4357 -16.5391 -0.392711 -0.918789 -0.0400493
2.97218 89.05 -16.7924 -0.405766 -0.913479 -0.0301726
3.98807 88.6003 -16.9204 -0.417056 -0.908427 -0.0284607
4.9309 88.1594 -16.9599 -0.43137 -0.902017 -0.0166021
5.7949 87.7468 -16.9083 -0.431783 -0.901854 -0.0149171
6.82326 87.232 -16.5308 -0.451444 -0.89226 -0.00837546
7.60759 86.8344 -16.1126 -0.450047 -0.892996 -0.00350924
8.33964 86.4612 -15.5227 -0.455002 -0.890488 0.000366101
9.05866 86.0952 -14.7711 -0.456841 -0.889547 0.00116416
9.68324 85.7761 -13.9574 -0.461055 -0.887365 0.00197051
10.2086 85.5042 -13.1938 -0.462055 -0.886837 0.00505186
10.7389 85.2331 -12.2692 -0.462448 -0.88663 0.00537183
11.1819 85.0056 -11.4133 -0.467876 -0.883779 0.00508683
11.5781 84.8023 -10.5126 -0.468021 -0.883694 0.00643694
12.0346 84.569 -9.44212 -0.468286 -0.883544 0.0075749
12.4086 84.3759 -8.44971 -0.471545 -0.881833 0.0037942
12.7159 84.2166 -7.55881 -0.475218 -0.879833 0.0078386
12.9681 84.0908 -6.62381 -0.475551 -0.879607 0.0119654
13.2324 83.9651 -5.44915 -0.472568 -0.881219 0.0114179
13.3544 83.9112 -4.3948 -0.47288 -0.88108 0.0091323
13.5245 83.8274 -3.4361 -0.473669 -0.880676 0.00686214
13.6159 83.7859 -2.42982 -0.47538 -0.879751 0.00725807
13.7731 83.7104 -1.2926 -0.476281 -0.879247 0.00895608
13.8125 83.7023 -0.210493 -0.476557 -0.879068 0.0115311
13.8199 83.7114 0.809733 -0.474311 -0.880294 0.0104674
13.8359 83.7143 1.85048 -0.471927 -0.881587 0.00949536
13.7862 83.7526 2.91313 -0.47133 -0.881907 0.00937619
13.7442 83.7872 4.04474 -0.471593 -0.881761 0.00984627
13.5799 83.8872 5.0231 -0.470548 -0.882298 0.0116243
13.4132 83.9904 6.10285 -0.465006 -0.885198 0.0138146
13.154 84.1395 7.10305 -0.463596 -0.88599 0.0100311
12.9341 84.2637 8.05669 -0.461255 -0.887236 0.00741364
12.6113 84.4377 9.05647 -0.460039 -0.887875 0.0064352
12.3013 84.6053 9.95687 -0.456528 -0.889673 0.00787484
11.9117 84.8094 10.9727 -0.452522 -0.891747 0.00324364
11.5507 84.9961 11.8324 -0.451664 -0.892182 0.0031819
11.1852 85.1833 12.721 -0.450724 -0.892658 0.00302287
10.7288 85.4164 13.6752 -0.448899 -0.893564 0.00556569
10.138 85.719 14.7221 -0.443797 -0.896113 0.00492721
9.46249 86.0585 15.4861 -0.441819 -0.897065 0.00832303
8.72604 86.425 16.0342 -0.438004 -0.898884 0.0126711
7.68105 86.9378 16.4383 -0.435878 -0.899904 0.0134568
6.81563 87.3557 16.6338 -0.427769 -0.903753 0.015577
5.72207 87.8605 16.6116 -0.417939 -0.908361 0.0142353
4.79823 88.2763 16.5226 -0.410881 -0.91125 0.0281088
3.81156 88.7074 16.3135 -0.39769 -0.917385 0.0156981
2.83358 89.1274 16.0659 -0.388045 -0.921515 0.0148865
1.92866 89.4767 15.8103 -0.359754 -0.932759 0.0222134
1.07629 89.8011 15.537 -0.349594 -0.936231 0.0351215
0.177841 90.1153 15.3042 -0.33139 -0.942491 0.0430797
-0.768212 90.4225 15.0688 -0.312593 -0.949489 0.0267803
-1.66627 90.7158 14.9291 -0.297234 -0.954267 0.0319192
-2.16529 90.8675 14.899 -0.275168 -0.960779 0.0334215
