7.86292 87.3454 -11.325 -0.442573 -0.896722 0.00438332
6.97861 87.7786 -12.2454 -0.440173 -0.897906 -0.00350461
6.0994 88.2049 -13.1607 -0.432445 -0.901644 -0.00535085
5.99816 88.2541 -13.266 -0.431849 -0.901928 -0.00563234
4.54232 88.9424 -13.5265 -0.417273 -0.908734 -0.00776618
5.51651 88.4805 -12.5346 -0.425497 -0.904956 -0.00109793
6.50182 88.0111 -11.5092 -0.435494 -0.900187 0.00255251
7.36194 87.5963 -10.6025 -0.441839 -0.897079 0.0052504
8.23976 87.1682 -9.73599 -0.445573 -0.89522 0.00675233
9.11148 86.7404 -8.84656 -0.452257 -0.891859 0.00715251
9.17794 86.7073 -8.77854 -0.452501 -0.891731 0.00770498
10.0355 86.2948 -6.66845 -0.45992 -0.887918 0.00855417
9.11387 86.7531 -7.63596 -0.452661 -0.891619 0.0106269
8.24375 87.1788 -8.48365 -0.441727 -0.897111 0.0083124
7.27587 87.6473 -9.48861 -0.443057 -0.896465 0.00711502
6.40254 88.0619 -10.3712 -0.430961 -0.902312 0.00916704
5.5771 88.4528 -11.2496 -0.428497 -0.903541 0.00222101
4.57442 88.9231 -12.263 -0.413571 -0.910435 -0.00682735
3.62089 89.3524 -13.2303 -0.400535 -0.916267 -0.0050766
3.38629 89.4562 -13.4698 -0.399822 -0.916587 -0.00318022
2.45778 89.8509 -13.1737 -0.38256 -0.923854 -0.00836857
3.38868 89.4499 -12.2145 -0.395922 -0.918277 -0.00350531
4.30169 89.0392 -11.2938 -0.40149 -0.915777 -0.0120397
5.27653 88.5934 -10.3268 -0.404147 -0.914653 -0.00414934
6.19986 88.1731 -9.36261 -0.428239 -0.903629 0.00659248
7.11424 87.7343 -8.44988 -0.437365 -0.899271 0.00458234
8.02226 87.2971 -7.47933 -0.442144 -0.896916 0.00699733
8.90671 86.8664 -6.58671 -0.447119 -0.894416 0.0099222
9.81305 86.4179 -5.61152 -0.457345 -0.889273 0.00524893
10.556 86.0382 -4.78516 -0.462358 -0.886677 0.00518456
10.8069 85.921 -3.29746 -0.464745 -0.885377 0.0108911
9.91055 86.3772 -4.23671 -0.461698 -0.886988 0.00919077
9.06396 86.8052 -5.16248 -0.45324 -0.891372 0.00534583
8.21764 87.2149 -6.04487 -0.443667 -0.896126 0.0108429
7.17034 87.717 -7.1265 -0.438472 -0.8987 0.0089364
6.27052 88.1402 -8.10692 -0.432275 -0.901715 0.00669317
5.41539 88.5376 -8.94951 -0.410691 -0.911763 -0.00448538
4.50313 88.9358 -9.88423 -0.403604 -0.914919 0.00330409
3.55256 89.3606 -10.7896 -0.396412 -0.918029 -0.00872193
2.60405 89.7754 -11.7672 -0.38725 -0.921897 -0.011964
1.61832 90.1853 -12.765 -0.3723 -0.928013 -0.0134989
1.42914 90.2642 -12.9734 -0.370968 -0.92853 -0.0146569
0.756257 90.5212 -12.4171 -0.344543 -0.938672 -0.0129298
1.59724 90.1773 -11.5103 -0.369296 -0.929116 -0.0190787
2.54583 89.7871 -10.5581 -0.389035 -0.921173 -0.00949706
3.51939 89.3664 -9.58854 -0.392352 -0.919808 0.00323976
4.42811 88.9763 -8.73686 -0.399127 -0.916876 0.00599238
5.29405 88.5952 -7.83974 -0.414654 -0.90995 0.00727993
6.23651 88.1647 -6.87201 -0.425975 -0.904694 0.00851425
7.24686 87.6917 -5.83059 -0.435283 -0.90026 0.00775185
8.25519 87.2155 -4.80821 -0.439134 -0.898321 0.0129372
9.21456 86.7394 -3.73251 -0.451463 -0.892232 0.0100621
10.1278 86.282 -2.78406 -0.460385 -0.887636 0.0121143
10.913 85.8816 -1.9066 -0.464376 -0.885588 0.00928067
11.0372 85.8323 -0.523612 -0.464354 -0.885598 0.00870144
10.1309 86.2944 -1.51874 -0.457358 -0.889251 0.00718596
9.12651 86.798 -2.61501 -0.45257 -0.891674 0.00989918
8.30786 87.2005 -3.49472 -0.439758 -0.898098 0.00574232
7.23815 87.7104 -4.56146 -0.43151 -0.902055 0.00919588
6.29908 88.1478 -5.54815 -0.420427 -0.907315 0.00446213
5.41753 88.55 -6.49556 -0.415246 -0.909682 0.00645124
4.52068 88.9494 -7.42046 -0.403508 -0.914886 0.00916875
3.59024 89.3433 -8.30378 -0.39701 -0.917781 0.00773974
2.70063 89.7166 -9.18057 -0.387758 -0.921728 -0.00514178
1.74766 90.1017 -10.0853 -0.364986 -0.931001 -0.00477423
0.739608 90.5022 -11.1408 -0.342354 -0.939119 -0.0291263
-0.179845 90.8571 -12.1387 -0.333821 -0.942535 -0.0138491
-1.00221 91.1342 -11.7367 -0.320799 -0.94698 -0.0178115
-0.155898 90.825 -10.8418 -0.345247 -0.938394 -0.0148635
0.808126 90.4558 -9.78153 -0.3435 -0.939093 -0.0105707
1.72218 90.1044 -8.88717 -0.366326 -0.930472 -0.0052091
2.63013 89.7414 -8.03472 -0.381699 -0.924273 0.00318784
3.59064 89.353 -7.09718 -0.394373 -0.918908 0.00865942
4.53122 88.9526 -6.1869 -0.407396 -0.913245 0.00326894
5.44283 88.5443 -5.20522 -0.415005 -0.909815 0.00223016
6.34911 88.1317 -4.25584 -0.42376 -0.90574 0.0077672
7.21413 87.7314 -3.36577 -0.433565 -0.901107 0.00518788
8.11916 87.3013 -2.43549 -0.436202 -0.899822 0.00617872
8.95309 86.8945 -1.56623 -0.443682 -0.896172 0.0045112
9.8493 86.4466 -0.579673 -0.456663 -0.889613 0.00670934
10.647 86.0434 0.319534 -0.460189 -0.88778 0.00810171
11.1431 85.7886 1.0286 -0.466085 -0.884721 0.00576541
10.963 85.8934 2.3256 -0.46317 -0.886234 0.00754492
10.2713 86.2463 1.26237 -0.460815 -0.887468 0.00707647
9.50946 86.6288 0.288124 -0.45655 -0.889638 0.0102761
8.62779 87.0615 -0.660802 -0.441924 -0.897026 0.00680133
7.70958 87.5044 -1.64968 -0.434354 -0.900715 0.00703301
6.83327 87.9151 -2.51368 -0.428748 -0.903396 0.0056571
5.97511 88.3113 -3.39025 -0.421262 -0.906927 0.00469792
5.15025 88.6779 -4.27635 -0.41245 -0.910979 0.00113156
4.31877 89.0507 -5.15687 -0.400142 -0.916452 -0.000838001
3.41585 89.4347 -6.03396 -0.389413 -0.921044 0.00545729
2.54347 89.786 -6.88655 -0.376058 -0.926556 0.00855778
1.62534 90.1381 -7.75612 -0.361686 -0.932297 0.00231628
0.656557 90.5078 -8.69011 -0.348666 -0.937241 -0.00329073
-0.363169 90.8839 -9.76996 -0.323351 -0.946107 -0.00882625
-1.34282 91.2332 -10.8239 -0.312518 -0.949727 -0.0178413
-1.91361 91.4258 -11.3732 -0.295661 -0.954936 -0.0259848
-2.84813 91.6974 -11.0009 -0.279134 -0.95978 -0.030097
-1.85461 91.3739 -10.0523 -0.292209 -0.955997 -0.0261332
-0.964456 91.0776 -9.15247 -0.307944 -0.951397 -0.00245751
-0.0796399 90.7758 -8.20279 -0.324378 -0.945882 -0.00757139
0.856664 90.43 -7.27211 -0.343186 -0.939257 0.00399381
1.88546 90.0501 -6.30685 -0.353777 -0.935308 0.00559822
2.80288 89.6898 -5.42367 -0.374152 -0.927363 0.00235736
3.80963 89.268 -4.38743 -0.389673 -0.92094 -0.00436647
4.74048 88.8654 -3.45596 -0.402403 -0.915439 0.00575887
5.67885 88.4488 -2.45012 -0.410393 -0.911905 0.00264612
6.62287 88.02 -1.51979 -0.417414 -0.908676 0.00860307
7.52724 87.5976 -0.599866 -0.428423 -0.903573 0.00275405
8.60817 87.0813 0.558995 -0.441663 -0.897152 0.00729309
9.59213 86.5997 1.78717 -0.453994 -0.890968 0.00672634
10.4045 86.1866 2.96983 -0.459809 -0.888008 0.00429298
10.8103 85.9806 3.54013 -0.45852 -0.888651 0.00766219
10.6862 86.0539 4.9254 -0.459579 -0.888129 0.0038022
10.0159 86.392 3.86039 -0.457133 -0.889377 0.00609472
9.17402 86.8146 2.69472 -0.446074 -0.894983 0.00452424
8.31736 87.228 1.54124 -0.435877 -0.89997 0.00802052
7.50547 87.6115 0.605785 -0.426602 -0.904434 0.00330858
6.4326 88.1129 -0.489669 -0.421834 -0.906667 0.00114017
5.49666 88.5369 -1.42759 -0.410074 -0.911996 0.00783307
4.47082 88.9881 -2.44147 -0.405522 -0.914085 -0.000489722
3.50946 89.395 -3.44898 -0.390767 -0.920479 0.00430096
2.55331 89.7905 -4.39168 -0.372879 -0.927871 0.00179368
1.60229 90.1624 -5.36831 -0.352661 -0.935745 0.00204321
0.536898 90.5492 -6.37344 -0.334998 -0.942215 0.000100417
-0.375883 90.8692 -7.24886 -0.31215 -0.949994 -0.00798001
-1.3548 91.1974 -8.24123 -0.29768 -0.954591 -0.0117749
-2.34439 91.509 -9.28309 -0.275832 -0.961203 -0.000428308
-3.3005 91.7994 -10.2038 -0.270101 -0.962305 -0.0317011
-3.73702 91.9333 -10.6469 -0.265194 -0.963782 -0.0282278
-4.62873 92.1468 -10.3031 -0.231931 -0.972155 -0.0324701
-3.68217 91.8817 -9.33457 -0.249624 -0.968163 -0.0169683
-2.74054 91.6171 -8.36023 -0.267692 -0.963435 -0.0115398
-1.84322 91.3389 -7.47127 -0.286438 -0.957993 -0.0132677
-0.969937 91.0653 -6.57535 -0.305362 -0.952214 0.00651542
0.00203492 90.7424 -5.65203 -0.33403 -0.942531 0.00733832
0.982072 90.399 -4.75065 -0.35306 -0.93553 0.00939838
1.99196 90.0192 -3.71567 -0.362932 -0.931758 0.0096792
2.90152 89.6536 -2.82867 -0.381624 -0.924298 0.00527988
3.85399 89.2566 -1.81725 -0.393567 -0.919284 0.0042152
4.71763 88.885 -0.982139 -0.403096 -0.915116 0.00872631
5.8075 88.4017 0.0929086 -0.413948 -0.910297 -0.00229397
6.74401 87.9733 1.05433 -0.427239 -0.904117 0.00622975
7.68025 87.5418 2.12313 -0.42553 -0.904887 0.0101801
8.41652 87.1941 3.1359 -0.44207 -0.896942 0.00720392
9.1547 86.8289 4.14368 -0.44749 -0.894287 0.00163474
9.96364 86.4243 5.33619 -0.452707 -0.891658 0.00121551
10.4646 86.1706 6.19631 -0.454454 -0.89077 0.000659739
10.018 86.4007 7.0811 -0.453286 -0.891361 0.0026337
9.28146 86.7718 5.81693 -0.450997 -0.892511 0.00405627
8.57604 87.1203 4.7714 -0.446804 -0.894625 0.00351113
7.80724 87.4904 3.7177 -0.435382 -0.900239 0.00318907
6.832 87.9419 2.47627 -0.419615 -0.907663 0.00777202
5.90009 88.3613 1.4062 -0.412698 -0.910857 0.00443437
4.9737 88.7775 0.46408 -0.402937 -0.915228 -0.000118894
4.06694 89.1721 -0.42377 -0.395231 -0.918567 0.00496236
3.10534 89.5765 -1.33219 -0.390636 -0.92054 0.00314389
2.11745 89.9799 -2.3747 -0.373465 -0.927595 0.00746982
1.06458 90.3792 -3.39615 -0.354668 -0.934974 0.00549548
0.211898 90.6839 -4.27805 -0.340371 -0.94024 0.00978495
-0.881177 91.0456 -5.26647 -0.30532 -0.952217 0.00751772
-1.78109 91.3227 -6.12799 -0.29591 -0.955201 0.00240569
-2.72457 91.6019 -7.11379 -0.284857 -0.95856 -0.00386839
-3.63859 91.8482 -8.02133 -0.249488 -0.968376 -0.00175999
-4.61112 92.1062 -9.02038 -0.239054 -0.970835 -0.0182317
-5.61077 92.3531 -9.96806 -0.184567 -0.982202 -0.0348075
-6.56884 92.5279 -9.62486 -0.178641 -0.983845 -0.0113007
-5.66124 92.3387 -8.76863 -0.195921 -0.980516 -0.0142534
-4.73977 92.117 -7.88511 -0.232978 -0.972436 -0.0061169
-3.77202 91.8784 -6.88012 -0.247029 -0.969006 -0.00194011
-2.70242 91.5941 -5.80006 -0.26798 -0.963339 0.0110994
-1.70247 91.3073 -4.83245 -0.290334 -0.956895 0.00617066
-0.791307 91.0278 -3.99449 -0.309331 -0.950868 0.0127831
0.185689 90.7055 -2.99812 -0.326239 -0.945262 0.00632714
1.13706 90.3617 -2.07338 -0.351735 -0.936066 0.00785789
2.19737 89.9564 -1.01206 -0.375456 -0.926814 0.00360477
3.07925 89.5931 -0.14561 -0.389901 -0.920838 0.0058838
4.21839 89.1103 0.951489 -0.40213 -0.915582 0.000360368
5.09817 88.7267 1.81117 -0.410186 -0.911977 0.00624817
5.91465 88.3643 2.69869 -0.412916 -0.910722 0.00923729
6.75952 87.9831 3.73955 -0.421063 -0.907018 0.00475141
7.52286 87.632 4.79747 -0.427512 -0.903997 0.00431576
8.30454 87.2598 5.8439 -0.437963 -0.89898 0.000606725
8.95759 86.9371 6.89505 -0.445791 -0.895135 -0.00181574
9.64218 86.5931 8.13129 -0.449752 -0.893144 -0.000873819
9.68163 86.5731 8.21189 -0.452381 -0.891824 0.00116221
9.38206 86.7228 9.54649 -0.445461 -0.895301 0.00109088
8.81262 87.0063 8.3097 -0.445443 -0.895308 -0.00119048
8.02576 87.3939 6.99151 -0.435219 -0.90032 -0.00280507
7.26825 87.7554 5.87822 -0.421246 -0.906945 0.000292011
6.51719 88.1005 4.87103 -0.417955 -0.908456 0.00413349
5.72686 88.4579 3.86802 -0.414716 -0.90995 0.00105083
4.76551 88.8823 2.70614 -0.405378 -0.914098 0.00932046
3.72816 89.3253 1.7092 -0.389948 -0.920828 0.00150107
2.8435 89.6932 0.843908 -0.378496 -0.925594 -0.000650376
1.92943 90.0571 -0.00487157 -0.370355 -0.928885 0.00297934
1.05315 90.3936 -0.958707 -0.344437 -0.938809 -0.00109863
0.136846 90.7244 -1.82572 -0.324894 -0.945653 0.00560151
-0.785356 91.0305 -2.69492 -0.31183 -0.950135 -0.00168664
-1.79007 91.3433 -3.66039 -0.286458 -0.958087 0.000372002
-2.71671 91.6133 -4.55598 -0.284013 -0.958779 0.00874879
-3.60881 91.8438 -5.4264 -0.249047 -0.968419 0.0118045
-4.67489 92.1005 -6.52721 -0.220325 -0.97537 0.0098094
-5.65351 92.3213 -7.56591 -0.201509 -0.979463 -0.00544155
-6.61639 92.5203 -8.42111 -0.18814 -0.981964 -0.0186862
-7.59077 92.6935 -9.34041 -0.140363 -0.989992 -0.00976935
-7.65191 92.7027 -9.40391 -0.141219 -0.989906 -0.00772246
-8.57948 92.8032 -9.0707 -0.0978265 -0.994867 -0.0255973
-7.51187 92.6516 -8.01381 -0.13478 -0.990446 -0.0291634
-6.56404 92.4934 -7.19825 -0.169711 -0.985408 -0.0123333
-5.58898 92.3074 -6.17526 -0.211092 -0.977313 0.0154968
-4.62611 92.1057 -5.2026 -0.230592 -0.972799 0.021332
-3.75002 91.9006 -4.30108 -0.256901 -0.96635 0.0114765
-2.83458 91.6511 -3.43978 -0.277964 -0.960588 -0.00246283
-1.81339 91.3441 -2.47769 -0.285101 -0.95848 -0.00560591
-0.83092 91.0416 -1.53367 -0.305409 -0.95221 -0.00448759
0.310438 90.6616 -0.403685 -0.329678 -0.944092 -0.00131753
1.254 90.3243 0.579157 -0.349748 -0.936767 0.00291219
2.27079 89.9264 1.52679 -0.36992 -0.929019 0.00798297
3.20092 89.5483 2.42702 -0.383422 -0.923559 0.00513649
4.07706 89.1836 3.25469 -0.391726 -0.920032 0.00955076
5.01298 88.7801 4.36153 -0.409619 -0.912254 0.00213135
5.7896 88.4332 5.35351 -0.414414 -0.910073 0.00526338
6.64721 88.0437 6.48517 -0.420252 -0.907407 0.000748102
7.40177 87.6898 7.58967 -0.426481 -0.904493 -0.00152181
8.05991 87.374 8.68531 -0.433654 -0.901073 0.00281562
8.6348 87.0926 9.9245 -0.440782 -0.897614 0.000959687
8.92528 86.9501 10.6304 -0.443025 -0.896509 0.000578745
8.32313 87.2466 11.3587 -0.43787 -0.899035 0.0016292
7.85256 87.4741 10.1893 -0.432875 -0.901447 -0.00282838
7.26289 87.756 8.94839 -0.426933 -0.904276 0.00247723
6.5041 88.1092 7.82315 -0.419245 -0.907871 -0.00142335
5.79314 88.4334 6.80433 -0.41273 -0.910847 -0.00229624
5.02674 88.7797 5.79099 -0.407683 -0.913117 0.00264088
4.20503 89.1433 4.745 -0.406454 -0.913662 0.00315404
3.34146 89.5045 3.76958 -0.384282 -0.923132 0.0124201
2.45196 89.8638 2.92859 -0.384182 -0.923202 0.00990558
1.46248 90.2462 2.01103 -0.355458 -0.934648 0.00235554
0.572812 90.5733 1.15903 -0.333757 -0.942657 0.00206145
-0.377453 90.8921 0.178286 -0.311121 -0.950368 0.00192574
-1.43891 91.2282 -0.888253 -0.292484 -0.956268 -0.00109537
-2.50366 91.5467 -1.91765 -0.278901 -0.96032 -0.000531032
-3.41123 91.8078 -2.76359 -0.256813 -0.966406 -0.0092363
-4.4975 92.0887 -3.78299 -0.22159 -0.975117 -0.00412927
-5.46781 92.2984 -4.7832 -0.17876 -0.983833 -0.00923168
-6.36139 92.471 -5.67343 -0.171901 -0.984964 -0.0108819
-7.25588 92.5929 -6.63111 -0.145712 -0.989192 -0.00829411
-8.29768 92.7391 -7.51172 -0.0984918 -0.994871 -0.0224854
-9.27528 92.8532 -8.48403 -0.0843959 -0.995962 -0.0287417
-9.79777 92.9059 -9.05959 -0.0665495 -0.997462 -0.0252976
-10.6726 92.9517 -8.69041 -0.046559 -0.998618 -0.0198532
-9.64508 92.8669 -7.57203 -0.0758423 -0.9969 -0.0157427
-8.51913 92.7529 -6.53404 -0.109993 -0.993895 -0.00776805
-7.43408 92.6168 -5.51834 -0.124253 -0.992241 0.00411438
-6.53749 92.4809 -4.58542 -0.164112 -0.986256 -0.0182391
-5.38938 92.2805 -3.42395 -0.176444 -0.98431 0.000334
-4.48268 92.0754 -2.55351 -0.224145 -0.974418 -0.0139386
-3.31985 91.7772 -1.468 -0.24385 -0.969757 -0.00167699
-2.37257 91.5121 -0.545405 -0.275794 -0.961172 0.00730721
-1.45661 91.2389 0.318999 -0.297025 -0.954851 -0.00300169
-0.582221 90.9637 1.22161 -0.306416 -0.951897 0.00159371
0.399856 90.6341 2.24319 -0.333935 -0.942594 -0.00124414
1.40478 90.2727 3.1794 -0.348891 -0.937158 0.00320622
2.32316 89.922 4.03932 -0.363327 -0.931649 0.00384175
3.19844 89.5676 4.92987 -0.383111 -0.923677 -0.00667379
4.05545 89.2048 5.90888 -0.388804 -0.921278 -0.00575183
4.93946 88.813 7.13023 -0.401911 -0.91566 -0.00586887
5.68436 88.4808 8.14495 -0.406995 -0.913425 0.00317091
6.55546 88.0883 9.40933 -0.411971 -0.911197 -0.000479219
7.18504 87.7897 10.7135 -0.419082 -0.907919 -0.00086126
7.70343 87.5481 12.1119 -0.4308 -0.902434 0.00391238
7.74994 87.5264 12.2705 -0.43339 -0.901197 0.00422439
7.07178 87.8486 12.9165 -0.422785 -0.906227 0.00200851
6.6406 88.0462 11.609 -0.416931 -0.908911 0.00438713
6.02923 88.3239 10.2315 -0.411237 -0.911522 -0.00227696
5.28826 88.6575 9.03302 -0.406169 -0.913797 -0.00101999
4.47621 89.0125 7.96345 -0.397986 -0.917386 0.00312791
3.71708 89.3443 6.97127 -0.384522 -0.923112 -0.00268411
2.86983 89.6954 5.83967 -0.376277 -0.926493 -0.0044508
1.96427 90.0619 4.91841 -0.353848 -0.935283 -0.00578299
0.893779 90.4578 3.92297 -0.331335 -0.943495 -0.00524975
-0.233073 90.8514 2.85386 -0.308518 -0.951193 -0.00643758
-1.37792 91.2136 1.68677 -0.286518 -0.958071 0.00237096
-2.33397 91.5018 0.754446 -0.274154 -0.961608 -0.0116605
-3.24726 91.7581 -0.160684 -0.253094 -0.967346 0.00231166
-4.30281 92.0144 -1.16056 -0.232309 -0.972591 0.00613182
-5.39687 92.2737 -2.22233 -0.215144 -0.976466 -0.0147212
-6.34381 92.4507 -3.09514 -0.16453 -0.986265 0.00355246
-7.35958 92.6026 -4.17147 -0.15293 -0.988162 -0.00519134
-8.37138 92.7257 -5.23262 -0.106653 -0.994274 -0.00607581
-9.34934 92.8392 -6.07482 -0.096505 -0.995297 -0.00190259
-10.3634 92.9112 -7.01536 -0.0678407 -0.997695 -0.00119539
-11.3757 92.9593 -8.11305 -0.0172598 -0.999738 -0.0147541
-11.8978 92.9802 -8.77258 -0.0118778 -0.999833 -0.0096649
-12.8934 92.9644 -8.58541 0.0329145 -0.999325 -0.0163126
-12.0243 92.9637 -7.50517 -0.00734863 -0.999843 -0.0145209
-11.0794 92.9356 -6.43874 -0.0244095 -0.999676 -0.00722278
-10.0157 92.8731 -5.47584 -0.0640207 -0.997817 -0.0162046
-8.91818 92.7791 -4.52039 -0.100602 -0.994885 -0.00893766
-7.94713 92.6738 -3.4913 -0.0995993 -0.995014 -0.00293651
-6.99781 92.5523 -2.46533 -0.134854 -0.990831 0.00830259
-6.00804 92.3814 -1.53635 -0.190152 -0.981529 -0.0201775
-5.04994 92.1785 -0.613355 -0.206679 -0.978405 -0.00186743
-4.10351 91.9682 0.272606 -0.226343 -0.973947 -0.0127927
-3.12741 91.7229 1.21591 -0.273601 -0.961825 -0.00596622
-2.1141 91.428 2.21949 -0.278222 -0.960501 -0.00534258
-1.13068 91.1324 3.21016 -0.292799 -0.956078 -0.0106325
-0.19687 90.8278 4.13075 -0.308139 -0.951283 -0.0105522
0.731315 90.5088 4.99541 -0.328344 -0.944558 0.000294105
1.63296 90.1792 5.82569 -0.347413 -0.937672 -0.00851647
2.59759 89.8035 6.93207 -0.362634 -0.931917 -0.00432013
3.35419 89.4886 7.91908 -0.374656 -0.927156 -0.00362373
4.18355 89.1371 9.01477 -0.388902 -0.921268 -0.00375442
4.95619 88.8032 10.0883 -0.406534 -0.913633 -0.00210189
5.56993 88.5291 11.2089 -0.408725 -0.912654 0.00241848
6.04813 88.3187 12.3994 -0.412205 -0.911072 0.00594884
6.30809 88.2064 13.3348 -0.418104 -0.908365 0.00745426
5.4801 88.5824 13.4462 -0.409324 -0.912331 0.00989415
5.08314 88.7514 12.1646 -0.404689 -0.914447 0.00370446
4.47041 89.0157 10.9238 -0.392625 -0.919698 3.468e-05
3.74588 89.3217 9.91403 -0.390072 -0.920781 0.00226046
2.94622 89.6501 8.82822 -0.368994 -0.92942 -0.00447899
2.04985 90.0097 7.67335 -0.359162 -0.933228 -0.00912627
1.19739 90.3366 6.69614 -0.337216 -0.941407 -0.00623104
0.237139 90.6774 5.77538 -0.322986 -0.946398 -0.00325332
-0.82778 91.0266 4.77359 -0.303658 -0.952781 -0.000429468
-1.75145 91.3145 3.88147 -0.283923 -0.958846 -0.00148585
-2.75317 91.6093 2.84447 -0.277095 -0.960842 0.000216039
-3.62371 91.8445 1.9662 -0.230607 -0.973007 0.00881391
-4.62761 92.0775 1.02749 -0.212544 -0.977065 -0.0119888
-5.68121 92.3088 -0.0175511 -0.192956 -0.981149 -0.00430346
-6.69662 92.5101 -0.92142 -0.192361 -0.981302 -0.00664002
-7.75831 92.6566 -1.94039 -0.114708 -0.993261 0.00214094
-8.7229 92.7486 -3.04368 -0.0954659 -0.995432 -0.00103553
-9.59919 92.8388 -3.96295 -0.093728 -0.995526 -0.0119241
-10.8817 92.9177 -5.0342 -0.0451878 -0.998947 0.0058255
-12.0595 92.9503 -6.20261 -0.00952677 -0.999837 -0.0153407
-12.8874 92.9365 -7.15755 0.0293555 -0.999477 -0.0135511
-13.7404 92.9206 -8.15151 0.050183 -0.998531 -0.0191226
-14.1194 92.9041 -8.55295 0.0615071 -0.998031 -0.0116758
-15.2475 92.8054 -8.41816 0.095386 -0.9953 -0.0165233
-14.2562 92.879 -7.36535 0.0683156 -0.997594 -0.00959789
-13.3664 92.9131 -6.33734 0.0490507 -0.998788 -0.00299776
-12.525 92.9356 -5.35525 0.0319334 -0.999436 -0.0100115
-11.5459 92.9384 -4.41544 0.00617387 -0.999918 -0.00780073
-10.3953 92.8993 -3.51279 -0.0561732 -0.997979 -0.019593
-9.49 92.8165 -2.60796 -0.0837771 -0.996484 -0.000952238
-8.55603 92.7346 -1.48963 -0.091318 -0.995813 0.00411611
-7.38006 92.6035 -0.352555 -0.137198 -0.99048 -0.00928541
-6.43679 92.4451 0.513924 -0.174141 -0.984687 -0.00195848
-5.49678 92.2623 1.438 -0.208559 -0.978003 -0.00340302
-4.38085 92.0271 2.50167 -0.217163 -0.976121 0.000707296
-3.43159 91.795 3.41025 -0.243572 -0.969605 -0.0219462
-2.43645 91.5172 4.46334 -0.284138 -0.958783 0.000476026
-1.5431 91.2516 5.34938 -0.295918 -0.955213 1.58524e-05
-0.649559 90.9709 6.2063 -0.302142 -0.95326 0.00027865
0.280204 90.6608 7.06598 -0.325889 -0.945383 -0.00136689
1.16971 90.337 7.97717 -0.343652 -0.939057 -0.00559961
1.9695 90.0327 8.99932 -0.359685 -0.933061 -0.00418298
2.7555 89.7265 10.038 -0.369111 -0.929379 0.00176275
3.63689 89.3724 11.1979 -0.384951 -0.922884 0.00351681
4.37883 89.0631 12.6795 -0.38824 -0.921543 0.00488496
4.49397 89.0154 13.0474 -0.400816 -0.916134 0.00604218
3.62312 89.383 13.0536 -0.381882 -0.924168 0.00883498
3.05759 89.61 11.9272 -0.377262 -0.926098 0.00373855
2.32368 89.8988 10.8914 -0.361868 -0.932225 0.000488032
1.51333 90.2037 9.89229 -0.346108 -0.93819 -0.00187129
0.709689 90.4973 8.83817 -0.337717 -0.941197 -0.00962485
-0.111244 90.7931 7.90648 -0.322784 -0.94644 -0.000946234
-1.25088 91.1595 6.89463 -0.296013 -0.955182 -0.00186087
-2.1669 91.4411 6.01495 -0.29122 -0.956655 -0.00143589
-3.06125 91.693 5.12453 -0.250604 -0.968088 0.0020562
-4.03361 91.9349 4.12737 -0.242056 -0.970208 0.00974071
-4.93689 92.1453 3.21018 -0.208306 -0.97796 -0.0141988
-6.10486 92.3898 2.13361 -0.184328 -0.982832 -0.0064781
-7.09032 92.5443 1.13249 -0.142214 -0.98982 -0.00550232
-8.02142 92.6799 0.295948 -0.108046 -0.99406 -0.00956452
-9.10669 92.7859 -0.74704 -0.0866625 -0.996235 0.00244754
-9.9576 92.8492 -1.8067 -0.0778071 -0.996935 -0.00804197
-10.8133 92.9024 -2.72949 -0.028948 -0.999484 -0.0130845
-11.8394 92.9311 -3.50068 0.0176794 -0.999806 -0.00841717
-12.8625 92.9116 -4.36224 0.0464404 -0.998788 -0.0141448
-13.8474 92.886 -5.56547 0.0552269 -0.99845 -0.00468088
-14.8685 92.8257 -6.68472 0.0954108 -0.9954 -0.00811684
-15.8536 92.7282 -7.76065 0.126737 -0.991768 -0.0182472
-16.4402 92.6639 -8.38825 0.126144 -0.99179 -0.0209831
-17.8133 92.4595 -8.40382 0.180337 -0.983335 -0.0221907
-16.8867 92.5864 -7.56402 0.146783 -0.98887 -0.0239156
-16.0364 92.6914 -6.61785 0.134367 -0.990896 -0.00829879
-15.1554 92.7841 -5.63598 0.112486 -0.993615 -0.00867276
-14.2943 92.8408 -4.69223 0.0707818 -0.997319 -0.0185526
-13.3844 92.8825 -3.6199 0.0471399 -0.998878 0.0045326
-12.3987 92.9136 -2.78833 0.016219 -0.999846 -0.00676124
-11.3211 92.9113 -2.01591 -0.0258495 -0.999657 -0.00361465
-10.4254 92.88 -0.997371 -0.060557 -0.998147 0.000477557
-9.52619 92.8199 0.159106 -0.0785921 -0.996906 -0.00047063
-8.40784 92.7192 1.17767 -0.124454 -0.991998 0.0212225
-7.41895 92.6018 2.081 -0.145772 -0.989248 0.0115562
-6.49213 92.4563 2.99575 -0.175579 -0.984387 -0.0098008
-5.45113 92.2463 3.95042 -0.202951 -0.979083 0.00627477
-4.54623 92.0613 4.91571 -0.227829 -0.973691 0.00407932
-3.67263 91.8509 5.81484 -0.249039 -0.968492 -0.0016854
-2.67798 91.5879 6.81779 -0.264189 -0.964382 -0.00614517
-1.69294 91.2924 7.75956 -0.29097 -0.956727 -0.00324802
-0.62088 90.9537 8.67551 -0.313587 -0.949518 -0.00879471
0.245394 90.6586 9.71318 -0.328358 -0.944548 0.000942432
1.14249 90.3425 10.8846 -0.344866 -0.938641 0.00444028
2.07936 89.995 11.9917 -0.358417 -0.933547 0.00528054
2.56396 89.8148 12.7601 -0.36596 -0.930573 0.00562974
1.49165 90.2244 12.6569 -0.351453 -0.936112 0.0125341
0.659906 90.5236 11.6932 -0.341202 -0.939915 0.0107553
-0.158497 90.8014 10.7122 -0.32729 -0.94491 0.00509474
-0.927564 91.0547 9.69751 -0.309335 -0.950938 -0.00080001
-1.86942 91.3444 8.81686 -0.295331 -0.955338 0.0104334
-2.82787 91.6236 7.99127 -0.265932 -0.963966 -0.00699284
-3.78198 91.8735 6.98685 -0.240109 -0.970719 -0.00117246
-4.69859 92.1021 6.11353 -0.236288 -0.971677 -0.00235148
-5.52641 92.2784 5.18217 -0.199208 -0.979932 0.00616262
-6.578 92.4692 4.1608 -0.182483 -0.983138 0.0115209
-7.60577 92.6357 3.16918 -0.140182 -0.990114 0.00473019
-8.71987 92.772 2.13472 -0.103125 -0.994605 0.0104948
-9.71057 92.8501 1.21761 -0.0706216 -0.997179 0.0221128
-10.7825 92.9002 0.0800004 -0.0414916 -0.999136 -0.00196472
-11.4895 92.9202 -0.973618 -0.0290819 -0.999512 0.0114105
-12.4445 92.9155 -1.79907 0.0119264 -0.999916 0.0050095
-13.6586 92.8764 -2.62022 0.0392161 -0.999231 0.000538994
-14.534 92.8109 -3.63101 0.0827098 -0.996453 0.0131824
-15.565 92.7265 -4.79201 0.118268 -0.992908 -0.0121074
-16.5011 92.6188 -5.72037 0.140916 -0.990005 -0.00574095
-17.3608 92.5025 -6.76665 0.154797 -0.987911 -0.00833649
-18.2745 92.3599 -7.63197 0.190798 -0.981453 -0.0184693
-19.3359 92.1547 -8.42302 0.217569 -0.975908 -0.0163278
-19.4754 92.1254 -8.53601 0.217844 -0.975814 -0.0181374
-21.0516 91.7441 -8.90147 0.260043 -0.965428 -0.0147367
-20.2367 91.9362 -7.93885 0.242318 -0.969941 -0.0222672
-19.1854 92.1646 -7.17192 0.211427 -0.977354 -0.00770517
-18.0049 92.3884 -6.18533 0.165862 -0.986084 -0.00965649
-17.2267 92.5085 -5.1603 0.147812 -0.988986 -0.00734103
-16.2551 92.6385 -4.25994 0.120071 -0.99273 -0.00817292
-15.322 92.744 -3.19382 0.100283 -0.994941 0.00588159
-14.2999 92.8412 -2.022 0.075727 -0.997051 -0.00715786
-13.19 92.8962 -1.28355 0.040682 -0.999172 0.000285425
-12.1543 92.9214 -0.404152 0.0181285 -0.999828 -0.00384497
-11.3843 92.9178 0.799347 -0.0156344 -0.999807 -0.00243262
-10.5032 92.9011 1.69654 -0.0419409 -0.999118 -0.00134979
-9.46862 92.8453 2.65594 -0.0537432 -0.99851 -0.0087258
-8.49217 92.7501 3.54792 -0.0887666 -0.99605 -0.0023717
-7.53839 92.6327 4.55793 -0.148711 -0.988826 0.0104511
-6.57597 92.4793 5.37848 -0.167217 -0.985918 -0.00011399
-5.6813 92.3124 6.40765 -0.198452 -0.980109 0.00159647
-4.77614 92.1119 7.33213 -0.210952 -0.977425 -0.010599
-3.89093 91.899 8.23087 -0.232505 -0.972594 0.00129177
-2.92875 91.6514 9.16267 -0.264177 -0.964474 0.00105936
-1.899 91.3598 9.98324 -0.288104 -0.957596 -0.00237293
-1.07666 91.1006 10.9953 -0.298313 -0.954454 0.00422664
-0.284831 90.8509 12.0254 -0.322301 -0.9466 0.00828439
-0.0238582 90.7651 12.3111 -0.320057 -0.94736 0.00854858
-1.41945 91.2129 12.0916 -0.292725 -0.95617 0.00658337
-2.30836 91.4703 10.898 -0.273655 -0.96182 5.12227e-05
-3.29494 91.7436 10.1905 -0.259687 -0.965672 -0.00540163
-4.18677 91.9687 9.30512 -0.21173 -0.977327 -0.00147541
-5.12257 92.1775 8.21977 -0.196903 -0.980402 -0.00585343
-6.16419 92.3954 7.31439 -0.178277 -0.98394 -0.00791333
-6.95106 92.5336 6.32529 -0.145622 -0.989283 -0.0106724
-8.06978 92.7027 5.34995 -0.126443 -0.991882 -0.0114888
-9.10599 92.8021 4.14073 -0.0861307 -0.996272 -0.00463705
-10.1392 92.8771 3.19011 -0.0580996 -0.998284 -0.00559406
-11.1835 92.9167 2.2632 -0.0167693 -0.999766 -0.0135699
-12.1931 92.9229 1.23332 0.00260735 -0.999995 -0.000366986
-12.8286 92.908 0.126975 0.0259189 -0.999664 -0.000468652
-13.9923 92.8538 -0.7705 0.0549888 -0.998405 -0.0128065
-14.9768 92.7808 -1.64289 0.0897554 -0.995947 0.00549903
-15.9099 92.6822 -2.52914 0.117046 -0.993081 0.00933795
-16.95 92.5506 -3.75808 0.136838 -0.990435 0.000186097
-18.0998 92.3717 -4.75538 0.163282 -0.986555 0.00237749
-18.837 92.2396 -5.78137 0.190799 -0.981546 0.0102565
-20.0532 91.9637 -6.63237 0.249054 -0.968481 0.00143006
-21.0321 91.7275 -7.39859 0.239895 -0.970713 -0.0128156
-21.8762 91.5045 -8.46654 0.278176 -0.960426 -0.0139542
-22.8829 91.2106 -9.45458 0.302401 -0.953122 -0.0102648
-25.0988 90.4449 -10.1729 0.344338 -0.938823 -0.00611235
-24.1088 90.7982 -9.51245 0.33225 -0.943131 -0.00779388
-23.2582 91.0792 -8.46494 0.313205 -0.949595 -0.00762093
-22.3742 91.3498 -7.56194 0.289296 -0.957164 -0.010056
-21.5653 91.5685 -6.6482 0.272426 -0.962098 -0.0122899
-20.444 91.8669 -5.75487 0.251114 -0.967953 0.0029727
-19.3918 92.1285 -5.00191 0.21726 -0.9761 0.00334401
-18.6194 92.2822 -3.92563 0.183537 -0.982984 -0.00574355
-17.5997 92.4529 -3.17203 0.15384 -0.988075 0.00638028
-16.9031 92.5609 -2.12447 0.138836 -0.990282 0.00222193
-15.6955 92.713 -1.18176 0.105037 -0.994466 -0.000211486
-15.0922 92.7613 -0.23098 0.0939095 -0.995528 -0.00980252
-13.725 92.8739 0.49306 0.0568928 -0.99837 0.00134443
-13.0233 92.9061 1.77014 0.0254847 -0.999665 0.00339442
-12.2272 92.9204 2.76968 0.0158589 -0.999767 -0.0122633
-11.1237 92.9074 3.40173 -0.0176506 -0.999843 -0.00132101
-10.3039 92.8863 4.37783 -0.044174 -0.998811 0.000700334
-9.32758 92.8122 5.40368 -0.0784514 -0.996881 -0.0086323
-8.44912 92.7229 6.2691 -0.0949718 -0.995228 -0.020812
-7.51869 92.6046 7.17114 -0.116091 -0.993188 -0.00927029
-6.5917 92.4548 8.3462 -0.145141 -0.989362 -0.00978364
-5.45951 92.2376 9.19598 -0.184419 -0.9828 -0.00936392
-4.52695 92.0455 10.1534 -0.216627 -0.97624 0.00485061
-3.68477 91.8453 11.0841 -0.243775 -0.96981 -0.00153939
-2.70092 91.5882 12.061 -0.266896 -0.963702 0.00668301
-4.04433 91.9382 12.1183 -0.23312 -0.972409 0.00807953
-4.92464 92.1351 11.238 -0.202312 -0.979266 0.00504391
-5.93628 92.3206 10.2264 -0.177811 -0.984064 -0.000490478
-7.03565 92.5125 9.12699 -0.143743 -0.989552 -0.011128
-7.98458 92.6505 8.17806 -0.109099 -0.994004 -0.00720362
-8.90757 92.7543 7.25507 -0.0924953 -0.995675 -0.00842919
-9.92142 92.8394 6.24122 -0.0588314 -0.998072 -0.0188541
-10.9362 92.8971 5.22641 -0.0169632 -0.99981 -0.00836917
-11.9193 92.9071 4.24333 0.0131247 -0.999889 -0.00683634
-12.9732 92.8981 3.18949 0.0263887 -0.999613 -0.0080276
-13.8841 92.874 2.27855 0.0521411 -0.998594 0.00954669
-14.7947 92.7993 1.36796 0.10149 -0.994578 0.0190879
-15.7391 92.6843 0.423572 0.114618 -0.993387 0.00222606
-16.7439 92.5697 -0.581302 0.150488 -0.988483 -0.0159266
-17.7593 92.4208 -1.59669 0.164968 -0.986234 -0.0111334
-18.6489 92.2704 -2.4863 0.195053 -0.980748 -0.00928555
-19.6663 92.0644 -3.50364 0.225017 -0.974254 -0.0125873
-20.5658 91.8389 -4.40315 0.250257 -0.968175 0.00281995
-21.5528 91.5722 -5.39017 0.263357 -0.964697 0.00153066
-22.4913 91.3101 -6.32866 0.279787 -0.959986 0.000234936
-23.5797 90.9633 -7.41706 0.310236 -0.950613 -0.00943398
-24.7109 90.5769 -8.54829 0.334175 -0.9425 -0.00378949
-25.5888 90.2587 -9.42611 0.347571 -0.937618 -0.00814022
-26.6048 89.88 -10.4422 0.365761 -0.930674 -0.0080093
-26.8286 89.794 -10.6659 0.366533 -0.930362 -0.0089608
-28.7141 89.0113 -11.1192 0.397289 -0.91769 -0.00260285
-27.9472 89.3313 -9.84365 0.388766 -0.921293 -0.00893493
-26.8615 89.7647 -8.99568 0.36613 -0.930536 -0.00663631
-25.8958 90.1373 -8.04787 0.354836 -0.934923 -0.00326692
-25.0007 90.4662 -7.21317 0.338265 -0.941019 -0.00772291
-23.8513 90.8834 -6.36606 0.329039 -0.94425 -0.00448963
-22.8842 91.189 -5.39 0.292331 -0.956311 -0.00330553
-22.1722 91.4034 -4.3395 0.278934 -0.96031 -0.000880073
-21.0748 91.7091 -3.33192 0.263854 -0.964544 -0.00605048
-20.0895 91.9517 -2.58264 0.235286 -0.971762 -0.0171399
-19.2365 92.1353 -1.66278 0.211141 -0.977326 -0.0152646
-18.0886 92.3478 -0.683581 0.181379 -0.983281 -0.0159624
-17.124 92.4965 0.285423 0.153262 -0.98809 -0.0126014
-16.156 92.6368 1.26982 0.138119 -0.990386 -0.00159163
-15.2337 92.7527 2.25889 0.115527 -0.993288 -0.00479884
-14.2256 92.8438 3.2671 0.0738556 -0.99673 -0.0242333
-13.1566 92.8857 4.31975 0.0240381 -0.999674 -0.00850628
-12.1563 92.8962 5.26404 0.0067567 -0.999944 -0.00813856
-11.3876 92.8877 6.28523 -0.00534419 -0.99995 -0.00826039
-10.3177 92.8464 7.11689 -0.0407097 -0.99899 -0.015584
-9.39126 92.7897 8.24686 -0.0788098 -0.996886 -0.00116056
-8.30721 92.68 9.04022 -0.10732 -0.994212 -0.00500619
-7.65294 92.5902 10.1265 -0.136686 -0.990608 0.00345052
-6.60136 92.4335 11.0622 -0.162316 -0.986707 -0.00773937
-5.81383 92.3004 11.93 -0.175718 -0.984439 0.00164465
-6.87544 92.4831 12.1612 -0.160497 -0.987007 0.00759176
-7.82186 92.611 11.3266 -0.119076 -0.99285 -0.00769456
-8.74024 92.7155 10.1815 -0.0965114 -0.995325 -0.0035524
-9.7262 92.8051 9.11251 -0.0691921 -0.997547 -0.0102917
-10.6738 92.857 8.11999 -0.0371941 -0.999304 -0.00139597
-11.9092 92.8867 7.10035 -0.0103595 -0.999827 -0.0150988
-12.7048 92.8876 6.1071 0.00773473 -0.99997 0.000532883
-13.6582 92.8616 5.06715 0.0359588 -0.99927 -0.00851498
-14.7493 92.7912 4.07777 0.0960734 -0.995274 -0.00737414
-15.7379 92.6798 3.108 0.134244 -0.990911 -0.00800419
-16.7079 92.5517 2.18646 0.15282 -0.988215 -0.00839919
-17.5406 92.427 1.20536 0.169257 -0.985518 -0.00999771
-18.4748 92.2643 0.216596 0.199523 -0.979737 -0.017478
-19.4768 92.0607 -0.673194 0.22169 -0.974843 -0.0230963
-20.3798 91.8578 -1.54984 0.242098 -0.970078 -0.0179826
-21.481 91.5799 -2.42871 0.272748 -0.961918 -0.0175898
-22.3283 91.3501 -3.3716 0.283185 -0.958913 -0.0170886
-23.2957 91.0581 -4.44332 0.318954 -0.947766 -0.00144621
-24.2973 90.7187 -5.47975 0.336838 -0.941506 -0.0101384
-25.2258 90.3803 -6.2297 0.352435 -0.935831 0.000587399
-26.1586 90.0318 -7.14812 0.355485 -0.934647 -0.00802776
-27.1707 89.6376 -8.03849 0.372486 -0.928024 -0.00499733
-28.1936 89.2213 -9.0469 0.382221 -0.924033 -0.00834383
-29.0986 88.8379 -9.98586 0.401518 -0.915827 -0.00671265
-29.82 88.5258 -11.0301 0.411283 -0.91148 -0.00700338
-29.9424 88.4719 -11.1857 0.411292 -0.911466 -0.00831047
-31.1521 87.9117 -11.1747 0.428296 -0.903595 -0.00862579
-30.1484 88.3696 -10.003 0.419778 -0.907567 -0.0102926
-29.2181 88.7776 -8.78924 0.402352 -0.915463 -0.00628445
-28.1459 89.2386 -7.99989 0.383466 -0.923555 0.00050186
-27.2448 89.6022 -6.91625 0.372447 -0.928043 -0.00441169
-26.2683 89.9823 -6.05068 0.358412 -0.933557 -0.00219761
-25.1871 90.3947 -5.15437 0.349926 -0.936777 0.000867573
-24.2825 90.7212 -4.20975 0.324523 -0.945877 -0.000652317
-23.3591 91.0235 -3.11083 0.308233 -0.95123 -0.0123672
-22.4198 91.3034 -2.16307 0.284085 -0.958703 -0.0130651
-21.3924 91.5808 -1.11476 0.262673 -0.964724 -0.0176033
-20.3961 91.8322 -0.284008 0.255864 -0.966652 -0.00666888
-19.3375 92.0804 0.668714 0.224306 -0.974499 -0.00608063
-18.3604 92.2789 1.69576 0.179475 -0.983722 -0.00508563
-17.4277 92.4288 2.77483 0.165429 -0.986182 -0.00778534
-16.5222 92.567 3.71353 0.143528 -0.989603 -0.009163
-15.4729 92.7105 4.66887 0.123174 -0.992297 0.0132501
-14.5726 92.7946 5.58142 0.0867987 -0.996158 -0.0116023
-13.4525 92.8664 6.72871 0.0386377 -0.999251 0.000405854
-12.3988 92.8738 7.9142 0.0174705 -0.999135 -0.0377406
-11.338 92.8607 8.8216 -0.00344499 -0.999982 -0.00496731
-10.2336 92.8252 9.90441 -0.0324979 -0.999439 -0.00750605
-9.37789 92.7674 10.9235 -0.0708955 -0.997387 -0.0138916
-8.40538 92.6879 12.0558 -0.0960388 -0.995353 0.00693935
-8.01838 92.6478 12.3877 -0.135284 -0.990788 0.00582623
-9.5227 92.7802 12.2206 -0.0578381 -0.99824 0.0129933
-10.3666 92.8189 11.1424 -0.0422845 -0.999051 -0.0102359
-11.3498 92.85 10.1572 -0.0138664 -0.999851 -0.0102824
-12.3937 92.8553 9.11516 0.00524785 -0.999938 -0.00975694
-13.5506 92.8408 8.05399 0.0607135 -0.997714 -0.0267978
-14.3933 92.7981 7.07828 0.0870592 -0.996112 -0.0134477
-15.3282 92.7221 6.16417 0.120473 -0.992441 -0.0223798
-16.3271 92.6007 5.12389 0.137756 -0.990449 0.00392687
-17.2803 92.4524 4.26372 0.144393 -0.989476 0.00415526
-18.2375 92.2904 3.28884 0.17284 -0.98495 0.000204277
-19.1731 92.1166 2.1662 0.204293 -0.978866 0.0088734
-20.2874 91.8562 1.06257 0.243381 -0.969859 0.00207355
-21.2213 91.6095 0.229868 0.269035 -0.963112 -0.00589308
-22.2121 91.3454 -0.642309 0.27632 -0.960916 -0.0160779
-23.1011 91.0911 -1.56053 0.298735 -0.954261 -0.00952061
-24.1141 90.7712 -2.67267 0.319873 -0.947438 -0.00641917
-25.007 90.4611 -3.69652 0.346377 -0.938083 -0.00465096
-25.947 90.1061 -4.65129 0.363576 -0.931556 0.00267959
-26.9063 89.7313 -5.46738 0.374326 -0.927274 -0.00438912
-27.9732 89.303 -6.48106 0.376896 -0.92621 -0.00918461
-28.8192 88.9523 -7.4364 0.396703 -0.917791 -0.0148716
-29.9798 88.4338 -8.35905 0.415933 -0.909352 -0.00885965
-30.7165 88.102 -9.32662 0.422554 -0.906334 -0.00103188
-31.4977 87.7395 -10.2571 0.429016 -0.903263 -0.00768199
-32.3605 87.3302 -11.0829 0.441559 -0.897144 -0.0125187
-32.4142 87.3044 -11.1361 0.443006 -0.896443 -0.0115502
-33.1812 86.9199 -10.7448 0.44765 -0.894147 -0.00988821
-32.3525 87.3193 -9.8827 0.440885 -0.897538 -0.00653631
-31.528 87.7141 -8.96815 0.434001 -0.900867 -0.0089551
-30.734 88.0825 -7.9519 0.429289 -0.903106 -0.010495
-29.6631 88.5657 -7.00027 0.4176 -0.908588 -0.00883638
-28.7231 88.9761 -6.0964 0.395282 -0.918554 -0.0033174
-27.8985 89.3233 -5.20546 0.383505 -0.923523 -0.00525642
-26.9796 89.6983 -4.38273 0.374508 -0.927206 -0.0024364
-25.9839 90.092 -3.47707 0.367463 -0.930033 -0.00269793
-25.0564 90.4388 -2.43307 0.344573 -0.938734 -0.00664841
-24.0999 90.7636 -1.37267 0.32371 -0.946049 -0.013119
-23.2113 91.0396 -0.359136 0.299175 -0.953979 -0.0181985
-22.1706 91.3353 0.609543 0.288589 -0.957368 -0.0127421
-21.1588 91.6231 1.52249 0.26351 -0.964617 -0.0030447
-20.1385 91.8929 2.47805 0.246674 -0.96904 -0.00172126
-19.244 92.0978 3.56262 0.208984 -0.977853 -0.0112945
-18.36 92.2556 4.51517 0.179971 -0.983418 -0.0223384
-17.3858 92.4311 5.43522 0.168729 -0.985639 -0.00606618
-16.3318 92.5873 6.46688 0.136127 -0.990589 -0.010222
-15.42 92.6921 7.35649 0.109051 -0.993855 -0.0188148
-14.5505 92.76 8.32146 0.0896728 -0.99569 -0.023578
-13.4686 92.8086 9.41038 0.0592093 -0.997869 -0.0273839
-12.5244 92.8439 10.2799 0.0248375 -0.99962 -0.0117327
-11.6185 92.848 11.1856 -0.00774414 -0.999962 -0.003445
-10.5691 92.8295 12.3293 -0.0348646 -0.999265 0.0159104
-11.6585 92.8557 12.4733 -0.00549585 -0.999783 0.0199008
-12.7452 92.8362 11.3681 0.0302442 -0.99952 0.0065909
-13.6703 92.7951 10.4866 0.0635219 -0.997975 -0.00243659
-14.7078 92.72 9.48538 0.10026 -0.994927 -0.00732201
-15.566 92.6515 8.56748 0.103514 -0.99436 -0.0230315
-16.5053 92.5494 7.58995 0.154627 -0.987932 -0.007142
-17.4043 92.4176 6.69507 0.163692 -0.986405 -0.0142928
-18.3617 92.2504 5.80733 0.192499 -0.98123 0.00763157
-19.3316 92.0486 4.86928 0.221112 -0.974886 -0.0250984
-20.1909 91.8738 3.82865 0.243037 -0.96988 -0.0142853
-21.058 91.6471 2.85395 0.264285 -0.964442 -0.00220893
-22.0197 91.3692 1.95848 0.287846 -0.957664 -0.00453242
-23.1251 91.0433 0.957893 0.28974 -0.957041 -0.011056
-24.065 90.746 0.02826 0.323611 -0.94599 -0.0189824
-24.9509 90.4606 -0.974145 0.3317 -0.943219 -0.0176811
-25.7916 90.1599 -1.93985 0.350963 -0.93636 -0.00739782
-26.6177 89.8387 -2.88515 0.371007 -0.928629 -0.00128401
-27.5651 89.4546 -3.73681 0.384744 -0.923022 -0.00136673
-28.5129 89.0598 -4.62643 0.393847 -0.919164 -0.00476448
-29.4974 88.6388 -5.69504 0.405384 -0.914113 0.00023337
-30.3985 88.2296 -6.48704 0.415136 -0.909758 0.00130626
-31.286 87.8159 -7.32004 0.426307 -0.904572 -0.00340344
-32.1747 87.3959 -8.39369 0.437835 -0.899045 -0.00435095
-33.0749 86.9584 -9.37952 0.450312 -0.89284 -0.00735266
-33.9596 86.5205 -10.3986 0.452272 -0.891833 -0.00911208
-34.0787 86.4618 -10.5711 0.453017 -0.891456 -0.00897369
-34.7624 86.1035 -10.0696 0.462557 -0.886528 -0.0104092
-33.9299 86.5224 -9.02828 0.454883 -0.890529 -0.00612673
-32.9062 87.0339 -7.91099 0.444232 -0.895884 -0.0069843
-32.1277 87.4152 -6.99691 0.438827 -0.898566 -0.00316716
-31.2494 87.8327 -6.09634 0.433769 -0.901018 -0.00347953
-30.2679 88.2878 -5.23465 0.414685 -0.909962 -0.00140023
-29.3384 88.7075 -4.29754 0.39355 -0.919289 0.00351603
-28.4062 89.1017 -3.38111 0.386969 -0.922086 -0.00354767
-27.4905 89.4836 -2.50611 0.387488 -0.921874 0.000528984
-26.5749 89.8519 -1.52036 0.370705 -0.92873 -0.00615659
-25.5649 90.2263 -0.380827 0.339038 -0.940614 -0.017165
-24.7691 90.4975 0.569691 0.325232 -0.94562 -0.00449581
-23.8727 90.7932 1.46007 0.308666 -0.951085 -0.012729
-22.8317 91.1215 2.43614 0.299886 -0.953968 -0.00357263
-21.7705 91.4408 3.42054 0.285062 -0.958503 -0.00327994
-20.656 91.7393 4.72904 0.245895 -0.96914 -0.0159197
-19.8066 91.9312 5.65713 0.22815 -0.973598 -0.00737117
-18.7734 92.1638 6.70157 0.211805 -0.977132 -0.00953866
-17.8478 92.3248 7.58246 0.170417 -0.98537 0.00127499
-16.9243 92.478 8.46947 0.165564 -0.98595 -0.0187955
-15.941 92.5926 9.5271 0.129959 -0.991391 -0.0159656
-14.857 92.7081 10.6025 0.103318 -0.994642 0.00163345
-13.9334 92.7827 11.5004 0.0674841 -0.997666 0.0100248
-12.9892 92.8358 12.457 0.0392183 -0.999136 0.0135802
-14.095 92.7798 12.6177 0.0811919 -0.99653 0.01472
-15.0553 92.6873 11.647 0.100336 -0.994922 -0.00417849
-16.1111 92.5685 10.6572 0.122452 -0.992446 0.00726987
-17.0903 92.4316 9.61434 0.15297 -0.988122 -0.0122988
-18.0676 92.2862 8.65321 0.164757 -0.98625 -0.0118885
-19.1425 92.075 7.62519 0.213642 -0.976898 -0.00516926
-20.2256 91.8258 6.56516 0.230027 -0.973159 -0.00585551
-21.1372 91.6022 5.56065 0.263255 -0.964573 -0.0171763
-22.061 91.3492 4.4746 0.287912 -0.957629 -0.00695304
-23.0143 91.0617 3.51132 0.296735 -0.954952 -0.00244231
-23.9185 90.7719 2.64752 0.313104 -0.949681 -0.0065962
-24.8849 90.4462 1.69966 0.339 -0.940742 -0.00897495
-25.7834 90.1325 0.716723 0.3437 -0.939008 -0.0115677
-26.7514 89.778 -0.425059 0.366333 -0.930484 -0.000401107
-27.7142 89.3896 -1.50987 0.389493 -0.921028 -0.00118535
-28.6881 88.9789 -2.44601 0.390324 -0.920671 -0.00337252
-29.5637 88.6058 -3.28201 0.408715 -0.912622 -0.00788601
-30.5007 88.1851 -4.24944 0.419528 -0.907726 0.00448734
-31.4379 87.7383 -5.11782 0.436649 -0.899629 -0.00189376
-32.419 87.2662 -6.06179 0.442573 -0.896709 -0.00646622
-33.2413 86.8653 -6.97094 0.450386 -0.892807 -0.00235294
-34.0565 86.4512 -7.90068 0.456685 -0.889607 -0.00621635
-34.9005 86.0191 -8.8585 0.462233 -0.886735 -0.00624158
-35.3799 85.7758 -9.52493 0.461386 -0.88716 -0.00831132
-35.8302 85.5316 -8.74534 0.465753 -0.884879 -0.00757646
-35.0886 85.9154 -7.79749 0.463594 -0.886034 -0.00496912
-34.2804 86.333 -6.8639 0.456753 -0.88959 0.00223846
-33.473 86.7456 -5.95108 0.450841 -0.892585 -0.00427553
-32.5349 87.2041 -4.93581 0.440379 -0.897809 -0.00250329
-31.4091 87.7538 -3.89373 0.437297 -0.899296 -0.00611793
-30.457 88.1965 -2.96541 0.422819 -0.906148 -0.0109296
-29.4192 88.6602 -1.96865 0.407376 -0.913101 -0.0160003
-28.4305 89.0849 -1.0055 0.390526 -0.920591 -0.0013843
-27.5444 89.4571 0.0536246 0.384647 -0.923039 -0.00477669
-26.7361 89.771 0.995766 0.361783 -0.932169 -0.00881159
-25.8776 90.0847 1.9326 0.35325 -0.935467 -0.0107664
-24.9534 90.415 2.86648 0.340401 -0.94027 -0.00442657
-23.8978 90.7724 3.96693 0.316846 -0.948477 0.000398762
-22.8376 91.1126 4.97369 0.292763 -0.956174 -0.000187216
-21.9447 91.3693 6.02778 0.278443 -0.960433 -0.00488536
-21.0834 91.5969 6.99774 0.261069 -0.965315 -0.00308497
-20.221 91.8197 7.88571 0.243192 -0.96993 -0.00940333
-19.1875 92.0537 8.88321 0.210475 -0.977509 -0.0130287
-18.1618 92.2491 9.82621 0.177193 -0.984043 -0.0148394
-17.2459 92.3959 10.7872 0.165534 -0.986176 -0.00747272
-16.3256 92.5429 11.7535 0.131714 -0.99124 -0.00443744
-15.3253 92.6631 12.6593 0.107189 -0.994034 0.0179451
-16.4771 92.5243 12.8578 0.134382 -0.990781 0.0139652
-17.385 92.3809 11.9641 0.165266 -0.986208 0.00564854
-18.2638 92.2119 11.0166 0.19811 -0.980072 -0.0141321
-19.332 92.0115 9.99286 0.211705 -0.977192 -0.0129587
-20.2896 91.7854 9.13266 0.240696 -0.970591 -0.00435919
-21.1688 91.5665 8.22121 0.264434 -0.964347 -0.0104859
-22.2135 91.2894 7.09016 0.271591 -0.962364 0.00139679
-23.0895 91.0253 6.08568 0.296255 -0.954992 -0.0138
-24.0249 90.7258 5.0707 0.322124 -0.946639 -0.00847874
-24.9615 90.4031 4.16543 0.341727 -0.939747 -0.00917975
-25.8447 90.0795 3.22835 0.351512 -0.936092 -0.0129807
-26.6965 89.7669 2.32816 0.359441 -0.933047 -0.0148634
-27.527 89.4464 1.3916 0.379237 -0.92521 -0.0128615
-28.4415 89.0769 0.396487 0.390055 -0.920771 -0.00557528
-29.2688 88.7225 -0.527688 0.409516 -0.912294 0.00245132
-30.1328 88.3299 -1.40792 0.421562 -0.906756 -0.00863527
-31.2 87.8437 -2.50737 0.432461 -0.901561 -0.0114573
-32.0975 87.4141 -3.35685 0.442864 -0.896571 -0.00563547
-33.225 86.8608 -4.42742 0.448782 -0.89358 -0.0104454
-34.1309 86.4089 -5.39436 0.45609 -0.889917 -0.005363
-34.9941 85.9642 -6.3737 0.462477 -0.886631 -0.000147361
-35.8325 85.5245 -7.37776 0.463067 -0.88632 -0.00104615
-36.4928 85.1793 -8.24821 0.471754 -0.881708 -0.00607301
-36.9302 84.9375 -7.42899 0.473196 -0.88094 -0.00487256
-36.1683 85.3433 -6.45556 0.471959 -0.881615 -0.0030244
-35.3722 85.7651 -5.51829 0.470055 -0.882628 -0.00396482
-34.5044 86.2114 -4.5499 0.458246 -0.888803 -0.00609072
-33.5298 86.7006 -3.53931 0.449942 -0.89305 -0.00367179
-32.4392 87.2393 -2.48609 0.444666 -0.895678 -0.00567215
-31.3597 87.7533 -1.42238 0.428989 -0.903224 -0.0115662
-30.3185 88.2367 -0.365263 0.424114 -0.905596 -0.00468058
-29.4459 88.6376 0.530007 0.411402 -0.91141 -0.00799702
-28.5638 89.0087 1.52931 0.39448 -0.918799 -0.0139558
-27.7204 89.3512 2.50051 0.381572 -0.92423 -0.0141191
-26.7973 89.7091 3.50242 0.376224 -0.926316 -0.0198379
-25.9213 90.041 4.43879 0.35418 -0.935173 -0.00256897
-25.0335 90.3667 5.36115 0.341335 -0.939898 -0.00908841
-24.1357 90.6756 6.28283 0.324579 -0.945807 -0.00948772
-23.304 90.949 7.23045 0.310924 -0.95043 -0.00140685
-22.4074 91.2139 8.22146 0.27926 -0.960137 -0.01228
-21.5529 91.4509 9.12513 0.27156 -0.962342 -0.00975768
-20.458 91.735 10.2022 0.245218 -0.969394 -0.00877658
-19.3987 91.9759 11.1805 0.22914 -0.973178 -0.0202099
-18.4841 92.166 12.0984 0.206911 -0.978309 0.00962979
-17.8196 92.3091 12.7992 0.181285 -0.983187 0.0151096
-18.7986 92.1149 13.0656 0.204549 -0.978693 0.0178676
-19.7473 91.8902 12.1278 0.225208 -0.974214 0.0135563
-20.8544 91.618 11.0832 0.254371 -0.966995 -0.00957876
-21.7722 91.3751 10.1811 0.273821 -0.961729 -0.00966709
-22.7616 91.0971 9.14765 0.293179 -0.955897 -0.0140131
-23.6409 90.8252 8.19581 0.31493 -0.949075 -0.00806825
-24.5416 90.5247 7.16181 0.328441 -0.944512 -0.00482125
-25.491 90.1923 6.13955 0.342407 -0.939506 -0.00927353
-26.4747 89.8256 5.14335 0.36183 -0.932236 -0.00204382
-27.3531 89.4748 4.20714 0.373453 -0.927605 -0.0090274
-28.1823 89.1445 3.28955 0.391237 -0.920167 -0.0150381
-29.1501 88.7464 2.15837 0.399941 -0.916448 -0.0126965
-30.0111 88.3695 1.19723 0.414133 -0.910138 -0.0110647
-31.0079 87.9077 0.149508 0.429928 -0.90285 -0.004905
-32.0198 87.4307 -0.86464 0.434313 -0.900744 -0.00570206
-32.9683 86.9707 -1.78284 0.446906 -0.894567 -0.00496288
-33.9193 86.5009 -2.71739 0.449081 -0.893473 -0.00561961
-34.7618 86.0731 -3.58925 0.461202 -0.887283 -0.00425711
-35.6359 85.6202 -4.50581 0.468245 -0.883575 -0.00580625
-36.4424 85.1924 -5.45294 0.477239 -0.878762 -0.00459847
-37.2848 84.7423 -6.48421 0.475408 -0.87975 -0.00518821
-37.6238 84.5502 -5.57314 0.479808 -0.877332 -0.00853332
-36.7556 85.0185 -4.5644 0.476506 -0.879159 -0.00436102
-35.9547 85.445 -3.60394 0.472393 -0.881382 -0.00270097
-35.123 85.8808 -2.712 0.461331 -0.887216 -0.00460268
-34.2501 86.3263 -1.83749 0.451389 -0.892291 -0.00799564
-33.3816 86.7587 -0.994724 0.449823 -0.893094 -0.00636842
-32.5055 87.1875 -0.146925 0.4443 -0.895842 -0.00806019
-31.6699 87.5891 0.711238 0.431179 -0.902257 -0.00412871
-30.7338 88.0286 1.70443 0.427825 -0.903849 -0.00474716
-29.7634 88.4673 2.7476 0.403226 -0.915084 -0.00501894
-28.7864 88.8802 3.93536 0.390544 -0.920519 -0.0109656
-27.8484 89.2648 4.94822 0.38765 -0.921778 -0.00582739
-27.0087 89.615 5.85371 0.372447 -0.928027 0.00611367
-25.9952 90.0045 6.87775 0.352661 -0.93574 0.00321346
-25.1285 90.3203 7.81583 0.333924 -0.942569 0.00238836
-24.2991 90.6021 8.78497 0.320137 -0.947345 -0.00687365
-23.4674 90.87 9.70659 0.301565 -0.953442 0.00264289
-22.5664 91.1419 10.6424 0.278634 -0.960355 -0.00901419
-21.6481 91.3952 11.5482 0.267432 -0.96351 0.00308526
-20.7252 91.6552 12.4189 0.249143 -0.968435 0.00585549
-19.82 91.892 13.3549 0.228696 -0.973356 0.016598
-19.6502 91.9349 13.5148 0.227099 -0.973724 0.0168659
-20.8539 91.6357 13.5521 0.264052 -0.964386 0.0143957
-21.9488 91.3157 12.5117 0.284037 -0.958804 0.00394742
-22.8992 91.0308 11.5732 0.285178 -0.958345 -0.0157429
-23.7859 90.7613 10.6616 0.31272 -0.949816 -0.00738388
-24.7153 90.4524 9.64593 0.324775 -0.945771 -0.00571888
-25.6398 90.1359 8.59287 0.33953 -0.940582 -0.00237345
-26.6272 89.7567 7.48337 0.369949 -0.928981 -0.0114695
-27.5933 89.3774 6.4885 0.387968 -0.921638 -0.00479261
-28.5031 88.989 5.5177 0.388445 -0.92147 -0.000688442
-29.3785 88.6158 4.57839 0.408689 -0.912619 -0.009985
-30.2936 88.2259 3.43318 0.419958 -0.907505 -0.00808087
-31.1386 87.8362 2.54681 0.429957 -0.902839 -0.000574649
-31.9982 87.4214 1.60833 0.439872 -0.898045 -0.00525263
-32.9134 86.979 0.677057 0.44573 -0.895144 -0.00616072
-33.8065 86.5377 -0.208834 0.452376 -0.891793 -0.00784996
-34.7954 86.0423 -1.1731 0.457652 -0.889116 -0.00528929
-35.7265 85.5614 -2.09384 0.46953 -0.882899 -0.00502614
-36.5153 85.1394 -2.97946 0.474595 -0.880202 -0.0019387
-37.3713 84.6785 -3.97056 0.482028 -0.876132 -0.00649662
-37.9306 84.3753 -4.6141 0.483487 -0.87532 -0.00738919
-38.0729 84.2875 -3.49383 0.483351 -0.875404 -0.00624328
-37.2533 84.7355 -2.52156 0.482008 -0.87616 -0.00345331
-36.4285 85.182 -1.58452 0.476951 -0.878913 -0.00532925
-35.4969 85.6746 -0.661973 0.464648 -0.88548 -0.00506126
-34.625 86.118 0.182597 0.454647 -0.890635 -0.00802924
-33.7188 86.5701 1.11328 0.45196 -0.891984 -0.00982334
-32.7582 87.0463 2.04819 0.445694 -0.895136 -0.00708234
-31.8635 87.4822 3.00749 0.441377 -0.897319 -0.00227567
-31.0318 87.8751 3.9159 0.427458 -0.903962 -0.0115132
-30.1875 88.2497 4.96015 0.408499 -0.912706 -0.00970517
-29.3557 88.6128 5.85167 0.408896 -0.912549 -0.00705503
-28.5225 88.9791 6.79704 0.403706 -0.914881 -0.00387023
-27.5489 89.3809 7.79715 0.387171 -0.921922 -0.0122545
-26.5348 89.7944 8.94168 0.371081 -0.928501 -0.00640625
-25.6462 90.1192 9.9504 0.351556 -0.936036 -0.0156461
-24.6497 90.4662 11.0634 0.33308 -0.942817 -0.0107842
-23.6543 90.7934 12.0956 0.312888 -0.94971 -0.00513245
-22.7444 91.0777 12.9617 0.300125 -0.953895 -0.00305385
-21.7338 91.3936 13.9847 0.287287 -0.957795 0.00717761
-21.5634 91.4444 14.1479 0.281435 -0.95955 0.00712684
-22.5172 91.1559 14.4603 0.296543 -0.954945 0.0119225
-23.4666 90.8492 13.5211 0.30477 -0.952418 0.00366594
-24.4803 90.5111 12.5035 0.323293 -0.946294 -0.00191601
-25.4008 90.191 11.5522 0.339114 -0.94071 -0.00807232
-26.2529 89.8803 10.6098 0.357899 -0.933672 -0.0127643
-27.059 89.5732 9.6581 0.381883 -0.924196 -0.00511691
-27.9015 89.2272 8.68666 0.390102 -0.92077 -0.00152428
-28.786 88.8558 7.7698 0.399859 -0.916516 -0.009469
-29.6766 88.4655 6.81256 0.411777 -0.911271 -0.00438412
-30.5284 88.0844 5.84945 0.415785 -0.909403 -0.0103244
-31.3352 87.7198 4.86602 0.427942 -0.903758 -0.00910965
-32.1597 87.3327 3.95648 0.442462 -0.89677 -0.00542732
-33.0008 86.9181 3.05292 0.450135 -0.892959 -0.0014618
-33.8631 86.4873 2.17568 0.450191 -0.892923 -0.00414888
-34.755 86.0388 1.2598 0.459288 -0.888217 -0.0111206
-35.5927 85.6127 0.415586 0.463441 -0.886095 -0.00766406
-36.5141 85.1295 -0.485206 0.475537 -0.879692 -0.00255409
-37.4165 84.6413 -1.42163 0.480587 -0.876943 -0.00248521
-38.2229 84.1995 -2.34397 0.484452 -0.87481 -0.00365246
-38.4123 84.0956 -2.57901 0.484357 -0.874862 -0.00381915
-38.6063 83.985 -1.50567 0.48549 -0.874242 -0.000378207
-37.8161 84.4206 -0.616253 0.480836 -0.876811 6.14669e-05
-36.7824 84.9822 0.459006 0.475573 -0.879673 -0.00225893
-35.8725 85.4581 1.33554 0.465035 -0.885244 -0.00908322
-34.9658 85.9242 2.2555 0.457826 -0.889041 -0.00104221
-33.9571 86.4353 3.30756 0.452093 -0.891959 -0.00296645
-33.0623 86.8839 4.22935 0.445262 -0.895392 -0.00355331
-32.1519 87.3257 5.27192 0.439101 -0.898363 -0.010601
-31.2895 87.7294 6.27563 0.428493 -0.903478 -0.009298
-30.4567 88.1056 7.24724 0.41839 -0.908238 -0.00692032
-29.6185 88.4814 8.13698 0.41093 -0.911617 -0.00918906
-28.7436 88.8652 9.06302 0.396877 -0.917855 -0.00551108
-27.7738 89.2705 10.1791 0.389573 -0.920918 -0.0119299
-26.9487 89.5961 11.1421 0.375789 -0.926597 -0.0141771
-26.0635 89.9353 12.1188 0.363718 -0.931487 -0.00551803
-25.2241 90.244 13.0231 0.345562 -0.938396 8.91104e-05
-24.2966 90.5727 13.9615 0.32879 -0.944386 0.00567967
-23.4417 90.8653 14.8486 0.311754 -0.950054 0.0139842
-24.2895 90.5823 15.2534 0.341639 -0.93976 0.0114405
-25.1775 90.2571 14.3544 0.349824 -0.936801 -0.00433029
-26.0841 89.9181 13.4193 0.365402 -0.93082 -0.0057499
-26.8948 89.5999 12.5116 0.375021 -0.926962 -0.0098946
-27.8357 89.2298 11.4482 0.381131 -0.92441 -0.0139837
-28.7252 88.8634 10.4512 0.394064 -0.919029 -0.00929622
-29.5736 88.4991 9.42816 0.413873 -0.910309 -0.00510807
-30.5995 88.0315 8.32872 0.419175 -0.907876 -0.0073358
-31.5285 87.6055 7.31714 0.42312 -0.906051 -0.00604416
-32.4341 87.1767 6.28133 0.439963 -0.897993 -0.00609025
-33.249 86.7814 5.29404 0.444493 -0.89574 -0.00872606
-34.0907 86.3665 4.40272 0.455873 -0.890006 -0.00790916
-35.0584 85.8723 3.4161 0.45961 -0.888084 -0.00770834
-35.9353 85.4197 2.4777 0.46384 -0.885913 -0.0033987
-36.812 84.9581 1.61304 0.467021 -0.884206 -0.00796811
-37.8254 84.4141 0.625141 0.47985 -0.877343 -0.00216188
-38.7149 83.9221 -0.387535 0.48753 -0.873106 -0.000103021
-38.7227 83.9177 -0.397281 0.487724 -0.872997 -0.000810907
-38.7491 83.9016 0.905014 0.489265 -0.872133 -0.00077767
-37.8904 84.3741 1.77577 0.479067 -0.877754 -0.00609089
-36.9069 84.9021 2.70992 0.474087 -0.880466 -0.0046982
-35.861 85.4506 3.79173 0.463925 -0.88585 -0.00658011
-35.0084 85.8887 4.68546 0.461933 -0.886891 -0.00646595
-34.1185 86.3377 5.62305 0.453604 -0.891181 -0.00620227
-33.3343 86.729 6.54725 0.45145 -0.892266 -0.00734775
-32.4743 87.1471 7.52675 0.441211 -0.897366 -0.00814921
-31.6271 87.5505 8.48224 0.431123 -0.902246 -0.00850032
-30.7476 87.9566 9.44403 0.4211 -0.906994 -0.00559316
-29.8956 88.3405 10.3989 0.417785 -0.908473 -0.0114883
-29.0447 88.7115 11.4075 0.408972 -0.912496 -0.00948559
-28.2014 89.0637 12.379 0.394254 -0.918943 -0.0101209
-27.3642 89.4001 13.2931 0.382894 -0.923751 -0.00649751
-26.5009 89.7478 14.2539 0.374544 -0.927206 -0.00168239
-25.5908 90.1013 15.188 0.353574 -0.935403 0.00255614
-25.1531 90.2686 15.6358 0.353005 -0.93561 0.00470868
-25.9545 89.967 16.0652 0.358545 -0.933491 0.00604354
-26.8771 89.5973 15.1123 0.376641 -0.926349 0.00431378
-27.8214 89.2095 14.0959 0.38505 -0.922896 8.77334e-05
-28.6965 88.8439 13.127 0.398833 -0.91697 -0.00953721
-29.6827 88.4186 12.0114 0.413259 -0.910567 -0.00918043
-30.5156 88.0457 11.0178 0.420997 -0.906982 -0.0120091
-31.5074 87.5952 9.86061 0.426213 -0.904502 -0.0147802
-32.3775 87.1825 8.93058 0.438134 -0.898897 -0.0047936
-33.2184 86.7717 8.00683 0.451 -0.89246 -0.0106676
-33.9915 86.3904 7.07778 0.454895 -0.890493 -0.00920241
-34.8051 85.9806 6.1239 0.460789 -0.887448 -0.0104375
-35.7342 85.5054 5.15376 0.463532 -0.886042 -0.00816958
-36.5474 85.0841 4.29169 0.46741 -0.883991 -0.00924537
-37.5507 84.5512 3.29253 0.481496 -0.876424 -0.00622695
-38.4706 84.0497 2.40711 0.48732 -0.873197 -0.00635337
-38.9706 83.773 1.9107 0.489546 -0.871957 -0.00584149
-38.9788 83.7605 3.06926 0.48846 -0.87257 -0.00524739
-38.0435 84.2736 4.0213 0.484237 -0.874918 -0.00580171
-37.2012 84.7327 4.8388 0.480312 -0.877073 -0.00634306
-36.322 85.1901 5.77358 0.468118 -0.883574 -0.0127166
-35.3597 85.6844 6.79509 0.462632 -0.886489 -0.0103868
-34.4585 86.1424 7.84658 0.458477 -0.888683 -0.00632942
-33.67 86.5389 8.77619 0.450533 -0.892747 -0.00488071
-32.7102 87.0136 9.84367 0.44171 -0.897108 -0.0071516
-31.8654 87.4129 10.7757 0.430941 -0.902321 -0.00833111
-30.9723 87.8252 11.8597 0.424343 -0.905476 -0.00674051
-30.1138 88.216 12.8074 0.413586 -0.910441 -0.00657171
-29.1663 88.6323 13.9077 0.402358 -0.915482 0.000102564
-28.3433 88.9872 14.7991 0.390078 -0.920777 -0.002922
-27.4815 89.3508 15.7523 0.388087 -0.92162 -0.00107313
-26.8416 89.6144 16.4236 0.37214 -0.928154 0.00430406
-27.7542 89.2384 16.7249 0.39057 -0.920542 0.00759903
-28.8079 88.7864 15.5726 0.40267 -0.915311 -0.00703187
-29.7001 88.3941 14.5944 0.40998 -0.912088 -0.00304588
-30.62 87.9767 13.543 0.417911 -0.908457 -0.00740393
-31.5379 87.5553 12.5098 0.429354 -0.903085 -0.00753299
-32.4609 87.118 11.4099 0.436899 -0.899474 -0.00809414
-33.3932 86.6688 10.3633 0.451197 -0.892391 -0.00771089
-34.2596 86.2348 9.40286 0.457065 -0.88942 -0.00481414
-35.1213 85.7974 8.40951 0.461382 -0.887168 -0.0065604
-36.0185 85.3322 7.34712 0.467421 -0.884012 -0.00641154
-36.9139 84.8674 6.37913 0.469155 -0.883015 -0.0133132
-37.9795 84.3016 5.30681 0.483845 -0.875093 -0.0102921
-38.8089 83.8471 4.47679 0.484663 -0.874686 -0.00508184
-39.0532 83.7132 4.22779 0.484813 -0.874606 -0.00452695
-39.0218 83.7242 5.47006 0.484823 -0.874593 -0.00559544
-38.127 84.2085 6.34322 0.479698 -0.877395 -0.00829485
-37.3053 84.6464 7.21012 0.475446 -0.879706 -0.00823977
-36.381 85.1342 8.21752 0.472701 -0.881195 -0.00664965
-35.3775 85.6575 9.40861 0.465001 -0.885295 -0.00513003
-34.6069 86.0509 10.3207 0.458365 -0.888736 -0.0070137
-33.7012 86.5032 11.2982 0.450591 -0.892664 -0.0108819
-32.8293 86.9296 12.2923 0.441419 -0.897243 -0.0101413
-32.0143 87.317 13.2476 0.436775 -0.899527 -0.00884187
-31.145 87.7292 14.2404 0.428058 -0.903736 -0.00481734
-30.1702 88.1775 15.3603 0.417498 -0.908643 -0.00688196
-29.3329 88.5477 16.2677 0.407945 -0.912986 -0.00601777
-28.6633 88.8444 17.0197 0.410537 -0.911838 -0.00334571
-29.753 88.3539 17.0813 0.410881 -0.911673 -0.00542102
-30.6094 87.967 16.1956 0.419838 -0.90757 -0.00726794
-31.3771 87.6137 15.2505 0.432119 -0.901792 -0.00646927
-32.1801 87.2312 14.3583 0.43551 -0.900178 -0.00326246
-33.0223 86.8218 13.3683 0.444651 -0.895662 -0.00867317
-33.9491 86.3699 12.3023 0.451321 -0.892335 -0.00691202
-34.7869 85.9492 11.3815 0.459591 -0.888108 -0.00630016
-35.5723 85.5492 10.4794 0.468689 -0.883338 -0.00648591
-36.4059 85.1128 9.56554 0.471902 -0.881632 -0.00574047
-37.1631 84.7115 8.5919 0.474442 -0.880267 -0.00585649
-37.969 84.2831 7.71948 0.477079 -0.878834 -0.00660492
-38.7277 83.8741 6.95665 0.480932 -0.87673 -0.00702118
-38.1659 84.1692 8.76991 0.475524 -0.879687 -0.00511509
-37.3426 84.6081 9.74302 0.474286 -0.880358 -0.00470232
-36.5233 85.0419 10.6769 0.470222 -0.882527 -0.00614532
-35.5335 85.5592 11.826 0.464888 -0.885339 -0.00688609
-34.6772 85.9949 12.7803 0.454851 -0.890543 -0.0064754
-33.8694 86.3977 13.6899 0.448943 -0.893512 -0.00876079
-33.0319 86.8075 14.6709 0.446928 -0.894551 -0.00579316
-32.1653 87.2301 15.6933 0.43943 -0.898246 -0.0073363
-31.313 87.6321 16.7415 0.429628 -0.903001 -0.00279441
-30.9627 87.7962 17.1187 0.421956 -0.906601 -0.00364555
-32.2639 87.1748 16.9147 0.437961 -0.898981 -0.00373614
-33.0646 86.7857 15.9741 0.442391 -0.896789 -0.00767552
-33.9254 86.3584 14.9321 0.452626 -0.891691 -0.00406698
-34.8262 85.9094 13.9245 0.456592 -0.889613 -0.00999957
-35.6374 85.4945 12.9816 0.463445 -0.886107 -0.00575606
-36.4756 85.0587 12.0492 0.468976 -0.883193 -0.00551972
-37.3894 84.5773 10.9985 0.472153 -0.881504 -0.00475591
-37.7851 84.366 10.5146 0.474441 -0.880281 -0.00345156
-36.7545 84.9047 13.0192 0.468516 -0.883446 -0.00397281
-35.9498 85.3249 13.9218 0.465173 -0.885195 -0.00638138
-35.1465 85.7335 14.8561 0.461323 -0.887205 -0.00587898
-34.3009 86.1633 15.827 0.453217 -0.891398 -0.00207393
-34.0281 86.3008 16.135 0.451602 -0.892217 -0.00222614
-21.8996 91.5151 -9.63935 0.273348 -0.961821 -0.0134636
-20.7583 91.8272 -9.37768 0.253446 -0.967246 -0.0140645
-19.525 92.1278 -9.18821 0.219762 -0.975363 -0.0191639
-18.2952 92.3852 -9.03781 0.187292 -0.982023 -0.0230802
-17.1476 92.5848 -8.94552 0.146442 -0.988778 -0.027218
-15.9926 92.7312 -8.90136 0.120788 -0.992365 -0.0249186
-14.8571 92.8501 -8.94852 0.0924609 -0.995598 -0.0153461
-13.7121 92.9341 -9.05997 0.0543328 -0.998455 -0.0116555
-12.4548 92.9803 -9.19206 0.012478 -0.999916 -0.00345989
-11.45 92.9822 -9.3063 -0.0199255 -0.999431 -0.0268927
-10.4161 92.9574 -9.48694 -0.054179 -0.998058 -0.0302892
-9.40363 92.8953 -9.63272 -0.0760887 -0.996582 -0.0305134
-8.32243 92.7923 -9.80668 -0.106592 -0.993976 -0.0252013
-7.22707 92.6439 -10.0353 -0.155056 -0.98784 -0.00988931
-6.23593 92.4829 -10.3152 -0.184321 -0.982109 -0.0385741
-5.29461 92.3103 -10.615 -0.218399 -0.974975 -0.041495
-4.40189 92.1184 -10.9597 -0.23338 -0.971561 -0.0389125
-3.46373 91.8825 -11.3253 -0.266076 -0.96307 -0.0411333
-2.58537 91.6447 -11.7072 -0.29692 -0.954104 -0.0388568
-1.57681 91.3397 -12.2184 -0.315477 -0.948632 -0.0236345
-0.627561 91.0243 -12.6885 -0.330105 -0.943611 -0.0243714
0.233425 90.7249 -13.0118 -0.348533 -0.937167 -0.0141373
1.09168 90.4049 -13.3557 -0.357067 -0.933953 -0.0148878
1.99016 90.0491 -13.7113 -0.376941 -0.926139 -0.0127318
2.94232 89.6515 -13.9714 -0.392049 -0.919876 -0.0107652
3.82092 89.269 -14.1219 -0.405114 -0.914196 -0.0113339
4.95833 88.753 -14.1171 -0.422184 -0.906464 -0.00908958
5.91837 88.2967 -13.8398 -0.431117 -0.902249 -0.00907872
6.73409 87.9009 -13.3529 -0.439708 -0.898141 -0.000480611
7.58618 87.4796 -12.5167 -0.444669 -0.895695 -0.000203867
8.24722 87.1536 -11.5495 -0.444869 -0.895574 0.0062681
8.73576 86.9147 -10.703 -0.451464 -0.892257 0.00756712
9.19455 86.6906 -9.79044 -0.451536 -0.892231 0.00578336
9.61663 86.483 -8.9236 -0.456535 -0.889653 0.00967768
10.0026 86.2949 -8.04539 -0.45603 -0.889912 0.00965057
10.3292 86.1373 -7.12618 -0.459945 -0.887871 0.011445
10.6397 85.9849 -6.19479 -0.464629 -0.885489 0.00548339
10.9295 85.8395 -5.07784 -0.466184 -0.884662 0.00675111
11.1405 85.7388 -3.91071 -0.465869 -0.884793 0.0103816
11.2794 85.6786 -2.84593 -0.465038 -0.885217 0.0113574
11.3841 85.639 -1.46194 -0.466502 -0.884461 0.0102543
11.5166 85.5793 -0.347563 -0.469617 -0.882823 0.00912056
11.5891 85.5506 0.767881 -0.467537 -0.883944 0.00721441
11.5589 85.5754 1.85938 -0.467793 -0.883799 0.00826115
11.5125 85.608 2.81805 -0.466834 -0.884306 0.0083241
11.3684 85.6922 3.76584 -0.46277 -0.886456 0.00629968
11.229 85.7717 4.74857 -0.460836 -0.887468 0.00556954
11.036 85.8767 5.71928 -0.459835 -0.887994 0.00429043
10.7829 86.0092 6.71968 -0.454701 -0.890637 0.00360557
10.4842 86.1657 7.74169 -0.452475 -0.89177 0.00295073
10.15 86.3372 8.71748 -0.450797 -0.892621 0.00321482
9.71299 86.5587 9.88342 -0.445326 -0.895367 0.0014553
9.36059 86.7349 10.7658 -0.444393 -0.895831 0.00118386
8.95494 86.9372 11.6548 -0.441906 -0.897059 0.00112361
8.36119 87.2321 12.6502 -0.437782 -0.899073 0.00325448
7.62621 87.5889 13.3439 -0.432785 -0.901497 0.000454454
6.77536 87.9908 13.8106 -0.423526 -0.905865 0.0057895
5.90562 88.3955 13.9372 -0.416292 -0.90921 0.00537422
4.8786 88.8529 13.8535 -0.402034 -0.915594 0.00731714
3.91588 89.2653 13.6431 -0.390981 -0.920353 0.00818052
3.00029 89.6441 13.4714 -0.379402 -0.925167 0.0109822
1.9015 90.0742 13.2326 -0.359644 -0.933026 0.0108678
0.734503 90.5094 13.0014 -0.342759 -0.939385 0.00798694
-0.358037 90.8869 12.832 -0.317362 -0.948199 0.0135909
-1.53032 91.2532 12.6775 -0.292364 -0.956209 0.0135862
-2.63038 91.574 12.6439 -0.267229 -0.963441 0.0192393
-3.60224 91.8372 12.6328 -0.247062 -0.968964 0.00827483
-4.94974 92.1459 12.6129 -0.196645 -0.980301 0.0179119
-6.18198 92.3683 12.6778 -0.172057 -0.985006 0.0126422
-7.44771 92.5704 12.8377 -0.145572 -0.989338 0.00437599
-8.71226 92.7254 12.8587 -0.0966941 -0.995143 0.0184644
-9.70254 92.7986 12.8573 -0.0534243 -0.998487 0.0130258
-10.7556 92.8431 12.9268 -0.0285171 -0.999529 0.0113192
-11.8485 92.8652 12.9693 -0.00645388 -0.999852 0.0159729
-12.8515 92.8492 13.0609 0.0251819 -0.999554 0.0141743
-13.9692 92.7913 13.1214 0.0604527 -0.998156 0.00520873
-15.1244 92.6923 13.2345 0.0967821 -0.99515 0.0174569
-16.1849 92.5702 13.3027 0.13525 -0.99071 0.0129584
-17.219 92.4158 13.4068 0.157718 -0.987382 0.0140632
-18.1759 92.2549 13.6237 0.201625 -0.979252 0.0202882
-19.1726 92.0495 13.8856 0.207968 -0.978038 0.01381
-20.1105 91.8357 14.1522 0.233693 -0.972237 0.0116273
-21.0251 91.6026 14.4673 0.270477 -0.962637 0.0122146
-21.9148 91.3483 14.813 0.289277 -0.957125 0.0122582
-22.9119 91.0444 15.1899 0.299893 -0.953866 0.0136818
-23.9774 90.7015 15.6477 0.330267 -0.943684 0.0137858
-24.8927 90.3707 16.1062 0.352688 -0.935674 0.0101534
-25.9561 89.9701 16.6197 0.361681 -0.932236 0.0110527
-27.0036 89.5545 16.9894 0.379106 -0.925306 0.00663847
-28.0649 89.1064 17.3612 0.398413 -0.917206 -0.000701775
-29.0454 88.6706 17.6048 0.409879 -0.912132 0.00140297
-30.1916 88.1516 17.7168 0.421436 -0.906834 0.00651679
-31.089 87.734 17.7 0.423123 -0.906065 0.00308699
-32.1791 87.2122 17.5308 0.435824 -0.900018 -0.00504157
-33.0381 86.7943 17.2138 0.442436 -0.896796 -0.00237669
-33.9771 86.326 16.7271 0.452465 -0.891782 0.000719194
-34.7282 85.9442 16.1953 0.45676 -0.889588 -0.00174455
-35.5298 85.5324 15.4967 0.462362 -0.886689 -0.00182166
-36.1919 85.1913 14.7914 0.463666 -0.885972 -0.00741159
-36.909 84.819 13.8024 0.468372 -0.883518 -0.00483986
-37.3757 84.5752 12.8267 0.470597 -0.882334 -0.00484139
-37.7798 84.3636 11.8885 0.471661 -0.881771 -0.00396463
-38.1571 84.164 10.9574 0.477153 -0.878815 -0.00301604
-38.4925 83.9854 9.98542 0.477805 -0.87845 -0.00517237
-38.7398 83.8572 8.90078 0.479718 -0.877413 -0.00402554
-38.9804 83.7303 7.80878 0.479242 -0.87767 -0.00485499
-39.2681 83.5799 6.57585 0.482821 -0.875694 -0.00656653
-39.4618 83.4798 5.35208 0.487271 -0.873239 -0.00455667
-39.513 83.4568 4.23371 0.488896 -0.872331 -0.00397003
-39.4975 83.4697 3.18965 0.488123 -0.872763 -0.00452321
-39.4912 83.4784 2.16344 0.491014 -0.871134 -0.00535916
-39.4304 83.5177 1.1143 0.491362 -0.870949 -0.00340817
-39.242 83.6271 -0.123462 0.489296 -0.872115 -0.00210658
-39.1702 83.6696 -1.20898 0.488503 -0.872559 -0.0022249
-38.989 83.7744 -2.26676 0.486176 -0.873856 -0.00282501
-38.6936 83.9434 -3.42365 0.485631 -0.87415 -0.00496726
-38.4514 84.0859 -4.40761 0.483747 -0.875179 -0.00713533
-38.2176 84.2237 -5.41916 0.484175 -0.874945 -0.00660882
-37.9255 84.3918 -6.39769 0.482009 -0.876151 -0.00509262
-37.5416 84.6063 -7.38874 0.480141 -0.877164 -0.00638655
-37.0404 84.8856 -8.28994 0.47683 -0.878974 -0.00613142
-36.4789 85.1924 -9.0319 0.467372 -0.884032 -0.00691264
-35.8855 85.5131 -9.72626 0.466 -0.884732 -0.00953174
-35.2302 85.8629 -10.366 0.462499 -0.886559 -0.0103696
-34.4734 86.264 -10.8923 0.463036 -0.886266 -0.0113938
-33.4244 86.8056 -11.3909 0.451562 -0.892146 -0.0127554
-32.5756 87.23 -11.6079 0.441114 -0.897396 -0.0093926
-31.5826 87.7098 -11.6976 0.432138 -0.901772 -0.00793502
-30.7148 88.1214 -11.7382 0.420836 -0.90711 -0.00696065
-29.6722 88.599 -11.7333 0.411473 -0.911378 -0.00893126
-28.6601 89.0385 -11.5836 0.395548 -0.918389 -0.0101412
-27.5749 89.4942 -11.3548 0.378838 -0.925462 -0.000875917
-26.4396 89.9493 -11.0763 0.361793 -0.932241 -0.00569975
-25.4032 90.3396 -10.8118 0.345787 -0.93826 -0.00983865
-24.3534 90.7188 -10.5481 0.33875 -0.940831 -0.0092153
-23.453 91.0283 -10.1941 0.320221 -0.947314 -0.00743835
-22.411 91.3634 -9.77437 0.300005 -0.953856 -0.0124556
-21.9969 91.4879 -9.66625 0.281103 -0.95956 -0.0127257
-21.7355 91.5738 -10.5457 0.275789 -0.961149 -0.0115227
-20.7916 91.8316 -10.3236 0.256412 -0.966479 -0.0130819
-19.4924 92.1544 -10.1175 0.225462 -0.973765 -0.0307914
-18.5313 92.3589 -9.97263 0.194109 -0.980743 -0.0212903
-17.4589 92.5566 -9.87421 0.153282 -0.987591 -0.0331782
-16.4285 92.7016 -9.83233 0.114385 -0.992982 -0.0297298
-15.1212 92.8411 -9.84874 0.0950881 -0.99511 -0.0259858
-14.0495 92.9381 -9.97058 0.0690738 -0.997336 -0.0229043
-12.8685 93.0011 -10.0792 0.0439773 -0.998627 -0.0284765
-11.7083 93.0156 -10.2253 -0.00690397 -0.999543 -0.0282608
-10.6552 92.9945 -10.3769 -0.0327398 -0.998902 -0.0335076
-9.50526 92.9304 -10.5621 -0.0754574 -0.99667 -0.0308719
-8.54302 92.8439 -10.6786 -0.108961 -0.993535 -0.0318655
-7.39189 92.7048 -10.9434 -0.158269 -0.986459 -0.0428428
-6.3862 92.551 -11.223 -0.185284 -0.981673 -0.0445291
-5.15525 92.3235 -11.6262 -0.21842 -0.97502 -0.0390366
-4.18205 92.1103 -12.0148 -0.251159 -0.967006 -0.0404492
-3.28821 91.8833 -12.3814 -0.266338 -0.962676 -0.0478115
-2.42859 91.6343 -12.8024 -0.30265 -0.952599 -0.0309439
-1.55978 91.3649 -13.279 -0.326101 -0.944774 -0.0325085
-0.438909 90.986 -13.7666 -0.345587 -0.938048 -0.0243269
0.782901 90.5371 -14.2403 -0.363216 -0.931236 -0.0295596
1.65656 90.1988 -14.6062 -0.382656 -0.923563 -0.0246025
2.53584 89.837 -14.8503 -0.38892 -0.921011 -0.0218356
3.63991 89.3613 -15.0521 -0.403716 -0.914718 -0.0173442
4.63856 88.9143 -15.1206 -0.415689 -0.909415 -0.0101329
5.58063 88.4702 -14.9489 -0.434654 -0.900529 -0.0110895
6.53636 88.0044 -14.5954 -0.437752 -0.899069 -0.0064183
7.3602 87.5944 -14.0148 -0.441127 -0.897433 -0.00360142
8.09493 87.2282 -13.3134 -0.446408 -0.894823 -0.00336317
8.68868 86.9301 -12.5458 -0.447343 -0.894361 -0.00147542
9.17966 86.6849 -11.7115 -0.453119 -0.891448 0.00183618
9.74253 86.4039 -10.6807 -0.455021 -0.890452 0.00690596
10.2622 86.1439 -9.54378 -0.458222 -0.888796 0.00847268
10.67 85.9416 -8.63738 -0.459959 -0.887887 0.00957662
11.0513 85.7554 -7.67379 -0.46167 -0.886989 0.0105792
11.3601 85.602 -6.7153 -0.467292 -0.884082 0.00607408
11.6546 85.4527 -5.66892 -0.468005 -0.883707 0.00576964
11.8899 85.3369 -4.53816 -0.467175 -0.884135 0.00722102
12.0613 85.2601 -3.23234 -0.471043 -0.88207 0.00845794
12.1898 85.2024 -2.18258 -0.47113 -0.882009 0.00988295
12.2595 85.176 -1.11416 -0.471302 -0.881933 0.00828418
12.3758 85.1233 -0.129579 -0.471732 -0.881702 0.00833784
12.4285 85.105 0.90777 -0.471309 -0.881937 0.00729858
12.3722 85.1466 2.14704 -0.470071 -0.882582 0.00904341
12.306 85.1931 3.28218 -0.469084 -0.883108 0.0089227
12.1716 85.2742 4.27413 -0.467507 -0.88395 0.00835985
11.9902 85.3798 5.36458 -0.462309 -0.886696 0.00634541
11.7317 85.5218 6.50802 -0.458215 -0.888818 0.00644532
11.4276 85.6835 7.66635 -0.455051 -0.890454 0.00448365
11.1026 85.8548 8.65022 -0.45411 -0.890934 0.00454815
10.7332 86.0459 9.64793 -0.451748 -0.892141 0.00292741
10.3498 86.2418 10.5515 -0.450105 -0.892974 0.00154037
9.89268 86.4723 11.7193 -0.445775 -0.895143 0.00173272
9.42383 86.7091 12.6266 -0.443238 -0.896396 0.00354411
8.68931 87.0747 13.6221 -0.438982 -0.898491 0.00214782
8.01104 87.4077 14.237 -0.434087 -0.900845 0.00606648
7.2391 87.78 14.6687 -0.431556 -0.902058 0.00708028
6.32355 88.2097 14.8834 -0.419325 -0.907797 0.00838795
5.43211 88.6165 14.8869 -0.407559 -0.913092 0.0125547
4.49188 89.0325 14.7331 -0.399967 -0.916433 0.012944
3.57415 89.4241 14.5143 -0.389711 -0.920707 0.0186253
2.61286 89.8138 14.3635 -0.372855 -0.927794 0.0133321
1.65758 90.1818 14.1391 -0.356981 -0.933977 0.0158258
0.766113 90.5071 13.9713 -0.340887 -0.939989 0.0144235
-0.155997 90.8292 13.813 -0.315846 -0.948763 0.00752624
-1.29521 91.1986 13.6371 -0.295408 -0.954947 0.0237257
-2.42603 91.5321 13.5938 -0.281511 -0.959502 0.00942941
-3.4791 91.8171 13.6006 -0.248567 -0.968444 0.0176213
-4.45705 92.0475 13.5477 -0.213009 -0.977047 -0.00175656
-5.48623 92.2588 13.5546 -0.182904 -0.983092 0.00867942
-6.46446 92.4362 13.6687 -0.16847 -0.985485 0.0191957
-7.44477 92.5867 13.7807 -0.142256 -0.989602 0.0212395
-8.4071 92.7084 13.8034 -0.109145 -0.99396 0.0114393
-9.53114 92.8066 13.7764 -0.0644313 -0.997706 0.0171962
-10.8518 92.8662 13.8714 -0.0295904 -0.999234 0.0254674
-12.0604 92.8813 13.9353 0.01359 -0.99961 0.0238324
-13.2725 92.8494 14.0247 0.0430799 -0.99889 0.0183036
-14.3768 92.7811 14.1017 0.0718824 -0.997209 0.0200154
-15.4223 92.6865 14.2318 0.108075 -0.99386 0.0236831
-16.5118 92.5474 14.2821 0.145994 -0.988636 0.0358287
-17.5761 92.3768 14.4122 0.171011 -0.984781 0.0308533
-18.4974 92.2105 14.6654 0.19029 -0.981455 0.023068
-19.5389 91.9916 14.933 0.2249 -0.973928 0.0274332
-20.4977 91.7614 15.2654 0.250765 -0.967825 0.0201304
-21.4367 91.5046 15.6104 0.281151 -0.959365 0.023941
-22.5915 91.1636 16.041 0.302379 -0.952883 0.0240537
-23.4755 90.8843 16.4357 0.311039 -0.950236 0.0174962
-24.2963 90.5991 16.8468 0.336213 -0.941678 0.0142401
-25.1338 90.2951 17.3175 0.355745 -0.934469 0.014607
-26.1325 89.9126 17.638 0.37142 -0.928384 0.0121193
-26.9917 89.5664 17.9963 0.385123 -0.92282 0.00908556
-28.0557 89.1159 18.3353 0.401069 -0.915985 0.00945109
-28.9666 88.7107 18.5444 0.406935 -0.913422 0.00717739
-29.911 88.2848 18.6692 0.413676 -0.910414 0.0041717
-31.0046 87.7775 18.6836 0.427902 -0.903824 0.00153191
-31.8664 87.367 18.5584 0.435178 -0.900329 0.00528467
-32.8904 86.8666 18.2838 0.443717 -0.896164 0.00213624
-33.7844 86.4213 17.9058 0.444632 -0.895704 -0.00400702
-34.6041 86.0059 17.4278 0.456861 -0.889538 -0.000571716
-35.3655 85.6142 16.8656 0.458797 -0.888536 -0.00275453
-36.063 85.2516 16.244 0.463296 -0.886199 -0.00302851
-36.7257 84.9054 15.5343 0.468045 -0.883701 -0.00241346
-37.2939 84.6083 14.7954 0.468062 -0.88367 -0.00680887
-37.8264 84.3289 13.9136 0.47182 -0.881687 -0.003537
-38.249 84.1045 12.9701 0.474405 -0.880301 -0.00309939
-38.7057 83.8623 11.8411 0.477805 -0.87846 -0.00321654
-39.1499 83.6242 10.7045 0.479853 -0.877345 -0.00255458
-39.4432 83.4673 9.68117 0.482056 -0.876134 -0.0032415
-39.6428 83.3625 8.67875 0.482222 -0.876036 -0.00481776
-39.8697 83.2403 7.71386 0.485568 -0.874193 -0.00302343
-40.0834 83.1265 6.74893 0.486432 -0.873699 -0.00586033
-40.2708 83.0261 5.6101 0.487945 -0.872869 -0.00313654
-40.3555 82.9815 4.6424 0.490128 -0.871648 -0.00193883
-40.3351 82.9978 3.39906 0.491235 -0.871021 -0.00326659
-40.3315 83.0038 2.33757 0.491305 -0.870982 -0.00319733
-40.2498 83.0539 1.35166 0.492421 -0.870351 -0.00327053
-40.1154 83.1329 0.272559 0.492342 -0.870399 -0.0020888
-40.0013 83.2008 -0.726622 0.49168 -0.870769 -0.00341264
-39.9302 83.2445 -1.71496 0.489951 -0.871741 -0.00388606
-39.6995 83.3796 -2.81388 0.487494 -0.87312 -0.00330532
-39.4118 83.5475 -3.96565 0.486794 -0.873499 -0.00549923
-39.1373 83.7109 -5.25357 0.487112 -0.873317 -0.00630541
-38.8796 83.8616 -6.18541 0.486889 -0.873436 -0.00702225
-38.493 84.0851 -7.31885 0.481383 -0.876484 -0.00632583
-38.0295 84.3491 -8.32373 0.478074 -0.878284 -0.00764992
-37.526 84.6309 -9.12788 0.475778 -0.879461 -0.0135508
-36.8983 84.9795 -9.9357 0.47028 -0.882445 -0.0110487
-36.2924 85.3092 -10.6398 0.466399 -0.884507 -0.0108765
-35.5905 85.6852 -11.2553 0.465381 -0.88505 -0.0103592
-34.7547 86.1301 -11.8241 0.463461 -0.886031 -0.0122961
-33.8161 86.6177 -12.2698 0.450565 -0.892599 -0.0158161
-32.8906 87.0854 -12.5344 0.438738 -0.898551 -0.0107069
-32.0305 87.5051 -12.6436 0.433939 -0.900855 -0.0125585
-31.0362 87.9818 -12.6376 0.431052 -0.90228 -0.00913643
-30.0421 88.4428 -12.6904 0.413371 -0.910457 -0.0137269
-28.9555 88.9265 -12.5925 0.397839 -0.917277 -0.0180012
-28.002 89.3356 -12.3712 0.388911 -0.921106 -0.0166273
-27.0369 89.731 -12.1763 0.375015 -0.926822 -0.017485
-26.0053 90.1299 -11.9015 0.356008 -0.934195 -0.0231579
-25.0883 90.4665 -11.6835 0.337521 -0.940922 -0.0273023
-24.1117 90.8122 -11.4223 0.333176 -0.942837 -0.00668628
-22.9956 91.1877 -11.019 0.315578 -0.948879 -0.0061014
-22.1199 91.4648 -10.663 0.286213 -0.958053 -0.00992271
-21.7068 91.6012 -11.562 0.279189 -0.960015 -0.0205938
-22.7627 91.2775 -11.9561 0.317709 -0.94811 -0.0118115
-23.8136 90.9321 -12.2917 0.314099 -0.948915 -0.0300286
-24.7486 90.6146 -12.5456 0.336017 -0.941277 -0.0329035
-25.7882 90.2374 -12.7989 0.358359 -0.933158 -0.0281094
-26.7868 89.8523 -13.0743 0.371195 -0.928145 -0.0275756
-27.7621 89.4573 -13.2752 0.387192 -0.921619 -0.0261344
-28.7983 89.0149 -13.4984 0.406663 -0.913384 -0.0182694
-29.6753 88.6232 -13.6169 0.410488 -0.911733 -0.0154984
-30.6628 88.1726 -13.6232 0.426127 -0.904469 -0.0187444
-31.601 87.7262 -13.6288 0.433343 -0.90112 -0.0139816
-32.4722 87.3052 -13.5755 0.437604 -0.899057 -0.0141155
-33.3981 86.8474 -13.3607 0.443352 -0.896243 -0.013715
-34.4294 86.3234 -13.0399 0.458843 -0.88828 -0.0194498
-35.5065 85.7476 -12.4913 0.464419 -0.885466 -0.0162573
-36.2204 85.3625 -11.9247 0.465988 -0.884688 -0.0135402
-36.9852 84.9499 -11.1824 0.467718 -0.883808 -0.0111394
-37.6567 84.5801 -10.3836 0.472112 -0.881403 -0.0154425
-38.2286 84.2568 -9.64059 0.47929 -0.877557 -0.0130696
-38.7678 83.9495 -8.71168 0.480182 -0.87707 -0.0131708
-39.2139 83.6915 -7.80048 0.484143 -0.87495 -0.00825927
-39.5721 83.4828 -6.80792 0.485643 -0.874104 -0.00952032
-39.8866 83.296 -5.79213 0.489674 -0.871856 -0.00920221
-40.0884 83.175 -4.86393 0.490262 -0.871553 -0.00622472
-40.2982 83.0499 -3.8539 0.49052 -0.871412 -0.00569743
-40.5612 82.8951 -2.77738 0.490863 -0.87122 -0.00541995
-40.7169 82.8006 -1.70783 0.492951 -0.870036 -0.00609763
-40.8062 82.7448 -0.714127 0.493581 -0.869695 -0.00282108
-40.9255 82.6742 0.247618 0.493411 -0.869792 -0.00267826
-41.068 82.5905 1.39486 0.493444 -0.869774 -0.00214202
-41.1615 82.534 2.47228 0.493039 -0.870002 -0.00312909
-41.1653 82.5282 3.44086 0.493188 -0.869917 -0.0032529
-41.1897 82.5107 4.53896 0.49207 -0.870556 -0.000481237
-41.1125 82.5528 5.55071 0.491627 -0.870805 -0.0011217
-40.987 82.6221 6.56902 0.489643 -0.871921 -0.00162898
-40.7935 82.7262 7.55557 0.488066 -0.872804 -0.00210929
-40.4631 82.9069 8.85907 0.485167 -0.874414 -0.00348625
-40.2434 83.025 9.86274 0.48359 -0.875285 -0.0040526
-39.9424 83.1891 10.9162 0.481879 -0.876234 -0.00177279
-39.5576 83.3965 12.0238 0.480465 -0.877008 -0.00333115
-39.1562 83.613 13.0982 0.479026 -0.877801 0.000283242
-38.7491 83.834 13.9642 0.472988 -0.881069 -0.00097592
-38.3091 84.0667 14.7994 0.471112 -0.882066 -0.00345581
-37.7441 84.3659 15.616 0.468331 -0.883551 -0.00184218
-37.0369 84.7383 16.4921 0.468098 -0.883675 -0.00180016
-36.4062 85.0725 17.1887 0.461156 -0.887317 0.00206797
-35.6237 85.4793 17.8137 0.461332 -0.887226 -9.73952e-05
-34.8519 85.8789 18.3481 0.45592 -0.890019 -0.000272253
-34.0295 86.2987 18.8271 0.450724 -0.892643 0.0048509
-33.1129 86.7601 19.1966 0.44206 -0.896953 0.00753496
-32.1255 87.2482 19.4924 0.440115 -0.897843 0.0118084
-31.1357 87.7228 19.6423 0.429667 -0.902863 0.0149888
-30.0853 88.2179 19.5989 0.416526 -0.908884 0.0208888
-29.0906 88.6698 19.5085 0.413023 -0.910426 0.0230098
-28.2009 89.0639 19.3213 0.409654 -0.911695 0.0315453
-27.328 89.438 19.0948 0.388249 -0.921229 0.0244341
-26.3782 89.8344 18.7926 0.383297 -0.923397 0.020467
-25.5099 90.1741 18.4319 0.364838 -0.930791 0.0226919
-24.4343 90.5809 18.005 0.35653 -0.933788 0.0304279
-23.439 90.9246 17.4471 0.338504 -0.940551 0.0278441
-22.6118 91.1932 17.0393 0.314938 -0.947852 0.0488706
-21.738 91.4508 16.6941 0.287495 -0.956808 0.0431481
-20.7972 91.7146 16.3532 0.269137 -0.961759 0.0494754
-19.6599 91.9972 15.9668 0.242736 -0.969126 0.0430806
-18.6646 92.2156 15.6524 0.204461 -0.97672 0.0614412
-17.7 92.3877 15.402 0.183546 -0.981818 0.0480762
-16.4232 92.5973 15.2157 0.160516 -0.985681 0.0515579
-15.3078 92.7295 15.1456 0.105286 -0.993458 0.043881
-14.2749 92.8232 15.0541 0.0842318 -0.995036 0.0524361
-13.229 92.882 14.9595 0.0406416 -0.99777 0.0529372
-12.1779 92.9012 14.865 0.00731552 -0.999657 0.0251207
-11.179 92.8998 14.8228 -0.0250486 -0.999328 0.0265665
-10.1416 92.8567 14.7865 -0.048846 -0.998595 0.0205669
-9.14834 92.8014 14.7647 -0.0654593 -0.997497 0.0263019
-8.17712 92.7072 14.74 -0.125349 -0.991793 0.0233247
-7.1059 92.5572 14.7101 -0.140284 -0.989939 0.018454
-6.14777 92.4116 14.5945 -0.16523 -0.984949 0.0506693
-5.19903 92.2299 14.5052 -0.207974 -0.977701 0.0291232
-4.01317 91.9778 14.505 -0.221003 -0.974888 0.0236318
-3.05648 91.7322 14.5346 -0.252231 -0.967183 0.0305767
-2.05805 91.4529 14.5118 -0.278708 -0.959665 0.0369233
-0.985183 91.12 14.6159 -0.311889 -0.949872 0.0216214
0.0218684 90.7875 14.7922 -0.32455 -0.945553 0.0239317
1.07486 90.4177 14.9742 -0.336999 -0.940745 0.0378062
2.19592 90.0027 15.242 -0.361097 -0.932066 0.0282786
3.13461 89.6278 15.4 -0.379836 -0.924693 0.0257113
4.07909 89.2269 15.5791 -0.399559 -0.916334 0.0261462
5.00271 88.823 15.781 -0.406821 -0.913296 0.0196608
5.91739 88.4108 15.8249 -0.419652 -0.907574 0.0142453
6.93601 87.9366 15.769 -0.425594 -0.904809 0.0137075
7.79537 87.5234 15.4777 -0.43351 -0.901055 0.0129538
8.66817 87.0936 14.9668 -0.438916 -0.898487 0.00859424
9.32919 86.7642 14.2707 -0.442405 -0.896789 0.00677053
9.97171 86.4411 13.3852 -0.445956 -0.895031 0.00639942
10.5957 86.1232 12.2176 -0.449572 -0.89323 0.00445275
11.0118 85.9092 11.2118 -0.452536 -0.891742 0.00255093
11.4483 85.6852 10.1339 -0.451617 -0.89221 0.00211678
11.8548 85.4747 9.12996 -0.450753 -0.892624 0.00659382
12.1308 85.3272 8.21071 -0.455225 -0.890334 0.00867689
12.4663 85.1476 7.20159 -0.457596 -0.889142 0.00570206
12.6821 85.0298 6.27024 -0.462525 -0.886537 0.0102797
12.8896 84.905 5.17519 -0.467228 -0.884059 0.0117013
13.0308 84.8179 4.20253 -0.46941 -0.8829 0.0118979
13.1852 84.723 3.0605 -0.470078 -0.882574 0.00947386
13.2303 84.6858 1.86654 -0.471692 -0.881714 0.00936162
13.2592 84.6596 0.792671 -0.471715 -0.88171 0.00853145
13.219 84.6715 -0.1822 -0.472105 -0.8815 0.00860915
13.0989 84.7248 -1.29722 -0.472805 -0.88113 0.00800622
13.0552 84.7385 -2.33747 -0.471376 -0.881891 0.00851661
12.9155 84.803 -3.33633 -0.471045 -0.882067 0.00864859
12.7481 84.8825 -4.36471 -0.471132 -0.882029 0.00765432
12.5652 84.9717 -5.31495 -0.471835 -0.881643 0.00876446
12.3382 85.0849 -6.32034 -0.47343 -0.880816 0.00402236
12.0569 85.2302 -7.29986 -0.469253 -0.883045 0.00569545
11.745 85.3862 -8.25849 -0.463006 -0.886285 0.0111125
11.3092 85.601 -9.34168 -0.465854 -0.884817 0.00866635
10.9099 85.8047 -10.2008 -0.461691 -0.887025 0.00492929
10.5197 86.0014 -11.081 -0.458893 -0.888478 0.00491776
10.0518 86.2399 -11.9415 -0.456311 -0.889818 0.00209332
9.52555 86.5064 -12.8793 -0.453526 -0.891239 0.00255019
8.81907 86.8648 -13.8498 -0.452568 -0.891723 -0.00344264
8.20913 87.1747 -14.5267 -0.447177 -0.894439 -0.00343166
7.43904 87.5609 -15.1024 -0.446469 -0.894745 -0.00804469
6.6395 87.9666 -15.563 -0.442758 -0.89644 -0.0188219
5.67606 88.4392 -15.8912 -0.431369 -0.902002 -0.0171007
4.50483 88.9936 -16.0822 -0.416263 -0.908885 -0.0253273
3.35616 89.5072 -15.9771 -0.406554 -0.912914 -0.036027
2.24005 89.9866 -15.7666 -0.392263 -0.919046 -0.0385375
1.31244 90.368 -15.4827 -0.378891 -0.924479 -0.0418182
0.44152 90.6971 -15.118 -0.350255 -0.935904 -0.0364843
-0.687507 91.1092 -14.6707 -0.350116 -0.936193 -0.0309807
-1.56554 91.4088 -14.323 -0.326667 -0.94426 -0.0406805
-2.45871 91.6953 -13.83 -0.324159 -0.945188 -0.0392242
-3.59327 92.0248 -13.2559 -0.271032 -0.960444 -0.0639471
-4.68634 92.2744 -12.7905 -0.2268 -0.97225 -0.0573388
-5.71408 92.4884 -12.4048 -0.204519 -0.977064 -0.0586297
-6.69847 92.6578 -12.1259 -0.161606 -0.985014 -0.0602522
-7.72853 92.8069 -11.8053 -0.161327 -0.985021 -0.0608909
-8.83355 92.9228 -11.585 -0.0952439 -0.993545 -0.0593581
-9.9033 92.9948 -11.4223 -0.075814 -0.996137 -0.0441981
-10.9448 93.0457 -11.2636 -0.0323205 -0.998061 -0.0531294
-11.9448 93.0521 -11.1279 -0.00116614 -0.998967 -0.0454223
-12.9827 93.0369 -10.9893 0.032523 -0.997811 -0.0571792
-13.9642 92.9763 -10.9273 0.0762482 -0.99573 -0.0518714
-15.0428 92.8781 -10.806 0.0952863 -0.993915 -0.0552188
-16.0328 92.7769 -10.7776 0.109414 -0.993386 -0.034708
-17.1047 92.6461 -10.7665 0.153615 -0.987393 -0.0379647
-18.0545 92.4759 -10.8337 0.194426 -0.980532 -0.0274881
-19.0792 92.2748 -10.9715 0.205653 -0.978274 -0.0253473
-20.1801 92.0153 -11.1578 0.25532 -0.966606 -0.0209934
-21.2557 91.7252 -11.43 0.270103 -0.96268 -0.0169221
-21.2663 91.7223 -11.4329 0.271257 -0.962323 -0.0187551
