7.64194 88.2182 10.9158 -0.429242 -0.903184 0.00271079
6.74382 88.641 11.9697 -0.417994 -0.908445 0.00289786
6.58504 88.7146 12.1453 -0.417953 -0.908464 0.00288671
5.29985 89.2955 12.257 -0.40715 -0.91336 0.00125843
6.36147 88.8171 11.1074 -0.418796 -0.908073 -0.00345551
7.31747 88.3736 9.96673 -0.427733 -0.903897 -0.00309643
8.35452 87.8734 8.80552 -0.438072 -0.898938 0.000988179
8.74539 87.6822 8.38526 -0.442065 -0.896982 0.000198814
9.29322 87.4108 6.64101 -0.448458 -0.893793 0.00197893
8.22837 87.9341 7.65998 -0.435308 -0.900281 -0.000767433
7.30705 88.3797 8.66924 -0.432998 -0.901385 0.00394948
6.40943 88.8016 9.71679 -0.422848 -0.906187 -0.0049565
5.54617 89.1913 10.734 -0.41414 -0.910186 -0.00570823
4.56861 89.6171 11.7922 -0.39404 -0.919088 0.00299396
4.11773 89.8103 12.3087 -0.388891 -0.921281 -0.000900838
2.98692 90.2762 12.22 -0.367782 -0.929854 0.00631955
4.08102 89.8248 11.0036 -0.392879 -0.919584 -0.00138445
5.18132 89.3577 9.84051 -0.397904 -0.9174 -0.00690235
6.1599 88.917 8.65107 -0.412623 -0.910888 0.00361308
7.27753 88.39 7.39523 -0.427355 -0.904079 0.00152901
8.3521 87.8745 6.33199 -0.43676 -0.899574 0.00237887
9.43017 87.3345 5.30111 -0.44906 -0.893492 0.00419629
9.84653 87.1226 4.82164 -0.452038 -0.891983 0.00456046
10.0786 86.9939 3.31119 -0.456287 -0.889817 0.00521533
9.05597 87.5182 4.42046 -0.448605 -0.89372 0.00430764
7.90945 88.088 5.54993 -0.438794 -0.898586 0.0018131
6.80091 88.6121 6.61432 -0.421799 -0.906687 0.00167156
5.89617 89.0324 7.65218 -0.408503 -0.912753 0.00255066
4.88895 89.4826 8.80118 -0.396325 -0.91811 0.00110485
3.93418 89.8896 9.85746 -0.38734 -0.921936 -0.000698389
3.03708 90.2558 10.8577 -0.37264 -0.927976 -0.000669796
2.08972 90.6237 11.895 -0.358589 -0.933491 0.00140876
1.98792 90.6633 11.9976 -0.358146 -0.933658 0.0036469
0.73987 91.1238 11.92 -0.330919 -0.943605 0.00410197
1.73294 90.7609 10.9708 -0.351604 -0.936146 -0.00118852
2.75705 90.3719 9.84161 -0.368083 -0.929787 -0.00321362
3.78297 89.9569 8.72731 -0.384814 -0.922982 -0.00422997
4.79921 89.5209 7.59418 -0.401225 -0.915973 0.00153493
5.80919 89.0688 6.42529 -0.411534 -0.911392 0.00205228
6.83034 88.5956 5.35338 -0.418527 -0.908195 0.00410566
7.93752 88.0692 4.33888 -0.435259 -0.900288 0.0041549
8.90955 87.5864 3.2506 -0.447615 -0.894216 0.00419442
9.97505 87.0412 2.13899 -0.45733 -0.889285 0.00452164
10.1139 86.9605 0.744782 -0.456069 -0.889907 0.00702556
9.09197 87.4846 1.77407 -0.448386 -0.893825 0.00524039
8.19176 87.9383 2.7287 -0.440038 -0.89793 0.00928494
7.30522 88.3673 3.71293 -0.424648 -0.905349 0.00420984
6.28659 88.8425 4.68238 -0.41572 -0.909487 0.00311473
5.22832 89.3285 5.76093 -0.409435 -0.912333 0.00309878
4.32964 89.7218 6.82578 -0.39362 -0.919265 0.00339912
3.42619 90.1043 7.84151 -0.381278 -0.924456 -0.00272004
2.50551 90.4746 8.82962 -0.368399 -0.929664 -0.0026945
1.38309 90.8958 10.0065 -0.349424 -0.936946 -0.00572224
0.330489 91.2696 11.0789 -0.327522 -0.944833 -0.00433321
-0.210131 91.4491 11.5784 -0.31792 -0.948116 -0.00104974
-1.54203 91.8783 11.568 -0.294003 -0.955767 0.00847007
-0.45107 91.5347 10.5862 -0.314153 -0.949359 -0.00511945
0.566714 91.1915 9.56478 -0.332104 -0.943243 0.000369059
1.71454 90.7924 8.39143 -0.354761 -0.934871 -0.00152574
2.70266 90.3997 7.31247 -0.372446 -0.928048 -0.00325106
3.64433 90.0124 6.26931 -0.391653 -0.920107 0.00321158
4.5287 89.6363 5.25537 -0.392475 -0.919761 -0.000784156
5.48169 89.2082 4.26868 -0.411556 -0.911384 0.00109023
6.53925 88.7226 3.23976 -0.420386 -0.907333 0.00473988
7.47998 88.2761 2.22795 -0.427102 -0.904166 0.00803241
8.60858 87.7173 0.990683 -0.439542 -0.898202 0.00577346
9.63735 87.1987 -0.0147542 -0.455938 -0.889974 0.00701786
10.1948 86.9058 -0.623125 -0.458782 -0.888521 0.00698941
10.1605 86.9146 -1.84183 -0.457881 -0.889003 0.0042681
9.0904 87.4691 -0.687573 -0.448229 -0.893894 0.00667265
8.13218 87.9481 0.229415 -0.438235 -0.898858 0.00176745
7.0998 88.4484 1.32517 -0.431041 -0.902308 0.00662828
6.13644 88.901 2.35173 -0.417753 -0.908535 0.00635646
5.12501 89.3667 3.39321 -0.409204 -0.912433 0.00420858
3.93703 89.8907 4.59168 -0.391091 -0.920334 0.00478913
2.95051 90.2994 5.73118 -0.384592 -0.923086 -0.00126319
2.00016 90.6766 6.79316 -0.359629 -0.933082 0.00495487
0.981937 91.0522 7.87212 -0.328982 -0.944329 0.00253409
-0.139138 91.4378 9.00726 -0.318475 -0.947882 -0.00263235
-1.11769 91.7508 9.97132 -0.293841 -0.955818 -0.00666678
-2.19068 92.0661 10.9761 -0.265536 -0.964097 0.00247155
-2.63448 92.19 11.4128 -0.262937 -0.964746 0.01139
-4.23593 92.6014 11.703 -0.236347 -0.97166 0.00405768
-3.21319 92.3444 10.7155 -0.257241 -0.966335 0.00482498
-2.13922 92.0495 9.69873 -0.276079 -0.961128 -0.000122108
-1.12866 91.7617 8.7302 -0.309576 -0.950874 -0.000661255
-0.147679 91.4422 7.72973 -0.322811 -0.946456 -0.00277402
0.876469 91.0888 6.7046 -0.334377 -0.942439 0.000742134
1.93864 90.695 5.54374 -0.355533 -0.934664 0.00014802
2.86296 90.3354 4.48812 -0.376975 -0.926213 0.00412616
3.92053 89.8867 3.34885 -0.387448 -0.921835 0.0101874
4.98983 89.4207 2.25896 -0.404705 -0.914399 0.00589175
6.06962 88.9269 1.18018 -0.413333 -0.910575 0.00300201
7.01687 88.4844 0.124543 -0.431059 -0.902324 0.000266452
8.00176 88.0083 -0.85301 -0.436221 -0.899834 0.00261398
9.13611 87.4378 -2.00561 -0.447766 -0.894145 0.00319134
9.99585 86.9935 -2.95147 -0.458772 -0.888533 0.00574651
9.61376 87.1833 -3.82637 -0.457579 -0.88914 0.00723704
8.57375 87.716 -2.66825 -0.442835 -0.896574 0.00609087
7.61128 88.1934 -1.67661 -0.435191 -0.900313 0.00655203
6.46491 88.7409 -0.530784 -0.421518 -0.906805 0.00512092
5.55228 89.1619 0.443473 -0.409528 -0.912292 -0.00059204
4.5044 89.6289 1.51265 -0.404046 -0.914721 0.00536094
3.44212 90.0844 2.57526 -0.38804 -0.921641 0.00164283
2.45559 90.4941 3.64432 -0.362306 -0.932035 0.00571067
1.54585 90.8453 4.66325 -0.347674 -0.937613 -0.000231869
0.478825 91.2316 5.86443 -0.334648 -0.94233 -0.00381186
-0.555422 91.576 6.87944 -0.312742 -0.949834 -0.00271682
-1.55676 91.8918 7.88978 -0.29373 -0.95585 -0.00503295
-2.70505 92.2135 9.0125 -0.262657 -0.964827 -0.0105172
-3.81065 92.4994 10.0361 -0.25303 -0.96745 -0.0015137
-4.84997 92.7383 11.0246 -0.21584 -0.976409 0.00458691
-5.58875 92.8887 11.7847 -0.177298 -0.984142 0.00531289
-6.80275 93.1009 11.7297 -0.144367 -0.989349 0.0171917
-5.75695 92.9137 10.6755 -0.174299 -0.984683 0.00425916
-4.73565 92.7108 9.67231 -0.216341 -0.976316 0.00192978
-3.5816 92.4473 8.60711 -0.237614 -0.971357 -0.00189381
-2.35641 92.1309 7.42434 -0.269274 -0.963046 -0.00581162
-1.27356 91.8134 6.34411 -0.304823 -0.952354 -0.0102638
-0.166837 91.4588 5.24916 -0.326263 -0.945276 -0.00246982
0.857694 91.104 4.13833 -0.349444 -0.936925 -0.00778992
1.80092 90.7461 3.05173 -0.359663 -0.933076 -0.00107045
2.80585 90.3476 1.96003 -0.379179 -0.925315 0.00345199
3.93269 89.8725 0.857233 -0.389574 -0.920979 0.00546938
4.88515 89.4571 -0.109727 -0.402988 -0.915203 0.00200818
6.03349 88.9364 -1.34425 -0.419415 -0.90778 0.00499168
7.00804 88.4779 -2.28707 -0.42731 -0.904098 0.00287651
8.04985 87.9688 -3.36412 -0.438492 -0.898727 0.00325962
8.94749 87.5168 -4.37807 -0.447788 -0.894121 0.00581869
9.58288 87.1875 -5.17302 -0.451904 -0.89201 0.00999025
9.20715 87.367 -6.12322 -0.450833 -0.892554 0.00952992
8.27518 87.8482 -4.90298 -0.443914 -0.895998 0.0113024
7.34004 88.3113 -3.88607 -0.436794 -0.899555 0.00339593
6.18466 88.8623 -2.70731 -0.419186 -0.907892 0.00169371
5.23169 89.2959 -1.78294 -0.409542 -0.912288 0.00232674
4.31081 89.7044 -0.775165 -0.394266 -0.918984 0.00479186
3.22289 90.169 0.327316 -0.379751 -0.925056 0.00640364
2.09913 90.6309 1.38515 -0.369892 -0.929066 0.00155596
1.10056 91.0145 2.47699 -0.352617 -0.935762 -0.00333089
0.14707 91.3591 3.58226 -0.325506 -0.945509 -0.00769782
-0.937789 91.7115 4.74735 -0.300052 -0.95392 0.00248566
-1.9922 92.037 5.79719 -0.276866 -0.96087 -0.00291209
-3.00385 92.3067 6.81813 -0.249464 -0.968362 -0.00509736
-4.04874 92.5633 7.81259 -0.233721 -0.972303 -0.000720186
-5.22978 92.8215 8.89686 -0.214195 -0.976727 -0.0105488
-6.25969 93.0029 9.9019 -0.173166 -0.98486 -0.00797541
-7.29061 93.1656 10.9333 -0.137878 -0.990088 -0.0140772
-8.23419 93.2704 11.9188 -0.109401 -0.993978 0.00178796
-9.55615 93.3741 12.0107 -0.0697138 -0.997558 0.00420623
-8.58166 93.3098 10.9417 -0.0642988 -0.997913 -0.00559592
-7.52345 93.2112 9.87409 -0.133345 -0.990658 -0.0107366
-6.458 93.0516 8.79201 -0.174285 -0.98455 -0.0168547
-5.45104 92.8787 7.85101 -0.201582 -0.979421 -0.00994201
-4.25828 92.6238 6.74273 -0.235972 -0.971664 -0.0136681
-3.01317 92.321 5.54749 -0.259618 -0.96571 -0.00122816
-1.8878 92.0025 4.47247 -0.284738 -0.958604 0.00138142
-0.862175 91.6898 3.37948 -0.295981 -0.955171 -0.00666137
0.230881 91.3324 2.10087 -0.334173 -0.942511 -0.00116752
1.28385 90.9478 0.954193 -0.361166 -0.932481 0.00609504
2.23854 90.5641 0.0141601 -0.374336 -0.927263 0.00726057
3.40415 90.0888 -1.10971 -0.380953 -0.924516 0.0100036
4.45638 89.6326 -2.21381 -0.394591 -0.918833 0.00658529
5.49774 89.17 -3.26268 -0.410145 -0.911999 0.00626888
6.49243 88.7137 -4.23435 -0.416861 -0.908955 -0.00501864
7.45111 88.2495 -5.26262 -0.439603 -0.898106 0.0124386
8.34056 87.7979 -6.37328 -0.446972 -0.89452 0.00702752
8.77425 87.576 -6.97173 -0.447938 -0.894027 0.00824108
8.39807 87.7581 -7.96269 -0.4467 -0.894667 0.0054365
7.53325 88.1953 -6.74149 -0.442083 -0.896911 0.0106458
6.63427 88.6427 -5.66392 -0.432832 -0.901455 0.00428114
5.59104 89.1256 -4.56657 -0.406221 -0.913772 -0.00200311
4.6078 89.5543 -3.60669 -0.397761 -0.917454 0.00468919
3.5252 90.0246 -2.47429 -0.381176 -0.924445 0.0101794
2.55085 90.4327 -1.51219 -0.368906 -0.929454 0.00250624
1.5662 90.8207 -0.572825 -0.356433 -0.934277 0.00897313
0.459506 91.2488 0.512959 -0.335553 -0.941989 0.00726689
-0.54765 91.5944 1.63506 -0.303034 -0.952973 0.00343204
-1.49281 91.8843 2.72952 -0.281692 -0.959468 -0.00727371
-2.49458 92.1783 3.82787 -0.271954 -0.962245 0.00689459
-3.53505 92.4555 4.78587 -0.249438 -0.968388 0.000936989
-4.52263 92.6937 5.7503 -0.220276 -0.975412 2.62832e-05
-5.66458 92.9343 6.78885 -0.181786 -0.98329 0.00218815
-6.6954 93.0995 7.75318 -0.149856 -0.988687 -0.00634905
-7.81812 93.2516 8.90291 -0.137064 -0.990559 -9.89517e-05
-8.86517 93.3426 9.95654 -0.0740326 -0.99714 -0.0152054
-9.9376 93.3953 11.081 -0.051366 -0.998511 -0.0183455
-10.8524 93.4352 12.047 -0.0399945 -0.999137 0.0109213
-12.1429 93.4621 12.0661 -0.00744749 -0.999884 0.0131213
-11.1061 93.4509 11.0096 -0.0352903 -0.999188 -0.0187338
-10.1302 93.4239 9.95203 -0.0527781 -0.998487 -0.0154381
-9.07214 93.3712 8.83719 -0.0758679 -0.997058 -0.0107566
-8.07026 93.2812 7.82921 -0.114217 -0.993453 0.00229716
-6.8274 93.1252 6.63454 -0.145521 -0.98935 0.00105528
-5.59493 92.9162 5.50356 -0.192111 -0.98134 0.00377429
-4.54294 92.6952 4.49146 -0.21541 -0.976419 0.00646713
-3.47067 92.4398 3.47346 -0.23803 -0.97123 0.00514733
-2.39823 92.1438 2.40654 -0.266765 -0.963759 -0.00232831
-1.20167 91.7968 1.01888 -0.285247 -0.958444 -0.000320071
-0.173935 91.4588 -0.109095 -0.315914 -0.948635 0.0169702
0.81293 91.1026 -1.05986 -0.347933 -0.937358 0.0157073
2.02465 90.6334 -2.23249 -0.358131 -0.933667 0.00287351
3.0338 90.2184 -3.24387 -0.380497 -0.924751 0.0033336
4.06359 89.7893 -4.31831 -0.388007 -0.921655 -0.00161937
5.12253 89.3346 -5.34129 -0.405633 -0.914036 -0.000463309
6.07448 88.8999 -6.34916 -0.415273 -0.909618 0.0119568
7.02399 88.4362 -7.47331 -0.435873 -0.899919 0.0114775
7.95137 87.9734 -8.81651 -0.444532 -0.895719 0.00887942
7.58082 88.1477 -9.7746 -0.442218 -0.896879 0.00720156
6.82234 88.5271 -8.61578 -0.431479 -0.902106 0.00495502
5.94315 88.9447 -7.52819 -0.424212 -0.905519 0.00643713
4.99603 89.3871 -6.45378 -0.407113 -0.913363 0.00458565
4.0229 89.8112 -5.51304 -0.389802 -0.920877 -0.00629633
3.04447 90.2153 -4.53212 -0.371237 -0.928534 -0.00198732
2.0588 90.6086 -3.53239 -0.369268 -0.92931 0.0047198
0.87487 91.0743 -2.35088 -0.357455 -0.933922 -0.000669003
-0.115879 91.43 -1.39976 -0.334704 -0.942208 0.0108158
-1.2201 91.7944 -0.312289 -0.298005 -0.954517 0.009465
-2.37193 92.1421 1.00751 -0.272816 -0.962042 -0.00683613
-3.4033 92.4178 2.17831 -0.247618 -0.968851 0.00126798
-4.48407 92.6794 3.18503 -0.228905 -0.973445 0.00258973
-5.54195 92.8927 4.22289 -0.185325 -0.982609 0.0085191
-6.56212 93.0853 5.17364 -0.16117 -0.986903 -0.00186886
-7.69177 93.2394 6.19412 -0.124318 -0.992195 -0.00825337
-8.71046 93.3528 7.17181 -0.0977968 -0.995146 -0.00394075
-9.80929 93.4321 8.26785 -0.0608939 -0.998076 -0.00994155
-10.8339 93.4663 9.37509 -0.0421711 -0.999013 -0.0135856
-12.0167 93.4695 10.671 -0.00951837 -0.999783 -0.0182546
-13.1112 93.4524 11.7417 0.0360332 -0.99921 0.0126352
-13.5847 93.4346 12.2265 0.04862 -0.998803 0.00508399
-15.2149 93.3157 12.4632 0.0849721 -0.996369 0.00453962
-14.0099 93.4126 11.3702 0.0503775 -0.998636 -0.00885534
-13.0056 93.4653 10.3529 0.037945 -0.999161 -0.0145645
-11.9268 93.5003 9.21985 -0.000540227 -0.999853 -0.0142808
-10.8702 93.485 8.10355 -0.0452433 -0.998897 -0.0125236
-9.92966 93.4474 7.08039 -0.0647718 -0.997852 -0.00979555
-8.84269 93.3706 6.04685 -0.100782 -0.994795 -0.01497
-7.78702 93.2609 5.07886 -0.133107 -0.991099 -0.00244309
-6.67188 93.0952 4.05477 -0.171368 -0.985183 0.00619424
-5.6039 92.9079 2.98733 -0.189671 -0.981823 -0.00332069
-4.51152 92.68 1.98621 -0.219666 -0.975549 0.00643136
-3.54497 92.4544 0.995967 -0.226625 -0.973956 -0.00696965
-2.61456 92.212 -0.106004 -0.269017 -0.963116 0.00551226
-1.65672 91.9215 -1.16467 -0.293981 -0.955766 0.00862075
-0.600832 91.5911 -2.17285 -0.309592 -0.950839 0.000987581
0.559789 91.1841 -3.27545 -0.331564 -0.94338 0.00995404
1.55645 90.7998 -4.27867 -0.355322 -0.934732 0.00408938
2.55478 90.4151 -5.30089 -0.371864 -0.928275 -0.00477541
3.54595 90.0165 -6.27431 -0.384856 -0.922976 0.000738575
4.51893 89.5932 -7.22716 -0.407162 -0.913312 0.00901515
5.49408 89.145 -8.30048 -0.412024 -0.911159 0.00512929
6.30558 88.7643 -9.36314 -0.426509 -0.904436 0.00915566
7.07177 88.3917 -10.5867 -0.433424 -0.90118 0.00131257
6.49832 88.6651 -11.2711 -0.427795 -0.903874 -0.000484433
5.75121 89.0199 -10.0093 -0.41741 -0.908669 0.000992794
4.6794 89.5075 -8.67038 -0.404884 -0.914344 0.00589229
3.68566 89.9508 -7.62527 -0.394452 -0.918876 0.00856165
2.69559 90.3621 -6.69971 -0.372661 -0.927965 0.000646947
1.616 90.7795 -5.58571 -0.351742 -0.936097 -0.000599601
0.390356 91.2357 -4.35889 -0.336553 -0.941636 0.0072883
-0.739387 91.6333 -3.26779 -0.315866 -0.9488 0.00257045
-1.72957 91.9497 -2.31846 -0.29505 -0.95545 -0.00775144
-2.80095 92.259 -1.25557 -0.282643 -0.959217 -0.00388806
-3.84715 92.5341 -0.0134322 -0.238871 -0.971027 -0.00161248
-4.94067 92.7702 1.16662 -0.215199 -0.97657 -0.00108992
-6.19635 93.0226 2.31275 -0.178289 -0.983976 -0.00169342
-7.34962 93.2022 3.46569 -0.155411 -0.987809 0.00895519
-8.5803 93.3659 4.58036 -0.101089 -0.994766 -0.0104539
-9.76611 93.4486 5.65303 -0.0672536 -0.997702 -0.00822123
-10.8566 93.4991 6.73323 -0.0390603 -0.999109 -0.0159974
-11.8306 93.5118 7.78646 -0.0121851 -0.999816 -0.0148087
-12.7991 93.4955 8.81546 0.0343343 -0.999267 -0.0166798
-13.7873 93.4346 9.84389 0.0491503 -0.998744 -0.00974088
-14.8683 93.3419 10.9249 0.0902118 -0.99592 -0.00191705
-16.1384 93.2025 12.1075 0.125027 -0.992115 0.00861918
-16.7006 93.1337 12.6602 0.150021 -0.988427 0.0167562
-18.0196 92.9086 12.6988 0.190111 -0.981686 0.0122671
-16.94 93.0843 11.6288 0.15073 -0.988557 -0.00584252
-15.8973 93.2268 10.6792 0.124789 -0.992183 0.000288781
-14.7481 93.3579 9.56481 0.0925855 -0.995685 -0.00631039
-13.7925 93.4461 8.54908 0.0579787 -0.998244 -0.0115354
-12.8357 93.5096 7.48314 0.017085 -0.99982 -0.007179
-11.7043 93.5292 6.29795 -0.0245759 -0.999633 -0.011349
-10.4505 93.4976 5.03394 -0.0567903 -0.998327 -0.00796157
-9.34906 93.4372 4.04996 -0.0669841 -0.997682 -0.0119772
-8.23639 93.3291 3.00741 -0.134917 -0.990691 0.01755
-7.16204 93.1791 2.01018 -0.135985 -0.990689 0.0015288
-6.0938 92.9978 0.927425 -0.173049 -0.984894 0.00617034
-4.9586 92.7793 -0.100586 -0.208631 -0.977978 -0.00562403
-4.05746 92.5819 -1.23072 -0.236066 -0.971686 -0.0062662
-2.9637 92.3146 -2.36591 -0.274144 -0.961635 -0.0101784
-1.95632 92.0219 -3.37212 -0.291411 -0.95659 0.00389051
-0.891197 91.6808 -4.33314 -0.315812 -0.948821 0.00139735
0.0794624 91.3426 -5.28768 -0.338331 -0.941023 0.00269436
1.07685 90.982 -6.34189 -0.34776 -0.937581 -0.00128495
2.23531 90.5409 -7.49915 -0.363947 -0.931387 0.0071664
3.33314 90.0948 -8.53541 -0.389934 -0.920811 -0.00473573
4.33382 89.6556 -9.56547 -0.406469 -0.913661 0.00119555
5.27403 89.2381 -10.825 -0.415981 -0.909373 -5.97629e-05
5.78176 89.0042 -11.7026 -0.425887 -0.904776 -0.00107362
5.11896 89.3142 -12.2178 -0.420477 -0.907295 -0.00386518
4.35178 89.6552 -10.9847 -0.404266 -0.914614 -0.00704291
3.44193 90.0458 -9.86875 -0.397656 -0.917518 -0.00485
2.29192 90.5239 -8.78825 -0.372398 -0.928057 -0.00495747
1.32502 90.8926 -7.86058 -0.356082 -0.934418 -0.00701754
0.301782 91.2663 -6.81692 -0.342069 -0.939653 -0.00574329
-0.747493 91.6276 -5.69654 -0.309164 -0.950952 0.010086
-1.90244 92.0051 -4.69209 -0.285623 -0.95834 0.0019508
-2.93347 92.3097 -3.65786 -0.269383 -0.963028 0.000961106
-4.01808 92.5997 -2.59335 -0.24861 -0.968495 -0.0123481
-4.99101 92.7926 -1.47448 -0.20368 -0.978913 -0.014895
-5.95912 92.9808 -0.384702 -0.187019 -0.982307 -0.00879781
-7.04797 93.1555 0.595632 -0.147199 -0.989036 -0.0117694
-8.06709 93.2918 1.60986 -0.1177 -0.993032 0.00570332
-9.2474 93.433 2.68998 -0.0707876 -0.997343 0.0158378
-10.3007 93.501 3.69812 -0.055358 -0.998445 -0.00532828
-11.4702 93.53 4.77368 -0.014065 -0.999866 -0.00836408
-12.6274 93.5191 5.98171 0.03346 -0.999439 0.00142832
-13.666 93.4722 7.0122 0.0653358 -0.997779 -0.00682222
-14.671 93.3724 8.17205 0.0944034 -0.995518 -0.00573378
-15.7296 93.2514 9.29326 0.124552 -0.992202 -0.00468553
-16.9113 93.0867 10.3687 0.149011 -0.988815 0.0063089
-17.9803 92.9128 11.3432 0.18421 -0.982884 -0.00226815
-18.9723 92.7194 12.4154 0.201306 -0.979522 0.00219613
-19.5565 92.602 13.0387 0.216426 -0.976176 0.0154662
-21.6323 92.0688 13.7116 0.282455 -0.959257 0.00664031
-20.5941 92.3554 12.7999 0.25136 -0.967863 0.00441166
-19.6169 92.5843 11.8022 0.207996 -0.978124 -0.00287212
-18.6368 92.7888 10.7087 0.19497 -0.980806 -0.00149162
-17.4746 92.9961 9.69996 0.162422 -0.986607 0.00918589
-16.3247 93.1747 8.63383 0.144179 -0.989509 0.00218684
-15.3616 93.3054 7.58988 0.127944 -0.991753 -0.00642571
-14.3315 93.4257 6.41906 0.0870596 -0.99616 -0.00843651
-13.1378 93.4977 5.21815 0.0433451 -0.999053 0.00357953
-12.0622 93.5345 4.05116 0.0260334 -0.999643 -0.00554639
-10.8179 93.5266 2.98001 -0.0421192 -0.999103 0.00257634
-9.66556 93.4533 1.85898 -0.0676924 -0.997706 -0.000112191
-8.52531 93.3439 0.790812 -0.110186 -0.993887 -0.00380297
-7.2752 93.2011 -0.412905 -0.138709 -0.990316 -0.00584922
-6.13121 93.0199 -1.47288 -0.187699 -0.982164 -0.010174
-5.03396 92.8227 -2.86937 -0.200539 -0.979674 -0.00417321
-3.9146 92.5646 -3.94195 -0.24291 -0.969953 0.00913187
-2.96562 92.3098 -4.929 -0.254611 -0.96701 0.00797306
-1.75488 91.9494 -5.98691 -0.29098 -0.956683 0.00599062
-0.769071 91.6317 -7.0009 -0.315719 -0.948849 0.00154402
0.353751 91.2592 -8.16435 -0.343478 -0.939042 -0.0132181
1.42359 90.866 -9.16015 -0.356401 -0.934236 -0.0133989
2.54684 90.4301 -10.2398 -0.375475 -0.926808 -0.00674619
3.52395 90.0216 -11.3186 -0.393403 -0.919333 -0.00781304
4.19946 89.7332 -12.3414 -0.411205 -0.911526 -0.00554195
3.21033 90.1663 -12.3802 -0.394695 -0.918771 -0.00862139
2.31208 90.5325 -11.2679 -0.376087 -0.92656 -0.00664308
1.19165 90.9673 -10.1933 -0.358548 -0.933449 -0.0107364
0.224586 91.3181 -9.25875 -0.336706 -0.94154 -0.0113217
-0.928431 91.6999 -8.20153 -0.311399 -0.95014 -0.0148986
-1.97533 92.0126 -6.94578 -0.294162 -0.955747 0.00322585
-3.30881 92.3888 -5.88546 -0.253199 -0.967279 0.014788
-4.26806 92.643 -4.85606 -0.238673 -0.971052 0.00967451
-5.33465 92.8704 -3.87082 -0.191256 -0.981442 0.0138893
-6.31985 93.061 -2.77651 -0.174725 -0.984601 0.00551089
-7.42854 93.2273 -1.51442 -0.135459 -0.990781 -0.00125246
-8.49083 93.344 -0.582897 -0.0998916 -0.99499 -0.0040686
-9.58398 93.441 0.560059 -0.0852371 -0.996359 -0.00177109
-10.7355 93.5201 1.60588 -0.0236734 -0.999572 0.0154373
-11.7445 93.5385 2.61992 -0.00273955 -0.999967 0.0069138
-12.8658 93.515 3.57377 0.0320099 -0.999481 -0.00317421
-13.8099 93.4729 4.64981 0.0571079 -0.998337 -0.00744247
-14.8519 93.3852 5.6479 0.0938643 -0.995536 -0.00731568
-15.8032 93.2617 6.70137 0.130039 -0.991364 -0.0168825
-16.8522 93.0933 7.89163 0.159293 -0.987214 -0.00336451
-18.0718 92.8934 9.03143 0.167798 -0.98582 0.00161279
-19.2988 92.6502 10.1258 0.208245 -0.978056 0.00458075
-20.3415 92.4093 11.242 0.246956 -0.968935 0.0127121
-21.3603 92.1435 12.2405 0.277972 -0.960575 0.00509592
-22.4432 91.8219 13.2816 0.297265 -0.954751 0.00917254
-23.4927 91.4911 14.3154 0.309505 -0.950794 0.0140592
-23.7578 91.4048 14.5813 0.323688 -0.946106 0.00951411
-26.2596 90.4794 15.8065 0.366895 -0.930223 0.00794202
-25.2091 90.8799 14.8853 0.356203 -0.934395 0.00491205
-24.1794 91.2479 13.7197 0.3345 -0.94239 0.00313013
-23.1979 91.5758 12.7772 0.314994 -0.949079 0.00401145
-22.0856 91.9288 11.6741 0.296512 -0.955025 -0.00250498
-21.0402 92.2196 10.6983 0.265848 -0.963878 0.013966
-19.9044 92.5106 9.43947 0.237118 -0.971418 -0.00300255
-18.8719 92.7485 8.51741 0.202129 -0.979234 0.00339105
-17.7907 92.9464 7.54408 0.171911 -0.985017 -0.0130765
-16.7524 93.1287 6.4556 0.156049 -0.98768 -0.0109611
-15.9008 93.2661 5.35803 0.13623 -0.990663 -0.0048083
-14.7955 93.3966 4.36704 0.0907304 -0.995863 -0.00412395
-13.8151 93.4736 3.36252 0.0623637 -0.998043 0.00421054
-12.7946 93.5212 2.27511 0.0302298 -0.999525 0.00395317
-11.7473 93.5286 1.34501 -0.00693505 -0.999928 0.00956099
-10.6173 93.5045 0.276324 -0.0412734 -0.99913 -0.00563646
-9.57154 93.4373 -0.734559 -0.0778439 -0.996959 0.00351937
-8.47749 93.3411 -1.84837 -0.0956768 -0.995407 0.0032726
-7.36826 93.2167 -2.89104 -0.136695 -0.990612 0.00123815
-6.46902 93.0692 -4.06449 -0.161061 -0.986934 0.00174266
-5.24842 92.8618 -5.17149 -0.201177 -0.979463 -0.00229102
-4.25189 92.6239 -6.25479 -0.241675 -0.970338 -4.36844e-05
-2.99416 92.3026 -7.3049 -0.253774 -0.967263 -0.00062996
-1.94816 92.0242 -8.38727 -0.281352 -0.959573 -0.000161195
-1.01782 91.7422 -9.39164 -0.298415 -0.954373 -0.0109242
0.0514432 91.3957 -10.382 -0.340316 -0.940197 -0.014593
1.14485 91.0007 -11.4595 -0.363306 -0.931626 -0.00900571
1.94037 90.6911 -12.1595 -0.375647 -0.92672 -0.00888074
-0.698541 91.6638 -10.9947 -0.322862 -0.946435 -0.00448469
-1.78355 91.996 -10.0075 -0.287281 -0.95756 -0.0234042
-2.77655 92.2651 -8.89319 -0.282617 -0.959142 -0.00900896
-3.85504 92.5344 -7.77388 -0.251524 -0.967669 -0.0187367
-4.92008 92.7783 -6.84082 -0.21825 -0.975883 0.00434125
-5.92209 92.9886 -5.87838 -0.170873 -0.985289 0.00187014
-6.87068 93.1416 -4.84434 -0.148809 -0.988739 -0.00944419
-7.91909 93.2806 -3.74386 -0.105904 -0.994358 0.000120359
-8.8541 93.3774 -2.72616 -0.093983 -0.995565 0.000199975
-9.92825 93.4662 -1.77129 -0.0828605 -0.996531 -0.00781329
-10.9011 93.5153 -0.774182 -0.0317909 -0.999456 0.00874496
-11.9185 93.5271 0.153317 0.0131814 -0.999904 0.00338952
-13.1082 93.5041 1.41953 0.0300287 -0.999469 0.0126135
-14.1832 93.4615 2.42412 0.0750919 -0.996946 0.00285212
-15.2782 93.3408 3.57021 0.12434 -0.992208 -0.00789858
-16.3119 93.2052 4.48697 0.143363 -0.989613 0.0104327
-17.3404 93.0376 5.69309 0.162659 -0.986647 -0.00836822
-18.3303 92.8565 6.66225 0.184472 -0.982826 -0.00484734
-19.3117 92.6525 7.71008 0.215926 -0.976409 0.000142582
-20.3713 92.3975 8.65582 0.251124 -0.967914 -0.00887588
-21.4654 92.1036 9.83819 0.266812 -0.963709 -0.00304141
-22.5611 91.7814 10.8623 0.291605 -0.956511 -0.00347998
-23.642 91.4355 11.9233 0.310578 -0.950504 -0.00760663
-24.6549 91.0779 12.9581 0.332166 -0.943212 -0.00373619
-25.5549 90.7438 13.9501 0.35721 -0.934019 0.00306592
-26.6994 90.3006 14.941 0.370144 -0.928969 0.0028286
-27.7348 89.8819 15.9443 0.380047 -0.924955 0.00448659
-28.3071 89.6416 16.4896 0.391881 -0.920003 -0.00147108
-30.0296 88.8791 16.9957 0.41689 -0.908934 0.00351269
-29.0356 89.3218 16.0011 0.405386 -0.914139 0.0018656
-28.0947 89.7296 15.0602 0.389881 -0.92086 0.00303846
-27.0291 90.1655 13.9672 0.371921 -0.928263 -0.00164819
-25.9599 90.5958 12.9254 0.358329 -0.933559 -0.00792389
-24.7941 91.0365 11.7596 0.341158 -0.939943 -0.0102125
-23.6034 91.4644 10.5689 0.324208 -0.945954 -0.00765447
-22.6244 91.7695 9.58989 0.283776 -0.958855 -0.00809269
-21.5988 92.0718 8.56434 0.26705 -0.963661 -0.00607204
-20.5406 92.3615 7.56642 0.251462 -0.967845 -0.00647168
-19.5348 92.6059 6.5003 0.220598 -0.975344 -0.00635978
-18.4611 92.8403 5.42661 0.180496 -0.983444 -0.0159944
-17.4832 93.0232 4.44864 0.168064 -0.985754 -0.00645525
-16.4677 93.1824 3.43322 0.138433 -0.990341 -0.00635148
-15.4719 93.3253 2.43743 0.133126 -0.991011 -0.0132451
-14.4262 93.4303 1.39381 0.0866506 -0.995928 0.0219201
-13.3514 93.4877 0.316907 0.0460956 -0.99889 0.00691368
-12.2699 93.5199 -0.762853 0.0183585 -0.999828 -0.00253926
-11.2422 93.5216 -1.79232 -0.029357 -0.999568 -0.000180911
-10.2309 93.4917 -2.81888 -0.0500066 -0.998715 -0.0036026
-9.18319 93.4152 -3.85131 -0.0979032 -0.995131 -0.011408
-8.12336 93.3064 -4.91114 -0.116259 -0.993216 0.000929318
-6.97522 93.1529 -6.05928 -0.132189 -0.991217 0.00356136
-5.91342 92.9832 -7.12108 -0.163172 -0.986497 -0.0140838
-4.7503 92.7688 -8.2842 -0.222844 -0.974658 -0.0172449
-3.76595 92.5433 -9.26854 -0.25477 -0.966692 -0.0242614
-2.79154 92.2951 -10.2488 -0.268128 -0.963233 -0.0170026
-5.38889 92.9316 -9.41492 -0.208947 -0.977796 -0.0159385
-6.32364 93.0804 -8.19431 -0.166166 -0.985344 -0.0378201
-7.2031 93.1923 -7.08122 -0.133615 -0.990703 -0.0229035
-8.62594 93.3655 -6.09219 -0.115416 -0.993313 -0.00278761
-9.48882 93.4498 -4.96859 -0.0871358 -0.996145 -0.00692338
-10.5998 93.5157 -3.99696 -0.036784 -0.999179 -0.0169681
-11.5078 93.5276 -2.84457 0.00197 -0.999914 -0.0129282
-12.5528 93.514 -1.85661 0.0299094 -0.999543 0.00250837
-13.4474 93.4782 -0.81199 0.0536436 -0.998483 -0.0124093
-14.4833 93.4102 0.213711 0.0898503 -0.995945 -0.0045436
-15.6079 93.3013 1.0573 0.110218 -0.993809 0.0140006
-16.4537 93.1921 2.22006 0.146083 -0.989258 -0.00535956
-17.6223 93.0001 3.32193 0.1622 -0.986745 0.00504017
-18.8095 92.794 4.17307 0.190573 -0.981502 -0.00875057
-19.6792 92.5929 5.26347 0.21925 -0.975435 -0.0206766
-20.6577 92.3423 6.29293 0.259122 -0.96564 -0.0198733
-21.7042 92.0479 7.30497 0.268975 -0.963144 -0.00241937
-22.5943 91.7906 8.34569 0.283967 -0.958783 -0.00939715
-23.7483 91.4179 9.35118 0.308473 -0.951196 -0.00710523
-24.8171 91.0452 10.3273 0.340757 -0.940113 -0.00428143
-25.9444 90.6155 11.4529 0.356572 -0.934194 -0.00638922
-26.8775 90.2344 12.5311 0.373728 -0.927482 -0.0101706
-27.905 89.807 13.6258 0.384689 -0.923045 0.00100789
-28.9536 89.361 14.437 0.397502 -0.917594 9.93247e-05
-29.8466 88.9616 15.4806 0.408146 -0.912911 -0.00313144
-30.9969 88.43 16.5434 0.424321 -0.905486 -0.00435798
-31.4647 88.2072 17.0142 0.432279 -0.90174 0.000375823
-32.2322 87.8366 16.662 0.441663 -0.897179 -0.00171017
-31.168 88.3543 15.467 0.428137 -0.903698 -0.00488042
-30.3045 88.7571 14.4697 0.415588 -0.909552 0.000928852
-29.2183 89.2442 13.4578 0.399192 -0.916822 -0.00900967
-28.0881 89.7382 12.6043 0.383147 -0.923624 -0.0107705
-27.131 90.1453 11.4792 0.374528 -0.9271 -0.0142316
-26.1699 90.5385 10.5644 0.357514 -0.933784 -0.0142908
-25.224 90.9026 9.4773 0.334877 -0.942252 -0.00429438
-24.0844 91.3089 8.3607 0.330948 -0.943646 -0.00215347
-23.0643 91.6439 7.36655 0.298799 -0.954309 0.00268711
-21.8884 92.0067 6.02857 0.278926 -0.960225 -0.0123245
-20.6347 92.3681 4.98082 0.245872 -0.969141 -0.0176621
-19.6596 92.6312 3.96689 0.193009 -0.980747 -0.0277084
-18.6139 92.8264 2.86291 0.180425 -0.983527 -0.00769466
-17.4175 93.0443 2.08463 0.166361 -0.98598 -0.0128303
-16.6265 93.1724 0.856032 0.14722 -0.989099 -0.00227323
-15.4592 93.3228 -0.229961 0.104407 -0.994396 -0.0101897
-14.4169 93.4235 -1.19017 0.0754142 -0.997128 -0.00620845
-13.5188 93.482 -2.3706 0.0370597 -0.999291 -0.00660407
-12.4584 93.5219 -3.33541 0.0145774 -0.999886 -0.0038494
-11.4775 93.5462 -4.46705 -0.0106472 -0.999906 -0.00865297
-10.3701 93.5168 -5.30509 -0.067978 -0.997684 -0.00157349
-9.53559 93.4541 -6.50897 -0.0846987 -0.996277 0.0160671
-8.29393 93.3315 -7.28539 -0.121551 -0.992409 -0.0182375
-7.37114 93.2478 -8.5275 -0.121203 -0.99216 -0.0304267
-7.13317 93.2299 -8.89907 -0.129124 -0.991186 -0.0286913
-8.29728 93.3652 -8.77375 -0.106722 -0.994051 -0.0211971
-9.41874 93.4488 -7.67625 -0.0860346 -0.99592 -0.0272343
-10.4522 93.5193 -6.70598 -0.0579626 -0.998298 0.00474961
-11.4677 93.5585 -5.60889 -0.0147744 -0.999795 -0.013835
-12.627 93.5392 -4.49003 0.0353303 -0.999115 -0.0148707
-13.7319 93.4814 -3.4319 0.043693 -0.999036 -0.00335189
-14.6973 93.4052 -2.35498 0.0914025 -0.995726 -0.0131892
-15.7572 93.3046 -1.2237 0.101276 -0.994821 -0.00706818
-17.0251 93.1214 -0.105589 0.149908 -0.988541 -0.0176935
-17.8167 92.9878 1.08047 0.167555 -0.985811 -0.010069
-18.8477 92.7985 1.96562 0.194281 -0.980739 -0.00462683
-19.94 92.5572 2.84801 0.227349 -0.973802 -0.00435697
-20.8561 92.3291 4.00895 0.279494 -0.960113 -0.00740182
-22.1088 91.9568 4.96481 0.275621 -0.961188 -0.0122574
-23.1934 91.6095 5.99593 0.299312 -0.954114 -0.0088846
-24.1946 91.2804 7.19704 0.31595 -0.948741 0.000871342
-25.2092 90.9109 8.16229 0.341918 -0.939706 -0.0066745
-26.1846 90.5453 9.25118 0.355814 -0.934522 -0.00769951
-27.267 90.1101 10.323 0.366911 -0.929918 -0.0249786
-28.2579 89.6786 11.5405 0.391454 -0.92016 -0.00825159
-29.4059 89.1731 12.4941 0.403911 -0.914735 -0.00812471
-30.4806 88.6805 13.3617 0.415878 -0.909371 -0.00954385
-31.439 88.2304 14.4845 0.43297 -0.901402 -0.00262976
-32.3651 87.7776 15.4718 0.439907 -0.898023 -0.00585162
-33.0586 87.4289 16.439 0.442966 -0.896538 -0.000495534
-33.9335 86.9908 15.9977 0.453399 -0.891304 -0.00261997
-32.8492 87.5415 14.7795 0.447926 -0.894061 -0.00402482
-31.9146 88.0048 13.6526 0.435423 -0.900193 -0.00740886
-31.0326 88.4321 12.6455 0.422493 -0.906349 -0.00560053
-29.8977 88.9585 11.7488 0.410266 -0.911928 -0.00827854
-28.8836 89.4184 10.8824 0.402566 -0.915309 -0.0122206
-27.9589 89.8281 9.80602 0.387015 -0.921962 -0.0143626
-26.8273 90.3007 8.62155 0.361867 -0.932193 -0.00828445
-25.7891 90.7055 7.42785 0.347914 -0.937494 -0.0077962
-24.6508 91.1267 6.31029 0.334499 -0.942388 -0.0033844
-23.6814 91.4612 5.20194 0.319827 -0.947436 -0.00856923
-22.7132 91.7769 4.25732 0.297577 -0.954636 -0.0108209
-21.5955 92.1241 3.40889 0.273437 -0.96179 -0.0127911
-20.6902 92.3722 2.37832 0.255918 -0.96666 0.00666079
-19.6824 92.6171 1.43687 0.214282 -0.976768 -0.00238118
-18.5853 92.8471 0.566616 0.199012 -0.979969 -0.00124898
-17.614 93.0429 -0.759978 0.163269 -0.986359 -0.0172614
-16.3848 93.2315 -1.87222 0.123591 -0.992289 0.00937896
-15.3341 93.3489 -3.02356 0.101027 -0.994884 0.000436997
-14.371 93.4387 -4.09836 0.0900522 -0.995925 0.00220188
-13.2825 93.5194 -5.11631 0.0395438 -0.99824 -0.0441982
-12.0508 93.5753 -6.27173 -0.0084771 -0.999875 -0.0132309
-10.8706 93.5463 -7.51856 -0.0418903 -0.998939 -0.0176454
-9.68826 93.4936 -8.5751 -0.069949 -0.997349 -0.0190094
-9.60816 93.4895 -8.64106 -0.0712746 -0.997127 -0.0256574
-11.4342 93.5818 -8.1645 -0.0279331 -0.999479 -0.0152636
-12.4285 93.5794 -7.14291 -0.0036841 -0.999978 -0.00334986
-13.6656 93.533 -6.05885 0.0678545 -0.99767 -0.00155245
-14.9326 93.4036 -4.85958 0.0766585 -0.996566 -0.0312664
-15.9275 93.2807 -3.73715 0.117481 -0.993066 -0.00203603
-16.9318 93.1606 -2.62662 0.125083 -0.992139 0.000550383
-17.9476 92.9972 -1.69066 0.163234 -0.986496 -0.0130334
-18.8967 92.8023 -0.592757 0.19101 -0.98147 -0.0150925
-19.8348 92.5799 0.42951 0.232895 -0.972462 -0.00873704
-21.0022 92.2873 1.41293 0.25891 -0.965882 -0.00616927
-21.9214 92.0262 2.43992 0.288492 -0.957473 0.00372179
-23.149 91.6481 3.45704 0.296741 -0.954935 -0.00659594
-24.3573 91.24 4.61955 0.319297 -0.947592 -0.0108462
-25.3454 90.883 5.7029 0.335838 -0.941918 -0.00195079
-26.3222 90.5153 6.68719 0.359317 -0.933149 -0.0110327
-27.3731 90.0945 7.87129 0.37333 -0.927618 -0.00858396
-28.4305 89.6395 9.04027 0.394887 -0.918644 -0.0122525
-29.3493 89.223 10.0675 0.404479 -0.914472 -0.0115629
-30.4286 88.7229 11.0489 0.420616 -0.907194 -0.00890083
-31.6372 88.1538 12.0058 0.426525 -0.904458 -0.00564229
-32.5624 87.6966 13.0891 0.440242 -0.89778 -0.0124861
-33.5066 87.2148 14.2594 0.447831 -0.894095 -0.00638467
-34.546 86.681 15.3449 0.455977 -0.889985 -0.00333008
-34.7768 86.5617 15.5144 0.457497 -0.889207 -0.00276282
-35.3042 86.2928 14.8066 0.46058 -0.887611 -0.00214748
-34.2616 86.8374 13.8303 0.454485 -0.890694 -0.0102994
-33.3162 87.3269 12.6802 0.445619 -0.89515 -0.0113626
-32.4026 87.7905 11.5553 0.434772 -0.900526 -0.00515326
-31.1924 88.3723 10.5187 0.423082 -0.90606 -0.0075138
-30.0894 88.8928 9.55774 0.41724 -0.908758 -0.00833348
-29.1159 89.3463 8.47051 0.405913 -0.913835 -0.0113092
-28.1368 89.785 7.39735 0.383006 -0.923649 -0.0133544
-27.2497 90.1576 6.33671 0.374147 -0.927363 -0.00335031
-26.2513 90.5517 5.31012 0.350586 -0.936513 -0.00570002
-25.3035 90.9093 4.35499 0.340662 -0.940147 -0.00859455
-24.3076 91.2658 3.2598 0.322984 -0.946391 -0.00447876
-23.1586 91.6476 2.29911 0.298214 -0.954495 0.00235541
-22.1193 91.9673 1.32603 0.290762 -0.956783 -0.00473259
-21.0564 92.2758 0.248649 0.265105 -0.964175 -0.00116753
-19.9782 92.5564 -0.701561 0.232414 -0.972478 -0.0151989
-18.9286 92.8182 -1.95367 0.207889 -0.977901 -0.0221537
-17.8998 93.017 -2.98776 0.153376 -0.98816 0.00361423
-16.8761 93.1679 -4.06436 0.130338 -0.991392 -0.00933482
-15.9375 93.2959 -5.10205 0.123408 -0.992219 -0.0164762
-14.7962 93.4439 -6.19921 0.104419 -0.994445 -0.0068583
-13.7238 93.5341 -7.20384 0.0543462 -0.99842 -0.0124939
-12.8116 93.5858 -8.08767 0.0195316 -0.999656 -0.017307
-14.1151 93.5238 -8.08967 0.0640967 -0.997826 -0.0153183
-15.1795 93.4103 -7.09681 0.109461 -0.993918 -0.0104714
-16.427 93.2388 -5.87658 0.137108 -0.990532 -0.00553909
-17.3937 93.089 -4.81053 0.152296 -0.988335 -0.00026977
-18.4073 92.9341 -3.75839 0.154297 -0.988017 0.0037209
-19.5739 92.6862 -2.60161 0.223162 -0.974701 -0.0125404
-20.55 92.426 -1.45246 0.247846 -0.968634 -0.0168522
-21.5808 92.1327 -0.477852 0.269108 -0.963061 -0.00866091
-22.5878 91.8298 0.497158 0.290726 -0.956665 -0.0161891
-23.599 91.5069 1.4724 0.309132 -0.95095 -0.0112974
-24.7389 91.1237 2.43781 0.330653 -0.943703 -0.00749386
-25.7108 90.7688 3.45307 0.341582 -0.939822 -0.0073572
-26.7507 90.3693 4.51953 0.36631 -0.930397 -0.00542367
-27.6728 89.9899 5.50275 0.381325 -0.924405 -0.00294118
-28.6892 89.554 6.66252 0.402856 -0.915207 0.00137956
-29.6381 89.1183 7.72117 0.414616 -0.909939 -0.0100783
-30.538 88.6942 8.76161 0.419343 -0.907764 -0.0104947
-31.7955 88.0959 9.86769 0.429853 -0.90282 -0.00973653
-33.0272 87.4902 10.9685 0.442972 -0.896476 -0.00907116
-33.9479 87.0157 12.1218 0.454242 -0.890815 -0.0106594
-34.8569 86.54 13.2247 0.45731 -0.889249 -0.0100411
-35.8145 86.0322 14.1139 0.461552 -0.887081 -0.00759158
-36.0004 85.9341 14.2664 0.462894 -0.886379 -0.00777104
-36.3364 85.7637 13.3984 0.468603 -0.88339 -0.00566049
-35.2463 86.3467 12.3418 0.464013 -0.885779 -0.00935153
-34.2344 86.8816 11.0936 0.454411 -0.890732 -0.0103336
-33.3674 87.3304 10.0758 0.448773 -0.893598 -0.00898546
-32.3564 87.8332 9.21674 0.435963 -0.899878 -0.0124501
-31.1665 88.4112 8.13293 0.420446 -0.907282 -0.00764041
-30.1824 88.8746 7.02447 0.417681 -0.908565 -0.00722796
-29.2249 89.3164 5.9059 0.410657 -0.911762 -0.00713547
-28.2525 89.7479 4.83046 0.39087 -0.920438 -0.00387795
-27.2163 90.183 3.73896 0.379049 -0.925353 -0.00633092
-26.2783 90.5627 2.72604 0.358721 -0.93343 -0.00522992
-25.1048 90.9954 1.56375 0.34092 -0.940081 -0.00460056
-24.0442 91.3693 0.649379 0.321339 -0.946939 -0.00438726
-23.0379 91.7067 -0.337572 0.293734 -0.955735 -0.0170767
-21.8707 92.066 -1.44246 0.27239 -0.962063 -0.0146422
-20.8179 92.3732 -2.53931 0.256018 -0.966565 -0.0143779
-19.7244 92.6696 -3.73067 0.231619 -0.972674 -0.0128994
-18.727 92.8708 -4.70754 0.171585 -0.98513 0.00858429
-17.7029 93.0433 -5.82926 0.161025 -0.986947 0.000760265
-16.7403 93.2013 -6.83499 0.145314 -0.989328 -0.0102027
-15.5993 93.3715 -7.94571 0.126422 -0.991915 -0.0110494
-17.027 93.1747 -7.81133 0.139383 -0.990077 -0.0178719
-18.0099 92.9994 -6.81133 0.170327 -0.985284 -0.0142827
-19.0739 92.7962 -5.64181 0.214625 -0.97659 0.0142098
-20.1665 92.5581 -4.5686 0.241209 -0.970464 0.00417166
-21.2299 92.2789 -3.49118 0.267874 -0.963378 -0.0118932
-22.1378 92.0007 -2.43312 0.282004 -0.959322 -0.0127078
-23.3129 91.6365 -1.33121 0.306888 -0.951722 -0.00583462
-24.3823 91.2658 -0.26265 0.326151 -0.945113 -0.0189768
-25.4851 90.8623 0.7465 0.341634 -0.93981 -0.00657523
-26.5099 90.4783 1.66447 0.358833 -0.933393 -0.00392524
-27.4502 90.0991 2.68771 0.381616 -0.924269 -0.00974865
-28.5099 89.6442 3.80058 0.388803 -0.9213 -0.0061924
-29.4318 89.234 4.83754 0.407595 -0.913096 -0.0109877
-30.5057 88.7328 6.08981 0.41847 -0.908207 -0.00649835
-31.4005 88.3081 7.10551 0.426095 -0.904642 -0.00791679
-32.3699 87.8396 8.05895 0.436825 -0.89951 -0.00784882
-33.5655 87.2391 9.09371 0.446478 -0.894774 -0.0060942
-34.5034 86.7532 10.0708 0.456246 -0.889825 -0.00715531
-35.3376 86.3125 11.1164 0.463081 -0.886267 -0.00934092
-36.3927 85.7433 12.279 0.470224 -0.882512 -0.00786225
-36.8131 85.5165 12.6385 0.469728 -0.882779 -0.00754404
-37.1615 85.3366 11.7931 0.473416 -0.88082 -0.00579709
-36.0565 85.9387 10.634 0.468061 -0.883655 -0.00786717
-35.1295 86.4341 9.49628 0.462248 -0.886738 -0.00476389
-34.1321 86.9543 8.44161 0.456922 -0.889499 -0.00374216
-32.9229 87.5703 7.36915 0.442249 -0.896883 -0.00407288
-31.9633 88.0472 6.38824 0.436836 -0.899526 -0.00519138
-30.9496 88.5367 5.26506 0.419061 -0.907881 -0.0117969
-29.8842 89.0423 4.02705 0.412935 -0.91068 -0.0120076
-28.7613 89.5483 2.7693 0.398029 -0.917359 -0.00505372
-27.6532 90.0293 1.57759 0.385695 -0.922569 -0.0102684
-26.5617 90.4696 0.505857 0.361239 -0.932386 -0.0127646
-25.547 90.8544 -0.394476 0.341537 -0.939712 -0.0171603
-24.3499 91.2971 -1.5918 0.321329 -0.946901 -0.00987784
-23.1331 91.7021 -2.73074 0.305342 -0.952206 -0.00771713
-22.18 92.0128 -3.79846 0.281116 -0.959604 -0.0110215
-21.0304 92.3281 -5.00173 0.255207 -0.966838 0.00921222
-19.9347 92.6048 -6.03371 0.235535 -0.971805 0.0064826
-18.8773 92.8371 -7.18912 0.199208 -0.979904 -0.00681645
-18.275 92.9663 -7.85335 0.180793 -0.983412 -0.014679
-19.2461 92.7768 -8.15308 0.217047 -0.975967 -0.0194457
-20.2423 92.525 -7.01537 0.237488 -0.971176 -0.00916075
-21.2639 92.2603 -5.99708 0.251309 -0.967862 -0.00511543
-22.4434 91.9402 -4.84285 0.287608 -0.957664 0.00232608
-23.5526 91.5819 -3.59739 0.323615 -0.946169 -0.00612769
-24.5453 91.2387 -2.63595 0.327631 -0.944757 -0.00687126
-25.6646 90.8278 -1.52472 0.353229 -0.935505 -0.00773138
-26.6647 90.4402 -0.604192 0.365064 -0.930944 -0.00613024
-27.7943 89.9836 0.432344 0.382667 -0.923809 -0.0116935
-28.7503 89.5639 1.45248 0.400662 -0.916144 -0.012225
-29.7778 89.1012 2.60046 0.408217 -0.912847 -0.00834027
-30.7055 88.6715 3.61079 0.421871 -0.906618 -0.00811716
-31.8156 88.1332 4.93405 0.431993 -0.901797 -0.0116227
-32.7813 87.6495 5.99201 0.444043 -0.895956 -0.00859285
-33.7739 87.147 6.94306 0.454487 -0.89072 -0.00767574
-34.8255 86.5993 7.91002 0.461049 -0.887357 -0.00538151
-35.752 86.1113 8.91008 0.466835 -0.884329 -0.00381388
-36.6988 85.5985 10.0715 0.473989 -0.880502 -0.00713911
-37.6572 85.0748 11.0656 0.477008 -0.878893 -0.00333163
-37.9504 84.9198 10.1542 0.477305 -0.878726 -0.00459885
-36.877 85.5101 8.95185 0.477354 -0.878689 -0.00619976
-35.8169 86.0834 7.72969 0.471387 -0.881909 -0.00554816
-34.9011 86.5688 6.79028 0.463061 -0.886289 -0.00812305
-33.8218 87.1315 5.80998 0.455638 -0.890143 -0.00613753
-32.9135 87.5968 4.86124 0.447342 -0.894305 -0.0101787
-32.0059 88.051 3.82505 0.438118 -0.898901 -0.00543794
-31.0229 88.5297 2.65142 0.422893 -0.906171 -0.00353384
-30.0148 88.9994 1.54551 0.417766 -0.908527 -0.0064135
-28.8784 89.5219 0.313986 0.397878 -0.917406 -0.00728511
-27.7913 89.9901 -0.75612 0.384252 -0.923212 -0.000880105
-26.5172 90.5074 -1.91762 0.370784 -0.928709 -0.00431598
-25.5428 90.8821 -2.89861 0.349393 -0.936967 0.000987585
-24.4326 91.2817 -4.01872 0.324856 -0.945756 -0.00209521
-23.4808 91.61 -5.00755 0.320339 -0.9473 -0.00188721
-22.4888 91.9153 -6.05103 0.27518 -0.961351 0.00100144
-21.4681 92.2182 -7.05084 0.274372 -0.961537 -0.0128506
-20.4833 92.4894 -8.08919 0.245359 -0.969143 -0.0236672
-20.3055 92.5393 -8.29056 0.245193 -0.969205 -0.022829
-21.3028 92.2852 -8.5196 0.257875 -0.966065 -0.0147251
-22.2359 92.0049 -7.53033 0.274675 -0.961439 -0.0136562
-23.2585 91.6981 -6.54707 0.292837 -0.955848 -0.0186102
-24.4249 91.286 -5.33997 0.327624 -0.944792 -0.00370406
-25.3745 90.9482 -4.34789 0.346616 -0.937983 -0.00332275
-26.3174 90.5906 -3.35669 0.356573 -0.934266 -0.00175685
-27.3611 90.1704 -2.34019 0.375004 -0.927006 -0.00483749
-28.4231 89.7267 -1.38905 0.389957 -0.920825 -0.00370578
-29.602 89.2086 -0.193758 0.412189 -0.911051 -0.00717044
-30.537 88.7676 0.827506 0.417697 -0.908518 -0.0111424
-31.5857 88.2653 1.98278 0.43047 -0.902604 -0.000932482
-32.4994 87.8141 3.06388 0.440821 -0.897556 -0.00794103
-33.5734 87.2726 4.28906 0.448466 -0.893751 -0.00932811
-34.6073 86.7323 5.36241 0.457163 -0.889319 -0.0104092
-35.672 86.1696 6.34107 0.465957 -0.884782 -0.00653782
-36.5806 85.679 7.28834 0.469504 -0.882892 -0.00819893
-37.592 85.1249 8.44439 0.478364 -0.878145 -0.00533631
-38.2297 84.7732 9.17362 0.478185 -0.878244 -0.00520644
-38.4568 84.6554 8.13821 0.479432 -0.877557 -0.00583334
-37.5725 85.1457 7.12859 0.478508 -0.87805 -0.0077155
-36.4563 85.7577 5.93354 0.468895 -0.883219 -0.00780525
-35.3356 86.3589 4.86861 0.466016 -0.884749 -0.00690365
-34.1443 86.986 3.62441 0.455329 -0.89032 -0.00193748
-33.1681 87.4869 2.53648 0.444838 -0.895585 -0.00678633
-32.2597 87.9453 1.45015 0.442653 -0.89666 -0.00718131
-31.2502 88.4372 0.311414 0.427064 -0.904189 -0.00760027
-30.2459 88.9191 -0.786281 0.419026 -0.907937 -0.0082012
-29.2691 89.3679 -1.78873 0.403648 -0.914816 -0.0119185
-28.2631 89.7965 -2.72692 0.387628 -0.921814 -0.00153235
-27.1981 90.2406 -3.72159 0.370589 -0.928785 -0.00466518
-26.1813 90.6444 -4.77857 0.359864 -0.932996 -0.00258136
-25.1452 91.0336 -5.88518 0.331539 -0.943442 -5.43971e-05
-23.9734 91.4635 -7.09197 0.326518 -0.945173 -0.00535603
-22.9705 91.7914 -8.04763 0.297165 -0.954778 -0.00869091
-22.4276 91.9629 -8.61306 0.294383 -0.955579 -0.0134923
-23.3715 91.6709 -8.90116 0.312362 -0.94988 -0.0101495
-24.4577 91.297 -7.8748 0.328539 -0.944487 -0.00247426
-25.4829 90.9169 -6.79161 0.349689 -0.936835 -0.00753172
-26.563 90.5025 -5.67811 0.36067 -0.932635 -0.00616505
-27.5612 90.0976 -4.63525 0.38131 -0.924407 -0.00786937
-28.6125 89.6522 -3.61402 0.387814 -0.92173 -0.00357324
-29.8127 89.1304 -2.50313 0.409622 -0.912249 -0.00274353
-30.7622 88.686 -1.53011 0.425839 -0.904763 -0.00787156
-31.7542 88.2052 -0.441623 0.431215 -0.902212 -0.00762444
-32.8127 87.6779 0.789727 0.444705 -0.895644 -0.00761714
-33.8178 87.1636 1.97419 0.45533 -0.890287 -0.00802734
-34.7092 86.6976 2.97538 0.459884 -0.887946 -0.00764834
-35.6216 86.2157 3.92115 0.465841 -0.884835 -0.00768386
-36.6142 85.6826 4.88927 0.469456 -0.882926 -0.00716158
-37.5773 85.157 5.88032 0.478549 -0.878017 -0.00870564
-38.4743 84.6553 6.86671 0.481781 -0.876268 -0.00632278
-38.6561 84.5537 7.07729 0.482403 -0.875928 -0.00614355
-38.8456 84.4571 6.0196 0.482733 -0.875738 -0.00719227
-37.9768 84.9445 5.0382 0.480347 -0.877059 -0.00586646
-36.8773 85.55 3.94628 0.47003 -0.882628 -0.00634962
-35.899 86.0776 2.9481 0.468735 -0.883309 -0.00719293
-34.9638 86.5738 1.99478 0.461922 -0.8869 -0.00596261
-34.0134 87.0751 0.83367 0.453278 -0.891326 -0.00842434
-33.0834 87.5508 -0.187556 0.448267 -0.893882 -0.0051983
-32.0977 88.0479 -1.36591 0.441325 -0.897332 -0.00521879
-31.124 88.5228 -2.4142 0.425989 -0.904705 -0.00613831
-30.1722 88.9726 -3.35398 0.412805 -0.910813 -0.00347876
-29.0223 89.4783 -4.41835 0.397281 -0.917688 -0.00276292
-28.0104 89.9172 -5.44883 0.385569 -0.922653 -0.00686149
-27.0057 90.333 -6.49145 0.367583 -0.929969 -0.0062564
-25.9174 90.7611 -7.62383 0.352678 -0.935709 -0.00774432
-24.9281 91.133 -8.6563 0.336953 -0.941468 -0.00985864
-24.3738 91.3348 -9.15747 0.327433 -0.944771 -0.0139184
-25.1384 91.0649 -9.65791 0.344837 -0.938582 -0.0113739
-26.1802 90.6628 -8.64459 0.357162 -0.934027 -0.00451828
-27.1165 90.2945 -7.62044 0.375439 -0.926839 -0.00375302
-28.2412 89.8295 -6.46897 0.388196 -0.92155 -0.00544222
-29.3549 89.3381 -5.33534 0.403259 -0.915071 -0.00447799
-30.3602 88.8829 -4.37084 0.420844 -0.907101 0.00754102
-31.3549 88.4172 -3.41723 0.435518 -0.900179 -0.00085089
-32.3983 87.9041 -2.32228 0.443174 -0.896427 -0.00378342
-33.407 87.3928 -1.1408 0.451114 -0.892452 -0.00517946
-34.5043 86.8289 0.0991737 0.456367 -0.88978 -0.00463071
-35.4016 86.3508 1.17854 0.46388 -0.885853 -0.0084247
-36.4061 85.8153 2.25092 0.467832 -0.883763 -0.00968055
-37.4447 85.248 3.3018 0.477399 -0.878681 -0.00311935
-38.5166 84.6516 4.38675 0.483951 -0.875073 -0.0061145
-38.907 84.4319 4.82682 0.484645 -0.874693 -0.0055086
-39.0208 84.3755 3.69591 0.485976 -0.873961 -0.00441876
-38.0142 84.9417 2.65785 0.480199 -0.877144 -0.00494846
-37.0084 85.4969 1.65182 0.477875 -0.878396 -0.007452
-36.0979 85.988 0.646615 0.467295 -0.884077 -0.00657554
-35.079 86.5349 -0.520882 0.465895 -0.884829 -0.0040078
-34.1667 87.0095 -1.57582 0.453955 -0.891006 -0.00571582
-33.2893 87.4595 -2.62349 0.44948 -0.893284 -0.0027652
-32.332 87.9409 -3.68961 0.443768 -0.89614 -0.00113686
-31.2895 88.4484 -4.66837 0.436087 -0.899903 -8.05492e-05
-30.3314 88.8974 -5.62937 0.417747 -0.908562 -0.00139459
-29.3923 89.3276 -6.58911 0.408216 -0.912791 -0.0103591
-28.4453 89.7449 -7.54888 0.387302 -0.921947 0.0031658
-27.4728 90.1509 -8.50067 0.376919 -0.926226 -0.00137437
-26.5089 90.5449 -9.58517 0.368497 -0.929552 -0.0103646
-26.2306 90.656 -9.86273 0.35865 -0.933387 -0.0124657
-27.103 90.314 -10.2409 0.3763 -0.92639 -0.0141713
-28.0485 89.9099 -9.17682 0.386242 -0.922396 -0.0015318
-29.1804 89.4243 -8.05537 0.407386 -0.913243 0.00138556
-30.2485 88.9387 -6.95116 0.419597 -0.907692 -0.00579583
-31.2539 88.4652 -5.96661 0.427748 -0.903896 -0.00170607
-32.2682 87.9719 -4.92859 0.441044 -0.897484 -0.000450755
-33.3505 87.4322 -3.8504 0.451759 -0.892122 -0.00447501
-34.2128 86.9913 -2.83563 0.453089 -0.891465 -0.000295061
-35.0765 86.5425 -1.83228 0.464208 -0.885722 -0.00265816
-35.9674 86.0669 -0.824445 0.470589 -0.882328 -0.00546698
-36.8664 85.5788 0.193967 0.476869 -0.878971 -0.00187795
-37.8275 85.051 1.27264 0.483646 -0.875262 -0.00160793
-38.7521 84.535 2.21257 0.48743 -0.873154 -0.00314765
-39.0054 84.3918 2.46061 0.488683 -0.872447 -0.00493957
-38.7928 84.5165 1.05556 0.485668 -0.874138 -0.00299013
-37.858 85.0368 0.0364655 0.483612 -0.875279 -0.00212655
-36.9787 85.5208 -0.963431 0.481229 -0.876589 -0.00316367
-35.9647 86.0741 -2.11902 0.472592 -0.881273 -0.00256589
-35.0596 86.554 -3.1572 0.463265 -0.886219 -0.00039704
-34.1568 87.023 -4.21051 0.45735 -0.889272 -0.00446044
-33.2467 87.4895 -5.17383 0.443168 -0.896426 -0.00444536
-32.2357 87.9922 -6.17809 0.438678 -0.898639 -0.00318407
-31.3107 88.4406 -7.12327 0.429979 -0.902823 -0.00540135
-30.2834 88.9285 -8.17535 0.42166 -0.906744 -0.00434695
-29.1029 89.4618 -9.36803 0.404175 -0.914679 -0.00199323
-28.189 89.8601 -10.361 0.391583 -0.920072 -0.0114149
-28.0982 89.9001 -10.4693 0.391725 -0.920013 -0.0112583
-29.0963 89.4728 -10.6316 0.402151 -0.915515 -0.00932122
-30.1221 89.0096 -9.54856 0.407838 -0.913053 -0.00124975
-31.2547 88.4788 -8.42736 0.426029 -0.904655 -0.00989286
-32.2448 87.9968 -7.46328 0.434917 -0.90041 -0.01044
-33.1596 87.5392 -6.47987 0.451821 -0.892087 -0.00534528
-34.1614 87.0285 -5.46001 0.455489 -0.890228 -0.0042311
-35.2072 86.4795 -4.29777 0.464507 -0.885567 -0.0017502
-36.0673 86.0212 -3.29733 0.469888 -0.882725 0.00109594
-37.0281 85.4975 -2.1563 0.477962 -0.878373 -0.00333771
-38.0744 84.9189 -1.02413 0.482755 -0.875746 -0.00366451
-38.6043 84.6242 -0.410614 0.484999 -0.874514 -0.00148161
-38.5264 84.6718 -1.79519 0.485526 -0.874215 -0.00356086
-37.6419 85.1637 -2.78543 0.481637 -0.876363 -0.00379754
-36.7633 85.6493 -3.79662 0.478892 -0.877863 -0.0039947
-35.8918 86.1211 -4.79274 0.465027 -0.885283 -0.00445836
-34.8412 86.6799 -6.01131 0.462781 -0.886457 -0.00509038
-33.8594 87.1895 -6.96359 0.45158 -0.892191 -0.00840266
-32.796 87.7344 -8.12424 0.445449 -0.895283 -0.00494805
-31.8083 88.2221 -9.12133 0.431038 -0.90232 -0.00504697
-30.7373 88.73 -10.1825 0.420053 -0.907477 -0.00546644
-30.2462 88.9607 -10.678 0.414699 -0.909925 -0.00772489
-31.2494 88.5 -10.9466 0.423309 -0.905931 -0.009918
-32.3105 87.985 -9.86245 0.434802 -0.900513 -0.00466783
-33.2373 87.5164 -8.9338 0.454436 -0.890738 -0.00792058
-34.2061 87.0175 -7.89219 0.460038 -0.887887 -0.00472123
-35.1976 86.4993 -6.87334 0.462438 -0.886643 -0.00368281
-36.0827 86.0261 -5.90249 0.471604 -0.881788 -0.00615081
-37.1135 85.4626 -4.68343 0.476499 -0.879155 -0.00566157
-38.0662 84.9344 -3.60025 0.482974 -0.875612 -0.00625672
-38.2967 84.8051 -3.35069 0.483471 -0.87533 -0.0072388
-37.8157 85.0835 -5.13139 0.480021 -0.877221 -0.00780596
-36.8481 85.6194 -6.29202 0.474735 -0.880106 -0.00608693
-35.9475 86.1079 -7.33416 0.47014 -0.882579 -0.00471197
-34.9059 86.6577 -8.42802 0.46228 -0.886719 -0.00481601
-33.9759 87.144 -9.40169 0.45574 -0.890046 -0.0108996
-32.9273 87.686 -10.5061 0.446899 -0.89453 -0.00982817
-32.5976 87.8519 -10.8191 0.441859 -0.897058 -0.00689238
-34.8075 86.7193 -9.79189 0.46336 -0.886121 -0.00937994
-35.8381 86.171 -8.69613 0.465315 -0.88512 -0.00628473
-36.7635 85.6743 -7.73375 0.472562 -0.881271 -0.00678044
-36.833 85.6364 -7.65694 0.47296 -0.881064 -0.00591635
-20.6944 92.4521 -8.92546 0.252222 -0.967442 -0.0209624
-21.6811 92.1892 -9.09737 0.274874 -0.961347 -0.0159653
-22.8365 91.8498 -9.4207 0.299757 -0.953932 -0.0126058
-23.8332 91.5265 -9.74522 0.320342 -0.947231 -0.0115918
-24.875 91.1664 -10.0901 0.343321 -0.939025 -0.0190678
-25.9988 90.7529 -10.4203 0.358077 -0.933554 -0.0160618
-26.939 90.3879 -10.7394 0.375523 -0.926723 -0.0129397
-27.8661 90.0049 -10.9816 0.391487 -0.920128 -0.0100922
-29.0364 89.5034 -11.2298 0.398597 -0.9171 -0.00699299
-30.1647 89.0033 -11.3584 0.414016 -0.91024 -0.00734829
-31.052 88.5981 -11.4762 0.423128 -0.905985 -0.0117031
-31.9568 88.1704 -11.446 0.431401 -0.902104 -0.00872977
-32.851 87.731 -11.3035 0.441981 -0.896991 -0.00759715
-33.7894 87.2545 -10.9402 0.454476 -0.890732 -0.00690422
-34.6102 86.83 -10.5029 0.460462 -0.887623 -0.00945698
-35.4419 86.3892 -9.95458 0.463028 -0.886296 -0.009218
-36.1676 86.0021 -9.29432 0.467489 -0.88395 -0.00930223
-36.8833 85.6165 -8.49752 0.470742 -0.882248 -0.00611492
-37.4041 85.3287 -7.59177 0.475061 -0.879934 -0.00567885
-37.8444 85.0812 -6.72187 0.479802 -0.877327 -0.00912874
-38.2401 84.8544 -5.56074 0.483097 -0.87553 -0.00800598
-38.4839 84.7117 -4.59945 0.482415 -0.875903 -0.00830009
-38.7289 84.568 -3.58211 0.484441 -0.874797 -0.00689936
-38.9194 84.4561 -2.40394 0.485584 -0.874182 -0.00380168
-39.0511 84.3779 -1.1669 0.485338 -0.87432 -0.0033641
-39.2286 84.277 -0.0756183 0.485709 -0.87412 -0.00110994
-39.4404 84.1537 1.20984 0.490166 -0.871626 -0.00235389
-39.4649 84.1343 2.28926 0.490952 -0.87117 -0.00533381
-39.5013 84.1086 3.31818 0.489728 -0.871869 -0.00346734
-39.499 84.1057 4.36266 0.489689 -0.871888 -0.00395797
-39.4649 84.1177 5.60258 0.488136 -0.872756 -0.0044293
-39.2468 84.2305 6.79431 0.482942 -0.875633 -0.00578626
-39.006 84.3565 7.80113 0.481428 -0.876472 -0.00485413
-38.7484 84.4921 8.93317 0.478332 -0.878164 -0.00508287
-38.5517 84.5938 9.95145 0.478093 -0.878297 -0.00456378
-38.1484 84.8077 11.1685 0.477413 -0.878673 -0.00325352
-37.6643 85.0629 12.3431 0.474271 -0.880359 -0.00586326
-37.2247 85.2929 13.2957 0.469789 -0.882763 -0.00513579
-36.6761 85.5788 14.1511 0.468338 -0.883532 -0.00557321
-36.097 85.8781 14.9338 0.46252 -0.886598 -0.00387702
-35.2064 86.3395 15.8148 0.458705 -0.888585 -0.00247482
-34.368 86.7688 16.3536 0.454117 -0.890938 -0.00229132
-33.4863 87.2158 16.8198 0.447394 -0.894332 -0.00282727
-32.6161 87.6466 17.2332 0.441233 -0.897392 -0.00116144
-31.6529 88.1166 17.5457 0.434041 -0.900876 -0.00254516
-30.6276 88.6022 17.5545 0.423977 -0.905667 0.000152445
-29.6667 89.0453 17.4393 0.408803 -0.912607 0.00538314
-28.6445 89.5 17.2368 0.40176 -0.915676 0.00873738
-27.7567 89.8736 16.9816 0.388469 -0.921448 0.00434298
-26.8339 90.2535 16.6261 0.372654 -0.927963 0.00363773
-25.7288 90.6913 16.1581 0.36433 -0.931231 0.00836843
-24.8382 91.0275 15.6564 0.351521 -0.936132 0.00675664
-23.8763 91.372 15.1794 0.330632 -0.943657 0.0125018
-22.9037 91.6896 14.754 0.304943 -0.952249 0.0140293
-21.8297 92.017 14.348 0.280979 -0.95964 0.0118353
-20.8283 92.2989 14.01 0.259627 -0.965688 0.00607387
-19.8401 92.546 13.727 0.223709 -0.974631 0.00697532
-18.7748 92.7722 13.5176 0.190166 -0.981665 0.0129905
-17.8186 92.9536 13.3443 0.180313 -0.983535 0.0104943
-16.8178 93.1201 13.174 0.162662 -0.98665 0.00760408
-15.6625 93.2742 13.0504 0.125915 -0.991898 0.016792
-14.5154 93.3753 12.9412 0.0810595 -0.996648 0.00756182
-13.3433 93.4549 12.7946 0.0532885 -0.998346 0.0204203
-12.3754 93.4716 12.6558 0.00584216 -0.999806 0.017398
-11.3688 93.463 12.6307 -0.0364737 -0.999243 0.0135567
-10.3521 93.4216 12.6043 -0.0425783 -0.998952 0.0166793
-9.34102 93.3622 12.5768 -0.0679555 -0.997633 0.00974295
-8.29374 93.2821 12.5439 -0.0985766 -0.995067 0.00769009
-7.2706 93.1687 12.4559 -0.12875 -0.991673 0.00171767
-6.30006 93.0223 12.3554 -0.171918 -0.985054 0.00655663
-5.09288 92.7915 12.2989 -0.197896 -0.980108 0.0149954
-4.13771 92.5855 12.2525 -0.225373 -0.97407 0.0192302
-3.08603 92.3257 12.2257 -0.255725 -0.96667 0.0118499
-2.00059 92.0213 12.2284 -0.275822 -0.961124 0.0126439
-0.94957 91.6937 12.2293 -0.305156 -0.952302 -3.6997e-05
0.173371 91.3248 12.3493 -0.314017 -0.949398 0.00574227
1.20724 90.9573 12.5119 -0.345378 -0.938448 0.00540137
2.18221 90.5921 12.6528 -0.357634 -0.933843 0.00588481
3.1979 90.1926 12.7774 -0.380632 -0.924711 0.0052163
4.10875 89.8135 12.8297 -0.388029 -0.921616 0.0075872
5.17962 89.3507 12.9242 -0.406424 -0.913674 0.00435129
6.12648 88.9246 12.9369 -0.413061 -0.910696 0.00353576
6.95002 88.548 12.5868 -0.421647 -0.906757 0.000372856
7.61474 88.2341 11.8808 -0.429711 -0.902959 0.00292422
8.14069 87.9796 11.0213 -0.434259 -0.900781 0.00368115
8.56957 87.7704 10.1036 -0.438439 -0.898755 0.00213745
8.96261 87.5753 9.1529 -0.442042 -0.896993 0.000284662
9.36061 87.377 8.17463 -0.445211 -0.895425 0.000784092
9.79036 87.16 6.91763 -0.450694 -0.89267 0.00390271
10.1651 86.9653 5.72239 -0.451618 -0.892203 0.0038281
10.448 86.8138 4.51975 -0.454499 -0.890718 0.00718718
10.605 86.725 3.50281 -0.457837 -0.889015 0.00605286
10.6764 86.6809 2.30811 -0.4583 -0.888783 0.00510224
10.7032 86.66 1.27897 -0.460139 -0.887815 0.00755106
10.7252 86.638 0.147393 -0.46004 -0.88785 0.00918388
10.74 86.6211 -0.93135 -0.461179 -0.887289 0.00567999
10.6142 86.6789 -2.09295 -0.460295 -0.887748 0.00564928
10.4634 86.7494 -3.13179 -0.463124 -0.886269 0.00647643
10.2259 86.8625 -4.53515 -0.459403 -0.888204 0.00654529
9.97837 86.9816 -5.58689 -0.455339 -0.890271 0.00892988
9.57346 87.1756 -6.69994 -0.45252 -0.89173 0.00651921
9.18399 87.3657 -7.59843 -0.448096 -0.893972 0.00485953
8.74278 87.5822 -8.5035 -0.446417 -0.894793 0.00754471
8.25937 87.8143 -9.64088 -0.446629 -0.894711 0.00381799
7.80277 88.0349 -10.4911 -0.440464 -0.897768 0.00186056
7.16449 88.3444 -11.3587 -0.436725 -0.899595 0.000939679
6.42567 88.7008 -12.036 -0.42784 -0.903852 -0.00185001
5.48775 89.1446 -12.702 -0.42474 -0.905296 -0.00591747
4.60066 89.5554 -12.935 -0.414924 -0.909843 -0.00476476
3.60704 89.9985 -12.9939 -0.402106 -0.91557 -0.00645189
2.38076 90.5172 -12.8459 -0.381873 -0.924147 -0.0109069
1.33948 90.9332 -12.4985 -0.371107 -0.928417 -0.0179387
0.341399 91.3069 -12.079 -0.343726 -0.938895 -0.0181385
-0.629196 91.6455 -11.7144 -0.326676 -0.945049 -0.0128387
-1.56981 91.9509 -11.2984 -0.298428 -0.9543 -0.0158377
-2.62015 92.2608 -10.8585 -0.278025 -0.960436 -0.0162999
-3.53624 92.5096 -10.5109 -0.267308 -0.963242 -0.0266248
-4.47243 92.7418 -10.1992 -0.244223 -0.969438 -0.0232626
-5.55593 92.9747 -9.89258 -0.196363 -0.980342 -0.012326
-6.55163 93.158 -9.63891 -0.166307 -0.985911 -0.00142224
-7.84417 93.3285 -9.42248 -0.115281 -0.993182 -0.0159597
-9.16012 93.4651 -9.24252 -0.0959439 -0.994913 -0.0302964
-10.3609 93.5495 -9.01948 -0.0641658 -0.997607 -0.0256028
-11.6239 93.5949 -8.86943 -0.016893 -0.999653 -0.0197019
-12.7115 93.5981 -8.6932 0.0143744 -0.999767 -0.0107254
-13.693 93.5572 -8.63724 0.0553462 -0.998427 -0.00880863
-14.7735 93.47 -8.55521 0.0950574 -0.995398 -0.0120849
-15.7782 93.3566 -8.52337 0.127476 -0.991732 -0.0145531
-16.9741 93.1947 -8.48548 0.139407 -0.98986 -0.0267895
-18.1761 92.9983 -8.57991 0.181782 -0.983047 -0.0239384
-19.1864 92.8031 -8.70731 0.218427 -0.975514 -0.0257293
-20.1717 92.5843 -8.85229 0.233656 -0.972019 -0.0224083
-20.3776 92.5337 -8.88033 0.246395 -0.968965 -0.018873
-20.3867 92.5524 -9.85679 0.244072 -0.969551 -0.0187534
-19.379 92.7869 -9.70184 0.225268 -0.973961 -0.0255608
-18.2203 93.0167 -9.54254 0.184517 -0.982497 -0.0255515
-16.9819 93.2174 -9.48831 0.146271 -0.98905 -0.019316
-16.0051 93.353 -9.51651 0.127601 -0.991469 -0.0265413
-14.7507 93.4932 -9.55105 0.092232 -0.99538 -0.0258419
-13.5799 93.5772 -9.6234 0.0507079 -0.998479 -0.0215866
-12.3298 93.6173 -9.72935 0.00862827 -0.999462 -0.0316417
-11.3074 93.6097 -9.89962 -0.030837 -0.998875 -0.03558
-10.3153 93.5757 -10.0004 -0.0595732 -0.997621 -0.0309666
-9.27766 93.5052 -10.1866 -0.0796952 -0.99624 -0.0338559
-8.25748 93.4013 -10.3312 -0.109351 -0.993336 -0.0364076
-7.28714 93.2858 -10.4651 -0.134654 -0.99009 -0.0394846
-6.08158 93.0941 -10.7685 -0.18986 -0.98109 -0.0376176
-4.96255 92.8744 -11.0527 -0.217013 -0.97516 -0.0442103
-3.95353 92.6435 -11.3792 -0.255092 -0.965869 -0.044947
-2.86814 92.3577 -11.7859 -0.284876 -0.957644 -0.0419344
-1.9433 92.0897 -12.1872 -0.313535 -0.948838 -0.0374467
-0.992081 91.7894 -12.6278 -0.325241 -0.945061 -0.031969
-0.0192738 91.4578 -12.9741 -0.342334 -0.939263 -0.0236785
0.927757 91.1159 -13.3796 -0.35884 -0.933127 -0.018317
1.87852 90.7388 -13.7137 -0.377297 -0.925928 -0.0174191
2.93504 90.3019 -13.9433 -0.393786 -0.919139 -0.0108056
4.08791 89.7972 -13.9427 -0.410091 -0.912004 -0.00855127
4.97585 89.3933 -13.8906 -0.421828 -0.906617 -0.0102803
5.98993 88.9152 -13.5651 -0.42609 -0.904652 -0.00727839
6.87374 88.4901 -12.9106 -0.430384 -0.90262 -0.00683507
7.62596 88.1221 -12.2142 -0.441104 -0.897452 -0.00280084
8.3337 87.7712 -11.3689 -0.443622 -0.896212 0.00168117
8.82633 87.5275 -10.4803 -0.448893 -0.893571 0.00506802
9.37833 87.2545 -9.34514 -0.455269 -0.890324 0.00722039
9.82381 87.0346 -8.3354 -0.455051 -0.890438 0.007014
10.2405 86.8299 -7.39653 -0.455134 -0.890375 0.00919776
10.6107 86.6496 -6.44329 -0.457045 -0.889406 0.0077272
10.9356 86.4888 -5.4523 -0.461398 -0.887175 0.00480733
11.13 86.3915 -4.30714 -0.465751 -0.884898 0.00534561
11.3427 86.2885 -3.20366 -0.466038 -0.88473 0.00786603
11.5127 86.21 -1.91297 -0.466015 -0.884743 0.00770476
11.6193 86.1671 -0.561885 -0.462366 -0.886652 0.00781002
11.6027 86.1856 0.590396 -0.464749 -0.885414 0.00711767
11.5885 86.2002 1.56634 -0.464115 -0.885755 0.00601548
11.5542 86.2267 2.59729 -0.46481 -0.885382 0.00705301
11.4916 86.2689 3.60644 -0.459785 -0.887985 0.00892653
11.3049 86.3751 4.59404 -0.458517 -0.888652 0.00771263
11.0895 86.4939 5.68862 -0.456636 -0.889631 0.00632926
10.7192 86.6901 6.92975 -0.452211 -0.891896 0.00518849
10.4021 86.8551 7.89475 -0.448529 -0.893761 0.00366527
9.95846 87.0818 9.07518 -0.445789 -0.895133 0.00295991
9.51736 87.3041 10.1294 -0.442637 -0.896697 0.00269752
9.12429 87.501 11.0415 -0.441889 -0.89706 0.00409212
8.70163 87.711 11.9419 -0.438303 -0.89882 0.00355583
8.15313 87.9808 12.7166 -0.431894 -0.901911 0.0048474
7.45662 88.3122 13.4411 -0.424607 -0.90535 0.00710221
6.52865 88.7481 13.8916 -0.41858 -0.908163 0.00547052
5.62574 89.1591 13.9634 -0.407504 -0.913176 0.0070138
4.55551 89.6302 13.8745 -0.395412 -0.918398 0.0139053
3.57132 90.0494 13.7822 -0.38564 -0.922479 0.0175082
2.61489 90.4392 13.6897 -0.362499 -0.931718 0.0214297
1.68894 90.7944 13.5669 -0.361585 -0.932226 0.0145146
0.44238 91.2473 13.3555 -0.338055 -0.940879 0.020793
-0.608227 91.5941 13.2078 -0.314456 -0.949104 0.017769
-1.56844 91.894 13.1888 -0.301825 -0.95335 0.00496168
-2.50474 92.178 13.2401 -0.278114 -0.960493 0.0102161
-3.62081 92.4766 13.1995 -0.241664 -0.970113 0.019904
-4.66453 92.7158 13.2636 -0.214055 -0.976756 0.0112585
-5.84085 92.943 13.3147 -0.178725 -0.983878 0.00620355
-6.92491 93.1211 13.4155 -0.139926 -0.98995 0.0190127
-7.90136 93.25 13.4915 -0.0979575 -0.995143 0.00836201
-8.97174 93.3518 13.5254 -0.088399 -0.995761 0.0234089
-10.1818 93.4349 13.5918 -0.0513096 -0.998457 0.0206767
-11.1772 93.4766 13.6145 -0.0339837 -0.999023 0.028196
-12.1828 93.4897 13.6399 0.00154182 -0.999711 0.0239714
-13.2787 93.4676 13.7939 0.0341657 -0.999387 0.00624124
-14.2443 93.4084 13.9084 0.0739711 -0.997195 0.01144
-15.3511 93.3171 14.0115 0.111967 -0.99364 0.011749
-16.3349 93.2015 14.0683 0.135005 -0.99082 0.00423819
-17.4939 93.0245 14.2776 0.159769 -0.986908 0.0216915
-18.6325 92.8254 14.4671 0.192027 -0.980906 0.0307132
-19.584 92.6229 14.6578 0.232054 -0.972451 0.0217465
-20.5792 92.3758 14.9619 0.260041 -0.965527 0.011615
-21.7168 92.0646 15.312 0.282945 -0.958956 0.0185848
-22.6099 91.8024 15.7153 0.306599 -0.951575 0.0204559
-23.6188 91.4718 16.1232 0.32823 -0.944328 0.0225765
-24.6353 91.1152 16.6587 0.35228 -0.935736 0.017228
-25.4891 90.7994 17.1198 0.365146 -0.930759 0.0180967
-26.6787 90.3289 17.6127 0.377493 -0.92592 0.0129521
-27.6149 89.9461 17.9317 0.389618 -0.920915 0.0103335
-28.4874 89.5755 18.1867 0.397583 -0.917511 0.00990326
-29.5383 89.1102 18.3976 0.411336 -0.91146 0.00641716
-30.5062 88.6637 18.5391 0.424319 -0.905498 0.00512245
-31.7327 88.08 18.5388 0.43591 -0.899972 0.00423194
-32.6728 87.6198 18.3055 0.441251 -0.897371 0.00359811
-33.7188 87.0967 17.8014 0.447259 -0.894401 -0.0022796
-34.6887 86.6045 17.3265 0.456603 -0.889668 0.000686594
-35.5285 86.1705 16.7706 0.460607 -0.887601 -0.00131323
-36.3902 85.7212 15.9716 0.464636 -0.885498 -0.00259982
-37.2249 85.2832 14.9721 0.468112 -0.883662 -0.00357773
-37.7598 85.0004 14.1009 0.473755 -0.880641 -0.00515187
-38.2569 84.7369 13.2536 0.475258 -0.87984 -0.00339482
-38.7271 84.4882 12.0611 0.478654 -0.877996 -0.00366161
-39.0988 84.2893 11.0672 0.480209 -0.877148 -0.0033888
-39.4209 84.118 10.0176 0.481553 -0.876404 -0.00463933
-39.6012 84.0237 8.99658 0.483267 -0.875459 -0.0050585
-39.9142 83.8563 7.74973 0.485935 -0.87399 -0.00289079
-40.1461 83.7315 6.6808 0.485932 -0.873988 -0.00380033
-40.3567 83.6195 5.36335 0.488612 -0.872497 -0.00277225
-40.3778 83.6131 4.08919 0.490221 -0.871591 -0.00347851
-40.3447 83.6367 2.85108 0.489738 -0.871863 -0.00347768
-40.3231 83.6536 1.74183 0.491553 -0.870837 -0.00429196
-40.2184 83.7179 0.64069 0.49141 -0.870923 -0.00311487
-40.033 83.8258 -0.359166 0.491279 -0.871 -0.00196421
-39.8836 83.9136 -1.60507 0.489416 -0.872044 -0.00314293
-39.7275 84.0077 -2.90514 0.486977 -0.873402 -0.00456611
-39.5304 84.1248 -3.95861 0.486707 -0.87354 -0.00661913
-39.2663 84.2806 -5.00808 0.486143 -0.873849 -0.00724391
-39.0122 84.4305 -5.9929 0.485198 -0.87435 -0.00970504
-38.6546 84.6392 -7.02422 0.483004 -0.87557 -0.00917176
-38.2284 84.883 -8.00122 0.479834 -0.877327 -0.00750262
-37.6434 85.2106 -8.96939 0.476808 -0.878944 -0.0102715
-36.9867 85.5735 -9.79762 0.470467 -0.882356 -0.0104625
-36.2282 85.9842 -10.5501 0.465643 -0.884903 -0.011043
-35.4486 86.3996 -11.139 0.462236 -0.886682 -0.0115457
-34.5732 86.8627 -11.6259 0.45539 -0.890204 -0.0124875
-33.7637 87.2814 -12.0135 0.454093 -0.89086 -0.012948
-32.7158 87.8108 -12.3122 0.443359 -0.896273 -0.0107813
-31.6792 88.3133 -12.4562 0.432698 -0.901501 -0.00827753
-30.6642 88.7904 -12.4156 0.421617 -0.906715 -0.00989465
-29.5113 89.3125 -12.2798 0.407436 -0.913125 -0.0135963
-28.5209 89.7403 -12.1547 0.397263 -0.917464 -0.0210001
-27.5992 90.1238 -11.9461 0.382176 -0.923617 -0.02954
-26.5186 90.5674 -11.6229 0.381051 -0.924514 -0.00773092
-25.4513 90.9756 -11.2713 0.351943 -0.935832 -0.0184231
-24.1651 91.4295 -10.9076 0.324313 -0.945809 -0.0162674
-23.263 91.728 -10.5938 0.309046 -0.950995 -0.00987894
-22.3719 92.0082 -10.2966 0.295399 -0.955233 -0.0157959
-21.3231 92.3079 -10.0165 0.263389 -0.964441 -0.0199019
-20.7583 92.4551 -9.89954 0.255746 -0.966587 -0.0174326
-20.698 92.4989 -10.8675 0.261741 -0.964572 -0.0330587
-21.8337 92.1862 -11.1607 0.287542 -0.957389 -0.026885
-22.7262 91.9173 -11.4528 0.309432 -0.950687 -0.0210675
-23.7276 91.5949 -11.8025 0.316034 -0.94853 -0.0203368
-24.6428 91.2928 -12.1225 0.335909 -0.941555 -0.0252551
-25.5414 90.9584 -12.3866 0.361505 -0.932185 -0.0173996
-26.5199 90.5902 -12.6594 0.367347 -0.929516 -0.0305871
-27.5214 90.1892 -12.9523 0.387262 -0.921461 -0.0305251
-28.5669 89.7463 -13.1107 0.398748 -0.916605 -0.0288938
-29.4851 89.3434 -13.2511 0.410029 -0.911798 -0.0223753
-30.3755 88.9434 -13.3662 0.417499 -0.908421 -0.0213821
-31.5264 88.4011 -13.4288 0.434072 -0.900754 -0.0149878
-32.4596 87.9509 -13.357 0.436327 -0.899637 -0.0159539
-33.4069 87.4772 -13.1438 0.445723 -0.895074 -0.0131063
-34.2977 87.0254 -12.8481 0.451011 -0.892252 -0.0218069
-35.235 86.5308 -12.4186 0.4649 -0.885223 -0.0156151
-36.1378 86.0485 -11.8804 0.465537 -0.884937 -0.0127534
-36.8463 85.6675 -11.2681 0.46641 -0.88448 -0.0124669
-37.6361 85.2378 -10.4574 0.47034 -0.882352 -0.0153299
-38.2799 84.8728 -9.59985 0.481758 -0.876212 -0.0125796
-38.8363 84.5557 -8.71796 0.482878 -0.875609 -0.0116223
-39.25 84.3185 -7.86408 0.485206 -0.874355 -0.00877137
-39.6269 84.098 -6.92191 0.487066 -0.873319 -0.00898442
-39.9258 83.9211 -5.96182 0.489161 -0.872141 -0.00952151
-40.2499 83.7272 -4.70215 0.490535 -0.871397 -0.0066197
-40.4909 83.5841 -3.62381 0.490593 -0.871373 -0.00523244
-40.6519 83.4864 -2.51339 0.491582 -0.870816 -0.00514821
-40.7897 83.4022 -1.46643 0.492707 -0.870181 -0.00492834
-40.8935 83.3397 -0.41003 0.492312 -0.870416 -0.00237886
-41.0501 83.2481 0.565083 0.491989 -0.870596 -0.00312323
-41.1615 83.1812 1.573 0.491746 -0.870729 -0.00402177
-41.206 83.1518 2.72033 0.491033 -0.871135 -0.00328383
-41.2312 83.1333 3.79894 0.491235 -0.87102 -0.00350009
-41.2365 83.1251 5.05467 0.491205 -0.871037 -0.00333489
-41.0975 83.2025 6.15698 0.488628 -0.872491 0.00114251
-40.9307 83.2924 7.16006 0.487625 -0.87304 -0.00476105
-40.6784 83.4294 8.26401 0.488794 -0.872396 -0.00233702
-40.4319 83.5623 9.3248 0.486548 -0.873649 -0.00257755
-40.2228 83.6744 10.3383 0.483704 -0.875225 -0.00353863
-39.9078 83.8451 11.354 0.481709 -0.876325 -0.00313817
-39.5105 84.0588 12.4443 0.479781 -0.87738 -0.00378105
-39.1195 84.2678 13.517 0.477298 -0.878737 -0.00165538
-38.6105 84.5428 14.4487 0.471445 -0.881894 -0.00145761
-38.0837 84.8226 15.3311 0.472659 -0.881242 -0.00228772
-37.4703 85.1492 16.1704 0.468401 -0.883515 -0.00131256
-36.6905 85.5627 17.028 0.464979 -0.885318 0.00196154
-35.9222 85.9638 17.6879 0.462461 -0.886636 -0.00203485
-34.9663 86.4623 18.3346 0.456646 -0.889645 0.00241049
-34.1326 86.8885 18.765 0.451629 -0.892199 0.00276334
-33.1304 87.3958 19.2001 0.447522 -0.894259 0.00496495
-32.2246 87.8486 19.4766 0.438897 -0.898429 0.013974
-31.2485 88.319 19.5421 0.430944 -0.90233 0.00934574
-30.3423 88.7505 19.5256 0.425213 -0.905014 0.0112108
-29.4102 89.1778 19.3611 0.414274 -0.91006 0.0129392
-28.4627 89.6039 19.1706 0.405326 -0.913976 0.0174494
-27.4131 90.048 18.8856 0.387168 -0.921808 0.019237
-26.3051 90.4995 18.5023 0.38387 -0.922944 0.0285952
-25.2061 90.9287 18.0757 0.37067 -0.928393 0.0262578
-24.3322 91.2554 17.595 0.350023 -0.936261 0.0280179
-23.3219 91.6001 17.0906 0.335211 -0.941778 0.0261265
-22.3495 91.9146 16.7077 0.304408 -0.951812 0.0368509
-21.4107 92.179 16.2553 0.279398 -0.959613 0.0325727
-20.2694 92.4778 15.8676 0.248379 -0.968051 0.0344081
-19.1826 92.7415 15.5652 0.23564 -0.971362 0.0300175
-18.0676 92.9588 15.3529 0.175648 -0.983899 0.0328182
-17.1109 93.1164 15.181 0.165932 -0.985274 0.0411791
-15.9468 93.2758 15.0288 0.124049 -0.991751 0.0322768
-14.8528 93.3963 14.9342 0.0971861 -0.994693 0.0334264
-13.8048 93.4691 14.8475 0.0542473 -0.998057 0.0306386
-12.6308 93.5115 14.7107 0.0242147 -0.999012 0.0364849
-11.6413 93.5147 14.6396 -0.00772559 -0.999492 0.0304265
-10.4966 93.4801 14.586 -0.0525354 -0.998118 0.0310905
-9.2834 93.4098 14.5556 -0.0720732 -0.996282 0.0453972
-8.20382 93.3114 14.4488 -0.103448 -0.993803 0.0403488
-7.03535 93.1623 14.4049 -0.131087 -0.990837 0.0325131
-6.01026 93.0086 14.285 -0.175202 -0.983883 0.0349955
-4.9827 92.8026 14.2612 -0.211005 -0.977299 0.0190516
-3.78839 92.5426 14.1907 -0.212001 -0.97706 0.0202281
-2.51596 92.1945 14.2107 -0.27853 -0.960294 0.0159956
-1.45351 91.8778 14.1292 -0.291464 -0.956277 0.0241632
-0.340435 91.5322 14.2332 -0.309691 -0.950338 0.0308012
0.600932 91.2114 14.363 -0.343922 -0.938773 0.0205642
1.6532 90.8307 14.5354 -0.347932 -0.93706 0.0292733
2.61673 90.4594 14.6709 -0.378115 -0.925185 0.0325823
3.62287 90.051 14.7631 -0.38603 -0.921725 0.0361994
4.65516 89.6075 14.8676 -0.408385 -0.912317 0.0295393
5.55087 89.2068 14.9621 -0.40999 -0.911921 0.0175311
6.44434 88.799 14.9459 -0.422497 -0.906149 0.019666
7.42597 88.3358 14.6638 -0.423819 -0.905717 0.00727577
8.2983 87.92 14.0549 -0.434486 -0.90064 0.0059382
8.96329 87.5883 13.2252 -0.442305 -0.896852 0.00378783
9.58054 87.2837 12.2232 -0.438358 -0.898788 0.00468283
9.98022 87.0817 11.3456 -0.444596 -0.895707 0.00664979
10.3749 86.8792 10.4086 -0.446628 -0.894716 0.00259036
10.8065 86.6595 9.34327 -0.447673 -0.894186 0.00448802
11.2053 86.453 8.3318 -0.451351 -0.892318 0.00698633
11.5981 86.2438 7.09686 -0.455132 -0.890393 0.00740977
11.9151 86.0732 6.02719 -0.456259 -0.889817 0.00722545
12.105 85.9662 5.05445 -0.457762 -0.889002 0.0113581
12.3601 85.8175 3.80945 -0.462675 -0.886436 0.0126413
12.4285 85.7687 2.78616 -0.465662 -0.884936 0.0068471
12.4921 85.7255 1.52383 -0.465221 -0.885163 0.00752206
12.4826 85.7192 0.258613 -0.467425 -0.883989 0.00876018
12.4812 85.7089 -0.967571 -0.466669 -0.884401 0.0073727
12.3333 85.7749 -2.16118 -0.469762 -0.882748 0.0088891
12.2096 85.8305 -3.2151 -0.469707 -0.882782 0.00842565
11.9946 85.9342 -4.38722 -0.469812 -0.882738 0.0070079
11.8281 86.0189 -5.39191 -0.470843 -0.882216 0.000455933
11.57 86.1553 -6.37946 -0.46188 -0.886924 0.00307211
11.2269 86.3249 -7.28858 -0.457224 -0.8893 0.00957105
10.8571 86.5028 -8.3219 -0.459466 -0.888124 0.0111695
10.4166 86.7205 -9.3383 -0.461832 -0.886933 0.00768295
9.91372 86.9752 -10.3929 -0.455949 -0.890004 0.000152899
9.45538 87.2084 -11.2213 -0.452348 -0.89184 0.00120556
8.94341 87.4672 -12.0701 -0.451373 -0.892334 -0.00119589
8.34188 87.7702 -12.8443 -0.447142 -0.89446 -0.00203048
7.46483 88.2088 -13.6668 -0.43788 -0.898996 -0.00820744
6.62577 88.6204 -14.3461 -0.430199 -0.902678 -0.0100148
5.65545 89.0842 -14.7254 -0.425952 -0.904676 -0.0111909
4.62064 89.5739 -14.9334 -0.411859 -0.910923 -0.0243129
3.53654 90.0644 -14.9335 -0.407002 -0.913124 -0.023001
2.46847 90.5236 -14.8704 -0.390157 -0.920412 -0.0248322
1.52513 90.9094 -14.6177 -0.379391 -0.924597 -0.0344023
0.598858 91.2647 -14.2993 -0.353571 -0.934725 -0.0357286
-0.374589 91.6137 -13.8916 -0.348769 -0.9362 -0.0433811
-1.299 91.9281 -13.5594 -0.323528 -0.945255 -0.0426954
-2.27804 92.2431 -13.1132 -0.314145 -0.947495 -0.0573694
-3.29695 92.5241 -12.6486 -0.274073 -0.959623 -0.0632823
-4.29358 92.7782 -12.2647 -0.245791 -0.966908 -0.0662425
-5.30873 92.9966 -11.9713 -0.215962 -0.974561 -0.0591919
-6.29193 93.1829 -11.7147 -0.196383 -0.978169 -0.0679551
-7.43218 93.3524 -11.4151 -0.153424 -0.985321 -0.0747182
-8.58519 93.4823 -11.2734 -0.112993 -0.991625 -0.0625444
-9.79751 93.5786 -11.0559 -0.079744 -0.995437 -0.052399
-10.7792 93.6318 -10.9427 -0.0484601 -0.99763 -0.0487525
-11.8583 93.6592 -10.7935 -0.0165475 -0.999135 -0.0371625
-13.0742 93.6403 -10.6301 0.0201002 -0.999222 -0.0315692
-14.1747 93.5719 -10.5827 0.0765261 -0.99633 -0.0383077
-15.1427 93.4861 -10.5129 0.104945 -0.993519 -0.0432628
-16.212 93.3628 -10.4797 0.115296 -0.992545 -0.0395045
-17.2065 93.2245 -10.4454 0.155186 -0.986794 -0.0463853
-18.5012 93.0009 -10.5127 0.192961 -0.980184 -0.0446524
-19.5418 92.7839 -10.6776 0.236947 -0.971064 -0.0298128
-20.5054 92.5502 -10.8391 0.25282 -0.967012 -0.0295819
