6.75257 89.1992 -9.28371 -0.428938 -0.903328 0.00319318
5.75167 89.6637 -10.3081 -0.419503 -0.907745 -0.00388725
5.16497 89.9361 -10.9196 -0.408289 -0.91284 -0.00473301
3.68859 90.592 -11.2754 -0.394946 -0.91868 -0.00658972
4.64061 90.1684 -10.239 -0.409357 -0.91237 -0.00176056
5.558 89.7545 -9.27877 -0.416757 -0.909006 0.00466533
6.42567 89.3566 -8.36439 -0.426907 -0.904295 0.000868822
7.3778 88.9073 -7.36346 -0.438648 -0.898597 0.010461
8.32081 88.453 -6.36722 -0.444146 -0.895929 0.00673725
8.43521 88.3972 -6.25387 -0.444865 -0.895571 0.00681506
8.86778 88.1993 -4.57645 -0.447059 -0.894469 0.00742239
7.80081 88.7156 -5.67323 -0.441783 -0.897079 0.00870924
6.92873 89.1304 -6.59885 -0.431198 -0.90222 0.00812637
6.04607 89.5373 -7.50902 -0.418359 -0.908253 0.00678952
5.08143 89.9756 -8.50455 -0.410438 -0.911873 0.00484939
4.10883 90.4055 -9.52592 -0.401901 -0.915669 -0.000124004
3.15479 90.8154 -10.587 -0.390823 -0.920457 0.00231137
2.5813 91.0588 -11.1865 -0.380611 -0.92473 -0.00301416
1.56781 91.4669 -10.9789 -0.369944 -0.929034 -0.00590558
2.42928 91.117 -10.0764 -0.376387 -0.926455 6.25995e-06
3.37755 90.7221 -9.04697 -0.386595 -0.922249 0.000935782
4.22361 90.361 -8.16312 -0.393963 -0.919121 0.00316439
5.19105 89.9325 -7.1426 -0.41409 -0.910221 0.0022038
6.04878 89.547 -6.27533 -0.41446 -0.91001 0.00980089
7.0801 89.0746 -5.20886 -0.435997 -0.899877 0.0103726
8.03724 88.6136 -4.21109 -0.4421 -0.896943 0.00638943
8.84554 88.2188 -3.33227 -0.448665 -0.893678 0.00631947
9.11017 88.0878 -3.02106 -0.448146 -0.893942 0.00568526
9.43808 87.9347 -1.11909 -0.449153 -0.893445 0.00429215
8.61252 88.3402 -2.29949 -0.446109 -0.894959 0.00577272
7.67542 88.7975 -3.35532 -0.441859 -0.897068 0.00543405
6.81527 89.2102 -4.23132 -0.425546 -0.904919 0.00195595
5.73887 89.698 -5.37503 -0.410223 -0.911954 0.0075394
4.84836 90.0893 -6.22414 -0.402569 -0.915377 0.00412709
3.95006 90.4783 -7.19964 -0.391633 -0.920121 -0.000856914
3.00996 90.8739 -8.1317 -0.376467 -0.926427 -0.00218433
2.14221 91.2281 -9.07187 -0.360239 -0.932823 -0.00757226
1.21613 91.5916 -10.0726 -0.350892 -0.936374 -0.00866214
0.778739 91.7597 -10.5353 -0.348401 -0.937198 -0.0166093
-0.105917 92.077 -10.1732 -0.330518 -0.943695 -0.0140492
0.809736 91.7322 -9.18509 -0.339819 -0.940441 -0.00918427
1.72697 91.3799 -8.22822 -0.35235 -0.935807 -0.010688
2.5963 91.0375 -7.31534 -0.37322 -0.927727 -0.00540431
3.56341 90.6408 -6.33292 -0.388818 -0.921314 -0.000602618
4.37167 90.2997 -5.44737 -0.39428 -0.918973 0.00175744
5.30179 89.897 -4.57927 -0.402876 -0.915248 0.003434
6.2939 89.4543 -3.53128 -0.412212 -0.911088 0.000332386
7.21679 89.0205 -2.58228 -0.432874 -0.901451 0.00158788
8.11734 88.5904 -1.5207 -0.438787 -0.898565 0.00567913
8.84631 88.2339 -0.527494 -0.446286 -0.894877 0.00485448
9.44316 87.9399 0.261768 -0.449715 -0.893155 0.00529924
9.40538 87.9666 1.62259 -0.448876 -0.893582 0.0046188
8.65623 88.3364 0.611138 -0.447484 -0.894267 0.00668736
7.95624 88.6776 -0.360691 -0.434144 -0.900819 0.00645597
7.12628 89.07 -1.35956 -0.432706 -0.901518 0.00523912
6.27976 89.4583 -2.34465 -0.418199 -0.908347 0.00209022
5.37055 89.8687 -3.23495 -0.398993 -0.916949 0.0024693
4.43606 90.2701 -4.22449 -0.386684 -0.922207 -0.00265893
3.37424 90.7164 -5.27331 -0.375042 -0.926976 -0.00656464
2.39303 91.1139 -6.27638 -0.36751 -0.930008 -0.00222127
1.52344 91.447 -7.13083 -0.350843 -0.936419 -0.00539072
0.587384 91.8042 -8.15143 -0.347041 -0.937765 -0.0125971
-0.276006 92.1183 -9.07327 -0.326577 -0.945061 -0.013144
-1.14207 92.4153 -9.9731 -0.299906 -0.953391 -0.0331931
-2.19559 92.73 -9.75778 -0.281207 -0.959293 -0.0260387
-1.21093 92.4183 -8.79679 -0.299542 -0.954031 -0.0098892
-0.389041 92.1425 -7.8883 -0.318366 -0.947903 -0.010991
0.467686 91.8342 -6.97433 -0.340943 -0.940073 -0.00441789
1.43728 91.4733 -5.96846 -0.349955 -0.936756 -0.00446535
2.52029 91.0553 -4.92105 -0.369017 -0.929398 -0.00659911
3.36363 90.7155 -4.04911 -0.371579 -0.928396 0.00256089
4.27776 90.3375 -3.12321 -0.38739 -0.92182 0.0118769
5.15062 89.9692 -2.19887 -0.398052 -0.917303 0.0103891
6.13409 89.5369 -1.21518 -0.419711 -0.907592 0.0103721
6.90519 89.1817 -0.214157 -0.426086 -0.904678 0.00287982
7.6923 88.8115 0.760245 -0.43262 -0.901558 0.00568167
8.47303 88.4345 1.78853 -0.44586 -0.895097 0.00293157
9.1642 88.0943 2.81145 -0.446915 -0.894562 0.00507061
9.0953 88.1369 4.4097 -0.447123 -0.894467 0.0030105
8.49413 88.4306 3.33203 -0.437879 -0.899027 0.00290283
7.63287 88.8454 2.05314 -0.432728 -0.90152 0.00252318
6.77076 89.2501 0.958222 -0.424425 -0.905455 0.00390127
6.01215 89.599 -0.0088215 -0.418986 -0.907992 0.000907578
5.11628 89.997 -1.01453 -0.405185 -0.914175 0.00887861
4.23723 90.3682 -1.91336 -0.396076 -0.918161 0.0101049
3.39532 90.7062 -2.80638 -0.381863 -0.924158 0.0105185
2.52214 91.05 -3.63695 -0.36717 -0.93015 0.00270766
1.65833 91.3833 -4.51111 -0.352086 -0.935958 -0.00320277
0.761042 91.7184 -5.38313 -0.33388 -0.942611 -0.00283268
-0.245857 92.08 -6.4543 -0.32897 -0.944302 -0.00775082
-1.11616 92.3652 -7.38791 -0.294985 -0.955279 -0.018926
-1.97298 92.6459 -8.28745 -0.272528 -0.962049 -0.0136746
-2.9288 92.9323 -9.2571 -0.277347 -0.960305 -0.029226
-3.13126 92.9958 -9.4772 -0.257183 -0.965938 -0.0284994
-4.03534 93.2178 -9.15302 -0.244453 -0.969089 -0.0333003
-2.99468 92.9243 -8.02369 -0.250839 -0.967729 -0.0240114
-2.13036 92.6711 -7.15962 -0.287095 -0.957896 -0.00349125
-1.20069 92.3844 -6.17851 -0.299889 -0.953969 -0.00220258
-0.356131 92.1152 -5.26482 -0.32458 -0.945789 -0.000556898
0.576518 91.7846 -4.36137 -0.334518 -0.942373 0.00534215
1.49116 91.4501 -3.45955 -0.353589 -0.935368 0.00787231
2.47978 91.0774 -2.44061 -0.366437 -0.930322 0.0149997
3.51737 90.6738 -1.40153 -0.380262 -0.924799 0.0121158
4.40684 90.3081 -0.487428 -0.395858 -0.918291 0.00617811
5.29439 89.9234 0.488343 -0.402748 -0.915306 -0.00289183
6.15197 89.5389 1.52571 -0.415943 -0.909373 0.00469081
6.94668 89.1738 2.51286 -0.426371 -0.904537 0.00234321
7.63262 88.851 3.56913 -0.430638 -0.902521 0.00268396
8.27957 88.5405 4.5948 -0.438025 -0.898959 0.000816627
8.70663 88.3308 5.35069 -0.439706 -0.89814 0.00115975
8.46954 88.4494 6.63824 -0.436297 -0.899802 0.00156136
7.88895 88.7309 5.56577 -0.434963 -0.900447 0.000344782
7.20771 89.0569 4.46628 -0.430381 -0.902641 0.00185911
6.48524 89.3902 3.33218 -0.4199 -0.907567 0.00246654
5.62053 89.7813 2.20581 -0.408164 -0.912901 0.00368572
4.82013 90.1323 1.28926 -0.403166 -0.915116 0.00456492
3.94955 90.505 0.320549 -0.389777 -0.920907 0.00184376
2.97199 90.9016 -0.755899 -0.371583 -0.928371 0.00600006
2.02015 91.264 -1.69948 -0.360531 -0.932717 0.0074898
1.1054 91.6048 -2.58736 -0.354766 -0.934898 0.0103547
0.082368 91.9624 -3.61074 -0.331411 -0.943483 0.00238414
-0.998729 92.3269 -4.66825 -0.312998 -0.949754 -0.000806325
-1.88575 92.6045 -5.61063 -0.28981 -0.957033 0.00520459
-2.75564 92.8422 -6.5193 -0.262263 -0.964989 -0.00375612
-3.78363 93.115 -7.53756 -0.248151 -0.968714 -0.00325973
-4.70269 93.3668 -8.56235 -0.229068 -0.973112 -0.0238428
-4.95779 93.4289 -8.86421 -0.20836 -0.977834 -0.0206561
-5.98476 93.6357 -8.65488 -0.168077 -0.985297 -0.030485
-5.08346 93.4243 -7.65263 -0.214819 -0.97596 -0.0367155
-4.10851 93.191 -6.57665 -0.23946 -0.970875 -0.00760023
-3.07784 92.9391 -5.56524 -0.250526 -0.968021 0.0130385
-2.15286 92.6885 -4.62343 -0.283108 -0.959083 0.00123817
-1.30168 92.4242 -3.7355 -0.308194 -0.951297 -0.0050962
-0.428757 92.1437 -2.88534 -0.322763 -0.946436 0.00517946
0.595888 91.8024 -1.85079 -0.319664 -0.947508 0.00649095
1.67609 91.4013 -0.8323 -0.352342 -0.935867 0.00250092
2.6146 91.0494 0.139418 -0.359594 -0.933076 0.00511329
3.42804 90.7243 1.02307 -0.379486 -0.925182 0.00140478
4.23881 90.3859 1.95567 -0.390347 -0.920646 -0.00177451
5.02596 90.0495 2.87362 -0.392681 -0.919644 0.00748464
5.79295 89.7073 3.87569 -0.411439 -0.911437 -0.000213295
6.5664 89.3571 5.00695 -0.416156 -0.909289 0.00219943
7.34975 88.9893 6.27367 -0.427924 -0.903809 -0.00312746
7.92895 88.7137 7.39356 -0.432748 -0.901508 0.00198067
7.94894 88.7042 7.43419 -0.432571 -0.901596 0.0015844
7.61266 88.8695 8.68607 -0.430339 -0.902631 0.00807726
6.98883 89.1575 7.41329 -0.422289 -0.906449 0.00471194
6.37538 89.4442 6.26407 -0.417828 -0.908519 -0.00296239
5.68179 89.7606 5.19318 -0.410615 -0.911808 0.000655592
4.9231 90.1006 4.1516 -0.408355 -0.912812 0.00197544
4.07936 90.4543 3.0834 -0.386999 -0.922032 0.00831771
3.08981 90.8616 2.00188 -0.376322 -0.926479 0.00289054
2.28048 91.1823 1.06223 -0.353052 -0.935586 0.00541861
1.25806 91.5594 0.0244842 -0.348647 -0.93725 0.00271024
0.225207 91.932 -0.999251 -0.318893 -0.947776 0.00528893
-0.830376 92.2805 -2.0371 -0.313701 -0.94951 0.0045433
-1.72105 92.5641 -2.91505 -0.287599 -0.957713 0.00839177
-2.61405 92.8258 -3.83037 -0.287864 -0.957664 0.00278998
-3.62286 93.0878 -4.83759 -0.242613 -0.970089 0.00800544
-4.58934 93.3117 -5.77455 -0.225278 -0.974197 0.0124546
-5.51552 93.5087 -6.80391 -0.21229 -0.977204 0.00218322
-6.35382 93.6712 -7.73112 -0.166142 -0.985761 -0.0258616
-7.16706 93.8264 -8.51158 -0.14274 -0.989316 -0.0275604
-8.33495 93.9636 -8.40441 -0.117829 -0.99274 -0.0195801
-7.38569 93.8331 -7.49499 -0.134732 -0.990709 -0.0184135
-6.35984 93.661 -6.40854 -0.153362 -0.988105 0.0112803
-5.38788 93.4912 -5.31998 -0.203491 -0.979031 0.00935049
-4.45894 93.2926 -4.3843 -0.219324 -0.975616 -0.000639917
-3.3543 93.029 -3.34942 -0.247729 -0.968826 0.00108883
-2.43282 92.7821 -2.37029 -0.286326 -0.958102 0.0075946
-1.24046 92.4144 -1.22098 -0.307389 -0.951565 0.00222228
-0.0650148 92.0331 -0.0816027 -0.318993 -0.947755 0.00191737
0.9621 91.6735 0.93723 -0.343971 -0.938965 0.00462336
2.02654 91.2798 2.08332 -0.353295 -0.935511 -0.00130616
2.89569 90.9436 3.08365 -0.367111 -0.93017 0.000658647
3.83206 90.5681 4.16715 -0.378386 -0.925634 -0.00177939
4.63747 90.2253 5.19632 -0.393818 -0.91916 0.00242413
5.33131 89.9161 6.20244 -0.409621 -0.912249 -0.00345106
6.09565 89.5722 7.4813 -0.418339 -0.908284 0.00355593
6.75082 89.275 8.78795 -0.421595 -0.906768 0.00488968
7.08922 89.1184 9.55566 -0.424057 -0.905635 -0.00090341
6.61207 89.3404 10.5728 -0.421524 -0.906816 -0.000505816
6.03542 89.6055 9.22949 -0.413118 -0.910675 0.00181354
5.4135 89.8867 7.99301 -0.414358 -0.910112 -0.00111
4.79196 90.1631 6.95303 -0.408915 -0.912535 0.00625704
4.06872 90.4644 5.89366 -0.382174 -0.92409 0.000292669
3.30285 90.783 4.90132 -0.383125 -0.923695 -0.00181216
2.52574 91.0883 3.966 -0.355876 -0.93453 0.00237333
1.52403 91.468 2.85684 -0.350098 -0.93671 -0.000302771
0.528876 91.8311 1.76209 -0.340579 -0.940216 -5.63875e-05
-0.333501 92.1256 0.898845 -0.320361 -0.947295 0.00057662
-1.20956 92.4111 0.0341888 -0.297344 -0.954768 0.00166019
-2.10821 92.6867 -0.825056 -0.291736 -0.956496 -0.0020423
-3.08959 92.9626 -1.78426 -0.237546 -0.971363 0.00500311
-4.10938 93.2148 -2.83756 -0.224838 -0.974337 -0.00992647
-5.16968 93.4435 -3.83684 -0.205158 -0.978698 0.0037275
-6.27964 93.66 -4.98214 -0.156264 -0.987694 0.00617162
-7.09348 93.7765 -5.9272 -0.143198 -0.989653 0.00696963
-8.13851 93.9269 -6.99875 -0.126079 -0.991788 -0.0173456
-9.14057 94.0426 -7.92347 -0.0909424 -0.995766 -0.0122027
-9.5312 94.0796 -8.25178 -0.0861751 -0.996223 -0.0106431
-10.6862 94.1481 -8.0705 -0.0523338 -0.998478 -0.0172886
-9.68053 94.0834 -7.20026 -0.0768529 -0.996948 -0.000639042
-8.76051 93.9927 -6.36995 -0.0994439 -0.995043 3.79772e-05
-7.77946 93.8729 -5.34896 -0.132283 -0.991168 0.00910373
-6.80707 93.7489 -4.20762 -0.153943 -0.988028 0.00809218
-5.86633 93.5861 -3.25942 -0.192597 -0.981227 0.00808658
-4.876 93.3904 -2.36597 -0.217007 -0.976017 0.00685989
-3.88926 93.1618 -1.35217 -0.225032 -0.974333 0.00601379
-2.96104 92.9275 -0.420383 -0.253609 -0.967265 -0.0089893
-1.8313 92.611 0.621958 -0.295053 -0.955387 0.0129727
-0.887962 92.3139 1.60312 -0.313099 -0.949657 0.0109178
-0.0286383 92.0317 2.48559 -0.330973 -0.943557 0.0125471
0.808467 91.7343 3.37459 -0.344216 -0.938878 -0.0016808
1.69655 91.4015 4.3697 -0.34768 -0.937604 -0.0040832
2.63204 91.0434 5.43726 -0.355968 -0.934471 -0.00713743
3.4695 90.7163 6.51591 -0.376709 -0.92627 0.00882907
4.27828 90.3912 7.73371 -0.384175 -0.923227 -0.0068893
4.91858 90.1054 8.82875 -0.403517 -0.914961 0.00449217
5.45808 89.8681 9.9582 -0.409971 -0.912094 0.00174142
5.8715 89.6832 10.9629 -0.41227 -0.91105 0.00200414
5.09416 90.0303 11.3329 -0.402373 -0.915442 0.00792081
4.62922 90.2301 10.1906 -0.39248 -0.91976 -0.00126064
3.94947 90.5215 8.84173 -0.382095 -0.924121 -0.0016098
3.11355 90.8632 7.47862 -0.362779 -0.931865 0.00423816
2.35527 91.1522 6.47423 -0.358014 -0.933702 0.00517803
1.44936 91.4879 5.44811 -0.345791 -0.938293 -0.00592216
0.563969 91.8174 4.452 -0.332002 -0.943265 -0.0044077
-0.432542 92.1733 3.35745 -0.329757 -0.944038 -0.00717709
-1.48479 92.5187 2.24877 -0.310361 -0.950576 0.00717136
-2.44127 92.7929 1.27994 -0.274714 -0.961515 0.00460468
-3.39789 93.0418 0.401829 -0.24528 -0.969385 0.0113646
-4.35057 93.2698 -0.55516 -0.223562 -0.974682 -0.00363904
-5.42919 93.5045 -1.66708 -0.196305 -0.980519 -0.00681695
-6.55142 93.7167 -2.67098 -0.170549 -0.985294 0.00496537
-7.51297 93.8516 -3.66103 -0.126821 -0.991924 -0.00156474
-8.40775 93.9618 -4.7073 -0.116844 -0.993107 0.00592316
-9.436 94.0634 -5.79778 -0.0985286 -0.995091 0.00801015
-10.4677 94.1242 -6.68714 -0.0405142 -0.999064 0.0151643
-11.4392 94.167 -7.53415 -0.00539227 -0.999948 -0.00860405
-11.7731 94.1722 -7.86223 -0.00967388 -0.999781 -0.017018
-12.9223 94.1657 -7.72141 0.0178894 -0.999562 -0.0235898
-11.9125 94.1627 -6.73162 -0.00566769 -0.999946 -0.00867659
-10.79 94.1431 -5.79102 -0.0293727 -0.999567 -0.00191491
-9.79822 94.0969 -4.87459 -0.0556479 -0.998407 -0.00491825
-8.85899 94.0044 -3.87983 -0.097304 -0.995206 -0.00986017
-7.917 93.9024 -2.70755 -0.0900467 -0.995913 -0.00690489
-7.00557 93.7944 -1.84798 -0.120806 -0.99267 0.00336561
-5.91326 93.5957 -0.879902 -0.196288 -0.980517 -0.00751739
-4.88254 93.3796 0.174371 -0.210607 -0.977533 -0.0080238
-3.96542 93.1743 1.08537 -0.221644 -0.975098 -0.00487371
-2.90301 92.9209 2.06744 -0.260478 -0.965473 0.00122102
-1.91507 92.6433 3.10252 -0.276873 -0.960905 0.00121233
-0.881101 92.314 4.19126 -0.31238 -0.949909 -0.00961421
-0.0141005 92.0168 5.10479 -0.329824 -0.944029 -0.00494345
0.956823 91.6645 6.21612 -0.34421 -0.938878 -0.00514623
1.83613 91.3469 7.26636 -0.342321 -0.939576 0.0036556
2.66956 91.0405 8.35012 -0.364233 -0.931306 0.000905718
3.35544 90.7661 9.50177 -0.381319 -0.924443 -0.000638654
3.95622 90.5174 10.7526 -0.392699 -0.919664 0.00105623
4.16173 90.4322 11.2559 -0.390391 -0.920595 0.00992119
3.31566 90.7858 11.4168 -0.37419 -0.927342 0.00378608
2.81086 90.99 10.2948 -0.358366 -0.933559 -0.004381
2.14789 91.2498 9.12913 -0.357832 -0.933704 0.00572605
1.34089 91.5304 8.03682 -0.339856 -0.940449 0.00692842
0.479182 91.8349 6.99768 -0.325672 -0.945474 0.00195357
-0.358903 92.1254 6.02056 -0.318436 -0.947743 -0.0195475
-1.41216 92.4809 4.95875 -0.302681 -0.953047 -0.00886087
-2.3835 92.7872 3.94317 -0.270429 -0.96249 -0.0101953
-3.27319 93.0194 2.96427 -0.242659 -0.969996 0.00151742
-4.20096 93.2296 2.06451 -0.213088 -0.977007 0.00705156
-5.16811 93.4381 1.14697 -0.201277 -0.979422 0.00416812
-6.09222 93.6166 0.199778 -0.185084 -0.982566 -0.0175507
-7.15598 93.798 -0.792647 -0.145689 -0.989319 -0.00485805
-8.13121 93.9163 -1.60792 -0.0873601 -0.996134 0.00333451
-8.99299 93.9992 -2.58089 -0.093561 -0.995469 -0.0169475
-9.94746 94.0919 -3.73666 -0.065442 -0.997794 -0.0109243
-10.8601 94.1442 -4.63067 -0.0259506 -0.999663 5.22804e-05
-11.9534 94.1648 -5.56844 -0.00533975 -0.999964 0.00650258
-12.9137 94.163 -6.39119 0.0110028 -0.99985 -0.00370445
-13.8194 94.1309 -7.34392 0.0470245 -0.998833 -0.0109698
-14.2744 94.1113 -7.78495 0.0961516 -0.995309 -0.0106887
-15.5015 93.988 -7.65886 0.117245 -0.993036 -0.00655796
-14.4087 94.0906 -6.61017 0.0879915 -0.995988 0.0162363
-13.5195 94.1475 -5.68272 0.0278077 -0.999593 0.00508739
-12.4721 94.1594 -4.81434 0.0130345 -0.999882 -0.00813887
-11.262 94.1557 -3.77277 -0.0139714 -0.999898 -0.0028049
-10.3768 94.1105 -2.89854 -0.0568827 -0.998208 -0.0184276
-9.39731 94.0265 -1.63516 -0.0663615 -0.997792 0.00244262
-8.45959 93.9549 -0.714366 -0.0925775 -0.995682 0.00681879
-7.36518 93.8207 0.23398 -0.147812 -0.988941 -0.0113337
-6.32629 93.6516 1.25324 -0.173032 -0.984841 0.00980261
-5.37072 93.4777 2.19934 -0.193195 -0.981139 -0.00611564
-4.41871 93.2802 3.10814 -0.207265 -0.978273 -0.00492249
-3.56495 93.0852 4.00426 -0.231055 -0.972924 -0.00521508
-2.69785 92.8595 4.935 -0.244775 -0.969302 -0.0228521
-1.83695 92.6031 5.79683 -0.270069 -0.962499 -0.0167855
-0.958781 92.3132 6.66258 -0.306958 -0.951598 -0.0142532
-0.0836927 92.0285 7.70828 -0.319923 -0.947427 0.00374183
0.834627 91.7151 8.8379 -0.330146 -0.943916 0.00497489
1.70063 91.413 9.99919 -0.335233 -0.942134 -0.000983061
2.34524 91.1696 11.317 -0.353554 -0.935414 0.000211748
2.39805 91.1497 11.4361 -0.354372 -0.935104 -0.000580602
1.41769 91.5148 11.369 -0.33972 -0.940526 -0.000591989
0.639997 91.7923 10.0052 -0.333493 -0.942719 0.00790053
-0.330126 92.1155 8.77205 -0.309659 -0.950844 0.00252896
-1.10749 92.3589 7.80526 -0.302962 -0.95298 0.00503355
-2.21916 92.6963 6.67031 -0.26616 -0.963885 -0.00899608
-3.24655 92.9793 5.65078 -0.239178 -0.970679 -0.02376
-4.35305 93.2572 4.5004 -0.21535 -0.976529 -0.00336123
-5.23332 93.4421 3.57006 -0.192653 -0.981267 2.4889e-05
-6.26654 93.6405 2.58888 -0.174741 -0.984554 -0.0105719
-7.22837 93.792 1.63347 -0.140543 -0.990049 0.00555489
-8.11017 93.9105 0.759656 -0.117834 -0.992975 -0.0107262
-9.1365 94.0218 -0.103293 -0.0857278 -0.996199 0.00736061
-10.2805 94.0843 -1.29754 -0.0622367 -0.998043 0.00603554
-11.1861 94.1332 -2.43522 -0.0238061 -0.999637 -0.0121903
-12.2144 94.1501 -3.45254 0.0127371 -0.999859 -0.0109542
-13.3443 94.1386 -4.3469 0.0379288 -0.999008 -0.0232391
-14.4769 94.1008 -5.37777 0.0838697 -0.996457 -0.00369193
-15.4202 94.003 -6.33101 0.116158 -0.993138 0.00817933
-16.4048 93.8652 -7.29494 0.133235 -0.991055 -0.00210026
-16.8607 93.8077 -7.73398 0.136066 -0.990642 -0.0105974
-18.1624 93.6081 -7.75438 0.174224 -0.984451 -0.0170076
-17.2051 93.7513 -6.80721 0.160122 -0.987075 0.00424885
-16.2841 93.8924 -5.92412 0.144918 -0.989433 -0.00161187
-15.1464 94.0277 -4.76933 0.108826 -0.993603 -0.0300669
-14.1324 94.0924 -3.80748 0.0705864 -0.99716 -0.0243786
-12.9175 94.1265 -2.87674 0.0350676 -0.999262 -0.0148618
-11.9046 94.1391 -1.87352 -0.00418603 -0.999895 0.00288924
-11.0841 94.125 -0.867689 -0.0447045 -0.998988 -0.00492798
-10.1946 94.0891 0.217997 -0.0383577 -0.999235 0.0076079
-9.01182 94.0133 1.16436 -0.0881781 -0.996087 -0.00278681
-8.09997 93.9059 2.03494 -0.122241 -0.992498 0.00193259
-7.06478 93.7638 3.0695 -0.139084 -0.990255 -0.00704493
-6.12273 93.6029 3.95835 -0.166365 -0.986054 -0.00433882
-5.17127 93.438 4.97471 -0.19813 -0.979921 0.00770318
-4.26001 93.2225 5.91419 -0.234499 -0.97201 -0.0136093
-3.36407 92.9953 6.82568 -0.243222 -0.96996 -0.00455058
-2.29542 92.7141 7.85457 -0.252649 -0.967558 -0.000800089
-1.25467 92.4112 9.00655 -0.280004 -0.959994 0.00172862
-0.486806 92.1736 9.98244 -0.310817 -0.950453 0.00566875
0.279823 91.9193 11.0336 -0.315701 -0.948836 -0.00651044
0.4601 91.8568 11.3522 -0.331162 -0.943543 0.00213002
-0.640978 92.2231 11.2428 -0.311033 -0.950395 -0.00277329
-1.48939 92.4809 10.1589 -0.27727 -0.960763 0.00735955
-2.2459 92.6973 9.194 -0.261952 -0.965076 -0.0022044
-3.11576 92.9304 8.30429 -0.25566 -0.96676 0.00364993
-4.08676 93.167 7.38174 -0.23107 -0.972897 -0.00887733
-5.01632 93.3865 6.44135 -0.205361 -0.978635 -0.0100301
-5.89581 93.5638 5.50393 -0.164742 -0.986336 0.000740314
-6.82189 93.7207 4.51258 -0.169126 -0.985594 -0.00121815
-7.93001 93.8916 3.55118 -0.139662 -0.990149 0.00398094
-8.84405 93.9992 2.57604 -0.118708 -0.9929 0.0057657
-9.83206 94.0798 1.6563 -0.0795767 -0.996753 -0.0121182
-10.8284 94.1176 0.861407 -0.0174917 -0.999845 0.00197424
-11.6584 94.1426 -0.149137 -0.00730794 -0.999857 -0.00933235
-12.6164 94.1316 -1.31219 0.0256873 -0.999659 0.0013192
-13.5263 94.0947 -2.17699 0.0430838 -0.999014 -0.00989551
-14.5054 94.0488 -2.99201 0.0893173 -0.995975 -0.00708978
-15.5792 93.9551 -3.88313 0.11241 -0.993384 -0.0148541
-16.4065 93.8671 -4.81271 0.138056 -0.990046 -0.0269822
-17.596 93.687 -5.93329 0.168344 -0.985706 -0.00654874
-18.6091 93.5098 -6.97797 0.197237 -0.980262 -0.0124152
-19.486 93.3456 -7.78109 0.222881 -0.974698 -0.0168871
-21.164 92.9454 -8.16769 0.261488 -0.965144 -0.0109456
-20.2602 93.1593 -7.31825 0.22861 -0.973398 -0.0152821
-19.2953 93.3728 -6.39802 0.207385 -0.978177 0.00191674
-18.3252 93.5577 -5.37064 0.180503 -0.983569 -0.003312
-17.3203 93.7254 -4.49798 0.162755 -0.986658 -0.00323256
-16.371 93.8501 -3.4236 0.12515 -0.99211 -0.00554584
-15.4475 93.9616 -2.58374 0.101036 -0.994804 -0.0065045
-14.2794 94.0573 -1.63296 0.065851 -0.997652 -0.00572798
-13.281 94.1088 -0.637923 0.0608068 -0.998134 0.00442236
-12.3689 94.1415 0.404912 0.0190672 -0.999799 0.00620011
-11.5441 94.1313 1.42258 -0.0125073 -0.999904 -0.000638905
-10.3735 94.0967 2.37159 -0.0360086 -0.99928 -0.0093558
-9.22689 94.0363 3.44035 -0.0755985 -0.996879 -0.00845109
-8.34471 93.9413 4.45831 -0.113383 -0.993389 -0.0113213
-7.1056 93.7659 5.45409 -0.135629 -0.990715 -0.00866755
-6.30408 93.634 6.41884 -0.165178 -0.986261 0.00246659
-5.32159 93.4431 7.46487 -0.200022 -0.979783 0.00366293
-4.29151 93.211 8.47644 -0.225863 -0.974136 0.00617253
-3.16684 92.9465 9.47757 -0.253928 -0.967212 0.00448818
-2.34403 92.727 10.5071 -0.268334 -0.963315 0.00453618
-1.84554 92.5909 11.1681 -0.271425 -0.962435 0.00684884
-2.87664 92.8787 11.2768 -0.265032 -0.964219 0.00620217
-3.72936 93.0988 10.2476 -0.228574 -0.973482 0.00926329
-4.74617 93.3188 9.37632 -0.20912 -0.977846 0.00813236
-5.60426 93.4898 8.47941 -0.197458 -0.980151 -0.0152239
-6.50079 93.661 7.56259 -0.159298 -0.987052 -0.0187788
-7.43073 93.8058 6.46458 -0.126415 -0.991947 0.00605681
-8.51599 93.9491 5.44728 -0.113484 -0.993474 -0.0110421
-9.47918 94.0451 4.53675 -0.0639145 -0.997824 -0.0128006
-10.4941 94.1066 3.43316 -0.053877 -0.998505 0.00367666
-11.5842 94.1316 2.54977 0.00542794 -0.999902 0.0129061
-12.5629 94.1288 1.67191 0.0100859 -0.999832 -0.0144204
-13.3659 94.1057 0.607777 0.0422446 -0.999096 0.00200033
-14.3294 94.046 -0.422966 0.0680936 -0.99764 -0.00567457
-15.3116 93.9714 -1.34351 0.093739 -0.995552 -0.00252827
-16.497 93.8292 -2.21605 0.133976 -0.990958 0.00398113
-17.3507 93.7101 -3.22359 0.150941 -0.988539 -0.00205515
-18.2639 93.5628 -4.15969 0.183365 -0.983027 3.78991e-05
-19.3055 93.3691 -5.08348 0.211064 -0.977421 -0.00944299
-20.2256 93.1632 -6.02767 0.239374 -0.970832 -0.000109805
-21.2406 92.9074 -7.06715 0.245895 -0.969198 -0.0133544
-22.1768 92.6627 -7.94366 0.277923 -0.960483 -0.0152324
-22.9109 92.4465 -8.50405 0.295045 -0.955441 -0.00877896
-24.1049 92.0512 -8.75044 0.326479 -0.945148 -0.010332
-23.3282 92.3086 -7.69409 0.304764 -0.952385 -0.00820686
-22.3408 92.6001 -6.92954 0.276795 -0.960841 -0.0129881
-21.2679 92.8908 -5.86561 0.269087 -0.963101 -0.00101816
-20.3424 93.1301 -4.9304 0.237968 -0.971238 -0.00787014
-19.4251 93.3348 -3.91847 0.223348 -0.974723 -0.00512885
-18.2758 93.56 -2.91982 0.173021 -0.984903 -0.00447277
-17.3848 93.7008 -1.80492 0.149552 -0.988748 0.000320424
-16.2195 93.8735 -0.957089 0.108506 -0.99406 -0.000759286
-15.1242 93.9746 0.08056 0.0899499 -0.99591 -0.00846797
-14.2298 94.0476 1.06729 0.08761 -0.99615 -0.00300381
-13.3478 94.095 2.0791 0.0605677 -0.998051 -0.0140484
-12.2653 94.1352 3.12434 0.00632396 -0.999883 0.0138471
-11.2939 94.1474 3.96183 -0.032471 -0.999251 -0.0104596
-10.2388 94.0869 4.92448 -0.0563372 -0.998406 -0.00325219
-9.28627 94.0175 5.99017 -0.0684571 -0.997606 -0.00905753
-8.17967 93.8955 7.0049 -0.113918 -0.99349 -0.0010753
-7.28905 93.775 8.05471 -0.139302 -0.990187 -0.00903177
-6.32703 93.613 8.99748 -0.167242 -0.985901 0.0052961
-5.47781 93.4647 9.99169 -0.189818 -0.98181 0.00421745
-4.43483 93.2676 10.8374 -0.213605 -0.976894 0.00667451
-3.99553 93.1682 11.3608 -0.239165 -0.970942 0.00297275
-5.22022 93.4301 11.3793 -0.188959 -0.981899 0.0117141
-6.27773 93.6129 10.5499 -0.175856 -0.984322 0.0132547
-7.13781 93.7517 9.51021 -0.144033 -0.989387 0.00102933
-8.02922 93.8622 8.6107 -0.114399 -0.993418 -0.00565991
-9.01367 93.9766 7.47214 -0.0854849 -0.99631 -0.0072045
-10.1984 94.0731 6.46874 -0.0520484 -0.998562 -0.00546597
-11.0419 94.1226 5.32376 -0.0224769 -0.999556 -0.0180511
-12.2302 94.148 4.46383 0.0392064 -0.99917 -0.00990296
-13.212 94.0938 3.53102 0.0581205 -0.998227 0.0128293
-14.0651 94.0466 2.6063 0.0643023 -0.997888 -0.00894001
-14.9385 93.9872 1.72931 0.0812155 -0.996696 0.00130202
-15.7616 93.9064 0.766093 0.10279 -0.994679 -0.00696358
-16.6358 93.8132 -0.0953122 0.137124 -0.990402 -0.0144231
-17.6242 93.6653 -0.776286 0.168026 -0.985771 -0.00262453
-18.4103 93.5255 -1.75032 0.189615 -0.981853 -0.00343629
-19.3645 93.3417 -2.76052 0.219407 -0.975568 -0.0112167
-20.3773 93.1117 -3.53864 0.240807 -0.970534 -0.00685963
-21.299 92.8798 -4.54562 0.261823 -0.965085 -0.00766598
-22.3508 92.5838 -5.58836 0.292785 -0.956149 -0.00753217
-23.2405 92.3239 -6.53212 0.296463 -0.954831 -0.0201956
-24.1801 92.0167 -7.32528 0.332126 -0.943218 -0.00560764
-25.0387 91.7169 -8.50287 0.343616 -0.939053 -0.0103433
-26.0075 91.3611 -9.32549 0.362118 -0.932021 -0.0144304
-26.5325 91.1641 -9.76632 0.361756 -0.932159 -0.0145743
-28.2207 90.4847 -10.1879 0.393128 -0.919252 -0.0202326
-27.1919 90.8936 -9.15904 0.380724 -0.924577 -0.0142578
-26.1805 91.2853 -8.14762 0.362033 -0.932161 -0.00283731
-25.286 91.6161 -7.25313 0.346422 -0.938073 -0.00340531
-24.3515 91.9476 -6.31865 0.329733 -0.944014 -0.0106427
-23.1765 92.3237 -5.14361 0.297077 -0.954802 -0.00990413
-22.27 92.6004 -4.23713 0.298874 -0.954285 -0.00377453
-21.3994 92.841 -3.36651 0.265577 -0.964058 -0.00784846
-20.4821 93.0789 -2.44923 0.241786 -0.970278 -0.00358612
-19.5438 93.2873 -1.51091 0.223473 -0.974694 -0.00547843
-18.5741 93.4835 -0.541268 0.19575 -0.980628 -0.00701196
-17.6267 93.6656 0.406121 0.159879 -0.987085 0.00789049
-16.6506 93.8106 1.38225 0.124452 -0.992198 0.00511556
-15.5877 93.9242 2.44514 0.120288 -0.99254 -0.01987
-14.67 93.9929 3.36282 0.0807737 -0.99658 -0.0149151
-13.7643 94.0647 4.26857 0.0681912 -0.997663 0.00437952
-12.7689 94.1224 5.26395 0.0330901 -0.999432 -0.00542826
-11.7119 94.1208 6.32092 -0.012602 -0.999844 -0.0120812
-10.7019 94.0874 7.33092 -0.036836 -0.999308 -0.00372545
-9.78468 94.0319 8.24819 -0.0526663 -0.998527 -0.0130243
-8.87648 93.9459 9.15639 -0.0893589 -0.995954 -0.0094275
-7.99945 93.8558 10.0334 -0.113336 -0.993485 -0.00295131
-6.99564 93.7344 11.0372 -0.140707 -0.989945 0.00805171
-6.60905 93.6762 11.4238 -0.148756 -0.988818 0.00826149
-7.84304 93.8376 11.4412 -0.110059 -0.993908 0.00581592
-8.81579 93.9274 10.6853 -0.0834462 -0.996454 -0.0107438
-9.82517 94.0104 9.72882 -0.0600457 -0.99813 -0.0114698
-10.7033 94.0729 8.72811 -0.0495916 -0.998678 -0.0134998
-11.6059 94.1061 7.83593 -0.0109119 -0.999899 -0.00912072
-12.4277 94.1126 6.83862 0.00860627 -0.999946 -4.13134e-05
-13.4418 94.0875 5.9734 0.0575641 -0.998281 -0.00390252
-14.3803 94.0197 4.91886 0.0835585 -0.996502 0.000410253
-15.4491 93.9224 4.02038 0.111182 -0.993701 -0.0027426
-16.3322 93.8237 3.0428 0.121778 -0.992457 -0.0140387
-17.2866 93.7154 2.16809 0.134641 -0.990631 -0.0228018
-18.2147 93.5659 1.15074 0.187204 -0.981933 0.0261016
-19.1744 93.364 0.295005 0.214802 -0.976656 -0.00192289
-20.2994 93.1034 -0.736046 0.232852 -0.972468 -0.00929025
-21.3405 92.8463 -1.82342 0.257686 -0.966178 -0.00723763
-22.2709 92.5933 -2.70762 0.284641 -0.958491 -0.00576289
-23.2931 92.2774 -3.86777 0.300284 -0.953831 -0.0059426
-24.074 92.0225 -4.81393 0.321813 -0.946739 -0.00886037
-25.0352 91.6975 -5.5786 0.333024 -0.942896 -0.00644008
-26.0202 91.3435 -6.62098 0.350198 -0.936674 -0.00112798
-26.9488 90.9823 -7.45859 0.365117 -0.930956 -0.00272681
-27.7509 90.6582 -8.39929 0.382825 -0.923814 0.00203035
-28.8275 90.2138 -9.43214 0.393512 -0.919265 -0.00974611
-29.7026 89.8387 -10.2166 0.410034 -0.912046 -0.00664287
-29.9057 89.752 -10.5434 0.408455 -0.912655 -0.0150364
-31.0737 89.2167 -10.6806 0.424601 -0.905276 -0.0136445
-30.3122 89.5581 -9.62606 0.416356 -0.909154 -0.00921431
-29.4729 89.9316 -8.77567 0.399187 -0.916867 -0.0014287
-28.4831 90.3529 -7.87405 0.389019 -0.921228 -0.00140485
-27.5574 90.7425 -6.84317 0.376388 -0.926459 0.000680297
-26.6671 91.0933 -6.00877 0.361492 -0.932365 -0.00400676
-25.8043 91.4219 -5.03162 0.350858 -0.936334 -0.00634101
-24.7491 91.793 -4.20523 0.324875 -0.94574 -0.00251649
-23.8741 92.0818 -3.28728 0.31459 -0.949198 -0.00751454
-23.0768 92.3446 -2.20141 0.302738 -0.952999 0.00930159
-22.1427 92.6186 -1.36732 0.27489 -0.961427 -0.00962899
-21.0619 92.9108 -0.392748 0.270108 -0.96278 -0.00197357
-20.2565 93.1149 0.531429 0.228853 -0.973455 0.00314043
-19.3543 93.3232 1.36072 0.216608 -0.976238 0.00448903
-18.4044 93.5259 2.31521 0.191046 -0.981502 -0.0122603
-17.493 93.6698 3.22976 0.149367 -0.988641 -0.0135648
-16.5085 93.7892 4.09091 0.127342 -0.991845 -0.00528339
-15.4707 93.9138 5.19673 0.104403 -0.994515 -0.00450722
-14.5737 93.9979 6.09393 0.0836989 -0.996473 -0.00524164
-13.488 94.08 7.15675 0.0646245 -0.997882 -0.00728243
-12.5538 94.1072 8.22237 0.0143667 -0.999848 -0.00282434
-11.4999 94.0962 9.1529 -0.0265956 -0.999527 -0.0102673
-10.655 94.0518 10.2055 -0.0455178 -0.998843 -0.0154654
-9.61298 93.9861 11.088 -0.065186 -0.997826 -0.00690705
-8.84045 93.9315 11.7424 -0.0745055 -0.997182 0.00877564
-10.1365 94.0159 11.815 -0.0500924 -0.998657 0.0132609
-11.2834 94.0625 10.8494 -0.0244415 -0.999673 -0.00542813
-12.1906 94.0891 9.8028 0.0111821 -0.999808 -0.0160812
-13.1369 94.0905 8.91309 0.0214216 -0.999715 -0.0101059
-13.9866 94.0403 7.97795 0.0836244 -0.996333 -0.0139224
-14.929 93.9576 7.02999 0.100973 -0.994825 -0.0112625
-15.8208 93.8644 6.08168 0.118336 -0.992838 -0.016302
-16.7818 93.7426 5.19102 0.142053 -0.989818 -0.0089737
-17.7673 93.6046 4.23061 0.146489 -0.988987 -0.0186541
-18.6673 93.4599 3.35657 0.19936 -0.979742 -0.0189916
-19.6637 93.2516 2.32802 0.233825 -0.972246 -0.00517394
-20.6904 93.0095 1.3978 0.239723 -0.970819 -0.00427377
-21.4903 92.7974 0.463843 0.263448 -0.964633 0.00317747
-22.5027 92.5056 -0.559714 0.278051 -0.96047 -0.0135561
-23.4901 92.2085 -1.37183 0.306237 -0.951944 -0.00385742
-24.2573 91.9552 -2.32973 0.330156 -0.943916 -0.00413692
-25.0663 91.6803 -3.35717 0.324565 -0.945847 -0.00561085
-26.0359 91.3307 -4.06603 0.356667 -0.934229 -0.00105242
-26.8888 90.9999 -4.93167 0.362868 -0.931795 -0.00919647
-27.7591 90.6606 -5.84378 0.37326 -0.92772 0.00330947
-28.6121 90.3017 -6.69381 0.390715 -0.92048 0.00758464
-29.5226 89.9057 -7.63021 0.404797 -0.914373 -0.00786714
-30.589 89.424 -8.5901 0.414989 -0.909823 -9.24094e-05
-31.4329 89.0385 -9.76504 0.424273 -0.905518 -0.00545275
-32.3047 88.628 -10.5165 0.435443 -0.900154 -0.0105149
-33.229 88.1701 -10.2401 0.446117 -0.894904 -0.011272
-32.2175 88.6581 -9.356 0.43631 -0.899746 -0.00951867
-31.3504 89.0645 -8.22868 0.432004 -0.901852 -0.00602227
-30.4987 89.4583 -7.32902 0.422013 -0.906543 -0.00919493
-29.546 89.8884 -6.42545 0.40981 -0.912171 0.000854446
-28.6784 90.273 -5.51944 0.403734 -0.914874 0.00217542
-27.8203 90.6283 -4.62879 0.380851 -0.924521 -0.0146182
-26.9576 90.9695 -3.74451 0.375201 -0.926938 -0.00311368
-25.7345 91.4402 -2.75178 0.353752 -0.935313 -0.00686662
-24.8695 91.7375 -1.7277 0.332482 -0.943099 -0.0044023
-23.9915 92.0393 -0.669992 0.325987 -0.94534 -0.00792858
-22.9842 92.3541 0.198834 0.300169 -0.953726 -0.0174477
-22.043 92.6312 1.19395 0.287539 -0.957767 -0.00204483
-21.1816 92.8684 2.15986 0.271303 -0.962351 -0.0165788
-20.0271 93.1611 3.26005 0.237204 -0.971457 0.00211361
-19.0919 93.3569 4.23177 0.201412 -0.979381 -0.013585
-18.0447 93.5373 5.21408 0.175942 -0.984047 -0.0263682
-17.1446 93.6753 6.12317 0.157373 -0.987346 -0.0195431
-16.0528 93.823 7.13989 0.133446 -0.990905 -0.0172709
-15.0891 93.9279 8.20287 0.102941 -0.994611 -0.0123314
-14.1242 94.0201 9.19166 0.082434 -0.996486 -0.00550929
-13.2336 94.0625 10.0598 0.0598403 -0.998081 -0.0145756
-12.3631 94.0714 10.9954 0.00591273 -0.999936 -0.0096417
-11.4382 94.0683 11.9001 -0.0281044 -0.999574 0.00789792
-12.6801 94.0703 11.9701 0.0185394 -0.999722 0.0144023
-13.6466 94.0327 10.963 0.0548037 -0.998485 -0.00480731
-14.6623 93.964 9.93186 0.0978013 -0.995169 -0.00858989
-15.6912 93.8555 8.88225 0.120392 -0.992691 -0.00509719
-16.7966 93.7089 7.706 0.139516 -0.990098 -0.011468
-17.9367 93.5374 6.59371 0.163759 -0.986407 -0.01339
-19.0196 93.3476 5.53703 0.192845 -0.980971 -0.0218999
-20.0634 93.1386 4.54351 0.222109 -0.974933 -0.0131278
-20.9795 92.9113 3.59985 0.266472 -0.963823 -0.00592216
-22.0072 92.6329 2.60798 0.281081 -0.959667 -0.00471437
-22.8682 92.3754 1.55723 0.297271 -0.954772 -0.00630786
-23.8897 92.0613 0.59526 0.312702 -0.949722 -0.0106029
-24.8069 91.7537 -0.295178 0.331422 -0.943466 -0.00507951
-25.7372 91.4252 -1.47863 0.350173 -0.936649 -0.00801624
-26.6957 91.0707 -2.4178 0.369121 -0.929357 -0.00518931
-27.6423 90.6892 -3.2222 0.378372 -0.925648 -0.00262338
-28.5357 90.3223 -4.10534 0.387019 -0.921963 -0.014028
-29.5878 89.8715 -5.20619 0.407296 -0.913293 0.00178488
-30.5422 89.4397 -6.18979 0.41578 -0.909451 0.00327696
-31.4605 89.0035 -7.08002 0.436585 -0.89965 -0.004453
-32.2775 88.6183 -8.03583 0.433523 -0.901101 -0.0085043
-33.1135 88.2141 -9.00643 0.441636 -0.897141 -0.00961323
-34.0964 87.7281 -9.91728 0.456121 -0.889845 -0.0113902
-34.1013 87.7257 -9.9223 0.456269 -0.889771 -0.0112124
-34.9239 87.2998 -9.64925 0.459055 -0.888369 -0.00817088
-34.0995 87.7142 -8.77172 0.454139 -0.890902 -0.0071515
-33.2193 88.1516 -7.82325 0.444846 -0.895572 -0.00796422
-32.4025 88.5456 -6.79755 0.437604 -0.899116 -0.00901902
-31.4259 89.0216 -5.84985 0.436546 -0.899677 0.00245869
-30.529 89.4484 -4.95975 0.416844 -0.908964 0.00220329
-29.5271 89.8947 -3.88017 0.392901 -0.919552 -0.00708779
-28.4803 90.3337 -2.82714 0.391111 -0.920318 -0.00682555
-27.3266 90.8148 -1.79952 0.375795 -0.9267 -0.00210939
-26.3559 91.1904 -0.86341 0.353956 -0.935252 -0.000514391
-25.4796 91.5143 0.232475 0.337151 -0.941441 -0.00383797
-24.5306 91.8395 1.1812 0.32267 -0.9465 -0.00461254
-23.5143 92.1698 2.17333 0.306329 -0.951904 0.00151596
-22.7081 92.4165 3.15241 0.294063 -0.955742 -0.00908695
-21.732 92.6953 4.12792 0.273356 -0.961882 -0.00751344
-20.7388 92.9598 5.1521 0.248879 -0.9684 -0.0154175
-19.749 93.1827 6.07235 0.224153 -0.974516 -0.0084903
-18.7457 93.3838 7.03689 0.184168 -0.982882 -0.00491547
-17.7786 93.5487 8.04212 0.163484 -0.9865 -0.00795686
-16.8827 93.6979 8.95973 0.14584 -0.989304 -0.00266581
-15.885 93.825 9.99038 0.126137 -0.991991 -0.00650963
-14.8085 93.9447 11.0592 0.0929773 -0.995666 0.00160014
-13.9321 94.0199 11.9863 0.057755 -0.998229 0.0113091
-13.7336 94.0313 12.1792 0.0520243 -0.998537 0.0133653
-14.9479 93.9387 12.2113 0.0957274 -0.995345 0.010659
-15.8831 93.8275 11.2581 0.12402 -0.992234 0.00944374
-16.8341 93.6963 10.3124 0.142625 -0.989712 -0.00845319
-17.7172 93.5602 9.41535 0.164838 -0.986254 -0.0111481
-18.5862 93.4079 8.52536 0.173004 -0.984921 0.000694905
-19.5575 93.2179 7.51934 0.219642 -0.975579 0.000783462
-20.4281 93.0215 6.65489 0.235907 -0.97171 -0.00992495
-21.404 92.7758 5.7301 0.273134 -0.96186 -0.0134722
-22.2942 92.5264 4.87563 0.279533 -0.96008 -0.0103741
-23.2623 92.2347 3.84075 0.299382 -0.954043 -0.0131423
-24.1351 91.9604 2.82489 0.322973 -0.946366 -0.0088063
-25.145 91.6214 1.79158 0.333595 -0.94264 -0.0119767
-26.0064 91.3171 0.941142 0.345746 -0.938304 -0.00678023
-26.8008 91.0216 -0.0252033 0.372021 -0.92819 -0.00408014
-27.6565 90.6737 -0.921168 0.381392 -0.924346 -0.0112075
-28.631 90.2636 -1.7938 0.393699 -0.919233 -0.00327436
-29.5749 89.8587 -2.69105 0.40153 -0.91582 -0.00681215
-30.4113 89.4947 -3.55332 0.420142 -0.907362 -0.0131379
-31.3291 89.0667 -4.5076 0.433115 -0.901331 -0.00326668
-32.1647 88.6593 -5.36535 0.441862 -0.897082 -0.00134762
-33.1159 88.1897 -6.3085 0.444139 -0.895935 -0.0064074
-33.9213 87.7947 -7.33168 0.454241 -0.890861 -0.0054914
-34.7301 87.3884 -8.19816 0.454865 -0.890534 -0.00688146
-35.546 86.9731 -9.11233 0.462834 -0.886403 -0.00858412
-36.0492 86.7042 -8.44088 0.463811 -0.885908 -0.00669371
-35.2579 87.1114 -7.52143 0.4624 -0.886651 -0.00594099
-34.2469 87.6234 -6.40788 0.455401 -0.890275 -0.00449186
-33.2451 88.1228 -5.26932 0.445227 -0.895417 0.00107733
-32.3844 88.5502 -4.35828 0.442012 -0.897008 -0.000502611
-31.4363 89.0105 -3.40695 0.437174 -0.899368 -0.00399787
-30.4526 89.464 -2.34879 0.420916 -0.907096 -0.00262868
-29.3825 89.9367 -1.29659 0.4 -0.916513 -0.00203292
-28.4746 90.3255 -0.495345 0.395661 -0.918388 -0.00407013
-27.5928 90.6928 0.370131 0.386038 -0.92248 -0.00237319
-26.7128 91.0459 1.42736 0.377677 -0.925913 -0.00652193
-25.8237 91.3713 2.35 0.344586 -0.938666 -0.0128575
-24.9367 91.677 3.27567 0.332324 -0.943129 -0.00722031
-24.0603 91.9676 4.28232 0.323593 -0.946117 -0.0122621
-23.1326 92.258 5.2857 0.303511 -0.9528 -0.0072895
-22.2498 92.5241 6.17588 0.285347 -0.95829 -0.0150696
-21.1038 92.8399 7.23776 0.263564 -0.96463 -0.00404243
-20.189 93.0748 8.19015 0.225041 -0.974327 -0.00400796
-19.2654 93.2844 9.09603 0.210967 -0.977208 -0.0100859
-18.2869 93.4624 10.1202 0.185295 -0.982655 0.00744237
-17.3172 93.6269 11.0934 0.15753 -0.987466 0.00978964
-16.436 93.7664 11.9687 0.133785 -0.990887 0.011417
-16.1394 93.807 12.3113 0.120657 -0.992618 0.0121548
-17.1814 93.6596 12.5632 0.156018 -0.987707 0.00858075
-18.2286 93.4768 11.4805 0.183027 -0.983103 -0.00296089
-19.2443 93.2827 10.4302 0.206452 -0.978269 0.00287748
-20.2902 93.0355 9.334 0.250331 -0.968091 -0.0115044
-21.2162 92.7987 8.41805 0.262986 -0.964708 -0.0133109
-22.3227 92.5007 7.33489 0.282249 -0.959263 0.00291148
-23.2368 92.214 6.46384 0.305835 -0.952014 -0.0113689
-24.2405 91.8903 5.39203 0.326341 -0.945196 -0.00834627
-25.1252 91.5974 4.37891 0.344853 -0.938579 -0.0121084
-25.9994 91.2891 3.41576 0.347063 -0.937762 -0.0121943
-26.8786 90.9678 2.52448 0.369827 -0.92903 -0.0100122
-27.8158 90.5924 1.43697 0.38358 -0.923488 -0.00600389
-28.7321 90.2127 0.481291 0.393576 -0.91928 -0.00331475
-29.6493 89.8169 -0.379144 0.408223 -0.912826 -0.00281941
-30.5793 89.3999 -1.27444 0.423051 -0.906065 -0.00591173
-31.4625 88.9881 -2.12781 0.432584 -0.901551 -0.00877045
-32.3755 88.5483 -3.15101 0.441651 -0.897156 -0.00738322
-33.3236 88.0854 -4.14949 0.444312 -0.895867 -0.0024225
-34.2852 87.5994 -5.13567 0.457314 -0.889296 0.000574564
-35.1066 87.1785 -6.14217 0.459276 -0.888244 -0.00936311
-36.0653 86.6839 -7.15127 0.468382 -0.883478 -0.00907699
-36.6123 86.3986 -7.84819 0.4719 -0.881606 -0.00902488
-37.1341 86.1087 -7.14455 0.476515 -0.879096 -0.0110897
-36.3137 86.5428 -6.19587 0.471136 -0.882022 -0.00825667
-35.4836 86.9779 -5.28466 0.463085 -0.886306 1.21579e-05
-34.7218 87.3754 -4.37467 0.457261 -0.889325 0.000548844
-33.8326 87.828 -3.42432 0.450389 -0.892832 0.000112571
-32.9896 88.2406 -2.53402 0.443533 -0.89624 -0.00565603
-32.178 88.6371 -1.66293 0.441484 -0.897249 -0.00563543
-31.3254 89.0394 -0.810325 0.431351 -0.902133 -0.00952635
-30.3546 89.4901 0.152787 0.420099 -0.907459 -0.00561174
-29.4316 89.9056 1.01619 0.405444 -0.914092 -0.00613814
-28.4051 90.3397 2.08646 0.387782 -0.921717 -0.00789283
-27.5699 90.6817 3.03142 0.386381 -0.922333 -0.00332316
-26.5785 91.0635 4.06973 0.355186 -0.934723 -0.0116406
-25.7223 91.3693 5.05424 0.345334 -0.938416 -0.0108826
-24.8564 91.6736 6.00575 0.334536 -0.942368 -0.00537696
-23.936 91.9844 7.02278 0.311922 -0.950099 0.00376393
-22.9093 92.3175 8.00693 0.297512 -0.954649 -0.0110669
-21.9881 92.579 8.92331 0.266134 -0.963894 -0.00897293
-20.8164 92.8925 10.0579 0.261491 -0.965179 -0.00610148
-19.9359 93.1223 10.9939 0.238799 -0.971048 0.00414048
-19.0005 93.3273 11.9673 0.202758 -0.979179 -0.00917479
-18.3702 93.452 12.6244 0.188286 -0.982103 0.00313361
-19.3991 93.2416 12.8465 0.226067 -0.974086 0.0070449
-20.2823 93.0363 11.9062 0.242725 -0.970022 0.0015599
-21.1973 92.7914 10.977 0.26067 -0.965408 0.00553539
-22.0665 92.5469 10.0705 0.279085 -0.960248 -0.005861
-23.024 92.2674 9.17679 0.293896 -0.955763 -0.0119512
-24.0264 91.949 8.16929 0.326031 -0.945305 -0.0101068
-24.9012 91.6493 7.25087 0.340568 -0.940181 -0.00848875
-25.7621 91.3454 6.30505 0.340472 -0.940226 -0.00724443
-26.6378 91.0223 5.33545 0.35728 -0.933916 -0.0116581
-27.5266 90.6906 4.34132 0.371746 -0.928228 -0.0139463
-28.4349 90.3162 3.36051 0.390268 -0.920689 -0.00441769
-29.3456 89.9335 2.34458 0.401426 -0.915882 -0.00365603
-30.2749 89.5185 1.41528 0.420685 -0.907178 -0.007189
-31.2413 89.0696 0.488738 0.430822 -0.902428 -0.00392483
-32.1722 88.6273 -0.445161 0.436519 -0.899683 -0.00447949
-33.0035 88.2265 -1.29896 0.443506 -0.896256 -0.0052733
-33.92 87.7784 -2.26345 0.444001 -0.89601 -0.00540642
-34.8901 87.2904 -3.30187 0.459086 -0.888369 0.00346815
-35.7194 86.8509 -4.27199 0.46812 -0.883663 -0.00106805
-36.5288 86.4222 -5.19942 0.47057 -0.882363 -0.000174234
-37.3459 85.9859 -6.07781 0.477676 -0.878514 -0.00614987
-37.5636 85.869 -6.32979 0.478132 -0.878262 -0.00675386
-37.8982 85.6802 -5.44845 0.479323 -0.877622 -0.00537941
-36.9758 86.1789 -4.45468 0.479365 -0.877608 -0.0033794
-36.2093 86.5898 -3.56649 0.473766 -0.880642 -0.00407108
-35.3907 87.0279 -2.59171 0.46774 -0.883855 -0.00176068
-34.312 87.5741 -1.45642 0.45254 -0.891688 -0.0100148
-33.4231 88.0114 -0.538395 0.446117 -0.894939 -0.00796247
-32.596 88.4146 0.352775 0.442203 -0.89688 -0.00794631
-31.655 88.8689 1.30838 0.432114 -0.901808 -0.00441374
-30.6638 89.3352 2.26048 0.421864 -0.906659 -0.000410559
-29.6744 89.7816 3.24948 0.410026 -0.912042 -0.0074761
-28.8554 90.1339 4.17607 0.396179 -0.918153 -0.00416254
-27.9786 90.4961 5.12646 0.383323 -0.923504 -0.0142362
-27.1609 90.815 6.05833 0.360959 -0.932542 -0.00846732
-26.1456 91.1918 7.24017 0.353447 -0.935345 -0.0143373
-25.286 91.5034 8.10799 0.343714 -0.939045 -0.00724761
-24.4445 91.7958 9.00122 0.325748 -0.945405 -0.00986706
-23.5409 92.1001 9.90925 0.30586 -0.952035 -0.00440875
-22.5229 92.407 10.882 0.287518 -0.957758 -0.00562767
-21.6815 92.6541 11.7923 0.285717 -0.958293 0.00620085
-20.6893 92.9309 12.784 0.262041 -0.96501 0.00892797
-20.3494 93.0201 13.1343 0.233694 -0.972285 0.00548593
-21.5737 92.6947 13.1866 0.273805 -0.961706 0.0101319
-22.5465 92.3966 12.1696 0.295383 -0.955347 0.00549998
-23.6687 92.0519 11.0267 0.308251 -0.951247 -0.00964873
-24.6157 91.7407 10.1015 0.324997 -0.945711 0.00174384
-25.5191 91.4135 9.15044 0.345911 -0.938234 0.00792349
-26.4227 91.0814 8.21467 0.352734 -0.935718 -0.00338948
-27.4706 90.6817 7.06486 0.369221 -0.92928 -0.0106706
-28.3107 90.3469 6.03466 0.382556 -0.923891 -0.00840848
-29.2261 89.9647 5.02558 0.416535 -0.909099 -0.00573802
-30.1555 89.5585 4.03098 0.414672 -0.909874 -0.0121435
-31.0542 89.1509 3.06713 0.424145 -0.905583 -0.00457633
-31.9082 88.7447 2.2573 0.432837 -0.901471 0.000908196
-32.7655 88.3262 1.41146 0.44368 -0.896184 -0.00141753
-33.616 87.9075 0.525507 0.446932 -0.894547 -0.00617247
-34.4859 87.4758 -0.418354 0.455739 -0.890066 -0.0092037
-35.4686 86.9769 -1.38364 0.465204 -0.885146 -0.0100791
-36.2561 86.5666 -2.27703 0.471746 -0.881724 -0.00421675
-37.0167 86.1535 -3.23445 0.477566 -0.87859 -0.00257526
-37.8086 85.7221 -4.10469 0.480644 -0.876913 -0.00215984
-38.1394 85.5419 -4.48674 0.483666 -0.87523 -0.0062814
-38.4195 85.3826 -3.54519 0.483439 -0.87537 -0.00378653
-37.5919 85.8366 -2.61827 0.483255 -0.875476 -0.00233992
-36.7496 86.2945 -1.56392 0.479255 -0.877658 -0.00557533
-35.7982 86.7943 -0.482028 0.467174 -0.884129 -0.00796742
-34.8942 87.2608 0.363222 0.457792 -0.889054 -0.00323223
-34.0249 87.6954 1.33843 0.449074 -0.893461 -0.0074715
-33.0781 88.1673 2.30057 0.446128 -0.894961 -0.0038709
-32.1448 88.6246 3.24032 0.440954 -0.897515 -0.00512244
-31.2558 89.0477 4.12052 0.422299 -0.906354 -0.0136283
-30.3028 89.4735 5.15534 0.419031 -0.907866 -0.0138821
-29.4401 89.8544 6.04418 0.412214 -0.910954 -0.0154
-28.454 90.2762 7.21319 0.392409 -0.919676 -0.0132511
-27.6192 90.6102 8.18844 0.372566 -0.92796 -0.00871992
-26.7669 90.945 9.12049 0.365501 -0.930807 0.00159719
-25.9289 91.2671 9.99783 0.35362 -0.935383 0.000121823
-24.8746 91.6471 11.1181 0.322587 -0.946432 -0.0141753
-23.8311 91.9888 12.0845 0.309133 -0.950963 -0.00310431
-22.8882 92.2955 13.1007 0.299373 -0.954103 0.00661498
-22.333 92.4731 13.689 0.292115 -0.956314 0.011548
-23.2912 92.1755 13.9807 0.308875 -0.951053 0.00968223
-24.1225 91.8972 13.0925 0.3297 -0.944075 0.00453117
-25.0426 91.578 12.1694 0.323441 -0.946235 -0.00484394
-26.073 91.2113 11.1127 0.357609 -0.93376 -0.0111485
-26.9086 90.891 10.2501 0.362405 -0.932014 -0.000382566
-27.7744 90.5429 9.33328 0.376817 -0.926258 -0.000288114
-28.6213 90.1925 8.36314 0.387068 -0.92201 -0.00851332
-29.5524 89.7933 7.22882 0.408977 -0.912492 -0.00965507
-30.3958 89.4177 6.30335 0.418182 -0.908328 -0.00790635
-31.2613 89.0266 5.41073 0.419784 -0.907524 -0.013459
-32.0778 88.6496 4.52119 0.438448 -0.898717 -0.00829004
-32.9083 88.245 3.65875 0.445205 -0.895423 -0.00300037
-33.7915 87.805 2.79189 0.456106 -0.889918 -0.00346607
-34.6076 87.393 1.94128 0.458379 -0.888711 -0.00867675
-35.4258 86.9776 1.03486 0.46633 -0.884575 -0.00788756
-36.4178 86.4611 0.0736491 0.471259 -0.881956 -0.0072461
-37.2948 85.9928 -0.910379 0.479834 -0.877342 -0.00523726
-38.1353 85.5352 -1.94604 0.482343 -0.875981 -0.00175786
-38.5921 85.2841 -2.4728 0.483409 -0.875394 -0.000701098
-38.7105 85.2163 -1.32875 0.484278 -0.874906 -0.00353579
-37.9469 85.6332 -0.402605 0.480819 -0.876812 -0.00381162
-37.1261 86.0755 0.518115 0.476547 -0.879149 -0.00064423
-36.1671 86.5822 1.49606 0.467079 -0.884193 -0.00629293
-35.3633 86.9986 2.35516 0.461143 -0.887292 -0.00767722
-34.4144 87.4832 3.36264 0.456731 -0.889602 -0.000419813
-33.5485 87.9227 4.22428 0.44934 -0.89335 -0.0042953
-32.5918 88.3908 5.2506 0.438745 -0.898542 -0.0111118
-31.7042 88.811 6.21122 0.429122 -0.90321 -0.00733396
-30.7211 89.259 7.24347 0.417292 -0.908728 -0.00900838
-29.8159 89.6659 8.24929 0.418841 -0.908028 -0.0075635
-28.9045 90.0627 9.33839 0.4033 -0.915018 -0.00927892
-27.8921 90.4893 10.4814 0.383915 -0.923316 -0.00741196
-27.0411 90.8272 11.3537 0.373346 -0.927613 -0.0111652
-26.0934 91.1914 12.3688 0.365797 -0.930663 -0.0076948
-25.2279 91.5063 13.2173 0.347433 -0.937697 -0.00259924
-24.2794 91.846 14.2203 0.335586 -0.942 0.0043341
-24.0283 91.9348 14.4691 0.317716 -0.948178 0.00339423
-24.874 91.634 14.8852 0.343183 -0.939264 -0.00287413
-25.7651 91.3083 13.9247 0.350718 -0.936437 0.00634561
-26.6665 90.9616 12.9905 0.365563 -0.930759 -0.00675712
-27.5847 90.5964 12.0996 0.38191 -0.924159 -0.00862902
-28.5494 90.2026 11.0392 0.394944 -0.918681 -0.00663711
-29.3765 89.8481 10.1147 0.405142 -0.914229 -0.00644909
-30.2387 89.4645 9.07178 0.419148 -0.907891 -0.00702739
-31.125 89.0647 8.06594 0.417907 -0.908439 -0.00958362
-31.9661 88.6771 7.1797 0.427567 -0.903955 -0.00677522
-32.7882 88.2838 6.31401 0.442553 -0.896711 -0.00683921
-33.6578 87.8573 5.3489 0.449025 -0.893474 -0.00892436
-34.4876 87.4441 4.50605 0.457469 -0.889184 -0.00814547
-35.5557 86.8906 3.42582 0.461401 -0.887185 -0.00324869
-36.3556 86.476 2.51517 0.467547 -0.883951 -0.00549805
-37.2623 85.9979 1.61225 0.477052 -0.878851 -0.00654304
-38.0733 85.5591 0.696313 0.482676 -0.875796 -0.00165035
-38.8115 85.1546 -0.145723 0.484928 -0.874539 -0.00498987
-39.0314 85.0282 0.861026 0.485025 -0.874497 -0.0023488
-38.0937 85.5428 1.9325 0.479546 -0.877503 -0.00473813
-37.1717 86.0382 2.90065 0.475169 -0.879863 -0.00699861
-36.2555 86.5194 3.90273 0.467531 -0.883954 -0.00629292
-35.3954 86.9675 4.79857 0.466963 -0.88426 -0.00547826
-34.4897 87.4297 5.70694 0.456853 -0.889526 -0.00513833
-33.5601 87.8973 6.71714 0.446913 -0.894559 -0.00571931
-32.7515 88.2936 7.60415 0.443074 -0.896468 -0.00542632
-31.7084 88.7859 8.68739 0.424683 -0.905163 -0.0177658
-30.803 89.1949 9.75065 0.421803 -0.906627 -0.0104765
-29.9637 89.577 10.749 0.414887 -0.909843 -0.00615126
-29.0502 89.9785 11.7994 0.399159 -0.916835 -0.00926458
-28.1315 90.3624 12.8013 0.387885 -0.921657 -0.00958001
-27.082 90.7922 13.842 0.378089 -0.925764 -0.00319847
-26.1486 91.1604 14.7917 0.363874 -0.931431 -0.00564803
-25.7051 91.331 15.2887 0.35518 -0.934779 0.0050939
-26.4972 91.0247 15.7014 0.36722 -0.930086 0.00949585
-27.5054 90.6184 14.6723 0.380443 -0.924793 -0.00243301
-28.4732 90.2129 13.6774 0.39412 -0.919042 -0.00549261
-29.4524 89.7935 12.6487 0.404373 -0.914524 -0.0113468
-30.3911 89.376 11.5603 0.419778 -0.907607 -0.00174893
-31.298 88.9559 10.4839 0.427546 -0.90397 -0.00651113
-32.199 88.5429 9.41135 0.433213 -0.901201 -0.010726
-33.0877 88.1206 8.48965 0.445527 -0.895227 -0.00855999
-34.0987 87.6188 7.38386 0.455739 -0.890089 -0.00638856
-35.0016 87.1617 6.40958 0.460631 -0.887572 -0.00563145
-35.9271 86.6813 5.48021 0.46851 -0.883444 -0.00495937
-36.8698 86.1882 4.46937 0.471341 -0.88192 -0.00736417
-37.6993 85.7484 3.59304 0.477088 -0.87885 -0.00314015
-38.6636 85.2256 2.53456 0.485479 -0.874201 -0.00907837
-38.9714 85.0569 2.1898 0.485751 -0.874092 -0.00293466
-39.1595 84.9445 3.21959 0.485276 -0.874353 -0.0036794
-38.1916 85.4731 4.32605 0.481976 -0.876166 -0.00553622
-37.1475 86.0322 5.40198 0.471999 -0.88157 -0.00716791
-36.3135 86.4717 6.26107 0.469204 -0.883078 -0.0046557
-35.4092 86.9431 7.22782 0.462844 -0.886417 -0.00635057
-34.5704 87.3725 8.14026 0.456928 -0.88949 -0.00497528
-33.6613 87.8281 9.0891 0.448243 -0.893874 -0.0082329
-32.8304 88.2276 9.98384 0.439883 -0.89801 -0.00898119
-32.0312 88.6045 10.9371 0.429164 -0.903198 -0.00687016
-31.255 88.9687 11.8619 0.426187 -0.904629 -0.00321831
-30.4699 89.3295 12.7873 0.419992 -0.907441 -0.0124786
-29.5265 89.7523 13.8444 0.407726 -0.913101 -0.0016867
-28.6878 90.1173 14.6962 0.395785 -0.918343 0.000940681
-27.8348 90.4779 15.5695 0.385934 -0.922519 0.00134001
-27.4837 90.6268 15.93 0.384089 -0.923285 0.0025637
-28.6377 90.1386 16.0394 0.396647 -0.91797 -0.00104082
-29.5927 89.715 15.0248 0.409537 -0.912272 -0.00614577
-30.4285 89.3392 14.1437 0.42142 -0.906852 -0.00434594
-31.2594 88.955 13.1688 0.432073 -0.901811 -0.00696013
-32.0291 88.5923 12.2483 0.433978 -0.900883 -0.00848767
-32.9075 88.177 11.2182 0.442478 -0.896751 -0.00679998
-33.7978 87.7477 10.1852 0.452129 -0.891898 -0.00986246
-34.6917 87.3014 9.28431 0.456598 -0.889624 -0.00934939
-35.7533 86.7603 8.1353 0.466593 -0.884446 -0.00559976
-36.694 86.2649 7.09516 0.46947 -0.882936 -0.0047554
-37.5425 85.8127 6.21773 0.474445 -0.880267 -0.00539705
-38.3508 85.3791 5.3634 0.480543 -0.876953 -0.00556155
-39.0062 85.0225 4.68784 0.484132 -0.87498 -0.00504639
-38.7843 85.1356 6.11096 0.481754 -0.876282 -0.00653093
-37.7167 85.7119 7.25424 0.476543 -0.879126 -0.00668677
-36.8672 86.1642 8.17444 0.474656 -0.880139 -0.00739143
-36.058 86.5933 9.03176 0.471954 -0.881601 -0.00618802
-35.0501 87.1072 10.1302 0.459826 -0.88798 -0.00722271
-34.184 87.5421 11.0382 0.452364 -0.891772 -0.0104877
-33.3719 87.9401 11.9847 0.443371 -0.896271 -0.0108675
-32.5622 88.3308 12.9341 0.437726 -0.899078 -0.00481594
-31.6563 88.7601 14.0276 0.433024 -0.901371 -0.00446396
-30.8586 89.1336 14.9661 0.425556 -0.904924 -0.00360343
-30.0214 89.5159 15.8314 0.417998 -0.908438 -0.00327953
-29.3448 89.8249 16.5288 0.408747 -0.912636 0.00471744
-30.2183 89.4296 16.8544 0.414284 -0.910139 0.00387716
-31.1924 88.9719 15.8853 0.427096 -0.904196 0.00262033
-32.0501 88.5669 14.8977 0.433252 -0.901262 -0.0043157
-32.9451 88.137 13.8213 0.443288 -0.896367 -0.00469979
-33.8766 87.6832 12.6829 0.450686 -0.892626 -0.00782597
-34.6763 87.2811 11.7516 0.455104 -0.890371 -0.0107531
-35.5303 86.85 10.8468 0.461532 -0.887076 -0.00916128
-36.3775 86.4139 9.96925 0.472252 -0.881376 -0.0122675
-37.2923 85.9278 8.9392 0.477126 -0.878812 -0.00626806
-38.1219 85.4855 8.03321 0.477286 -0.878716 -0.00744926
-38.5986 85.2307 7.52584 0.478241 -0.878208 -0.00562522
-38.2207 85.4219 9.17188 0.477327 -0.878693 -0.00763001
-37.3489 85.8878 10.1338 0.478075 -0.878285 -0.00764479
-36.385 86.3943 11.165 0.469144 -0.883059 -0.0105045
-35.5753 86.8131 12.0416 0.466432 -0.884505 -0.0096036
-34.7715 87.2248 12.94 0.453478 -0.891266 -0.00152179
-33.9826 87.6221 13.8572 0.449335 -0.893343 -0.00584633
-33.1952 88.0093 14.8692 0.443724 -0.896161 -0.00182079
-32.4113 88.387 15.7918 0.437528 -0.899182 -0.00176445
-31.5344 88.8114 16.7568 0.429599 -0.903017 0.00190261
-31.3413 88.9032 16.9322 0.428499 -0.90354 0.00184939
-32.7826 88.2065 16.6615 0.438744 -0.898612 -0.000704592
-33.6325 87.7855 15.6436 0.446126 -0.894939 -0.00750273
-34.4817 87.364 14.5927 0.452067 -0.891933 -0.00954125
-35.3756 86.9101 13.5234 0.464837 -0.885375 -0.00605306
-36.1943 86.484 12.6192 0.466158 -0.884691 -0.00430541
-37.0152 86.0542 11.7317 0.472228 -0.881463 -0.00481063
-37.8646 85.6009 10.8249 0.475611 -0.879643 -0.00404301
-37.0437 86.0326 12.9618 0.471396 -0.881916 -0.00322263
-36.1642 86.4944 13.9287 0.464531 -0.885545 -0.00376967
-35.356 86.9097 14.8528 0.460401 -0.887687 -0.00657873
-34.6013 87.2923 15.7777 0.45342 -0.891268 -0.00716938
-37.0934 86.0032 13.8608 0.47089 -0.882181 -0.00399125
-37.5696 85.7514 12.9573 0.471807 -0.881695 -0.00329901
-37.9524 85.5497 12.0724 0.47327 -0.88091 -0.0035064
-38.2554 85.3892 11.0722 0.476927 -0.878936 -0.00342155
-38.5627 85.2283 9.96712 0.481588 -0.876365 -0.00754899
-38.7925 85.111 8.99601 0.482502 -0.875855 -0.0084164
-39.0138 84.9981 8.00999 0.483483 -0.875312 -0.00853665
-39.2402 84.8801 6.96344 0.484861 -0.874578 -0.00488592
-39.3838 84.8076 5.7173 0.484262 -0.874908 -0.00515612
-39.4895 84.7549 4.6166 0.484793 -0.874618 -0.00438665
-39.5943 84.7019 3.38583 0.488289 -0.872677 -0.00296442
-39.5864 84.712 2.22387 0.49001 -0.871701 -0.00518783
-39.4972 84.7672 1.19882 0.488592 -0.872504 -0.00362911
-39.3928 84.8314 -0.123533 0.487163 -0.873297 -0.00472073
-39.2536 84.9141 -1.27913 0.486832 -0.873486 -0.00398242
-39.1099 84.9971 -2.40093 0.485806 -0.874067 -0.000253868
-38.8959 85.1189 -3.41587 0.485098 -0.874442 -0.005206
-38.6723 85.247 -4.40837 0.482722 -0.875751 -0.00621837
-38.3902 85.4116 -5.45367 0.481201 -0.876586 -0.00610775
-37.9352 85.6689 -6.65428 0.479545 -0.877489 -0.00703586
-37.5285 85.8992 -7.54509 0.478489 -0.878045 -0.0092328
-36.9755 86.209 -8.39876 0.474626 -0.880133 -0.00962519
-36.0844 86.6939 -9.33449 0.465387 -0.88507 -0.00766115
-35.2597 87.13 -10.0525 0.459546 -0.888091 -0.010558
-34.3625 87.5998 -10.5791 0.456954 -0.889424 -0.0109006
-33.3682 88.1098 -10.9587 0.449542 -0.893197 -0.00967745
-32.3979 88.59 -11.1233 0.44118 -0.89737 -0.00935066
-31.4367 89.0518 -11.1916 0.428394 -0.903536 -0.00999197
-30.5184 89.481 -11.1417 0.418716 -0.908048 -0.0112233
-29.5489 89.9191 -11.0112 0.407159 -0.913239 -0.0146954
-28.634 90.3199 -10.8795 0.397975 -0.917257 -0.0159712
-27.3419 90.8562 -10.537 0.381615 -0.924126 -0.0189251
-26.4762 91.1937 -10.2533 0.361761 -0.932154 -0.0147921
-25.5922 91.5287 -9.9594 0.348588 -0.937206 -0.0112911
-24.7068 91.8546 -9.6699 0.337688 -0.941085 -0.0147641
-23.6519 92.2103 -9.30498 0.315713 -0.948642 -0.0200046
-22.7527 92.5007 -8.98733 0.29427 -0.955645 -0.0120723
-21.7547 92.7929 -8.74853 0.265312 -0.964058 -0.01306
-20.6978 93.0749 -8.58927 0.252161 -0.967475 -0.019972
-19.5601 93.3398 -8.37188 0.221831 -0.974735 -0.0247659
-18.5538 93.5403 -8.24534 0.188501 -0.981799 -0.0220225
-17.4992 93.7189 -8.22769 0.146104 -0.989219 -0.00993796
-16.284 93.8907 -8.22341 0.131462 -0.99128 -0.0089919
-15.3084 94.0144 -8.24821 0.105453 -0.994319 -0.0132829
-13.9713 94.1365 -8.34117 0.0617973 -0.997927 -0.0153556
-12.903 94.1816 -8.39327 0.020245 -0.999531 -0.0227239
-11.7538 94.1882 -8.52891 -0.0146829 -0.999542 -0.0264683
-10.7539 94.1628 -8.65448 -0.0502012 -0.998401 -0.0255578
-9.45428 94.0821 -8.78781 -0.0843061 -0.996034 -0.0284129
-8.38879 93.9853 -8.90219 -0.105558 -0.994176 -0.0216929
-7.13425 93.8362 -9.07202 -0.132707 -0.990848 -0.0246748
-5.8908 93.6335 -9.28651 -0.180071 -0.983467 -0.0191445
-4.84874 93.4236 -9.56637 -0.206087 -0.978167 -0.0267694
-3.79378 93.1792 -9.82574 -0.244088 -0.969296 -0.0297281
-2.87113 92.9389 -10.107 -0.282672 -0.958842 -0.0267955
-1.76588 92.6276 -10.4676 -0.290311 -0.956337 -0.0325844
-0.779751 92.3218 -10.7766 -0.317238 -0.948064 -0.0228237
0.148403 92.0024 -11.1076 -0.335434 -0.941886 -0.0180535
1.05085 91.6721 -11.3514 -0.361042 -0.932488 -0.0102011
1.93028 91.3272 -11.6037 -0.374234 -0.927304 -0.00608278
2.83076 90.9586 -11.8247 -0.38342 -0.923544 -0.00739345
4.00409 90.4599 -11.9066 -0.39698 -0.917796 -0.00750683
4.87811 90.0716 -11.6931 -0.411277 -0.911468 -0.00873231
5.78793 89.6511 -11.1864 -0.420894 -0.907097 -0.00469901
6.46858 89.3309 -10.4752 -0.424242 -0.90554 -0.00106663
7.02985 89.0653 -9.70243 -0.432916 -0.901415 0.00588033
7.57811 88.8037 -8.88227 -0.438115 -0.898899 0.00590952
8.09977 88.5523 -7.98144 -0.441285 -0.897358 0.00380738
8.61982 88.3003 -6.95077 -0.445857 -0.895084 0.00601878
9.02963 88.1051 -5.86505 -0.446794 -0.894588 0.00881681
9.33018 87.9635 -4.90911 -0.450756 -0.892611 0.00801551
9.54852 87.8608 -3.93496 -0.451782 -0.892112 0.00533829
9.70332 87.7881 -2.90738 -0.454126 -0.89092 0.00559908
9.84094 87.7252 -1.8766 -0.452605 -0.891697 0.00503662
9.94357 87.6805 -0.897307 -0.455261 -0.890335 0.00641136
9.93819 87.6895 0.224895 -0.451856 -0.892081 0.00428397
9.94122 87.6955 1.38317 -0.451488 -0.892257 0.00588077
9.85487 87.7464 2.57046 -0.450167 -0.892927 0.00549026
9.73179 87.8148 3.63931 -0.449487 -0.893269 0.00536586
9.46166 87.9551 4.85276 -0.447317 -0.894368 0.00351967
9.20291 88.089 5.84547 -0.440299 -0.897849 0.00202454
8.84856 88.2659 7.04697 -0.438692 -0.898632 0.00309177
8.34418 88.516 8.23633 -0.436564 -0.899661 0.00472615
7.94726 88.7131 9.20065 -0.431864 -0.901918 0.00604272
7.55735 88.8984 10.0838 -0.424618 -0.905372 -0.000415285
6.97748 89.1712 11.0575 -0.42178 -0.906687 0.00455175
6.15227 89.5563 11.7151 -0.417229 -0.908783 0.00571821
5.28867 89.9501 11.9477 -0.406919 -0.91343 0.00603159
4.3892 90.3425 12.0129 -0.389634 -0.920963 0.00239114
3.31185 90.7894 12.039 -0.37682 -0.926282 0.00249449
2.18184 91.2315 11.969 -0.354734 -0.934966 0.000554137
1.15856 91.6102 11.8762 -0.343382 -0.939165 0.00746086
0.218299 91.9392 11.8472 -0.315107 -0.949041 0.00531703
-0.870786 92.298 11.811 -0.302839 -0.953041 0.00143108
-1.91292 92.6155 11.7798 -0.272845 -0.96201 0.00954055
-3.18747 92.968 11.8439 -0.256174 -0.966555 0.0118869
-4.20021 93.2201 12.0017 -0.230861 -0.972931 0.00897402
-5.16303 93.4234 12.0003 -0.196495 -0.980411 0.0122483
-6.14699 93.6097 12.0758 -0.17421 -0.98461 0.0138703
-7.26306 93.7762 12.1922 -0.129006 -0.991579 0.00853584
-8.34894 93.898 12.3122 -0.0963478 -0.995152 0.0109635
-9.52804 93.9899 12.378 -0.0686558 -0.997553 0.010972
-10.5542 94.0453 12.4364 -0.0474364 -0.998771 0.0140455
-11.6105 94.0801 12.4986 -0.0230217 -0.999605 0.016014
-12.8356 94.0764 12.5993 0.0206959 -0.999684 0.0139841
-13.8912 94.0301 12.6921 0.0695475 -0.997461 0.0132614
-14.9252 93.9457 12.7745 0.0927439 -0.995653 0.00862191
-15.9989 93.8306 12.8577 0.119289 -0.992747 0.0149639
-17.2976 93.6445 13.0847 0.164066 -0.986398 0.0100842
-18.5485 93.4173 13.2748 0.195649 -0.980672 0.000192311
-19.6617 93.1844 13.5097 0.229093 -0.973331 0.0115349
-20.7287 92.9298 13.7257 0.250284 -0.968083 0.0075335
-21.6499 92.6809 14.0149 0.271326 -0.962284 0.0195387
-22.5691 92.41 14.3654 0.29731 -0.954596 0.0187037
-23.6242 92.0707 14.8051 0.313965 -0.949426 0.0039662
-24.518 91.7628 15.294 0.342559 -0.939454 0.00544779
-25.3616 91.4621 15.7159 0.342162 -0.939569 0.0115707
-26.3122 91.1019 16.146 0.359586 -0.933064 0.00809801
-27.2378 90.7298 16.5137 0.376445 -0.926412 0.0057099
-28.2543 90.303 16.8897 0.397448 -0.917594 0.00716325
-29.2903 89.8517 17.1861 0.412065 -0.911137 0.00557296
-30.3289 89.3816 17.4167 0.418269 -0.908304 0.00447644
-31.2108 88.9671 17.5024 0.428185 -0.903679 0.0045335
-32.095 88.5422 17.4323 0.437283 -0.899319 0.00297695
-32.9366 88.1307 17.1685 0.443309 -0.896365 0.00143294
-33.8197 87.6884 16.8254 0.450909 -0.892564 -0.000968667
-34.7136 87.2308 16.3204 0.455081 -0.890434 -0.00384539
-35.5861 86.7858 15.5684 0.460259 -0.887772 -0.0047965
-36.3126 86.412 14.7888 0.464375 -0.885616 -0.00593224
-37.0222 86.0405 13.9657 0.469729 -0.882796 -0.00516439
-37.6586 85.6959 14.6371 0.471989 -0.881595 -0.00350597
-37 86.0449 15.4257 0.469995 -0.882663 -0.00319592
-36.3573 86.3803 16.1011 0.462938 -0.886366 -0.0065706
-35.6212 86.7617 16.8118 0.462712 -0.886509 -3.68655e-05
-34.9009 87.1355 17.3564 0.45822 -0.888838 0.000851196
-34.0228 87.5855 17.8105 0.452864 -0.891579 -8.13838e-05
-32.8782 88.1601 18.2304 0.444208 -0.895917 0.0033993
-31.9459 88.6182 18.4609 0.437932 -0.899005 0.00219694
-30.9713 89.0838 18.4706 0.427835 -0.903855 0.00170948
-29.9818 89.5455 18.3478 0.414333 -0.910113 0.00407691
-28.9385 90.0175 18.0799 0.406688 -0.913527 0.007977
-27.9681 90.4378 17.804 0.392766 -0.919562 0.0111524
-26.9794 90.8477 17.4488 0.380579 -0.924651 0.0133612
-25.9586 91.254 17.0421 0.371022 -0.928531 0.0131039
-25.0278 91.6 16.619 0.349277 -0.936804 0.0201047
-24.1244 91.924 16.1742 0.335987 -0.941637 0.0205459
-23.2751 92.1987 15.6897 0.309255 -0.950533 0.0288326
-22.228 92.5328 15.2868 0.296009 -0.955046 0.016298
-21.2092 92.8213 14.8931 0.270312 -0.962624 0.016725
-20.3027 93.0531 14.6219 0.246099 -0.969048 0.0193668
-19.1265 93.3251 14.3808 0.216312 -0.976082 0.021769
-18.178 93.5152 14.2187 0.190877 -0.981187 0.0288944
-17.0541 93.7002 14.0461 0.157849 -0.987156 0.0242113
-15.9864 93.8528 13.8609 0.122302 -0.992385 0.0140303
-14.9911 93.9558 13.7657 0.0852382 -0.996075 0.0238147
-13.9182 94.0435 13.7006 0.0564927 -0.998123 0.014149
-12.8863 94.0869 13.61 0.0402248 -0.999165 0.00580035
-11.8383 94.0942 13.4716 -0.00823104 -0.99992 0.00934554
-10.7582 94.0695 13.4221 -0.05009 -0.99858 0.0178973
-9.65016 94.0142 13.3727 -0.0550356 -0.998258 0.020682
-8.59185 93.9317 13.3167 -0.0860569 -0.99621 0.0125669
-7.54289 93.8173 13.1895 -0.115491 -0.993214 0.0132268
-6.4711 93.6698 13.0764 -0.153886 -0.988002 0.0113566
-5.3351 93.4723 12.9844 -0.194707 -0.980606 0.022247
-4.17296 93.2243 12.9457 -0.222068 -0.974986 0.00942576
-3.21554 92.9894 12.8399 -0.25104 -0.967748 0.0208722
-2.10104 92.6818 12.7592 -0.277912 -0.960529 0.0122263
-1.17073 92.4 12.7897 -0.3037 -0.952681 0.0124945
-0.186999 92.0818 12.7693 -0.31783 -0.948065 0.0122193
0.844243 91.7343 12.8197 -0.337882 -0.941078 0.0135542
2.07068 91.2861 12.9171 -0.344933 -0.938516 0.0141018
3.04214 90.9106 13.0102 -0.370289 -0.928834 0.0108058
4.17186 90.4431 13.0372 -0.389648 -0.920853 0.0140717
5.06166 90.0589 12.9551 -0.404568 -0.914419 0.0115506
6.02065 89.6259 12.8373 -0.414893 -0.909824 0.00909484
6.89058 89.221 12.4209 -0.423042 -0.906051 0.0103491
7.82668 88.7748 11.4947 -0.426584 -0.904434 0.00504616
8.29236 88.5511 10.6149 -0.430394 -0.902632 0.0039378
8.81254 88.2975 9.46183 -0.436056 -0.8999 0.00557447
9.25497 88.0738 8.30632 -0.436717 -0.899585 0.00497372
9.64842 87.8749 7.40721 -0.441859 -0.897072 0.00472445
9.97337 87.7079 6.417 -0.44812 -0.893954 0.00581658
10.2645 87.5552 5.24985 -0.448873 -0.893584 0.00459543
10.5324 87.4114 4.07146 -0.452767 -0.891601 0.00712182
10.7027 87.317 3.01495 -0.455826 -0.890052 0.00545271
10.7813 87.2697 1.91808 -0.456043 -0.88994 0.00554426
10.8073 87.2501 0.802791 -0.45692 -0.889493 0.00508475
10.8313 87.231 -0.180655 -0.456692 -0.889598 0.00683654
10.7985 87.2409 -1.15317 -0.456492 -0.889693 0.00771092
10.6744 87.2958 -2.19599 -0.458379 -0.888728 0.0070658
10.5571 87.3486 -3.19865 -0.459329 -0.888249 0.00490745
10.3694 87.4385 -4.3119 -0.456749 -0.889578 0.00561097
10.1328 87.5535 -5.28004 -0.456955 -0.88947 0.00594697
9.7955 87.7154 -6.33621 -0.451047 -0.892482 0.00561108
9.38444 87.9164 -7.4109 -0.448097 -0.893969 0.00502165
8.90866 88.1499 -8.37663 -0.449079 -0.893482 0.00404062
8.32932 88.4326 -9.42259 -0.44271 -0.896659 0.0020613
7.77709 88.7016 -10.2592 -0.438343 -0.898803 -9.21187e-05
7.21957 88.9724 -11.0581 -0.436493 -0.899707 -0.000415774
6.48339 89.3275 -11.8533 -0.429496 -0.903052 -0.00547432
5.48174 89.8056 -12.527 -0.418602 -0.908111 -0.0087849
4.61651 90.2025 -12.8042 -0.406611 -0.913465 -0.0135708
3.40663 90.7262 -12.8976 -0.388393 -0.921469 -0.00666396
2.45144 91.1246 -12.7112 -0.382893 -0.923605 -0.0186332
1.25546 91.6067 -12.4004 -0.36401 -0.931196 -0.0154062
0.099862 92.0399 -12.1255 -0.342638 -0.939288 -0.0162892
-0.782064 92.3447 -11.7949 -0.327688 -0.944345 -0.0273618
-1.9258 92.7094 -11.4111 -0.295926 -0.954444 -0.0349267
-2.97636 93.0035 -11.0756 -0.276897 -0.959994 -0.041439
-3.88234 93.2296 -10.7734 -0.245971 -0.967948 -0.0507376
-4.89163 93.4614 -10.5581 -0.201485 -0.978978 -0.0314616
-5.83257 93.6483 -10.2951 -0.181279 -0.982762 -0.0330864
-6.89731 93.823 -10.0796 -0.158807 -0.987041 -0.0225416
-7.86815 93.9483 -9.99621 -0.120219 -0.992492 -0.0221209
-9.05496 94.0749 -9.81207 -0.102215 -0.994463 -0.0243872
-10.235 94.1589 -9.69567 -0.0662483 -0.997309 -0.0313146
-11.3907 94.2077 -9.56024 -0.0347734 -0.999026 -0.0266467
-12.4195 94.2125 -9.40954 0.00488388 -0.999784 -0.0195208
-13.7372 94.161 -9.30167 0.0559181 -0.99834 -0.013791
-14.7155 94.0853 -9.24399 0.0900502 -0.995614 -0.0253702
-15.9427 93.9534 -9.18153 0.118438 -0.992762 -0.0197674
-16.9274 93.8236 -9.17917 0.146385 -0.988905 -0.025266
-18.0903 93.6481 -9.1978 0.160356 -0.986817 -0.0216934
-19.3 93.4163 -9.2723 0.215399 -0.976258 -0.0228358
-20.3102 93.1864 -9.50684 0.235578 -0.971704 -0.0167165
-21.5862 92.8597 -9.68416 0.269581 -0.96276 -0.0204064
-22.5612 92.5763 -9.95352 0.29894 -0.954073 -0.0178251
-23.6638 92.2261 -10.3466 0.320174 -0.947112 -0.0210481
-24.6173 91.902 -10.6531 0.33199 -0.943164 -0.0148762
-25.6591 91.5233 -10.9987 0.352858 -0.935482 -0.0190783
-26.6362 91.1542 -11.2979 0.36486 -0.93084 -0.0203496
-27.6343 90.7608 -11.6383 0.38188 -0.923976 -0.0208825
-28.5506 90.3729 -11.8567 0.398642 -0.916934 -0.017768
-29.483 89.9661 -11.9907 0.407634 -0.912939 -0.0192501
-30.7304 89.3979 -12.1453 0.42251 -0.906279 -0.0116161
-31.6406 88.9687 -12.1496 0.429041 -0.903181 -0.0137537
-32.7295 88.4402 -12.0755 0.440592 -0.897625 -0.0120797
-33.6719 87.9682 -11.8875 0.451365 -0.892242 -0.013198
-34.7066 87.4358 -11.5061 0.454977 -0.890393 -0.014011
-35.6328 86.9458 -10.9649 0.462115 -0.886779 -0.00850468
-36.4823 86.4916 -10.2473 0.467026 -0.884189 -0.00983926
-37.1902 86.1056 -9.52981 0.47379 -0.880567 -0.0112032
-37.8936 85.7134 -8.6837 0.478917 -0.877792 -0.0109707
-38.3799 85.4372 -7.80245 0.480468 -0.876951 -0.0103815
-38.7826 85.2077 -6.87785 0.479463 -0.877534 -0.00701488
-39.1453 84.9983 -5.98107 0.484759 -0.874599 -0.00923204
-39.4774 84.8051 -4.87336 0.485675 -0.874116 -0.00644813
-39.7386 84.6504 -3.61272 0.487747 -0.872971 -0.00497358
-39.936 84.5362 -2.55999 0.489664 -0.871907 -0.00154452
-40.073 84.4556 -1.52895 0.490611 -0.871372 -0.00335893
-40.1973 84.3799 -0.424383 0.492026 -0.870574 -0.00351333
-40.2946 84.3208 0.663417 0.490965 -0.871174 -0.00277004
-40.3816 84.2676 1.64064 0.491079 -0.871104 -0.00444366
-40.4518 84.2238 2.63498 0.489165 -0.872186 -0.00316164
-40.4384 84.2275 3.74563 0.489892 -0.871778 -0.00294425
-40.3451 84.2757 4.81597 0.489892 -0.871776 -0.00354327
-40.2217 84.3401 5.85594 0.488624 -0.872481 -0.00477863
-40.12 84.3897 7.0378 0.487138 -0.873313 -0.00460726
-39.8878 84.5133 8.03618 0.485581 -0.874168 -0.00645387
-39.677 84.6236 8.99268 0.484113 -0.87498 -0.00659287
-39.4187 84.7571 10.187 0.480342 -0.877067 -0.00501255
-39.0532 84.9529 11.4076 0.480052 -0.877234 -0.003178
-38.6784 85.1541 12.5447 0.47854 -0.878062 -0.00245075
-38.2335 85.3912 13.5898 0.476037 -0.879418 -0.00361189
-37.8382 85.6012 14.3509 0.473506 -0.880779 -0.0042003
-38.5797 85.199 14.7986 0.475931 -0.87948 -0.00104708
-39.1436 84.897 13.7755 0.477555 -0.878596 -0.00319994
-39.5161 84.6966 12.7328 0.479491 -0.877545 -0.00199976
-39.8927 84.4914 11.6388 0.481923 -0.876211 -0.00150882
-40.1956 84.3278 10.6756 0.483383 -0.875401 -0.00361359
-40.4477 84.1925 9.64299 0.486432 -0.873716 -0.00193659
-40.6926 84.0601 8.48069 0.489098 -0.872198 -0.00736175
-40.9317 83.9338 7.3899 0.489603 -0.871923 -0.00616744
-41.0503 83.8736 6.39405 0.489042 -0.87225 -0.00390138
-41.1471 83.8215 5.37214 0.491801 -0.870701 -0.0033976
-41.2932 83.7443 4.25722 0.491014 -0.871144 -0.00376182
-41.2964 83.747 3.11484 0.490931 -0.871192 -0.00338172
-41.2572 83.7722 2.09517 0.491076 -0.871114 -0.00227791
-41.1364 83.8448 0.838998 0.491986 -0.870596 -0.00358974
-41.0227 83.9134 -0.373111 0.492634 -0.870233 -0.00241049
-40.9014 83.9857 -1.46055 0.494554 -0.869136 -0.0043765
-40.7812 84.0579 -2.58254 0.491622 -0.870798 -0.004
-40.5657 84.1878 -3.84282 0.491147 -0.871058 -0.00570026
-40.3774 84.3015 -4.88238 0.490807 -0.871243 -0.00658391
-40.1147 84.4583 -5.83153 0.488022 -0.872777 -0.00966588
-39.7591 84.6667 -6.83675 0.486855 -0.873433 -0.00933297
-39.3573 84.8987 -7.7364 0.482883 -0.875631 -0.00970588
-38.9521 85.1334 -8.63284 0.480505 -0.876922 -0.0110525
-38.3625 85.4708 -9.55291 0.479659 -0.877235 -0.0196258
-37.6605 85.867 -10.3795 0.471095 -0.881961 -0.0146249
-36.8882 86.2872 -11.159 0.467352 -0.884001 -0.0110543
-35.9775 86.7786 -11.908 0.467714 -0.88378 -0.0133305
-35.0065 87.2982 -12.4732 0.461267 -0.887109 -0.0161865
-34.1828 87.7253 -12.7697 0.450486 -0.892599 -0.0178222
-33.1297 88.2562 -13.0173 0.446147 -0.894808 -0.0164646
-32.2602 88.6859 -13.0996 0.437896 -0.898862 -0.0170269
-31.1547 89.2173 -13.1282 0.429119 -0.903004 -0.0208726
-30.1971 89.6616 -13.0334 0.41769 -0.908393 -0.0188378
-29.2541 90.0891 -12.9362 0.405393 -0.913866 -0.0220716
-28.1973 90.5445 -12.7614 0.393818 -0.919021 -0.0174336
-27.2629 90.9359 -12.5319 0.382425 -0.923642 -0.0251335
-26.3847 91.2759 -12.25 0.361067 -0.932248 -0.023307
-25.4911 91.612 -11.97 0.355581 -0.934225 -0.0280046
-24.5629 91.9432 -11.6555 0.335196 -0.941715 -0.0285696
-23.4877 92.3057 -11.3306 0.320106 -0.947145 -0.0211517
-22.5055 92.613 -10.9882 0.294786 -0.955405 -0.0173832
-21.5293 92.9028 -10.6754 0.275481 -0.960747 -0.0326914
-20.4471 93.1801 -10.5089 0.243143 -0.969477 -0.0315467
-19.4948 93.4098 -10.276 0.232487 -0.97175 -0.0387829
-18.2812 93.649 -10.1667 0.162835 -0.985865 -0.038105
-17.2185 93.8073 -10.1456 0.156796 -0.986494 -0.0438846
-16.2404 93.95 -10.1488 0.113321 -0.99209 -0.053613
-15.1112 94.077 -10.1825 0.0959646 -0.994028 -0.0519589
-13.9927 94.1771 -10.2471 0.0756989 -0.995623 -0.0546777
-12.862 94.2375 -10.3004 0.0237723 -0.998751 -0.0435115
-11.6852 94.2615 -10.5185 0.00729094 -0.998714 -0.0501523
-10.5691 94.2148 -10.6296 -0.0573502 -0.997625 -0.0379302
-9.45641 94.143 -10.7523 -0.0683622 -0.996834 -0.0395222
-8.46376 94.0493 -10.886 -0.1092 -0.993291 -0.0380394
-7.4037 93.9313 -11.0201 -0.129222 -0.990121 -0.0537574
-6.36807 93.7805 -11.1628 -0.181965 -0.980919 -0.0684538
-5.29136 93.5837 -11.4399 -0.200277 -0.978278 -0.0534708
-4.27338 93.375 -11.6376 -0.241116 -0.968964 -0.0543026
-3.35195 93.1441 -11.9271 -0.266953 -0.962901 -0.03945
-2.34363 92.8737 -12.2558 -0.283568 -0.957928 -0.043752
-1.41022 92.5827 -12.5768 -0.323748 -0.945764 -0.026774
-0.36828 92.238 -12.9805 -0.330781 -0.9427 -0.0435953
0.848065 91.7858 -13.312 -0.364331 -0.930887 -0.0262612
1.87798 91.3823 -13.6217 -0.377919 -0.925459 -0.0265167
2.78205 91.0112 -13.802 -0.386328 -0.921825 -0.0312844
3.77473 90.5874 -13.9004 -0.401483 -0.915607 -0.0211361
4.67191 90.1893 -13.777 -0.400883 -0.91608 -0.00942504
5.68017 89.7233 -13.504 -0.428472 -0.903489 -0.0109148
6.50115 89.3261 -13.1013 -0.435353 -0.900239 -0.00619506
7.17523 88.9976 -12.4922 -0.435471 -0.9002 -0.00192149
7.82683 88.6805 -11.7825 -0.433612 -0.901077 -0.00638369
8.52074 88.3369 -10.7741 -0.442308 -0.896862 -0.0010426
9.10335 88.0473 -9.91701 -0.446677 -0.894694 0.00112273
9.58199 87.8077 -9.02216 -0.453383 -0.891301 0.0051741
10.0238 87.588 -8.11356 -0.455917 -0.890001 0.00609312
10.4889 87.3596 -6.98294 -0.454084 -0.890938 0.00615031
10.8144 87.1975 -6.00728 -0.457889 -0.888995 0.00486476
11.1282 87.0423 -4.88912 -0.461641 -0.887059 0.00369396
11.3827 86.9161 -3.62479 -0.462769 -0.886466 0.00470816
11.5094 86.8595 -2.52249 -0.462253 -0.886671 0.0116103
11.6402 86.8046 -1.50851 -0.458576 -0.888602 0.00970348
11.6974 86.7844 -0.455273 -0.457367 -0.889257 0.0060421
11.6744 86.8017 0.57924 -0.461475 -0.887145 0.00372853
11.7157 86.7857 1.60507 -0.46103 -0.887361 0.00648319
11.5933 86.8574 2.66503 -0.460887 -0.887436 0.00635787
11.5046 86.9118 3.64252 -0.457355 -0.889242 0.00859195
11.2746 87.0394 4.66061 -0.453183 -0.89138 0.00820704
11.0464 87.1656 5.77106 -0.449966 -0.893013 0.00736188
10.8079 87.2917 6.77281 -0.448882 -0.893572 0.0057917
10.4124 87.4998 7.82399 -0.446619 -0.89468 0.00855081
9.96709 87.7304 8.89995 -0.440782 -0.897561 0.00916815
9.57534 87.9314 9.92959 -0.437032 -0.899353 0.0128892
9.14563 88.1483 10.8723 -0.427947 -0.903781 0.00642853
8.55118 88.4333 12.0731 -0.428634 -0.903475 0.00205902
7.78141 88.8057 12.9842 -0.428576 -0.903452 0.00939005
6.89691 89.2355 13.5555 -0.420289 -0.907178 0.0191582
5.99083 89.6559 13.9472 -0.410365 -0.911842 0.0120015
4.86347 90.1628 13.9814 -0.403071 -0.914695 0.0294517
3.83826 90.6023 14.0099 -0.386395 -0.922008 0.024491
2.727 91.0553 13.9442 -0.371201 -0.928213 0.0249765
1.71262 91.4406 13.8803 -0.346236 -0.937739 0.0276624
0.789447 91.7754 13.7976 -0.337719 -0.9409 0.0254853
-0.261605 92.1279 13.7145 -0.314481 -0.948812 0.0290444
-1.29614 92.4593 13.7242 -0.300216 -0.953229 0.034989
-2.40142 92.7853 13.7417 -0.277862 -0.960432 0.0187445
-3.37377 93.0572 13.8054 -0.24382 -0.969512 0.0227753
-4.40674 93.2972 13.8962 -0.219008 -0.975536 0.0187634
-5.45001 93.5208 13.9736 -0.185402 -0.982405 0.0195837
-6.59779 93.7104 14.05 -0.156418 -0.987414 0.0233802
-7.80298 93.874 14.2069 -0.124851 -0.991533 0.0345987
-8.87256 93.9748 14.2749 -0.0829942 -0.995969 0.0339057
-10.0729 94.0649 14.3613 -0.0509074 -0.997657 0.0456367
-11.2239 94.1142 14.4259 -0.026025 -0.999259 0.0272035
-12.4331 94.1315 14.5462 0.00854962 -0.99948 0.0293955
-13.578 94.085 14.6687 0.0536123 -0.998214 0.0263545
-14.559 94.0321 14.7392 0.0749076 -0.996253 0.0383678
-15.5697 93.9279 14.8378 0.123135 -0.991754 0.035511
-16.598 93.8003 14.9392 0.132165 -0.990482 0.0375875
-17.5808 93.6541 15.0765 0.168356 -0.984731 0.0434636
-18.5957 93.4746 15.2227 0.193453 -0.979734 0.0505196
-19.5655 93.2661 15.4687 0.235523 -0.971088 0.0387493
-20.5875 93.0168 15.7179 0.24654 -0.968061 0.0455413
-21.7145 92.7069 16.1452 0.284205 -0.957749 0.0438764
-22.6629 92.4383 16.4799 0.319972 -0.94588 0.0540873
-23.5197 92.1612 16.9453 0.338339 -0.940208 0.0391913
-24.4395 91.8464 17.3955 0.352519 -0.934616 0.0462884
-25.3326 91.5161 17.7992 0.369231 -0.928674 0.0350447
-26.3151 91.1351 18.1917 0.376298 -0.925924 0.03261
-27.1738 90.7868 18.5707 0.38976 -0.920678 0.0208686
-28.0889 90.4068 18.8593 0.402285 -0.915288 0.0195586
-28.9755 90.0154 19.1111 0.413029 -0.91056 0.0168628
-30.159 89.4787 19.3553 0.420223 -0.907236 0.0181793
-31.4137 88.8853 19.4925 0.428026 -0.903678 0.0126124
-32.3677 88.4213 19.3823 0.443902 -0.895966 0.0138271
-33.2676 87.9686 19.1411 0.4492 -0.893416 0.00496727
-34.1334 87.5303 18.7849 0.452679 -0.891656 0.00449371
-34.9598 87.1072 18.3957 0.455389 -0.89029 0.00218218
-35.9188 86.608 17.7894 0.463437 -0.886113 0.005233
-36.6149 86.2423 17.1342 0.464559 -0.885541 -0.00122795
-37.3664 85.8456 16.3817 0.468578 -0.883416 -0.00250066
-38.1197 85.4483 15.5126 0.472954 -0.881081 -0.000891572
-38.4004 85.2964 15.1184 0.47631 -0.879277 0.000595741
