6.46894 90.0513 8.67033 -0.41602 -0.909331 0.00663848
5.43483 90.5181 9.78743 -0.401403 -0.915891 0.00291547
4.72924 90.8204 10.5174 -0.39116 -0.92032 0.00127579
3.26887 91.4268 10.7553 -0.370001 -0.929017 -0.00524671
4.24995 91.0236 9.73037 -0.383613 -0.923493 -0.000771139
5.35077 90.5514 8.53491 -0.402998 -0.915197 0.0023129
6.33421 90.1066 7.55623 -0.417261 -0.908777 0.00417217
7.34674 89.6336 6.44039 -0.426978 -0.904249 0.00220886
7.59968 89.5117 6.16145 -0.430118 -0.902759 0.00493874
8.21406 89.2099 4.24288 -0.436009 -0.899933 0.00396275
7.30434 89.6494 5.2344 -0.427656 -0.903939 0.000811881
6.23041 90.1487 6.38185 -0.416006 -0.909356 0.00313854
5.10477 90.6603 7.57246 -0.403007 -0.915194 -0.000347172
4.14911 91.0661 8.56801 -0.385553 -0.922682 -0.00228221
3.19184 91.4614 9.50494 -0.378685 -0.925525 -0.00018755
2.23074 91.8379 10.5472 -0.356896 -0.934111 -0.0067345
2.16391 91.8625 10.6228 -0.352114 -0.93589 -0.010699
1.01321 92.2854 10.5786 -0.328079 -0.944649 -0.00113853
1.97953 91.9354 9.50726 -0.346397 -0.93805 0.00803493
3.08873 91.4984 8.35678 -0.372717 -0.927927 0.00327857
4.05431 91.1094 7.38202 -0.385347 -0.92277 -0.00185548
5.02047 90.6938 6.39923 -0.407186 -0.91334 0.00316644
6.05723 90.2251 5.27234 -0.413581 -0.910465 0.00216759
6.96243 89.8057 4.31244 -0.420904 -0.907093 0.00445938
8.00141 89.308 3.19074 -0.434823 -0.90051 0.00168779
8.57564 89.0258 2.49947 -0.440984 -0.897496 0.00566858
8.58314 89.0174 1.18234 -0.442618 -0.896698 0.00470079
7.69116 89.4527 2.20875 -0.429653 -0.902994 -0.000566235
6.76603 89.8922 3.21856 -0.421571 -0.90679 0.00298784
5.77951 90.3487 4.27404 -0.412854 -0.910792 0.00289956
4.84686 90.7691 5.2845 -0.397642 -0.917536 0.00288446
3.93116 91.1632 6.24609 -0.382484 -0.923951 -0.0038215
2.96975 91.5492 7.23416 -0.363902 -0.931422 -0.00132088
1.94375 91.9359 8.22581 -0.346145 -0.938151 0.0069478
0.868415 92.3383 9.37251 -0.334518 -0.942349 0.0036574
-0.0212503 92.6439 10.4154 -0.325436 -0.945536 -0.00686185
-0.191186 92.7016 10.6172 -0.315715 -0.94877 -0.00377957
-1.67886 93.1587 10.8257 -0.272669 -0.962107 0.000936366
-0.570398 92.8323 9.66285 -0.309761 -0.950743 -0.0106316
0.434851 92.4847 8.53633 -0.330838 -0.943642 0.0077794
1.42255 92.1246 7.47049 -0.338603 -0.940923 -0.00329245
2.48012 91.7378 6.46645 -0.357612 -0.93387 -0.000447035
3.53864 91.3242 5.41377 -0.372567 -0.928 -0.00297722
4.46676 90.9301 4.40551 -0.397249 -0.917698 0.00475667
5.61283 90.4207 3.1913 -0.404798 -0.914405 0.00126751
6.50593 90.0115 2.23207 -0.422569 -0.906328 -0.00192523
7.48072 89.5514 1.10614 -0.430688 -0.902495 0.00328227
8.48411 89.0593 -0.0259311 -0.444133 -0.895946 0.00513714
8.54808 89.0272 -0.0966537 -0.44406 -0.895984 0.0048885
8.58549 89.0013 -1.54232 -0.439834 -0.898064 0.00519048
7.71273 89.4327 -0.466178 -0.432924 -0.901414 0.00512632
6.83183 89.8562 0.521441 -0.425233 -0.905078 0.00313576
5.96218 90.262 1.55435 -0.414753 -0.909933 0.00169071
4.88783 90.7425 2.68963 -0.39908 -0.916902 -0.00118178
3.95982 91.1437 3.6724 -0.39393 -0.91912 0.00481729
3.03855 91.5268 4.67467 -0.369446 -0.929183 0.00615301
2.00662 91.9143 5.63561 -0.345882 -0.938256 0.00304171
0.908583 92.3093 6.71014 -0.335856 -0.941912 -0.00102034
-0.0296019 92.6364 7.7294 -0.312711 -0.949808 0.00818456
-0.955702 92.9449 8.72511 -0.287644 -0.957681 0.00706684
-2.05696 93.2652 9.88747 -0.269037 -0.963128 -0.000101306
-2.98985 93.5225 10.8992 -0.258703 -0.965953 -0.00169504
-4.39004 93.859 11.0964 -0.197522 -0.98023 0.011443
-3.48687 93.6433 10.0896 -0.248905 -0.968499 0.00523327
-2.39315 93.3561 8.92527 -0.25881 -0.965916 0.0049075
-1.32207 93.0477 7.83841 -0.289982 -0.957007 0.00442455
-0.38851 92.7458 6.77214 -0.310739 -0.950449 0.00935216
0.566849 92.4321 5.81265 -0.329897 -0.94399 -0.00445012
1.78458 91.9963 4.63015 -0.342024 -0.93969 -0.00114559
2.79837 91.6121 3.60465 -0.360815 -0.932596 0.00800311
3.92726 91.1518 2.44492 -0.383519 -0.92349 0.00520542
4.82871 90.7704 1.39304 -0.39451 -0.918765 0.0106006
5.83065 90.3164 0.378993 -0.41103 -0.911606 0.00541824
6.7327 89.8979 -0.669052 -0.425302 -0.90503 0.00599444
7.73644 89.4119 -1.84596 -0.434409 -0.900694 0.00622605
8.35885 89.1055 -2.77601 -0.437668 -0.899126 0.00414102
8.12995 89.2097 -3.94128 -0.438237 -0.898832 0.00699779
7.20867 89.6605 -2.57903 -0.428881 -0.903351 0.00412294
6.16116 90.1593 -1.31348 -0.420786 -0.907109 0.00898615
5.05491 90.6626 -0.0634394 -0.408185 -0.912897 0.0016655
4.10884 91.0758 0.895681 -0.384303 -0.923158 -0.00508963
3.21832 91.4378 1.92108 -0.376835 -0.926275 0.00326014
2.1748 91.8461 2.97034 -0.354985 -0.934861 0.00459811
1.23574 92.1983 3.90377 -0.343296 -0.93922 -0.00370171
0.232373 92.5503 4.89287 -0.324359 -0.945929 -0.00306007
-0.719802 92.8642 5.83387 -0.304642 -0.952368 -0.0113714
-1.69823 93.1592 6.89857 -0.289862 -0.957031 -0.00312271
-2.72046 93.4369 8.00486 -0.25281 -0.967516 -0.000117385
-3.75394 93.6914 9.04689 -0.226156 -0.974007 0.0112498
-4.68394 93.9058 10.0772 -0.206337 -0.978454 0.00706466
-5.6286 94.0999 11.1045 -0.183383 -0.982989 0.0101427
-5.80187 94.134 11.2823 -0.182966 -0.983059 0.0109112
-7.11074 94.3549 11.3449 -0.15645 -0.987686 -0.00026151
-6.08492 94.1776 10.2224 -0.175731 -0.984434 0.00231858
-5.12191 93.99 9.19167 -0.203011 -0.979147 0.00763407
-4.15876 93.7879 8.16548 -0.232731 -0.972505 -0.00835594
-3.15582 93.5504 7.16812 -0.244489 -0.969625 -0.00044646
-2.16367 93.2962 6.06321 -0.250564 -0.968088 -0.00480267
-1.14265 93.0032 4.96796 -0.297971 -0.954563 -0.00465411
-0.154633 92.6856 4.01383 -0.324548 -0.945861 -0.00377531
0.939814 92.3055 2.93592 -0.344544 -0.938742 0.0066213
1.98745 91.9165 1.89486 -0.354152 -0.935163 -9.62599e-05
2.97284 91.5378 0.819368 -0.359317 -0.933209 0.000895692
3.97266 91.1321 -0.232233 -0.380131 -0.924894 0.00841051
5.0843 90.6431 -1.41013 -0.404895 -0.914331 0.00763964
6.05048 90.2015 -2.47521 -0.4162 -0.909237 0.00710649
6.90515 89.8 -3.64171 -0.426889 -0.904298 0.00322145
7.78731 89.3672 -5.02015 -0.436117 -0.89985 0.00845296
7.4152 89.5379 -6.12392 -0.429599 -0.902989 0.00743804
6.66353 89.9079 -4.78922 -0.42166 -0.906693 0.00893165
5.84315 90.2904 -3.5851 -0.413496 -0.910504 0.00168693
4.91564 90.712 -2.54833 -0.403718 -0.914873 0.00224197
4.01254 91.1081 -1.544 -0.383588 -0.923459 0.00739779
2.9501 91.541 -0.470977 -0.361286 -0.932439 0.0023634
2.02775 91.8982 0.528007 -0.354003 -0.935229 0.00430409
1.06748 92.2553 1.56365 -0.344976 -0.938606 -0.00317058
0.070949 92.6135 2.52991 -0.332927 -0.942925 0.00570708
-0.890152 92.9332 3.49075 -0.309304 -0.950915 -0.00928371
-1.90352 93.233 4.46258 -0.271682 -0.962323 -0.00669189
-2.81863 93.4731 5.46422 -0.252727 -0.967484 -0.0101664
-3.92474 93.7413 6.66811 -0.240955 -0.970498 -0.00825507
-4.97136 93.976 7.68426 -0.210919 -0.977481 -0.00449145
-5.94253 94.1571 8.72156 -0.174403 -0.984512 -0.0151372
-6.94163 94.3251 9.81302 -0.158051 -0.987391 0.00514592
-7.88031 94.4517 10.8188 -0.117065 -0.993102 0.0049333
-8.60611 94.5358 11.5143 -0.093025 -0.995588 0.00912927
-10.0027 94.6343 11.6019 -0.0474726 -0.998855 0.0059135
-8.95272 94.5569 10.5622 -0.0830309 -0.996544 0.00152159
-7.80113 94.4427 9.43564 -0.121765 -0.992552 -0.00364723
-6.75486 94.2989 8.26129 -0.158982 -0.987159 -0.0155131
-5.79194 94.1477 7.23643 -0.194101 -0.980928 -0.00902632
-4.71638 93.9342 6.18504 -0.207823 -0.978115 -0.0100323
-3.74287 93.7136 5.16694 -0.246629 -0.969089 -0.00606573
-2.69583 93.4583 3.9924 -0.261931 -0.964921 -0.0178112
-1.64778 93.1744 2.97579 -0.279596 -0.960076 0.00158664
-0.659082 92.8561 1.99432 -0.312845 -0.949726 0.0121799
0.521965 92.4505 0.828107 -0.325359 -0.945572 -0.00568209
1.64314 92.0416 -0.341566 -0.353163 -0.93556 -0.00197218
2.60623 91.675 -1.37691 -0.360325 -0.932827 -0.000315211
3.7817 91.2021 -2.60106 -0.383505 -0.92351 0.00663252
4.82196 90.7454 -3.7277 -0.397008 -0.917791 0.0055795
5.75952 90.3215 -4.93715 -0.410815 -0.911688 0.00741343
6.507 89.9675 -6.23098 -0.42421 -0.905541 0.00539979
6.87462 89.7866 -7.13817 -0.427475 -0.904005 0.00631747
6.29088 90.0537 -8.06133 -0.419113 -0.907933 0.00108593
5.73095 90.319 -6.59834 -0.41411 -0.9102 0.00695317
5.0401 90.6407 -5.40105 -0.40561 -0.91401 0.00777917
4.13712 91.0385 -4.26526 -0.393821 -0.919184 -0.00223198
3.22318 91.4224 -3.30412 -0.372039 -0.928206 0.00402704
2.18079 91.8374 -2.19464 -0.357135 -0.934048 0.00267478
1.07846 92.2557 -1.05205 -0.348126 -0.937436 -0.00123057
0.116451 92.5949 -0.0270648 -0.327615 -0.944809 -0.00205941
-0.841144 92.9058 0.931578 -0.306916 -0.951725 -0.00459354
-1.81868 93.2194 1.84421 -0.281144 -0.959635 0.00737777
-2.91132 93.524 2.92347 -0.256077 -0.966656 0.000507449
-3.8759 93.7636 3.9669 -0.235897 -0.971464 -0.024681
-4.82627 93.9758 5.01796 -0.214942 -0.976596 -0.00528358
-5.81544 94.1541 5.96668 -0.171595 -0.985157 0.00404914
-6.86496 94.3319 7.02589 -0.152228 -0.988322 0.000953629
-7.89214 94.4564 8.19152 -0.116858 -0.993097 -0.0100811
-8.84053 94.554 9.18928 -0.0821463 -0.996589 -0.00790114
-9.87785 94.6223 10.1933 -0.0503053 -0.998701 -0.00758032
-10.8947 94.6664 11.1857 -0.0261029 -0.999641 -0.00602981
-11.5376 94.6788 11.7664 -0.0137317 -0.999838 -0.000880794
-13.1221 94.662 11.888 0.0255952 -0.999435 0.00435735
-12.0613 94.6781 11.013 -0.00288637 -0.999992 0.00292518
-10.901 94.6717 9.93014 -0.0384914 -0.999251 -0.00393901
-9.76983 94.6256 8.83201 -0.0583551 -0.998117 -0.0188746
-8.82989 94.5685 7.83565 -0.0955577 -0.995143 -0.0164951
-7.68599 94.4397 6.60957 -0.115204 -0.993326 0.00553626
-6.64064 94.2946 5.49597 -0.169755 -0.985451 -0.0082503
-5.62163 94.1225 4.55095 -0.184112 -0.982875 -0.00419267
-4.55437 93.9322 3.37616 -0.202486 -0.979144 -0.0132383
-3.45902 93.6662 2.18889 -0.248922 -0.968523 0.00103117
-2.37963 93.3763 1.12722 -0.271379 -0.962336 0.0137777
-1.32763 93.0604 0.125324 -0.29482 -0.95555 -0.000170198
-0.27621 92.7225 -0.905443 -0.312864 -0.949735 0.00900886
0.804951 92.354 -2.03939 -0.329633 -0.944037 0.00512599
1.91334 91.9363 -3.21003 -0.347636 -0.937624 0.00309294
2.98083 91.5158 -4.33844 -0.370079 -0.928997 0.00238499
3.90241 91.1395 -5.31358 -0.389451 -0.920988 0.00491393
4.78132 90.7455 -6.58948 -0.40625 -0.913757 0.0030804
5.48327 90.4251 -8.27107 -0.414217 -0.910171 0.00194847
5.66427 90.3414 -8.77635 -0.413191 -0.910639 0.00225562
4.97374 90.6504 -9.38724 -0.409636 -0.912246 -6.5754e-05
4.47736 90.8763 -7.97 -0.403295 -0.915066 0.0023727
3.69224 91.2206 -6.48034 -0.392769 -0.919625 -0.00448875
2.60058 91.6662 -5.20776 -0.36266 -0.931914 -0.00365256
1.65478 92.0302 -4.23074 -0.348178 -0.937427 0.00139104
0.693724 92.3832 -3.215 -0.338302 -0.940984 0.00644137
-0.397287 92.7579 -2.11071 -0.313418 -0.949614 0.000872015
-1.37221 93.0753 -1.09952 -0.298934 -0.954214 -0.00206798
-2.49518 93.3995 0.00366425 -0.273555 -0.961806 -0.00538488
-3.64374 93.7103 1.06298 -0.252077 -0.967679 0.00710459
-4.68671 93.9671 2.17213 -0.220199 -0.975254 -0.00302739
-5.59202 94.1348 3.20632 -0.173558 -0.98465 -0.017603
-6.61557 94.3022 4.24236 -0.171025 -0.985233 -0.00808609
-7.64393 94.4488 5.22515 -0.126762 -0.99177 -0.0169168
-8.77239 94.5643 6.41003 -0.115369 -0.993273 0.00235831
-9.73575 94.6424 7.46386 -0.064064 -0.997924 -0.00599145
-10.8061 94.6753 8.54463 -0.0377245 -0.999264 -0.0069094
-11.8193 94.6966 9.54944 -0.00729725 -0.999724 -0.0212388
-12.8327 94.6707 10.4794 0.0400071 -0.999023 -0.00947371
-14.0782 94.6128 11.4902 0.0515128 -0.998661 0.0046749
-14.7461 94.5733 12.0449 0.0958211 -0.995301 0.0139026
-16.1148 94.4293 12.2002 0.126777 -0.991817 0.0148546
-14.9633 94.5403 10.9983 0.0897299 -0.995966 -0.000184733
-13.7901 94.6314 10.1184 0.0471473 -0.998835 -0.0102663
-12.6652 94.7042 9.10596 0.00218772 -0.999808 -0.0193529
-11.7118 94.7033 8.11765 -0.0229368 -0.999719 -0.00224883
-10.6303 94.6875 7.04495 -0.0334647 -0.999365 -0.012062
-9.51729 94.6262 5.89285 -0.0707326 -0.997407 -0.0126903
-8.47211 94.5529 4.76212 -0.0890493 -0.995963 -0.0108787
-7.41769 94.4357 3.75739 -0.150407 -0.988604 -0.00471594
-6.30958 94.2712 2.69988 -0.16006 -0.986884 -0.0200522
-5.41279 94.1172 1.65249 -0.201983 -0.979374 -0.00543213
-4.36647 93.8785 0.503216 -0.228309 -0.973503 0.0128337
-3.30252 93.6098 -0.492072 -0.243971 -0.969723 -0.0106699
-2.30816 93.3553 -1.39731 -0.283805 -0.958879 -0.00195052
-1.28704 93.0472 -2.47358 -0.303802 -0.952716 0.00167175
-0.295776 92.7241 -3.47857 -0.310664 -0.950516 -0.00202842
0.805891 92.3426 -4.65971 -0.333956 -0.942587 -0.00165059
1.78723 91.9864 -5.65548 -0.350155 -0.936597 -0.0132525
2.71136 91.6319 -6.64482 -0.377016 -0.926204 -0.00137799
3.53072 91.2876 -7.92379 -0.397267 -0.917681 0.00631523
4.12134 91.0291 -9.46133 -0.397753 -0.917483 -0.00397853
4.26117 90.9713 -9.93818 -0.397317 -0.917667 -0.00520268
3.41815 91.3359 -10.1272 -0.393017 -0.919515 -0.00466071
2.96358 91.5227 -8.8074 -0.38587 -0.922553 -0.000160385
2.21634 91.8299 -7.4275 -0.363412 -0.931604 0.00484187
1.27225 92.189 -6.40818 -0.347598 -0.937599 -0.00907041
0.283884 92.5313 -5.4238 -0.327374 -0.944849 -0.00928237
-0.729673 92.8698 -4.3205 -0.311337 -0.950275 -0.00665209
-1.68895 93.168 -3.35635 -0.285616 -0.958343 0.00013228
-2.64759 93.4548 -2.34592 -0.261543 -0.964951 0.000886999
-3.74405 93.7236 -1.29068 -0.237409 -0.971404 -0.00335729
-4.75574 93.9646 -0.38556 -0.234275 -0.972162 -0.00399299
-5.768 94.1912 0.687063 -0.194238 -0.980791 0.0145344
-6.7714 94.3636 1.84012 -0.155451 -0.987451 -0.0266901
-7.92483 94.509 2.97583 -0.127746 -0.991778 0.00405409
-9.13839 94.621 4.13126 -0.0729323 -0.997244 -0.00592253
-10.1978 94.6785 5.30988 -0.0601112 -0.998187 -0.00298808
-11.1644 94.7111 6.28422 -0.0264451 -0.999642 -0.004027
-12.3124 94.7163 7.41811 0.00112145 -0.999997 -0.00213902
-13.4365 94.6799 8.59335 0.0628225 -0.997898 -0.0158544
-14.5245 94.5912 9.55717 0.0974773 -0.995203 -0.00831428
-15.7241 94.4614 10.4175 0.124776 -0.99214 0.0088408
-16.7906 94.3309 11.5897 0.137707 -0.990436 0.0072671
-17.4153 94.241 12.3002 0.163756 -0.986383 0.0152501
-18.9105 93.961 12.4591 0.197147 -0.980362 0.00361824
-17.8581 94.1588 11.4881 0.163512 -0.986524 0.00572507
-16.9852 94.2943 10.3751 0.140304 -0.990031 0.00371856
-15.937 94.4382 9.4164 0.125436 -0.992078 -0.00688256
-14.7635 94.5818 8.59859 0.104555 -0.994143 -0.0254313
-13.7083 94.6786 7.50344 0.0684134 -0.99755 -0.0145373
-12.7111 94.716 6.52193 0.0269275 -0.999611 -0.00690724
-11.7208 94.7294 5.55598 -0.0223066 -0.999711 -0.00775601
-10.7353 94.7078 4.56193 -0.0492914 -0.998784 1.15922e-05
-9.78873 94.6615 3.47318 -0.0550628 -0.998477 -0.00350455
-8.77664 94.6042 2.54334 -0.0602213 -0.998177 -0.00371508
-7.72347 94.4893 1.52176 -0.121259 -0.992562 -0.0107885
-6.71431 94.3493 0.433108 -0.144073 -0.98944 0.0150646
-5.785 94.1752 -0.655286 -0.191165 -0.981543 -0.00544874
-4.7582 93.9671 -1.62318 -0.225308 -0.974266 0.00565074
-3.73358 93.7273 -2.51911 -0.239815 -0.970752 -0.00986087
-2.77436 93.4877 -3.52937 -0.247557 -0.968873 -0.000296507
-1.84031 93.219 -4.49575 -0.282909 -0.959131 -0.00539299
-0.753686 92.8803 -5.65541 -0.307347 -0.951579 -0.00479402
0.164128 92.5835 -6.62965 -0.327705 -0.944761 -0.00595787
1.21532 92.2109 -7.61818 -0.344571 -0.938751 0.00225275
2.04967 91.8937 -8.85624 -0.359411 -0.933171 -0.00324762
2.51417 91.7139 -10.0186 -0.377497 -0.926003 -0.00335606
1.56331 92.0926 -9.87501 -0.36409 -0.931325 -0.00849442
0.897951 92.3318 -8.66686 -0.350364 -0.936587 -0.00426378
-0.0441846 92.6569 -7.65552 -0.321473 -0.946907 -0.00480786
-1.10791 93.0027 -6.69265 -0.300611 -0.953706 -0.00886748
-2.05983 93.2844 -5.58382 -0.280949 -0.959704 0.00535351
-3.01568 93.5479 -4.5888 -0.244617 -0.969615 0.00255504
-3.99042 93.7911 -3.55196 -0.222624 -0.974844 0.00176015
-5.1601 94.0488 -2.51582 -0.204838 -0.978768 0.00379954
-6.24639 94.266 -1.46638 -0.163246 -0.986579 -0.00258025
-7.43473 94.4434 -0.118066 -0.13319 -0.991077 -0.00165513
-8.49274 94.5713 1.03424 -0.102547 -0.994723 0.00180841
-9.647 94.6598 2.12946 -0.0564169 -0.998346 -0.00860027
-10.7485 94.7131 3.19 -0.0483735 -0.998791 0.00871114
-11.7481 94.7457 4.27317 -0.00962902 -0.999885 -0.00786001
-12.742 94.7234 5.26244 0.0284718 -0.999591 -0.00279413
-13.8026 94.6823 6.31529 0.0367241 -0.999311 -0.00349554
-14.821 94.5949 7.36644 0.102224 -0.994715 -0.00274705
-15.8929 94.4519 8.30582 0.134877 -0.99076 -0.0132839
-17.1007 94.2846 9.11569 0.135525 -0.990771 -0.00109273
-17.9604 94.144 10.1615 0.156056 -0.987718 -0.00776479
-18.9605 93.951 11.3189 0.195129 -0.980769 -0.00403937
-20.1311 93.6894 12.3048 0.231241 -0.972894 -0.0021526
-21.0543 93.4607 13.0506 0.265823 -0.963978 0.00913979
-22.8227 92.95 13.6551 0.295117 -0.955364 0.0135957
-21.9316 93.2133 12.6317 0.289006 -0.957303 0.00526458
-20.6824 93.5591 11.603 0.251689 -0.967728 -0.00137351
-19.4597 93.8537 10.549 0.21147 -0.977282 -0.00367368
-18.5219 94.0393 9.39427 0.182794 -0.983123 0.00300334
-17.535 94.2172 8.32171 0.164918 -0.986284 0.00381248
-16.3726 94.3927 7.58329 0.140201 -0.990048 -0.0121437
-15.323 94.5432 6.53323 0.115265 -0.9933 -0.00835439
-14.3284 94.6445 5.54669 0.0759429 -0.997007 0.00737452
-13.3135 94.7003 4.53797 0.0552238 -0.998442 0.00784691
-12.3563 94.7371 3.56002 0.0214377 -0.999548 0.0123329
-11.4008 94.7318 2.54197 0.00258988 -0.999897 0.0132017
-10.3088 94.6955 1.52738 -0.0367361 -0.999255 -0.0117902
-9.22438 94.6359 0.520953 -0.0683952 -0.997658 0.00046577
-8.15279 94.5378 -0.672293 -0.108598 -0.994038 -0.00470833
-7.27527 94.433 -1.72752 -0.145577 -0.989249 -0.00506501
-6.29101 94.2715 -2.67368 -0.162163 -0.98675 0.00523015
-5.22805 94.0563 -3.67024 -0.201185 -0.979529 0.00639153
-4.2051 93.8386 -4.6349 -0.224253 -0.974487 -0.00613551
-3.06848 93.5603 -5.83572 -0.261101 -0.965277 -0.00777297
-1.9911 93.2792 -7.10559 -0.285266 -0.958166 -0.023103
-1.01645 92.9825 -8.03035 -0.305093 -0.952298 -0.00682858
0.0220025 92.6452 -8.98679 -0.325132 -0.945606 -0.0108831
0.49754 92.486 -9.67222 -0.333896 -0.942582 -0.00698644
-0.845517 92.9441 -9.37645 -0.307608 -0.951317 -0.0190467
-2.02633 93.299 -8.42971 -0.29036 -0.956892 0.00303248
-2.94199 93.5494 -7.35448 -0.252869 -0.96735 -0.0165937
-3.95736 93.79 -6.27335 -0.229479 -0.973195 -0.0142825
-5.07593 94.0313 -5.02701 -0.2048 -0.978774 -0.00747955
-6.10143 94.237 -4.1145 -0.167725 -0.98582 0.00071777
-7.12135 94.4055 -3.09419 -0.156971 -0.987581 0.00383012
-8.12673 94.5348 -2.09998 -0.117425 -0.993078 -0.00199794
-9.07539 94.6223 -1.036 -0.0774609 -0.996995 0.00121608
-10.0467 94.6915 0.128655 -0.0653539 -0.997859 -0.00248735
-11.3368 94.7312 1.1434 -0.0247313 -0.999684 -0.00443281
-12.3864 94.7233 2.34988 0.00642033 -0.999951 0.00612762
-13.4237 94.6846 3.30573 0.0534338 -0.998544 -0.00710994
-14.5251 94.618 4.37706 0.0855172 -0.996291 0.00924575
-15.6294 94.5134 5.44903 0.100852 -0.994879 0.00302492
-16.5592 94.3905 6.56511 0.129623 -0.991324 -0.0206783
-17.6673 94.1959 7.38657 0.163463 -0.986364 -0.0191275
-18.8816 93.9859 8.28691 0.159292 -0.987227 -0.00214104
-19.6858 93.8099 9.47156 0.214993 -0.976495 -0.00415724
-20.7329 93.5498 10.5091 0.261492 -0.965187 -0.00282926
-21.9348 93.209 11.3838 0.290755 -0.956797 0.00129795
-23.0802 92.8581 12.4981 0.300489 -0.953758 0.00683079
-23.9854 92.5761 13.7079 0.312852 -0.949721 0.0115174
-24.8655 92.2754 14.6348 0.341925 -0.939707 0.00605423
-27.4043 91.3055 15.7805 0.377146 -0.926149 0.00294363
-26.4046 91.6985 14.6783 0.365792 -0.930674 0.00625733
-25.3465 92.0933 13.8785 0.345452 -0.938421 0.00532018
-24.3047 92.4584 12.6338 0.330381 -0.943771 0.0114191
-23.2992 92.7872 11.4704 0.30163 -0.953412 -0.00500319
-22.1795 93.1372 10.3862 0.283355 -0.959008 -0.0023065
-21.0475 93.4648 9.63557 0.271619 -0.962404 -0.000419657
-20.0799 93.7189 8.50736 0.242105 -0.970248 -0.0021257
-19.3569 93.8797 7.35295 0.194856 -0.980825 -0.00154678
-18.1517 94.1194 6.67309 0.194593 -0.980875 -0.00411047
-17.0149 94.3227 5.67334 0.152073 -0.988328 0.00364515
-16.0606 94.4537 4.54129 0.130004 -0.991494 0.00582275
-14.8145 94.5821 3.37102 0.0882807 -0.996063 0.00340936
-13.8168 94.6665 2.40174 0.0621143 -0.998064 -0.00303049
-12.7548 94.7305 1.41592 0.0235792 -0.999599 -0.0156672
-11.6928 94.7435 0.363298 -0.0169033 -0.999851 -0.00277638
-10.4664 94.7047 -0.708934 -0.0428571 -0.999077 0.00264675
-9.52834 94.6555 -1.83342 -0.0658304 -0.997772 0.00303058
-8.62331 94.5903 -2.94559 -0.0750572 -0.997157 -0.00610268
-7.61108 94.4698 -3.83789 -0.132832 -0.991129 0.00121383
-6.70874 94.3318 -4.86597 -0.148508 -0.988886 0.0060409
-5.52916 94.1286 -5.92312 -0.19933 -0.979904 -0.00717336
-4.53776 93.9333 -7.02766 -0.227526 -0.973115 -0.0348131
-3.47343 93.6973 -8.17392 -0.248683 -0.968496 -0.0131323
-3.17692 93.6299 -8.65424 -0.249791 -0.968108 -0.0192873
-4.33684 93.9196 -8.43679 -0.234265 -0.972039 -0.0139734
-5.60107 94.1643 -7.48361 -0.18845 -0.981564 -0.0307803
-6.42649 94.2943 -6.33542 -0.14473 -0.989447 -0.0067951
-7.63302 94.4629 -5.31863 -0.127485 -0.991818 0.00602344
-8.58881 94.5886 -4.22716 -0.102534 -0.994692 0.00029719
-9.55984 94.6634 -2.9905 -0.0782187 -0.996861 -0.0122185
-10.6995 94.716 -2.22006 -0.0297474 -0.999396 -0.0137197
-11.3339 94.7362 -1.01436 -0.023011 -0.999681 0.00408734
-12.4605 94.7437 -0.231115 0.00417683 -0.999968 0.00501028
-13.4384 94.7134 0.873445 0.0335049 -0.999398 -0.00897648
-14.6751 94.6134 1.75381 0.0744958 -0.997059 -0.0178285
-15.7159 94.5019 2.82519 0.11028 -0.993633 -0.0146829
-16.7051 94.3678 3.86525 0.139399 -0.990106 -0.0141967
-17.6271 94.2224 4.90849 0.159295 -0.987208 0.00643113
-18.7167 94.0096 6.00316 0.196105 -0.980578 -0.00295055
-19.869 93.771 6.6792 0.207297 -0.978263 0.00199808
-20.6809 93.5686 7.76247 0.246721 -0.96908 -0.00128228
-21.72 93.2758 9.00332 0.272059 -0.962259 -0.00574703
-22.9695 92.8986 9.83147 0.301994 -0.953279 -0.0073264
-24.0946 92.5329 10.976 0.317242 -0.948344 -0.000643446
-25.0659 92.1946 12.141 0.327845 -0.944676 -0.0101523
-26.0086 91.8408 13.2161 0.351885 -0.936041 0.00114137
-27.1836 91.3862 14.0745 0.36848 -0.929617 0.0059659
-27.9746 91.0686 15.1501 0.383968 -0.923331 0.0053271
-29.0636 90.5958 16.1164 0.410137 -0.912021 0.00243784
-29.4222 90.4349 16.3315 0.411273 -0.911509 0.00241323
-31.167 89.6285 16.8347 0.427397 -0.904063 0.00150793
-30.1587 90.0988 15.8323 0.420705 -0.907189 -0.00346917
-29.2322 90.5272 14.8994 0.407286 -0.913265 -0.000687185
-28.179 90.976 14.0031 0.386321 -0.92235 0.00198717
-27.154 91.3942 12.8211 0.367597 -0.929977 -0.000833177
-26.1012 91.813 11.7683 0.356167 -0.934328 -0.00921647
-25.1195 92.1815 10.7866 0.326292 -0.945229 0.00308421
-24.0455 92.5541 9.71836 0.320373 -0.947264 -0.00154689
-23.1124 92.8631 8.77948 0.30258 -0.953068 -0.0103134
-21.9296 93.2288 7.5967 0.271736 -0.962343 -0.00707682
-20.7825 93.5476 6.53428 0.255813 -0.966721 -0.00297915
-19.6981 93.8067 5.6166 0.212812 -0.977074 0.000378134
-18.9021 93.9782 4.56924 0.202392 -0.979264 -0.00887813
-17.9083 94.1839 3.5522 0.173396 -0.984823 -0.00754736
-16.8431 94.3692 2.50328 0.127341 -0.991503 -0.0263868
-15.7445 94.5288 1.41162 0.112768 -0.993442 -0.0188699
-14.7499 94.6285 0.41703 0.076577 -0.996852 -0.0202487
-13.7563 94.7058 -0.535035 0.0365703 -0.999288 -0.00898216
-12.7468 94.7333 -1.38434 0.0239774 -0.999693 0.00565398
-11.7695 94.7368 -2.28175 -0.0102244 -0.999885 -0.00728841
-10.9016 94.739 -3.43132 -0.0310201 -0.999511 -0.00316517
-10.0338 94.7093 -4.30199 -0.0489567 -0.998726 -0.0122205
-8.96295 94.626 -5.36992 -0.0998837 -0.994983 0.00558548
-7.88294 94.4965 -6.46923 -0.123706 -0.992288 -0.00788188
-6.7418 94.3576 -7.59107 -0.150907 -0.988245 -0.024456
-6.15113 94.2819 -8.17808 -0.157995 -0.987024 -0.0283209
-7.54938 94.4842 -7.92816 -0.126462 -0.991602 -0.0246375
-8.56466 94.5902 -7.0615 -0.0992326 -0.994936 -0.00754504
-9.51138 94.6748 -6.0805 -0.0966012 -0.995306 0.00524995
-10.4881 94.7345 -5.12873 -0.0420276 -0.999114 -0.000945087
-11.7101 94.7491 -3.82232 0.00857463 -0.999892 -0.0116531
-12.844 94.7292 -2.87578 0.0227745 -0.999716 -0.00704153
-13.936 94.6916 -1.71948 0.0387543 -0.999216 0.00502066
-14.9448 94.6317 -0.716256 0.103109 -0.994665 -0.00322115
-15.9838 94.5163 0.298475 0.104454 -0.994512 -0.00588465
-16.9607 94.3728 1.25281 0.14825 -0.988858 -0.0113353
-17.9924 94.1846 2.36765 0.179565 -0.983519 -0.0209091
-19.0421 93.9629 3.41547 0.212265 -0.977102 -0.0142836
-20.1672 93.7046 4.33044 0.223625 -0.974625 -0.00949593
-21.0024 93.4979 5.39086 0.252075 -0.967564 -0.009271
-22.1374 93.1772 6.46584 0.276508 -0.960972 -0.0057536
-23.3085 92.8127 7.60414 0.301809 -0.953338 -0.00763262
-24.3098 92.4712 8.6501 0.332533 -0.943021 -0.0115343
-25.3359 92.1019 9.59591 0.341383 -0.939901 -0.00616833
-26.3549 91.7214 10.7615 0.363073 -0.931756 -0.00284872
-27.619 91.2168 11.7539 0.368189 -0.929695 -0.0101982
-28.5873 90.8063 12.8548 0.39055 -0.92058 -0.00186537
-29.5635 90.3801 14.0684 0.400858 -0.916138 0.00170361
-30.5914 89.9026 14.8611 0.425415 -0.904981 -0.00520252
-31.6166 89.4118 15.9627 0.431515 -0.902094 -0.00465962
-32.4332 89.0197 16.735 0.43995 -0.898021 -0.00165084
-33.4031 88.5416 16.3705 0.443448 -0.8963 0.000140547
-32.4619 89.0098 15.4623 0.441246 -0.897361 -0.00667129
-31.4003 89.5239 14.4964 0.430298 -0.902675 -0.00452499
-30.2993 90.0489 13.5899 0.416164 -0.909246 -0.00399681
-29.487 90.4172 12.4322 0.403144 -0.915111 -0.0066601
-28.2927 90.9438 11.3034 0.388805 -0.921257 -0.00969644
-27.2905 91.357 10.3531 0.366887 -0.930259 -0.00121848
-26.2557 91.7618 9.17612 0.354375 -0.935104 9.93119e-05
-25.2592 92.1425 8.24521 0.337484 -0.941145 -0.0185363
-24.1434 92.5467 7.3114 0.32415 -0.945941 -0.0109393
-23.1491 92.8728 6.17318 0.293192 -0.955995 -0.0101659
-22.2409 93.1564 5.16907 0.280806 -0.95971 -0.00675867
-21.325 93.4183 4.18521 0.256457 -0.966545 -0.00412291
-20.246 93.6962 3.21635 0.231596 -0.972782 -0.00519032
-19.1654 93.9531 2.20163 0.211252 -0.977312 -0.0139191
-18.2276 94.1592 1.15696 0.198485 -0.979886 -0.0206729
-17.1851 94.3525 0.198413 0.152946 -0.988136 -0.0111548
-16.0788 94.5097 -0.833358 0.117136 -0.993114 0.000650056
-15.0631 94.6226 -1.94428 0.0968148 -0.995284 0.00112705
-13.8626 94.6974 -3.08855 0.0343458 -0.999396 -0.00519798
-12.6987 94.7422 -4.22644 0.0189118 -0.99975 -0.0115368
-11.602 94.759 -5.47295 -0.00501539 -0.999982 0.0032314
-10.6241 94.7337 -6.52519 -0.0331602 -0.999371 0.0125483
-9.53311 94.6773 -7.47785 -0.0756674 -0.996954 -0.0151485
-9.00614 94.6393 -7.9064 -0.0857027 -0.996136 -0.0191892
-10.6917 94.7387 -7.69787 -0.04517 -0.998921 -0.0107538
-11.6963 94.7539 -6.75223 -0.00199385 -0.999992 -0.000672549
-12.8042 94.7522 -5.46818 0.0143596 -0.999873 -0.00687955
-13.9114 94.7069 -4.41559 0.0390753 -0.999099 -0.0165736
-15.1377 94.6088 -3.18602 0.090478 -0.995887 0.00322112
-16.2439 94.4865 -1.94558 0.126462 -0.991965 0.0023624
-17.3059 94.3364 -0.963098 0.16352 -0.986538 0.00188118
-18.3055 94.158 0.0117074 0.202984 -0.979133 -0.00948115
-19.2719 93.9446 1.06 0.220126 -0.975409 -0.00619647
-20.2056 93.7145 2.10371 0.232755 -0.972497 -0.00851209
-21.4151 93.4042 2.98425 0.258751 -0.965898 -0.00656211
-22.3405 93.1348 3.9557 0.292146 -0.956334 -0.00745142
-23.3009 92.8395 4.95658 0.309318 -0.95093 0.00652458
-24.1841 92.538 6.06812 0.311539 -0.950087 -0.016646
-25.2692 92.1613 7.11329 0.324605 -0.945743 -0.0141882
-26.4853 91.6858 8.10664 0.359998 -0.932779 -0.0176452
-27.4978 91.2754 9.34994 0.378991 -0.925393 0.00330676
-28.6743 90.7835 10.3931 0.394329 -0.918969 0.000255741
-29.6179 90.3633 11.3626 0.410804 -0.911712 -0.00442626
-30.5127 89.9529 12.3833 0.418211 -0.908339 -0.00415881
-31.4684 89.4971 13.3048 0.430316 -0.902667 -0.00438486
-32.4858 89.0055 14.3271 0.436504 -0.899673 -0.00595709
-33.5468 88.4762 15.2109 0.443967 -0.896027 -0.00521233
-34.2522 88.1169 15.9835 0.454082 -0.890952 -0.00362627
-35.0039 87.7349 15.4482 0.461763 -0.886998 -0.00314803
-34.0501 88.2283 14.4874 0.449999 -0.892991 -0.00822161
-32.9424 88.7864 13.5349 0.44154 -0.897223 -0.00574314
-31.8444 89.323 12.4695 0.431914 -0.901888 -0.00685757
-30.8452 89.8018 11.412 0.425371 -0.905012 -0.00346617
-29.9291 90.2275 10.465 0.412531 -0.910937 -0.00346107
-28.8581 90.7047 9.36963 0.397729 -0.917501 0.000502609
-27.8097 91.1473 8.34881 0.37885 -0.925419 -0.00838342
-26.815 91.5677 7.24068 0.378421 -0.925545 -0.012822
-25.583 92.0625 6.18145 0.351446 -0.93619 0.0055547
-24.6593 92.3833 5.21623 0.327964 -0.944689 -0.00164756
-23.7114 92.7065 4.08499 0.314414 -0.949235 -0.0098565
-22.5599 93.0833 2.85528 0.286567 -0.957909 -0.0148178
-21.3857 93.4234 1.87166 0.249176 -0.968424 -0.00818006
-20.2319 93.7192 0.835001 0.231985 -0.972674 -0.00939993
-19.2974 93.9518 -0.253971 0.217887 -0.975841 -0.0103724
-18.2705 94.1704 -1.26478 0.185473 -0.982616 0.00561201
-17.2657 94.3404 -2.19134 0.15629 -0.987577 -0.00210909
-16.2458 94.488 -3.38601 0.136856 -0.990545 -0.00867574
-15.2277 94.6084 -4.38637 0.0904963 -0.995845 -0.0101057
-14.1357 94.7085 -5.46569 0.061738 -0.997974 -0.00134274
-13.0689 94.7469 -6.63725 0.0263818 -0.999634 0.00467927
-12.1278 94.7565 -7.6416 0.00406226 -0.99997 -0.00662525
-13.6486 94.727 -7.38322 0.0386689 -0.99912 -0.00841811
-14.7691 94.6595 -6.15117 0.0809034 -0.996689 0.00224512
-15.773 94.5625 -5.14485 0.100177 -0.994963 -0.00348922
-16.8511 94.4078 -4.09645 0.146247 -0.989197 -0.00808829
-17.7893 94.2564 -2.98142 0.164644 -0.98634 -0.00446844
-18.85 94.0567 -1.94673 0.193206 -0.981049 0.000283858
-19.8679 93.8281 -0.951356 0.232938 -0.972405 -0.0122769
-20.7406 93.5981 0.0806122 0.262338 -0.964863 -0.0142433
-21.8886 93.2887 1.15903 0.264499 -0.964312 0.00636128
-22.997 92.9568 2.05602 0.302474 -0.953015 -0.0163622
-23.9507 92.6326 3.04995 0.326882 -0.944944 -0.0151166
-24.9058 92.2982 4.11576 0.330126 -0.943927 -0.00132583
-25.7783 91.977 5.15151 0.360057 -0.932869 0.0103369
-26.9396 91.528 6.16254 0.376291 -0.926479 0.00154067
-27.9126 91.1187 7.07192 0.381043 -0.924485 -0.0115169
-28.8573 90.7061 8.15128 0.39833 -0.917208 -0.00698179
-29.8018 90.2896 9.07691 0.414021 -0.910262 -0.00260746
-30.7908 89.8306 10.1224 0.421647 -0.906734 -0.0068732
-31.7962 89.3543 11.1981 0.429495 -0.903061 -0.00375553
-32.8517 88.8397 12.2399 0.438937 -0.898465 -0.00951965
-34.0045 88.2611 13.2619 0.45045 -0.89275 -0.00908803
-34.9674 87.7601 14.146 0.461183 -0.887264 -0.00844789
-35.6075 87.4225 14.8314 0.464231 -0.885709 -0.00295376
-36.2786 87.0725 14.3061 0.464263 -0.885677 -0.00571665
-35.3835 87.5502 13.3296 0.464013 -0.885797 -0.00753834
-34.1946 88.172 12.2598 0.453613 -0.891179 -0.00592286
-33.0581 88.7479 11.2001 0.4412 -0.897391 -0.00430444
-32.0386 89.2478 10.1788 0.425845 -0.90472 -0.0116839
-31.0862 89.7006 9.17862 0.420044 -0.907469 -0.00789838
-29.9694 90.2189 7.99766 0.411818 -0.911231 -0.00806206
-28.9815 90.6645 6.97989 0.401105 -0.916006 -0.00694628
-28.0043 91.0894 5.92245 0.385505 -0.922696 -0.00435031
-26.9278 91.5292 4.98362 0.367298 -0.930103 0.000702213
-25.8764 91.9394 3.9222 0.349926 -0.93677 -0.00268891
-24.928 92.2956 2.83312 0.33224 -0.943145 -0.00971477
-23.8261 92.6979 1.62531 0.319749 -0.947303 -0.0132374
-22.677 93.0623 0.648435 0.277694 -0.960646 0.00302483
-21.6324 93.3597 -0.312349 0.264238 -0.964415 -0.00882549
-20.6091 93.6513 -1.47721 0.250795 -0.968034 -0.00277325
-19.4545 93.9335 -2.60954 0.218748 -0.975639 -0.0166705
-18.4768 94.1393 -3.62029 0.182067 -0.983227 0.00187329
-17.5799 94.293 -4.64802 0.173651 -0.984799 -0.00404645
-16.4375 94.4844 -5.80152 0.144281 -0.989484 -0.010255
-15.4349 94.596 -6.80249 0.095441 -0.995385 -0.00999305
-14.8596 94.6557 -7.43994 0.0917049 -0.995766 -0.00635509
-16.3134 94.5036 -7.21861 0.124413 -0.992196 -0.00754134
-17.4993 94.319 -6.03934 0.168916 -0.985594 -0.00846392
-18.53 94.1233 -4.94244 0.188852 -0.981983 -0.00657957
-19.5491 93.9197 -3.76705 0.21986 -0.975521 -0.00213551
-20.5634 93.6707 -2.7776 0.253393 -0.967345 -0.00431344
-21.5464 93.4037 -1.7509 0.267911 -0.963398 -0.00878315
-22.4681 93.1337 -0.737794 0.281653 -0.959403 -0.012188
-23.492 92.8108 0.177693 0.314633 -0.949149 0.0110527
-24.6043 92.4298 1.16881 0.333719 -0.94259 -0.0119885
-25.7533 91.9979 2.43184 0.345891 -0.938206 -0.0113648
-26.657 91.6451 3.4796 0.365976 -0.930545 -0.0121035
-27.629 91.2518 4.41756 0.384491 -0.923088 -0.00862831
-28.7619 90.7701 5.42331 0.396781 -0.917861 -0.00976728
-29.6572 90.3729 6.40537 0.40567 -0.913979 -0.00691812
-30.6048 89.9376 7.39728 0.411364 -0.911431 -0.00860202
-31.5216 89.5086 8.37105 0.41893 -0.907942 -0.0118288
-32.4931 89.0421 9.37749 0.438291 -0.898772 -0.0104429
-33.4831 88.5463 10.3841 0.441439 -0.897254 -0.00821429
-34.531 88.0075 11.3863 0.454944 -0.890477 -0.00879216
-35.6432 87.4234 12.3621 0.466989 -0.884237 -0.00679971
-36.5379 86.9424 13.3169 0.468514 -0.883438 -0.00559742
-36.772 86.8168 13.5941 0.468397 -0.883505 -0.0047764
-37.1985 86.5954 12.7916 0.469915 -0.882692 -0.00582508
-36.3384 87.0603 11.7839 0.470375 -0.882449 -0.00561605
-35.3669 87.5791 10.8873 0.463242 -0.886217 -0.00505838
-34.3768 88.0974 10.0197 0.45415 -0.890896 -0.00716457
-33.2837 88.6623 8.92591 0.44379 -0.896044 -0.0108803
-32.3564 89.1207 7.97737 0.430329 -0.902648 -0.00662904
-31.4383 89.5581 6.99126 0.423707 -0.905785 -0.004788
-30.4643 90.0128 5.99489 0.409721 -0.912162 -0.00929436
-29.4877 90.4588 4.94773 0.402864 -0.915231 -0.00720613
-28.4074 90.932 3.93601 0.386309 -0.922316 -0.00994685
-27.3738 91.3683 2.95447 0.373282 -0.927692 -0.0066487
-26.3885 91.7692 1.82617 0.360803 -0.932564 -0.0114764
-25.4766 92.1198 0.836084 0.348514 -0.937206 -0.0134551
-24.3653 92.5214 -0.27306 0.321845 -0.946726 -0.00351883
-23.2884 92.8846 -1.19769 0.305681 -0.952109 -0.00687316
-22.1487 93.2363 -2.38822 0.272551 -0.962131 -0.00422927
-21.2331 93.493 -3.37379 0.267067 -0.963673 0.00166618
-20.2455 93.7544 -4.37107 0.232949 -0.97248 0.00300794
-19.2107 93.9903 -5.56419 0.216031 -0.976379 -0.00227674
-18.1696 94.2079 -6.6631 0.195054 -0.980743 -0.00978423
-17.5181 94.328 -7.29365 0.163905 -0.98645 -0.00711163
-18.9381 94.0673 -7.19105 0.185927 -0.98225 -0.0248183
-20.0544 93.7979 -6.00416 0.225748 -0.974176 -0.00431333
-21.0751 93.5421 -4.84624 0.256353 -0.966536 -0.00437872
-22.0235 93.2705 -3.88196 0.271932 -0.962311 0.0026113
-23.0013 92.9779 -2.75341 0.304386 -0.952495 0.00941683
-24.13 92.6138 -1.65396 0.314992 -0.949089 -0.00315245
-25.3065 92.1955 -0.615237 0.331706 -0.943319 -0.010998
-26.2257 91.8485 0.353692 0.349025 -0.937 -0.0146097
-27.154 91.473 1.39164 0.376501 -0.926284 -0.0156539
-28.1062 91.0711 2.45612 0.385408 -0.922725 -0.00621739
-29.2589 90.5745 3.51084 0.397534 -0.917547 -0.00860753
-30.2493 90.1272 4.50665 0.403556 -0.914903 -0.00970673
-31.2656 89.6514 5.5657 0.420093 -0.907425 -0.0100712
-32.2367 89.1875 6.55025 0.429763 -0.902871 -0.00998719
-33.3541 88.6363 7.76171 0.442719 -0.896652 -0.0038703
-34.2778 88.1635 8.67793 0.453112 -0.891381 -0.0112741
-35.4187 87.5607 9.73691 0.460971 -0.887371 -0.00850689
-36.5037 86.9791 10.7316 0.469849 -0.88272 -0.00684091
-37.4964 86.4415 11.7935 0.473431 -0.880819 -0.00457543
-37.5877 86.3917 11.9022 0.473983 -0.880519 -0.00515235
-37.6973 86.3409 10.7357 0.473925 -0.88054 -0.00666067
-36.6271 86.9246 9.64947 0.46921 -0.883034 -0.00957376
-35.6428 87.4551 8.78178 0.464088 -0.885719 -0.0107549
-34.5565 88.0323 7.6957 0.454735 -0.890593 -0.00777702
-33.5956 88.5211 6.70145 0.444242 -0.895878 -0.00685204
-32.4448 89.0969 5.48448 0.435149 -0.900343 -0.0047988
-31.5254 89.5432 4.57041 0.424755 -0.905236 -0.00944393
-30.5438 90.0058 3.56072 0.415601 -0.909498 -0.0094512
-29.4783 90.4887 2.53631 0.397714 -0.917453 -0.0101033
-28.3141 90.9967 1.4016 0.384352 -0.923069 -0.0146536
-27.3794 91.3971 0.329008 0.376796 -0.926221 -0.0118133
-26.2829 91.838 -0.872037 0.359483 -0.933081 -0.011446
-25.0641 92.2933 -2.02068 0.338555 -0.940936 -0.00388602
-23.9103 92.6841 -3.11414 0.316984 -0.948424 -0.00250874
-22.9123 93.0119 -4.19969 0.298787 -0.954305 -0.00238271
-21.8746 93.326 -5.32842 0.277355 -0.960687 -0.0124059
-20.9719 93.5744 -6.32238 0.246814 -0.968966 -0.0133821
-20.0085 93.8353 -7.37018 0.22218 -0.974674 -0.0241982
-21.0809 93.5737 -7.56667 0.245247 -0.969101 -0.0263898
-21.9777 93.307 -6.54589 0.267659 -0.963412 -0.0132294
-22.9056 93.0266 -5.54935 0.289611 -0.957089 -0.0102898
-23.83 92.7245 -4.50536 0.30506 -0.952266 -0.0105014
-24.9942 92.3217 -3.28108 0.317791 -0.948151 -0.00425606
-26.1637 91.8945 -2.2051 0.347486 -0.937642 -0.00736155
-27.2576 91.4633 -1.1064 0.365218 -0.93086 -0.0103218
-28.2834 91.0306 0.0336438 0.385673 -0.922565 -0.0101078
-29.2877 90.5906 1.13276 0.395743 -0.918281 -0.0121186
-30.2295 90.1619 2.03923 0.408314 -0.912812 -0.00730117
-31.24 89.692 3.026 0.423962 -0.905652 -0.00675183
-32.1478 89.2466 3.97076 0.436468 -0.899713 -0.00358266
-33.0961 88.7822 4.90277 0.43737 -0.899276 -0.00284553
-34.1481 88.2512 6.02434 0.453078 -0.891459 -0.00456964
-35.2557 87.6779 7.15429 0.4571 -0.889409 -0.00335643
-36.2149 87.162 8.09814 0.467532 -0.883922 -0.00977422
-37.4517 86.4867 9.23514 0.47371 -0.88064 -0.00846086
-38.0927 86.1337 9.88479 0.479453 -0.877545 -0.0062577
-38.4744 85.9315 9.05101 0.480496 -0.87697 -0.00695745
-37.4912 86.4769 8.10805 0.47951 -0.877508 -0.00706818
-36.5682 86.9814 7.22525 0.471634 -0.881758 -0.00795288
-35.6632 87.4698 6.31012 0.465069 -0.885249 -0.00595955
-34.6035 88.0236 5.24598 0.455462 -0.890248 -0.00359097
-33.5862 88.5409 4.15487 0.447787 -0.894133 -0.00341138
-32.6657 88.9991 3.24761 0.443805 -0.8961 -0.00632666
-31.5574 89.5493 2.11216 0.427373 -0.904063 -0.0048486
-30.5555 90.0214 1.15094 0.413506 -0.910488 -0.00487296
-29.616 90.4581 0.178542 0.40285 -0.915225 -0.0075861
-28.5997 90.9072 -0.915349 0.389641 -0.920918 -0.00918126
-27.5177 91.37 -2.17173 0.368852 -0.929422 -0.0106692
-26.5077 91.7685 -3.10069 0.358893 -0.933375 -0.00260524
-25.5392 92.1295 -3.99735 0.342508 -0.939515 -0.000708258
-24.5793 92.4747 -4.99521 0.330968 -0.943633 -0.00404654
-23.608 92.8138 -6.09256 0.304181 -0.952524 -0.0107959
-22.7053 93.1063 -7.08201 0.296235 -0.955036 -0.0122843
-22.0084 93.3267 -7.88942 0.281666 -0.959294 -0.0201013
-23.036 93.0192 -8.13674 0.303108 -0.952806 -0.0153068
-24.1229 92.6487 -6.9117 0.322858 -0.946419 -0.00728135
-25.0323 92.3245 -5.86068 0.331065 -0.943539 -0.0112291
-26.0824 91.9325 -4.70551 0.345935 -0.938108 -0.013116
-27.3021 91.4605 -3.58768 0.365169 -0.930941 0.000831758
-28.4247 90.9936 -2.48179 0.389652 -0.920913 -0.00888862
-29.2896 90.611 -1.45164 0.402169 -0.915549 -0.00546103
-30.2002 90.199 -0.456693 0.416388 -0.909146 -0.00858301
-31.1279 89.7604 0.482159 0.434671 -0.900579 -0.00221813
-32.0914 89.2965 1.41539 0.436525 -0.899691 -0.0011735
-33.0309 88.8256 2.36746 0.446191 -0.894904 -0.00774887
-34.1119 88.2788 3.43113 0.453333 -0.891334 -0.00325209
-35.0685 87.7876 4.47418 0.456747 -0.889593 -0.00260759
-36.062 87.2644 5.46182 0.469986 -0.882662 -0.00359781
-37.0706 86.717 6.47245 0.475651 -0.87962 -0.00437322
-38.0005 86.2038 7.37807 0.480245 -0.877105 -0.00718707
-38.6901 85.8205 8.05995 0.48306 -0.875563 -0.00644266
-38.8627 85.733 7.0099 0.483508 -0.875315 -0.00657112
-37.8358 86.3045 5.96589 0.478597 -0.878013 -0.00570085
-36.8564 86.841 5.03355 0.475855 -0.879503 -0.00599196
-35.8218 87.3946 3.96685 0.466199 -0.88468 0.000446767
-34.7418 87.9594 2.85952 0.456739 -0.889596 -0.00274764
-33.773 88.4562 1.91155 0.44998 -0.89302 -0.00579135
-32.8077 88.9453 0.889213 0.447414 -0.894327 -0.000337016
-31.8103 89.4353 -0.0809301 0.434411 -0.900688 -0.00698838
-30.8039 89.9269 -1.10632 0.423797 -0.90572 -0.00718397
-29.7883 90.3964 -2.23336 0.405062 -0.914266 -0.00646212
-28.894 90.7946 -3.26325 0.39741 -0.91764 -0.00169958
-27.8138 91.2583 -4.34497 0.383102 -0.923703 -0.00204784
-26.8357 91.6493 -5.23557 0.361706 -0.93224 -0.00983853
-25.832 92.0415 -6.29072 0.345034 -0.938589 -0.00041675
-24.9435 92.3669 -7.31429 0.341913 -0.939724 -0.00383597
-24.0211 92.6943 -8.34125 0.319237 -0.947592 -0.011996
-23.9558 92.7177 -8.42019 0.319746 -0.947373 -0.0156919
-25.06 92.3353 -8.50747 0.338921 -0.940695 -0.0150018
-26.0505 91.9647 -7.37916 0.353771 -0.935259 -0.00337983
-27.0598 91.5709 -6.29384 0.366905 -0.930244 -0.00276721
-28.06 91.163 -5.3791 0.385017 -0.922855 -0.00637126
-29.1264 90.6965 -4.27045 0.397886 -0.917422 -0.00457923
-30.069 90.2774 -3.28589 0.409459 -0.912317 -0.00462609
-31.0847 89.8033 -2.12301 0.421766 -0.90667 -0.00786712
-31.9714 89.3667 -1.15225 0.437841 -0.898947 -0.0134746
-33.0188 88.8436 -0.115745 0.446739 -0.894632 -0.00743474
-34.0248 88.3349 0.928745 0.449986 -0.893026 -0.00412283
-34.9849 87.8392 1.83829 0.458285 -0.888786 -0.00577174
-35.9379 87.3376 2.8552 0.46625 -0.884637 -0.00534258
-36.8912 86.8283 3.80942 0.472168 -0.881491 -0.00561723
-37.8655 86.2959 4.80705 0.478075 -0.878303 -0.00516808
-38.8771 85.7341 5.80708 0.482507 -0.875874 -0.00544293
-38.976 85.6789 5.91727 0.484089 -0.875001 -0.00556839
-39.1183 85.6076 4.82703 0.484384 -0.874836 -0.00571694
-38.1854 86.1271 3.89206 0.481131 -0.876631 -0.00559838
-37.042 86.7542 2.73123 0.474863 -0.880052 -0.0038391
-36.1194 87.2475 1.7937 0.466605 -0.884459 -0.00354079
-35.1249 87.7705 0.778446 0.458908 -0.888481 -0.00209059
-34.1725 88.2649 -0.147924 0.457342 -0.889263 -0.00687228
-33.2712 88.7255 -1.08583 0.448528 -0.893742 -0.00700536
-32.2944 89.2218 -2.10433 0.444166 -0.895918 -0.00636099
-31.1907 89.7631 -3.29821 0.428694 -0.903431 -0.00563868
-30.3377 90.163 -4.30646 0.415474 -0.909603 -0.00183117
-29.2542 90.6489 -5.36976 0.399263 -0.916811 -0.00683776
-28.2635 91.0837 -6.37495 0.385421 -0.922739 -0.00164314
-27.2217 91.5085 -7.4227 0.364122 -0.93135 -0.00117836
-26.3282 91.8637 -8.40881 0.359174 -0.933253 -0.00565731
-25.7739 92.0813 -9.02538 0.354289 -0.935053 -0.012161
-26.7951 91.6918 -9.24472 0.364444 -0.931015 -0.019089
-27.8569 91.2556 -8.01881 0.385126 -0.922838 -0.00283482
-28.8806 90.8191 -7.04003 0.397348 -0.917644 2.56635e-05
-29.9038 90.3609 -5.96503 0.410584 -0.911822 0.00121501
-30.8671 89.9219 -4.98492 0.417045 -0.908885 -0.000459717
-31.8686 89.4433 -3.86182 0.433626 -0.901074 -0.00571729
-32.7734 88.9887 -2.8575 0.446803 -0.894594 -0.00823488
-33.7246 88.5039 -1.8714 0.448933 -0.893537 -0.00711954
-34.6851 88.0076 -0.889165 0.458038 -0.888894 -0.00825235
-35.6892 87.4818 0.115233 0.461398 -0.88717 -0.0061945
-36.7449 86.9182 1.18693 0.471397 -0.881916 -0.00215358
-37.6566 86.4249 2.09738 0.477596 -0.87857 -0.00305381
-38.5611 85.9265 3.05001 0.481378 -0.876493 -0.00586691
-39.1631 85.59 3.64646 0.484376 -0.874835 -0.00646354
-39.1887 85.581 2.44594 0.485661 -0.874147 -0.000773318
-38.2803 86.0837 1.50605 0.482533 -0.875876 -0.00171483
-37.3316 86.6042 0.518948 0.478455 -0.878107 -0.0016759
-36.3079 87.1614 -0.482904 0.468708 -0.883338 -0.00433165
-35.2884 87.703 -1.55664 0.459758 -0.888 -0.00882943
-34.369 88.1855 -2.46935 0.452939 -0.891479 -0.00927886
-33.2577 88.7542 -3.60504 0.447629 -0.89418 -0.00832796
-32.415 89.1775 -4.60221 0.443261 -0.896391 -0.0016213
-31.4338 89.6555 -5.66262 0.426553 -0.904461 -4.54467e-05
-30.2417 90.2111 -6.86857 0.421003 -0.907015 -0.00891617
-29.2852 90.6453 -7.88504 0.402366 -0.91544 -0.00803733
-28.3288 91.0607 -8.82209 0.387036 -0.922045 -0.0034341
-27.5765 91.3859 -9.66107 0.379423 -0.925012 -0.0197267
-28.5064 91.0006 -9.95263 0.393588 -0.919179 -0.0140125
-29.6156 90.507 -8.79557 0.408213 -0.91288 -0.00323316
-30.5915 90.059 -7.79279 0.42279 -0.906182 -0.00908181
-31.5314 89.6115 -6.79816 0.429182 -0.90317 -0.00149458
-32.6081 89.0844 -5.66274 0.442752 -0.896641 -0.00247588
-33.6159 88.5801 -4.51644 0.446538 -0.894764 -0.00128207
-34.5686 88.0923 -3.49142 0.454538 -0.890719 -0.00362985
-35.4885 87.6097 -2.58193 0.462527 -0.886557 -0.00805305
-36.6293 86.9964 -1.39367 0.469825 -0.882719 -0.00826395
-37.647 86.4349 -0.354396 0.480266 -0.877113 -0.0042014
-38.5639 85.9296 0.568686 0.48405 -0.875035 -0.00203593
-39.0644 85.6512 1.06795 0.485759 -0.874093 -0.000528278
-39.0704 85.6511 -0.150174 0.485162 -0.874418 -0.00311645
-37.9794 86.2583 -1.2472 0.483423 -0.875361 -0.00665172
-37.0651 86.7681 -2.18934 0.47756 -0.878557 -0.00854022
-35.9981 87.3454 -3.2943 0.46895 -0.883196 -0.0070348
-35.0706 87.838 -4.22349 0.463062 -0.886322 -0.00130854
-34.1474 88.3144 -5.20378 0.451876 -0.892068 -0.00323034
-33.2012 88.7917 -6.29451 0.444885 -0.895563 -0.00624932
-32.326 89.2311 -7.2593 0.435044 -0.900346 -0.0106819
-31.35 89.7091 -8.25802 0.424868 -0.905203 -0.00920624
-30.3096 90.1978 -9.33448 0.41359 -0.910419 -0.00898468
-29.5359 90.5576 -10.1166 0.412155 -0.911045 -0.0111435
-30.5591 90.0961 -10.3321 0.421549 -0.906737 -0.0103127
-31.6469 89.5771 -9.24017 0.427579 -0.903945 -0.00625008
-32.5456 89.1364 -8.2806 0.439053 -0.898413 -0.00913494
-33.4724 88.6673 -7.29379 0.44538 -0.895288 -0.00981056
-34.3748 88.2039 -6.23253 0.455406 -0.890263 -0.00612094
-35.382 87.6769 -5.15745 0.46308 -0.88631 0.000398184
-36.4176 87.1252 -4.09491 0.474536 -0.880215 -0.00317013
-37.3156 86.6328 -3.19236 0.48031 -0.877099 -0.000236898
-38.3041 86.0846 -2.12884 0.483748 -0.875198 -0.00402847
-38.8423 85.7842 -1.60995 0.483745 -0.875192 -0.00547199
-38.6008 85.9235 -3.09559 0.484545 -0.874763 -0.00245341
-37.6215 86.4677 -4.10562 0.481369 -0.876508 -0.0037326
-36.6475 87.0039 -5.09576 0.473877 -0.880587 -0.00224132
-35.6862 87.5221 -6.11683 0.466972 -0.884244 -0.00672699
-34.7995 87.9926 -7.0863 0.45845 -0.888684 -0.00748442
-33.9177 88.4509 -8.10165 0.450026 -0.892984 -0.00741832
-32.8863 88.9769 -9.21097 0.443196 -0.896394 -0.00740314
-31.9657 89.4302 -10.1649 0.434816 -0.900494 -0.0065616
-31.6979 89.5622 -10.4624 0.4296 -0.902961 -0.00830664
-33.1877 88.8356 -10.1641 0.442974 -0.896503 -0.00736721
-34.1087 88.3658 -9.18018 0.450686 -0.892627 -0.00995503
-35.0731 87.8601 -8.11584 0.462534 -0.88658 -0.00612971
-36.0326 87.3457 -7.0056 0.468121 -0.883621 -0.00871768
-37.0154 86.8099 -5.96075 0.476793 -0.879001 -0.00500938
-38.0481 86.2394 -4.92595 0.480635 -0.876898 -0.00629283
-38.1145 86.2024 -4.84976 0.481837 -0.876231 -0.00712089
-37.4135 86.5983 -6.80359 0.477153 -0.878798 -0.00584244
-36.4797 87.114 -7.80121 0.472672 -0.881207 -0.00737531
-35.5612 87.614 -8.87806 0.467157 -0.884136 -0.00818761
-34.968 87.9293 -9.53393 0.45719 -0.889325 -0.00874782
-16.5812 94.4711 -7.84789 0.127025 -0.99182 -0.00925488
-15.4215 94.6092 -7.9292 0.0917298 -0.995693 -0.0132223
-14.2476 94.7034 -7.92412 0.0627429 -0.99796 -0.0117217
-13.0718 94.7508 -8.06588 0.025594 -0.999471 -0.0192642
-12.0965 94.7654 -8.18737 -0.0034988 -0.999772 -0.0210556
-10.9371 94.7555 -8.27463 -0.0383788 -0.998918 -0.0252143
-9.6713 94.6963 -8.32729 -0.0638338 -0.997915 -0.00753094
-8.53614 94.6061 -8.42849 -0.100386 -0.994751 -0.0158947
-7.5352 94.4963 -8.54154 -0.112723 -0.993377 -0.0213416
-6.45895 94.3427 -8.62846 -0.149175 -0.988425 -0.0276194
-5.44066 94.1681 -8.71638 -0.188011 -0.982052 -0.0112145
-4.27107 93.9101 -8.95772 -0.231551 -0.972761 -0.0109248
-3.21798 93.649 -9.21908 -0.258081 -0.966021 -0.013858
-2.04406 93.3213 -9.5566 -0.291721 -0.956305 -0.0190304
-0.974474 92.9971 -9.88295 -0.303694 -0.952493 -0.0213392
0.12486 92.6249 -10.1289 -0.329905 -0.943856 -0.0167221
1.36647 92.1737 -10.4653 -0.347313 -0.937622 -0.0144808
2.27054 91.8161 -10.6432 -0.372507 -0.927991 -0.00821338
3.1719 91.4428 -10.648 -0.39277 -0.919609 -0.00602266
4.13376 91.0298 -10.5684 -0.40015 -0.916428 -0.00424795
5.0759 90.6062 -10.0994 -0.409632 -0.91223 -0.00533945
5.89915 90.2323 -9.34519 -0.416188 -0.909278 0.0011066
6.50595 89.9546 -8.62218 -0.41945 -0.907777 0.00116805
7.14575 89.6547 -7.68301 -0.425993 -0.904702 0.00670857
7.69957 89.3973 -6.63079 -0.435351 -0.900229 0.00710086
8.19319 89.1675 -5.27489 -0.438124 -0.898872 0.00866439
8.50646 89.0232 -4.27885 -0.43951 -0.898202 0.00805916
8.78151 88.8962 -3.16705 -0.443046 -0.896489 0.00418847
8.97783 88.8043 -2.20675 -0.442688 -0.896659 0.0055721
9.09086 88.7533 -1.23286 -0.442591 -0.896718 0.00307485
9.14599 88.7301 -0.250559 -0.444465 -0.895783 0.00493978
9.10892 88.7543 0.780875 -0.445129 -0.895452 0.00508745
9.04731 88.7908 2.05473 -0.443745 -0.896148 0.00273101
8.93011 88.8558 3.28992 -0.443315 -0.896348 0.00563542
8.66167 88.993 4.37586 -0.438831 -0.898555 0.00471248
8.32982 89.1579 5.40862 -0.437161 -0.899381 0.00195665
7.97578 89.3338 6.44887 -0.434374 -0.900722 0.00431728
7.58556 89.5245 7.37531 -0.422873 -0.906162 0.00689902
7.21211 89.7066 8.25748 -0.420034 -0.907483 0.00642888
6.77594 89.9143 9.12248 -0.417423 -0.908681 0.00700993
6.18482 90.1864 10.0425 -0.410012 -0.912066 0.00490676
5.45882 90.5064 10.7182 -0.399758 -0.916596 0.00354197
4.55301 90.8981 11.1413 -0.388585 -0.921344 0.0112321
3.58517 91.3005 11.2477 -0.368322 -0.929668 0.00526705
2.65486 91.6721 11.2447 -0.364 -0.931339 0.0068505
1.65324 92.0528 11.335 -0.353363 -0.935471 0.00529315
0.70756 92.3948 11.3392 -0.327769 -0.944713 0.00917761
-0.314844 92.7407 11.326 -0.31027 -0.95063 0.00455978
-1.5503 93.1221 11.3548 -0.273188 -0.961961 -0.000380637
-2.70109 93.4438 11.3896 -0.26162 -0.965168 0.000630676
-3.65761 93.6939 11.4917 -0.232064 -0.972688 0.00371869
-4.8046 93.947 11.6427 -0.194102 -0.980943 0.00869979
-5.79021 94.1372 11.7594 -0.180413 -0.983552 0.00851362
-7.04141 94.3487 11.8816 -0.152173 -0.988252 0.0141599
-8.02723 94.479 11.9438 -0.111799 -0.993632 0.0139794
-9.04049 94.5758 12.0436 -0.0669464 -0.997686 0.0114582
-10.2132 94.6503 12.207 -0.0368642 -0.998874 0.0226606
-11.2861 94.6788 12.3038 -0.0243101 -0.999387 0.0242887
-12.3461 94.6767 12.4 0.0150875 -0.999657 0.0213813
-13.515 94.6503 12.4921 0.042876 -0.998859 0.0196376
-14.7413 94.5817 12.5918 0.0624724 -0.997867 0.014816
-15.8913 94.4657 12.7167 0.115922 -0.993115 0.0133068
-16.9967 94.3183 12.8163 0.148302 -0.988739 0.0192647
-18.2525 94.099 12.9408 0.19947 -0.979789 0.0141315
-19.2885 93.8885 13.1614 0.206763 -0.978277 0.0149485
-20.4314 93.6205 13.46 0.232105 -0.972663 0.00560262
-21.4116 93.3673 13.7444 0.268432 -0.963278 0.00623366
-22.4841 93.0623 14.1711 0.296783 -0.954744 0.0195769
-23.3915 92.7831 14.5322 0.31038 -0.950502 0.0122975
-24.3891 92.4515 14.97 0.330505 -0.943672 0.00921909
-25.353 92.1037 15.4066 0.351067 -0.936222 0.0145635
-26.4048 91.7081 15.9398 0.359219 -0.933114 0.0156295
-27.2488 91.3714 16.3186 0.381649 -0.924266 0.00869844
-28.229 90.9621 16.6439 0.391031 -0.920377 9.04133e-05
-29.3753 90.4577 16.9674 0.411471 -0.91142 0.00231516
-30.3349 90.0215 17.1575 0.420379 -0.907328 0.0060637
-31.2128 89.6077 17.3465 0.427441 -0.904042 0.00157852
-32.1202 89.1718 17.3513 0.439755 -0.898117 -0.00160855
-32.9868 88.7477 17.1258 0.441664 -0.897178 -0.000715192
-34.0152 88.2366 16.7446 0.450247 -0.892894 -0.00238644
-34.8691 87.8014 16.2626 0.455705 -0.890125 -0.00197344
-35.6146 87.4154 15.6911 0.463083 -0.886309 -0.00312349
-36.3651 87.0248 14.9213 0.464815 -0.885405 -0.00236281
-37.0197 86.6824 14.0958 0.471264 -0.881969 -0.00615107
-37.6074 86.3743 13.105 0.475352 -0.879778 -0.00557157
-37.9655 86.1866 12.1897 0.474924 -0.880011 -0.00520634
-38.4116 85.952 11.0525 0.480141 -0.877174 -0.00550998
-38.6825 85.8097 10.1161 0.479738 -0.877391 -0.00601049
-38.9701 85.6599 8.97821 0.483135 -0.875522 -0.00636445
-39.1798 85.5518 7.80144 0.484384 -0.874835 -0.00596847
-39.3744 85.4541 6.43587 0.484909 -0.874538 -0.00684905
-39.5339 85.3733 5.31004 0.485772 -0.874065 -0.00596145
-39.5932 85.3475 4.2712 0.485745 -0.874082 -0.00566173
-39.6434 85.3256 3.15495 0.488038 -0.872812 -0.00425182
-39.6325 85.3333 2.1385 0.48842 -0.872607 0.00161198
-39.5623 85.3743 0.98371 0.486995 -0.873402 -0.00214167
-39.5051 85.41 -0.277384 0.486609 -0.873613 -0.00330312
-39.3516 85.4999 -1.41548 0.48789 -0.872898 -0.00363651
-39.1313 85.6275 -2.56196 0.486914 -0.873447 -0.00236994
-38.9201 85.7497 -3.73789 0.486037 -0.873918 -0.00597515
-38.5663 85.9559 -5.14332 0.483457 -0.875337 -0.00738124
-38.2391 86.1429 -6.07101 0.480765 -0.876834 -0.00523906
-37.7946 86.3935 -7.04219 0.481567 -0.876359 -0.00921429
-37.2468 86.7017 -7.9599 0.478196 -0.878198 -0.00985123
-36.5698 87.0773 -8.83783 0.47374 -0.880605 -0.0102312
-35.8955 87.4434 -9.47003 0.46639 -0.884526 -0.00974139
-35.0956 87.8691 -10.0343 0.457272 -0.889273 -0.00979815
-34.2192 88.3234 -10.5047 0.450646 -0.892663 -0.00799274
-33.2708 88.8006 -10.8089 0.444415 -0.895774 -0.00914618
-32.3729 89.2413 -10.9572 0.436194 -0.899781 -0.0113348
-31.4473 89.6877 -10.9618 0.429529 -0.902967 -0.0116157
-30.2934 90.2249 -10.8665 0.417059 -0.908764 -0.0144737
-29.2286 90.7042 -10.7097 0.409021 -0.9124 -0.014999
-28.0696 91.1932 -10.3814 0.386363 -0.922224 -0.0144624
-26.7953 91.7055 -10.0148 0.363377 -0.931428 -0.0194463
-25.7845 92.0881 -9.64714 0.354277 -0.935001 -0.0155552
-24.8442 92.427 -9.24701 0.332836 -0.942762 -0.0186098
-23.9496 92.7286 -8.95626 0.319876 -0.947331 -0.0155843
-22.9703 93.0489 -8.70498 0.296178 -0.954964 -0.0174764
-21.9521 93.3556 -8.45215 0.284728 -0.9584 -0.0182936
-20.9881 93.6161 -8.23273 0.252982 -0.967072 -0.0267607
-19.9108 93.8741 -8.06947 0.223998 -0.974303 -0.0231905
-18.6757 94.1341 -7.90044 0.191977 -0.981149 -0.0221384
-17.6206 94.3161 -7.80298 0.155267 -0.987716 -0.0175785
-16.6995 94.4563 -7.84285 0.13339 -0.990882 -0.016226
-16.6318 94.4891 -8.79859 0.141498 -0.989528 -0.0284994
-17.8111 94.3088 -8.77265 0.159362 -0.986715 -0.0315532
-18.8768 94.1151 -8.87232 0.198928 -0.97969 -0.024823
-20.2039 93.8288 -9.0403 0.229344 -0.972995 -0.0260266
-21.4759 93.5114 -9.29272 0.270417 -0.962189 -0.0322446
-22.6622 93.1603 -9.60145 0.299476 -0.953918 -0.0175229
-23.8354 92.7861 -9.91668 0.314057 -0.949014 -0.0268694
-24.7684 92.475 -10.2834 0.331776 -0.943125 -0.0202604
-25.8175 92.0949 -10.6945 0.350232 -0.93645 -0.0199806
-26.7004 91.7637 -10.9888 0.367606 -0.929765 -0.019784
-27.8178 91.3162 -11.2959 0.386119 -0.922267 -0.0182942
-28.8103 90.9033 -11.5889 0.390221 -0.920563 -0.0170817
-29.975 90.3848 -11.7931 0.415341 -0.909548 -0.0146313
-31.24 89.7984 -11.8978 0.42471 -0.905214 -0.0144625
-32.262 89.308 -11.9275 0.436277 -0.89971 -0.0131896
-33.1686 88.8597 -11.8083 0.442706 -0.896597 -0.0107979
-34.0686 88.4106 -11.6037 0.447499 -0.894229 -0.00997169
-35.1081 87.875 -11.1484 0.457401 -0.889175 -0.0121735
-35.8737 87.4677 -10.6513 0.468493 -0.883421 -0.00898732
-36.5939 87.0782 -10.0952 0.471332 -0.881908 -0.0091338
-37.322 86.6766 -9.34841 0.475343 -0.879739 -0.0104024
-37.9403 86.3308 -8.56001 0.478558 -0.877991 -0.0106868
-38.4521 86.0412 -7.71918 0.480954 -0.87668 -0.0107266
-38.9795 85.7385 -6.55446 0.482903 -0.875647 -0.00664144
-39.3327 85.5347 -5.59398 0.484717 -0.874641 -0.00716404
-39.6566 85.3443 -4.36033 0.486759 -0.873503 -0.00767625
-39.8763 85.2143 -3.16827 0.48612 -0.873879 -0.00473533
-40.0617 85.1059 -2.12955 0.487843 -0.872919 -0.0045951
-40.2505 84.9951 -1.08218 0.489445 -0.872026 -0.00383501
-40.3344 84.9439 0.0815515 0.489761 -0.871854 -0.00203909
-40.4052 84.9015 1.19395 0.489492 -0.872005 -0.00217855
-40.4586 84.8696 2.24858 0.491198 -0.871046 -0.00152588
-40.5119 84.8376 3.33274 0.490924 -0.8712 -0.00179098
-40.4302 84.8779 4.50565 0.490144 -0.87163 -0.00433929
-40.3713 84.9046 5.55448 0.489008 -0.872257 -0.00617941
-40.2032 84.9906 6.6807 0.488845 -0.872347 -0.00646396
-40.0009 85.0962 7.88256 0.488102 -0.87277 -0.00545406
-39.8124 85.1936 9.01505 0.484173 -0.874958 -0.00500186
-39.5721 85.321 9.96734 0.483258 -0.875457 -0.0059339
-39.238 85.4987 11.2074 0.481066 -0.876668 -0.00518362
-38.8705 85.6958 12.2622 0.478554 -0.878045 -0.00426771
-38.4432 85.9212 13.3374 0.476363 -0.879235 -0.00490793
-38.0119 86.1499 14.2053 0.473664 -0.880692 -0.00450015
-37.3659 86.4929 15.1018 0.471081 -0.882084 -0.00281309
-36.6267 86.8822 15.9911 0.468264 -0.883589 -4.39758e-05
-35.9472 87.2396 16.6335 0.462661 -0.886534 -0.00129733
-35.1428 87.6585 17.212 0.46124 -0.887273 0.00126348
-34.2294 88.128 17.6973 0.452076 -0.89197 0.000872269
-33.2581 88.6158 18.0746 0.44635 -0.894843 0.00494001
-32.3332 89.0729 18.3285 0.438877 -0.898522 0.00662475
-31.1817 89.6301 18.3229 0.429071 -0.903237 0.00776811
-30.2422 90.0729 18.168 0.421251 -0.906874 0.00950407
-29.3582 90.473 17.9587 0.412796 -0.910751 0.0114905
-28.4744 90.8654 17.7213 0.395622 -0.918282 0.0155066
-27.5745 91.2503 17.4738 0.392175 -0.9198 0.0120684
-26.6815 91.6151 17.116 0.373623 -0.927418 0.0168004
-25.7053 91.9921 16.6542 0.358282 -0.933459 0.0169304
-24.579 92.4028 16.0612 0.346244 -0.937968 0.0181905
-23.6562 92.7174 15.6315 0.325622 -0.945285 0.0200043
-22.7538 93.0027 15.2774 0.302332 -0.952963 0.0212485
-21.8057 93.2828 14.9107 0.278508 -0.960169 0.0222932
-20.5958 93.6027 14.478 0.241572 -0.970107 0.0227731
-19.4264 93.8764 14.1569 0.218639 -0.975535 0.0216558
-18.2917 94.1103 13.9101 0.196225 -0.98026 0.0241037
-17.0996 94.324 13.8001 0.15388 -0.987763 0.0204932
-15.9971 94.4703 13.6846 0.119527 -0.992677 0.0173188
-14.9851 94.5804 13.5769 0.0891191 -0.995761 0.018744
-13.8833 94.6563 13.4948 0.0585479 -0.998109 0.0187278
-12.6977 94.6962 13.3718 0.0234202 -0.999397 0.0237629
-11.6357 94.7034 13.2694 -0.000984928 -0.999806 0.0185207
-10.366 94.6745 13.1747 -0.0398668 -0.999072 0.0156955
-9.12385 94.5941 13.025 -0.0660798 -0.997713 0.0142445
-7.94145 94.4832 12.9011 -0.105657 -0.994267 0.01503
-6.86499 94.3342 12.8328 -0.15006 -0.988609 0.0101437
-5.78527 94.1497 12.7137 -0.174067 -0.984456 0.0228451
-4.64326 93.9263 12.5752 -0.201549 -0.979336 0.0157108
-3.54181 93.6761 12.4338 -0.234665 -0.971833 0.0166194
-2.36709 93.3674 12.3115 -0.264481 -0.96412 0.0200834
-1.39072 93.083 12.3053 -0.277497 -0.960589 0.015976
-0.263236 92.7292 12.2644 -0.312045 -0.949888 0.0183887
0.74713 92.3892 12.2743 -0.334524 -0.942176 0.0199207
1.72566 92.0335 12.2714 -0.344861 -0.938469 0.0186179
2.70955 91.6573 12.1934 -0.358632 -0.933293 0.0185959
3.66115 91.2761 12.2072 -0.380279 -0.924648 0.0194483
4.77397 90.8148 12.0845 -0.387225 -0.921952 0.00784252
5.63965 90.4389 11.7577 -0.399213 -0.916773 0.0122353
6.4445 90.0771 11.1809 -0.408308 -0.91282 0.006537
7.06904 89.7863 10.464 -0.417388 -0.908712 0.00424554
7.6681 89.5013 9.3739 -0.422719 -0.90625 0.0041167
8.14192 89.2686 8.4046 -0.430744 -0.902432 0.00868316
8.5895 89.0438 7.34226 -0.434343 -0.900717 0.00743067
8.96615 88.8525 6.28446 -0.439074 -0.898428 0.00634434
9.34585 88.6598 5.13285 -0.442211 -0.896894 0.00532909
9.64749 88.5049 4.09288 -0.444772 -0.895624 0.00599817
9.8179 88.4134 3.07079 -0.445146 -0.895442 0.00532561
9.90617 88.3624 1.7294 -0.445544 -0.895249 0.00449484
9.94944 88.3347 0.724578 -0.447426 -0.8943 0.00601571
9.99909 88.3054 -0.286369 -0.445745 -0.895149 0.00435992
9.89441 88.3508 -1.62214 -0.448192 -0.893921 0.00534091
9.74041 88.4213 -2.89462 -0.45046 -0.892778 0.00571615
9.53136 88.5196 -3.89142 -0.445188 -0.895415 0.00634351
9.2325 88.6605 -4.9158 -0.446871 -0.894567 0.00755917
8.95081 88.79 -5.9031 -0.440629 -0.897652 0.00806695
8.60192 88.9571 -6.81137 -0.437622 -0.899143 0.00533685
8.14379 89.1752 -7.68304 -0.434192 -0.90082 -0.000362336
7.57844 89.4483 -8.6621 -0.428885 -0.903359 -0.000827104
7.01789 89.7149 -9.48688 -0.427316 -0.904101 -0.00144438
6.31884 90.0411 -10.2551 -0.417264 -0.90876 -0.0065437
5.50234 90.4231 -11.0029 -0.416408 -0.909126 -0.00968363
4.50776 90.878 -11.5176 -0.405764 -0.913877 -0.0130042
3.54338 91.2982 -11.6018 -0.394733 -0.91868 -0.0145651
2.54181 91.7207 -11.6221 -0.38135 -0.924359 -0.0113476
1.41429 92.173 -11.4795 -0.36487 -0.930934 -0.01523
0.52912 92.5007 -11.2351 -0.346931 -0.937607 -0.0230525
-0.436199 92.8397 -10.9771 -0.331222 -0.943153 -0.0274716
-1.4535 93.1696 -10.7163 -0.302151 -0.95292 -0.0253534
-2.5151 93.4818 -10.4081 -0.275767 -0.96087 -0.025982
-3.67179 93.7866 -10.0781 -0.251557 -0.967548 -0.0236319
-4.63473 94.0156 -9.85474 -0.222798 -0.974524 -0.0255125
-5.61105 94.2177 -9.65254 -0.198846 -0.979359 -0.0362686
-6.57267 94.387 -9.58109 -0.135904 -0.989578 -0.0475216
-7.79733 94.5528 -9.48389 -0.113982 -0.992879 -0.0337495
-8.86715 94.662 -9.3503 -0.0924072 -0.995204 -0.0300542
-10.0679 94.7451 -9.25503 -0.0533322 -0.99805 -0.0319108
-11.1517 94.7862 -9.20664 -0.0232093 -0.999396 -0.0257631
-12.22 94.7929 -9.16124 0.0014628 -0.999291 -0.0376279
-13.5123 94.7589 -8.95625 0.0291894 -0.999329 -0.0221198
-14.5327 94.6956 -8.89831 0.076011 -0.996725 -0.0276125
-15.7266 94.5956 -8.8852 0.0977118 -0.995033 -0.0189113
-16.1656 94.55 -8.82561 0.114506 -0.993162 -0.0181897
-16.2971 94.5641 -9.80768 0.112411 -0.992933 -0.0366075
-15.1191 94.6747 -9.88364 0.0779911 -0.996702 -0.02242
-14.0493 94.7672 -9.91723 0.0846706 -0.995451 -0.0435233
-12.9204 94.8246 -10.0293 0.0196507 -0.998172 -0.0567296
-11.8015 94.8409 -10.1236 -0.000756628 -0.997806 -0.0651353
-10.7986 94.8172 -10.1774 -0.0464285 -0.997318 -0.0559782
-9.46846 94.7499 -10.2713 -0.0575486 -0.997215 -0.047294
-8.33763 94.6411 -10.3585 -0.107087 -0.993471 -0.0393332
-7.26957 94.5247 -10.4686 -0.133397 -0.989893 -0.0481252
-6.0498 94.3415 -10.5668 -0.197469 -0.979626 -0.0364979
-5.04257 94.1321 -10.7323 -0.21227 -0.976282 -0.041685
-3.98613 93.8981 -10.9708 -0.243996 -0.968296 -0.0534695
-3.06284 93.6742 -11.2352 -0.266699 -0.962567 -0.0475464
-2.12622 93.4087 -11.4889 -0.297633 -0.953365 -0.0493301
-1.21507 93.1269 -11.7349 -0.3109 -0.949496 -0.0423991
-0.269062 92.8144 -11.9974 -0.337114 -0.940524 -0.041887
0.746576 92.4466 -12.2769 -0.347857 -0.937235 -0.0241794
1.69394 92.0867 -12.4845 -0.372876 -0.92749 -0.0266584
2.7491 91.6546 -12.6134 -0.38213 -0.923654 -0.0289647
3.68289 91.2557 -12.5604 -0.400983 -0.91575 -0.0244759
4.72823 90.7968 -12.4547 -0.407925 -0.912771 -0.0210079
5.68155 90.3545 -12.0532 -0.419982 -0.907501 -0.00712973
6.54176 89.9484 -11.3957 -0.421312 -0.906847 -0.010654
7.20333 89.635 -10.6874 -0.423802 -0.905704 -0.00922862
7.79403 89.35 -9.91699 -0.426042 -0.904695 -0.00395731
8.43229 89.0358 -8.93643 -0.438742 -0.898611 -0.000147049
8.99296 88.7633 -7.97008 -0.440279 -0.897859 -8.62121e-05
9.50462 88.5105 -6.92494 -0.443697 -0.89616 0.0055921
9.90731 88.3166 -5.7976 -0.447733 -0.894148 0.00576293
10.2697 88.1424 -4.56721 -0.45387 -0.891035 0.00730013
10.4986 88.0335 -3.62221 -0.454082 -0.890941 0.00575948
10.66 87.9601 -2.43288 -0.451665 -0.892166 0.0061462
10.7693 87.9126 -1.35808 -0.450118 -0.89295 0.00583304
10.843 87.8812 -0.352847 -0.450118 -0.892957 0.0045445
10.8167 87.8994 0.690427 -0.451885 -0.892066 0.00432911
10.777 87.9251 1.94863 -0.451241 -0.892395 0.00355053
10.6896 87.9728 2.99592 -0.454472 -0.890752 0.00401507
10.4911 88.0849 4.06302 -0.447515 -0.894231 0.00852574
10.2742 88.2008 5.19221 -0.443549 -0.896234 0.00527076
9.97883 88.3544 6.15474 -0.4436 -0.896198 0.00697986
9.60531 88.549 7.26014 -0.440917 -0.897491 0.00944704
9.10729 88.807 8.49459 -0.434437 -0.90059 0.0142038
8.63474 89.044 9.44821 -0.428921 -0.903285 0.0100555
8.22246 89.2468 10.3268 -0.425889 -0.904738 0.00826517
7.7416 89.4807 11.1599 -0.426013 -0.904669 0.00877609
7.05975 89.807 11.9106 -0.41429 -0.910004 0.0154961
6.28569 90.1649 12.5411 -0.403415 -0.914945 0.0114883
5.32988 90.5918 12.9526 -0.397885 -0.917092 0.0250595
4.27235 91.0468 13.1613 -0.385922 -0.922197 0.0247639
3.23033 91.4788 13.1328 -0.370754 -0.927986 0.0352959
2.23312 91.8656 13.2014 -0.350046 -0.936137 0.0333407
1.14861 92.2689 13.2198 -0.34217 -0.939018 0.0335856
0.0139554 92.6588 13.2066 -0.317984 -0.947753 0.0254198
-1.03692 93.0084 13.2279 -0.294774 -0.954981 0.0269978
-1.98781 93.2818 13.2694 -0.27621 -0.960468 0.0347714
-3.02135 93.5626 13.3176 -0.241357 -0.968742 0.0573275
-3.98768 93.8037 13.4668 -0.219612 -0.974998 0.0338799
-5.13237 94.0546 13.5934 -0.188107 -0.981126 0.0446899
-6.19974 94.2409 13.7188 -0.163295 -0.986311 0.0220673
-7.2343 94.4147 13.8277 -0.147363 -0.988641 0.0284013
-8.41808 94.5488 13.934 -0.0903032 -0.995678 0.0217049
-9.47698 94.6454 14.043 -0.0881203 -0.99584 0.0230753
-10.517 94.7049 14.1593 -0.032367 -0.998933 0.0329454
-11.5099 94.7308 14.195 -0.012911 -0.999471 0.028235
-12.809 94.7262 14.3306 0.0272595 -0.998819 0.0402288
-13.7917 94.6882 14.4369 0.0554713 -0.998142 0.0248556
-15.0163 94.6046 14.5267 0.0939884 -0.99491 0.0362518
-16.0996 94.4838 14.6577 0.125291 -0.991682 0.0294928
-17.0851 94.3515 14.7598 0.152923 -0.987528 0.0371892
-18.0679 94.1807 14.8394 0.180388 -0.982854 0.0381295
-19.0611 93.9878 15.0199 0.220105 -0.974052 0.0526977
-20.0908 93.7561 15.3067 0.243019 -0.968996 0.0443777
-21.0101 93.5303 15.6088 0.271118 -0.961901 0.0349055
-22.0526 93.245 15.9944 0.276355 -0.960421 0.0349236
-23.0488 92.9491 16.353 0.319118 -0.946485 0.0480836
-23.8986 92.6672 16.7603 0.335412 -0.941403 0.0354728
-24.7934 92.3594 17.221 0.353107 -0.934886 0.0356648
-25.9799 91.9122 17.8224 0.368866 -0.929177 0.0238031
-27.0135 91.501 18.2888 0.388399 -0.921246 0.0211179
-27.9987 91.0873 18.5923 0.396222 -0.917894 0.0217378
-29.12 90.5945 18.9313 0.410704 -0.911635 0.0155967
-30.0752 90.1623 19.1499 0.421835 -0.906457 0.0194267
-31.0626 89.6969 19.2931 0.430205 -0.902621 0.0140613
-32.0587 89.2179 19.3229 0.436224 -0.899649 0.0184597
-33.0932 88.7026 19.1123 0.448282 -0.893877 0.00488272
-33.9326 88.2806 18.8357 0.451663 -0.892185 0.00229989
-34.7627 87.8556 18.5088 0.45795 -0.888976 0.000351927
-35.58 87.4321 18.0673 0.462078 -0.886837 0.00134467
-36.3522 87.0263 17.4894 0.46643 -0.884556 0.00072685
-37.1107 86.6252 16.8345 0.468838 -0.883284 -0.000995647
-37.8426 86.2369 15.9545 0.470332 -0.882489 -0.000619125
-38.4591 85.9059 15.1302 0.474066 -0.880487 -0.00177605
-39.0781 85.5747 14.1107 0.475311 -0.879814 -0.0019953
-39.4978 85.3496 13.0112 0.480123 -0.877193 -0.00368327
-39.8295 85.1709 12.1097 0.48183 -0.876259 -0.00297205
-40.1729 84.9828 11.1281 0.485179 -0.874409 -0.00284962
-40.3966 84.8642 10.1471 0.484244 -0.87492 -0.00470562
-40.6112 84.7501 9.09786 0.486635 -0.8736 -0.00313664
-40.8259 84.6352 7.97265 0.487242 -0.873259 -0.00348451
-41.0454 84.5176 6.78424 0.49018 -0.871606 -0.00523044
-41.2087 84.4323 5.789 0.492278 -0.870427 -0.00440028
-41.2648 84.4065 4.76605 0.492496 -0.870301 -0.0048723
-41.3452 84.3659 3.74373 0.491573 -0.87083 -0.00329237
-41.3106 84.3887 2.52273 0.491027 -0.871142 -0.00195377
-41.2575 84.4219 1.38271 0.4908 -0.871267 -0.0030796
-41.1723 84.4724 0.0985964 0.49086 -0.871237 -0.00159431
-41.0788 84.528 -1.07511 0.491576 -0.87083 -0.00273326
-40.8738 84.6498 -2.34409 0.490926 -0.871188 -0.00470691
-40.7455 84.7286 -3.37856 0.49003 -0.871691 -0.00502923
-40.4924 84.8783 -4.55686 0.489402 -0.872026 -0.0074383
-40.239 85.0303 -5.56345 0.488117 -0.872728 -0.00933553
-39.8528 85.2562 -6.74677 0.48418 -0.874896 -0.0111376
-39.4229 85.508 -7.70765 0.483006 -0.875533 -0.0120841
-38.8746 85.8236 -8.78779 0.480759 -0.876773 -0.0117575
-38.2921 86.1539 -9.57546 0.478766 -0.877698 -0.0207307
-37.6711 86.502 -10.3079 0.472995 -0.880971 -0.0128571
-37 86.8712 -10.9508 0.469368 -0.882918 -0.0122097
-36.2812 87.2608 -11.507 0.469367 -0.882934 -0.0110388
-35.476 87.6954 -12.0834 0.467981 -0.883671 -0.0109313
-34.6495 88.1304 -12.4579 0.448212 -0.893846 -0.0120855
-33.7686 88.5736 -12.6706 0.44591 -0.895002 -0.0116883
-32.8729 89.0224 -12.8302 0.441204 -0.897228 -0.0178674
-31.8143 89.5416 -12.893 0.43743 -0.899021 -0.0202864
-30.8517 89.996 -12.814 0.420569 -0.907096 -0.0170469
-29.889 90.4417 -12.7293 0.418947 -0.907844 -0.0173856
-28.9106 90.8767 -12.5632 0.401585 -0.915615 -0.0194509
-28.0208 91.2562 -12.3916 0.389775 -0.920568 -0.0250974
-27.1329 91.6182 -12.1036 0.375778 -0.926345 -0.0259017
-26.1403 92.0043 -11.8194 0.358402 -0.93312 -0.0287161
-25.2393 92.3337 -11.5082 0.340767 -0.939793 -0.0253803
-24.3246 92.6514 -11.1791 0.33645 -0.941345 -0.0259036
-23.3268 92.9808 -10.8185 0.308005 -0.95082 -0.0311775
-22.4047 93.2626 -10.529 0.298865 -0.953993 -0.0240127
-21.5008 93.5297 -10.267 0.277209 -0.96036 -0.029269
-20.4583 93.7984 -10.0167 0.240954 -0.969918 -0.0346396
-19.2834 94.0707 -9.86936 0.206811 -0.977565 -0.039832
-18.0902 94.2936 -9.73451 0.160122 -0.986608 -0.0310612
-17.0944 94.4534 -9.75308 0.151914 -0.987758 -0.0350392
-16.6312 94.5221 -9.78928 0.124543 -0.991556 -0.0360224
