6.67245 90.5315 -5.27138 -0.41769 -0.908581 0.00314992
5.83599 90.9055 -6.30621 -0.410621 -0.91179 0.00506391
4.93408 91.3082 -7.38775 -0.408258 -0.912863 -0.00242666
4.15037 91.6496 -8.3616 -0.397823 -0.917462 0.000664766
4.05628 91.6903 -8.47208 -0.397689 -0.917519 -0.000653333
2.53699 92.3282 -8.82886 -0.369645 -0.929086 -0.00844042
3.43018 91.9588 -7.83254 -0.384121 -0.923274 0.00358212
4.28152 91.5943 -6.81482 -0.39715 -0.917752 9.16572e-05
5.19551 91.1949 -5.73866 -0.405241 -0.9142 0.00421789
6.02538 90.8291 -4.7197 -0.41061 -0.911795 0.0051564
7.04028 90.3705 -3.5115 -0.418723 -0.908108 0.00316908
7.33994 90.2304 -3.17632 -0.428223 -0.903666 0.00340875
7.62093 90.1065 -1.51694 -0.424903 -0.905202 0.00821335
6.79105 90.4901 -2.48898 -0.421337 -0.906894 0.00419414
5.91999 90.8826 -3.48779 -0.411705 -0.911301 0.00482225
5.07725 91.2534 -4.4917 -0.405231 -0.914203 0.00344868
4.32384 91.582 -5.45364 -0.404334 -0.914602 0.00407615
3.3623 91.9881 -6.55893 -0.386764 -0.922158 -0.00185697
2.51197 92.3361 -7.55912 -0.369471 -0.929188 0.000893813
1.65076 92.6691 -8.41892 -0.360155 -0.932869 -0.00599814
1.28922 92.8089 -8.73551 -0.353806 -0.935222 -0.0131344
0.344583 93.1534 -8.40181 -0.327972 -0.944675 -0.00456766
1.27235 92.8102 -7.58549 -0.350522 -0.936548 -0.00252
2.28701 92.4269 -6.44987 -0.367486 -0.929986 0.00197588
3.24446 92.0355 -5.35095 -0.380514 -0.924771 -0.00240192
4.14931 91.6569 -4.25578 -0.393497 -0.919323 -0.00232884
5.01975 91.2838 -3.18276 -0.402932 -0.915225 0.00311351
6.00893 90.8487 -2.07523 -0.412062 -0.91114 0.00470925
6.91586 90.4427 -1.02754 -0.425887 -0.904729 0.00921154
7.64965 90.1028 -0.0439318 -0.430037 -0.902795 0.00538553
7.43871 90.2096 1.18195 -0.425461 -0.904974 0.00199334
6.6256 90.5853 0.0122064 -0.421635 -0.906754 0.00372028
5.66178 91.0158 -1.1234 -0.411192 -0.911502 0.00918413
4.77656 91.3997 -2.14032 -0.405106 -0.914132 0.015663
3.78187 91.8177 -3.29849 -0.392085 -0.919916 0.00490523
2.90303 92.1793 -4.35715 -0.384675 -0.923037 0.00513627
2.08342 92.5072 -5.30551 -0.373685 -0.927554 -0.00152566
1.27957 92.8122 -6.25872 -0.347669 -0.937592 -0.00353839
0.368291 93.1427 -7.17613 -0.328913 -0.944282 0.00111563
-0.684996 93.5053 -8.15218 -0.314099 -0.949326 -0.0103588
-0.838143 93.5568 -8.30169 -0.311258 -0.950248 -0.0116952
-1.98617 93.9222 -8.15831 -0.283082 -0.959024 -0.0115005
-0.923551 93.5744 -7.16477 -0.312071 -0.950016 -0.00864518
0.232161 93.1907 -6.07336 -0.318283 -0.947995 0.000169213
1.10858 92.8772 -5.09972 -0.345434 -0.938322 0.0114654
2.09744 92.5069 -3.97338 -0.367009 -0.930196 0.00631409
2.93089 92.1773 -2.94894 -0.376036 -0.926599 0.00321079
3.74649 91.8429 -1.97716 -0.391831 -0.919995 0.00879095
4.57683 91.4999 -1.06355 -0.397747 -0.917419 0.00877656
5.37231 91.1517 -0.132748 -0.408434 -0.912765 0.00634576
6.31223 90.7354 1.0865 -0.41795 -0.908461 0.00418118
7.03092 90.4031 2.06764 -0.424706 -0.90533 0.000545609
7.42648 90.2183 2.60448 -0.427662 -0.903928 0.00402558
7.07779 90.3868 3.67485 -0.42481 -0.905259 0.00620954
6.40606 90.6944 2.65698 -0.419309 -0.907837 0.00143249
5.56322 91.0797 1.51681 -0.413657 -0.910429 0.00250962
4.79959 91.4136 0.529875 -0.40121 -0.915858 0.0130802
4.00739 91.7502 -0.395046 -0.392392 -0.919767 0.00685345
3.1294 92.101 -1.33938 -0.373005 -0.927812 0.00239779
2.34081 92.4167 -2.28761 -0.363738 -0.931482 0.00158624
1.52184 92.7298 -3.2589 -0.346774 -0.937924 -0.00391928
0.702832 93.0283 -4.2116 -0.331233 -0.943543 0.00321836
-0.191333 93.3331 -5.20071 -0.315848 -0.948808 0.0017491
-1.2522 93.6755 -6.19462 -0.300104 -0.953906 1.2755e-05
-2.3745 94.0291 -7.33137 -0.2761 -0.9611 -0.00740162
-3.0694 94.2229 -7.9052 -0.250554 -0.968009 -0.0131128
-4.35608 94.5324 -7.78764 -0.20918 -0.977693 -0.0189581
-3.30771 94.2746 -6.89761 -0.237708 -0.971319 -0.00481077
-2.27945 93.9927 -5.94067 -0.289118 -0.957276 -0.00173686
-1.35478 93.7105 -5.06804 -0.299301 -0.954158 0.000153326
-0.445064 93.4178 -4.17286 -0.316321 -0.94862 -0.00647783
0.374349 93.1372 -3.25446 -0.314711 -0.949153 -0.00762521
1.16802 92.8539 -2.27486 -0.342001 -0.939684 -0.00547175
1.97117 92.556 -1.34214 -0.348972 -0.937131 0.0014642
2.92228 92.1928 -0.26888 -0.363792 -0.931477 -0.0023319
3.86909 91.813 0.745331 -0.381193 -0.924469 0.00573122
4.74998 91.4403 1.86138 -0.393991 -0.9191 -0.00498418
5.53307 91.0915 2.9245 -0.410118 -0.91203 -0.00205528
6.32554 90.7363 4.09159 -0.417684 -0.908578 0.00499629
6.89054 90.4814 5.13935 -0.417968 -0.90845 0.00439489
6.40368 90.7062 6.04767 -0.414959 -0.909834 0.00311247
5.78211 90.9874 4.84511 -0.414706 -0.909954 0.00171939
5.03222 91.3177 3.7242 -0.404129 -0.914678 0.00656224
4.31015 91.6276 2.71334 -0.39192 -0.919992 -0.000741263
3.54849 91.9459 1.71606 -0.378051 -0.925755 -0.000303438
2.60636 92.3179 0.684839 -0.359112 -0.933247 0.000670479
1.71888 92.6496 -0.257869 -0.346717 -0.937969 0.000185127
0.91509 92.9428 -1.22057 -0.325542 -0.945521 -0.00033004
0.0947763 93.2237 -2.16109 -0.314455 -0.94927 -0.00187914
-0.751813 93.5052 -3.17357 -0.302462 -0.953093 -0.0113174
-1.62608 93.7903 -4.08068 -0.297232 -0.954753 -0.0100199
-2.65531 94.0947 -5.0578 -0.274196 -0.961611 -0.00868055
-3.67562 94.3636 -6.01081 -0.223996 -0.974539 -0.00390606
-4.63682 94.5776 -6.81176 -0.209423 -0.977745 -0.0122528
-5.18534 94.7041 -7.3714 -0.200313 -0.979611 -0.00842205
-6.58116 94.9507 -7.54985 -0.15829 -0.987258 -0.0161025
-5.7078 94.7874 -6.59261 -0.186714 -0.982406 0.00402857
-4.63752 94.5729 -5.62679 -0.211672 -0.977333 -0.0006531
-3.56039 94.3143 -4.65706 -0.235016 -0.971899 -0.0117918
-2.41083 94.0139 -3.60253 -0.276144 -0.961084 -0.00654861
-1.46137 93.7286 -2.62391 -0.300668 -0.953727 -0.00198811
-0.548149 93.4331 -1.53369 -0.307697 -0.951476 -0.00375291
0.343136 93.1411 -0.477457 -0.323028 -0.946378 0.00113026
1.31141 92.8007 0.618512 -0.343282 -0.939217 7.9133e-05
2.25273 92.4604 1.56635 -0.35678 -0.934112 0.0118363
3.13159 92.1184 2.60871 -0.374699 -0.927144 0.00229487
3.91934 91.7956 3.66064 -0.381867 -0.924209 0.00385491
4.67809 91.4767 4.72845 -0.397506 -0.917597 -0.00190002
5.45811 91.1326 6.03361 -0.407897 -0.913024 0.00103062
5.98399 90.9033 7.1154 -0.415527 -0.909571 0.00416381
5.45401 91.1398 8.10624 -0.403085 -0.915162 0.000727673
4.95335 91.3606 6.98396 -0.390278 -0.920689 0.00181095
4.26193 91.6542 5.63828 -0.390563 -0.92057 -0.00312172
3.48066 91.9788 4.54726 -0.380119 -0.924938 -0.000239267
2.58638 92.3318 3.35536 -0.364562 -0.931163 -0.00414262
1.67474 92.6803 2.22432 -0.345411 -0.938446 -0.00310106
0.697757 93.0158 1.26076 -0.3185 -0.947897 0.00694247
-0.134481 93.3018 0.341999 -0.316182 -0.948654 -0.00288718
-0.987936 93.5734 -0.677028 -0.299509 -0.954092 -0.000432153
-1.93661 93.8671 -1.77983 -0.281014 -0.959688 -0.00544342
-2.77884 94.1088 -2.70309 -0.249722 -0.968264 -0.0100082
-3.93021 94.3977 -3.75317 -0.215163 -0.976553 -0.00498669
-4.91334 94.6231 -4.66168 -0.209316 -0.977667 -0.0183658
-6.10537 94.869 -5.66853 -0.172738 -0.98495 -0.000547393
-7.00067 95.0149 -6.6432 -0.160915 -0.986949 0.00477053
-7.74175 95.1177 -7.49034 -0.101874 -0.994788 -0.000769375
-8.95456 95.236 -7.39756 -0.0870591 -0.9962 -0.00236153
-7.87405 95.1302 -6.26999 -0.102226 -0.994735 -0.00670208
-6.90983 94.992 -5.20429 -0.13849 -0.990211 -0.0163701
-5.82363 94.8019 -4.18414 -0.15941 -0.987044 -0.0169716
-4.87534 94.6004 -3.37743 -0.201816 -0.979398 -0.00346628
-3.75941 94.3478 -2.39485 -0.222436 -0.974894 -0.0101616
-2.69382 94.0796 -1.28445 -0.237332 -0.971359 -0.0111486
-1.79852 93.8146 -0.242803 -0.273571 -0.961842 -0.00420377
-0.985942 93.5694 0.736245 -0.302067 -0.953281 -0.00255491
-0.155609 93.3049 1.65206 -0.311689 -0.950091 0.0128213
0.864327 92.9685 2.70216 -0.33273 -0.942997 0.00690808
1.83746 92.6182 3.83681 -0.355467 -0.934686 -0.00211502
2.71183 92.28 4.97208 -0.358171 -0.933654 0.00182943
3.4652 91.982 6.05054 -0.378324 -0.925669 -0.0026722
4.12806 91.7078 7.1401 -0.384193 -0.923243 0.00051837
4.67125 91.4776 8.41888 -0.388568 -0.921419 0.00088669
4.75249 91.4437 8.63009 -0.38802 -0.921645 0.00282245
4.11752 91.714 9.38708 -0.385881 -0.922542 0.00349874
3.55956 91.9411 7.94556 -0.378128 -0.925752 0.00143047
2.88764 92.2129 6.7607 -0.361906 -0.932212 -0.00227685
2.09339 92.519 5.60602 -0.357934 -0.93374 0.00340089
1.33072 92.8 4.58954 -0.341091 -0.939977 -0.0099687
0.496468 93.0998 3.61987 -0.31992 -0.947431 -0.00401006
-0.412661 93.4035 2.68307 -0.303794 -0.952726 0.00199739
-1.33443 93.6847 1.71704 -0.292148 -0.956351 0.0054748
-2.33283 93.9682 0.515122 -0.271264 -0.962383 0.0124337
-3.32596 94.2263 -0.59581 -0.244091 -0.969741 -0.00346109
-4.28912 94.4653 -1.62936 -0.228668 -0.9735 -0.00250511
-5.253 94.6744 -2.51243 -0.194888 -0.980824 0.000564909
-6.20926 94.8587 -3.30025 -0.160671 -0.987002 -0.00208623
-7.18556 95.0176 -4.17023 -0.145207 -0.989318 -0.00078161
-8.0634 95.1415 -5.06953 -0.118921 -0.992772 -0.0160163
-8.96202 95.23 -6.09061 -0.0865785 -0.99621 -0.00819101
-9.90903 95.3075 -7.05625 -0.059282 -0.998217 -0.00701452
-10.0319 95.3157 -7.18364 -0.059438 -0.998205 -0.0073847
-11.3148 95.3626 -7.15559 -0.0187781 -0.999775 -0.0096596
-10.3275 95.3279 -6.1856 -0.0630241 -0.997962 -0.0085739
-9.47377 95.2773 -5.26666 -0.0825149 -0.996581 0.00329876
-8.46481 95.1829 -4.14927 -0.120971 -0.992638 0.00145375
-7.48762 95.0561 -3.20195 -0.128 -0.991765 -0.00391701
-6.46299 94.8985 -2.28886 -0.156793 -0.98763 -0.00121558
-5.50006 94.7228 -1.43833 -0.188491 -0.982045 -0.00764201
-4.56596 94.5219 -0.596537 -0.226214 -0.974021 -0.00991572
-3.43363 94.2601 0.571858 -0.235868 -0.971769 0.00367503
-2.58639 94.0455 1.65128 -0.256461 -0.966548 0.00233349
-1.65571 93.7862 2.70574 -0.271694 -0.962368 0.00551185
-0.649757 93.4771 3.73524 -0.302359 -0.953188 -0.0034514
0.301029 93.1618 4.72335 -0.320071 -0.947392 0.00171276
1.1151 92.8752 5.73426 -0.340905 -0.940093 0.00114996
2.01054 92.5509 7.02198 -0.352942 -0.935616 -0.00545279
2.67005 92.2961 8.09887 -0.359016 -0.933327 0.00247832
3.19454 92.0964 9.29873 -0.380937 -0.924585 0.00541691
3.34743 92.0355 9.74513 -0.381691 -0.924282 0.00362915
2.39806 92.41 9.60785 -0.358933 -0.933329 0.00790705
1.80158 92.6282 8.3243 -0.349145 -0.937061 0.0037069
1.13593 92.8709 7.28706 -0.341609 -0.939829 0.00198135
0.371062 93.137 6.21042 -0.325584 -0.945508 0.00302136
-0.43906 93.4117 5.24042 -0.309952 -0.95071 0.00274323
-1.55617 93.76 4.12395 -0.296604 -0.954983 -0.00503276
-2.4137 94.0016 3.22875 -0.267927 -0.963436 0.00238945
-3.36131 94.2478 2.15584 -0.249178 -0.968455 0.0019844
-4.28207 94.4616 1.02782 -0.217628 -0.976027 0.00318024
-5.17026 94.6495 0.11387 -0.201499 -0.979463 0.00668515
-6.22633 94.8505 -0.86387 -0.168254 -0.985709 -0.00320616
-7.20871 95.0126 -1.70872 -0.133022 -0.991097 -0.00458349
-8.45394 95.1761 -2.82957 -0.118279 -0.992971 -0.00354278
-9.41901 95.2601 -3.87184 -0.0741245 -0.997221 -0.00627598
-10.3385 95.3272 -4.84282 -0.0305523 -0.999227 -0.0247555
-11.2925 95.3493 -5.8772 -0.0118675 -0.999884 -0.00872572
-12.2713 95.3644 -6.75453 0.00499529 -0.999967 -0.00646382
-12.6464 95.3648 -7.10223 0.0132339 -0.999867 -0.00293764
-14.0299 95.3104 -7.10192 0.0648507 -0.997847 -0.004765
-12.8877 95.3486 -6.09997 0.0283811 -0.999448 -0.0172478
-11.7926 95.3503 -5.0809 -0.00993576 -0.999946 -0.00320303
-10.9319 95.3359 -4.14564 -0.0272576 -0.999541 -0.00636957
-10.0506 95.2955 -3.19735 -0.0393442 -0.999217 -0.00407882
-9.1129 95.2291 -2.18954 -0.0811602 -0.996684 -0.00562214
-8.08041 95.1261 -1.23212 -0.128614 -0.991694 -0.000875079
-7.03362 94.9777 -0.332873 -0.147261 -0.989069 -0.00261622
-6.05025 94.8287 0.545901 -0.176537 -0.984216 0.00923887
-5.13764 94.6514 1.46254 -0.209218 -0.977845 0.00657913
-4.25965 94.463 2.48717 -0.217128 -0.976119 0.00682661
-3.44399 94.2747 3.46274 -0.245377 -0.969422 -0.0030945
-2.53171 94.0339 4.43574 -0.265049 -0.964199 -0.00770588
-1.62635 93.7798 5.30692 -0.282721 -0.959119 0.00279415
-0.77484 93.5158 6.1998 -0.295358 -0.95538 -0.00309306
0.0670315 93.2454 7.30138 -0.324976 -0.945709 0.00391078
0.799941 92.9957 8.39328 -0.333397 -0.94278 0.0034643
1.47307 92.7569 9.64581 -0.349696 -0.936848 0.00531414
1.55732 92.7269 9.86914 -0.349212 -0.937029 0.00525862
0.713605 93.0265 10.1049 -0.33118 -0.943546 -0.00641833
0.0288974 93.2657 8.8375 -0.31454 -0.949242 -0.000759869
-0.658519 93.4892 7.81692 -0.292245 -0.956291 -0.0041704
-1.6147 93.7727 6.57148 -0.285422 -0.958362 -0.00758118
-2.51723 94.0222 5.72027 -0.254941 -0.966947 -0.00437433
-3.44695 94.2673 4.79119 -0.246249 -0.969189 -0.00570685
-4.43783 94.5064 3.7117 -0.218065 -0.975922 -0.00484708
-5.26151 94.675 2.73829 -0.192962 -0.981144 -0.00682698
-6.16554 94.8615 1.69319 -0.165279 -0.986239 0.00343718
-7.1095 95.0051 0.808124 -0.132024 -0.991046 0.0198281
-8.21712 95.1426 -0.151911 -0.123695 -0.992192 -0.00617642
-9.2971 95.241 -1.09211 -0.0817905 -0.996576 0.00858099
-10.3256 95.3032 -2.14131 -0.0441417 -0.999005 -0.00637513
-11.2836 95.3367 -3.14894 -0.0173986 -0.999832 0.0056174
-12.2792 95.3525 -4.26109 -0.0101135 -0.999943 -0.00343061
-13.2101 95.3321 -5.18034 0.0253692 -0.999668 -0.00339281
-14.2416 95.2903 -6.0942 0.0631328 -0.998003 0.000532123
-15.409 95.198 -7.06045 0.0944941 -0.995498 -0.00732562
-16.7922 95.0314 -7.03626 0.150217 -0.988587 -0.00476344
-15.8145 95.1564 -6.20916 0.124501 -0.992187 0.00557414
-14.7707 95.2535 -5.33045 0.0712931 -0.997438 -0.00585382
-13.7768 95.3103 -4.44888 0.0464517 -0.998864 -0.00910287
-12.7716 95.3428 -3.42801 0.0346578 -0.99935 0.00213615
-11.8664 95.3503 -2.44231 -0.0179366 -0.999803 0.00408229
-10.9515 95.3306 -1.4429 -0.0362433 -0.999329 0.00443651
-9.95718 95.287 -0.481982 -0.0548289 -0.998482 0.0051652
-8.91508 95.214 0.472414 -0.103416 -0.994588 0.00994481
-7.77605 95.1017 1.43553 -0.120937 -0.992537 0.0154818
-6.84972 94.9741 2.32291 -0.160416 -0.986974 -0.00696205
-5.96421 94.8082 3.32477 -0.186547 -0.982441 0.000146735
-4.9024 94.6111 4.56272 -0.194259 -0.980908 0.00868955
-4.03193 94.4149 5.50553 -0.234146 -0.972142 0.00302245
-3.01746 94.15 6.50614 -0.251389 -0.967868 -0.00518374
-2.07023 93.9039 7.45139 -0.264162 -0.964379 -0.00227801
-1.25308 93.6648 8.52396 -0.281518 -0.959551 0.000201839
-0.558947 93.4555 9.5765 -0.29405 -0.955788 -0.00145714
-0.328122 93.3792 9.97984 -0.312239 -0.949981 -0.00592017
-1.20723 93.6481 10.2316 -0.285522 -0.95833 -0.00893371
-1.91075 93.8513 9.11885 -0.274186 -0.961667 -0.00140904
-2.67693 94.061 8.13295 -0.250954 -0.967997 0.00178068
-3.58965 94.2923 7.21096 -0.242281 -0.970206 0.000858831
-4.52233 94.5193 6.32085 -0.214746 -0.97663 -0.00862504
-5.50242 94.7307 5.30901 -0.181704 -0.983342 -0.000330911
-6.55732 94.9128 4.10805 -0.16003 -0.987028 -0.0127452
-7.57569 95.0746 2.90517 -0.135503 -0.990742 -0.00807343
-8.63529 95.2012 1.89988 -0.0979925 -0.995156 0.00783428
-9.80491 95.2958 0.88187 -0.077092 -0.997008 0.00565186
-11.0007 95.3457 -0.229996 -0.0445037 -0.998803 0.0202559
-11.9035 95.3643 -1.10631 -0.0153049 -0.999743 0.00817017
-12.8173 95.3447 -2.13216 0.0186107 -0.999445 0.0276305
-13.6686 95.3082 -3.07926 0.042145 -0.999065 0.00960151
-14.5918 95.2573 -3.96953 0.0631711 -0.997978 -0.00708564
-15.7756 95.1623 -4.98363 0.108012 -0.994027 -0.0155861
-16.8353 95.0243 -5.8453 0.145924 -0.989284 -0.00319599
-17.912 94.8492 -6.87412 0.163473 -0.986516 -0.00788338
-17.9328 94.8459 -6.89536 0.168975 -0.985582 -0.00747811
-19.4656 94.5562 -7.13968 0.213819 -0.976774 -0.0130353
-18.5261 94.7319 -6.17969 0.186205 -0.98249 -0.00364742
-17.528 94.9117 -5.23292 0.169274 -0.985569 -0.000789062
-16.4992 95.063 -4.40005 0.14576 -0.989288 -0.0079317
-15.3703 95.1961 -3.41571 0.0959642 -0.995205 -0.00529248
-14.3315 95.2948 -2.4827 0.0524403 -0.998211 0.0211536
-13.4627 95.3318 -1.5097 0.04045 -0.999141 0.00897566
-12.5511 95.3668 -0.453895 0.0111962 -0.999838 0.0140167
-11.5811 95.3775 0.491223 -0.0229873 -0.999668 0.00923118
-10.5778 95.3453 1.40344 -0.0404948 -0.999162 -0.00206924
-9.60766 95.2859 2.28324 -0.0664619 -0.99776 -0.00748886
-8.61124 95.2011 3.15118 -0.109312 -0.993989 0.00600122
-7.7799 95.0984 4.09639 -0.1407 -0.990014 -0.00643027
-6.88012 94.9568 5.17445 -0.146781 -0.989154 0.00202346
-5.8204 94.7816 6.35384 -0.179597 -0.98365 -0.0129168
-4.86319 94.5859 7.26712 -0.208528 -0.977988 -0.00516604
-3.93819 94.3706 8.10546 -0.231758 -0.972718 -0.00936393
-2.87466 94.1115 9.27857 -0.247656 -0.968844 -0.00183937
-2.12234 93.9088 10.3574 -0.267108 -0.963664 -0.00205097
-2.11196 93.9059 10.3727 -0.266363 -0.963871 -0.00138311
-3.11126 94.1745 10.4525 -0.250508 -0.968094 0.00636374
-3.98181 94.3782 9.38076 -0.219335 -0.975646 0.00227406
-5.06694 94.6207 8.26607 -0.207902 -0.978086 -0.00876552
-6.01886 94.8089 7.46257 -0.180057 -0.983638 -0.00598927
-6.99983 94.9711 6.41951 -0.146759 -0.989159 -0.00454211
-7.97358 95.1087 5.36473 -0.138747 -0.99027 -0.00809372
-8.98971 95.2406 4.10645 -0.105465 -0.994381 -0.00910959
-10.0525 95.3114 3.11778 -0.0531814 -0.998583 -0.00120143
-11.0533 95.363 2.26161 -0.0357145 -0.999268 0.00251121
-12.1092 95.3798 1.23894 0.0150915 -0.999871 0.000265652
-13.1763 95.3428 0.256398 0.0507533 -0.998697 0.00525141
-14.0274 95.3048 -0.766688 0.0676978 -0.997457 -0.0135014
-15.0708 95.2297 -1.94627 0.0931443 -0.995617 -0.00460867
-16.2302 95.0955 -2.92331 0.116991 -0.993131 -0.00119128
-17.2637 94.9523 -3.86857 0.140915 -0.990019 3.82647e-05
-18.3139 94.7739 -4.70657 0.17079 -0.985296 -0.00471495
-19.3526 94.5733 -5.7231 0.20084 -0.979599 0.000231555
-20.3633 94.353 -6.76327 0.219633 -0.975553 -0.00684973
-20.7601 94.2659 -7.1589 0.240891 -0.970372 -0.0175349
-22.4702 93.8138 -7.57786 0.27882 -0.960197 -0.0144235
-21.5702 94.0445 -6.70335 0.254205 -0.967041 -0.0136867
-20.6837 94.2638 -5.84326 0.241814 -0.970215 -0.0144563
-19.7917 94.4771 -4.82625 0.226337 -0.97404 0.00351019
-18.6844 94.7075 -3.83796 0.179218 -0.983738 0.00989717
-17.4819 94.9174 -2.84644 0.155507 -0.98783 -0.00127759
-16.5361 95.0541 -1.98238 0.125471 -0.992037 -0.0109556
-15.5848 95.1631 -1.17369 0.121614 -0.992447 -0.0160376
-14.7319 95.2344 -0.176565 0.0845234 -0.996343 -0.0124625
-13.9332 95.2903 0.893039 0.0770836 -0.996982 -0.00920562
-12.9289 95.3549 1.71873 0.0363256 -0.999315 -0.00680014
-11.9398 95.3732 2.675 -0.00445267 -0.999974 0.000920795
-10.9095 95.3515 3.625 -0.0467997 -0.998899 -0.00308691
-9.84922 95.2941 4.56748 -0.0572574 -0.998351 -0.00421254
-8.86234 95.2028 5.78644 -0.0967192 -0.995203 -0.00999094
-7.94 95.1021 6.7481 -0.133214 -0.991059 -0.00663789
-7.09456 94.9812 7.67957 -0.149429 -0.988768 -0.00288486
-6.14858 94.8258 8.56346 -0.176755 -0.984247 -0.000549691
-5.17825 94.6387 9.41402 -0.206651 -0.978393 0.00565365
-4.28773 94.4513 10.4004 -0.214104 -0.976736 0.0120928
-4.0776 94.4083 10.6481 -0.213637 -0.976828 0.0128343
-5.14457 94.6346 10.8026 -0.189347 -0.981838 0.0107166
-6.07685 94.8142 9.80287 -0.185201 -0.982699 -0.00171665
-7.16128 94.984 8.93969 -0.140514 -0.990069 -0.000301849
-8.1911 95.1206 7.75271 -0.115961 -0.993162 -0.0112995
-9.37881 95.2461 6.65058 -0.0722302 -0.997336 -0.00247678
-10.3433 95.3163 5.43671 -0.0474685 -0.998835 -0.00814052
-11.2437 95.3584 4.57361 -0.0232698 -0.999671 -0.0102842
-12.2825 95.3677 3.72409 0.0164589 -0.999783 0.0107858
-13.228 95.337 2.68564 0.0475869 -0.998865 0.00208579
-14.3945 95.2521 1.74589 0.0831675 -0.996487 0.00614512
-15.3021 95.1746 0.567072 0.0963565 -0.995263 -0.0129276
-16.2319 95.0784 -0.565216 0.11714 -0.993083 -0.00785587
-17.4187 94.9322 -1.46578 0.139824 -0.990128 -0.00810044
-18.2954 94.7784 -2.35806 0.187085 -0.982291 -0.00988616
-19.5471 94.539 -3.33018 0.217157 -0.976053 -0.0122813
-20.4386 94.3285 -4.25626 0.233078 -0.972383 0.0116573
-21.2844 94.1076 -5.1684 0.255329 -0.966816 -0.00370478
-22.27 93.8467 -6.1493 0.269218 -0.963018 -0.0107939
-23.19 93.5877 -7.03563 0.294721 -0.955504 -0.0123015
-23.9807 93.3502 -7.97091 0.307201 -0.951608 -0.00836674
-26.2542 92.5473 -8.94438 0.364001 -0.931345 -0.00979241
-25.3973 92.8619 -8.04681 0.341358 -0.939871 -0.0100767
-24.346 93.2195 -7.16698 0.319267 -0.947547 -0.0148385
-23.527 93.4748 -6.02439 0.297166 -0.954788 -0.0083762
-22.417 93.7921 -5.07302 0.271878 -0.962253 -0.0122255
-21.5147 94.0393 -4.21116 0.266222 -0.963901 -0.00435488
-20.5664 94.2919 -2.95258 0.249021 -0.968493 -0.00295524
-19.4802 94.5375 -2.21589 0.209919 -0.97768 -0.00769166
-18.605 94.7149 -1.29135 0.190238 -0.981671 -0.00598349
-17.6223 94.8818 -0.452118 0.157827 -0.987327 -0.0156496
-16.6291 95.0225 0.359844 0.135902 -0.990662 -0.009511
-15.788 95.1185 1.51097 0.105284 -0.994417 0.000314436
-14.8999 95.2097 2.46582 0.0917081 -0.995777 0.00414414
-13.6717 95.3097 3.53928 0.0613267 -0.998109 0.00107968
-12.8595 95.3436 4.57538 0.0452364 -0.998944 -0.00498487
-11.6783 95.3562 5.44007 -0.00752558 -0.999921 -0.0100168
-10.8031 95.3268 6.40627 -0.0301602 -0.999317 -0.0213686
-9.89626 95.2712 7.50104 -0.0562518 -0.998333 -0.0128652
-8.76526 95.1738 8.42764 -0.0864976 -0.996215 -0.00830465
-8.00963 95.0948 9.45191 -0.103403 -0.994635 -0.000951202
-6.97197 94.9613 10.2527 -0.146503 -0.98918 -0.000249112
-6.23614 94.8424 10.9604 -0.15705 -0.987584 -0.000579575
-7.47939 95.0318 11.051 -0.134923 -0.990839 0.00253901
-8.49006 95.1504 10.2699 -0.103144 -0.994637 0.00560781
-9.4207 95.2191 9.11219 -0.0634623 -0.997906 -0.00932849
-10.5486 95.2889 8.16266 -0.038107 -0.999259 -0.00536165
-11.4807 95.3332 7.09943 -0.0267941 -0.999514 -0.0159341
-12.3255 95.3482 6.18679 0.0163982 -0.999704 -0.0137383
-13.4678 95.3169 5.32013 0.0506621 -0.998599 -0.0100778
-14.3111 95.2591 4.36233 0.0882684 -0.996083 0.00418421
-15.1742 95.1798 3.39622 0.0964088 -0.995304 -0.00856118
-16.2479 95.0616 2.50573 0.123522 -0.992325 -0.00583321
-16.9275 94.9732 1.45638 0.138387 -0.990361 0.00523197
-18.1016 94.7909 0.541484 0.168092 -0.985699 -0.0119108
-19.0125 94.625 -0.317572 0.193913 -0.980965 -0.00693202
-19.8966 94.4449 -1.39745 0.207762 -0.97816 -0.006081
-20.9848 94.1834 -2.211 0.253297 -0.967388 -4.16701e-05
-21.7707 93.9664 -3.25351 0.270837 -0.962624 -0.00127409
-22.7371 93.6955 -4.036 0.284483 -0.958564 -0.00388237
-23.6847 93.4139 -5.07066 0.298335 -0.954319 -0.016444
-24.589 93.1284 -6.01849 0.31831 -0.947956 -0.00689295
-25.6231 92.7692 -7.0145 0.349394 -0.93692 -0.010261
-26.4845 92.444 -7.92159 0.366328 -0.930459 -0.00662822
-27.4881 92.0543 -8.81937 0.38049 -0.924695 -0.00789052
-28.3379 91.7038 -9.5205 0.394948 -0.918625 -0.0120186
-29.8296 91.0581 -9.84526 0.406485 -0.913592 -0.00795332
-28.9086 91.4504 -8.92423 0.399825 -0.916567 -0.00618667
-27.8253 91.9079 -7.84095 0.379466 -0.925138 -0.00768094
-26.8752 92.2829 -6.89088 0.3719 -0.92825 -0.00650474
-25.6791 92.7352 -5.69479 0.357731 -0.933743 -0.0120707
-24.6648 93.0858 -4.68046 0.319624 -0.947435 -0.0143413
-23.6867 93.3926 -3.70237 0.303124 -0.952792 -0.0156412
-22.6259 93.7221 -2.64151 0.294134 -0.95576 -0.00245719
-21.6191 94.0071 -1.63473 0.26687 -0.963674 -0.00919675
-20.6134 94.2628 -0.629091 0.24594 -0.969165 -0.0120152
-19.5764 94.496 0.407938 0.216513 -0.9762 -0.01249
-18.5507 94.7047 1.4336 0.199047 -0.979842 -0.0170304
-17.4108 94.8943 2.57358 0.161188 -0.98691 -0.00475138
-16.3917 95.0335 3.59268 0.139152 -0.990191 -0.0125926
-15.3945 95.1487 4.58984 0.115166 -0.993344 -0.00215292
-14.4153 95.2505 5.56485 0.0927721 -0.99568 -0.00368551
-13.491 95.3012 6.49335 0.0471377 -0.998846 -0.00923533
-12.5855 95.3289 7.3988 0.0286097 -0.999554 -0.00861367
-11.6871 95.3243 8.29722 -0.0168563 -0.999833 0.00431205
-10.7042 95.289 9.28018 -0.0405101 -0.999125 -0.00964115
-9.80904 95.2523 10.1753 -0.0518442 -0.998585 0.00866516
-8.91155 95.1968 11.0728 -0.083516 -0.996444 0.0110944
-9.95361 95.2672 11.3133 -0.0403444 -0.99916 0.00725244
-11.0265 95.2991 10.3695 -0.0227291 -0.999726 0.0055916
-11.9656 95.3225 9.39621 -0.00551081 -0.999893 -0.0117682
-13.1427 95.3126 8.35112 0.0383166 -0.999252 -0.00285093
-14.0747 95.2623 7.5105 0.0730903 -0.997283 -0.00657102
-14.8691 95.2028 6.43433 0.0968141 -0.995297 0.00111667
-15.9626 95.078 5.60085 0.135797 -0.990726 -0.00454198
-16.9332 94.9402 4.58354 0.149142 -0.988789 -0.00727168
-17.8658 94.8101 3.57873 0.175823 -0.984243 -0.0151399
-18.7023 94.662 2.67926 0.194611 -0.980863 -0.00497947
-19.7165 94.452 1.70976 0.234887 -0.971931 -0.0130652
-20.5917 94.2494 0.671518 0.253366 -0.967346 -0.0068226
-21.4701 94.0268 -0.197858 0.268584 -0.963188 -0.0114326
-22.3709 93.7861 -1.02662 0.269558 -0.962884 -0.013564
-23.3707 93.4891 -2.0728 0.301148 -0.953577 -0.000300979
-24.2589 93.2036 -3.00985 0.313411 -0.949616 -0.000889017
-25.1386 92.9116 -3.9017 0.334505 -0.942376 -0.0056123
-26.1167 92.5576 -4.76252 0.357506 -0.933874 -0.00746661
-27.0413 92.2047 -5.5659 0.368983 -0.929405 -0.00761336
-28.0823 91.7917 -6.31418 0.376408 -0.926438 -0.00538885
-28.8645 91.4629 -7.2782 0.398188 -0.917303 0.0011429
-29.8744 91.0229 -8.11243 0.407872 -0.913007 -0.0075379
-30.6652 90.6729 -9.41169 0.416423 -0.909148 -0.00629081
-31.6977 90.1998 -10.1326 0.425729 -0.904777 -0.0115167
-31.7279 90.1861 -10.1742 0.425712 -0.904786 -0.0114761
-32.7622 89.6868 -9.99013 0.436367 -0.899757 -0.00440851
-31.8658 90.1136 -9.14124 0.426794 -0.90432 -0.00544589
-30.9613 90.5309 -8.31334 0.421913 -0.906622 -0.00438317
-30.2187 90.8613 -7.24659 0.410908 -0.911639 -0.00810543
-29.2012 91.3147 -6.56637 0.404104 -0.914706 -0.00351058
-28.4093 91.6481 -5.48862 0.392586 -0.919612 -0.0137648
-27.5191 92.0084 -4.65546 0.369239 -0.929312 -0.00644246
-26.628 92.3552 -3.82387 0.361636 -0.932311 -0.0040406
-25.6429 92.7268 -3.08723 0.340436 -0.940197 -0.00904088
-24.7808 93.0319 -2.15914 0.312667 -0.949861 0.00208252
-23.9003 93.3156 -1.19662 0.307123 -0.951642 -0.00712557
-23.0149 93.5877 -0.344369 0.299858 -0.953854 -0.0156082
-22.0136 93.8687 0.554735 0.271564 -0.962416 -0.00138102
-21.1369 94.1009 1.51122 0.256076 -0.966636 -0.00632552
-20.3806 94.279 2.61384 0.243777 -0.969723 -0.0141594
-19.2788 94.5268 3.63138 0.218997 -0.975628 -0.0130801
-18.3054 94.7187 4.56772 0.176133 -0.984243 -0.0041296
-17.2862 94.8813 5.61677 0.161828 -0.986811 -0.00387872
-16.2848 95.0348 6.39449 0.135309 -0.990779 0.00689851
-15.2639 95.1634 7.28058 0.118501 -0.992949 -0.00306356
-14.5559 95.2343 8.35167 0.0654333 -0.997815 0.00759955
-13.5293 95.2878 9.32159 0.0472005 -0.998849 -0.0085661
-12.4196 95.307 10.3152 0.00643769 -0.999852 -0.0159568
-11.6981 95.3065 11.1804 -0.0111053 -0.999924 -0.00523871
-12.6255 95.2979 11.5501 0.0142805 -0.999871 -0.00736478
-13.5167 95.278 10.5545 0.0479912 -0.998826 -0.00617601
-14.6802 95.2156 9.46469 0.0823692 -0.996564 -0.00827313
-15.5481 95.131 8.41195 0.115833 -0.993266 -0.000326061
-16.3683 95.0257 7.23892 0.139552 -0.990214 0.000988834
-17.4655 94.8483 6.60578 0.171673 -0.985123 0.00321763
-18.4733 94.6704 5.72741 0.200162 -0.979658 -0.0140113
-19.4502 94.4737 4.82208 0.218175 -0.975821 -0.0110328
-20.3529 94.2728 3.98215 0.23285 -0.972441 -0.0107221
-21.2337 94.0585 3.0305 0.254339 -0.967065 -0.00887865
-22.0592 93.8492 1.90424 0.273962 -0.961555 -0.0188768
-22.9917 93.5857 0.915289 0.291734 -0.956436 -0.00804151
-24.0062 93.2677 0.00751221 0.306479 -0.951791 -0.0122242
-25.0653 92.9237 -1.12263 0.334768 -0.942073 -0.0166467
-25.949 92.608 -2.14141 0.355268 -0.934722 -0.00707577
-27.1897 92.131 -3.1002 0.369361 -0.929276 -0.00417946
-28.1508 91.7452 -3.95809 0.394287 -0.918971 -0.00546383
-29.064 91.3618 -4.96068 0.396943 -0.917794 -0.00875701
-29.8359 91.0295 -5.93999 0.412019 -0.911166 -0.00309155
-30.9838 90.506 -6.88205 0.42313 -0.90601 -0.0103371
-31.6922 90.1848 -7.86601 0.42769 -0.903888 -0.00762715
-32.7819 89.6699 -8.78543 0.440682 -0.897613 -0.00849941
-33.6824 89.2285 -9.6852 0.450551 -0.892707 -0.0088135
-33.8762 89.1327 -9.89247 0.450517 -0.892724 -0.00879403
-34.7782 88.6679 -9.50482 0.460088 -0.887831 -0.00856568
-33.772 89.1714 -8.51105 0.450912 -0.892522 -0.00902577
-32.7639 89.6664 -7.64337 0.440309 -0.897775 -0.011283
-31.8288 90.1102 -6.66439 0.43266 -0.901538 -0.00148484
-30.7657 90.606 -5.57833 0.416537 -0.909119 -0.000723372
-29.9093 90.9897 -4.63964 0.402583 -0.91537 -0.00404712
-29.0333 91.3655 -3.59835 0.397685 -0.917517 -0.00289833
-27.9512 91.8224 -2.58964 0.389953 -0.920808 -0.00701227
-26.962 92.2106 -1.77743 0.371015 -0.928578 -0.0094821
-26.0484 92.5558 -0.894766 0.351652 -0.936052 -0.012016
-25.0495 92.9084 0.218991 0.343908 -0.938855 -0.0166763
-24.1277 93.2201 1.11215 0.315573 -0.94883 -0.0116596
-23.1128 93.5353 2.11487 0.305003 -0.952175 -0.0177273
-22.3123 93.7583 3.12629 0.274892 -0.961464 -0.00431112
-21.4786 93.983 4.21535 0.256636 -0.96649 -0.00591646
-20.4462 94.2346 5.17278 0.232005 -0.972715 0.000206929
-19.3551 94.4808 6.17533 0.213185 -0.976965 -0.00956197
-18.3181 94.6877 7.04506 0.189576 -0.981844 0.006487
-17.1917 94.8978 7.77678 0.161713 -0.98683 0.00403488
-16.3288 95.033 8.75796 0.128994 -0.991614 0.0073369
-15.5505 95.131 9.86387 0.111564 -0.993757 0.000381913
-14.5144 95.2218 10.8897 0.0780606 -0.996946 -0.001384
-13.8883 95.2581 11.5456 0.0488317 -0.998806 0.00124295
-14.9121 95.1936 11.8021 0.0825341 -0.996549 0.00881189
-15.8431 95.1003 10.8456 0.109572 -0.993977 0.0019572
-16.7768 94.9687 9.68824 0.155753 -0.987748 0.00948542
-17.5691 94.8383 8.59444 0.162682 -0.986675 0.00250056
-18.8123 94.5996 7.77315 0.193897 -0.980941 0.0124482
-19.8721 94.3659 6.93842 0.20874 -0.97794 0.00781593
-21.0708 94.0783 5.88519 0.258019 -0.966087 -0.010099
-21.9527 93.843 5.01918 0.269378 -0.962955 -0.0119945
-22.889 93.5762 3.9105 0.291459 -0.956493 -0.0131582
-23.7071 93.3335 2.88692 0.302795 -0.953033 -0.00649108
-24.6038 93.0439 1.94757 0.334638 -0.942226 -0.0149513
-25.4978 92.7349 1.05131 0.342499 -0.939475 -0.00901194
-26.3246 92.4372 0.151938 0.359364 -0.93311 -0.012584
-27.2843 92.0741 -0.861993 0.370965 -0.928631 -0.00549418
-28.2204 91.6988 -1.64625 0.394269 -0.918929 -0.0110068
-29.1656 91.3025 -2.51331 0.400562 -0.916221 -0.00891058
-30.1117 90.893 -3.51779 0.408225 -0.912859 -0.00614653
-30.9235 90.5319 -4.52265 0.417712 -0.908576 -0.00183084
-31.8937 90.0776 -5.47286 0.428106 -0.903727 -0.00050231
-32.7734 89.6485 -6.44241 0.439033 -0.898459 -0.00295386
-33.6951 89.1996 -7.28873 0.447006 -0.894468 -0.0106264
-34.5971 88.7481 -8.08571 0.456213 -0.889841 -0.00719218
-35.521 88.2777 -9.02266 0.463557 -0.886012 -0.00984987
-36.1529 87.9388 -8.42724 0.468913 -0.883206 -0.00825915
-35.3152 88.3722 -7.56065 0.464248 -0.885688 -0.00555246
-34.407 88.8343 -6.72483 0.456735 -0.889586 -0.00539967
-33.4318 89.32 -5.88244 0.445448 -0.8953 -0.00361305
-32.5082 89.7748 -4.89208 0.443142 -0.896448 -0.00233786
-31.6499 90.1877 -4.0495 0.431647 -0.902014 -0.00721863
-30.7751 90.5884 -2.95903 0.41655 -0.909048 -0.0102018
-29.8254 91.0069 -1.92742 0.403999 -0.914732 -0.00706752
-28.9514 91.3801 -1.09802 0.397016 -0.917798 -0.00341316
-28.0306 91.767 -0.336295 0.379473 -0.925157 -0.00917188
-27.0482 92.1561 0.703573 0.366409 -0.930425 -0.00537543
-26.1665 92.4814 1.67221 0.349344 -0.936949 -0.00927297
-25.1587 92.8391 2.67492 0.334532 -0.942347 -0.00837948
-24.1618 93.1729 3.7722 0.32591 -0.945317 -0.0124183
-23.3216 93.4388 4.84497 0.293638 -0.955902 -0.00516186
-22.4676 93.6933 5.80653 0.272543 -0.962121 -0.00654926
-21.5545 93.9449 6.65876 0.264117 -0.964474 0.002679
-20.3461 94.2613 7.71848 0.245913 -0.969289 -0.0021472
-19.2623 94.5106 8.51042 0.215451 -0.976505 0.00336981
-18.1269 94.7352 9.33603 0.185107 -0.982697 -0.00654158
-17.3752 94.878 10.4033 0.167156 -0.985915 0.00501657
-16.5458 95.0123 11.435 0.140249 -0.990103 0.00357686
-16.1864 95.067 11.8019 0.125253 -0.991926 0.00708801
-17.1635 94.9262 12.1227 0.159867 -0.98691 0.0194872
-18.0693 94.7555 10.9646 0.198429 -0.980106 0.00428889
-18.9457 94.5734 9.84317 0.20159 -0.97944 -0.00266015
-20.102 94.3205 9.02097 0.237336 -0.971391 -0.00208996
-21.202 94.0438 8.17943 0.251075 -0.967945 -0.00252525
-22.218 93.7595 7.26731 0.272267 -0.962221 -0.00123861
-23.2423 93.464 6.32738 0.29689 -0.954892 -0.00498768
-24.1752 93.1661 5.24964 0.306426 -0.951886 0.00373666
-25.1202 92.8467 4.0723 0.330087 -0.943944 0.00235825
-26.0063 92.5262 3.09215 0.346412 -0.938032 -0.0096673
-27.0082 92.1583 2.09751 0.375699 -0.926636 -0.0139815
-27.8588 91.8241 1.13847 0.378861 -0.925407 -0.00927918
-28.87 91.4128 0.133454 0.390948 -0.920367 -0.00868914
-29.7966 91.0111 -0.646529 0.406335 -0.913712 0.000295506
-30.648 90.6299 -1.53807 0.415638 -0.909425 -0.0136873
-31.5109 90.2409 -2.55304 0.429438 -0.903013 -0.0118047
-32.3647 89.8387 -3.53906 0.440283 -0.897825 -0.00707285
-33.3887 89.3351 -4.59937 0.447813 -0.894119 -0.00379262
-34.3659 88.8478 -5.54304 0.45747 -0.88921 -0.00517188
-35.3341 88.3541 -6.39527 0.466197 -0.884658 -0.00629722
-36.252 87.8758 -7.27597 0.468739 -0.883291 -0.00891629
-36.6037 87.691 -7.64702 0.472133 -0.881505 -0.00635212
-37.144 87.3947 -6.95506 0.4759 -0.879447 -0.00946353
-36.1116 87.9404 -5.94182 0.467918 -0.883761 -0.00432989
-35.1551 88.4391 -5.07577 0.459291 -0.888276 -0.00270129
-34.2137 88.9183 -4.21913 0.455737 -0.890092 -0.00623824
-33.3741 89.3316 -3.35312 0.448954 -0.893496 -0.0102656
-32.5444 89.7384 -2.45987 0.448557 -0.893709 -0.00901972
-31.649 90.1574 -1.36709 0.434264 -0.900713 -0.0113456
-30.8339 90.5388 -0.450203 0.423884 -0.905697 -0.00592608
-29.702 91.0446 0.596724 0.405153 -0.914209 -0.00824864
-28.7098 91.4636 1.52006 0.389163 -0.921102 -0.0110879
-27.8078 91.8313 2.48298 0.377589 -0.925946 -0.0046921
-26.95 92.1651 3.41437 0.367766 -0.929825 -0.0131822
-26.1079 92.4845 4.31414 0.361099 -0.932522 -0.00312087
-25.2195 92.8121 5.35642 0.329813 -0.944045 0.0005671
-24.3691 93.1024 6.41347 0.315382 -0.948954 -0.0044995
-23.334 93.4283 7.51163 0.29191 -0.95642 0.00657951
-22.348 93.7293 8.3736 0.278287 -0.960467 0.00750257
-21.2626 94.0266 9.31746 0.26003 -0.965596 0.00217514
-20.1552 94.3067 10.0896 0.235902 -0.971775 -0.00181464
-19.1852 94.5244 10.9451 0.210618 -0.977559 0.0043114
-18.4124 94.6906 12.0299 0.199305 -0.979926 0.0046791
-18.2386 94.7273 12.2562 0.198787 -0.980028 0.00523546
-19.412 94.4796 12.1756 0.21373 -0.976869 0.00548774
-20.3205 94.2613 11.1005 0.241754 -0.970323 -0.00303358
-21.3582 93.9965 10.3039 0.268087 -0.963329 -0.01106
-22.3834 93.7166 9.56093 0.271778 -0.962313 -0.00904379
-23.4894 93.384 8.56732 0.310461 -0.950502 -0.0126581
-24.4832 93.0598 7.63452 0.321377 -0.946937 0.00463689
-25.4868 92.7127 6.47899 0.345467 -0.938297 0.0140342
-26.3845 92.3732 5.36364 0.363568 -0.931567 0.00148679
-27.3049 92.0159 4.31131 0.365848 -0.930646 -0.00734038
-28.3065 91.6171 3.21528 0.388804 -0.92129 -0.00755132
-29.3104 91.1977 2.15347 0.407671 -0.91308 -0.0094674
-30.4413 90.7008 1.13282 0.419639 -0.907634 -0.0100745
-31.476 90.2324 0.129839 0.431111 -0.902219 -0.00849491
-32.3133 89.831 -0.826793 0.436529 -0.89963 -0.010167
-33.1609 89.4232 -1.86572 0.448554 -0.893719 -0.00806546
-34.0808 88.9708 -2.88801 0.450049 -0.892971 -0.00769681
-35.0008 88.5114 -3.76336 0.456591 -0.889651 -0.00669991
-35.9743 88.0087 -4.633 0.468254 -0.883571 -0.00632796
-37.0201 87.4542 -5.6033 0.475984 -0.879444 -0.00397892
-37.6637 87.1082 -6.26006 0.477049 -0.87887 -0.00327822
-37.8668 86.9915 -5.22658 0.481192 -0.876588 -0.00689302
-36.9336 87.4924 -4.33761 0.475105 -0.879899 -0.00733038
-36.0751 87.9489 -3.53345 0.467851 -0.883798 -0.00400512
-35.1684 88.4165 -2.72466 0.460067 -0.887865 -0.00591068
-34.2182 88.892 -1.78046 0.450511 -0.892734 -0.00786053
-33.3786 89.3059 -0.772025 0.449194 -0.893411 -0.00626374
-32.4869 89.7399 0.299471 0.439706 -0.898136 -0.00330309
-31.4789 90.2154 1.36238 0.424919 -0.905196 -0.00797994
-30.5248 90.6517 2.23298 0.422228 -0.906484 -0.00286068
-29.5873 91.0698 3.17525 0.403102 -0.915155 -0.000184451
-28.669 91.4569 4.12419 0.387014 -0.922037 -0.00824841
-27.7239 91.8427 5.21247 0.381469 -0.924372 -0.00371289
-26.8436 92.193 6.23479 0.36662 -0.930365 -0.00320888
-25.8977 92.5561 7.39023 0.363083 -0.93164 -0.0133567
-24.9012 92.9049 8.46752 0.33869 -0.940816 -0.0123813
-23.958 93.2202 9.34572 0.310721 -0.950436 -0.0110388
-23.0083 93.5175 10.1868 0.30956 -0.950766 -0.0145061
-22.0054 93.8083 10.9696 0.276113 -0.96112 -0.00161519
-21.0168 94.0853 11.7357 0.260376 -0.965453 0.00115062
-20.1851 94.3002 12.6303 0.238577 -0.971118 0.00312543
-21.2247 94.03 12.792 0.260915 -0.965311 0.00922789
-22.2396 93.7398 11.9169 0.27901 -0.960283 0.00045279
-23.3441 93.3989 11.0499 0.305787 -0.952037 -0.0109303
-24.3869 93.0653 10.1816 0.334887 -0.942211 -0.00781081
-25.2682 92.7614 9.34485 0.341102 -0.939956 -0.0105855
-26.2936 92.3912 8.27962 0.358919 -0.933262 -0.0119587
-27.2337 92.0256 7.15 0.37246 -0.927967 -0.0119391
-28.1139 91.678 6.09907 0.382939 -0.923763 -0.00442371
-28.9918 91.3121 5.09922 0.394836 -0.918707 -0.00907689
-29.8439 90.9499 4.15974 0.400238 -0.916368 -0.00892781
-30.9295 90.4621 3.07056 0.421283 -0.906928 -0.00164064
-31.9073 90.0052 2.17444 0.43456 -0.900613 -0.00700899
-32.8142 89.5791 1.21858 0.443494 -0.896274 -0.0018929
-33.6041 89.1879 0.288909 0.449401 -0.893322 -0.00372709
-34.4068 88.7875 -0.669817 0.453517 -0.891206 -0.00758674
-35.4004 88.2865 -1.72512 0.456347 -0.889738 -0.0105986
-36.3208 87.8127 -2.58107 0.46978 -0.88277 -0.00491171
-37.1882 87.3521 -3.37597 0.480886 -0.876768 -0.00507719
-38.1292 86.8402 -4.2146 0.48074 -0.876848 -0.00513776
-38.3856 86.7013 -4.50161 0.482602 -0.875818 -0.0056609
-38.6113 86.5693 -3.47491 0.484399 -0.874838 -0.00415521
-37.639 87.1005 -2.61416 0.48054 -0.876957 -0.00508582
-36.7582 87.5731 -1.80318 0.473122 -0.880948 -0.0083445
-35.6993 88.1224 -0.797949 0.463153 -0.886251 -0.00644208
-34.663 88.651 0.351616 0.460419 -0.887696 -0.00320889
-33.7869 89.0906 1.43372 0.451369 -0.89233 -0.00364003
-32.7566 89.5937 2.55446 0.444564 -0.895707 -0.00828514
-31.8667 90.0184 3.40936 0.434257 -0.900779 -0.00414092
-30.9456 90.4586 4.30626 0.422693 -0.9062 -0.0067642
-30.0833 90.8355 5.17909 0.402967 -0.91517 -0.00892461
-29.2552 91.1891 6.13298 0.39615 -0.91817 -0.00537658
-28.4364 91.5362 7.06364 0.389186 -0.921109 -0.00812079
-27.5831 91.8762 8.08919 0.373304 -0.927667 -0.00878655
-26.7742 92.1968 9.08395 0.366702 -0.930323 0.00106826
-25.9272 92.5131 9.97301 0.34627 -0.938118 0.00269248
-24.8633 92.8947 10.9796 0.327726 -0.944752 -0.00583438
-23.7567 93.2583 11.8684 0.310727 -0.950495 -0.00104249
-22.6906 93.6009 12.7049 0.297592 -0.954685 0.00397162
-22.1979 93.7533 13.1272 0.290705 -0.956658 0.0171746
-23.1949 93.4511 13.4541 0.303597 -0.952648 0.0164952
-24.2083 93.1144 12.6652 0.324996 -0.945592 0.0130887
-25.2885 92.7373 11.7907 0.33605 -0.941759 -0.0117072
-26.1951 92.4154 10.9911 0.359909 -0.93291 -0.0101482
-27.0656 92.0807 10.0584 0.362788 -0.931869 -0.00245286
-27.8963 91.7479 9.14922 0.381776 -0.924254 0.00112827
-28.69 91.416 8.18375 0.391207 -0.920282 -0.0039667
-29.5051 91.073 7.18171 0.402028 -0.915608 -0.00568251
-30.3252 90.7144 6.22588 0.407931 -0.912982 -0.00752216
-31.1581 90.3449 5.34601 0.4204 -0.907254 -0.0123687
-32.0111 89.9457 4.49176 0.434937 -0.900458 -0.00214943
-32.8641 89.535 3.65604 0.438657 -0.898644 -0.00377592
-33.8027 89.0737 2.68584 0.449561 -0.893216 -0.00718036
-34.6178 88.6658 1.74686 0.454296 -0.89081 -0.00846
-35.4236 88.255 0.754709 0.460791 -0.887499 -0.00412984
-36.3592 87.7728 -0.233068 0.466015 -0.884756 -0.00602924
-37.2851 87.2826 -1.10846 0.47935 -0.877607 -0.00541304
-38.3092 86.7279 -2.03102 0.482575 -0.875836 -0.00571911
-38.7149 86.5068 -2.39768 0.483326 -0.875425 -0.00510426
-38.7419 86.4842 -1.25144 0.482527 -0.875861 -0.0059983
-37.8387 86.9758 -0.433709 0.480184 -0.877158 -0.00414563
-36.9162 87.47 0.440307 0.468798 -0.883299 -0.00323666
-36.0395 87.9308 1.34632 0.464829 -0.885386 -0.00487501
-35.0642 88.4296 2.55668 0.45773 -0.889085 -0.00344237
-34.0557 88.9411 3.69198 0.454667 -0.89066 -0.00123434
-33.1743 89.3778 4.56709 0.445199 -0.895426 -0.00306274
-32.2839 89.8113 5.45803 0.438107 -0.898917 -0.00273077
-31.3745 90.2315 6.40573 0.423167 -0.906004 -0.00902471
-30.5044 90.6253 7.3621 0.410926 -0.911649 -0.00457538
-29.5242 91.0572 8.52006 0.40928 -0.912402 -0.00356634
-28.6919 91.4164 9.58695 0.392591 -0.91971 -0.000295036
-27.7566 91.8068 10.6353 0.37054 -0.928807 -0.00403157
-26.8591 92.1504 11.568 0.366524 -0.930367 -0.00869638
-25.9416 92.4911 12.4058 0.347636 -0.937589 -0.00876462
-24.9721 92.8483 13.2034 0.337247 -0.94141 0.00338222
-24.1512 93.1446 13.8441 0.320608 -0.947167 0.00924553
-25.0303 92.8388 14.2976 0.343178 -0.939186 0.0124537
-26.0977 92.435 13.4229 0.354739 -0.934956 0.00405011
-27.1705 92.0202 12.5302 0.368428 -0.929636 -0.0061246
-28.0913 91.6593 11.5663 0.383483 -0.923344 -0.0181043
-28.9581 91.2987 10.5937 0.400158 -0.916444 -0.00212198
-29.7977 90.9323 9.59903 0.409733 -0.912203 -0.0020482
-30.706 90.5251 8.45252 0.415203 -0.909698 -0.00745826
-31.642 90.0995 7.3908 0.423529 -0.905878 -0.00275556
-32.4995 89.6971 6.50868 0.436639 -0.899564 -0.0113557
-33.4682 89.2286 5.48377 0.443549 -0.896235 -0.00521738
-34.4717 88.7263 4.51144 0.454553 -0.890707 -0.00469305
-35.3839 88.2604 3.49381 0.462895 -0.886383 -0.00583767
-36.1764 87.851 2.51582 0.467257 -0.884091 -0.00734191
-37.0123 87.4148 1.58449 0.47131 -0.881949 -0.00449579
-37.9103 86.9334 0.726214 0.479345 -0.877625 -0.000869868
-38.7607 86.4692 -0.102934 0.481762 -0.876297 -0.00302258
-38.8854 86.4007 -0.214046 0.483347 -0.875426 -0.00224675
-38.9187 86.3789 0.968628 0.483445 -0.875371 -0.002432
-38.0647 86.8465 1.75597 0.475978 -0.879446 -0.00447669
-37.0926 87.3642 2.75366 0.469133 -0.883092 -0.00787368
-36.3152 87.7704 3.7134 0.46495 -0.885335 -0.00159501
-35.4451 88.2229 4.733 0.46386 -0.885901 -0.0035862
-34.5122 88.6991 5.6803 0.454307 -0.890839 -0.00328635
-33.6631 89.1231 6.53304 0.446117 -0.894939 -0.00800416
-32.8784 89.5081 7.43788 0.436175 -0.89986 0.00171898
-31.8904 89.978 8.40113 0.427817 -0.903842 -0.00652411
-30.9913 90.3877 9.47048 0.418378 -0.908248 -0.00672655
-30.1686 90.7586 10.5166 0.415994 -0.90935 -0.00554394
-29.2251 91.1753 11.6242 0.406148 -0.913762 -0.00851335
-28.3691 91.5322 12.5689 0.388077 -0.921606 -0.00608525
-27.2518 91.986 13.6358 0.373155 -0.927753 0.00538885
-26.2783 92.3718 14.4573 0.359208 -0.933197 0.0105923
-25.9649 92.4951 14.6985 0.357456 -0.933866 0.0107906
-26.8286 92.1649 15.1506 0.364888 -0.931023 0.0072843
-27.7444 91.7894 14.3703 0.378023 -0.925792 0.00123196
-28.8725 91.3168 13.3593 0.387337 -0.921935 -0.00223977
-29.7564 90.9317 12.3305 0.404995 -0.914297 -0.00605857
-30.6961 90.5104 11.2589 0.419835 -0.907568 -0.00771537
-31.4372 90.1713 10.3031 0.427061 -0.90419 -0.0074332
-32.2096 89.8195 9.35843 0.428829 -0.90334 -0.00822891
-33.0545 89.4187 8.49221 0.443813 -0.896102 -0.00557943
-33.8722 89.0159 7.59186 0.447181 -0.894443 -0.000117584
-34.6736 88.6123 6.71794 0.457687 -0.8891 -0.00498933
-35.5142 88.1821 5.88546 0.462986 -0.886359 -0.00332634
-36.4163 87.7131 4.92671 0.46635 -0.88459 -0.00333993
-37.1868 87.3053 3.98276 0.470799 -0.882238 -0.002212
-38.0818 86.8297 2.94811 0.476205 -0.879311 -0.0063566
-39.0107 86.3248 2.04907 0.48346 -0.875363 -0.00232715
-39.0777 86.288 1.98428 0.483431 -0.875379 -0.00235977
-39.1844 86.2248 3.0713 0.483668 -0.875229 -0.00628435
-38.2839 86.7112 4.00715 0.478275 -0.878198 -0.00457707
-37.4712 87.1497 5.05836 0.478485 -0.878079 -0.00533181
-36.4919 87.6672 6.08929 0.47118 -0.882021 -0.00527579
-35.5715 88.1474 7.00586 0.461238 -0.887256 -0.00583957
-34.6866 88.5984 7.99199 0.456457 -0.889725 -0.00594576
-33.7015 89.0917 9.09719 0.449586 -0.89319 -0.00856708
-32.8391 89.5091 9.97106 0.436653 -0.899588 -0.00872841
-32.0601 89.871 10.9382 0.429649 -0.902966 -0.00734058
-31.172 90.2839 12.025 0.42305 -0.906094 -0.00402019
-30.3501 90.6614 13.0116 0.413464 -0.9105 -0.00478718
-29.4789 91.0501 13.9903 0.401699 -0.915769 0.00212452
-28.369 91.5327 15.0043 0.394944 -0.918704 3.03536e-05
-27.6834 91.8215 15.5802 0.381178 -0.92449 0.00381799
-28.7251 91.3802 15.8708 0.39839 -0.917212 0.00255711
-29.6326 90.9828 15.0475 0.406814 -0.913501 -0.00360479
-30.6471 90.5233 14.0029 0.418003 -0.908441 -0.00290588
-31.5753 90.0875 12.9377 0.431025 -0.902326 -0.00509352
-32.3381 89.7302 11.9591 0.431785 -0.901945 -0.00757424
-33.1391 89.3527 11.001 0.436678 -0.899574 -0.00878115
-34.0748 88.8953 9.94719 0.450399 -0.892749 -0.0118088
-34.8982 88.4789 9.07445 0.461146 -0.887268 -0.00976333
-35.7266 88.0559 8.09721 0.463501 -0.886044 -0.00959324
-36.6304 87.5849 7.17094 0.469644 -0.882825 -0.00736615
-37.492 87.1284 6.30268 0.474133 -0.880433 -0.00602061
-38.4643 86.6068 5.16751 0.479887 -0.877313 -0.00549517
-38.9726 86.3317 4.54915 0.482601 -0.875819 -0.00608755
-38.9801 86.3204 5.88683 0.482607 -0.87583 -0.00352226
-38.156 86.7671 6.86194 0.476757 -0.879025 -0.0039843
-37.1889 87.2815 7.84094 0.471737 -0.881708 -0.00727969
-36.2713 87.7626 8.81683 0.467937 -0.883726 -0.00737623
-35.4747 88.1725 9.72296 0.462586 -0.886553 -0.00617081
-34.5469 88.648 10.6913 0.454688 -0.89064 -0.00427937
-33.6162 89.1103 11.812 0.446647 -0.894666 -0.00877334
-32.7895 89.5054 12.7947 0.434648 -0.900589 -0.00461718
-31.8746 89.9412 13.9215 0.431476 -0.902121 -0.00216821
-30.9864 90.3613 14.951 0.427407 -0.904043 -0.00443866
-30.1101 90.7631 15.8119 0.414245 -0.910163 0.00188025
-29.8117 90.8989 16.0622 0.411839 -0.911246 0.00415252
-30.5915 90.5454 16.5776 0.421334 -0.906886 0.0058865
-31.5643 90.0842 15.6056 0.43257 -0.901587 -0.00455076
-32.4733 89.6505 14.5575 0.434494 -0.900663 -0.00456097
-33.2532 89.2758 13.6122 0.44446 -0.895781 -0.00566523
-34.1386 88.8431 12.5334 0.447873 -0.894078 -0.00460295
-34.9862 88.4182 11.522 0.458447 -0.888691 -0.00714744
-35.8935 87.9494 10.5413 0.465357 -0.885111 -0.00440319
-36.6973 87.5289 9.65929 0.469554 -0.882873 -0.00741088
-37.5897 87.0605 8.65518 0.471599 -0.881786 -0.00688064
-38.4692 86.5909 7.7673 0.479389 -0.877575 -0.00648309
-38.7494 86.4386 7.47944 0.48159 -0.876385 -0.00452176
-38.4143 86.6117 9.02903 0.478055 -0.87832 -0.00423629
-37.5756 87.0573 9.96913 0.472864 -0.881109 -0.00689341
-36.6843 87.5263 10.9771 0.471573 -0.881813 -0.00500089
-35.8083 87.987 11.9101 0.4686 -0.883389 -0.00612652
-34.8282 88.4883 13.0468 0.457036 -0.889424 -0.00653739
-34.0056 88.8988 14.019 0.448497 -0.893758 -0.00682535
-33.1305 89.3268 15.1298 0.442206 -0.896886 -0.00663593
-32.2644 89.7477 16.1329 0.43399 -0.900908 0.0042841
-31.7412 90.002 16.6856 0.43115 -0.902275 0.00292043
-33.0888 89.3433 16.4912 0.443187 -0.896428 -0.00141993
-34.0819 88.8512 15.3619 0.449696 -0.893156 -0.00602106
-34.8543 88.4627 14.3773 0.459394 -0.888193 -0.00813431
-35.6915 88.0356 13.3603 0.466363 -0.884556 -0.00810062
-36.472 87.6301 12.4441 0.469888 -0.882702 -0.00660153
-37.4866 87.0936 11.4159 0.473268 -0.880902 -0.00524514
-37.9538 86.8474 10.8584 0.473884 -0.880557 -0.0070282
-37.3072 87.1814 12.8563 0.470967 -0.882131 -0.00584584
-36.3696 87.6734 13.9183 0.466185 -0.884657 -0.00732591
-35.4678 88.1407 15.0246 0.462889 -0.886408 -0.00374754
-35.0889 88.3358 15.4656 0.456515 -0.889699 -0.00532655
-19.1868 94.5318 12.9135 0.210022 -0.977683 0.00516714
-20.2354 94.2898 13.1541 0.237586 -0.971357 0.00411974
-21.4105 93.9866 13.4884 0.267157 -0.963598 0.00998545
-22.3612 93.7158 13.8186 0.292057 -0.956259 0.0164724
-23.5359 93.3566 14.2633 0.307423 -0.951409 0.0176714
-24.4663 93.0469 14.66 0.328737 -0.944319 0.00963843
-25.4766 92.683 15.1429 0.349803 -0.936696 0.0139531
-26.4503 92.3174 15.6492 0.363492 -0.931503 0.013094
-27.3677 91.9536 16.0476 0.383094 -0.923686 0.00586498
-28.2476 91.5885 16.3363 0.391637 -0.920098 0.00204641
-29.0671 91.2325 16.6504 0.401456 -0.915875 0.00197338
-30.0938 90.7755 16.9971 0.41647 -0.909122 0.00696682
-30.941 90.3858 17.1883 0.427256 -0.904094 0.00744805
-31.9269 89.9157 17.2713 0.433602 -0.901084 0.00514844
-32.8386 89.4662 17.1321 0.443147 -0.896448 -0.000911058
-33.6863 89.0452 16.8764 0.446825 -0.894621 -1.28377e-05
-34.8121 88.474 16.2201 0.45784 -0.889034 -0.000348685
-35.5343 88.1032 15.7377 0.462914 -0.886396 -0.00301074
-36.3172 87.6952 15.0725 0.466463 -0.884536 -0.00291671
-36.9031 87.3886 14.4154 0.466254 -0.884638 -0.0044793
-37.4902 87.0799 13.507 0.471569 -0.881815 -0.00483091
-37.9409 86.8422 12.5564 0.476807 -0.878994 -0.00499654
-38.3057 86.6526 11.3687 0.475966 -0.87943 -0.00768126
-38.6514 86.4718 10.3849 0.478806 -0.877892 -0.00690134
-38.89 86.3495 9.35721 0.481512 -0.876412 -0.00689182
-39.1096 86.2353 8.38727 0.484519 -0.874762 -0.00561103
-39.3506 86.1097 7.16547 0.483419 -0.875372 -0.00529684
-39.4567 86.0564 6.14295 0.483108 -0.875549 -0.00447016
-39.519 86.0265 5.1974 0.483167 -0.875516 -0.00460321
-39.5936 85.9905 4.21539 0.484848 -0.874592 -0.00341062
-39.6609 85.9607 3.10205 0.48608 -0.873889 -0.0064763
-39.6724 85.9579 2.16396 0.485804 -0.874065 -0.00206541
-39.555 86.0258 1.0758 0.486198 -0.873847 -0.00172704
-39.4843 86.0678 0.114745 0.485328 -0.874321 -0.0044906
-39.3833 86.129 -1.02148 0.485266 -0.874359 -0.00352992
-39.2722 86.1962 -2.03881 0.486241 -0.873813 -0.00443496
-39.1544 86.2667 -3.10074 0.484939 -0.87454 -0.00372174
-38.9725 86.3735 -4.09663 0.483984 -0.875046 -0.0072789
-38.6319 86.5705 -5.13435 0.482321 -0.875963 -0.00738587
-38.2837 86.768 -5.99463 0.48101 -0.8767 -0.00515101
-37.7387 87.0733 -7.13868 0.477662 -0.878499 -0.00884686
-37.1835 87.3831 -8.00897 0.474364 -0.880302 -0.0065626
-36.348 87.8405 -8.97873 0.469851 -0.882705 -0.00835803
-35.5761 88.2551 -9.58842 0.463799 -0.885879 -0.00967161
-34.7244 88.7026 -10.1166 0.46032 -0.887695 -0.0101467
-33.9381 89.1073 -10.45 0.450674 -0.892638 -0.00948514
-33.0517 89.5524 -10.6329 0.440365 -0.897754 -0.0107372
-32.1714 89.9817 -10.7026 0.433559 -0.901062 -0.0106213
-31.1963 90.4429 -10.6953 0.425879 -0.904708 -0.0114391
-30.063 90.9608 -10.541 0.414775 -0.909811 -0.0140814
-29.1068 91.3801 -10.3508 0.399888 -0.916412 -0.0161345
-28.141 91.7948 -10.1513 0.389112 -0.921143 -0.00930573
-27.2791 92.1528 -9.86721 0.379304 -0.925193 -0.0103481
-26.3929 92.5007 -9.52946 0.367521 -0.929909 -0.0139289
-25.535 92.8268 -9.20914 0.352251 -0.935741 -0.0173487
-24.5996 93.161 -8.85456 0.326643 -0.944978 -0.0160183
-23.5243 93.5019 -8.45227 0.306775 -0.951671 -0.0136221
-22.3747 93.8487 -8.08558 0.280488 -0.959754 -0.01116
-21.4717 94.1 -7.89239 0.26305 -0.96445 -0.023115
-20.3921 94.3659 -7.6963 0.225515 -0.97394 -0.0211393
-19.4814 94.5611 -7.61557 0.20998 -0.977354 -0.0255754
-18.4854 94.7564 -7.56599 0.177748 -0.983794 -0.0234612
-17.4268 94.9385 -7.51955 0.161325 -0.986663 -0.0215559
-16.4931 95.0745 -7.53883 0.126263 -0.991783 -0.0205055
-15.2032 95.2238 -7.54577 0.0980879 -0.995031 -0.0170038
-14.2429 95.3032 -7.60514 0.069396 -0.997439 -0.0172179
-13.0606 95.3587 -7.62344 0.0274606 -0.999526 -0.0129042
-11.9759 95.3747 -7.76676 0.00524538 -0.999906 -0.0123093
-10.864 95.3629 -7.84446 -0.0247212 -0.99961 -0.0097916
-9.52476 95.2891 -7.88118 -0.0696624 -0.997461 -0.0147793
-8.42185 95.1884 -7.94803 -0.101257 -0.994828 -0.00740999
-7.25253 95.059 -8.04985 -0.136598 -0.990556 -0.0040455
-6.23356 94.8998 -8.07983 -0.168751 -0.985544 -0.0140753
-4.98437 94.6761 -8.22527 -0.206036 -0.978137 -0.0270732
-3.86341 94.4301 -8.33816 -0.230974 -0.972776 -0.0185626
-2.94578 94.2011 -8.48746 -0.249987 -0.968068 -0.0180778
-1.82635 93.882 -8.68668 -0.286678 -0.957942 -0.0126303
-0.831139 93.5627 -8.88009 -0.316766 -0.948417 -0.0126894
0.0791206 93.2527 -9.07029 -0.331024 -0.943512 -0.014386
1.04671 92.9077 -9.27896 -0.351482 -0.936097 -0.0135226
1.9259 92.5738 -9.43082 -0.366738 -0.930225 -0.013562
2.90535 92.1808 -9.3625 -0.385591 -0.92262 -0.00947624
3.78951 91.8088 -9.18632 -0.395873 -0.918273 -0.00765438
4.65967 91.4311 -8.74278 -0.397632 -0.91753 -0.00470149
5.32715 91.1344 -8.15446 -0.410157 -0.911981 -0.00783969
6.08749 90.7894 -7.23832 -0.415234 -0.909711 -0.00123377
6.58518 90.565 -6.43651 -0.414714 -0.909933 0.00583497
7.04762 90.3558 -5.5293 -0.423479 -0.905883 0.00627953
7.47792 90.1615 -4.37993 -0.429044 -0.903267 0.00522821
7.7944 90.0149 -3.21394 -0.428531 -0.903519 0.00381709
8.02773 89.91 -1.93628 -0.433757 -0.901014 0.00532962
8.12822 89.8675 -1.00495 -0.434026 -0.900876 0.00662238
8.14181 89.8688 0.119735 -0.430692 -0.902481 0.00569018
8.10281 89.8926 1.06433 -0.432916 -0.901425 0.00404121
7.99505 89.9471 1.99668 -0.428969 -0.903318 0.00171453
7.8118 90.0384 2.94167 -0.428185 -0.903677 0.00512481
7.60389 90.144 4.09643 -0.424547 -0.905368 0.00829049
7.38515 90.2523 5.05922 -0.419613 -0.90769 0.00477849
7.10199 90.3872 5.94954 -0.418689 -0.908114 0.00382493
6.63735 90.604 7.02941 -0.415911 -0.909394 0.00453744
6.08489 90.8607 8.10392 -0.407546 -0.91318 0.00202847
5.58764 91.0844 8.87387 -0.403688 -0.91486 0.00814115
4.91977 91.3762 9.54133 -0.395395 -0.918508 0.00244294
3.93144 91.7957 10.1073 -0.384513 -0.923079 0.00837593
2.96291 92.1916 10.3863 -0.372173 -0.928119 0.00911141
2.01835 92.5583 10.5298 -0.35164 -0.936127 0.0034783
0.997291 92.9269 10.6481 -0.325769 -0.945449 0.00109697
0.111101 93.2279 10.7344 -0.313676 -0.949494 -0.00713576
-1.00224 93.5824 10.7487 -0.289489 -0.957152 -0.00745322
-2.32342 93.9641 10.8817 -0.265792 -0.964027 0.00264246
-3.34312 94.2354 11.0528 -0.240782 -0.970549 0.00766214
-4.38338 94.483 11.237 -0.211964 -0.9772 0.0122687
-5.42715 94.6977 11.3581 -0.188235 -0.981998 0.0157501
-6.48173 94.8857 11.4762 -0.157029 -0.9875 0.0134642
-7.57759 95.0501 11.5505 -0.136219 -0.990643 0.00778095
-8.69286 95.1827 11.6745 -0.0976324 -0.995073 0.0054654
-9.78474 95.2637 11.8076 -0.0486307 -0.998691 0.00565328
-10.7876 95.2956 11.9165 -0.0204118 -0.999771 0.00553503
-11.7598 95.3077 11.9915 -0.00391653 -0.999888 0.00951401
-12.8199 95.2946 12.1491 0.0200963 -0.999664 0.016387
-13.8451 95.2637 12.2863 0.0476608 -0.99883 0.00784043
-14.7799 95.21 12.4029 0.0836103 -0.996462 0.00853566
-15.7182 95.1235 12.4903 0.110269 -0.993836 0.0113703
-16.6904 95.0085 12.6091 0.133922 -0.990947 0.00647881
-17.943 94.791 12.7809 0.195071 -0.980749 0.00886871
-19.0751 94.5557 12.9007 0.21 -0.977688 0.0050916
-19.0322 94.5764 13.8193 0.205469 -0.978203 0.0300336
-17.937 94.8021 13.7281 0.18594 -0.98213 0.0234697
-16.8857 94.9875 13.5658 0.161967 -0.986551 0.0168986
-15.9032 95.1159 13.4484 0.112851 -0.993365 0.0162979
-14.7895 95.2202 13.3302 0.08316 -0.996452 0.0129098
-13.8207 95.2824 13.2409 0.0563221 -0.998292 0.0141639
-12.6999 95.3128 13.0702 0.0215844 -0.999646 0.0150541
-11.6723 95.3199 12.9217 0.0054998 -0.999921 0.0112906
-10.4968 95.2935 12.8439 -0.0338721 -0.9994 0.00726591
-9.44129 95.2439 12.7206 -0.0615189 -0.998104 -0.000890863
-8.48154 95.1632 12.6182 -0.102936 -0.994688 0.000723033
-7.55056 95.0527 12.4916 -0.13759 -0.990466 0.00572875
-6.35661 94.8763 12.4021 -0.164871 -0.986163 0.0144292
-5.348 94.6952 12.2722 -0.178683 -0.983643 0.0218221
-4.39666 94.5029 12.1746 -0.2105 -0.977127 0.0268467
-3.33443 94.2446 12.0194 -0.238793 -0.970997 0.0116369
-2.28367 93.959 11.8287 -0.269354 -0.962975 0.0112253
-1.25284 93.6583 11.692 -0.284126 -0.958666 0.0151999
-0.339606 93.3789 11.6719 -0.30374 -0.952657 0.0134862
0.735951 93.0249 11.6336 -0.325697 -0.945344 0.0156788
1.89045 92.611 11.4734 -0.35349 -0.935224 0.0199291
3.05771 92.1628 11.3379 -0.368385 -0.929644 0.00422774
4.26076 91.6694 10.9991 -0.379011 -0.925362 0.00732645
5.11745 91.2996 10.5715 -0.393746 -0.919138 0.0118742
5.89828 90.9557 9.93367 -0.400896 -0.916088 0.00808223
6.59811 90.6353 8.96777 -0.409534 -0.912266 0.00712987
7.09716 90.4003 8.10424 -0.416107 -0.909252 0.0107412
7.6122 90.1529 6.99402 -0.420909 -0.907055 0.00928311
7.97525 89.9783 6.07665 -0.426784 -0.904338 0.00532976
8.28287 89.8267 5.05267 -0.430581 -0.902536 0.0050766
8.51499 89.7078 3.9053 -0.434259 -0.900754 0.0078445
8.71434 89.6049 2.86447 -0.436051 -0.899917 0.00304745
8.86279 89.5277 1.82603 -0.439656 -0.898164 0.00200778
8.97526 89.4689 0.734091 -0.439983 -0.897989 0.00552295
8.99007 89.4566 -0.211173 -0.439051 -0.89845 0.00459212
8.96823 89.4611 -1.24721 -0.434654 -0.90058 0.00566213
8.83605 89.5192 -2.25505 -0.433541 -0.901123 0.00442179
8.62716 89.6157 -3.30213 -0.436337 -0.899772 0.00459743
8.34149 89.7472 -4.4573 -0.433411 -0.901178 0.00576496
8.04637 89.8847 -5.44527 -0.432726 -0.901513 0.00441589
7.63812 90.0746 -6.28551 -0.426589 -0.904444 0.00131772
7.14254 90.3049 -7.2175 -0.419974 -0.907515 0.000409653
6.60047 90.5567 -8.03658 -0.415669 -0.90951 -0.00316333
5.81685 90.9208 -8.95011 -0.409915 -0.912085 -0.00809461
5.06995 91.2571 -9.59968 -0.404202 -0.914617 -0.00965261
4.12122 91.6771 -10.1271 -0.396181 -0.918075 -0.0133864
3.26264 92.045 -10.2986 -0.387231 -0.921749 -0.0185416
2.25946 92.4547 -10.4096 -0.372047 -0.928034 -0.0180319
1.31062 92.822 -10.2854 -0.35478 -0.934806 -0.0164063
0.356513 93.1731 -10.0951 -0.336736 -0.941307 -0.0231149
-0.635697 93.5159 -9.90557 -0.315601 -0.948554 -0.025277
-1.6414 93.8413 -9.70563 -0.306499 -0.951421 -0.0283633
-2.61338 94.1383 -9.52769 -0.275496 -0.960114 -0.0419146
-3.81511 94.4424 -9.29704 -0.245338 -0.968879 -0.0327506
-4.77633 94.6547 -9.19798 -0.20858 -0.977431 -0.032421
-5.7395 94.8376 -9.06029 -0.170694 -0.984997 -0.025367
-6.67821 94.9867 -8.98166 -0.137431 -0.990148 -0.0267473
-7.66827 95.1228 -8.968 -0.129915 -0.991334 -0.0167382
-8.86585 95.2449 -8.85883 -0.100525 -0.994799 -0.0159417
-9.98447 95.3294 -8.8047 -0.0568867 -0.998329 -0.00973244
-10.9869 95.3824 -8.79325 -0.0289562 -0.999351 -0.0174768
-12.048 95.3967 -8.71319 -0.0151193 -0.999567 -0.0242869
-13.0729 95.378 -8.57571 0.0208471 -0.999474 -0.024691
-14.0329 95.3407 -8.54752 0.0702594 -0.997157 -0.0271904
-15.1407 95.2505 -8.49576 0.106571 -0.993841 -0.0303883
-16.2091 95.1292 -8.46301 0.123232 -0.992182 -0.0193833
-17.1591 95.0045 -8.44314 0.147298 -0.988747 -0.0244113
-18.5928 94.7661 -8.50702 0.18192 -0.982811 -0.0304276
-19.7303 94.5376 -8.56363 0.214253 -0.976177 -0.0333621
-20.6922 94.3189 -8.67883 0.23385 -0.971876 -0.0271781
-21.6872 94.0578 -8.89106 0.27059 -0.962416 -0.0229451
-22.8526 93.7245 -9.18663 0.287003 -0.957636 -0.0237154
-23.9752 93.3797 -9.59671 0.300358 -0.953526 -0.0229604
-25.0892 93.0025 -10.0553 0.337639 -0.941163 -0.01446
-25.9293 92.6937 -10.3465 0.36169 -0.932229 -0.0109408
-26.8968 92.3209 -10.716 0.367591 -0.929738 -0.0214649
-27.9315 91.8995 -11.0636 0.388931 -0.921051 -0.0199451
-28.7957 91.5352 -11.2382 0.395671 -0.918163 -0.0201505
-29.7062 91.1345 -11.4147 0.411543 -0.911308 -0.0122512
-30.6252 90.7185 -11.6058 0.421536 -0.906764 -0.00926871
-31.6204 90.2545 -11.6682 0.425043 -0.905122 -0.00945505
-32.4941 89.8365 -11.6466 0.436516 -0.899637 -0.0102663
-33.6726 89.2537 -11.4823 0.445475 -0.895223 -0.0110291
-34.6924 88.7322 -11.1793 0.457648 -0.88899 -0.0159302
-35.5366 88.2881 -10.7201 0.46101 -0.887341 -0.00973768
-36.3661 87.8435 -10.1415 0.469639 -0.882792 -0.0107339
-37.2158 87.3794 -9.37924 0.475782 -0.879506 -0.00991779
-37.8046 87.0533 -8.65925 0.478048 -0.878281 -0.00957621
-38.3456 86.7496 -7.8752 0.478765 -0.877905 -0.00821212
-38.8293 86.4735 -6.89081 0.482033 -0.87612 -0.00741524
-39.2035 86.2614 -6.05564 0.486147 -0.87385 -0.00690224
-39.5799 86.0442 -5.03074 0.487034 -0.873357 -0.00674026
-39.873 85.8712 -3.93231 0.487331 -0.873192 -0.00658416
-40.0134 85.7861 -2.74169 0.487234 -0.87326 -0.00440384
-40.1052 85.7292 -1.80552 0.488228 -0.872702 -0.00492937
-40.241 85.6486 -0.869171 0.489464 -0.872014 -0.0041446
-40.3213 85.5999 0.19695 0.490103 -0.871663 -0.00181705
-40.4089 85.5472 1.44438 0.488833 -0.872372 -0.00310408
-40.5195 85.4832 2.68874 0.490379 -0.871504 -0.00302264
-40.4655 85.5082 3.69159 0.486151 -0.873864 -0.00432997
-40.4063 85.5364 4.7321 0.486716 -0.873549 -0.004506
-40.3137 85.5811 5.87586 0.487417 -0.873154 -0.00517262
-40.2156 85.6289 7.06202 0.486149 -0.873863 -0.00478252
-39.9278 85.7815 8.41886 0.485095 -0.874445 -0.00542049
-39.7081 85.897 9.52851 0.483393 -0.875387 -0.00536547
-39.3937 86.0623 10.8176 0.482723 -0.875753 -0.00588392
-39.097 86.218 11.7539 0.481359 -0.876496 -0.00699083
-38.8154 86.3667 12.6736 0.477136 -0.878815 -0.0050116
-38.4086 86.5833 13.6115 0.47744 -0.878659 -0.00301
-37.9649 86.8193 14.3996 0.473301 -0.880892 -0.00346416
-37.2719 87.1875 15.3705 0.469875 -0.882722 -0.00425797
-36.6473 87.5175 16.0175 0.468617 -0.883399 -0.0021202
-35.8196 87.9509 16.6731 0.464103 -0.88578 -0.00146523
-35.0965 88.3273 17.1793 0.458714 -0.888584 -0.000399078
-34.2979 88.7372 17.6257 0.44997 -0.893041 0.00217228
-33.48 89.1517 17.9387 0.450327 -0.892852 0.00387566
-32.6559 89.5628 18.1361 0.443633 -0.896184 0.00654571
-31.4331 90.159 18.2005 0.436304 -0.899777 0.00632225
-30.575 90.5635 18.0896 0.422754 -0.90623 0.00421373
-29.6188 90.9995 17.8368 0.411392 -0.911425 0.00781906
-28.8069 91.3567 17.5455 0.401122 -0.915921 0.0137966
-27.9831 91.7107 17.2368 0.395847 -0.918182 0.0156948
-27.101 92.0796 16.9449 0.384207 -0.923124 0.0132993
-25.9506 92.5315 16.4416 0.365824 -0.930417 0.0220467
-25.119 92.8389 15.9693 0.354232 -0.934859 0.023499
-24.3157 93.1194 15.5884 0.329681 -0.943841 0.0217969
-23.4024 93.4213 15.2005 0.309846 -0.950577 0.0197324
-22.483 93.7052 14.8402 0.295595 -0.954803 0.031155
-21.6139 93.9517 14.5072 0.274054 -0.961273 0.028602
-20.7042 94.1935 14.2591 0.250306 -0.967845 0.0238404
-19.8277 94.4054 14.0107 0.225888 -0.973901 0.0221271
-19.2824 94.5257 13.8805 0.20529 -0.978263 0.0292714
-19.157 94.5816 14.815 0.211923 -0.976702 0.0331416
-20.1722 94.3557 15.0997 0.230071 -0.972293 0.0413527
-21.0602 94.1372 15.3075 0.267955 -0.962325 0.04408
-22.0708 93.8563 15.6827 0.280157 -0.959131 0.0396955
-23.0484 93.5708 16.034 0.318673 -0.946403 0.0526118
-23.987 93.2634 16.4334 0.334171 -0.941682 0.039488
-24.9397 92.9384 16.9151 0.357815 -0.932941 0.039309
-25.728 92.6446 17.3691 0.368323 -0.929318 0.0265652
-26.5977 92.3069 17.7808 0.379762 -0.924562 0.0308966
-27.4394 91.9599 18.0806 0.393955 -0.918858 0.0223444
-28.263 91.6102 18.3539 0.399893 -0.916124 0.028309
-29.1591 91.2206 18.6651 0.413007 -0.910504 0.0201886
-30.06 90.8165 18.9392 0.418882 -0.907863 0.0179294
-31.1473 90.3058 19.1257 0.430282 -0.902624 0.0112267
-32.1406 89.8271 19.1342 0.438577 -0.898593 0.0134217
-33.1096 89.3456 19.02 0.447802 -0.894087 0.00841027
-34.1801 88.802 18.6906 0.452206 -0.891887 0.00671576
-34.9864 88.3869 18.3448 0.457423 -0.889232 0.00548106
-35.8713 87.9242 17.7851 0.466669 -0.884427 0.0021271
-36.7691 87.4504 17.1016 0.467689 -0.883892 -0.000934723
-37.4511 87.0893 16.4734 0.470703 -0.88229 -0.00145879
-38.1879 86.6975 15.6575 0.472625 -0.881263 -0.000274522
-38.6856 86.4306 14.8589 0.475269 -0.87984 -0.00078222
-39.1423 86.1847 14.0374 0.475997 -0.879446 -0.000845747
-39.5701 85.952 13.1226 0.480713 -0.876874 -0.00162895
-39.9115 85.7698 12.0347 0.482777 -0.875737 -0.00294843
-40.1728 85.6304 11.1312 0.483127 -0.875529 -0.00603205
-40.4435 85.4878 10.077 0.483788 -0.875172 -0.00467794
-40.6087 85.4006 9.13783 0.484568 -0.874742 -0.00440278
-40.8776 85.2554 7.9586 0.486409 -0.873727 -0.00264827
-41.0504 85.1627 6.95819 0.488734 -0.872426 -0.00335655
-41.166 85.1033 5.95491 0.489639 -0.8719 -0.00669651
-41.2279 85.0752 4.95423 0.489825 -0.871807 -0.00484928
-41.3074 85.0364 3.75118 0.488876 -0.872346 -0.00354473
-41.3466 85.0172 2.80645 0.490733 -0.871301 -0.00389545
-41.2692 85.0638 1.72052 0.489664 -0.871907 -0.00269286
-41.1676 85.1233 0.546835 0.49012 -0.871653 5.00742e-05
-41.1293 85.146 -0.427185 0.491605 -0.870816 -0.00196405
-41.0062 85.2199 -1.42703 0.492858 -0.870096 -0.00490488
-40.886 85.2935 -2.35755 0.491407 -0.870916 -0.00493312
-40.7881 85.3549 -3.42812 0.491079 -0.871101 -0.00492818
-40.6352 85.4468 -4.34383 0.490384 -0.871478 -0.00697092
-40.3843 85.5955 -5.22936 0.489733 -0.871831 -0.00852768
-40.0504 85.7921 -6.27364 0.486286 -0.873765 -0.00781934
-39.629 86.0356 -7.21592 0.485631 -0.874091 -0.0112802
-39.2278 86.2673 -8.08314 0.482215 -0.875993 -0.0102281
-38.7873 86.5197 -8.87551 0.480044 -0.877173 -0.0110556
-38.1834 86.8591 -9.61138 0.47823 -0.878136 -0.0130216
-37.6113 87.1774 -10.31 0.475692 -0.879534 -0.0116459
-36.8582 87.5912 -10.9209 0.470199 -0.882467 -0.0128404
-36.1374 87.9813 -11.4652 0.468619 -0.883313 -0.0124152
-35.4152 88.3702 -11.9125 0.464554 -0.885426 -0.0141689
-34.5017 88.8469 -12.2441 0.451094 -0.892375 -0.0133857
-33.4049 89.4011 -12.4943 0.444849 -0.895489 -0.0144226
-32.5312 89.83 -12.5962 0.439032 -0.898339 -0.0151249
-31.6347 90.2679 -12.6058 0.430395 -0.902312 -0.0238307
-30.5266 90.7858 -12.5159 0.42265 -0.905997 -0.0231705
-29.6073 91.2012 -12.3484 0.409847 -0.911708 -0.0285405
-28.491 91.69 -12.1703 0.396092 -0.917705 -0.0304706
-27.585 92.0664 -11.8922 0.386955 -0.921653 -0.0286551
-26.7008 92.4209 -11.618 0.377971 -0.925422 -0.0270737
-25.8546 92.7438 -11.2975 0.344776 -0.938382 -0.0238522
-24.8921 93.086 -10.9507 0.341782 -0.93961 -0.0177662
-23.9805 93.4017 -10.622 0.319245 -0.947409 -0.0223341
-23.1141 93.6725 -10.2651 0.30072 -0.953176 -0.0319849
-22.2041 93.943 -9.97595 0.287247 -0.957009 -0.0402993
-21.2916 94.1998 -9.77011 0.272644 -0.961278 -0.0401306
-20.2044 94.4697 -9.54788 0.23162 -0.971268 -0.0545316
-19.1304 94.6989 -9.45839 0.201899 -0.978106 -0.0503418
-18.0492 94.9031 -9.41615 0.162685 -0.985411 -0.0498654
-17.0565 95.0501 -9.35511 0.137603 -0.989542 -0.0432611
-16.0122 95.1949 -9.39982 0.12126 -0.991691 -0.0406969
-15.0005 95.2968 -9.43855 0.0896633 -0.995166 -0.039647
-14.0251 95.3794 -9.5056 0.0743773 -0.99614 -0.046609
-13.0807 95.4215 -9.52667 0.0104468 -0.998378 -0.0555735
-12.1118 95.432 -9.6904 -0.00722741 -0.999246 -0.0380323
-11.0917 95.4197 -9.73059 -0.035731 -0.997035 -0.0681411
-10.0734 95.3763 -9.7782 -0.054623 -0.996902 -0.0565833
-9.11355 95.3118 -9.77067 -0.102014 -0.993393 -0.0521304
-7.96677 95.1904 -9.90963 -0.117944 -0.991665 -0.0518555
-7.0216 95.0713 -9.92487 -0.137024 -0.988838 -0.0584135
-6.03913 94.9192 -9.91888 -0.174925 -0.983402 -0.0473099
-4.94305 94.7256 -10.1216 -0.183238 -0.982426 -0.0347669
-3.98227 94.5141 -10.2549 -0.24044 -0.970201 -0.0299875
-3.09182 94.2959 -10.4165 -0.246034 -0.968724 -0.0320449
-2.1485 94.0336 -10.5792 -0.298939 -0.953705 -0.0325857
-1.17692 93.723 -10.7906 -0.306395 -0.95094 -0.0428343
-0.274234 93.4283 -10.9735 -0.337836 -0.94003 -0.0470112
0.723809 93.0657 -11.1283 -0.354061 -0.934734 -0.0302167
1.61859 92.729 -11.3407 -0.364776 -0.930536 -0.0321981
2.52936 92.369 -11.3478 -0.371268 -0.928015 -0.0307405
3.51341 91.9611 -11.2228 -0.391673 -0.91954 -0.0305267
4.37292 91.5853 -11.0575 -0.398408 -0.916996 -0.0197178
5.23538 91.1971 -10.5952 -0.40368 -0.914738 -0.0168371
6.02994 90.8376 -10.0146 -0.407888 -0.912938 -0.0130811
6.78539 90.481 -9.1716 -0.417465 -0.908626 -0.0108522
7.48373 90.1516 -8.30807 -0.420366 -0.907348 -0.00334097
7.99305 89.9076 -7.49588 -0.426501 -0.904458 -0.00726861
8.51789 89.6579 -6.47884 -0.429552 -0.903041 0.00109823
8.97122 89.4406 -5.36629 -0.439827 -0.89808 0.000173119
9.21625 89.3233 -4.4392 -0.439717 -0.898117 0.00579028
9.46266 89.208 -3.44241 -0.442455 -0.896779 0.00441199
9.65892 89.1183 -2.45458 -0.440508 -0.897731 0.00554568
9.7953 89.0567 -1.515 -0.438598 -0.898673 0.00429455
9.83332 89.0441 -0.287733 -0.438705 -0.898622 0.00404195
9.8154 89.056 0.793066 -0.441998 -0.897012 0.00238832
9.72214 89.1066 1.91212 -0.442433 -0.896791 0.00431372
9.60017 89.1725 2.95219 -0.44287 -0.896574 0.00460945
9.39625 89.282 4.01395 -0.439881 -0.898016 0.00847942
9.15609 89.4085 5.15707 -0.434239 -0.900764 0.00764618
8.85985 89.5571 6.18116 -0.431735 -0.901984 0.00550567
8.45214 89.7606 7.19398 -0.430023 -0.902737 0.0113906
7.98597 89.9908 8.21355 -0.425238 -0.904987 0.0129623
7.4704 90.2422 9.24116 -0.417318 -0.908663 0.0131107
6.92902 90.4982 10.1298 -0.410936 -0.911616 0.00933701
6.29652 90.7916 10.8563 -0.406312 -0.913575 0.0169314
5.60305 91.1049 11.411 -0.395917 -0.918082 0.0191567
4.83007 91.4453 11.8464 -0.38996 -0.920605 0.0204517
3.95903 91.8167 12.0637 -0.379186 -0.925006 0.022984
2.91273 92.2405 12.3067 -0.363202 -0.931432 0.0225735
1.94034 92.611 12.3939 -0.352727 -0.935519 0.0196385
0.71833 93.0507 12.5672 -0.323972 -0.945798 0.0225522
-0.185037 93.3465 12.6237 -0.303328 -0.952625 0.0223209
-1.34436 93.7062 12.6555 -0.282408 -0.958621 0.0359203
-2.2578 93.9747 12.8096 -0.270832 -0.962056 0.03114
-3.23694 94.2408 12.9463 -0.230724 -0.972507 0.0312104
-4.32112 94.5026 13.0971 -0.236415 -0.971483 0.0178482
-5.39804 94.7265 13.1967 -0.175343 -0.984206 0.0239452
-6.43538 94.9046 13.32 -0.162546 -0.986573 0.0159141
-7.36004 95.0481 13.4 -0.131221 -0.99105 0.0230272
-8.60537 95.1896 13.6046 -0.0940564 -0.995473 0.0126868
-9.61535 95.2675 13.6845 -0.0624751 -0.997459 0.0323619
-10.5674 95.3149 13.8226 -0.0356659 -0.998982 0.0275681
-11.6275 95.3426 13.87 -0.00296664 -0.999496 0.0308024
-12.6201 95.3388 14.0076 0.0232276 -0.999318 0.0286905
-13.8327 95.3042 14.1835 0.0468488 -0.99846 0.0290944
-14.7987 95.2371 14.2441 0.0840087 -0.996145 0.0250048
-15.8975 95.1327 14.3796 0.112158 -0.993472 0.0202742
-16.9081 94.9975 14.5106 0.166486 -0.985947 0.0112898
-17.8738 94.8359 14.6878 0.170437 -0.984922 0.0296697
-19.0522 94.6033 14.8035 0.205826 -0.978076 0.0316674
