3.23297 92.703 8.36292 -0.363972 -0.931402 0.00372325
4.3279 92.254 7.25017 -0.385053 -0.922889 -0.000275465
5.62039 91.6986 4.68066 -0.40319 -0.915113 0.00209939
4.62212 92.1294 5.70574 -0.391136 -0.920329 -0.00271247
3.54807 92.5723 6.80426 -0.377824 -0.925877 0.000312383
2.39333 93.0259 7.97078 -0.359229 -0.933246 0.00171785
1.68119 93.2975 8.8021 -0.349623 -0.936871 0.00599294
0.0954207 93.8621 9.24172 -0.308522 -0.951212 0.00293579
1.06581 93.5196 8.14312 -0.333373 -0.942784 0.00455543
2.02454 93.166 7.06627 -0.343884 -0.939008 -0.00260396
3.13048 92.744 5.95833 -0.370874 -0.92864 -0.00261021
4.28965 92.2713 4.82889 -0.386071 -0.922447 0.00068357
5.44569 91.7699 3.63025 -0.404198 -0.91466 0.00409365
6.1588 91.4495 2.84293 -0.41264 -0.910887 0.00297575
6.42019 91.3251 1.15712 -0.413454 -0.910507 0.00553735
5.37139 91.8006 2.44648 -0.405947 -0.913895 0.000180772
4.44526 92.2044 3.42543 -0.386745 -0.922181 0.00295687
3.38382 92.6438 4.48787 -0.36918 -0.929344 -0.00139498
2.36371 93.0402 5.44483 -0.357871 -0.933763 -0.00392745
1.35681 93.4134 6.49094 -0.341903 -0.939717 -0.00534222
0.441773 93.7344 7.5032 -0.326789 -0.945046 0.00981631
-0.541868 94.0664 8.62234 -0.306779 -0.951773 0.00391662
-1.1816 94.2636 9.37469 -0.287435 -0.9578 0.00025128
-2.57336 94.6533 9.53115 -0.248792 -0.96852 -0.00828701
-1.6185 94.3956 8.53408 -0.281158 -0.959604 -0.00398694
-0.635781 94.093 7.36015 -0.313979 -0.949427 -0.00244811
0.347976 93.7692 6.2904 -0.324535 -0.945851 -0.00655759
1.33345 93.4257 5.24576 -0.33187 -0.94332 -0.00245062
2.35236 93.0483 4.2607 -0.355723 -0.934583 -0.00372776
3.31982 92.6746 3.30474 -0.368058 -0.929792 -0.00449288
4.50957 92.1729 2.10802 -0.390906 -0.920424 -0.00187061
5.43936 91.7655 1.05461 -0.407095 -0.913333 0.00979603
6.3151 91.3646 -0.201391 -0.409082 -0.912492 0.00323997
6.38885 91.3311 -0.318366 -0.408866 -0.912587 0.00365982
6.2828 91.3697 -1.76051 -0.409809 -0.912142 0.00730714
5.4352 91.7563 -0.41072 -0.40585 -0.91393 0.00408617
4.55627 92.1493 0.781642 -0.394119 -0.919 0.0104021
3.47506 92.6087 1.93102 -0.378977 -0.925393 -0.000484352
2.47955 93.0074 2.89583 -0.355707 -0.934551 -0.00139017
1.47681 93.3786 3.88393 -0.340029 -0.940409 0.000365943
0.341278 93.7725 5.01862 -0.326399 -0.945231 0.000336435
-0.614295 94.095 6.00533 -0.29813 -0.954516 -0.00272493
-1.58433 94.3931 7.08965 -0.282235 -0.959271 0.0118409
-2.5774 94.6746 8.27656 -0.264322 -0.964241 -0.0158292
-3.68953 94.9294 9.32464 -0.229362 -0.97302 -0.0199417
-4.17718 95.0326 9.79263 -0.209004 -0.977903 -0.00125879
-5.94892 95.3811 10.1581 -0.183731 -0.982971 -0.000562118
-4.81012 95.1701 9.1628 -0.181894 -0.983269 -0.00710291
-3.73855 94.9583 8.17207 -0.209709 -0.977755 -0.0038787
-2.70875 94.7119 7.0543 -0.238883 -0.971046 0.00115265
-1.79877 94.4517 5.9719 -0.262124 -0.96503 -0.000457631
-0.672016 94.114 4.7881 -0.301465 -0.953423 -0.00185323
0.343663 93.7772 3.76513 -0.320883 -0.947103 -0.00545624
1.31255 93.4384 2.79754 -0.342387 -0.939537 -0.00647687
2.29901 93.0768 1.83512 -0.354821 -0.934928 -0.000365746
3.32944 92.6644 0.859471 -0.379437 -0.925186 0.00749253
4.20692 92.2937 -0.166609 -0.391219 -0.920275 0.00635755
5.08398 91.9078 -1.42051 -0.404367 -0.914582 0.00517006
5.78074 91.59 -2.62362 -0.405754 -0.913977 0.00263969
5.91282 91.531 -2.88538 -0.403845 -0.914817 0.00440302
5.48891 91.7151 -3.9404 -0.404695 -0.914447 0.00266328
4.80307 92.0217 -2.60633 -0.397417 -0.917587 0.00836568
3.95135 92.3949 -1.28017 -0.390999 -0.920372 0.00590172
3.05741 92.7697 -0.140239 -0.366928 -0.930233 0.00548208
2.0139 93.183 0.881431 -0.349933 -0.936745 0.00451361
0.927704 93.5771 1.9512 -0.331235 -0.943548 -0.000969833
-0.124859 93.9405 2.98178 -0.319064 -0.947697 -0.00822688
-1.11299 94.2523 3.98156 -0.276667 -0.960906 -0.00241156
-2.17139 94.5571 5.0603 -0.252884 -0.967495 -0.00203209
-3.09956 94.7966 6.13247 -0.242082 -0.970102 0.0172682
-4.0058 95.0171 7.17928 -0.210533 -0.977586 0.00100659
-5.23213 95.2558 8.33758 -0.178574 -0.983627 -0.0242683
-6.33679 95.4455 9.2664 -0.159078 -0.987166 0.0136271
-7.39681 95.6006 10.3174 -0.122858 -0.992396 -0.00720216
-8.85626 95.7645 10.5286 -0.0869055 -0.996216 -0.000872572
-7.67328 95.647 9.29487 -0.121528 -0.992469 -0.0139439
-6.52291 95.4708 8.24832 -0.156346 -0.987665 -0.00747952
-5.36509 95.2859 7.25786 -0.174842 -0.984578 0.00298405
-4.36398 95.0933 6.25728 -0.20709 -0.978319 0.000544989
-3.35174 94.8586 5.04407 -0.235326 -0.971888 -0.00727511
-2.3325 94.6003 3.94684 -0.251512 -0.967854 -0.000773145
-1.07817 94.2522 2.70584 -0.299331 -0.954145 -0.00279648
-0.0892055 93.9248 1.71434 -0.317159 -0.948323 0.00959685
1.08805 93.5197 0.537107 -0.338152 -0.941086 0.00312723
2.09792 93.1431 -0.447793 -0.35592 -0.934513 -0.00213085
3.08133 92.7533 -1.52955 -0.379679 -0.925083 0.00796609
3.86732 92.422 -2.69686 -0.388352 -0.921493 0.00373455
4.56867 92.1147 -3.96375 -0.39487 -0.918732 0.00302338
4.89651 91.9738 -4.73114 -0.401236 -0.915971 0.00238923
4.43622 92.169 -6.07831 -0.3893 -0.921098 0.00493265
3.93992 92.3798 -4.56326 -0.381797 -0.92424 0.00329829
3.1703 92.7104 -3.21629 -0.381058 -0.924545 0.0032286
2.222 93.0954 -1.9088 -0.365313 -0.930865 0.00602448
1.31017 93.4382 -0.904237 -0.339393 -0.940636 0.00222202
0.303212 93.7981 0.0611448 -0.319628 -0.947537 0.00256758
-0.732408 94.1305 1.07926 -0.294085 -0.955735 0.000245653
-1.72139 94.4374 2.09672 -0.266169 -0.963868 0.00858539
-2.8128 94.7258 3.15457 -0.248337 -0.968661 -0.00486182
-3.77825 94.9562 4.16655 -0.219918 -0.975508 -0.00423668
-4.79309 95.1833 5.4148 -0.201176 -0.979373 -0.0150269
-5.82008 95.3697 6.45918 -0.174496 -0.984647 -0.00423987
-6.96637 95.5447 7.43707 -0.148211 -0.988955 0.00109274
-8.19667 95.7101 8.51636 -0.11386 -0.993347 0.0171858
-9.17568 95.7906 9.55452 -0.0755348 -0.997114 -0.00763946
-10.1692 95.8541 10.5967 -0.0467774 -0.998882 0.00559072
-10.4591 95.8657 10.8877 -0.0348668 -0.99939 0.00171893
-11.8298 95.9041 10.9358 -0.00756397 -0.999836 -0.0151663
-10.692 95.8776 9.8055 -0.0375516 -0.999276 -0.00605971
-9.50617 95.8232 8.56399 -0.0695502 -0.997441 -0.0161949
-8.38364 95.7326 7.45054 -0.114269 -0.993322 -0.015957
-7.26354 95.5869 6.52976 -0.139936 -0.990149 0.00221732
-6.16392 95.4246 5.54202 -0.150441 -0.988612 -0.00376202
-5.15796 95.2503 4.43992 -0.180527 -0.983319 0.0222005
-4.17995 95.0485 3.24635 -0.21568 -0.976464 -0.000496773
-3.18294 94.8196 2.28088 -0.242865 -0.970059 0.00100567
-1.9805 94.5047 1.07379 -0.268385 -0.963285 0.00716424
-1.03721 94.2297 0.0645295 -0.285942 -0.958239 -0.00322907
0.134349 93.8514 -0.988308 -0.315466 -0.948889 0.00356331
1.1311 93.499 -1.98708 -0.336673 -0.941616 0.000167039
2.20007 93.0968 -3.28025 -0.366394 -0.930447 0.00481487
2.96502 92.7827 -4.51303 -0.372449 -0.927971 0.0122482
3.55973 92.5371 -6.04552 -0.378698 -0.92552 -0.000380108
3.7851 92.4449 -6.7313 -0.383983 -0.923338 -0.00151097
3.04009 92.7514 -7.13218 -0.377903 -0.92584 -0.00302164
2.58425 92.9332 -5.73702 -0.375338 -0.926887 -0.000710407
1.94161 93.1869 -4.43591 -0.356543 -0.93423 0.00950001
0.934942 93.5721 -3.08802 -0.341597 -0.939827 0.00150651
-0.181858 93.9588 -1.92179 -0.327457 -0.944857 0.00199124
-1.31626 94.3112 -0.925095 -0.294146 -0.955736 -0.00601865
-2.2968 94.5839 0.115135 -0.264315 -0.964414 0.00245159
-3.52592 94.9038 1.37223 -0.237593 -0.971363 0.00142103
-4.6756 95.1577 2.43797 -0.212079 -0.977252 -0.000118778
-5.56575 95.3259 3.52439 -0.187441 -0.982274 -0.0019055
-6.49276 95.4818 4.59167 -0.15896 -0.987132 -0.0172559
-7.64701 95.641 5.69148 -0.135121 -0.990824 -0.00301881
-8.82533 95.7839 6.64228 -0.0901168 -0.995921 0.000158342
-9.868 95.8619 7.60238 -0.0398809 -0.999148 -0.0105037
-10.9402 95.889 8.74299 -0.0184287 -0.999805 -0.00665962
-11.9467 95.9059 9.80068 -0.000214654 -0.999994 0.00309033
-13.143 95.8863 10.9559 0.049479 -0.998764 -0.00385
-13.516 95.8681 11.2888 0.0456462 -0.998913 0.00941199
-14.9438 95.7685 11.3819 0.098715 -0.995073 0.00919899
-13.7172 95.8597 10.2656 0.0519547 -0.99864 -0.0043898
-12.6164 95.9034 9.20013 0.00352241 -0.999983 0.00472631
-11.5872 95.909 8.11544 -0.0222756 -0.999616 -0.0164462
-10.5765 95.8955 7.03168 -0.0357915 -0.999262 -0.0139629
-9.46281 95.8433 6.00529 -0.081969 -0.996508 -0.00967723
-8.27966 95.7343 5.06539 -0.120891 -0.992489 -0.0171612
-7.05904 95.5818 3.8973 -0.145047 -0.989335 -0.0132195
-6.03156 95.4246 2.65265 -0.179695 -0.983514 -0.0193692
-5.03432 95.2334 1.52286 -0.206151 -0.978511 0.00413228
-3.99853 95.0094 0.585934 -0.21093 -0.977497 0.00274753
-2.98631 94.7631 -0.481648 -0.239475 -0.97087 -0.00582267
-1.98933 94.5092 -1.53142 -0.264908 -0.964262 -0.00482968
-0.935773 94.1995 -2.44069 -0.298609 -0.954356 -0.00611872
0.0616781 93.8719 -3.44772 -0.321573 -0.946876 0.0040427
0.95219 93.5597 -4.50549 -0.339199 -0.940651 0.00480695
1.6777 93.2804 -5.78235 -0.355475 -0.934681 -0.00270408
2.21121 93.0776 -7.28799 -0.361319 -0.932442 -0.00101305
1.36324 93.3986 -7.3803 -0.346615 -0.938003 0.00274695
0.743228 93.6273 -5.871 -0.346708 -0.937971 0.00122037
-0.0944444 93.9233 -4.57789 -0.323048 -0.946382 -0.00046766
-1.22765 94.2966 -3.37413 -0.309413 -0.950924 -0.00181344
-2.36541 94.6205 -2.42541 -0.262608 -0.964794 -0.014495
-3.40421 94.871 -1.36567 -0.232037 -0.972661 -0.00937987
-4.37979 95.0882 -0.302649 -0.220031 -0.97545 -0.00867979
-5.49309 95.3246 0.729745 -0.202963 -0.979174 0.00389095
-6.58097 95.5286 1.87325 -0.162799 -0.98663 -0.00361332
-7.67113 95.675 3.2334 -0.134099 -0.990904 -0.0109823
-8.81414 95.8031 4.37286 -0.104855 -0.994388 -0.013986
-10.1136 95.8834 5.34769 -0.0458841 -0.998897 -0.00997943
-11.4288 95.9275 6.56701 -0.0286617 -0.999476 -0.0150417
-12.3862 95.9309 7.62165 0.0206916 -0.99978 -0.00161149
-13.459 95.8789 8.75237 0.0531498 -0.998577 -0.00433202
-14.609 95.8005 9.84936 0.0902995 -0.995913 -0.00118566
-15.8044 95.6766 10.9499 0.119903 -0.99274 -0.00272819
-16.4237 95.5965 11.6217 0.137874 -0.990193 0.0224232
-17.9044 95.3689 11.8495 0.169597 -0.985475 0.00563773
-16.8523 95.5364 10.7589 0.139537 -0.990206 -0.00364574
-15.8432 95.6742 9.75462 0.129408 -0.991585 -0.00338181
-14.628 95.7999 8.62889 0.0921802 -0.995742 -0.00056237
-13.4286 95.8927 7.4485 0.0593961 -0.998226 -0.0030401
-12.4072 95.9359 6.27679 0.0139327 -0.999858 -0.00706018
-11.3904 95.9378 5.23437 -0.0167468 -0.999767 -0.00531734
-10.1701 95.8997 4.28681 -0.0477905 -0.998784 -0.0120591
-8.96321 95.8282 3.31117 -0.103365 -0.994643 0.00099456
-7.89166 95.7164 2.07963 -0.126283 -0.991965 -0.00653855
-7.00017 95.5891 0.898538 -0.13848 -0.990208 0.0174599
-5.9363 95.4092 -0.0574771 -0.158213 -0.987325 0.0101796
-4.83285 95.1984 -1.11571 -0.211983 -0.977162 -0.0141552
-3.87495 94.9912 -2.18993 -0.22022 -0.975376 -0.00915454
-2.68381 94.7156 -3.34952 -0.250166 -0.96817 -0.00715106
-1.49248 94.3808 -4.35453 -0.295291 -0.955354 0.0101017
-0.435263 94.034 -5.54643 -0.316347 -0.948629 0.00417616
0.239114 93.801 -6.82285 -0.317805 -0.948147 0.00414509
0.49732 93.7115 -7.47401 -0.33395 -0.942493 -0.0112603
-0.454815 94.0383 -7.41354 -0.319317 -0.947556 -0.0118995
-1.18014 94.2693 -6.0168 -0.302583 -0.953116 0.00318079
-2.14459 94.5699 -4.95095 -0.274268 -0.96161 0.00875321
-3.37117 94.8948 -3.98117 -0.237104 -0.97141 -0.00815615
-4.46632 95.1292 -2.89627 -0.207815 -0.978098 -0.0110605
-5.3934 95.3123 -1.82879 -0.186147 -0.982511 -0.00242814
-6.55476 95.5058 -0.701245 -0.157506 -0.987499 -0.00603972
-7.75746 95.6801 0.362302 -0.131817 -0.991233 0.00669358
-8.62321 95.7951 1.50194 -0.101215 -0.994807 0.00848224
-9.70647 95.8831 2.75896 -0.0625539 -0.998033 -0.00381203
-10.8339 95.941 3.65055 -0.0539294 -0.998506 -0.00878464
-12.1354 95.947 4.67677 0.0342767 -0.99939 0.00665195
-13.1041 95.9181 5.71761 0.0513829 -0.998636 -0.00642978
-14.0531 95.8554 6.7913 0.0690853 -0.997577 -0.00574958
-15.1866 95.7514 7.90466 0.0883989 -0.996043 -0.00918551
-16.251 95.6239 8.91328 0.127447 -0.991812 -0.00735703
-17.4243 95.449 10.0136 0.153679 -0.988105 -0.00561511
-18.6527 95.2293 11.347 0.193383 -0.981117 0.00348876
-19.2895 95.1065 11.9151 0.197085 -0.980335 0.00850389
-20.9288 94.7243 12.2445 0.256145 -0.966482 0.0172016
-19.804 94.9845 11.1525 0.223965 -0.974574 -0.00391471
-18.7217 95.2153 10.0528 0.190746 -0.981636 0.00062109
-17.6983 95.4089 8.9723 0.162288 -0.986734 -0.00429686
-16.599 95.5838 8.00086 0.135852 -0.99066 -0.00272423
-15.548 95.7162 6.969 0.122184 -0.992505 -0.00181455
-14.4794 95.8241 5.91539 0.0935171 -0.99555 -0.0106033
-13.374 95.9015 4.64266 0.04408 -0.998983 0.00694358
-12.1667 95.9629 3.46374 0.0351945 -0.998955 0.0073748
-10.9885 95.9394 2.67704 -0.0360418 -0.999082 0.0231677
-9.7704 95.8905 1.54551 -0.071934 -0.997397 0.00317426
-8.92897 95.8113 0.385747 -0.0958276 -0.995396 -0.000536501
-7.81635 95.6904 -0.863027 -0.130493 -0.991426 -0.00670338
-6.61803 95.5246 -1.84175 -0.151785 -0.98841 -0.0025996
-5.54803 95.344 -2.98177 -0.18762 -0.982239 -0.00220312
-4.47908 95.1504 -4.2702 -0.217237 -0.976079 -0.00878306
-3.36135 94.8955 -5.12155 -0.246617 -0.969093 -0.00521884
-2.11446 94.5556 -6.27139 -0.278024 -0.960559 -0.00484914
-1.46277 94.3658 -7.27168 -0.307548 -0.951451 -0.012452
-2.72255 94.7351 -6.94269 -0.273837 -0.96172 -0.00990862
-3.79913 95.0062 -5.93417 -0.228675 -0.973479 0.00188016
-4.989 95.2691 -5.06977 -0.203438 -0.979055 -0.0035417
-5.94558 95.427 -3.91623 -0.168048 -0.98574 -0.00877631
-7.03183 95.5901 -2.67968 -0.151933 -0.988389 -0.00164193
-8.14166 95.7323 -1.78086 -0.124687 -0.992195 -0.001085
-9.20327 95.8258 -0.789354 -0.0815441 -0.996622 0.0051407
-10.1137 95.9012 0.519264 -0.060153 -0.998051 0.0166305
-11.2253 95.9476 1.70971 -0.0306114 -0.999363 -0.0182801
-12.6286 95.9409 2.64618 0.0147331 -0.999826 0.0113627
-13.6883 95.8828 3.66479 0.0651564 -0.997841 -0.000757771
-14.7414 95.8033 4.87175 0.0798602 -0.99674 0.0113723
-15.8344 95.6821 5.96753 0.130317 -0.991464 0.00328863
-16.8696 95.5401 7.02758 0.154359 -0.987999 0.00420455
-17.9166 95.3723 7.94074 0.174315 -0.984686 0.00156106
-18.9984 95.1699 9.00389 0.196944 -0.980257 -0.0117601
-19.9203 94.9675 10.0411 0.219326 -0.975564 -0.00175494
-20.9431 94.7082 10.9815 0.248588 -0.968516 -0.0133898
-21.9867 94.4379 12.09 0.272829 -0.96187 0.0187851
-23.0474 94.143 13.0274 0.312872 -0.949723 0.011679
-25.1589 93.4331 13.9377 0.34357 -0.939023 0.0139174
-24.2046 93.757 12.8944 0.322574 -0.946524 0.00618916
-22.9958 94.1425 11.8453 0.28939 -0.956994 0.0162879
-21.9184 94.4489 10.7029 0.271746 -0.962366 -0.00241446
-20.8324 94.7455 9.65488 0.247808 -0.9688 0.00146867
-19.7302 95.0133 8.46059 0.217183 -0.97613 -0.00111012
-18.7421 95.2146 7.45454 0.184256 -0.982816 0.011032
-17.6727 95.4108 6.54876 0.158459 -0.98736 0.000176613
-16.6074 95.578 5.45957 0.136604 -0.990625 -0.00104386
-15.5774 95.7099 4.43158 0.111181 -0.993798 0.00197458
-14.6142 95.8101 3.38819 0.0868324 -0.996169 -0.0103865
-13.4863 95.8996 2.12013 0.0672726 -0.997733 0.00183633
-12.128 95.9645 1.27297 0.00360667 -0.999708 -0.0227184
-10.9208 95.9375 0.0675099 -0.0359381 -0.999284 0.0118293
-10.0006 95.879 -1.28373 -0.0521783 -0.998635 0.00150744
-8.86723 95.8102 -2.36709 -0.082079 -0.996571 -0.00997409
-7.59176 95.6715 -3.36381 -0.124727 -0.99218 -0.0047523
-6.54272 95.5289 -4.58939 -0.14941 -0.988678 -0.0134415
-5.42479 95.3526 -5.93895 -0.187529 -0.982257 -0.000507511
-4.21605 95.103 -6.76115 -0.2161 -0.976307 -0.0103742
-4.02999 95.0623 -6.90083 -0.227417 -0.973672 -0.0123765
-5.91326 95.4425 -6.76875 -0.171185 -0.9852 0.00152064
-6.87953 95.5898 -5.6495 -0.13903 -0.990211 -0.0118501
-7.81412 95.7055 -4.41786 -0.123487 -0.992301 -0.00894526
-8.92385 95.8244 -3.44075 -0.0749859 -0.997148 -0.00827358
-10.0695 95.8957 -2.58791 -0.0422945 -0.999094 -0.00362443
-11.0597 95.9314 -1.36367 -0.0373724 -0.999267 0.0082361
-11.9495 95.9688 -0.074559 -0.00089159 -0.999714 0.00413012
-13.1445 95.9368 0.901761 0.0508106 -0.998675 -0.00112646
-14.4184 95.833 1.75715 0.0791835 -0.996855 0.00147179
-15.5196 95.7287 3.10572 0.105018 -0.994356 -0.0146213
-16.575 95.5925 4.0953 0.13892 -0.990162 -0.0167397
-17.5592 95.4372 5.11513 0.157221 -0.987549 -0.00544707
-18.6518 95.2364 6.1788 0.184525 -0.982602 -0.0210472
-19.9114 94.9678 7.27642 0.209741 -0.977732 0.0068729
-20.8313 94.745 8.40378 0.249651 -0.968319 -0.00571966
-21.884 94.4616 9.38109 0.26656 -0.963816 -0.00191192
-22.8639 94.1733 10.4068 0.285614 -0.958309 -0.00831882
-24.0397 93.8045 11.513 0.307828 -0.951433 0.0027574
-25.058 93.4572 12.4614 0.332996 -0.942908 0.00505961
-25.9119 93.1504 13.5228 0.354533 -0.934993 0.00647971
-26.9704 92.7454 14.4502 0.372117 -0.928137 0.00582553
-27.815 92.4021 15.232 0.384791 -0.923003 0.000338919
-29.7039 91.5937 15.9309 0.412263 -0.91105 0.00435527
-28.7467 92.0053 14.9856 0.395603 -0.918414 0.00366204
-27.874 92.3712 13.9268 0.386379 -0.9223 0.00738433
-26.6505 92.8642 13.0913 0.361091 -0.932514 0.00524611
-25.7464 93.2102 11.8722 0.351924 -0.93602 -0.00386714
-24.7657 93.5663 10.9333 0.324157 -0.945994 -0.00401996
-23.6858 93.9253 10.0335 0.309609 -0.950795 -0.011246
-22.8183 94.2 8.96953 0.285656 -0.958292 -0.00725988
-21.7495 94.5029 8.03865 0.267426 -0.963559 -0.00602489
-20.7443 94.7768 6.8143 0.250592 -0.96808 -0.00485893
-19.5185 95.0615 5.7486 0.20937 -0.97773 -0.0138238
-18.4441 95.2993 4.69338 0.173771 -0.984533 -0.0122236
-17.3876 95.4866 3.58451 0.14124 -0.989778 -0.0197434
-16.3138 95.6438 2.6301 0.116587 -0.993146 -0.00829777
-15.2329 95.761 1.36749 0.093231 -0.995624 -0.00107562
-14.1633 95.8615 0.392368 0.0759219 -0.997083 -0.00777695
-12.845 95.9463 -0.448344 0.0327142 -0.99932 -0.0169328
-11.9792 95.9624 -1.7085 -0.0257972 -0.999568 0.00642033
-11.0394 95.9355 -2.88354 -0.0293304 -0.99955 -0.00445207
-10.0033 95.9037 -3.84182 -0.0520271 -0.998437 -0.0168294
-8.6309 95.8064 -4.88973 -0.102973 -0.994677 0.000353796
-7.67731 95.7023 -6.09225 -0.123718 -0.992311 -0.00341805
-7.13412 95.6403 -6.7243 -0.138259 -0.99015 -0.0116102
-8.37078 95.7832 -6.69268 -0.0987126 -0.995093 -0.00652718
-9.33298 95.8699 -5.66335 -0.0904854 -0.995854 0.00883229
-10.5239 95.9374 -4.62855 -0.0381682 -0.999055 -0.0201014
-11.6455 95.9466 -3.50819 -0.0118334 -0.999908 -0.000755442
-12.7114 95.9492 -2.37965 0.0227494 -0.999395 0.0216088
-13.6738 95.923 -1.29336 0.0464717 -0.998897 -0.00333806
-14.6293 95.8347 -0.305952 0.0797923 -0.99657 -0.0211414
-15.7705 95.7198 0.700553 0.101438 -0.994729 -0.01057
-16.8824 95.5787 1.87848 0.131927 -0.991252 -0.000388916
-17.9549 95.4109 2.80077 0.155678 -0.987788 -0.00620665
-18.9786 95.2071 3.87689 0.211468 -0.977165 -0.0203593
-19.9192 94.9824 4.88856 0.230916 -0.972888 -0.00830464
-21.1282 94.6789 5.9684 0.26063 -0.965402 -0.0082102
-22.118 94.4009 7.1277 0.275554 -0.961284 -0.0017819
-23.3325 94.0416 8.23172 0.300365 -0.95382 0.000578381
-24.3313 93.7177 9.3979 0.313419 -0.949601 -0.0050031
-25.4105 93.3398 10.2767 0.336872 -0.94155 0.00117275
-26.3083 93.0033 11.2545 0.355305 -0.934664 -0.0112297
-27.2839 92.6113 12.4116 0.374673 -0.927149 -0.00382312
-28.3702 92.1576 13.1545 0.39231 -0.919827 0.00132073
-29.3104 91.7575 14.2496 0.399623 -0.916668 0.00458277
-30.3961 91.2775 15.3446 0.415083 -0.909782 0.00119195
-31.273 90.8683 16.0069 0.424639 -0.905342 0.00192104
-32.6343 90.2137 16.2229 0.439427 -0.898269 0.00396185
-31.5598 90.733 15.1461 0.43285 -0.901464 0.00170044
-30.5972 91.1829 14.2217 0.415603 -0.90954 0.00336631
-29.7051 91.5807 13.1825 0.404159 -0.914676 0.00486524
-28.6003 92.0614 12.1866 0.392803 -0.919612 -0.00439124
-27.6735 92.4601 11.2598 0.379015 -0.925375 -0.00472782
-26.6622 92.8714 10.2486 0.365815 -0.930667 -0.00615227
-25.6751 93.2485 9.26145 0.345318 -0.93847 -0.00526031
-24.6612 93.6103 8.24759 0.318507 -0.947908 0.00239329
-23.6156 93.9541 7.22225 0.307535 -0.951514 0.00411477
-22.5833 94.2678 6.1697 0.279136 -0.960223 -0.0071048
-21.591 94.5605 5.17737 0.270849 -0.962593 -0.00614533
-20.5954 94.8311 4.18173 0.238673 -0.970958 -0.0165267
-19.4564 95.1138 2.99907 0.222236 -0.974898 -0.0136004
-18.4475 95.3304 2.03385 0.175925 -0.984387 -0.00545002
-17.4499 95.5004 1.06123 0.152169 -0.988281 -0.00510415
-16.4768 95.6444 0.0631381 0.119412 -0.992748 -0.0103311
-15.3738 95.782 -1.03982 0.111582 -0.993581 -0.018566
-14.3849 95.8893 -2.02875 0.0693398 -0.997347 -0.0142642
-13.3371 95.9274 -3.07651 0.0401606 -0.999168 0.00633012
-12.0802 95.9566 -4.33345 -0.00743765 -0.999916 -0.010551
-10.9157 95.9571 -5.49792 -0.016369 -0.999853 -0.00481597
-9.75363 95.9073 -6.66 -0.07655 -0.997009 -0.0102226
-11.0371 95.973 -6.72542 -0.0168143 -0.999751 -0.0146216
-12.2022 95.97 -5.6588 0.00775746 -0.99995 -0.00636498
-13.3548 95.9291 -4.40759 0.0398887 -0.999094 -0.0148226
-14.5752 95.8585 -3.25628 0.071671 -0.997392 0.00492142
-15.6346 95.7689 -2.19496 0.109835 -0.993948 0.000366926
-16.8984 95.6065 -1.08675 0.125828 -0.991922 -0.0135681
-17.7837 95.4541 0.0964064 0.153477 -0.988118 -0.00711192
-18.8209 95.2692 1.04007 0.199361 -0.979894 -0.00599428
-19.857 95.0346 1.94158 0.23572 -0.971762 -0.0104912
-20.9468 94.7516 3.08582 0.248838 -0.968533 -0.00440045
-21.9427 94.4784 3.98562 0.273538 -0.961764 -0.00679376
-22.9199 94.1734 5.18927 0.302371 -0.953175 -0.0038638
-23.943 93.8444 6.30176 0.311256 -0.950323 -0.00223771
-24.9498 93.5103 7.26163 0.325342 -0.945587 0.00415516
-26.0051 93.13 8.13058 0.345987 -0.938195 0.00134819
-27.1291 92.6927 9.28259 0.37462 -0.927037 -0.0145797
-28.2927 92.2106 10.21 0.382435 -0.92396 -0.00626881
-29.5457 91.6592 11.2109 0.399023 -0.916897 -0.00892152
-30.5519 91.2015 12.4276 0.417435 -0.908705 -0.000895432
-31.2918 90.8618 13.452 0.424518 -0.905395 0.00313115
-32.4794 90.2892 14.0588 0.436157 -0.89987 -0.000765151
-33.3101 89.8805 15.3661 0.444283 -0.895879 -0.00283236
-33.7991 89.6331 15.8735 0.448872 -0.893582 -0.00501996
-34.9045 89.0737 15.4801 0.458304 -0.888785 -0.0041887
-33.9139 89.5831 14.4877 0.447206 -0.894408 -0.00642573
-33.0132 90.0313 13.3731 0.435982 -0.899953 -0.00201403
-31.8726 90.5823 12.78 0.432077 -0.901834 -0.00100918
-31.0472 90.9742 11.7346 0.420462 -0.907299 -0.00455684
-30.1604 91.3854 10.6146 0.414735 -0.909922 -0.00516312
-28.9715 91.9209 9.57833 0.396449 -0.918038 -0.00588565
-27.9183 92.377 8.62781 0.382904 -0.923733 -0.0100377
-26.6947 92.8834 7.37754 0.368636 -0.929553 -0.00387347
-25.4484 93.3387 6.39662 0.323188 -0.9463 -0.00793681
-24.3867 93.7005 5.37991 0.31308 -0.949715 -0.00428157
-23.4233 94.0265 4.28294 0.302667 -0.952975 -0.0151914
-22.305 94.3769 2.9043 0.278194 -0.960469 -0.00924649
-21.0371 94.7392 2.09199 0.255291 -0.966815 -0.00970803
-20.015 95.0083 0.922974 0.230612 -0.972939 -0.00678358
-18.895 95.2519 0.0397244 0.193094 -0.981144 0.00849674
-17.8529 95.4599 -1.47082 0.182929 -0.983083 -0.0088393
-16.5827 95.6606 -2.70482 0.140714 -0.990035 0.00557102
-15.4083 95.7913 -3.63978 0.102761 -0.994671 -0.00331738
-14.3515 95.8837 -4.73703 0.0699851 -0.997482 -0.0111078
-13.316 95.9512 -5.88782 0.0463255 -0.99889 -0.00847848
-12.7038 95.9727 -6.50367 0.0203207 -0.999737 -0.00805455
-13.9669 95.9268 -6.53057 0.0392477 -0.999148 -0.0115636
-15.0909 95.8293 -5.33788 0.0875788 -0.996107 -0.00756279
-16.0841 95.7188 -4.21368 0.110923 -0.993791 -0.00858737
-17.4354 95.5352 -3.24239 0.143139 -0.989689 0.00482821
-18.4576 95.3525 -2.14549 0.190696 -0.981644 -0.00280945
-19.4124 95.1488 -0.706477 0.215502 -0.976497 -0.00275479
-20.594 94.869 0.317496 0.244919 -0.969439 -0.0142148
-21.7219 94.562 1.41541 0.258631 -0.965964 -0.00391937
-22.8279 94.2324 2.2102 0.290858 -0.956712 -0.00986086
-23.7498 93.9293 3.25492 0.304735 -0.952431 -0.00352458
-24.8882 93.5405 4.575 0.316285 -0.948637 -0.00717995
-25.9668 93.1564 5.60458 0.343547 -0.939122 -0.00471195
-27.1401 92.7124 6.55558 0.371101 -0.928579 -0.00157707
-28.1994 92.2658 7.61353 0.393521 -0.919269 -0.00893494
-29.1872 91.8338 8.51466 0.39977 -0.91659 -0.00665681
-30.1227 91.4136 9.47259 0.4081 -0.912908 -0.00649475
-31.2012 90.9081 10.5471 0.425008 -0.905145 -0.00890867
-31.9812 90.533 11.9523 0.430761 -0.902457 -0.00401854
-33.2838 89.9033 12.5682 0.438132 -0.898896 -0.00506296
-34.2441 89.4247 13.4683 0.449512 -0.893239 -0.00619071
-35.2861 88.8818 14.6066 0.459723 -0.888036 -0.00681522
-35.5893 88.7225 14.9317 0.463396 -0.886136 -0.00511643
-36.1716 88.4202 14.2885 0.465632 -0.884969 -0.00406068
-35.1557 88.9589 13.1768 0.460795 -0.887486 -0.00601322
-34.204 89.4514 12.2314 0.446135 -0.894953 -0.00461835
-33.0585 90.0194 11.5478 0.438391 -0.898758 -0.00683416
-32.0146 90.527 10.3356 0.427124 -0.904143 -0.00951623
-31.1053 90.9638 9.24881 0.423599 -0.905816 -0.00778181
-30.1438 91.4139 8.22016 0.411 -0.911598 -0.00536381
-29.1737 91.8518 7.26543 0.39889 -0.916903 -0.0132588
-28.2152 92.2708 6.31973 0.387003 -0.922071 -0.0036802
-27.1729 92.6967 5.39758 0.374488 -0.927231 0.00111028
-26.0034 93.1553 4.41506 0.354628 -0.935002 -0.00262477
-25.0822 93.4832 3.38509 0.330474 -0.943793 -0.0063999
-24.0765 93.8357 2.25804 0.307671 -0.951322 -0.0179215
-23.0075 94.1877 1.22704 0.289217 -0.95724 -0.00645861
-21.7713 94.5531 0.274076 0.269105 -0.96305 -0.0108281
-20.6526 94.8653 -0.794677 0.240246 -0.970632 -0.00731883
-19.7173 95.0879 -1.91848 0.212343 -0.977114 -0.0126283
-18.8491 95.2757 -3.07864 0.197524 -0.980265 -0.00735219
-17.6825 95.4924 -4.1895 0.168369 -0.985702 -0.00509538
-16.4971 95.6747 -5.15528 0.142045 -0.989838 -0.00662061
-15.5247 95.79 -6.17663 0.105993 -0.994367 -7.30989e-07
-15.3755 95.806 -6.37621 0.103959 -0.994574 0.00232523
-16.4925 95.6778 -6.50071 0.129203 -0.991584 -0.00820575
-17.4843 95.5307 -5.46046 0.15363 -0.98809 -0.00726461
-18.6877 95.3204 -4.58153 0.173409 -0.984818 -0.00784406
-19.6752 95.1152 -3.50783 0.20387 -0.978895 -0.0122677
-20.5219 94.911 -2.31318 0.226062 -0.974085 -0.00733742
-21.4743 94.6597 -1.26696 0.257356 -0.966099 -0.0174931
-22.7562 94.2753 -0.0996869 0.292303 -0.956212 -0.0147286
-23.8283 93.9336 0.778903 0.310568 -0.950501 -0.00905587
-24.8283 93.5895 1.76664 0.326493 -0.945034 -0.0149898
-25.7853 93.237 2.81509 0.3388 -0.940831 -0.00387564
-26.8425 92.8374 3.94906 0.356935 -0.934124 -0.000521395
-27.8846 92.4092 4.82344 0.377232 -0.926074 -0.00896677
-28.8936 91.9853 5.72776 0.395884 -0.918279 -0.00359146
-29.9697 91.5034 6.80517 0.413735 -0.91038 -0.00557306
-30.9447 91.0492 7.79549 0.41759 -0.908598 -0.00828063
-31.956 90.5684 8.94768 0.425453 -0.904951 -0.00729689
-32.806 90.1501 10.1136 0.433473 -0.901122 -0.00892302
-33.8903 89.6137 11.0031 0.44883 -0.893611 -0.00336939
-34.9469 89.0768 11.7512 0.458158 -0.888857 -0.00490062
-35.8896 88.5794 12.6895 0.466059 -0.884719 -0.00777802
-36.7394 88.1246 13.6484 0.467084 -0.884188 -0.00666452
-37.0809 87.9476 12.7527 0.472691 -0.881221 -0.0034097
-36.0638 88.4947 11.6795 0.467512 -0.883972 -0.00512079
-34.9356 89.0865 10.6734 0.455067 -0.890456 -0.00114456
-33.6415 89.7478 9.79664 0.4451 -0.895436 -0.00883813
-32.7013 90.2181 8.55466 0.434521 -0.900589 -0.011486
-31.7309 90.6858 7.41615 0.424468 -0.905424 -0.00574013
-30.7348 91.1578 6.33164 0.417253 -0.908763 -0.00650918
-29.7738 91.5999 5.35354 0.412665 -0.910876 -0.00337892
-28.7224 92.0637 4.34898 0.387666 -0.921757 -0.00862029
-27.6463 92.5184 3.41142 0.374826 -0.927083 -0.00484542
-26.6928 92.8991 2.46307 0.352281 -0.935881 -0.0047598
-25.7276 93.2677 1.44033 0.345686 -0.938305 -0.00922783
-24.5542 93.6949 0.24968 0.320353 -0.947297 -0.00141607
-23.3004 94.1225 -0.827279 0.297991 -0.954296 -0.022574
-22.2303 94.4574 -1.78574 0.277214 -0.960769 -0.00856357
-21.2517 94.7333 -2.84809 0.252774 -0.967493 -0.00768339
-20.38 94.9608 -4.05775 0.239495 -0.970897 -0.000677938
-19.4165 95.1883 -5.12118 0.199298 -0.979895 -0.00931313
-18.1842 95.4175 -6.10323 0.169865 -0.985456 -0.00464456
-17.8618 95.4715 -6.40833 0.164285 -0.9864 -0.00421262
-19.2061 95.2287 -6.46316 0.188714 -0.981948 -0.00535815
-20.3706 94.968 -5.43313 0.248226 -0.968686 -0.00419918
-21.373 94.6971 -4.19958 0.269805 -0.962902 -0.00266575
-22.3567 94.4244 -2.93968 0.277167 -0.960812 0.00351835
-23.4476 94.0865 -1.87843 0.305273 -0.952219 0.000219399
-24.6377 93.677 -0.864157 0.323982 -0.94593 -0.0159069
-25.6842 93.2961 0.0876342 0.34555 -0.938363 -0.00834572
-26.7377 92.894 1.23716 0.350388 -0.936554 -0.00975801
-27.7272 92.4946 2.23791 0.378779 -0.925413 -0.011691
-28.7176 92.0757 3.16784 0.390939 -0.920392 -0.00670478
-29.7717 91.6098 4.11231 0.409544 -0.912258 -0.00772312
-30.8555 91.1103 5.21361 0.41704 -0.908838 -0.00744275
-31.9111 90.6089 6.29458 0.425263 -0.905034 -0.00778043
-32.8063 90.1726 7.34321 0.437166 -0.899379 0.000536181
-33.7135 89.7233 8.46531 0.442492 -0.896756 -0.00541059
-34.7149 89.2064 9.52784 0.457535 -0.88917 -0.00625615
-35.9742 88.5486 10.4132 0.4652 -0.885194 -0.00446246
-36.9948 87.9997 11.4185 0.472392 -0.881371 -0.00544542
-37.4818 87.736 11.9349 0.47269 -0.881221 -0.00376896
-37.8253 87.5575 11.0432 0.472823 -0.881135 -0.00625789
-36.8663 88.078 10.0823 0.470245 -0.882504 -0.00745852
-35.855 88.6178 9.2467 0.462037 -0.886827 -0.00778866
-34.6058 89.2734 8.23735 0.454359 -0.890786 -0.00763743
-33.6543 89.7559 7.05811 0.445134 -0.895461 -0.000541602
-32.7454 90.211 5.97368 0.439248 -0.898331 -0.00758985
-31.8138 90.6662 4.94483 0.422784 -0.906169 -0.010555
-30.8856 91.1068 3.97309 0.417093 -0.908832 -0.00754296
-29.7486 91.6306 2.91393 0.40854 -0.912702 -0.00842118
-28.7849 92.0566 1.98201 0.390294 -0.920654 -0.0081582
-27.7914 92.4805 1.04341 0.380914 -0.924585 -0.00682132
-26.8119 92.8725 -0.0124786 0.361715 -0.932223 -0.0110686
-25.6881 93.3038 -1.15367 0.345009 -0.938571 -0.00715447
-24.466 93.7484 -2.15333 0.319772 -0.947459 -0.00713937
-23.4269 94.0931 -3.15154 0.306726 -0.951787 0.000426116
-22.4233 94.3982 -4.24646 0.282504 -0.959223 -0.00892875
-21.4278 94.6905 -5.56075 0.259836 -0.965643 -0.00181694
-20.5011 94.9465 -6.52563 0.225249 -0.974232 -0.0116125
-21.6044 94.6577 -6.70324 0.264248 -0.964374 -0.0124439
-22.5019 94.3857 -5.64537 0.280203 -0.959894 -0.00952037
-23.346 94.1262 -4.52684 0.301351 -0.953486 -0.00721817
-24.4021 93.7784 -3.44721 0.309215 -0.950929 -0.0109395
-25.4387 93.4071 -2.51281 0.33408 -0.942477 -0.0104941
-26.5027 93.0067 -1.58677 0.355079 -0.934826 -0.00402733
-27.4799 92.6171 -0.606258 0.367758 -0.929909 -0.0049017
-28.419 92.2268 0.406936 0.37997 -0.924972 -0.00701634
-29.5177 91.7478 1.40833 0.401465 -0.915807 -0.0111318
-30.5889 91.2568 2.49111 0.415529 -0.909533 -0.0080858
-31.6918 90.7376 3.51925 0.42219 -0.906484 -0.00624044
-32.5996 90.2936 4.5289 0.435433 -0.900207 -0.0050627
-33.5353 89.8252 5.6418 0.441361 -0.897299 -0.00743631
-34.5347 89.3182 6.79701 0.450036 -0.89298 -0.00521978
-35.4648 88.8343 7.89168 0.462444 -0.886606 -0.00863141
-36.5399 88.2639 8.68877 0.467334 -0.884052 -0.00669653
-37.5525 87.7165 9.56754 0.471656 -0.881741 -0.00848535
-37.9758 87.4858 9.958 0.473301 -0.880862 -0.00823704
-38.2815 87.3305 9.05043 0.474297 -0.880313 -0.0094621
-37.1756 87.9318 8.10922 0.46883 -0.883254 -0.00781631
-35.9843 88.5703 7.18615 0.463204 -0.886206 -0.00832346
-35.0692 89.0476 6.13822 0.456641 -0.889639 -0.00469985
-34.077 89.5607 4.9271 0.453338 -0.891297 -0.00860968
-33.1865 90.0122 3.88217 0.444257 -0.895879 -0.00535433
-32.2513 90.4756 2.86701 0.437176 -0.899375 -0.00151245
-31.1953 90.9816 1.8362 0.422211 -0.90645 -0.00933801
-30.224 91.4397 0.855106 0.415778 -0.909441 -0.00677589
-29.1373 91.9284 -0.134924 0.399161 -0.916847 -0.00740072
-28.1868 92.338 -1.1146 0.380237 -0.924819 -0.0107397
-27.0899 92.7868 -2.21901 0.361622 -0.932252 -0.00785446
-26.0405 93.1963 -3.17436 0.35276 -0.935613 -0.0137367
-24.9673 93.5963 -4.17455 0.323468 -0.946174 -0.0110838
-23.9474 93.9375 -5.215 0.304116 -0.952633 -0.00173632
-22.9621 94.2592 -6.52226 0.28718 -0.957753 -0.0136977
-22.6835 94.3501 -6.8597 0.281386 -0.959392 -0.0197025
-23.5311 94.0958 -7.22927 0.304467 -0.95232 -0.0196734
-24.349 93.8129 -6.11854 0.309201 -0.950915 -0.011472
-25.4408 93.4386 -5.01191 0.345329 -0.938392 0.00468058
-26.4313 93.0571 -4.05279 0.359964 -0.932936 -0.00604174
-27.5889 92.5957 -2.95732 0.369703 -0.92913 -0.00615702
-28.688 92.134 -1.86274 0.392037 -0.919857 -0.0130508
-29.7907 91.6477 -0.766436 0.408089 -0.912911 -0.00646316
-30.7795 91.1893 0.155892 0.41878 -0.908066 -0.0056737
-32.0105 90.6028 1.40546 0.427877 -0.903803 -0.00780161
-33.0214 90.1029 2.41744 0.440368 -0.897747 -0.0103505
-33.9243 89.6461 3.41283 0.447244 -0.894397 -0.00519335
-34.7752 89.2089 4.44749 0.457667 -0.889107 -0.00549907
-35.7579 88.6937 5.6515 0.465952 -0.884809 -0.00145783
-36.7851 88.1489 6.75531 0.469108 -0.883122 -0.00565683
-37.8543 87.5722 7.5416 0.473415 -0.880828 -0.00433751
-38.3655 87.2947 7.97869 0.474923 -0.880012 -0.00507939
-38.5328 87.2095 7.00513 0.474343 -0.880333 -0.00338663
-37.4659 87.7878 6.161 0.475325 -0.879799 -0.0043924
-36.4034 88.3577 5.10105 0.464694 -0.885452 -0.0057962
-35.4471 88.866 3.95081 0.459709 -0.888046 -0.00598017
-34.5454 89.3357 2.81653 0.455456 -0.890225 -0.00767686
-33.6476 89.7986 1.82163 0.445963 -0.894998 -0.00978139
-32.6383 90.3086 0.805389 0.437647 -0.899132 -0.0050923
-31.5576 90.8332 -0.280082 0.427382 -0.904049 -0.00625813
-30.3843 91.3861 -1.41295 0.410564 -0.911732 -0.0127755
-29.346 91.8599 -2.439 0.39756 -0.91754 -0.00799458
-28.3485 92.2943 -3.47311 0.393628 -0.919244 -0.00646905
-27.2442 92.7419 -4.5312 0.367797 -0.929886 -0.00598715
-26.2227 93.1422 -5.49846 0.359709 -0.933064 -0.000859301
-25.2125 93.5208 -6.51162 0.332352 -0.943037 -0.0148127
-24.3236 93.8451 -7.65862 0.321427 -0.946725 -0.0197014
-25.3401 93.4943 -7.80713 0.33812 -0.941005 -0.0129178
-26.4306 93.0744 -6.56023 0.350286 -0.936605 -0.00837853
-27.4499 92.6673 -5.55036 0.36612 -0.930539 -0.00608875
-28.4254 92.2712 -4.62522 0.384509 -0.92302 -0.005156
-29.5154 91.7918 -3.55143 0.401135 -0.916008 -0.00420811
-30.5992 91.3036 -2.44337 0.418043 -0.908397 -0.00695543
-31.6227 90.8101 -1.42587 0.429162 -0.903216 -0.00458098
-32.6342 90.3176 -0.441688 0.437153 -0.899376 -0.0037279
-33.6358 89.8171 0.596551 0.447023 -0.894477 -0.00903937
-34.713 89.2613 1.73059 0.453289 -0.891282 -0.0120943
-35.6527 88.7672 2.83256 0.458512 -0.888667 -0.00611642
-36.5691 88.2777 3.97572 0.464984 -0.885308 -0.0044988
-37.4401 87.8101 4.96945 0.471639 -0.881779 -0.00445314
-38.4283 87.2692 5.79897 0.47558 -0.87965 -0.0057032
-38.7655 87.0855 6.06814 0.480422 -0.877033 -0.00238028
-38.8271 87.0576 5.02547 0.480946 -0.876729 -0.00612003
-37.8345 87.6036 4.13871 0.470637 -0.88232 -0.00352454
-36.8783 88.1197 3.01909 0.469613 -0.882834 -0.00797338
-36.0416 88.5728 1.98248 0.462878 -0.886372 -0.00850202
-35.1578 89.0427 0.947756 0.460324 -0.887735 -0.00533435
-34.2447 89.518 -0.0119762 0.453924 -0.891012 -0.00717376
-33.2424 90.0229 -1.04384 0.441563 -0.897178 -0.00950907
-32.2317 90.5239 -2.0616 0.433923 -0.900904 -0.00909042
-31.1784 91.0409 -3.1034 0.423135 -0.906014 -0.00712794
-30.0437 91.5655 -4.25651 0.408337 -0.912759 -0.00942293
-29.029 92.0203 -5.26296 0.396094 -0.918128 -0.0122667
-28.0458 92.4364 -6.21197 0.369784 -0.929067 -0.00972174
-27.0207 92.855 -7.22544 0.36748 -0.929948 -0.0123449
-26.1754 93.1909 -8.17369 0.347323 -0.937636 -0.0143237
-26.9606 92.8991 -8.62746 0.362051 -0.931916 -0.0209055
-27.9263 92.4975 -7.55196 0.383267 -0.923602 -0.00787422
-29.153 91.9779 -6.37197 0.400597 -0.916226 -0.00714006
-30.221 91.4972 -5.33969 0.411017 -0.91161 -0.00462854
-31.3844 90.9531 -4.15326 0.427627 -0.903871 -0.00933903
-32.3391 90.4832 -3.19846 0.442424 -0.896771 -0.00784815
-33.4316 89.9379 -2.0677 0.451318 -0.892351 -0.00469843
-34.3772 89.4544 -1.08413 0.45304 -0.891481 -0.00408066
-35.383 88.9327 -0.0710375 0.46121 -0.887268 -0.00627502
-36.3327 88.4267 0.985607 0.470084 -0.882595 -0.00689943
-37.2233 87.9457 2.10882 0.468831 -0.883253 -0.00779079
-38.0893 87.4703 3.17093 0.477658 -0.878516 -0.00724071
-39.093 86.9172 4.14552 0.481297 -0.876543 -0.00506
-39.0718 86.9358 2.92772 0.483551 -0.875304 -0.00442656
-38.1401 87.453 1.88723 0.477915 -0.878376 -0.00711737
-37.125 88.0067 0.636802 0.473992 -0.880518 -0.00437383
-36.044 88.5905 -0.629814 0.463974 -0.885841 -0.00374897
-34.9421 89.1679 -1.77742 0.456992 -0.88947 -0.00135806
-33.868 89.7211 -2.87787 0.452016 -0.891998 -0.0045935
-32.8881 90.2187 -3.8835 0.445975 -0.894991 -0.00982436
-31.8799 90.7229 -4.92772 0.434947 -0.900425 -0.00744621
-30.8775 91.1969 -5.89861 0.41869 -0.908128 -0.00148746
-29.6961 91.7428 -7.08934 0.411961 -0.91117 -0.00737827
-28.6731 92.1906 -8.06872 0.392446 -0.919727 -0.00900158
-28.0868 92.4448 -8.71467 0.386099 -0.922309 -0.0161875
-28.9117 92.1003 -9.13502 0.396551 -0.917927 -0.0112141
-29.9111 91.6536 -8.09082 0.402866 -0.915236 -0.00532452
-30.9125 91.1857 -7.1132 0.423103 -0.906038 -0.00889529
-31.9142 90.7083 -6.12262 0.431189 -0.902255 -0.00276799
-32.9404 90.1996 -5.07282 0.448462 -0.893791 -0.00451724
-34.0231 89.6502 -3.94106 0.450182 -0.89292 -0.00521277
-34.9505 89.1721 -3.00957 0.456469 -0.889721 -0.00553597
-35.8933 88.6761 -2.03682 0.466118 -0.884702 -0.00585427
-36.8507 88.1634 -1.01907 0.475651 -0.879615 -0.00579309
-37.7221 87.6861 0.00910241 0.477326 -0.878716 -0.00417205
-38.6338 87.1855 1.15167 0.482446 -0.87592 -0.00255021
-38.975 86.9956 1.59442 0.484036 -0.875043 -0.00295408
-38.9271 87.0255 0.164083 0.483197 -0.875509 -0.00118184
-38.0795 87.493 -0.880189 0.481963 -0.876181 -0.00439026
-37.1565 88.0034 -1.9315 0.478315 -0.878178 -0.00383228
-36.0572 88.5959 -3.09438 0.464831 -0.885386 -0.00426579
-35.1294 89.0866 -4.05241 0.45878 -0.888535 -0.00509681
-34.1662 89.5829 -5.04524 0.451296 -0.892366 -0.00337629
-33.1204 90.1172 -6.14313 0.446594 -0.89471 -0.00696102
-32.1118 90.6175 -7.13237 0.434975 -0.900426 -0.00549048
-30.9772 91.1684 -8.27548 0.422417 -0.906365 -0.0079303
-29.9213 91.6576 -9.33059 0.407996 -0.912956 -0.00678408
-29.8516 91.6891 -9.40887 0.404961 -0.914319 -0.00462988
-31.0462 91.1462 -9.44461 0.420344 -0.907333 -0.00718094
-32.104 90.638 -8.41078 0.42916 -0.903161 -0.0106688
-33.1588 90.1068 -7.31432 0.442536 -0.896714 -0.00701457
-34.396 89.4744 -6.05604 0.452015 -0.891963 -0.00921502
-35.3632 88.9705 -5.07431 0.46273 -0.886497 -0.00205433
-36.4336 88.3994 -3.93945 0.471317 -0.881959 -0.00269809
-37.4448 87.8522 -2.86984 0.476934 -0.878918 -0.00541159
-38.4878 87.2733 -1.71261 0.482581 -0.875838 -0.00476387
-38.9141 87.0356 -1.22574 0.482597 -0.875831 -0.00455632
-38.692 87.1678 -2.74668 0.483149 -0.875513 -0.00657452
-37.7381 87.6965 -3.79637 0.478726 -0.877957 -0.00321018
-36.6697 88.2785 -4.96286 0.471867 -0.881652 -0.00561093
-35.5682 88.8703 -6.05557 0.463538 -0.886015 -0.0105243
-34.5279 89.4185 -7.17184 0.455275 -0.890316 -0.00735909
-33.4191 89.9894 -8.31547 0.447327 -0.894278 -0.0128395
-32.1874 90.6073 -9.54086 0.432993 -0.901341 -0.00988905
-33.4411 89.9934 -9.54734 0.449062 -0.893442 -0.0102879
-34.5213 89.4334 -8.43258 0.458626 -0.888583 -0.00906067
-35.5163 88.9102 -7.39856 0.461135 -0.887305 -0.006478
-36.6059 88.3242 -6.25233 0.471791 -0.881655 -0.00989992
-37.6749 87.7387 -5.18904 0.476589 -0.879087 -0.0083307
-38.2943 87.396 -4.49214 0.479436 -0.877552 -0.00618332
-37.2548 87.9812 -6.81223 0.47382 -0.88058 -0.00854039
-36.2847 88.5084 -7.84029 0.468653 -0.883341 -0.00841921
-35.2393 89.0676 -8.92934 0.458923 -0.888432 -0.00881477
-15.8933 95.7542 -7.0074 0.111019 -0.993775 -0.00508853
-14.724 95.8721 -7.07423 0.0898312 -0.995872 -0.0129795
-13.5667 95.9529 -7.12944 0.0457701 -0.998908 -0.00928282
-12.4485 95.9857 -7.15922 0.0180911 -0.999731 -0.00880538
-11.233 95.9837 -7.22413 -0.0110132 -0.999844 -0.0124923
-10.0357 95.9281 -7.25504 -0.0598221 -0.998208 0.00141867
-8.92318 95.8419 -7.28496 -0.0917149 -0.995631 -0.0173779
-7.86548 95.7355 -7.26499 -0.117705 -0.992945 -0.01434
-6.70983 95.5763 -7.26531 -0.163606 -0.986496 -0.00765859
-5.72638 95.4096 -7.32157 -0.177783 -0.984059 -0.00441898
-4.68854 95.2135 -7.37673 -0.211627 -0.977268 -0.011933
-3.38902 94.9144 -7.49552 -0.245241 -0.969337 -0.015344
-2.35126 94.6382 -7.66081 -0.27721 -0.960577 -0.0169068
-1.34225 94.3332 -7.80581 -0.307152 -0.951614 -0.00930375
-0.40464 94.0275 -7.94892 -0.323496 -0.946155 -0.0118315
0.62316 93.6742 -8.0057 -0.328082 -0.944616 -0.0079397
1.62894 93.3017 -8.01096 -0.353136 -0.935455 -0.0146773
2.82028 92.8415 -7.77136 -0.362273 -0.93207 -0.00139272
3.70365 92.4815 -7.43923 -0.38117 -0.924489 -0.00404348
4.58064 92.1076 -6.77055 -0.392727 -0.919645 -0.00412415
5.19016 91.843 -5.82317 -0.401114 -0.916028 0.000854676
5.6796 91.6287 -4.96038 -0.404063 -0.914729 0.00131607
6.12757 91.4311 -4.04793 -0.408052 -0.912948 0.00390232
6.5229 91.2542 -3.12469 -0.415103 -0.909759 0.00538938
6.72552 91.1675 -2.00644 -0.417503 -0.908653 0.00528194
6.84599 91.1215 -0.910167 -0.419098 -0.907901 0.00814461
6.90848 91.0975 0.110323 -0.42144 -0.906849 0.00367597
6.87816 91.1166 1.4114 -0.421457 -0.906842 0.00344216
6.72408 91.1907 2.39385 -0.418476 -0.908224 0.00241487
6.4973 91.2992 3.57083 -0.414809 -0.909904 0.00256361
6.13841 91.4659 4.67736 -0.411436 -0.911433 0.00306928
5.73096 91.6492 5.81206 -0.402959 -0.915216 -0.00197905
5.20669 91.8826 6.84706 -0.398386 -0.917201 0.00475854
4.46658 92.1976 7.89534 -0.386041 -0.922474 0.00377417
3.6578 92.5335 8.68033 -0.375922 -0.926632 0.00596427
2.75393 92.8951 9.1916 -0.358279 -0.933574 0.00868851
1.52193 93.3624 9.54763 -0.348562 -0.937256 0.00730382
0.508138 93.725 9.73408 -0.332898 -0.942949 0.00512188
-0.698521 94.121 9.96397 -0.295602 -0.955264 0.00612079
-1.94415 94.4813 10.1323 -0.255743 -0.966736 -0.00348395
-2.97543 94.7486 10.2284 -0.23936 -0.970906 -0.0046783
-4.30184 95.0608 10.4334 -0.201519 -0.979471 0.00408219
-5.36376 95.2749 10.6496 -0.186193 -0.982491 0.001982
-6.55271 95.4813 10.8427 -0.148672 -0.988883 0.00148275
-7.52696 95.6165 10.9762 -0.130483 -0.991365 0.00993003
-8.54448 95.737 11.1396 -0.100713 -0.994873 0.00799339
-9.79283 95.8398 11.3419 -0.0708464 -0.997464 0.00677829
-10.9823 95.887 11.509 -0.0307247 -0.999473 0.00902729
-12.0301 95.9006 11.6481 -0.00196765 -0.999984 0.00332209
-13.116 95.8905 11.757 0.0323934 -0.999471 0.00239756
-14.1109 95.8465 11.8925 0.0649606 -0.997662 0.0107069
-15.1624 95.7572 12.0447 0.0963867 -0.995152 0.0169032
-16.4067 95.6129 12.189 0.141054 -0.989692 0.0247173
-17.4421 95.4583 12.3503 0.162482 -0.986478 0.0192569
-18.4324 95.282 12.4605 0.185785 -0.982489 0.0139773
-19.4666 95.0781 12.5836 0.20061 -0.979579 0.0131071
-20.4827 94.8473 12.8417 0.233528 -0.972172 0.018555
-21.6549 94.5458 13.1953 0.261189 -0.965095 0.0192873
-22.5926 94.2844 13.4906 0.280718 -0.959736 0.0101402
-23.8437 93.8949 13.9186 0.310413 -0.950466 0.0160861
-24.8554 93.5501 14.3554 0.339628 -0.94045 0.0140652
-25.9854 93.1348 14.9634 0.359391 -0.933067 0.0145631
-26.8972 92.7818 15.47 0.371887 -0.928214 0.0103386
-27.8875 92.3744 15.8225 0.38517 -0.922821 0.00559841
-28.7888 91.9926 16.1692 0.395765 -0.918292 0.0102206
-29.8971 91.509 16.5418 0.414883 -0.909842 0.00771024
-30.9345 91.0335 16.7539 0.421532 -0.906786 0.00691987
-31.9347 90.5578 16.8769 0.43469 -0.900572 0.00379822
-32.8399 90.1144 16.8549 0.444216 -0.895919 0.000747044
-33.709 89.6789 16.6383 0.451556 -0.892239 0.00260637
-34.7078 89.1726 16.2265 0.455575 -0.890187 -0.00288878
-35.5369 88.7458 15.68 0.459877 -0.887982 -0.0010063
-36.4364 88.279 14.8464 0.464597 -0.885514 -0.00370444
-37.0048 87.9812 14.0837 0.468493 -0.883451 -0.00528002
-37.605 87.6652 13.1154 0.473032 -0.881041 -0.00276708
-38.0496 87.4294 12.1776 0.476093 -0.879385 -0.00407567
-38.4467 87.2228 10.9966 0.476719 -0.879022 -0.00759218
-38.705 87.0942 9.7392 0.477939 -0.878348 -0.00889773
-38.9035 86.9972 8.45372 0.481943 -0.876161 -0.00851297
-39.087 86.9054 7.31074 0.482488 -0.875885 -0.00552449
-39.2625 86.8127 6.21834 0.481561 -0.876413 -0.000374054
-39.444 86.7192 4.96418 0.482053 -0.87612 -0.00624442
-39.554 86.664 3.84075 0.48515 -0.874425 -0.00307447
-39.5731 86.6591 2.73627 0.485145 -0.874418 -0.00524844
-39.5416 86.6817 1.56048 0.48727 -0.873246 -0.00303243
-39.4936 86.7109 0.507043 0.484561 -0.874756 -0.00159651
-39.3935 86.7687 -0.577325 0.486352 -0.87376 -0.00128993
-39.311 86.8187 -1.70067 0.483444 -0.875368 -0.00353878
-39.1658 86.9065 -2.85952 0.484289 -0.874879 -0.00717386
-38.9053 87.0584 -4.02909 0.482726 -0.875755 -0.00472796
-38.5791 87.2444 -5.01988 0.480316 -0.877058 -0.00806812
-38.1597 87.4822 -6.03041 0.478825 -0.877858 -0.00955676
-37.7054 87.7394 -7.0079 0.47715 -0.878787 -0.0077683
-37.1258 88.0605 -7.90883 0.475645 -0.879603 -0.00772442
-36.4671 88.4196 -8.58772 0.468626 -0.883349 -0.00919943
-35.6683 88.847 -9.22437 0.466718 -0.884358 -0.0090332
-34.8107 89.2971 -9.7018 0.458346 -0.88871 -0.0106968
-33.9177 89.7595 -10.0354 0.450797 -0.892562 -0.0105973
-33.0393 90.2015 -10.2051 0.441904 -0.897001 -0.0100633
-32.1393 90.6387 -10.267 0.431198 -0.902202 -0.00982974
-31.0995 91.1286 -10.1902 0.419621 -0.907637 -0.0102472
-30.0221 91.62 -10.1222 0.408708 -0.912581 -0.0123712
-29.0575 92.0458 -9.88069 0.404079 -0.914591 -0.0155754
-28.1214 92.4446 -9.5734 0.392876 -0.91948 -0.0143239
-27.2092 92.8122 -9.24064 0.36932 -0.929205 -0.0133684
-26.2958 93.1581 -8.86532 0.352168 -0.935775 -0.0173956
-25.2044 93.555 -8.49449 0.343559 -0.938997 -0.0154614
-24.295 93.8636 -8.18345 0.317143 -0.948257 -0.0151172
-23.353 94.1659 -7.86923 0.304381 -0.952348 -0.0196138
-22.0866 94.5404 -7.52239 0.279484 -0.959787 -0.0264147
-20.9745 94.8392 -7.25511 0.253849 -0.96685 -0.0263944
-19.9549 95.0802 -7.07586 0.226389 -0.973945 -0.0134115
-18.7474 95.3242 -6.98555 0.182076 -0.983091 -0.0192729
-17.7245 95.5011 -7.00836 0.165036 -0.986216 -0.0118887
-16.5274 95.6775 -6.99394 0.125867 -0.992014 -0.00617615
-16.3485 95.6995 -6.99225 0.120683 -0.992686 -0.00297998
-16.3802 95.7048 -7.97839 0.125576 -0.991852 -0.0213478
-15.0784 95.8519 -8.03716 0.104905 -0.993914 -0.0324601
-14.0495 95.9371 -8.07457 0.0576011 -0.997807 -0.0323246
-12.8856 95.9929 -8.1091 0.0222945 -0.999343 -0.0277665
-11.8709 96.0104 -8.20281 -0.00298416 -0.999696 -0.0236959
-10.8575 95.9935 -8.19781 -0.0544918 -0.997921 -0.033847
-9.76582 95.9297 -8.22072 -0.0754292 -0.997024 -0.0153771
-8.65804 95.8358 -8.25591 -0.0975928 -0.995042 -0.0171962
-7.36513 95.6934 -8.21861 -0.123991 -0.991554 -0.0339372
-6.05682 95.4859 -8.27737 -0.166855 -0.985722 -0.0225451
-5.00812 95.298 -8.3407 -0.185949 -0.982067 -0.0290919
-3.99907 95.0797 -8.39405 -0.219632 -0.9754 -0.0178076
-2.71347 94.7603 -8.56966 -0.26278 -0.964377 -0.0265326
-1.69502 94.4581 -8.7184 -0.290187 -0.956845 -0.0154434
-0.620007 94.1146 -8.89166 -0.31676 -0.948314 -0.0190341
0.399442 93.7639 -8.98523 -0.334642 -0.942091 -0.0218878
1.4024 93.3993 -9.00712 -0.356128 -0.934287 -0.0155355
2.39677 93.0162 -8.92666 -0.364603 -0.931061 -0.0137358
3.54711 92.5521 -8.61743 -0.382685 -0.923797 -0.0122828
4.41436 92.1854 -8.19909 -0.393851 -0.919122 -0.00923499
5.23035 91.8304 -7.52593 -0.40025 -0.916384 -0.00491902
5.7857 91.5817 -6.67426 -0.403159 -0.915125 -0.00291459
6.34491 91.3321 -5.74545 -0.407248 -0.913317 -0.000925845
6.81871 91.1173 -4.79811 -0.416561 -0.909104 -0.00209948
7.30187 90.897 -3.663 -0.420352 -0.907356 0.000883981
7.58434 90.7692 -2.35683 -0.42401 -0.905644 0.00458892
7.73755 90.7066 -0.998941 -0.421865 -0.906636 0.00637327
7.80041 90.681 -0.00243084 -0.425979 -0.904723 0.00417894
7.78161 90.6945 0.988829 -0.424046 -0.905633 0.00374419
7.68965 90.7427 2.12713 -0.421696 -0.906725 0.00462959
7.48551 90.8435 3.25496 -0.420295 -0.907376 0.00463587
7.27658 90.9463 4.23125 -0.415772 -0.909455 0.00499482
6.91864 91.1146 5.22152 -0.413441 -0.910528 0.00248103
6.57578 91.2734 6.15479 -0.41162 -0.911335 0.00580407
6.12877 91.4807 7.05723 -0.40366 -0.914865 0.00863453
5.54154 91.7445 8.04123 -0.401029 -0.916052 0.00493435
4.9361 92.0072 8.85948 -0.384542 -0.923068 0.00851547
4.18408 92.3262 9.5034 -0.379523 -0.925119 0.0107746
3.2059 92.727 10.0779 -0.366796 -0.930278 0.00647827
2.19626 93.1192 10.3937 -0.348215 -0.937373 0.00888714
1.00061 93.5563 10.6405 -0.332009 -0.943254 0.00640976
-0.0189589 93.9081 10.865 -0.313465 -0.949577 0.00654129
-0.985373 94.2117 11.0305 -0.284136 -0.958772 0.00482634
-2.30914 94.5817 11.1524 -0.263071 -0.964722 0.00926937
-3.29721 94.8382 11.2784 -0.233544 -0.972217 0.0157684
-4.38786 95.092 11.43 -0.195088 -0.980578 0.0197566
-5.43727 95.2996 11.6376 -0.176121 -0.984021 0.0246373
-6.54867 95.4913 11.8377 -0.154453 -0.987646 0.0250883
-7.57506 95.6366 11.9614 -0.13339 -0.99087 0.0187263
-8.74079 95.7664 12.1856 -0.0941247 -0.99553 0.00660249
-9.90561 95.8523 12.3496 -0.0428738 -0.999066 0.00544278
-11.1796 95.8988 12.5597 -0.0158041 -0.999571 0.0230722
-12.3563 95.9088 12.686 0.0108551 -0.999659 0.0223834
-13.3582 95.8923 12.7893 0.0366789 -0.998773 0.0304489
-14.466 95.835 12.9479 0.0895075 -0.995851 0.0156669
-15.4834 95.738 13.059 0.103896 -0.994506 0.0126185
-16.6505 95.5981 13.2124 0.1284 -0.991668 0.0102522
-17.7427 95.4279 13.3847 0.171846 -0.984961 0.0174681
-19.1442 95.1629 13.5266 0.202333 -0.978958 0.0263863
-20.0931 94.9581 13.7654 0.233815 -0.972104 0.0185438
-21.0473 94.7264 13.9912 0.251172 -0.967428 0.0290108
-22.1485 94.4349 14.3839 0.279951 -0.959805 0.0183302
-23.1245 94.1452 14.6958 0.308589 -0.950848 0.0252896
-24.2463 93.783 15.1236 0.328819 -0.944224 0.0169665
-25.1094 93.4798 15.5698 0.351132 -0.936006 0.0237069
-26.0202 93.1409 16.0981 0.369472 -0.929119 0.0150552
-26.9616 92.7692 16.5418 0.372559 -0.927935 0.0116791
-27.9869 92.3449 16.9082 0.388593 -0.921328 0.012253
-29.083 91.8813 17.3488 0.397737 -0.917415 0.0123888
-30.2572 91.3551 17.6266 0.41541 -0.90957 0.0107105
-31.3844 90.8284 17.8071 0.430133 -0.902756 0.00407632
-32.3491 90.3615 17.8751 0.438416 -0.898766 0.00342579
-33.428 89.8252 17.7489 0.445747 -0.895139 0.00605634
-34.6477 89.206 17.3258 0.455224 -0.89036 0.00380561
-35.4784 88.7748 16.9091 0.458179 -0.888858 0.00111112
-36.3509 88.3198 16.2236 0.467997 -0.883725 -0.0030933
-37.0774 87.9356 15.54 0.469955 -0.882686 -0.00267453
-37.6953 87.6098 14.7224 0.474337 -0.880337 -0.00326501
-38.3177 87.2782 13.7005 0.476923 -0.878936 -0.00378963
-38.8649 86.9845 12.5417 0.477861 -0.87843 -0.00312576
-39.18 86.8189 11.6144 0.477185 -0.87878 -0.00634828
-39.4142 86.6989 10.6358 0.478757 -0.877922 -0.00669196
-39.5976 86.6058 9.65145 0.483552 -0.875292 -0.00648386
-39.798 86.5038 8.38027 0.484009 -0.875046 -0.00553614
-39.9736 86.4137 7.37808 0.486044 -0.873914 -0.00590023
-40.1568 86.3177 6.19246 0.486616 -0.873609 -0.00337306
-40.3227 86.2325 4.96201 0.485623 -0.874155 -0.00478627
-40.4145 86.1862 3.89184 0.485626 -0.87416 -0.00338613
-40.4211 86.187 2.84677 0.487544 -0.87309 -0.00375386
-40.3863 86.2093 1.67459 0.488031 -0.872826 -0.000966673
-40.335 86.2406 0.457724 0.489413 -0.87205 -0.00211255
-40.2583 86.2858 -0.615035 0.488332 -0.872655 -0.00228855
-40.1793 86.3344 -1.64711 0.488321 -0.87265 -0.00494868
-40.0291 86.4258 -2.87996 0.487883 -0.872892 -0.00545957
-39.8619 86.5253 -3.85583 0.486612 -0.873591 -0.00688336
-39.5251 86.7223 -5.00465 0.48609 -0.873884 -0.0064988
-39.1436 86.9421 -6.0077 0.4852 -0.87437 -0.00762393
-38.693 87.2004 -7.11155 0.481973 -0.876152 -0.00766669
-38.2034 87.4761 -7.96257 0.477375 -0.87866 -0.00824665
-37.6381 87.7912 -8.74647 0.476269 -0.879256 -0.00871436
-36.716 88.2972 -9.64117 0.472214 -0.881452 -0.00737522
-35.9609 88.7045 -10.2065 0.467056 -0.884154 -0.011401
-35.0555 89.1824 -10.6697 0.460297 -0.887693 -0.0113012
-34.1445 89.6549 -10.9894 0.452187 -0.891872 -0.00961375
-33.2107 90.1272 -11.2124 0.443999 -0.895952 -0.0115852
-32.2596 90.593 -11.2466 0.431643 -0.90197 -0.011637
-31.1496 91.1199 -11.2154 0.421226 -0.906804 -0.0162638
-30.2356 91.541 -11.1464 0.414421 -0.909939 -0.0153981
-29.3371 91.9402 -10.9764 0.406459 -0.913531 -0.0157913
-28.2421 92.4092 -10.6497 0.394853 -0.918647 -0.0133342
-27.1275 92.8642 -10.2688 0.370701 -0.928628 -0.0150873
-26.2161 93.2101 -9.88271 0.351933 -0.935768 -0.0218941
-25.1828 93.585 -9.51767 0.339419 -0.940411 -0.0194889
-24.2166 93.9111 -9.18442 0.317765 -0.947867 -0.0238581
-23.098 94.2657 -8.80443 0.300997 -0.953329 -0.0233075
-22.0305 94.5843 -8.52624 0.282503 -0.959 -0.0226165
-20.9482 94.8744 -8.21945 0.256374 -0.966185 -0.027542
-19.5889 95.1824 -8.0536 0.208186 -0.97762 -0.0284924
-18.6055 95.3694 -7.97539 0.183957 -0.982417 -0.0316753
-17.4088 95.5697 -7.98205 0.161611 -0.986514 -0.0253545
-16.6124 95.6757 -7.98249 0.126695 -0.991744 -0.0196977
-16.4663 95.7224 -8.96808 0.12923 -0.991014 -0.0339518
-15.3036 95.8682 -8.984 0.105649 -0.993111 -0.0506557
-14.0104 95.9752 -9.04312 0.0732482 -0.996559 -0.0387751
-12.9272 96.0269 -9.0702 0.0213336 -0.998198 -0.0519145
-11.8044 96.0396 -9.17077 0.00704454 -0.99955 -0.0290619
-10.8081 96.0208 -9.17509 -0.0596045 -0.997739 -0.0310655
-9.74316 95.9524 -9.1935 -0.0713746 -0.997013 -0.0295115
-8.4693 95.8474 -9.24899 -0.0958081 -0.994725 -0.0357563
-7.21763 95.6984 -9.20712 -0.152847 -0.987747 -0.0312595
-6.18862 95.5394 -9.26005 -0.155455 -0.987108 -0.0378826
-5.09644 95.3461 -9.31941 -0.193742 -0.97982 -0.0474125
-3.79861 95.0725 -9.35987 -0.218258 -0.975042 -0.0394718
-2.83815 94.8349 -9.51861 -0.265038 -0.963403 -0.0381478
-1.68361 94.4851 -9.66516 -0.294738 -0.954526 -0.0447999
-0.491459 94.1061 -9.8723 -0.323554 -0.945067 -0.0459736
0.759914 93.665 -10.012 -0.338442 -0.940629 -0.0259712
1.80155 93.2744 -10.0093 -0.363108 -0.931303 -0.0286499
2.84696 92.8561 -9.86634 -0.367286 -0.929646 -0.0288255
3.79783 92.4612 -9.61673 -0.38626 -0.922277 -0.0141588
4.75345 92.0564 -9.1554 -0.3892 -0.921022 -0.0155021
5.64425 91.6527 -8.49148 -0.40875 -0.912574 -0.0108707
6.29456 91.3606 -7.66343 -0.404058 -0.914726 -0.0036879
6.83668 91.1169 -6.82724 -0.407693 -0.913083 -0.00671715
7.41354 90.8472 -5.79297 -0.41717 -0.908785 -0.0080035
7.89867 90.6179 -4.6282 -0.424319 -0.90551 -0.00167903
8.28653 90.4339 -3.49966 -0.426346 -0.90456 -0.000575718
8.49516 90.3404 -2.3543 -0.4276 -0.903952 0.00534497
8.63677 90.2792 -1.35342 -0.430197 -0.902718 0.00477142
8.70346 90.2524 -0.306655 -0.432432 -0.901654 0.00465823
8.6716 90.273 0.880369 -0.430029 -0.902808 0.00346387
8.58785 90.3189 1.95754 -0.429363 -0.903109 0.00640985
8.4005 90.4159 3.13583 -0.427696 -0.903905 0.00568563
8.19924 90.518 4.24347 -0.424143 -0.905575 0.00594918
7.88232 90.6715 5.21165 -0.421949 -0.906615 0.00286541
7.57634 90.8195 6.14916 -0.41827 -0.908302 0.00608661
7.18892 91.0051 7.08112 -0.416772 -0.908942 0.00938003
6.64538 91.2622 8.04629 -0.405848 -0.91387 0.0107722
6.04883 91.5346 8.99607 -0.397326 -0.917557 0.0146708
5.42285 91.8166 9.7613 -0.387239 -0.921829 0.0165999
4.51883 92.2053 10.4698 -0.373504 -0.927309 0.0243635
3.59366 92.5854 10.9723 -0.362501 -0.931809 0.0180417
2.59385 92.98 11.3245 -0.361597 -0.93192 0.0265202
1.51505 93.3857 11.5389 -0.328925 -0.944088 0.0219418
0.453563 93.7602 11.822 -0.33123 -0.943479 0.0116118
-0.72388 94.1484 12.0084 -0.277465 -0.96065 0.0128391
-1.67691 94.4259 12.1083 -0.281159 -0.959261 0.027153
-2.62953 94.6969 12.1777 -0.257268 -0.964856 0.051215
-3.6939 94.9597 12.3205 -0.226609 -0.973017 0.0434223
-4.69764 95.1879 12.4943 -0.189302 -0.980269 0.0560383
-5.73881 95.3828 12.6911 -0.168271 -0.984976 0.0387969
-6.96489 95.5835 12.8645 -0.132719 -0.989958 0.0485758
-7.95833 95.7111 13.034 -0.108304 -0.993618 0.0312479
-8.96558 95.8185 13.2225 -0.0885718 -0.995047 0.0450419
-10.2614 95.8949 13.4078 -0.0445474 -0.998466 0.0326379
-11.4186 95.9424 13.5834 -0.0229238 -0.998812 0.0418977
-12.6487 95.9381 13.7311 0.0191407 -0.99928 0.0323226
-13.6826 95.9165 13.8768 0.0408923 -0.998375 0.037389
-14.8281 95.8263 14.0117 0.100542 -0.994339 0.0343307
-15.9608 95.7135 14.115 0.107834 -0.992907 0.0491007
-17.0207 95.5717 14.2831 0.159388 -0.985904 0.0503684
-18.2317 95.3753 14.4549 0.168157 -0.984747 0.0446714
-19.4951 95.1262 14.6509 0.22497 -0.973341 0.0440377
-20.5467 94.8871 14.8848 0.231077 -0.972187 0.0381446
-21.7223 94.5839 15.2364 0.27632 -0.960507 0.0327533
-22.7293 94.2985 15.5899 0.287466 -0.957057 0.0373438
-23.6211 94.0198 15.9333 0.326413 -0.944803 0.0283024
-24.5266 93.7185 16.4023 0.336518 -0.941067 0.0338973
-25.4883 93.3723 16.8762 0.371319 -0.928179 0.0239029
-26.4568 92.9949 17.3545 0.372171 -0.927486 0.0354729
-27.4099 92.6116 17.7228 0.39598 -0.917789 0.0293896
-28.296 92.239 18.0825 0.395507 -0.918178 0.0228192
-29.4535 91.7392 18.4887 0.4128 -0.910639 0.0182259
-30.4428 91.2828 18.6776 0.426357 -0.904461 0.0130327
-31.4057 90.8286 18.8345 0.430136 -0.90268 0.0122893
-32.3424 90.3739 18.876 0.442627 -0.896629 0.0113976
-33.4353 89.8296 18.7623 0.447554 -0.894212 0.00854235
-34.4011 89.338 18.4644 0.453696 -0.89113 0.00675301
-35.4489 88.7973 18.039 0.457004 -0.889429 0.0079037
-36.3889 88.2964 17.4313 0.468451 -0.883473 0.00284755
-37.1176 87.9114 16.795 0.47074 -0.882271 -0.0012751
-37.8319 87.5319 16.0765 0.470656 -0.882313 -0.00264879
-38.5092 87.1697 15.1957 0.473184 -0.880961 -0.000377412
-39.0214 86.8947 14.2969 0.475894 -0.879502 -0.00107665
-39.4629 86.6554 13.4284 0.478711 -0.877972 0.00118567
-39.8579 86.4424 12.4625 0.480785 -0.876825 -0.00481098
-40.1224 86.3045 11.408 0.48086 -0.876773 -0.00653773
-40.3602 86.1815 10.2539 0.482379 -0.875947 -0.00525004
-40.5834 86.0647 9.06302 0.48491 -0.874553 -0.00438441
-40.8101 85.9449 7.83923 0.487269 -0.873243 -0.00384846
-40.95 85.871 6.85894 0.490177 -0.871612 -0.00442138
-41.0671 85.8116 5.87161 0.488964 -0.87228 -0.00634489
-41.2333 85.7268 4.62237 0.48777 -0.872957 -0.00510056
-41.2729 85.7085 3.45978 0.488288 -0.872682 -0.00102691
-41.2559 85.7207 2.27072 0.490551 -0.871407 -0.002876
-41.2067 85.7498 1.09129 0.489465 -0.872022 0.000698848
-41.1833 85.7625 0.0961559 0.491949 -0.870624 -0.000536994
-41.0934 85.8167 -0.992416 0.493361 -0.869813 -0.00438318
-40.9712 85.8932 -2.13255 0.491046 -0.871115 -0.00570745
-40.8402 85.9735 -3.31076 0.489832 -0.871805 -0.00449904
-40.6308 86.0987 -4.38414 0.48957 -0.871937 -0.00690812
-40.3139 86.286 -5.48846 0.488839 -0.872339 -0.00778702
-39.9564 86.4945 -6.48682 0.486489 -0.873643 -0.00863228
-39.5017 86.7586 -7.56756 0.484167 -0.874929 -0.00898318
-38.9004 87.101 -8.55684 0.483477 -0.875277 -0.0118518
-38.3336 87.4196 -9.32647 0.477695 -0.878475 -0.0094676
-37.554 87.8539 -10.1496 0.476538 -0.879008 -0.0160146
-36.8248 88.2531 -10.755 0.470763 -0.882157 -0.0134049
-36.0064 88.6954 -11.321 0.467767 -0.88375 -0.0134185
-35.1743 89.1376 -11.6878 0.461331 -0.887065 -0.0169527
-34.1617 89.6607 -12.0365 0.450858 -0.892489 -0.0137169
-33.1095 90.1922 -12.2244 0.442073 -0.896872 -0.0138911
-32.0717 90.6998 -12.2282 0.434217 -0.900638 -0.017473
-30.8795 91.266 -12.2278 0.419518 -0.907492 -0.021458
-29.8385 91.7382 -12.0788 0.40795 -0.912698 -0.0236231
-28.9455 92.1322 -11.8686 0.401532 -0.915405 -0.0274439
-28.0001 92.5296 -11.603 0.388234 -0.921162 -0.0264535
-26.9944 92.9409 -11.2505 0.385286 -0.922665 -0.0155892
-26.0931 93.2842 -10.9112 0.354625 -0.934542 -0.0295274
-25.1785 93.6112 -10.533 0.341765 -0.939323 -0.0293867
-24.2447 93.9305 -10.2185 0.321372 -0.946515 -0.0287895
-23.1395 94.2834 -9.81049 0.310073 -0.949651 -0.0448214
-22.1719 94.5724 -9.55555 0.288905 -0.956973 -0.0269459
-21.1664 94.8579 -9.31907 0.266606 -0.963214 -0.0327456
-19.8643 95.1613 -9.07682 0.209846 -0.976877 -0.0401643
-18.8106 95.3745 -8.96711 0.194854 -0.979987 -0.0399194
-17.6566 95.5683 -8.94738 0.133931 -0.990565 -0.0290187
-16.8699 95.6721 -8.96472 0.124032 -0.991779 -0.0314715
