4.14069 92.9306 -4.0288 -0.382381 -0.923999 0.00317833
3.11037 93.3481 -5.11211 -0.36979 -0.929102 0.00489282
2.77124 93.4864 -5.5037 -0.369077 -0.929377 -0.00252016
1.00251 94.1557 -6.20984 -0.3424 -0.939524 -0.00625272
2.07711 93.7531 -5.00486 -0.358262 -0.933616 0.00302485
2.90037 93.4348 -4.02805 -0.363494 -0.931597 6.04184e-05
3.94862 93.0115 -2.95495 -0.38034 -0.924842 -0.00231247
4.75689 92.6707 -2.03292 -0.392937 -0.919557 0.00393235
4.98177 92.5762 -1.74 -0.39234 -0.919808 0.00478089
5.03779 92.5602 -0.359813 -0.394019 -0.919083 0.005342
4.07738 92.9621 -1.50864 -0.389835 -0.920876 0.00395333
3.21426 93.3127 -2.45357 -0.381099 -0.924531 0.00184525
2.25117 93.6892 -3.44891 -0.363405 -0.931626 0.00299743
1.27277 94.0542 -4.55779 -0.33518 -0.942119 -0.00808192
0.387906 94.3697 -5.54812 -0.321419 -0.946932 -0.00318324
-0.176683 94.5638 -6.16622 -0.31688 -0.948432 -0.00559223
-1.43691 94.9703 -6.152 -0.294125 -0.955729 -0.00509059
-0.551567 94.6852 -5.25412 -0.311431 -0.950266 0.00138787
0.289154 94.397 -4.30082 -0.3265 -0.945187 -0.00417581
1.1526 94.0974 -3.35643 -0.341142 -0.939987 0.00684655
2.17795 93.7228 -2.27549 -0.360221 -0.932851 0.00279647
3.06195 93.38 -1.3386 -0.378281 -0.925668 0.00641796
4.02529 92.9911 -0.205946 -0.384955 -0.922916 0.0056946
4.90498 92.624 0.827994 -0.396446 -0.918003 0.00983158
5.15962 92.5178 1.1185 -0.393335 -0.919336 0.0103018
4.84196 92.6572 2.08857 -0.389442 -0.921049 0.00142202
3.94476 93.0304 1.08278 -0.382296 -0.924019 0.00590011
3.06489 93.3823 -0.0177669 -0.36976 -0.929112 0.0053943
2.11657 93.7499 -1.06668 -0.360422 -0.932786 0.00235723
1.05768 94.1335 -2.1631 -0.335762 -0.941942 -0.00242165
0.0831209 94.4703 -3.22263 -0.320805 -0.947125 0.00617832
-0.773817 94.7555 -4.17772 -0.308317 -0.951267 -0.0055709
-1.68537 95.0459 -5.17033 -0.293773 -0.955871 -0.00137696
-2.71271 95.3469 -6.04791 -0.271431 -0.962344 -0.0116531
-4.00947 95.6658 -5.93029 -0.218343 -0.975823 -0.00910316
-2.73763 95.3495 -4.91591 -0.260638 -0.965338 -0.00325111
-1.70735 95.0533 -3.86823 -0.288061 -0.957549 -0.000340458
-0.811332 94.7634 -2.90477 -0.300434 -0.953798 0.0018397
0.00578729 94.4999 -1.96224 -0.324189 -0.945974 -0.00436897
0.873102 94.2005 -1.0782 -0.325978 -0.945367 0.00448221
1.75107 93.8906 -0.120021 -0.341679 -0.939789 0.00467357
2.58685 93.5766 0.798356 -0.363883 -0.93142 0.00670057
3.42959 93.2446 1.78323 -0.37792 -0.925836 4.73253e-05
4.3968 92.8491 2.99221 -0.386935 -0.92209 0.00493587
4.66412 92.739 3.40391 -0.387024 -0.922042 0.0068647
4.23305 92.9238 4.33019 -0.384079 -0.923288 0.00468053
3.42264 93.2527 3.11763 -0.376241 -0.926521 0.0013479
2.47647 93.6238 2.01055 -0.356411 -0.934302 -0.0017156
1.5042 93.9852 0.947287 -0.342456 -0.939518 0.00404425
0.552303 94.3172 -0.166031 -0.327391 -0.94486 0.00733199
-0.538678 94.6777 -1.24538 -0.306264 -0.951936 -0.00436104
-1.39546 94.9471 -2.16509 -0.292702 -0.956193 0.00361625
-2.4148 95.2544 -3.29302 -0.278302 -0.960445 -0.00792328
-3.44898 95.5263 -4.31863 -0.243594 -0.96985 -0.00727276
-4.45095 95.7606 -5.12431 -0.21482 -0.976639 0.00102294
-5.40382 95.9511 -5.93694 -0.186751 -0.982393 -0.00504091
-5.53605 95.9766 -6.05442 -0.185308 -0.982669 -0.00466984
-6.88992 96.2025 -6.05539 -0.15679 -0.98762 -0.00178411
-5.85463 96.0306 -5.10188 -0.167545 -0.985802 -0.00786498
-4.82428 95.8355 -4.25844 -0.19862 -0.980048 0.00122505
-3.85024 95.6173 -3.459 -0.228664 -0.973505 0.00111479
-2.96746 95.398 -2.52985 -0.253429 -0.967339 -0.00543893
-1.94852 95.1112 -1.46456 -0.281182 -0.959647 -0.00369295
-0.960885 94.8098 -0.388461 -0.297487 -0.954716 -0.00187276
0.127246 94.4694 0.735939 -0.316993 -0.948375 0.000934921
1.17167 94.108 1.94268 -0.336101 -0.941808 0.00175093
2.26176 93.7028 3.08121 -0.349337 -0.936996 0.000610702
3.07926 93.3881 4.10272 -0.367124 -0.930172 -0.000967051
3.80787 93.1002 5.31201 -0.378124 -0.925753 0.00139122
3.34055 93.2917 6.24081 -0.36564 -0.930736 0.00253053
2.71943 93.5293 5.15226 -0.360761 -0.932653 -0.000271185
1.93368 93.8297 4.05623 -0.352534 -0.935782 0.00309159
0.969753 94.177 3.00809 -0.338708 -0.940878 -0.00508247
0.0431584 94.5 2.05657 -0.321151 -0.947019 0.00271184
-0.790246 94.7666 1.08625 -0.297504 -0.954599 0.00687905
-1.78819 95.0572 0.0269445 -0.284409 -0.9587 0.000199369
-2.82386 95.3511 -1.06588 -0.257939 -0.966154 -0.00313454
-3.85106 95.6166 -2.15361 -0.227668 -0.973736 -0.00205593
-4.76493 95.8242 -3.00772 -0.200967 -0.979568 0.00153622
-5.93096 96.0399 -3.9996 -0.157296 -0.987541 -0.00132737
-6.91095 96.1968 -4.85433 -0.14486 -0.989384 -0.00369426
-8.1373 96.3627 -5.97742 -0.108028 -0.99409 -0.00972784
-8.17602 96.367 -6.01248 -0.104251 -0.994497 -0.0101572
-9.45808 96.4901 -5.97299 -0.0634488 -0.997931 -0.0103482
-8.53269 96.3991 -5.09131 -0.106033 -0.994334 0.00206602
-7.48836 96.2734 -4.12891 -0.137948 -0.99041 0.0071079
-6.41474 96.1182 -3.20229 -0.155314 -0.987847 0.00587408
-5.44536 95.9575 -2.38711 -0.170139 -0.985337 -0.0127968
-4.34215 95.7306 -1.34613 -0.227468 -0.973777 0.00394417
-3.37881 95.4974 -0.355818 -0.236137 -0.971615 -0.0129089
-2.27503 95.1985 0.837317 -0.270826 -0.962599 0.00728779
-1.38217 94.9457 1.81676 -0.283075 -0.959093 0.00152235
-0.480202 94.6759 2.81721 -0.286011 -0.958209 -0.00572527
0.394493 94.3765 3.70092 -0.326266 -0.945253 -0.00681192
1.24936 94.0759 4.61756 -0.330927 -0.94365 -0.00327243
2.01168 93.7998 5.71081 -0.351327 -0.936252 0.00145367
2.66485 93.5554 6.83647 -0.360405 -0.932786 0.00418912
2.70475 93.5402 6.90687 -0.360544 -0.932738 0.00267423
1.92747 93.8267 7.28647 -0.343429 -0.939176 0.00130765
1.12515 94.1171 5.9429 -0.333811 -0.94264 -0.000440679
0.345066 94.3884 4.92911 -0.324196 -0.94599 0.00032076
-0.567778 94.6983 3.9949 -0.288257 -0.957552 -0.000330512
-1.50003 94.9772 3.05039 -0.28177 -0.959471 -2.41944e-05
-2.41799 95.244 1.99165 -0.271924 -0.962314 0.00263306
-3.26855 95.4651 1.05773 -0.233064 -0.972456 -0.00206155
-4.22403 95.6811 0.0478082 -0.216172 -0.976165 -0.0101445
-5.14444 95.8899 -0.872282 -0.177263 -0.98404 -0.0133534
-6.21475 96.0832 -1.87312 -0.165692 -0.986115 -0.011006
-7.21489 96.2383 -2.6842 -0.1408 -0.990029 -0.00288111
-8.20643 96.3679 -3.53245 -0.109544 -0.993961 -0.00631762
-9.14939 96.466 -4.40883 -0.0844177 -0.99642 0.00241248
-10.0921 96.5237 -5.32616 -0.0559251 -0.998355 0.0126731
-10.9066 96.5583 -6.14091 -0.0206177 -0.999748 -0.0089353
-12.2154 96.5691 -6.14626 0.00876144 -0.999937 -0.00698706
-11.0546 96.5505 -5.04476 -0.0180757 -0.999801 -0.00754924
-10.129 96.5307 -4.07253 -0.046726 -0.998866 0.00409
-9.04046 96.4476 -3.03763 -0.0735507 -0.997132 -0.0177991
-7.98419 96.3308 -2.1319 -0.114995 -0.993266 -0.0138387
-6.84781 96.1727 -1.20221 -0.152342 -0.988245 -0.0126971
-5.80395 96.0037 -0.24316 -0.179159 -0.983666 0.0055675
-4.81656 95.8079 0.724549 -0.195436 -0.980717 -0.000127101
-3.95939 95.6261 1.65011 -0.215255 -0.976556 -0.00150886
-3.11208 95.4255 2.63038 -0.241531 -0.970392 0.00148348
-2.18568 95.18 3.62455 -0.278909 -0.960294 0.0063539
-1.25516 94.9083 4.56606 -0.29171 -0.956505 0.00146724
-0.362934 94.628 5.45518 -0.304253 -0.952535 -0.00917056
0.384754 94.3717 6.4558 -0.323754 -0.946118 -0.00661291
1.07855 94.1321 7.56651 -0.328602 -0.944412 0.0102984
1.19889 94.092 7.80803 -0.332482 -0.943089 0.00605515
0.398454 94.372 8.19111 -0.321521 -0.946882 0.00621002
-0.265626 94.5853 7.02081 -0.313505 -0.949586 -0.00114205
-1.09759 94.8578 5.9905 -0.290559 -0.956773 -0.00259433
-2.02918 95.1332 5.05448 -0.264034 -0.964438 -0.0106256
-3.03169 95.4033 4.05177 -0.242481 -0.970133 -0.0059556
-3.89754 95.6094 3.10614 -0.209817 -0.977734 -0.00350125
-4.91465 95.8272 1.91602 -0.202373 -0.979307 -0.00150732
-5.82139 96.0066 0.995582 -0.189457 -0.981871 0.00318964
-6.76747 96.1518 0.114075 -0.150236 -0.988589 0.0109809
-7.8544 96.3105 -0.839287 -0.127577 -0.991785 -0.00612762
-9.04556 96.4291 -1.8314 -0.0783451 -0.996907 -0.00507057
-10.0338 96.5114 -2.70171 -0.0651162 -0.997793 -0.0126985
-11.0361 96.5487 -3.70616 -0.00876533 -0.999962 -0.000158417
-11.9369 96.5544 -4.61978 -0.00439592 -0.999947 -0.00637898
-12.9615 96.5567 -5.58065 0.0280152 -0.999536 -0.00388767
-13.3647 96.5435 -5.99364 0.0378079 -0.999243 -0.0089712
-14.5796 96.4828 -5.90419 0.0648307 -0.997893 0.000901479
-13.5952 96.5306 -4.93715 0.0421291 -0.999057 0.0105277
-12.543 96.5557 -3.91873 0.000405047 -0.999999 -0.00138714
-11.5871 96.5481 -2.97587 0.00602344 -0.999932 -0.00150447
-10.675 96.5262 -2.05548 -0.022328 -0.999729 -0.00651558
-9.56255 96.4656 -1.04818 -0.0681197 -0.997647 -0.00519527
-8.51928 96.3857 -0.190518 -0.110196 -0.99388 -0.00775548
-7.5267 96.2632 0.665847 -0.125115 -0.992111 0.00775661
-6.53729 96.1287 1.55593 -0.157619 -0.987488 -0.00160596
-5.522 95.9414 2.61127 -0.189335 -0.9817 -0.0204534
-4.61431 95.759 3.68152 -0.190117 -0.981749 -0.0040589
-3.70442 95.5588 4.69918 -0.218355 -0.975864 0.00256684
-2.77908 95.3257 5.55859 -0.243409 -0.969862 -0.00990451
-1.8751 95.0807 6.48433 -0.273277 -0.9619 0.00727477
-0.983619 94.8173 7.53038 -0.301052 -0.953597 -0.00458058
-0.492655 94.6634 8.37015 -0.301313 -0.953478 0.00445029
-1.37152 94.9331 8.58662 -0.29208 -0.956387 0.00361889
-2.23476 95.1914 7.4106 -0.272336 -0.9622 0.0022665
-3.19849 95.4381 6.39063 -0.245112 -0.96941 0.0124466
-4.34947 95.7047 5.31995 -0.214448 -0.976734 0.00172026
-5.25203 95.8781 4.3249 -0.18113 -0.983394 0.0072925
-6.05946 96.0252 3.34222 -0.168785 -0.985589 -0.00886864
-7.01188 96.195 2.34687 -0.141439 -0.989911 -0.00706704
-8.09102 96.3356 1.38011 -0.110448 -0.993864 -0.000241153
-9.08493 96.4392 0.573986 -0.0874663 -0.996001 -0.00454263
-10.1982 96.5037 -0.37412 -0.049656 -0.998707 0.0102803
-11.2348 96.5374 -1.31537 -0.0179278 -0.999837 -0.0013104
-12.22 96.5402 -2.31572 0.0149995 -0.999886 -0.00147052
-13.2031 96.5266 -3.3251 0.0359588 -0.999267 -0.0128967
-14.2129 96.4937 -4.30688 0.0694343 -0.997351 -0.0213112
-15.2951 96.4152 -5.31372 0.101587 -0.994793 -0.0077674
-16.0171 96.3411 -5.97687 0.107771 -0.994172 -0.00272744
-17.1129 96.1978 -5.71493 0.146192 -0.989255 0.000248138
-16.1062 96.3232 -4.84538 0.114501 -0.993292 -0.0161209
-15.0811 96.4207 -3.89668 0.0872625 -0.996065 -0.0121472
-13.9497 96.5013 -2.78578 0.0565721 -0.998199 0.0131112
-12.9592 96.5288 -1.75502 0.0235654 -0.999712 0.000618151
-12.0375 96.5441 -0.815052 0.00409329 -0.999968 0.00116971
-11.0512 96.5445 0.119072 -0.0260523 -0.999529 0.00884774
-10.0621 96.5074 0.950915 -0.0584718 -0.998236 0.00972687
-9.05078 96.4302 1.76816 -0.0801826 -0.996764 -0.00463741
-8.08089 96.3328 2.5803 -0.104461 -0.994474 -0.000740062
-7.19864 96.2106 3.48172 -0.135576 -0.990712 -0.0103936
-6.32909 96.0661 4.44746 -0.155702 -0.987717 -0.0131081
-5.36112 95.9035 5.56494 -0.166147 -0.986084 -0.00572808
-4.47838 95.729 6.48042 -0.194208 -0.980941 0.00594633
-3.43536 95.5015 7.42079 -0.229484 -0.973228 0.00186518
-2.42141 95.2406 8.6416 -0.259612 -0.965665 -0.0096043
-2.38835 95.2313 8.6852 -0.270248 -0.962686 -0.00851151
-3.14744 95.4284 9.12814 -0.254814 -0.966882 -0.0144717
-4.0403 95.6384 8.10954 -0.21859 -0.975811 0.00321117
-5.04677 95.8409 7.18291 -0.184862 -0.982764 0.000375974
-6.07198 96.0188 6.18891 -0.153757 -0.988105 0.00267167
-7.04713 96.1702 5.04394 -0.143259 -0.989629 -0.00277405
-8.07602 96.3274 3.87113 -0.124003 -0.992171 -0.00838988
-9.12342 96.4397 2.8939 -0.0932712 -0.995481 0.0155439
-10.3022 96.5241 1.94827 -0.0577046 -0.998213 -0.00211916
-11.3657 96.5606 1.0385 -0.0243346 -0.999632 0.0107247
-12.5861 96.5389 -0.0614147 0.027098 -0.999527 0.0141572
-13.5747 96.5066 -1.11668 0.0392671 -0.999214 -0.00372425
-14.4814 96.462 -2.0443 0.0859503 -0.996295 -0.00183849
-15.4399 96.3794 -3.01355 0.114797 -0.993386 -0.00196365
-16.5204 96.263 -3.97709 0.112625 -0.99359 -0.00966807
-17.6235 96.1125 -4.93718 0.151132 -0.988437 -0.0118225
-18.4497 95.9752 -5.79571 0.172404 -0.985011 -0.00550955
-19.9835 95.6734 -6.08764 0.231395 -0.972392 -0.0300711
-18.9968 95.8633 -5.06534 0.199802 -0.979701 -0.0145768
-17.9757 96.042 -4.02931 0.174484 -0.984492 -0.0155825
-16.8845 96.2091 -3.11973 0.153637 -0.988124 -0.00274069
-15.9474 96.3205 -2.23682 0.114563 -0.993416 -0.000245846
-14.906 96.424 -1.17183 0.0916595 -0.995782 -0.00384775
-13.9173 96.4891 -0.16167 0.0533244 -0.998501 -0.0123226
-12.9079 96.5361 0.935413 0.0466021 -0.998911 -0.00174697
-11.7529 96.5696 1.92889 0.00420875 -0.999922 -0.00846324
-10.7687 96.5399 2.75394 -0.0349177 -0.999297 -0.0136461
-9.65508 96.482 3.65284 -0.0557685 -0.998426 -0.00577814
-8.66827 96.3877 4.57825 -0.108872 -0.994021 -0.00827665
-7.77356 96.2691 5.61149 -0.137023 -0.990558 -0.00153526
-6.74941 96.126 6.80688 -0.151702 -0.988421 0.00217029
-5.79889 95.9807 7.7433 -0.168235 -0.985719 0.00510305
-4.76983 95.7894 8.63393 -0.192242 -0.981297 -0.00987618
-4.14348 95.6604 9.3203 -0.225796 -0.974169 -0.00337817
-5.27762 95.8899 9.42506 -0.188163 -0.982121 0.00562231
-6.31942 96.067 8.52545 -0.163012 -0.986611 0.0021472
-7.26824 96.207 7.57476 -0.133519 -0.991037 0.00437595
-8.14232 96.3244 6.5624 -0.123013 -0.992343 0.00786079
-9.01623 96.4144 5.57433 -0.100177 -0.99486 -0.0142883
-9.93616 96.4867 4.64841 -0.0458397 -0.99881 -0.0165293
-10.9272 96.5323 3.82068 -0.0246002 -0.999632 -0.0103868
-12.0471 96.5575 2.8708 0.0119821 -0.999652 -0.0133526
-13.0981 96.5339 1.98896 0.056369 -0.9984 0.000593647
-14.0266 96.4747 1.06927 0.0586422 -0.998274 0.00311605
-15.0226 96.4058 -0.0286994 0.0914169 -0.995782 -0.00777314
-15.951 96.3182 -0.942321 0.111838 -0.993719 -0.00379904
-16.9206 96.2068 -1.9241 0.122669 -0.99244 3.9245e-05
-18.0548 96.0212 -2.93773 0.178046 -0.983903 -0.00187209
-19.0938 95.8263 -3.85691 0.200223 -0.979653 -0.013553
-19.9757 95.6522 -4.81074 0.206832 -0.978347 -0.00763507
-20.9883 95.4212 -5.90442 0.244354 -0.969523 -0.0131319
-21.2353 95.36 -6.19476 0.258872 -0.965775 -0.0157758
-22.9699 94.8823 -6.70171 0.28665 -0.957801 -0.0191926
-22.0267 95.1355 -5.70162 0.268844 -0.963082 -0.0135873
-21.1113 95.3774 -4.73318 0.238515 -0.971114 -0.00687401
-20.0297 95.6285 -3.55954 0.204561 -0.978809 -0.00882441
-19.107 95.8128 -2.66023 0.200714 -0.979646 0.000277269
-18.0227 96.0313 -1.72439 0.193338 -0.981097 0.00798168
-17 96.195 -0.761057 0.144043 -0.989544 0.00602238
-16.0636 96.3089 0.194325 0.10194 -0.994781 0.00430207
-14.9582 96.4097 1.37371 0.0811581 -0.996687 0.00108602
-13.8846 96.4853 2.51642 0.0603963 -0.99816 0.00237232
-12.7353 96.5338 3.48764 0.0319273 -0.999489 -0.000244718
-11.5631 96.5388 4.48869 -0.00800753 -0.99995 0.00458391
-10.4485 96.4992 5.44257 -0.0414066 -0.999134 -0.00376229
-9.45025 96.4479 6.51764 -0.0624671 -0.997932 -0.00239019
-8.54469 96.3653 7.54065 -0.0964605 -0.995197 -0.0166885
-7.55804 96.2536 8.60258 -0.13276 -0.991066 0.0118784
-6.64133 96.1309 9.46607 -0.156932 -0.987592 0.00419146
-6.39019 96.0911 9.62963 -0.152927 -0.988221 0.00319123
-7.82433 96.3004 9.67952 -0.128631 -0.991669 0.000961339
-8.77635 96.3949 8.62101 -0.0944068 -0.995516 -0.000146143
-9.69529 96.4577 7.68741 -0.0394326 -0.999205 -0.00581223
-10.5695 96.4992 6.6817 -0.0432849 -0.999047 -0.00278613
-11.6701 96.5438 5.63813 -0.0205068 -0.999637 -0.0149417
-12.6657 96.5367 4.78654 0.0285745 -0.999582 0.00218865
-13.5982 96.4989 3.9095 0.0431266 -0.99906 -0.00425652
-14.6868 96.4299 3.04409 0.0908162 -0.995821 -0.00941284
-15.6138 96.3523 1.98013 0.106715 -0.994237 -0.0101032
-16.5338 96.251 1.03796 0.123859 -0.992259 -0.00361807
-17.4604 96.1302 0.0614094 0.147359 -0.98908 -0.00229554
-18.6232 95.9177 -1.00819 0.192652 -0.981242 0.00597148
-19.5812 95.7152 -1.89215 0.208317 -0.978058 0.00226366
-20.521 95.5095 -2.74761 0.236579 -0.971601 -0.00301219
-21.4866 95.2768 -3.84167 0.254949 -0.966875 -0.0034328
-22.3976 95.0238 -4.75661 0.270466 -0.962713 -0.00533118
-23.2461 94.7776 -5.72299 0.287316 -0.957772 -0.0100997
-24.151 94.5081 -6.59111 0.320801 -0.946968 -0.0181636
-25.1329 94.1858 -7.43299 0.328675 -0.944251 -0.0188138
-25.2403 94.1499 -7.51937 0.3369 -0.941403 -0.013061
-27.2586 93.4017 -8.31803 0.36182 -0.931989 -0.0219249
-26.3332 93.7423 -7.37053 0.351672 -0.936013 -0.0143664
-25.1374 94.1651 -6.31244 0.328896 -0.944306 -0.010635
-24.0914 94.5056 -5.30975 0.313189 -0.949643 -0.00858557
-23.2155 94.7739 -4.25168 0.299496 -0.954084 -0.00503685
-22.1564 95.0841 -3.26682 0.282328 -0.959315 -0.00133459
-21.2432 95.3316 -2.23899 0.25321 -0.967409 -0.00107488
-20.318 95.5596 -1.33465 0.219184 -0.975584 -0.00449015
-19.3811 95.7644 -0.489479 0.212704 -0.977102 0.00228042
-18.4232 95.9612 0.399673 0.18523 -0.98267 0.00685342
-17.5228 96.114 1.33878 0.159039 -0.987259 0.00023271
-16.4276 96.2586 2.40809 0.110627 -0.99366 -0.0195774
-15.5836 96.3356 3.38402 0.111542 -0.993648 -0.0148368
-14.5512 96.4295 4.23828 0.0822233 -0.99659 0.00686476
-13.4533 96.5109 5.36985 0.0489673 -0.99879 0.00372528
-12.3069 96.5349 6.37868 0.0156587 -0.999829 -0.00938788
-11.2767 96.5145 7.326 -0.0256156 -0.99964 -0.00801339
-10.2865 96.4821 8.43917 -0.0317174 -0.999484 0.00490777
-9.29391 96.4301 9.40093 -0.0581684 -0.998206 -0.0037821
-8.60735 96.3754 10.123 -0.0844138 -0.99638 -0.00737556
-9.60136 96.4419 10.3092 -0.0545559 -0.998495 -0.00561449
-10.8476 96.4948 9.36074 -0.0204762 -0.999762 -0.00213138
-11.6433 96.5108 8.36585 -0.0129812 -0.999864 -0.0101469
-12.562 96.5244 7.48272 0.0212726 -0.999774 0.000644596
-13.5976 96.4899 6.42662 0.0634965 -0.997935 -0.00973683
-14.5864 96.4299 5.49553 0.0935335 -0.995542 -0.011198
-15.7324 96.3068 4.56698 0.116212 -0.993212 -0.00337694
-16.5409 96.2216 3.56296 0.129293 -0.991402 -0.0186034
-17.6858 96.0838 2.50217 0.166654 -0.985905 -0.012093
-18.6589 95.9091 1.43477 0.199804 -0.979755 -0.00996217
-19.7305 95.6832 0.43141 0.220161 -0.975463 -0.000982219
-20.6121 95.4836 -0.527808 0.24971 -0.968316 -0.00308591
-21.7077 95.2005 -1.4313 0.273576 -0.961824 -0.00701231
-22.6807 94.9282 -2.53246 0.288276 -0.957534 -0.00416323
-23.7673 94.5949 -3.47528 0.302775 -0.953021 -0.00884122
-24.6734 94.3092 -4.56905 0.318215 -0.947981 -0.00839813
-25.7124 93.9486 -5.64294 0.3388 -0.940765 -0.00355892
-26.7789 93.5639 -6.55838 0.357642 -0.933798 -0.0098858
-27.6488 93.2351 -7.52985 0.373736 -0.927409 -0.0150527
-28.5284 92.8816 -8.3074 0.38647 -0.922086 -0.0198755
-28.9366 92.7186 -8.87014 0.394892 -0.918599 -0.0153462
-30.9614 91.8284 -9.36251 0.420024 -0.907431 -0.0120755
-30.0806 92.2167 -8.51607 0.405381 -0.914 -0.0153983
-29.2125 92.5871 -7.65034 0.398674 -0.917093 -3.06614e-05
-28.1696 93.0128 -6.60633 0.378292 -0.925615 -0.0105425
-27.244 93.3738 -5.72019 0.362894 -0.931807 -0.00565577
-26.186 93.7754 -4.60579 0.352659 -0.93573 -0.00631614
-25.2943 94.0913 -3.71211 0.326795 -0.945044 -0.0079333
-24.268 94.4294 -2.69834 0.310527 -0.950559 0.00131454
-23.3459 94.7268 -1.77721 0.280748 -0.95978 0.00138433
-22.4158 94.9974 -0.95391 0.273465 -0.961879 0.000930501
-21.5299 95.2405 -0.10266 0.255716 -0.966696 -0.0103962
-20.6628 95.4673 0.859623 0.245535 -0.969318 0.00191067
-19.6025 95.7058 1.97743 0.210669 -0.977532 -0.00639194
-18.7106 95.8837 2.85558 0.197158 -0.980348 -0.00630166
-17.835 96.0359 3.76172 0.18233 -0.982956 -0.023497
-16.7394 96.1767 4.63649 0.136987 -0.990438 -0.0163103
-15.8554 96.2909 5.44613 0.120102 -0.992761 5.00549e-05
-15.0948 96.3696 6.47591 0.0969737 -0.995283 -0.00211811
-14.1322 96.4452 7.44996 0.0771319 -0.996913 -0.0134776
-13.2111 96.4926 8.37106 0.0549257 -0.998291 -0.0187698
-12.3019 96.5052 9.28032 0.00688376 -0.999972 0.00252011
-11.3124 96.5034 10.2495 -0.0248263 -0.999685 0.00291153
-11.0434 96.4967 10.5257 -0.0268458 -0.999597 0.00611735
-12.1934 96.5152 10.7005 0.00752448 -0.999893 0.0115691
-13.1386 96.4953 9.75315 0.0441006 -0.998955 0.00318748
-14.1192 96.4419 8.76977 0.0636169 -0.997867 -0.00378607
-15.0692 96.3628 7.80381 0.0880258 -0.996049 -0.0117257
-15.9769 96.267 6.8863 0.127231 -0.991842 -0.00783813
-16.9641 96.1341 5.90105 0.154135 -0.98799 -0.00652085
-18.0119 95.9812 4.84339 0.17693 -0.984085 -0.016025
-19.0732 95.8007 3.80063 0.187371 -0.982148 -0.0160294
-20.0575 95.5983 2.77188 0.22452 -0.974337 -0.0160088
-20.9838 95.3843 1.84934 0.252833 -0.967417 -0.00846112
-21.9288 95.1242 0.919184 0.272778 -0.962077 0.000655471
-22.9062 94.8513 -0.00587226 0.287788 -0.957557 -0.0140177
-23.8401 94.571 -0.910579 0.308645 -0.951065 -0.0146132
-24.7753 94.2589 -1.71685 0.331534 -0.943432 0.000731524
-25.7745 93.9024 -2.36083 0.337854 -0.941191 -0.00229616
-26.5604 93.6241 -3.24483 0.35124 -0.936211 -0.0116258
-27.2868 93.3546 -4.22128 0.357483 -0.933915 -0.00258496
-28.1588 93.0114 -5.2226 0.372273 -0.928114 0.00040281
-29.1147 92.6148 -6.23925 0.392652 -0.919613 -0.0114078
-30.0113 92.2365 -7.25144 0.408107 -0.91291 -0.00286028
-30.9903 91.798 -8.20275 0.414779 -0.909833 -0.0127587
-31.9169 91.3732 -9.02127 0.429181 -0.903179 -0.00847765
-32.2573 91.214 -9.36591 0.43438 -0.900681 -0.00939684
-33.2835 90.7126 -9.2783 0.444478 -0.895709 -0.0109687
-32.5341 91.0676 -8.26907 0.439768 -0.898013 -0.0131891
-31.625 91.4923 -7.40177 0.432834 -0.901382 -0.0122836
-30.5289 91.9969 -6.45284 0.419706 -0.907655 -0.00304362
-29.7248 92.3516 -5.53841 0.393517 -0.919317 -0.000555452
-28.8613 92.7197 -4.43715 0.38825 -0.921518 -0.0058857
-27.9448 93.0904 -3.45659 0.38209 -0.924083 -0.00877701
-26.8089 93.5224 -2.54719 0.350663 -0.936392 -0.0142214
-26.1244 93.7678 -1.40574 0.345025 -0.938557 -0.00821729
-25.0505 94.1574 -0.683471 0.334002 -0.942525 -0.00550803
-24.1737 94.4515 0.165968 0.317755 -0.948125 -0.0084467
-23.1002 94.7877 1.15504 0.286418 -0.958083 0.002847
-22.1887 95.0541 1.99444 0.269597 -0.962959 -0.00152568
-21.2248 95.3082 3.14735 0.247211 -0.968784 -0.0178722
-20.2738 95.5329 3.97726 0.221632 -0.97513 -0.000283964
-19.0757 95.7814 4.96004 0.196276 -0.980445 -0.0138047
-18.2735 95.9175 5.99062 0.174885 -0.984358 -0.019626
-17.2841 96.0787 6.87026 0.158454 -0.987363 0.00122665
-16.3616 96.2151 7.84478 0.126478 -0.991967 -0.00212835
-15.3884 96.3287 8.84916 0.102054 -0.994761 0.00254294
-14.457 96.4188 9.74319 0.0802062 -0.996651 0.00685902
-13.519 96.4814 10.7668 0.0590317 -0.998248 0.00413949
-13.4929 96.4832 10.8066 0.0577418 -0.998313 0.00583047
-14.509 96.4214 10.9429 0.0882091 -0.996069 -0.000109647
-15.481 96.3227 10.0997 0.0997264 -0.994992 0.00617023
-16.6303 96.1781 8.96965 0.137793 -0.990417 -0.00195064
-17.5281 96.0437 7.88634 0.159211 -0.987232 0.00505756
-18.5599 95.8671 7.00959 0.173978 -0.984747 0.00217952
-19.3695 95.7171 6.00747 0.188781 -0.981938 0.00657367
-20.4323 95.4884 5.15657 0.229183 -0.973309 -0.0120505
-21.5091 95.2334 4.13973 0.259278 -0.965795 -0.00389551
-22.4485 94.973 3.06133 0.277111 -0.960762 -0.0119918
-23.5124 94.665 2.0176 0.302413 -0.953124 -0.0100515
-24.5433 94.33 1.14094 0.318005 -0.948079 0.00276888
-25.4776 94.0012 0.157873 0.32914 -0.944244 0.00172244
-26.5086 93.6208 -0.671508 0.352122 -0.935949 -0.00231395
-27.2596 93.3411 -1.83892 0.357123 -0.933965 -0.011191
-28.4034 92.8926 -2.66205 0.384357 -0.923128 -0.00396753
-29.4428 92.4605 -3.73592 0.402879 -0.91516 -0.0120816
-30.2277 92.1224 -4.71102 0.406666 -0.913471 -0.0138928
-31.1361 91.7187 -5.72519 0.419556 -0.907726 0.00240754
-32.2587 91.1836 -6.73933 0.433731 -0.901041 -0.00185432
-33.1554 90.7535 -7.6602 0.444042 -0.895942 -0.0106289
-33.9987 90.3476 -8.74895 0.449334 -0.893312 -0.00955812
-34.3702 90.1632 -9.03528 0.454258 -0.890816 -0.00922676
-35.1763 89.7423 -8.57508 0.459813 -0.88793 -0.0123622
-34.3019 90.1829 -7.71854 0.450068 -0.892942 -0.00931459
-33.5069 90.5695 -6.7342 0.446625 -0.894695 -0.00683059
-32.6156 91.0082 -5.86982 0.442433 -0.896778 -0.00556784
-31.6465 91.4762 -4.96689 0.428142 -0.903637 -0.0111708
-30.7249 91.8867 -3.9473 0.418893 -0.907893 -0.0156139
-29.91 92.2449 -2.93292 0.409264 -0.912388 -0.00709292
-28.8974 92.6787 -1.98527 0.395762 -0.918352 -0.00153593
-27.837 93.1111 -1.2357 0.372966 -0.927844 -0.00169395
-27.0987 93.396 -0.169345 0.355435 -0.934701 -0.000372219
-26.1518 93.7582 0.768432 0.350014 -0.936708 0.00808195
-25.2299 94.0863 1.71174 0.34123 -0.93985 -0.0156011
-24.3166 94.3942 2.56426 0.318365 -0.947866 -0.0138965
-23.2687 94.7208 3.50589 0.305225 -0.952062 -0.02039
-22.4052 94.9699 4.51871 0.295817 -0.955017 -0.0208574
-21.3073 95.2639 5.58142 0.258962 -0.96588 -0.00384217
-20.1664 95.5445 6.53256 0.223638 -0.974671 -0.000747431
-19.1546 95.7619 7.68255 0.188146 -0.982047 0.00238303
-18.0297 95.9622 8.74142 0.177037 -0.984204 -0.000457138
-17.1951 96.0938 9.70111 0.149232 -0.988794 0.00400687
-16.2473 96.2315 10.6162 0.134385 -0.990905 0.00685931
-15.5343 96.3238 11.2728 0.0971642 -0.99526 0.00406099
-16.795 96.1615 11.3403 0.141163 -0.98996 0.00669438
-17.8387 95.9944 10.3344 0.15562 -0.987816 -0.00122562
-18.7282 95.832 9.3588 0.181927 -0.983284 -0.00748029
-19.8269 95.6097 8.26533 0.222203 -0.974984 -0.00457862
-20.7862 95.3882 7.24199 0.25774 -0.966106 -0.0144798
-22.0196 95.0668 6.14818 0.278471 -0.960412 -0.00786309
-23.0242 94.7733 5.20446 0.294532 -0.955588 -0.00758668
-24.0837 94.4482 3.9951 0.312543 -0.949695 -0.0189273
-25.2723 94.0547 2.92053 0.338904 -0.94076 -0.0105741
-26.1813 93.7329 1.99899 0.346295 -0.938018 -0.0138676
-27.1931 93.3613 0.964291 0.367491 -0.929928 -0.0119287
-28.0126 93.0319 -0.075442 0.381345 -0.924403 -0.0073863
-29.1715 92.5532 -1.15182 0.402275 -0.915498 -0.00616282
-30.1129 92.144 -1.91981 0.411098 -0.911544 -0.00893211
-31.1446 91.6789 -3.0891 0.424074 -0.905589 -0.00827984
-31.974 91.3025 -4.03204 0.433961 -0.900837 -0.0130781
-32.8586 90.8799 -4.89094 0.449859 -0.89308 -0.00590171
-33.7423 90.4419 -5.69851 0.451404 -0.892264 -0.00987841
-34.5658 90.0357 -6.64802 0.452618 -0.891625 -0.0119593
-35.5421 89.543 -7.68649 0.460986 -0.88738 -0.00698576
-35.9598 89.3296 -8.13782 0.464256 -0.88563 -0.0110123
-36.5654 89.0069 -7.54717 0.463838 -0.885886 -0.00769877
-35.7507 89.4239 -6.65223 0.463848 -0.885847 -0.0109362
-34.8883 89.8592 -5.66936 0.454324 -0.890793 -0.00815236
-33.8933 90.3569 -4.66285 0.4499 -0.893058 -0.00616301
-32.9141 90.8372 -3.74387 0.443036 -0.896339 -0.0171878
-32.0092 91.2693 -2.77517 0.428874 -0.903329 -0.00779316
-31.1588 91.6633 -1.77526 0.424896 -0.905233 -0.00401219
-30.2544 92.0705 -0.874793 0.411433 -0.911419 -0.00568606
-29.1903 92.5383 -0.10276 0.401188 -0.915979 -0.00548674
-28.3857 92.8701 0.81714 0.385098 -0.922849 -0.00677569
-27.5104 93.223 1.88814 0.370797 -0.928693 -0.00589226
-26.6451 93.5511 2.78952 0.354175 -0.9351 -0.0116096
-25.6501 93.9089 3.76609 0.343484 -0.939124 -0.00804662
-24.6161 94.2563 4.74968 0.318709 -0.947818 -0.00801564
-23.7167 94.5484 5.76661 0.314406 -0.949266 -0.00647662
-22.812 94.8261 6.66736 0.291247 -0.956595 -0.0099731
-21.8032 95.1089 7.58172 0.268119 -0.963357 -0.00705617
-20.6418 95.4145 8.67161 0.251596 -0.967829 -0.00244268
-19.7843 95.6164 9.63548 0.205823 -0.978589 0.000620479
-18.773 95.8239 10.6657 0.191697 -0.981452 0.00212476
-17.9394 95.9831 11.4782 0.168386 -0.985715 0.00329389
-19.1707 95.7509 11.557 0.194771 -0.980806 0.00906786
-20.1439 95.5384 10.5678 0.226766 -0.973923 -0.00389797
-21.0893 95.3025 9.5385 0.253994 -0.967147 0.00758638
-21.9688 95.0591 8.65124 0.267199 -0.963639 -0.00156869
-22.8998 94.7957 7.82513 0.297113 -0.954841 0.000159482
-23.7979 94.5171 6.94763 0.307554 -0.951478 -0.00565161
-24.8133 94.1829 5.86164 0.321331 -0.94695 -0.00562111
-25.7929 93.8497 4.8484 0.33812 -0.941085 -0.00487513
-26.7187 93.5145 3.97579 0.351363 -0.936196 -0.00779755
-27.6665 93.1539 2.9876 0.374193 -0.92734 -0.00441752
-28.572 92.7895 1.97721 0.383515 -0.923535 5.60854e-05
-29.3935 92.4418 0.971235 0.401387 -0.915898 -0.00389341
-30.3634 92.0143 0.132003 0.416706 -0.909018 -0.00572438
-31.3606 91.564 -0.747827 0.422434 -0.906351 -0.00763343
-32.225 91.1581 -1.72882 0.434369 -0.900709 -0.0068647
-33.1691 90.7068 -2.74489 0.441126 -0.897443 0.000627552
-34.0805 90.2551 -3.66409 0.450749 -0.89261 -0.00847555
-35.0075 89.792 -4.55248 0.456368 -0.889777 -0.0050537
-35.8976 89.3341 -5.50588 0.464892 -0.88535 -0.00489517
-36.6985 88.9209 -6.40028 0.469721 -0.882744 -0.0111197
-36.8926 88.8203 -6.61537 0.472493 -0.881264 -0.0111963
-37.5955 88.4348 -6.10514 0.474626 -0.880089 -0.0131451
-36.7621 88.8739 -5.17929 0.472846 -0.881115 -0.00727118
-35.9582 89.2967 -4.28678 0.465407 -0.885074 -0.00637082
-35.0332 89.7694 -3.3401 0.452198 -0.891893 -0.00609539
-33.9244 90.3268 -2.29703 0.451083 -0.89247 -0.00462526
-32.9275 90.8153 -1.23194 0.438249 -0.898813 -0.00764785
-32.1253 91.1983 -0.311233 0.432216 -0.901754 -0.00460132
-31.1064 91.6676 0.640034 0.422263 -0.906444 -0.00719727
-30.1664 92.0979 1.4381 0.410094 -0.911998 -0.00665263
-29.3602 92.4501 2.36462 0.399856 -0.916556 -0.00620052
-28.4985 92.8133 3.35616 0.385647 -0.922604 -0.00884337
-27.5823 93.1772 4.34019 0.364228 -0.9313 -0.0039602
-26.4316 93.6125 5.47432 0.348086 -0.937443 -0.00475746
-25.4097 93.9763 6.51894 0.326709 -0.945099 -0.00497525
-24.5646 94.2576 7.43113 0.319124 -0.947704 -0.00342649
-23.5067 94.6014 8.47819 0.304736 -0.952425 -0.00325475
-22.2929 94.9715 9.58436 0.270061 -0.962821 0.00376004
-21.4597 95.2065 10.526 0.262971 -0.964774 -0.000343943
-20.508 95.4484 11.4882 0.235544 -0.971783 0.00523465
-20.0436 95.5662 11.9809 0.223356 -0.974593 0.0167327
-21.0414 95.3282 12.2316 0.246579 -0.96895 0.0182679
-21.9211 95.0813 11.334 0.271869 -0.962267 0.00973195
-22.8901 94.7919 10.2572 0.28905 -0.957243 0.0117003
-23.9535 94.4586 9.26308 0.305528 -0.952182 0.00167663
-24.9002 94.1449 8.37787 0.317681 -0.948197 0.000779224
-25.944 93.7778 7.24881 0.339403 -0.94057 -0.0115569
-26.8988 93.4293 6.28645 0.363425 -0.931598 -0.00684998
-27.8428 93.0647 5.34504 0.37684 -0.926184 -0.0131734
-28.6942 92.7232 4.43845 0.384625 -0.923034 -0.00826999
-29.488 92.388 3.49918 0.400514 -0.916288 -0.0020884
-30.3436 92.0073 2.58197 0.419786 -0.90756 -0.0107455
-31.3374 91.553 1.58644 0.425592 -0.904883 -0.00753326
-32.4567 91.0305 0.614502 0.430951 -0.902293 -0.0121979
-33.2781 90.6378 -0.31055 0.441056 -0.897473 -0.00350839
-34.0718 90.2488 -1.22243 0.448442 -0.893802 -0.0041007
-34.9728 89.7941 -2.11399 0.456352 -0.889797 -0.000330198
-35.9531 89.2908 -3.03923 0.464007 -0.88583 -0.00179921
-36.9255 88.7793 -4.08784 0.472766 -0.881186 -0.00166215
-37.8874 88.2668 -5.15697 0.477017 -0.878854 -0.00838025
-38.0225 88.195 -5.30591 0.477762 -0.878443 -0.00895092
-38.3107 88.0294 -4.33747 0.478852 -0.877882 -0.00481109
-37.4771 88.4804 -3.42119 0.474683 -0.880154 -0.00190296
-36.6029 88.9464 -2.50171 0.469097 -0.883132 -0.00513838
-35.7383 89.3995 -1.65264 0.463723 -0.885974 -0.00316946
-34.8546 89.8527 -0.764337 0.451865 -0.892086 1.77268e-05
-34.0089 90.2743 0.165338 0.445664 -0.895184 -0.00514757
-33.181 90.6768 1.0762 0.43783 -0.899005 -0.00891421
-32.2616 91.1106 1.94863 0.433462 -0.901132 -0.00847931
-31.1912 91.6091 2.91817 0.425407 -0.904957 -0.00889735
-30.268 92.0323 3.90751 0.420036 -0.907443 -0.0102912
-29.4309 92.395 4.9159 0.399388 -0.916665 -0.0146065
-28.5695 92.7543 5.83851 0.387949 -0.921632 -0.00883967
-27.6587 93.1262 6.75904 0.381868 -0.924185 -0.00756967
-26.7815 93.4617 7.66802 0.357053 -0.933985 -0.013555
-25.839 93.809 8.66198 0.352683 -0.935741 -0.00158601
-24.9393 94.1306 9.55576 0.32729 -0.944817 -0.0072324
-23.9549 94.4595 10.4892 0.311877 -0.950094 0.00715455
-23.0721 94.7474 11.3843 0.305068 -0.952235 0.0121119
-22.169 95.0303 12.3917 0.265145 -0.964062 0.0162846
-23.1392 94.7469 12.659 0.297912 -0.954392 0.0176217
-23.9824 94.4598 11.713 0.312404 -0.949822 0.0144141
-24.9619 94.1175 10.7776 0.337467 -0.941333 -0.0027875
-25.9337 93.7691 9.83645 0.345738 -0.938321 0.000398566
-26.8341 93.4281 8.9031 0.357439 -0.933913 -0.00597755
-27.7085 93.0949 7.96155 0.381938 -0.924119 -0.0111554
-28.6105 92.7282 7.04564 0.392143 -0.919829 -0.00981321
-29.5897 92.3155 6.02094 0.397045 -0.917766 -0.00781764
-30.4164 91.9519 5.06754 0.41386 -0.910321 -0.00602604
-31.3451 91.5296 4.01762 0.422886 -0.906163 -0.00598822
-32.2783 91.0946 3.08043 0.437267 -0.899326 -0.00313774
-33.1938 90.6568 2.23168 0.440211 -0.897833 -0.0102106
-34.1829 90.1775 1.29019 0.445457 -0.895213 -0.0126539
-35.0519 89.7503 0.291061 0.451457 -0.892276 -0.00551072
-35.8996 89.3129 -0.602199 0.465037 -0.885291 0.000102069
-36.7826 88.848 -1.47889 0.469859 -0.882741 -0.000405679
-37.6965 88.3587 -2.43787 0.479834 -0.87734 -0.00576691
-38.5426 87.8992 -3.30122 0.481597 -0.876389 -0.00261
-38.5872 87.8749 -3.35351 0.481646 -0.87636 -0.00311347
-38.684 87.8159 -2.24077 0.481583 -0.876384 -0.00529584
-37.6482 88.3786 -1.17265 0.479955 -0.877284 -0.00386272
-36.7328 88.8694 -0.227967 0.474594 -0.880189 -0.00506843
-35.8145 89.352 0.762792 0.465098 -0.885222 -0.00768464
-34.9997 89.762 1.65694 0.452241 -0.891801 -0.0129935
-34.0522 90.2258 2.62094 0.444848 -0.895591 -0.005292
-33.0388 90.722 3.55437 0.438256 -0.89884 -0.00424256
-32.0178 91.2114 4.54168 0.436485 -0.899677 -0.00787265
-31.1011 91.6329 5.57167 0.423216 -0.906006 -0.00649225
-30.1985 92.0369 6.64777 0.410801 -0.911663 -0.0105776
-29.3313 92.4107 7.58717 0.397889 -0.917389 -0.00898478
-28.3345 92.8289 8.59161 0.383016 -0.923679 -0.0100317
-27.4763 93.1729 9.51426 0.377723 -0.925912 -0.00340689
-26.6108 93.5137 10.4048 0.358499 -0.933493 -0.00705294
-25.7266 93.8408 11.2847 0.343893 -0.939 -0.00139674
-24.7787 94.1867 12.1657 0.336824 -0.941544 0.00664353
-23.9876 94.4712 13.0343 0.32149 -0.946817 0.0130477
-24.8444 94.1675 13.4071 0.345211 -0.938488 0.0056479
-25.8668 93.7861 12.3772 0.355898 -0.934519 0.00107696
-26.7816 93.4397 11.5235 0.362961 -0.931764 -0.00815332
-27.6329 93.1068 10.6087 0.381817 -0.924235 -0.00223805
-28.5332 92.7385 9.65876 0.388009 -0.921594 -0.00497507
-29.4972 92.3276 8.66558 0.398559 -0.917101 -0.00871102
-30.3555 91.951 7.77148 0.413407 -0.9105 -0.00919048
-31.332 91.5143 6.7037 0.423166 -0.905986 -0.0109573
-32.1091 91.1579 5.74007 0.428268 -0.903611 -0.00864065
-33.0757 90.6975 4.74308 0.436616 -0.899644 -0.00148548
-34.0362 90.2272 3.80484 0.447737 -0.894142 -0.00637727
-34.9482 89.7725 2.91939 0.455169 -0.890368 -0.00806445
-35.9303 89.2763 1.89206 0.460492 -0.887568 -0.0120697
-36.7937 88.8272 0.974397 0.473852 -0.880565 -0.00826996
-37.6873 88.351 0.034952 0.477092 -0.878846 -0.0036422
-38.5197 87.8985 -0.86551 0.483339 -0.875418 -0.00512824
-38.9083 87.6863 -1.25611 0.483329 -0.875423 -0.00519636
-38.9455 87.6619 -0.0696375 0.482357 -0.875974 -0.000987115
-38.0248 88.1638 0.935366 0.476475 -0.879179 -0.00334672
-37.1092 88.6486 1.90101 0.471457 -0.881841 -0.00911643
-36.2341 89.1043 2.82692 0.469197 -0.883031 -0.0105083
-35.3012 89.5867 3.78402 0.458315 -0.888756 -0.0059724
-34.4055 90.0366 4.63664 0.449244 -0.893408 -0.00157225
-33.4103 90.5294 5.61134 0.442275 -0.896861 -0.00567602
-32.5537 90.9394 6.54227 0.432796 -0.901415 -0.0113773
-31.6871 91.3388 7.59538 0.424323 -0.905467 -0.00857386
-30.8439 91.7263 8.5129 0.40923 -0.912427 -0.00263778
-29.802 92.1912 9.61771 0.402316 -0.915468 -0.00206221
-28.9226 92.5673 10.5374 0.395368 -0.918519 -0.00250332
-27.9376 92.9779 11.5666 0.382243 -0.924058 -0.00256406
-26.9105 93.3848 12.6164 0.365507 -0.930808 0.0009883
-25.9456 93.7602 13.5097 0.363107 -0.931747 0.000369996
-25.6588 93.8708 13.823 0.34996 -0.936698 0.0106136
-26.5242 93.5433 14.2245 0.361657 -0.932168 0.0163184
-27.5949 93.1152 13.1919 0.375551 -0.926786 -0.00182196
-28.4927 92.7466 12.2597 0.385309 -0.922783 -0.00275383
-29.3832 92.3654 11.3383 0.398272 -0.917254 -0.00465396
-30.2488 91.9867 10.4186 0.417295 -0.908747 -0.00459424
-31.0715 91.6182 9.52279 0.414803 -0.909888 -0.00625396
-32.0357 91.1745 8.46612 0.425389 -0.90498 -0.00711742
-32.8695 90.7803 7.51955 0.433669 -0.901069 8.67626e-05
-33.7746 90.3436 6.45493 0.442964 -0.896515 -0.00664489
-34.7862 89.8411 5.46432 0.453653 -0.891166 -0.00471887
-35.6923 89.3761 4.63052 0.462517 -0.886594 -0.00537468
-36.6965 88.8538 3.57128 0.468262 -0.883584 -0.00323661
-37.5795 88.3886 2.64488 0.473603 -0.880672 -0.0108394
-38.4696 87.9178 1.71474 0.478003 -0.878334 -0.0065395
-39.0272 87.6154 1.11134 0.483706 -0.875228 -0.0022924
-38.9095 87.6712 2.48202 0.47975 -0.877376 -0.00712242
-37.8978 88.2122 3.54179 0.475409 -0.879765 0.000830829
-36.9578 88.711 4.52056 0.469524 -0.882913 -0.00346542
-36.1159 89.1534 5.38572 0.464 -0.885833 -0.00188162
-35.0852 89.6859 6.37196 0.455243 -0.890364 -0.00201094
-34.1913 90.1333 7.28816 0.443727 -0.896161 0.000617945
-33.3222 90.5606 8.35669 0.442058 -0.896969 -0.00523819
-32.47 90.9626 9.27145 0.427874 -0.903805 -0.00772154
-31.6592 91.3378 10.1767 0.426935 -0.904256 -0.00678899
-30.735 91.7637 11.1418 0.418427 -0.908249 0.00164191
-29.8192 92.1724 12.1349 0.401175 -0.915999 -0.00207918
-28.9058 92.5698 13.1184 0.393452 -0.919303 -0.00354176
-27.7549 93.0578 14.2679 0.384029 -0.923188 0.014963
-27.4036 93.206 14.6137 0.374966 -0.926956 0.0120127
-28.2706 92.852 14.9926 0.392829 -0.919591 0.00436979
-29.2664 92.4109 13.971 0.400813 -0.916136 0.00590164
-30.1625 92.0183 13.0591 0.406333 -0.913718 -0.000160175
-31.0115 91.6339 12.1223 0.42367 -0.905816 -0.000936911
-32.048 91.1464 11.0523 0.4292 -0.903192 -0.00490816
-32.9649 90.7167 10.0156 0.436426 -0.899707 -0.00774361
-33.8154 90.3108 9.08107 0.443916 -0.896035 -0.00732973
-34.5879 89.9318 8.14599 0.453491 -0.891229 -0.0074185
-35.4899 89.4758 7.19198 0.45747 -0.889218 -0.00334374
-36.3511 89.0292 6.33181 0.464725 -0.885455 0.000709873
-37.2765 88.5396 5.40938 0.470232 -0.882542 -0.00156018
-38.1683 88.0647 4.48484 0.477753 -0.878484 -0.00427226
-39.0698 87.5763 3.55387 0.480919 -0.876761 -0.00235016
-38.9465 87.6385 4.90962 0.479501 -0.877527 -0.00499331
-38.0864 88.102 5.80617 0.478217 -0.878228 -0.0049512
-37.1626 88.5946 6.7379 0.473599 -0.880729 -0.00443817
-36.2864 89.0571 7.66478 0.467414 -0.884014 -0.00591186
-35.2258 89.6004 8.734 0.457908 -0.888924 -0.0116015
-34.1888 90.1154 9.96027 0.452452 -0.891743 -0.00900013
-33.3374 90.5286 10.873 0.434668 -0.900567 -0.00635703
-32.4747 90.9416 11.8426 0.432421 -0.901666 -0.00134781
-31.6079 91.3563 12.7887 0.428447 -0.903553 0.00344349
-30.6408 91.8024 13.8434 0.418418 -0.908252 -0.00206448
-29.7838 92.1872 14.6965 0.404065 -0.914698 0.00747252
-29.1936 92.4544 15.2918 0.39944 -0.916736 0.00636911
-30.084 92.0598 15.6352 0.418853 -0.908044 0.00433071
-30.9458 91.6601 14.775 0.41728 -0.908773 0.00315659
-31.8627 91.2324 13.8013 0.434328 -0.90075 -0.00276191
-32.7079 90.8265 12.8841 0.438073 -0.898936 -0.0022892
-33.5255 90.4318 11.9839 0.441148 -0.89742 -0.00460626
-34.3206 90.0411 11.0503 0.450208 -0.892903 -0.00590923
-35.2455 89.5747 10.0024 0.458001 -0.888899 -0.00964735
-36.1789 89.1007 8.97731 0.467562 -0.883887 -0.0113972
-37.0295 88.6566 8.13313 0.471973 -0.881582 -0.00736619
-38.0363 88.1217 7.08462 0.474941 -0.88 -0.00556177
-38.6884 87.7714 6.38885 0.477008 -0.878892 -0.00340148
-38.6138 87.8055 7.67739 0.476422 -0.879202 -0.00511659
-37.6508 88.3182 8.7363 0.47294 -0.881055 -0.0083021
-36.7951 88.7676 9.60861 0.468922 -0.883196 -0.00862917
-35.8975 89.2318 10.5827 0.466665 -0.884398 -0.00786715
-35.0554 89.6614 11.5311 0.460259 -0.887766 -0.00570048
-34.1365 90.1239 12.5791 0.446707 -0.894656 -0.00660297
-33.2645 90.5517 13.5716 0.44051 -0.897739 -0.00400699
-32.4277 90.9569 14.4808 0.435273 -0.900291 -0.00375789
-31.5853 91.3617 15.3721 0.429162 -0.90322 -0.00262121
-30.9709 91.6507 15.9864 0.423409 -0.905881 0.00992597
-32.0035 91.1618 16.1708 0.434697 -0.900553 0.0065355
-32.8521 90.7488 15.2973 0.441956 -0.897034 0.000824094
-33.7922 90.2888 14.2856 0.448261 -0.893876 -0.00486729
-34.7226 89.8242 13.1986 0.458035 -0.88891 -0.00643998
-35.6885 89.3295 12.1465 0.460341 -0.887727 -0.00526317
-36.5611 88.8767 11.1089 0.467432 -0.884003 -0.0066976
-37.4185 88.4282 10.2235 0.472004 -0.881561 -0.00791142
-38.2336 87.9982 9.33125 0.475094 -0.879896 -0.00826536
-37.8854 88.1718 10.9845 0.472667 -0.881218 -0.00634492
-37.0397 88.6181 11.8561 0.469352 -0.882989 -0.00620695
-36.2333 89.0405 12.8224 0.468489 -0.883458 -0.00445561
-35.2911 89.5266 13.8516 0.460168 -0.887817 -0.00516409
-34.4617 89.9469 14.7908 0.454978 -0.890488 -0.00493129
-33.5881 90.3844 15.7676 0.445564 -0.895249 0.00130745
-33.2554 90.5504 16.1184 0.442819 -0.896605 3.06146e-05
-35.2519 89.5393 15.1649 0.461264 -0.88724 -0.00560961
-36.0894 89.1072 14.2282 0.466158 -0.884675 -0.00671386
-36.9594 88.6529 13.2615 0.47026 -0.882519 -0.00363107
-37.3027 88.4718 12.8548 0.470119 -0.882592 -0.00444031
-14.6525 96.483 -6.57537 0.073811 -0.997225 -0.00504755
-15.7673 96.3708 -6.53333 0.110349 -0.993881 -0.00494281
-16.857 96.2342 -6.52353 0.141308 -0.989949 -0.00209697
-17.9977 96.0591 -6.49876 0.173086 -0.984875 -0.00794852
-19.2553 95.8344 -6.56247 0.180863 -0.983506 -0.00139533
-20.4748 95.5657 -6.69214 0.241825 -0.970232 -0.00852198
-21.4364 95.314 -6.8304 0.262336 -0.964893 -0.0126628
-22.3418 95.0713 -7.07485 0.27304 -0.961595 -0.0277146
-23.3408 94.7844 -7.35561 0.301652 -0.953153 -0.0224416
-24.2985 94.4799 -7.7036 0.322137 -0.946518 -0.0181072
-25.2976 94.1359 -8.07748 0.345592 -0.938248 -0.0158749
-26.2165 93.8033 -8.3959 0.352111 -0.935767 -0.0185226
-27.2023 93.4352 -8.82035 0.365159 -0.930751 -0.0177009
-28.1338 93.0647 -9.16153 0.379542 -0.924979 -0.0185323
-28.9775 92.7109 -9.44229 0.394121 -0.918892 -0.0174261
-29.9827 92.2761 -9.74579 0.407015 -0.913309 -0.0136747
-30.9541 91.8385 -9.9204 0.421025 -0.906978 -0.0113388
-31.8287 91.4274 -9.99457 0.431362 -0.902091 -0.0126007
-32.985 90.8678 -9.96883 0.439965 -0.897926 -0.0126052
-33.9397 90.3891 -9.78444 0.449584 -0.893168 -0.0111936
-34.8935 89.8986 -9.46237 0.457287 -0.889273 -0.0090493
-35.6577 89.4996 -9.09986 0.461212 -0.887218 -0.0112503
-36.3215 89.1445 -8.54668 0.466468 -0.884453 -0.0122218
-37.0795 88.733 -7.73791 0.474115 -0.880414 -0.00931778
-37.6513 88.4154 -6.98752 0.476813 -0.878944 -0.0103733
-38.1268 88.1479 -6.19892 0.479892 -0.877275 -0.00955273
-38.5107 87.9283 -5.34269 0.481846 -0.87623 -0.00674737
-38.901 87.706 -4.2744 0.482717 -0.875758 -0.00560007
-39.1204 87.5813 -3.31181 0.482515 -0.875883 -0.00272493
-39.2714 87.4923 -2.30612 0.483575 -0.875281 -0.00621419
-39.3632 87.4356 -1.34622 0.483415 -0.875377 -0.00496562
-39.4291 87.3954 -0.0745309 0.484831 -0.874603 -0.00149883
-39.4899 87.3593 0.923926 0.48651 -0.873673 -0.00160247
-39.5222 87.3385 2.03141 0.484226 -0.874926 -0.00455733
-39.5109 87.3359 3.06887 0.482057 -0.876117 -0.00607705
-39.4633 87.3586 4.02193 0.481943 -0.8762 -0.00222709
-39.4145 87.3809 5.11216 0.48135 -0.876511 -0.00558317
-39.2887 87.4449 6.12064 0.481848 -0.87625 -0.00283928
-39.0923 87.5477 7.33561 0.480314 -0.877077 -0.00514158
-38.9982 87.5924 8.29739 0.481761 -0.876273 -0.00719823
-38.818 87.6831 9.28527 0.475619 -0.87962 -0.00738939
-38.5776 87.8044 10.3418 0.475348 -0.879767 -0.00722557
-38.3549 87.9178 11.2701 0.474051 -0.880473 -0.00643333
-38.0196 88.0906 12.3901 0.472534 -0.881297 -0.00529721
-37.5636 88.3297 13.3229 0.471847 -0.881667 -0.00478886
-37.0492 88.6007 14.2075 0.469696 -0.88281 -0.00475901
-36.2674 89.009 15.0353 0.465468 -0.88506 -0.00267647
-35.5626 89.3756 15.5648 0.462835 -0.886439 -0.00302468
-34.8209 89.7583 16.0787 0.457897 -0.889005 -0.000342918
-33.9762 90.1872 16.4901 0.450571 -0.892736 -0.0028233
-33.1316 90.6127 16.644 0.443603 -0.896221 0.00185021
-32.0778 91.1298 16.7054 0.438557 -0.898684 0.00588752
-31.003 91.6418 16.5414 0.423195 -0.905981 0.00963782
-30.0537 92.0782 16.3148 0.418003 -0.908391 0.00993404
-29.0186 92.5354 15.9457 0.397413 -0.917605 0.00780604
-28.0658 92.9406 15.553 0.388444 -0.921465 0.0036025
-27.2504 93.2737 15.1405 0.370355 -0.928794 0.0126191
-26.1928 93.6794 14.6875 0.359833 -0.9329 0.0147338
-25.1965 94.0498 14.2488 0.345671 -0.938197 0.0171499
-24.1917 94.4122 13.734 0.33487 -0.942101 0.0142038
-23.3434 94.6952 13.3654 0.31534 -0.948781 0.0187185
-22.2185 95.0287 13.0121 0.267826 -0.963307 0.0137322
-21.0748 95.3291 12.7423 0.246081 -0.969033 0.0173844
-19.9874 95.5863 12.4802 0.231045 -0.972833 0.0143643
-19.0839 95.7754 12.316 0.196116 -0.980388 0.0192875
-17.9225 95.9889 12.1411 0.173461 -0.984418 0.0288367
-16.8907 96.1541 11.9782 0.143894 -0.989537 0.0104236
-15.964 96.2823 11.8209 0.117623 -0.992901 0.0133366
-14.8878 96.3928 11.6904 0.101325 -0.994675 0.0188307
-13.9415 96.4614 11.5249 0.0558662 -0.998335 0.0143493
-12.9171 96.5135 11.3985 0.0161474 -0.999832 0.00864469
-11.7128 96.5199 11.1961 -0.00927504 -0.99989 0.00922585
-10.5376 96.489 11.0241 -0.0319321 -0.999429 0.00978319
-9.41159 96.4301 10.8256 -0.0551417 -0.998424 0.00731366
-8.34505 96.347 10.6313 -0.0964037 -0.995309 -0.00439319
-7.17017 96.208 10.3569 -0.129303 -0.991572 -0.00546354
-6.25485 96.0738 10.1282 -0.163013 -0.986442 0.00757797
-5.14932 95.8683 9.9425 -0.184768 -0.98277 0.00436073
-3.96689 95.618 9.79786 -0.225753 -0.974183 -0.00187256
-2.85488 95.3459 9.62234 -0.248478 -0.968637 -0.000428237
-1.91868 95.0935 9.42601 -0.271698 -0.962381 -0.00178004
-0.883553 94.7861 9.14211 -0.291965 -0.956418 0.00461028
0.114668 94.4682 8.79862 -0.309902 -0.950756 0.00478881
1.07137 94.1416 8.50482 -0.332466 -0.943086 0.00742159
2.02518 93.7967 8.11296 -0.344318 -0.938813 0.00860956
2.84553 93.4877 7.54339 -0.358203 -0.93364 0.00141545
3.52383 93.2216 6.83779 -0.363377 -0.931632 0.0038924
4.03168 93.0116 6.06543 -0.377263 -0.926085 0.00626084
4.51551 92.8103 5.20388 -0.380564 -0.924747 0.00246456
5.00035 92.6025 3.99842 -0.389147 -0.921168 0.00375718
5.28205 92.4737 2.963 -0.392165 -0.919861 0.00769409
5.51231 92.3701 1.83956 -0.397107 -0.917759 0.00257866
5.65416 92.2981 0.686702 -0.398695 -0.917031 0.00913476
5.64436 92.2956 -0.421296 -0.403261 -0.915072 0.00474114
5.53596 92.34 -1.43502 -0.400168 -0.916425 0.00478378
5.25082 92.4593 -2.43611 -0.393832 -0.919175 0.00247699
4.95833 92.5835 -3.40127 -0.392094 -0.919925 -0.000622159
4.56703 92.7517 -4.25688 -0.389888 -0.92086 -0.000852331
3.80649 93.0691 -5.28461 -0.379666 -0.925117 0.000350081
2.90785 93.4358 -6.03998 -0.372295 -0.928083 -0.00761265
2.06683 93.7628 -6.48314 -0.356983 -0.934069 -0.00882989
1.21591 94.0816 -6.73502 -0.345226 -0.938462 -0.0103158
0.0712306 94.4827 -6.80011 -0.321648 -0.946844 -0.00530138
-1.02228 94.8428 -6.69335 -0.308121 -0.951298 -0.00964379
-2.14929 95.1903 -6.56387 -0.282762 -0.9591 -0.0128206
-3.31621 95.511 -6.55079 -0.239332 -0.970876 -0.010257
-4.29598 95.7365 -6.52851 -0.206833 -0.97835 -0.00715664
-5.5654 95.9877 -6.56692 -0.182184 -0.983172 -0.0135008
-6.55745 96.1531 -6.57838 -0.15492 -0.987856 -0.011848
-7.61793 96.3065 -6.60027 -0.128422 -0.991699 -0.00574872
-8.83535 96.4419 -6.66436 -0.0933563 -0.995492 -0.0165651
-9.95427 96.5245 -6.68642 -0.0515864 -0.998642 -0.00729572
-11.0705 96.5676 -6.71259 -0.0229491 -0.999662 -0.012186
-12.0355 96.5795 -6.6562 0.0133078 -0.999786 -0.0156538
-13.384 96.553 -6.60904 0.0280917 -0.999293 -0.0249838
-14.1919 96.5159 -6.59929 0.0675071 -0.997551 -0.0178422
-14.1467 96.5377 -7.53098 0.0636305 -0.997702 -0.0220346
-13.0329 96.5888 -7.56886 0.0340528 -0.999173 -0.0207541
-12.0349 96.603 -7.63506 0.00370072 -0.999363 -0.0343914
-10.8344 96.583 -7.65362 -0.0264812 -0.999423 -0.0193137
-9.89057 96.539 -7.62993 -0.0512281 -0.998517 -0.017956
-8.8268 96.4563 -7.60352 -0.0848968 -0.996241 -0.0171716
-7.67553 96.3245 -7.54824 -0.118432 -0.992723 -0.021804
-6.66151 96.1821 -7.52038 -0.15278 -0.988168 -0.0134823
-5.62489 96.0121 -7.54631 -0.180726 -0.983427 -0.0144605
-4.28594 95.7513 -7.47838 -0.202107 -0.979078 -0.0230362
-3.28537 95.5219 -7.52437 -0.236582 -0.971017 -0.0339875
-2.10451 95.1965 -7.5423 -0.283073 -0.958748 -0.0258863
-1.06012 94.8721 -7.64829 -0.307638 -0.951183 -0.0246784
-0.144956 94.5736 -7.75782 -0.317155 -0.948118 -0.0216732
1.00692 94.1708 -7.73574 -0.335555 -0.941673 -0.0255697
1.90957 93.8371 -7.56927 -0.35224 -0.93576 -0.0144593
2.9618 93.4235 -7.12606 -0.361487 -0.93233 -0.00940229
3.85849 93.0582 -6.54155 -0.372895 -0.927828 -0.0089964
4.58637 92.7525 -5.82277 -0.380588 -0.924692 -0.00982296
5.18955 92.4932 -5.01339 -0.391186 -0.920274 -0.00829687
5.59583 92.3134 -4.19042 -0.393604 -0.919268 -0.00418271
5.93589 92.1606 -3.31243 -0.398842 -0.91701 -0.00405355
6.23042 92.0327 -2.25618 -0.402 -0.915636 0.00265504
6.49077 91.9212 -1.21912 -0.402596 -0.915375 0.0022067
6.52305 91.9094 -0.22562 -0.403037 -0.915181 0.00216345
6.53595 91.9136 1.00142 -0.402847 -0.915231 0.00816179
6.40921 91.9767 2.01886 -0.403598 -0.914922 0.00511956
6.23838 92.0573 2.97012 -0.40323 -0.915081 0.00576662
5.95336 92.1895 3.97504 -0.400874 -0.916101 0.00760132
5.63397 92.3351 4.93678 -0.394273 -0.918979 0.00486877
5.09192 92.5728 6.03832 -0.390104 -0.920759 0.00455598
4.49953 92.8276 7.02156 -0.379515 -0.925107 0.0111553
3.84163 93.1046 7.89881 -0.372526 -0.927948 0.0116789
3.1045 93.4 8.54688 -0.356592 -0.934158 0.0136297
2.24263 93.7269 9.07431 -0.346015 -0.938148 0.0123447
1.18561 94.1107 9.46853 -0.33145 -0.943412 0.0107314
0.194389 94.4505 9.79428 -0.311982 -0.950029 0.0105621
-0.657866 94.7244 10.0738 -0.290465 -0.956843 0.00900068
-1.67382 95.0288 10.3555 -0.267158 -0.963574 0.0119225
-2.67917 95.3051 10.5453 -0.255486 -0.966712 0.0137662
-3.7128 95.5693 10.7477 -0.232342 -0.972467 0.0173047
-4.63703 95.7808 10.8258 -0.203933 -0.978377 0.0273499
-5.73233 95.9866 11.0328 -0.184472 -0.982785 0.0101759
-6.7351 96.1504 11.2338 -0.146767 -0.989124 0.00947045
-7.88186 96.301 11.5339 -0.117879 -0.99301 0.00598493
-9.14073 96.4206 11.7562 -0.0798471 -0.996798 0.00395518
-10.0991 96.4793 11.9068 -0.0361894 -0.999307 0.00876147
-11.2408 96.5217 12.0965 -0.0309469 -0.999462 0.00961954
-12.2893 96.5272 12.2672 0.00877012 -0.999548 0.0286448
-13.2978 96.511 12.4042 0.0515483 -0.998244 0.0285822
-14.6164 96.4351 12.5989 0.0826665 -0.996168 0.0280855
-15.639 96.3412 12.7314 0.109882 -0.993703 0.0209083
-16.6609 96.2159 12.8787 0.150942 -0.988119 0.0283434
-17.5945 96.0733 13.0442 0.165099 -0.985891 0.0260412
-18.7908 95.8574 13.2131 0.190608 -0.981309 0.0253658
-19.7195 95.6663 13.3808 0.210065 -0.977516 0.0182804
-20.7452 95.4294 13.6204 0.235684 -0.971541 0.0236976
-21.7975 95.1589 13.8686 0.261185 -0.965054 0.0212188
-22.8099 94.8727 14.1976 0.290793 -0.95669 0.0135368
-23.6802 94.6026 14.5559 0.329671 -0.943877 0.0202362
-24.7246 94.2397 15.0788 0.344444 -0.938618 0.0188003
-25.6355 93.9082 15.4717 0.360976 -0.93208 0.0298126
-26.5059 93.5818 15.8406 0.363958 -0.931211 0.019342
-27.6339 93.1352 16.4096 0.384349 -0.923078 0.0124437
-28.4863 92.7781 16.785 0.393628 -0.919105 0.0173078
-29.6097 92.294 17.2034 0.41024 -0.911849 0.0118993
-30.5445 91.863 17.4469 0.420987 -0.90702 0.00919265
-31.4528 91.4359 17.637 0.432229 -0.90175 0.00492165
-32.3898 90.9838 17.6801 0.440621 -0.897651 0.00815268
-33.2393 90.5628 17.6101 0.444674 -0.895663 0.00689712
-34.188 90.0851 17.4518 0.450215 -0.892898 0.00632988
-35.1463 89.5916 16.9827 0.459621 -0.888097 0.00557057
-35.943 89.1757 16.4494 0.462224 -0.886755 0.00239478
-36.768 88.7436 15.8417 0.467045 -0.884232 -0.00157455
-37.4522 88.3821 15.1701 0.471001 -0.882127 -0.00322558
-38.138 88.0181 14.1049 0.473626 -0.880723 -0.00164269
-38.6458 87.7496 13.133 0.473556 -0.880752 -0.00443259
-39.0006 87.5623 12.2165 0.477325 -0.878717 -0.00416733
-39.2484 87.4342 11.1264 0.478013 -0.878326 -0.00686128
-39.479 87.3141 10.2226 0.479715 -0.877399 -0.00668083
-39.7108 87.1932 9.25884 0.48176 -0.876288 -0.00523632
-39.8485 87.1242 8.29621 0.482641 -0.875797 -0.00609818
-39.9548 87.0725 7.27817 0.482998 -0.875604 -0.00551613
-40.1458 86.9734 6.08875 0.483879 -0.87512 -0.00492987
-40.2537 86.9196 5.11002 0.484618 -0.874713 -0.0046479
-40.2981 86.8993 4.07072 0.482244 -0.876032 -0.00288494
-40.3471 86.8763 3.03768 0.483061 -0.875578 -0.00354541
-40.37 86.8667 2.03811 0.486788 -0.873517 -0.00218986
-40.329 86.8915 0.914038 0.487255 -0.87326 -0.000782903
-40.2758 86.9231 -0.166986 0.488577 -0.872519 -0.00140679
-40.2129 86.9629 -1.3373 0.488406 -0.872597 -0.00576898
-40.1251 87.0178 -2.27779 0.487456 -0.873133 -0.00500275
-40.0075 87.0889 -3.24517 0.486322 -0.873764 -0.00515135
-39.7879 87.217 -4.31717 0.482781 -0.875707 -0.00769559
-39.3532 87.4667 -5.52238 0.481861 -0.876212 -0.00788951
-38.9485 87.7009 -6.52936 0.481334 -0.876472 -0.0107047
-38.4639 87.9768 -7.39585 0.480165 -0.877123 -0.00983651
-37.8417 88.3253 -8.22064 0.478973 -0.877778 -0.00951266
-37.1712 88.6962 -9.0231 0.475804 -0.879498 -0.00971529
-36.52 89.0518 -9.62922 0.471374 -0.881903 -0.00723142
-35.6173 89.5324 -10.2373 0.463778 -0.885897 -0.00978312
-34.5883 90.0694 -10.5915 0.458979 -0.888364 -0.0121018
-33.7764 90.4855 -10.8583 0.451196 -0.892354 -0.011133
-32.8986 90.924 -10.9531 0.441298 -0.897267 -0.0122377
-31.8604 91.4269 -10.9613 0.433194 -0.901165 -0.0156527
-30.9501 91.8559 -10.8775 0.423316 -0.905831 -0.0165167
-30.0874 92.2489 -10.7378 0.410575 -0.911685 -0.0157896
-29.1983 92.6378 -10.526 0.399388 -0.916629 -0.0167376
-28.3675 92.9893 -10.2323 0.392689 -0.919459 -0.0197129
-27.327 93.409 -9.89677 0.36972 -0.928852 -0.0227207
-26.3681 93.7706 -9.50706 0.353672 -0.934948 -0.0280843
-25.3423 94.1419 -9.08375 0.341872 -0.939504 -0.0212692
-24.3411 94.4882 -8.75297 0.319616 -0.94725 -0.0237099
-23.3818 94.7996 -8.39562 0.294545 -0.95529 -0.0235083
-22.4121 95.0806 -8.07562 0.282739 -0.958988 -0.019953
-21.0815 95.4324 -7.74218 0.251793 -0.967377 -0.0278758
-20.0337 95.6832 -7.59807 0.225591 -0.973646 -0.0330874
-19.112 95.8718 -7.50361 0.190004 -0.98147 -0.0247804
-18.0503 96.0618 -7.46958 0.168967 -0.985463 -0.0175867
-16.8373 96.2483 -7.45927 0.133162 -0.991047 -0.00956201
-15.8473 96.3789 -7.50029 0.116719 -0.993037 -0.0124234
-14.8389 96.4799 -7.49282 0.0895105 -0.995937 -0.00923157
-14.4298 96.5175 -7.5264 0.0709907 -0.997257 -0.0209473
-14.4665 96.5393 -8.46214 0.0800856 -0.995881 -0.0423654
-15.4761 96.4504 -8.43096 0.0972313 -0.993801 -0.0538163
-16.5856 96.3137 -8.41401 0.129704 -0.990427 -0.0472222
-17.5472 96.1857 -8.40302 0.151499 -0.987022 -0.049913
-18.9144 95.9452 -8.46911 0.185609 -0.980809 -0.0596815
-19.9345 95.742 -8.57106 0.214407 -0.974849 -0.0607817
-20.9474 95.5056 -8.67122 0.25192 -0.966177 -0.0551275
-21.9729 95.2431 -8.93506 0.277546 -0.959791 -0.042015
-22.957 94.9596 -9.19934 0.295205 -0.9545 -0.0421615
-23.9444 94.649 -9.58356 0.326112 -0.944725 -0.0338305
-24.931 94.3184 -9.95879 0.334828 -0.941599 -0.0356767
-25.9213 93.9655 -10.3224 0.355677 -0.933937 -0.0353244
-26.7891 93.6441 -10.6952 0.363976 -0.930699 -0.0363168
-27.6303 93.3165 -10.9646 0.384649 -0.922647 -0.0276655
-28.6713 92.8889 -11.3536 0.394898 -0.918324 -0.0271195
-29.5287 92.5163 -11.577 0.407966 -0.912764 -0.0204557
-30.639 92.0182 -11.8039 0.418064 -0.90819 -0.0201053
-31.5075 91.6122 -11.8917 0.430139 -0.902578 -0.017843
-32.3929 91.1863 -11.916 0.435327 -0.900115 -0.0168263
-33.4454 90.6676 -11.8736 0.447862 -0.893961 -0.0154327
-34.5201 90.1196 -11.6678 0.452159 -0.891796 -0.0157724
-35.3283 89.6976 -11.389 0.461317 -0.887115 -0.0144055
-36.3166 89.1771 -10.9853 0.462436 -0.886565 -0.012427
-37.0391 88.7823 -10.4244 0.472474 -0.881275 -0.0110806
-37.6905 88.4241 -9.81658 0.475848 -0.87947 -0.0100368
-38.4401 88.0071 -8.92276 0.478182 -0.878191 -0.0110562
-39.0217 87.6791 -8.13747 0.48244 -0.875848 -0.0119086
-39.6148 87.3414 -7.18212 0.482622 -0.875779 -0.00929462
-39.9777 87.1317 -6.33483 0.484849 -0.874538 -0.0100957
-40.3757 86.899 -5.44729 0.48658 -0.87357 -0.0107593
-40.6553 86.7352 -4.47011 0.488022 -0.872806 -0.00666545
-40.8498 86.6186 -3.4539 0.488466 -0.872557 -0.00672648
-40.9921 86.5316 -2.22051 0.489929 -0.871747 -0.0052324
-41.0747 86.4784 -1.27209 0.491222 -0.871013 -0.00617807
-41.1342 86.4406 -0.169145 0.490928 -0.871199 -6.11056e-05
-41.1729 86.4199 0.796944 0.488873 -0.872354 0.00104495
-41.2219 86.3917 1.83075 0.487357 -0.8732 -0.00237133
-41.1918 86.4067 2.89681 0.486902 -0.873456 -0.000924414
-41.152 86.426 4.17502 0.484538 -0.874763 -0.00357722
-41.0925 86.453 5.26988 0.486163 -0.873844 -0.00642485
-40.9534 86.5242 6.19861 0.486286 -0.873783 -0.00529913
-40.7737 86.6174 7.40389 0.487306 -0.873221 -0.00416054
-40.6751 86.6674 8.341 0.48365 -0.875245 -0.00535369
-40.5509 86.7301 9.30628 0.483068 -0.875569 -0.0049845
-40.3176 86.853 10.3817 0.482185 -0.876055 -0.00495644
-40.0583 86.9888 11.4365 0.481591 -0.87638 -0.00525019
-39.8308 87.1085 12.3668 0.48148 -0.876444 -0.00473267
-39.4837 87.2944 13.366 0.47819 -0.878247 -0.00403657
-39.0649 87.5171 14.2153 0.475086 -0.879935 -0.00247536
-38.5984 87.7685 15.0273 0.472368 -0.881384 0.00431111
-38.0912 88.0404 15.7941 0.468243 -0.883599 -0.000703899
-37.2313 88.4956 16.6859 0.469718 -0.882815 -0.00157923
-36.2915 88.9946 17.3856 0.468915 -0.883199 0.0064804
-35.4714 89.4331 17.9092 0.456746 -0.889515 0.0120829
-34.6825 89.8414 18.2783 0.453941 -0.890973 0.0102156
-33.7986 90.293 18.5327 0.450256 -0.892847 0.00948843
-32.883 90.7495 18.6337 0.444115 -0.8959 0.0110495
-31.9762 91.1976 18.6707 0.440938 -0.897387 0.0164528
-31.0169 91.6569 18.5479 0.427617 -0.903859 0.0134362
-30.0721 92.0987 18.3466 0.425174 -0.904969 0.0160256
-29.1816 92.5029 18.092 0.402469 -0.91511 0.0243346
-28.1998 92.9217 17.6981 0.398344 -0.916902 0.0247498
-27.217 93.3322 17.282 0.383104 -0.922881 0.0385798
-26.2951 93.6932 16.802 0.376066 -0.926131 0.0289557
-25.4467 94.0154 16.3683 0.364606 -0.930239 0.0411759
-24.4142 94.3727 15.9509 0.335091 -0.941477 0.0365189
-23.5535 94.6708 15.5298 0.33077 -0.943419 0.0235057
-22.4097 95.018 15.0916 0.286103 -0.957827 0.02669
-21.4843 95.2715 14.7427 0.262255 -0.964165 0.0400885
-20.4352 95.53 14.5282 0.239194 -0.970481 0.0308579
-19.5239 95.7406 14.3144 0.219794 -0.974717 0.0400518
-18.3528 95.9717 14.0982 0.187863 -0.981276 0.0424954
-17.231 96.1607 13.9639 0.160805 -0.986441 0.0326365
-16.2431 96.3028 13.7688 0.135307 -0.990039 0.0388367
-15.1359 96.4186 13.6026 0.0929577 -0.995202 0.0304849
-13.9768 96.5121 13.4737 0.0653428 -0.997168 0.0367835
-12.9502 96.5501 13.3285 0.0207952 -0.99941 0.0273387
-11.9879 96.56 13.179 0.00745627 -0.999318 0.0361421
-10.7893 96.5337 12.9864 -0.040219 -0.998615 0.0338983
-9.81251 96.4897 12.8254 -0.040521 -0.998741 0.0295542
-8.85194 96.4209 12.6821 -0.0803398 -0.996142 0.0351019
-7.83631 96.3108 12.4945 -0.114859 -0.993162 0.0209177
-6.77609 96.1791 12.252 -0.130968 -0.990951 0.0284779
-5.83491 96.0254 12.0757 -0.176165 -0.984173 0.0191969
-4.8275 95.84 11.8657 -0.177751 -0.98384 0.0215052
-3.83453 95.6208 11.7205 -0.232923 -0.972191 0.0243065
-2.82683 95.3636 11.5636 -0.246643 -0.968816 0.0235063
-1.64225 95.0396 11.3051 -0.267379 -0.962989 0.0334038
-0.46443 94.6829 11.0282 -0.285421 -0.958144 0.0222224
0.425379 94.3921 10.7346 -0.317336 -0.947862 0.029235
1.39551 94.0516 10.4386 -0.326366 -0.944924 0.024561
2.45515 93.661 10.0301 -0.350656 -0.935922 0.0329104
3.33747 93.3272 9.54606 -0.348994 -0.937035 0.0129863
4.29648 92.9385 8.77545 -0.375302 -0.926702 0.018314
4.9767 92.6448 7.96483 -0.378814 -0.925332 0.0161641
5.60504 92.3647 6.98663 -0.396681 -0.917899 0.0102706
6.06933 92.1569 6.16306 -0.394716 -0.918779 0.00661492
6.46729 91.9757 5.25252 -0.403973 -0.914704 0.0110399
6.88763 91.7797 4.13191 -0.403895 -0.914774 0.00756064
7.16505 91.6468 3.01383 -0.409405 -0.912328 0.00651401
7.32462 91.5698 2.07011 -0.40789 -0.913013 0.00579216
7.41858 91.521 1.11318 -0.407993 -0.912957 0.00720731
7.41096 91.5161 0.0943908 -0.408382 -0.912792 0.00561254
7.41704 91.5108 -0.969951 -0.407113 -0.913374 0.00252341
7.2597 91.5785 -1.92466 -0.408737 -0.91265 0.00133085
6.948 91.7151 -3.02441 -0.404566 -0.914509 0.000384719
6.63532 91.8581 -4.04095 -0.405483 -0.914085 -0.00545846
6.18934 92.0601 -5.10275 -0.403934 -0.914769 -0.00593504
5.69362 92.2832 -5.90416 -0.400366 -0.916302 -0.00983782
5.06843 92.564 -6.70233 -0.397822 -0.917356 -0.0139746
4.44133 92.8294 -7.35185 -0.375974 -0.9266 -0.00749271
3.56037 93.1965 -7.87966 -0.37723 -0.925889 -0.0206125
2.49792 93.6267 -8.41337 -0.361763 -0.931973 -0.0234742
1.35112 94.0741 -8.69916 -0.351921 -0.935521 -0.0308491
0.407349 94.4129 -8.73787 -0.331696 -0.942521 -0.040347
-0.653667 94.7733 -8.68232 -0.315472 -0.947471 -0.052696
-1.66292 95.0893 -8.61336 -0.291414 -0.955956 -0.0347639
-2.73135 95.4113 -8.48038 -0.283628 -0.958365 -0.032271
-3.74331 95.6622 -8.49947 -0.212757 -0.976552 -0.0327494
-4.66585 95.8594 -8.44703 -0.209842 -0.977293 -0.0293958
-5.69829 96.0628 -8.51964 -0.178903 -0.98276 -0.0465598
-6.78457 96.226 -8.46414 -0.143571 -0.988636 -0.0445572
-7.77308 96.3579 -8.49957 -0.109748 -0.993117 -0.0375216
-9.01886 96.5051 -8.56693 -0.109647 -0.993619 -0.0263583
-10.1021 96.5747 -8.59585 -0.0507774 -0.998176 -0.0324072
-11.2128 96.6235 -8.57486 -0.0172265 -0.998457 -0.0527279
-12.2815 96.6356 -8.60119 -0.0039161 -0.999227 -0.0390891
-13.3038 96.6163 -8.52691 0.0533023 -0.99765 -0.0427575
-14.3362 96.5498 -8.47333 0.0718125 -0.996687 -0.0375755
