0.0728561 95.7131 -2.40228 -0.312483 -0.949874 -0.00837662
0.995832 95.3934 -1.36466 -0.320663 -0.947189 -0.0028674
1.27821 95.2964 -1.01997 -0.325362 -0.945587 -0.00196612
1.79798 95.1204 1.20105 -0.334471 -0.942384 0.00293334
0.953845 95.4091 0.00798233 -0.32439 -0.945922 0.00173732
0.123692 95.6847 -0.995667 -0.307305 -0.951592 -0.00498807
-0.991174 96.0474 -2.25649 -0.296931 -0.954893 -0.00329619
-1.75088 96.2806 -3.10019 -0.281369 -0.959418 -0.0186829
-3.4656 96.7379 -3.45804 -0.233391 -0.972314 -0.00778005
-2.40425 96.4619 -2.46596 -0.256544 -0.966479 -0.0101526
-1.4009 96.1652 -1.34892 -0.284226 -0.958724 -0.00796549
-0.512553 95.8863 -0.343139 -0.303188 -0.952929 -0.000487195
0.527345 95.5544 0.933037 -0.31397 -0.949422 0.000477026
1.27087 95.3061 2.00776 -0.327908 -0.944681 0.00728719
1.40718 95.2605 2.23293 -0.328588 -0.944453 0.00598059
0.959238 95.4204 3.14389 -0.318084 -0.948052 0.00432667
0.208348 95.6633 1.97743 -0.31211 -0.950029 0.00561535
-0.72563 95.9531 0.795946 -0.29471 -0.95558 0.00250072
-1.61559 96.2243 -0.215716 -0.290575 -0.956848 0.00293253
-2.53552 96.4883 -1.27555 -0.264778 -0.964262 -0.00938612
-3.47636 96.737 -2.23473 -0.234307 -0.972157 -0.00315554
-4.55543 96.985 -3.25991 -0.197931 -0.98019 -0.00560314
-4.91418 97.0571 -3.58703 -0.193274 -0.981139 -0.00335596
-6.61561 97.3515 -3.94681 -0.149335 -0.988769 -0.00108244
-5.6691 97.2042 -3.02057 -0.165796 -0.986074 0.00121701
-4.48897 96.9641 -1.92673 -0.20538 -0.978656 -0.00723634
-3.4033 96.711 -0.913627 -0.232921 -0.972457 -0.00867492
-2.38067 96.4399 0.278066 -0.264942 -0.964255 0.00426522
-1.50255 96.1924 1.29454 -0.28 -0.959995 -0.00045139
-0.597102 95.9241 2.37355 -0.296146 -0.955111 0.00735451
0.11953 95.703 3.48956 -0.311593 -0.950189 0.00530995
0.425683 95.6035 3.94364 -0.319095 -0.947687 0.00816005
-0.125732 95.7888 4.7898 -0.300016 -0.953934 2.21312e-06
-0.839185 96.0093 3.64688 -0.300575 -0.953716 0.00900344
-1.70292 96.2583 2.42259 -0.278336 -0.960456 0.00726776
-2.61387 96.5088 1.40495 -0.262961 -0.964782 -5.36805e-05
-3.71621 96.7787 0.107793 -0.230135 -0.973151 -0.00358092
-4.63898 96.9936 -0.871765 -0.205443 -0.978669 -0.000362776
-5.63332 97.1988 -1.78259 -0.177174 -0.984111 -0.00627852
-6.75442 97.3752 -2.75889 -0.149797 -0.98865 0.0108969
-7.92299 97.532 -3.9354 -0.113754 -0.99349 0.00157337
-8.2169 97.5627 -4.22015 -0.10878 -0.994051 0.00538378
-9.76498 97.7039 -4.48372 -0.0731682 -0.997317 -0.00206674
-8.77851 97.6234 -3.47689 -0.0874626 -0.996146 -0.000463753
-7.82634 97.5274 -2.55063 -0.108831 -0.994048 0.00497037
-6.65404 97.3714 -1.48025 -0.151381 -0.988456 -0.000683151
-5.58712 97.1845 -0.501085 -0.170498 -0.985339 -0.00612603
-4.60136 96.98 0.464466 -0.215228 -0.976553 -0.00434552
-3.76186 96.7962 1.48703 -0.23571 -0.971789 0.00723189
-2.79371 96.554 2.55082 -0.24594 -0.96928 -0.00164613
-1.85509 96.309 3.73529 -0.276123 -0.961115 0.00326764
-1.11468 96.0949 4.82104 -0.282694 -0.959179 -0.00313818
-0.731129 95.978 5.47325 -0.298409 -0.954435 -0.000815007
-1.4584 96.1912 5.95123 -0.276859 -0.960897 0.00452453
-2.28219 96.4239 4.71186 -0.257266 -0.966339 0.00189742
-3.10184 96.6339 3.60143 -0.238116 -0.971229 0.0037538
-3.9499 96.8382 2.59998 -0.232703 -0.972515 -0.00795174
-4.84927 97.0414 1.58146 -0.212955 -0.977055 0.00350637
-5.73279 97.2088 0.601749 -0.177789 -0.984067 -0.000242928
-6.75768 97.3808 -0.332126 -0.15588 -0.987766 0.00400292
-7.73804 97.5178 -1.22408 -0.126104 -0.992007 0.00415664
-8.7335 97.6154 -2.1569 -0.077884 -0.996929 -0.00817131
-9.88138 97.7042 -3.2204 -0.0713249 -0.997441 -0.00484337
-10.9143 97.7466 -4.44131 -0.0273849 -0.999571 -0.00998772
-11.0012 97.7502 -4.54084 -0.0218117 -0.999696 -0.00921619
-12.2977 97.7692 -4.62477 0.00669035 -0.999897 0.00112175
-11.3154 97.7584 -3.48395 -0.0247569 -0.999658 0.00228319
-10.4108 97.7299 -2.43236 -0.0529234 -0.998553 -0.00197432
-9.21124 97.6595 -1.33988 -0.0721511 -0.9973 0.0128648
-8.2436 97.5811 -0.452376 -0.106638 -0.994268 0.00656056
-7.28469 97.4677 0.44704 -0.151534 -0.98838 0.00618466
-6.14831 97.2815 1.4849 -0.172926 -0.984927 -0.00377577
-5.22494 97.1127 2.50902 -0.18325 -0.983063 0.00242528
-4.26908 96.9118 3.59988 -0.228044 -0.973648 -0.00236861
-3.34329 96.6971 4.75261 -0.231975 -0.972716 0.00333941
-2.50634 96.4842 5.94699 -0.259901 -0.965627 0.00387016
-2.28613 96.4262 6.32454 -0.260933 -0.965323 0.00690401
-3.00778 96.6229 6.83883 -0.239205 -0.97085 0.00627391
-3.73902 96.7926 5.70025 -0.229858 -0.973224 0.000682524
-4.5624 96.9773 4.62128 -0.210107 -0.977671 -0.00377188
-5.55986 97.182 3.49222 -0.191787 -0.981436 0.000412215
-6.4791 97.3387 2.47583 -0.174028 -0.984739 0.00166539
-7.51469 97.4998 1.50294 -0.137241 -0.990531 -0.00052899
-8.48199 97.6058 0.586724 -0.0904896 -0.995805 0.00827955
-9.5499 97.6885 -0.369516 -0.0548799 -0.998489 0.000708924
-10.5559 97.7342 -1.33019 -0.0357934 -0.999347 0.00439519
-11.5502 97.7685 -2.32067 -0.029452 -0.999563 0.00068557
-12.437 97.7692 -3.39666 0.0108996 -0.999776 0.000614718
-13.4669 97.7339 -4.59501 0.0521869 -0.998583 -0.00918231
-13.589 97.7277 -4.7055 0.0559799 -0.998297 -0.0143295
-14.9051 97.6382 -4.73182 0.0868043 -0.996135 -0.0134223
-13.897 97.7057 -3.70886 0.0544698 -0.998509 -0.0034749
-12.9409 97.74 -2.57237 0.044236 -0.998835 -0.0192642
-12.0876 97.7506 -1.54689 0.0126694 -0.99992 0.000237365
-11.0601 97.7523 -0.536669 0.00158714 -0.999966 -0.00780263
-10.0916 97.7164 0.360401 -0.0492914 -0.99878 0.00290313
-9.07198 97.673 1.32134 -0.0499077 -0.998711 -0.00426299
-8.10068 97.5779 2.23711 -0.11237 -0.993664 0.00198738
-7.02432 97.4278 3.26572 -0.156527 -0.987664 -0.00354999
-6.0866 97.2791 4.28239 -0.180793 -0.983507 -0.00428421
-5.14242 97.0907 5.34262 -0.199966 -0.979756 -0.00957663
-4.15721 96.8848 6.66425 -0.205826 -0.97857 0.0038475
-3.76693 96.8006 7.32736 -0.224252 -0.974478 0.00804985
-4.657 96.9893 7.58467 -0.196854 -0.980408 0.00624334
-5.60863 97.1685 6.20895 -0.176185 -0.984351 -0.00295657
-6.59234 97.3564 5.09529 -0.157041 -0.98752 -0.011867
-7.56599 97.4998 4.06633 -0.11982 -0.992745 -0.00987658
-8.53297 97.6224 3.08214 -0.0909138 -0.995695 -0.00788485
-9.54752 97.6931 2.11316 -0.0518531 -0.998639 -0.00380169
-10.8401 97.7499 0.892686 -0.04095 -0.999156 -0.00215206
-11.9838 97.7496 -0.125552 0.00100987 -0.999934 0.011255
-13.042 97.7286 -1.25263 0.0307089 -0.999527 -0.00167248
-14.0709 97.6918 -2.4829 0.0598276 -0.998144 0.0044934
-15.1107 97.6084 -3.65405 0.081853 -0.996593 -0.00972443
-16.0731 97.522 -4.60855 0.119641 -0.992732 -0.0130436
-17.6039 97.3199 -4.76631 0.157374 -0.987018 -0.0320865
-16.6243 97.446 -3.89156 0.120112 -0.992671 -0.0133558
-15.6985 97.5522 -2.96063 0.121609 -0.992562 0.00546667
-14.8068 97.6445 -1.95411 0.0924049 -0.99572 0.0016199
-13.821 97.6953 -0.726616 0.0390109 -0.999169 -0.0117907
-12.9151 97.7344 0.254038 0.0365732 -0.999264 0.0114074
-11.8312 97.7654 1.24011 -0.00182263 -0.999804 0.0136393
-10.8182 97.7475 2.13371 -0.0241522 -0.999703 -0.00302173
-9.70093 97.7011 3.22701 -0.0389055 -0.999222 -0.00520669
-8.53848 97.605 4.39589 -0.0924098 -0.995466 -0.0188174
-7.52352 97.4851 5.44837 -0.124862 -0.992131 -0.00911307
-6.58688 97.3364 6.42824 -0.14425 -0.989432 -0.0146968
-5.78683 97.1988 7.49327 -0.170181 -0.985406 -0.00357713
-5.53299 97.1535 7.88619 -0.166291 -0.986056 0.00619318
-6.43323 97.3042 8.12401 -0.148875 -0.988856 -3.41284e-05
-7.26283 97.4327 7.05213 -0.148234 -0.988918 -0.00823884
-8.35067 97.5656 5.9062 -0.0869916 -0.996085 0.0157051
-9.28562 97.6576 4.96417 -0.0705062 -0.997388 -0.00528496
-10.3113 97.7161 3.9118 -0.0340688 -0.999275 -0.0164429
-11.304 97.7471 2.94281 -0.0046028 -0.999871 -0.0154168
-12.32 97.7622 2.02358 0.0223159 -0.999705 -0.00780164
-13.3188 97.7192 1.13671 0.0583374 -0.998251 0.00607255
-14.3534 97.6551 0.0612173 0.070138 -0.997494 -0.00680785
-15.2856 97.6006 -1.0644 0.105254 -0.994437 0.00177344
-16.185 97.4959 -2.1702 0.126879 -0.991915 0.00186996
-17.2019 97.3648 -3.1809 0.14653 -0.988935 -0.012305
-18.324 97.185 -4.15173 0.174344 -0.984493 -0.0193479
-19.1247 97.0475 -4.79912 0.203317 -0.978517 -0.0339006
-20.866 96.6737 -5.03275 0.230518 -0.972908 -0.0136826
-19.736 96.907 -4.11804 0.207598 -0.978078 -0.0162678
-18.5726 97.1302 -3.17221 0.187689 -0.98215 -0.00862791
-17.6114 97.2952 -2.29264 0.166651 -0.986003 0.00397249
-16.6314 97.4427 -1.29599 0.136272 -0.990594 0.0123649
-15.8187 97.5403 -0.250094 0.112502 -0.993543 -0.0132421
-14.8755 97.6159 0.873772 0.0716444 -0.997428 0.000264886
-13.636 97.7082 2.11192 0.0627523 -0.998003 0.00691787
-12.5378 97.7428 3.02056 0.0248757 -0.999522 -0.018362
-11.5958 97.7312 3.95018 -0.00117016 -0.999781 -0.0207553
-10.5792 97.7055 4.96947 -0.025518 -0.999589 -0.00931459
-9.5064 97.6644 6.04353 -0.0398032 -0.999105 0.0143039
-8.49092 97.5873 7.03532 -0.0959252 -0.995386 -0.000275323
-7.5628 97.4713 8.12812 -0.13014 -0.991486 -0.00423586
-7.47407 97.459 8.24028 -0.133306 -0.99105 -0.00637127
-8.3901 97.5669 8.52457 -0.101348 -0.994657 -0.0152192
-9.31271 97.6571 7.5533 -0.0642972 -0.997755 -0.0113631
-10.2931 97.7018 6.55636 -0.0271015 -0.999479 0.0162493
-11.3372 97.7211 5.52733 -0.0192998 -0.999811 -0.00131468
-12.3252 97.7231 4.51502 0.00709992 -0.999974 0.00082013
-13.4123 97.7091 3.48565 0.042228 -0.999066 -0.00892073
-14.5158 97.6496 2.55198 0.0802268 -0.996771 0.00311676
-15.489 97.5585 1.55368 0.1161 -0.993212 -0.00630183
-16.5086 97.4485 0.377478 0.120137 -0.992593 -0.0178615
-17.3984 97.3296 -0.792073 0.155323 -0.987847 -0.00560635
-18.3489 97.1627 -1.71467 0.180499 -0.983557 -0.00573174
-19.3178 96.98 -2.62688 0.193762 -0.981048 0.000647225
-20.348 96.7654 -3.45476 0.209441 -0.977688 -0.016151
-21.4179 96.5284 -4.33141 0.24679 -0.969025 -0.00926846
-22.4376 96.2657 -5.1874 0.280594 -0.959551 -0.0224476
-22.5611 96.2328 -5.30087 0.280507 -0.959462 -0.0273431
-24.3643 95.6918 -5.85981 0.30955 -0.950715 -0.0145906
-23.4234 95.9695 -4.8902 0.298595 -0.954211 -0.0179542
-22.4369 96.2499 -4.06765 0.280137 -0.95989 -0.0116379
-21.4372 96.5103 -3.18898 0.251459 -0.96776 -0.0141116
-20.415 96.7458 -2.36524 0.218374 -0.975864 0.00152816
-19.3115 96.9776 -1.37133 0.189786 -0.981816 -0.00440151
-18.3798 97.1599 -0.442265 0.178635 -0.983889 0.0071643
-17.5117 97.3011 0.587145 0.157059 -0.987541 -0.00974994
-16.6262 97.4196 1.67612 0.132125 -0.991174 -0.0106656
-15.7261 97.5361 2.63865 0.123708 -0.992242 0.0115073
-14.7947 97.6277 3.56095 0.078022 -0.996942 -0.00176384
-13.6399 97.6931 4.48279 0.0535506 -0.99856 0.00305663
-12.6998 97.718 5.46937 0.0282726 -0.99955 -0.00867564
-11.6018 97.723 6.56074 0.00704698 -0.999936 0.00281577
-10.6622 97.7071 7.48751 -0.0161356 -0.999791 -0.0125543
-9.62299 97.6624 8.57081 -0.0382735 -0.999251 -0.00536594
-9.23179 97.6316 8.99126 -0.081684 -0.996595 -0.00895334
-10.2655 97.688 9.22929 -0.0417147 -0.999119 0.00372223
-11.2176 97.7103 8.27337 -0.0195774 -0.999806 0.000547557
-12.1654 97.7225 7.29357 0.0132689 -0.99988 -0.00407247
-13.2011 97.6997 6.27753 0.0320099 -0.999477 -0.00450236
-14.311 97.656 5.10068 0.0671571 -0.99768 -0.00145533
-15.3719 97.568 4.26912 0.0986943 -0.9951 -0.00229766
-16.3887 97.4497 3.28902 0.136385 -0.990654 0.00208226
-17.3627 97.3182 2.18683 0.138766 -0.990304 -0.00480107
-18.3086 97.169 1.08526 0.18132 -0.983363 -0.0107931
-19.1965 97.0075 0.0396455 0.19102 -0.981563 0.000645861
-20.259 96.7777 -0.988517 0.214654 -0.976677 0.00484937
-21.385 96.515 -1.94923 0.2421 -0.970224 -0.00726348
-22.4124 96.2423 -2.81964 0.259573 -0.965578 -0.0150649
-23.4156 95.9572 -3.73548 0.289175 -0.957247 -0.00514862
-24.551 95.6061 -4.70683 0.319101 -0.94757 -0.0166777
-25.3432 95.3547 -5.79042 0.327099 -0.944912 -0.012138
-26.008 95.1299 -6.57367 0.342191 -0.939528 -0.0138385
-28.865 94.013 -7.70562 0.394545 -0.918797 -0.0120361
-27.8164 94.445 -6.95407 0.383894 -0.923286 -0.0124105
-26.7736 94.8418 -6.14143 0.362894 -0.931595 -0.0209224
-25.8082 95.1781 -5.03598 0.339982 -0.940363 -0.0114099
-24.8777 95.4882 -3.84382 0.316003 -0.948723 -0.00814464
-23.8148 95.8308 -2.92786 0.292535 -0.956241 -0.000451935
-22.7593 96.1382 -1.92502 0.276201 -0.961082 -0.00559292
-21.7131 96.4261 -1.05997 0.255415 -0.966801 -0.00605852
-20.5609 96.7179 0.0243384 0.220875 -0.975169 0.0130314
-19.6048 96.9194 1.02689 0.202163 -0.979279 -0.0113243
-18.7433 97.0838 2.01889 0.183675 -0.982968 0.00461191
-17.6985 97.2582 3.16865 0.152639 -0.988246 -0.00414892
-16.7072 97.4115 4.29766 0.132735 -0.991136 0.00513269
-15.6286 97.5401 5.21868 0.117067 -0.993092 -0.00715572
-14.4766 97.6459 6.25437 0.0704146 -0.997514 0.000956193
-13.5092 97.6824 7.31849 0.0381364 -0.999244 -0.00598874
-12.4537 97.7138 8.24254 0.00874723 -0.999955 -0.0033087
-11.5504 97.7187 9.28336 -0.0093417 -0.999955 0.0013715
-11.3489 97.7171 9.47054 -0.00943739 -0.999955 0.00120675
-12.551 97.7182 9.57566 0.0135925 -0.999895 0.00484967
-13.5817 97.6832 8.40716 0.0455295 -0.998948 0.00555098
-14.6343 97.6217 7.50237 0.0561954 -0.998357 -0.00223478
-15.6127 97.5409 6.40278 0.106056 -0.994351 0.00174352
-16.6859 97.4073 5.55737 0.14574 -0.989247 -0.00834418
-17.8128 97.2457 4.39077 0.162233 -0.986735 -0.00530254
-18.9331 97.0456 3.21667 0.198007 -0.980178 -0.00599022
-19.857 96.8592 2.18109 0.206303 -0.978484 0.000641729
-20.8142 96.649 1.10349 0.255958 -0.966663 -0.006984
-21.7731 96.3995 0.181174 0.257367 -0.966266 -0.00954146
-22.7444 96.1389 -0.782454 0.271341 -0.96248 -0.000533648
-23.8726 95.81 -1.78618 0.307028 -0.951644 -0.00704109
-24.8054 95.5068 -2.76892 0.316932 -0.948441 -0.00383342
-25.8727 95.1399 -3.71505 0.33784 -0.941182 -0.00639143
-26.7187 94.839 -4.83015 0.357947 -0.933716 -0.00683181
-27.6546 94.4893 -5.78421 0.368952 -0.929283 -0.0175037
-28.859 94.0026 -6.50864 0.389776 -0.920856 -0.00918087
-29.7523 93.6265 -7.42724 0.403142 -0.91508 -0.00952743
-30.6017 93.2582 -8.38086 0.412048 -0.910976 -0.0181068
-32.0807 92.5744 -8.52216 0.428507 -0.903451 -0.0124238
-30.9923 93.068 -7.55394 0.423773 -0.905722 -0.00909323
-30.0871 93.4698 -6.61419 0.409945 -0.912074 -0.00811544
-28.9767 93.9443 -5.56447 0.394038 -0.91906 -0.00790791
-27.6581 94.4722 -4.5191 0.369081 -0.929371 -0.00676099
-26.5991 94.8756 -3.48518 0.351125 -0.936305 -0.0058843
-25.6304 95.2181 -2.45693 0.336381 -0.941703 -0.00657657
-24.6714 95.5423 -1.30609 0.320891 -0.947077 -0.00839999
-23.8282 95.8137 -0.317164 0.311635 -0.950166 -0.00825169
-22.7912 96.1163 0.589462 0.282233 -0.959285 -0.010108
-21.6909 96.4192 1.61596 0.267555 -0.96346 -0.0118838
-20.8382 96.6245 2.60272 0.23604 -0.9716 -0.0166912
-19.765 96.8665 3.63226 0.226259 -0.973927 -0.0147053
-18.8015 97.0619 4.55319 0.192638 -0.981255 -0.00533025
-17.8879 97.2243 5.60681 0.177185 -0.984169 -0.00371626
-16.8732 97.384 6.57878 0.146998 -0.989122 0.00539596
-15.8015 97.5216 7.53767 0.114975 -0.993358 -0.00435652
-14.9426 97.6037 8.55329 0.0873945 -0.99615 -0.00685756
-13.7828 97.6827 9.39879 0.046479 -0.998858 0.0110999
-13.3962 97.702 9.85628 0.0371716 -0.999239 0.0110092
-14.6126 97.6395 10.1524 0.0718214 -0.997407 0.00346821
-15.7043 97.5309 9.06076 0.10307 -0.994635 0.00841399
-16.6787 97.4151 8.08638 0.142997 -0.989689 0.00804209
-17.6105 97.2745 7.1546 0.158878 -0.987265 -2.31923e-05
-18.6266 97.0855 6.13844 0.191278 -0.9815 0.00228392
-19.7207 96.8629 5.04437 0.217232 -0.976061 -0.0101215
-20.7444 96.6293 4.02067 0.235931 -0.971762 -0.00317006
-21.7209 96.3894 3.0877 0.255508 -0.966647 -0.0153953
-22.6042 96.1551 2.1531 0.290562 -0.956712 -0.016535
-23.5481 95.8808 1.21693 0.297457 -0.954659 -0.00963277
-24.5451 95.5703 0.219953 0.316474 -0.948547 -0.0101371
-25.5831 95.2205 -0.81802 0.338238 -0.941045 -0.0052325
-26.4946 94.8951 -1.72956 0.351161 -0.936234 -0.0122583
-27.427 94.5535 -2.6619 0.368199 -0.929653 -0.0121329
-28.4283 94.1549 -3.66325 0.378481 -0.925601 -0.0039801
-29.5511 93.6945 -4.78599 0.392158 -0.919888 -0.00428095
-30.4925 93.2808 -5.72745 0.410549 -0.91182 -0.00540964
-31.4178 92.861 -6.65275 0.423865 -0.90568 -0.00907125
-32.3552 92.4312 -7.59011 0.430772 -0.902372 -0.0126176
-33.2159 92.0255 -8.43365 0.44591 -0.89503 -0.00921641
-34.3258 91.4668 -8.19376 0.450379 -0.892761 -0.0116656
-33.4564 91.8934 -7.21491 0.441911 -0.896974 -0.0101777
-32.4138 92.3882 -6.41606 0.431704 -0.901954 -0.0104507
-31.4671 92.8254 -5.36751 0.425403 -0.904981 -0.00639671
-30.6558 93.1956 -4.365 0.41788 -0.908424 -0.0119182
-29.5109 93.6977 -3.44407 0.402481 -0.915346 -0.0122926
-28.7158 94.0249 -2.34465 0.387222 -0.921952 -0.0079227
-27.6878 94.4333 -1.48788 0.376371 -0.926403 -0.0110343
-26.5697 94.8557 -0.678047 0.355618 -0.93457 -0.00970084
-25.5596 95.2168 0.544912 0.334535 -0.942312 -0.0115382
-24.5446 95.5547 1.61155 0.3088 -0.9511 -0.00720876
-23.688 95.8161 2.56123 0.299699 -0.953875 -0.0173738
-22.7308 96.0973 3.56648 0.283088 -0.959082 0.000416769
-21.6841 96.392 4.5354 0.263592 -0.96462 -0.00503984
-20.7488 96.6199 5.45528 0.240181 -0.970686 -0.00895866
-19.6753 96.8774 6.51151 0.211146 -0.977364 0.00775129
-18.6096 97.1056 7.61066 0.181484 -0.983291 0.00394638
-17.5074 97.2918 8.46935 0.155679 -0.987764 0.00932893
-16.4946 97.4437 9.62163 0.118036 -0.993005 0.00159223
-15.9502 97.5097 10.2823 0.109297 -0.994002 0.0036425
-16.9568 97.385 10.5001 0.135837 -0.990699 0.00133814
-17.8294 97.2431 9.52214 0.167562 -0.985858 0.00251895
-19.0124 97.0264 8.46466 0.197875 -0.980098 -0.0106411
-20.0468 96.7969 7.62468 0.234539 -0.972065 0.00631463
-20.9573 96.5666 6.52578 0.24751 -0.968808 0.00440795
-21.9318 96.3116 5.61755 0.260018 -0.965484 -0.0150088
-22.8895 96.0519 4.532 0.276393 -0.961037 -0.00393001
-23.9669 95.7182 3.56583 0.298558 -0.954374 -0.00555524
-24.9959 95.3927 2.61989 0.327164 -0.944943 -0.0063982
-26.006 95.0445 1.38433 0.338599 -0.940823 -0.0141124
-26.9093 94.7163 0.36532 0.358962 -0.933338 -0.00489513
-27.9454 94.3167 -0.528334 0.377807 -0.92578 -0.0138177
-29.0397 93.8757 -1.31254 0.395539 -0.918305 -0.0141227
-29.8302 93.5437 -2.43664 0.401452 -0.915796 -0.0123951
-30.7651 93.1326 -3.43316 0.417268 -0.908719 -0.0107831
-31.7024 92.7073 -4.2503 0.425138 -0.905098 -0.00717263
-32.5859 92.2954 -5.22166 0.428655 -0.903454 -0.0051563
-33.5417 91.8405 -6.24572 0.443521 -0.896213 -0.00955771
-34.6054 91.3157 -7.19142 0.455323 -0.890304 -0.00634415
-35.2504 90.9903 -7.96164 0.460271 -0.887671 -0.0138154
-35.977 90.6069 -7.44854 0.464972 -0.885301 -0.00656433
-35.052 91.0803 -6.40172 0.460178 -0.88778 -0.00897055
-34.0809 91.5667 -5.51797 0.449878 -0.893048 -0.00859881
-33.1748 92.0072 -4.5762 0.441642 -0.897157 -0.00782317
-32.3091 92.4151 -3.61867 0.427156 -0.904135 -0.00881641
-31.2031 92.924 -2.71136 0.415814 -0.909419 -0.00737057
-30.3844 93.2881 -1.77516 0.411768 -0.9112 -0.0126716
-29.6035 93.6205 -0.656691 0.402827 -0.915225 -0.00965268
-28.5888 94.0423 0.131973 0.3818 -0.924178 -0.0111227
-27.5136 94.4741 1.01825 0.376962 -0.926115 -0.0138271
-26.5003 94.8512 2.18028 0.349686 -0.936831 -0.00818279
-25.6408 95.1651 3.28423 0.327388 -0.944834 -0.00777954
-24.4096 95.5707 4.40349 0.31266 -0.949747 -0.0120661
-23.2556 95.9294 5.37242 0.295078 -0.955423 -0.00978741
-22.3758 96.1823 6.37884 0.280698 -0.959739 -0.00943607
-21.3519 96.4614 7.48177 0.268931 -0.963157 0.00185009
-20.488 96.6832 8.47738 0.242842 -0.970037 -0.00741775
-19.3427 96.9482 9.3265 0.218243 -0.975881 -0.00305201
-18.3366 97.1554 10.3042 0.187776 -0.982162 0.00728073
-17.932 97.2331 10.7266 0.170916 -0.985203 0.0109718
-18.9814 97.0328 10.9247 0.196938 -0.980339 0.0118153
-20.0503 96.7825 9.97152 0.233366 -0.972387 -0.00180247
-21.0606 96.5366 9.154 0.240002 -0.97076 -0.00482182
-22.0113 96.2819 8.16768 0.262805 -0.96484 0.00314095
-22.942 96.0056 7.08228 0.281765 -0.959383 -0.0139152
-23.8127 95.7505 6.11578 0.310298 -0.950634 -0.00297296
-24.823 95.4224 5.21592 0.317852 -0.9481 -0.00870686
-25.8998 95.0608 4.29431 0.33234 -0.943067 -0.0130583
-26.8328 94.72 3.25391 0.353816 -0.935295 -0.00610591
-27.6552 94.4034 2.24298 0.372774 -0.927854 -0.0112191
-28.6067 94.0223 1.23906 0.38605 -0.922448 -0.00738157
-29.6107 93.6078 0.471977 0.398851 -0.916977 -0.00836422
-30.5711 93.1917 -0.511571 0.41225 -0.911063 -0.0038405
-31.2897 92.8766 -1.64007 0.417571 -0.908569 -0.0101986
-32.3671 92.3774 -2.48138 0.427601 -0.903931 -0.00808301
-33.2686 91.9502 -3.39698 0.439209 -0.89836 -0.00665151
-34.2252 91.4843 -4.46434 0.453073 -0.891424 -0.0093847
-35.2147 90.9861 -5.31795 0.459795 -0.887997 -0.00681097
-36.178 90.4927 -6.37925 0.464372 -0.885603 -0.00800696
-36.564 90.2924 -6.78418 0.467745 -0.883833 -0.00728145
-37.188 89.9555 -6.18066 0.470342 -0.88246 -0.0065511
-36.3053 90.4154 -5.23701 0.467758 -0.883822 -0.0078571
-35.3347 90.9152 -4.29221 0.46185 -0.886925 -0.00764979
-34.4001 91.386 -3.38863 0.452265 -0.891855 -0.00708745
-33.4523 91.8521 -2.34649 0.439623 -0.898135 -0.00922589
-32.4047 92.3528 -1.41661 0.432063 -0.901815 -0.00504721
-31.4974 92.7674 -0.378661 0.420013 -0.907498 -0.00609575
-30.6833 93.1325 0.673204 0.407039 -0.913321 -0.0127823
-29.7126 93.5543 1.48931 0.402051 -0.915596 -0.00604099
-28.7843 93.9411 2.34274 0.386033 -0.922474 -0.00450231
-27.861 94.3209 3.42767 0.36878 -0.92951 -0.00198217
-26.8731 94.6998 4.54659 0.352063 -0.935975 -0.00141184
-25.9549 95.0334 5.44324 0.3385 -0.940948 -0.00460151
-24.8929 95.3939 6.34418 0.3183 -0.947987 -0.00216566
-23.758 95.7541 7.50122 0.30776 -0.951371 -0.0123126
-22.7025 96.0795 8.71858 0.289311 -0.957181 0.0101405
-21.8022 96.3387 9.67558 0.271298 -0.962494 -0.00168561
-20.6573 96.6346 10.6418 0.245948 -0.969237 1.54082e-05
-19.9291 96.819 11.2458 0.235089 -0.971847 0.0157223
-21.0586 96.5438 11.4653 0.253423 -0.967176 0.0176059
-22.1533 96.2385 10.5741 0.27388 -0.961613 0.000789237
-23.0622 95.9738 9.64302 0.298125 -0.95449 -0.00632668
-24.081 95.646 8.4744 0.308933 -0.951069 0.00532744
-25.1095 95.3104 7.36789 0.318217 -0.947895 -0.0144058
-26.0879 94.978 6.47386 0.339078 -0.940693 -0.0107578
-27.3334 94.5208 5.38764 0.360487 -0.932734 -0.00624019
-28.3837 94.1028 4.20657 0.382846 -0.923796 -0.00444924
-29.2869 93.7265 3.10515 0.393055 -0.919493 -0.00532269
-30.3721 93.2603 2.12118 0.404396 -0.914565 -0.00557391
-31.545 92.7388 1.03506 0.413189 -0.910637 -0.00358229
-32.2918 92.3986 -0.0221621 0.424433 -0.905458 -0.00178623
-33.2508 91.9382 -0.947803 0.438311 -0.898792 -0.00738975
-34.2021 91.4753 -1.84285 0.446962 -0.894505 -0.00848815
-35.1179 91.0161 -2.85031 0.458293 -0.888785 -0.00454239
-36.0896 90.5178 -3.83141 0.462458 -0.886619 -0.00619552
-37.0092 90.0385 -4.71982 0.467995 -0.883707 -0.00643856
-37.6771 89.688 -5.42487 0.474526 -0.880223 -0.00549919
-37.9944 89.5112 -4.49774 0.476438 -0.879202 -0.00324893
-37.1154 89.9765 -3.59413 0.466387 -0.884571 -0.00411465
-36.0428 90.5352 -2.57783 0.464108 -0.885763 -0.00515247
-35.154 90.9918 -1.59718 0.455001 -0.890487 -0.00211797
-34.0502 91.5424 -0.511111 0.446447 -0.894791 -0.00571492
-33.0456 92.036 0.454396 0.438421 -0.89874 -0.00490159
-32.1987 92.4357 1.55204 0.430561 -0.902545 -0.00552215
-31.2986 92.8409 2.47692 0.411904 -0.911211 -0.00540526
-30.2237 93.3181 3.4295 0.399614 -0.916671 -0.00472066
-29.3273 93.7002 4.43051 0.394038 -0.91907 -0.00660865
-28.433 94.0738 5.55568 0.38742 -0.921882 -0.00618817
-27.4572 94.4665 6.49936 0.359397 -0.933162 -0.00514305
-26.4007 94.8538 7.4132 0.338487 -0.940869 -0.0138381
-25.3003 95.2424 8.45441 0.323591 -0.946196 -0.00152559
-24.2299 95.6001 9.65282 0.313296 -0.949648 -0.00372033
-23.1575 95.9396 10.8174 0.285059 -0.958405 0.0133862
-22.3369 96.1972 11.5927 0.281913 -0.95926 0.0184881
-23.4248 95.8726 11.8155 0.309632 -0.950811 0.0093377
-24.3202 95.5733 10.8826 0.311657 -0.950161 0.0080312
-25.2424 95.2629 9.88527 0.321906 -0.946762 -0.000975791
-26.0917 94.9664 8.91508 0.342602 -0.939439 -0.000759149
-27.2465 94.5356 7.83361 0.355322 -0.934655 -0.0125806
-28.4072 94.0793 6.79401 0.384312 -0.923199 -0.00279259
-29.3184 93.6955 5.93052 0.394789 -0.918764 -0.00329868
-30.1831 93.326 4.77925 0.407236 -0.913313 -0.00305745
-31.1161 92.917 3.81665 0.415897 -0.909408 -0.00264512
-32.2257 92.4087 2.81588 0.424221 -0.905504 -0.00996124
-33.1557 91.9723 1.75829 0.440564 -0.897683 -0.00827338
-33.9703 91.5758 0.745276 0.445756 -0.895141 -0.00485209
-34.9236 91.1026 -0.1459 0.452633 -0.891672 -0.00613396
-35.8095 90.651 -1.02139 0.461276 -0.88725 -0.00354132
-36.6712 90.2036 -1.96943 0.465255 -0.885172 -0.0025436
-37.7045 89.6586 -3.00341 0.472174 -0.881471 -0.00773755
-38.3295 89.3242 -3.58047 0.478855 -0.877871 -0.00605343
-38.6472 89.144 -2.69015 0.479522 -0.877508 -0.00615143
-37.7482 89.6296 -1.84108 0.475537 -0.879688 -0.00359008
-36.8065 90.1283 -0.863919 0.466405 -0.884568 -0.00219372
-35.8965 90.6021 0.0915096 0.4613 -0.887228 -0.00456242
-34.951 91.0823 1.02637 0.456269 -0.889822 -0.00576099
-34.0196 91.5426 2.02116 0.450507 -0.892717 -0.00994733
-33.2119 91.9319 3.02627 0.440349 -0.89777 -0.0100224
-32.2385 92.3903 3.96858 0.425878 -0.904752 -0.00721828
-31.2946 92.825 4.86737 0.420088 -0.907435 -0.00935676
-30.4261 93.2105 5.88777 0.410835 -0.911691 -0.00580313
-29.6115 93.5661 6.89389 0.397559 -0.917566 -0.0044007
-28.4458 94.0601 8.00504 0.383586 -0.923503 -0.00204755
-27.4112 94.4663 8.90047 0.362131 -0.932108 -0.00390021
-26.4702 94.8238 9.82398 0.341577 -0.939837 -0.00535459
-25.5466 95.1541 10.8728 0.341708 -0.939806 -0.00083191
-24.5935 95.4935 11.8937 0.309479 -0.950573 0.0242438
-24.2272 95.6257 12.2891 0.307576 -0.951107 0.0276684
-25.1821 95.3039 12.5851 0.336111 -0.941645 0.0182713
-26.2234 94.9078 11.4546 0.343556 -0.939129 0.000448052
-27.2889 94.5108 10.2519 0.358252 -0.933609 -0.00518123
-28.2825 94.1225 9.2956 0.380673 -0.92464 -0.0076432
-29.2605 93.7138 8.4755 0.398938 -0.916951 -0.00685868
-30.1669 93.3166 7.53714 0.410252 -0.911962 -0.00409525
-31.0014 92.9459 6.54676 0.412461 -0.910932 -0.00861924
-31.929 92.5238 5.48057 0.423102 -0.90605 -0.00763583
-32.9239 92.0567 4.56695 0.44119 -0.897378 -0.00800129
-34.0109 91.5336 3.39563 0.447205 -0.894375 -0.00983532
-34.9065 91.0913 2.30069 0.455018 -0.890419 -0.0105957
-35.868 90.6077 1.32925 0.459499 -0.888154 -0.00649781
-36.9201 90.0634 0.305546 0.466198 -0.884667 -0.00486502
-37.7846 89.6047 -0.639697 0.475872 -0.879504 -0.00440078
-38.709 89.1056 -1.51555 0.480734 -0.876863 -0.00255875
-38.8358 89.0316 -0.446123 0.480511 -0.87698 -0.00390333
-37.9119 89.5324 0.462683 0.477958 -0.878341 -0.00768559
-37.0009 90.0122 1.44794 0.468097 -0.883634 -0.00873494
-36.0368 90.5129 2.35475 0.460184 -0.887786 -0.0078348
-35.17 90.9496 3.2942 0.453472 -0.891256 -0.0050468
-34.3755 91.3419 4.29306 0.444788 -0.895609 -0.00690222
-33.5161 91.7614 5.19632 0.441525 -0.897235 -0.00487398
-32.4574 92.2673 6.22751 0.434116 -0.900794 -0.0105899
-31.5665 92.6781 7.22944 0.420746 -0.90716 -0.0057479
-30.6038 93.1159 8.33626 0.418608 -0.908155 -0.0036282
-29.4686 93.6148 9.47082 0.405713 -0.913938 -0.0105257
-28.2538 94.1208 10.5373 0.382049 -0.924069 -0.0116232
-27.3957 94.459 11.4983 0.364781 -0.931086 -0.002063
-26.3052 94.8915 12.6588 0.359002 -0.933218 0.0146554
-25.9528 95.0301 13.031 0.351321 -0.936151 0.0139461
-26.787 94.7161 13.431 0.364587 -0.931083 0.012517
-27.6798 94.3535 12.4745 0.377108 -0.926137 0.00213305
-28.6018 93.973 11.4713 0.385286 -0.922751 -0.00215563
-29.6335 93.5305 10.4827 0.401889 -0.915663 -0.00624466
-30.6002 93.1073 9.61122 0.41115 -0.911526 -0.00873838
-31.5764 92.667 8.58198 0.421875 -0.906654 0.000286489
-32.4382 92.2642 7.56698 0.43056 -0.902526 -0.00798349
-33.3617 91.8277 6.55379 0.438986 -0.898448 -0.00861807
-34.2649 91.3879 5.64679 0.44383 -0.896093 -0.0056806
-35.2559 90.899 4.54881 0.451247 -0.892377 -0.00619502
-36.1543 90.4437 3.47555 0.459612 -0.888112 -0.00368779
-37.1364 89.9323 2.51202 0.468633 -0.883387 -0.00321269
-38.1738 89.383 1.47171 0.474435 -0.880276 -0.00388442
-38.7281 89.0841 0.89831 0.478355 -0.878157 -0.00408464
-38.5288 89.1866 2.34473 0.47777 -0.878476 -0.00398453
-37.5677 89.7001 3.28162 0.470839 -0.882212 -0.00302818
-36.5533 90.2313 4.30412 0.466636 -0.884434 -0.00503192
-35.7121 90.6624 5.33383 0.460557 -0.88761 -0.00595283
-34.7093 91.1611 6.4222 0.448537 -0.893738 -0.00678458
-33.7501 91.631 7.4055 0.43967 -0.898158 -0.00138967
-32.8624 92.0577 8.41739 0.434633 -0.900588 -0.00595514
-31.9626 92.4828 9.41413 0.430464 -0.902601 -0.00366412
-31.062 92.8934 10.4091 0.411937 -0.911199 -0.00475151
-30.1009 93.3216 11.2634 0.410771 -0.911723 -0.00532148
-29.1842 93.7217 12.1574 0.398631 -0.917099 0.00466551
-28.2547 94.1185 13.1542 0.384595 -0.923053 0.00779216
-27.6913 94.3581 13.755 0.377219 -0.926073 0.00781784
-28.465 94.0374 14.222 0.39216 -0.919882 0.0046669
-29.3454 93.6541 13.2544 0.407041 -0.913378 0.00758203
-30.4057 93.1802 12.1941 0.415043 -0.9098 0.00135904
-31.4335 92.7177 11.2545 0.416681 -0.909015 -0.00829388
-32.4673 92.2389 10.1719 0.428302 -0.903614 -0.0059526
-33.4563 91.7655 9.06275 0.436497 -0.899673 -0.00767928
-34.3261 91.3456 8.04368 0.446506 -0.894776 -0.00303877
-35.2977 90.8625 7.05056 0.448803 -0.893627 -0.00234821
-36.2731 90.3671 5.98365 0.461 -0.887383 -0.00556359
-37.0989 89.9393 4.97529 0.467699 -0.883878 -0.00416246
-38.2334 89.3384 3.81842 0.474763 -0.880099 -0.00503661
-38.2032 89.3469 5.05545 0.475165 -0.879886 -0.00415177
-37.3741 89.7884 5.9882 0.470018 -0.88265 -0.00344058
-36.3542 90.32 7.17831 0.459608 -0.888113 -0.00395796
-35.3116 90.8484 8.29804 0.454799 -0.890554 -0.00837202
-34.4055 91.2959 9.23248 0.445481 -0.895237 -0.00980649
-33.5888 91.6914 10.2159 0.442571 -0.896688 -0.00888433
-32.6189 92.1572 11.2777 0.438946 -0.898489 -0.00663588
-31.5166 92.6709 12.371 0.420727 -0.907184 -0.00203873
-30.5672 93.1089 13.2657 0.418186 -0.908354 0.00135779
-29.6206 93.5402 14.2399 0.405552 -0.914008 0.0107664
-29.2951 93.6877 14.6046 0.40063 -0.91619 0.00924273
-30.1181 93.329 15.0119 0.405181 -0.914157 0.01204
-31.04 92.8997 14.0709 0.417692 -0.908525 0.0104675
-31.996 92.4479 13.1193 0.423148 -0.906052 -0.0015188
-33.0371 91.9513 12.0764 0.436576 -0.899665 -0.00184038
-33.9128 91.5235 11.1541 0.443033 -0.896494 -0.00455048
-34.7456 91.1164 10.156 0.448423 -0.893789 -0.00766316
-35.7493 90.6161 9.07706 0.458075 -0.888833 -0.0118688
-36.683 90.1401 8.09851 0.466302 -0.884591 -0.00782403
-37.6379 89.6414 6.99903 0.472197 -0.881469 -0.0064324
-38.2002 89.3427 6.34124 0.475858 -0.879508 -0.00492477
-38.1738 89.349 7.65439 0.473002 -0.881037 -0.00657929
-37.3493 89.7818 8.64618 0.469707 -0.882775 -0.00913232
-36.406 90.2693 9.61209 0.459754 -0.887984 -0.0105029
-35.5151 90.7225 10.5877 0.456365 -0.889771 -0.00464148
-34.665 91.1472 11.5863 0.449197 -0.89341 -0.00630703
-33.637 91.6539 12.7047 0.443255 -0.896371 -0.00631275
-32.7167 92.102 13.6354 0.440978 -0.897502 0.00525264
-31.8188 92.5392 14.5451 0.425048 -0.905159 0.00467706
-31.1369 92.8617 15.2291 0.423726 -0.905771 0.00589836
-32.1632 92.378 15.4683 0.433659 -0.901074 0.00242011
-33.2564 91.8401 14.3723 0.442038 -0.896987 0.00405918
-34.1188 91.4116 13.4577 0.44773 -0.894146 0.000138835
-35.1222 90.9132 12.3765 0.449735 -0.893148 -0.00502066
-36.1086 90.411 11.2225 0.461955 -0.886893 -0.00427107
-37.1053 89.8956 10.1278 0.46875 -0.883273 -0.0100861
-37.989 89.4336 9.23072 0.474125 -0.880409 -0.00908355
-38.1087 89.3702 9.09024 0.475312 -0.879782 -0.00782995
-37.8788 89.479 10.5879 0.471265 -0.881946 -0.00895567
-36.8484 90.0194 11.6701 0.470878 -0.882183 -0.00514397
-35.9826 90.4692 12.6855 0.462849 -0.886423 -0.00487834
-34.9756 90.9761 13.8225 0.453228 -0.891383 0.00159259
-34.0075 91.4684 14.8108 0.446146 -0.894957 0.00205322
-33.4592 91.7432 15.4127 0.443467 -0.89627 0.00611515
-35.1917 90.8701 14.8434 0.456064 -0.88994 0.0034928
-36.037 90.4339 13.9279 0.461496 -0.887097 -0.00535015
-37.0271 89.9171 12.7659 0.469267 -0.883028 -0.00707519
-37.2993 89.7743 12.4317 0.470728 -0.882262 -0.0053582
-9.1841 97.6603 -4.92608 -0.0760187 -0.997106 0.00128118
-10.3076 97.7337 -5.08029 -0.0484149 -0.998754 -0.00387841
-11.364 97.7613 -5.14641 -0.0113374 -0.999873 -0.0111839
-12.544 97.7629 -5.12918 0.0208039 -0.99978 0.000742202
-13.6233 97.7362 -5.20897 0.0375408 -0.999057 -0.0215332
-14.8841 97.651 -5.27673 0.0925982 -0.995404 -0.0244315
-16.0167 97.5385 -5.32086 0.116708 -0.993072 -0.0133594
-17.2357 97.3892 -5.26683 0.127058 -0.99175 -0.0164655
-18.2299 97.2307 -5.29333 0.168956 -0.985467 -0.0175326
-19.2611 97.034 -5.37444 0.208794 -0.977705 -0.0220205
-20.3845 96.7909 -5.58144 0.215021 -0.976433 -0.0183528
-21.4266 96.5446 -5.72205 0.241393 -0.970167 -0.0224814
-22.5655 96.2488 -5.91949 0.274656 -0.961229 -0.0235697
-23.6936 95.9117 -6.23308 0.30151 -0.953239 -0.0206747
-24.631 95.6141 -6.58635 0.327613 -0.944656 -0.0171371
-25.6694 95.2593 -6.97661 0.335738 -0.941797 -0.0159579
-26.805 94.8488 -7.41827 0.353354 -0.935395 -0.00975173
-27.9355 94.4094 -7.90432 0.38158 -0.924217 -0.0138418
-28.8707 94.0199 -8.343 0.395383 -0.918327 -0.0186072
-29.9403 93.5607 -8.72883 0.404897 -0.914135 -0.0203973
-30.8547 93.1536 -8.96411 0.418215 -0.90817 -0.0179511
-31.9209 92.6591 -9.11433 0.43012 -0.902677 -0.0122048
-33.1029 92.0889 -9.08732 0.440933 -0.897456 -0.0110112
-34.0704 91.606 -8.97148 0.446738 -0.894581 -0.012081
-34.9744 91.145 -8.7513 0.455062 -0.890354 -0.0136861
-35.8998 90.6561 -8.22695 0.462809 -0.886369 -0.0126073
-36.9178 90.1104 -7.4116 0.468667 -0.883342 -0.00738445
-37.6393 89.7158 -6.52636 0.475305 -0.879783 -0.00814073
-38.154 89.4308 -5.60366 0.476414 -0.879201 -0.00593071
-38.6115 89.1751 -4.42282 0.480509 -0.876974 -0.00461994
-38.9375 88.9896 -3.4887 0.483078 -0.875564 -0.00489644
-39.2086 88.8338 -2.32258 0.482417 -0.875929 -0.00436948
-39.332 88.7621 -1.202 0.485534 -0.874213 -0.00282959
-39.2939 88.7779 0.144878 0.482771 -0.875738 -0.00361589
-39.1783 88.8377 1.16039 0.478521 -0.878071 -0.00299159
-39.0498 88.9039 2.15372 0.47916 -0.877719 -0.00378188
-38.9325 88.9621 3.33552 0.477652 -0.878536 -0.00478108
-38.8469 89.0026 4.37036 0.477502 -0.878615 -0.00521455
-38.7479 89.05 5.41749 0.478577 -0.878028 -0.00555059
-38.7461 89.0449 6.64507 0.479414 -0.877569 -0.00590705
-38.7471 89.0362 7.83389 0.481439 -0.876453 -0.00684014
-38.6318 89.0875 9.05306 0.477824 -0.878419 -0.00802841
-38.4689 89.1671 10.0711 0.477909 -0.878385 -0.00644583
-38.2586 89.2691 11.1971 0.472548 -0.88125 -0.00982168
-37.9218 89.4417 12.2021 0.474549 -0.880208 -0.00611585
-37.4829 89.6732 13.0789 0.46977 -0.88278 -0.00198447
-36.9098 89.9731 13.9476 0.466663 -0.884432 -0.00243715
-36.234 90.3292 14.6559 0.465388 -0.885105 -0.000495716
-35.2025 90.8664 15.3882 0.457969 -0.888963 0.00285873
-34.37 91.2926 15.7622 0.447016 -0.89451 0.0052767
-33.4844 91.7342 15.9344 0.443282 -0.896361 0.00621291
-32.5593 92.1885 16.0083 0.434069 -0.90086 0.00575253
-31.6393 92.6315 15.9211 0.428035 -0.903734 0.00424198
-30.7624 93.0407 15.7244 0.423095 -0.906035 0.00950002
-29.8331 93.4606 15.4165 0.404561 -0.914419 0.0129388
-28.8745 93.8733 14.9878 0.392759 -0.919567 0.0111078
-27.8967 94.2815 14.4862 0.386163 -0.922313 0.0133014
-26.7898 94.722 13.9454 0.369001 -0.929318 0.0118812
-25.9028 95.0575 13.5959 0.35294 -0.935553 0.0130766
-24.8821 95.4218 13.1607 0.335633 -0.941814 0.017947
-23.881 95.7521 12.7498 0.308025 -0.950862 0.0307491
-22.9748 96.027 12.4452 0.293907 -0.955501 0.0250057
-21.835 96.3512 12.1386 0.264274 -0.964084 0.0260935
-20.828 96.6098 11.9141 0.241026 -0.970339 0.0184486
-19.8167 96.854 11.7317 0.228257 -0.973462 0.0137423
-18.7855 97.0803 11.4492 0.203275 -0.97901 0.0105698
-17.7308 97.2725 11.2424 0.163462 -0.986476 0.011683
-16.6955 97.424 11.0924 0.130028 -0.991384 0.0157415
-15.5918 97.5558 10.8841 0.112836 -0.993491 0.0156197
-14.6221 97.6465 10.6793 0.0703863 -0.997421 0.0118054
-13.5473 97.7051 10.439 0.0395056 -0.99906 0.0131592
-12.5839 97.7237 10.1884 0.0226082 -0.999471 0.0233904
-11.5636 97.7248 10.022 -0.00500426 -0.999835 0.0174427
-10.398 97.6983 9.85005 -0.0398014 -0.999157 0.0100926
-9.26699 97.6343 9.56043 -0.0801627 -0.996772 0.00403564
-8.34527 97.5572 9.21696 -0.0973792 -0.995191 -0.000778309
-7.34275 97.4425 8.95287 -0.134452 -0.990871 0.00960155
-6.04048 97.2448 8.586 -0.1629 -0.986593 0.00942561
-5.03564 97.0695 8.27061 -0.179906 -0.983631 0.00876833
-3.94255 96.8489 7.91508 -0.213438 -0.976766 0.010334
-3.00019 96.6247 7.54207 -0.238219 -0.971121 0.00340913
-2.02532 96.3647 7.02092 -0.266346 -0.963781 0.011053
-1.04688 96.0763 6.40347 -0.278685 -0.960351 0.00763747
-0.203689 95.8142 5.7312 -0.297344 -0.954762 0.00395128
0.629213 95.5432 4.8352 -0.317819 -0.948109 0.00892226
1.15328 95.3597 4.00856 -0.322447 -0.946547 0.00759035
1.58529 95.2029 3.12622 -0.330485 -0.943795 0.00547535
2.06497 95.0291 2.13217 -0.339242 -0.940685 0.00441023
2.29054 94.9415 1.09283 -0.342508 -0.939503 0.00473064
2.15835 94.9901 -0.0199642 -0.337247 -0.941394 -0.000816514
1.92263 95.0732 -0.992391 -0.329158 -0.944273 -0.0016924
1.39556 95.258 -1.97089 -0.328266 -0.944565 -0.00533276
0.626599 95.529 -2.65676 -0.320973 -0.947044 -0.00901019
-0.196824 95.8051 -3.15651 -0.310762 -0.95047 -0.00571792
-1.20298 96.1242 -3.5083 -0.296748 -0.954826 -0.0152406
-2.16613 96.412 -3.81678 -0.273955 -0.961685 -0.0103289
-3.40663 96.7306 -4.04515 -0.229554 -0.973071 -0.0181183
-4.38086 96.9539 -4.16621 -0.208223 -0.977895 -0.00931779
-5.45381 97.1655 -4.34577 -0.192874 -0.981221 -0.00234144
-6.43787 97.3249 -4.52024 -0.156068 -0.987719 -0.00678035
-7.51003 97.4735 -4.61323 -0.129198 -0.991615 -0.00016717
-8.49636 97.5894 -4.77208 -0.105182 -0.994408 0.00944558
-8.77262 97.618 -4.8326 -0.104803 -0.994446 0.00961703
-8.59099 97.6083 -5.79576 -0.0963355 -0.99513 -0.020869
-7.52397 97.4882 -5.58998 -0.128244 -0.991456 -0.0238323
-6.5456 97.3551 -5.52116 -0.148453 -0.988468 -0.0287435
-5.19004 97.1241 -5.26139 -0.184471 -0.982597 -0.0212513
-3.88107 96.8566 -5.07574 -0.220591 -0.975172 -0.0194761
-2.85767 96.6123 -4.95445 -0.242049 -0.970044 -0.0206509
-1.72898 96.3022 -4.7264 -0.27261 -0.961938 -0.0189134
-0.661018 95.9714 -4.35343 -0.302778 -0.952847 -0.019915
0.317872 95.6458 -4.02135 -0.314882 -0.948932 -0.0193942
1.19739 95.3442 -3.46532 -0.328213 -0.944486 -0.0127841
2.0281 95.0428 -2.71549 -0.336762 -0.941523 -0.0102416
2.64838 94.8149 -1.79668 -0.345595 -0.938381 -0.00231925
2.95752 94.6986 -0.749832 -0.345886 -0.938275 -0.00161667
3.17805 94.6157 0.554344 -0.345249 -0.938509 0.000242421
3.1438 94.6338 1.78873 -0.35023 -0.936656 0.00350401
2.82129 94.7586 2.70948 -0.339207 -0.940661 0.00974603
2.35347 94.9375 3.63756 -0.33933 -0.940571 0.0134225
1.86585 95.1219 4.68018 -0.324734 -0.945719 0.0127308
1.19044 95.3631 5.67241 -0.315842 -0.948772 0.00868107
0.275074 95.6722 6.59882 -0.303186 -0.952846 0.0125997
-0.516006 95.9272 7.21597 -0.285883 -0.958131 0.0158481
-1.34638 96.1808 7.759 -0.276267 -0.960978 0.0140643
-2.28937 96.4492 8.29196 -0.252216 -0.967599 0.0115815
-3.20138 96.6824 8.67329 -0.232132 -0.972629 0.0100551
-4.13266 96.8978 9.00295 -0.193487 -0.980949 0.016277
-5.11719 97.0961 9.28801 -0.179253 -0.983628 0.0161501
-6.06517 97.2661 9.62405 -0.163353 -0.986347 0.0198792
-7.35662 97.4521 9.97429 -0.122824 -0.992232 0.0171966
-8.41778 97.5652 10.2764 -0.0952995 -0.995388 0.0109924
-9.57715 97.6676 10.656 -0.0786858 -0.996648 0.0223233
-10.8574 97.7273 10.8895 -0.0334234 -0.999372 0.0115513
-12.1139 97.7445 11.085 -0.00131188 -0.99987 0.0160647
-13.1227 97.734 11.3346 0.0373038 -0.999074 0.0207946
-14.2277 97.6838 11.5793 0.0719086 -0.997388 0.00648934
-15.3968 97.5914 11.8219 0.108432 -0.99405 0.0103019
-16.4858 97.4652 12.0591 0.121086 -0.992542 0.0141197
-17.5658 97.3133 12.1931 0.156877 -0.987397 0.0174734
-18.5191 97.1464 12.3812 0.204216 -0.978771 0.0160418
-19.7441 96.885 12.69 0.219119 -0.975595 0.0141917
-20.7179 96.6576 12.8456 0.241734 -0.970074 0.0227597
-21.7903 96.387 13.0971 0.251992 -0.967256 0.0298752
-22.875 96.0833 13.4304 0.28369 -0.958453 0.0295994
-23.8397 95.7918 13.7195 0.309129 -0.950644 0.0245768
-24.812 95.47 14.1778 0.332057 -0.943019 0.0207555
-25.7848 95.1235 14.5868 0.35439 -0.934805 0.0232755
-26.8555 94.7179 15.0261 0.376226 -0.926278 0.0215184
-27.6959 94.3825 15.455 0.390605 -0.9204 0.0170696
-28.5932 94.0105 15.9254 0.395644 -0.918175 0.0197933
-29.4619 93.6382 16.3049 0.405096 -0.91418 0.0130452
-30.5334 93.1576 16.6708 0.418978 -0.90793 0.00944323
-31.427 92.7395 16.8587 0.431653 -0.902014 0.00679209
-32.3172 92.3136 16.9762 0.435137 -0.900289 0.00999408
-33.2796 91.8427 16.9581 0.441529 -0.897224 0.00630813
-34.2291 91.3675 16.7927 0.451288 -0.892369 0.00398665
-35.1656 90.8884 16.4841 0.459085 -0.88839 0.0018168
-36.2258 90.3353 15.861 0.461781 -0.886989 0.00237329
-37.033 89.9081 15.2007 0.467469 -0.884007 0.0019059
-37.7076 89.5509 14.3986 0.469442 -0.882956 -0.0017051
-38.25 89.261 13.5184 0.472966 -0.88108 -0.000851746
-38.7017 89.0202 12.5608 0.472824 -0.881156 -0.00135156
-39.0525 88.8366 11.6412 0.477801 -0.878436 -0.00753041
-39.264 88.7308 10.5438 0.47883 -0.877883 -0.00660993
-39.4097 88.659 9.50336 0.481071 -0.87666 -0.00611973
-39.5747 88.5772 8.34236 0.481774 -0.876262 -0.00764115
-39.587 88.5799 7.15912 0.48225 -0.876009 -0.00650801
-39.582 88.5909 5.98849 0.481265 -0.876549 -0.00670708
-39.6351 88.5697 4.90489 0.480498 -0.876974 -0.00618698
-39.7667 88.5029 3.90372 0.481861 -0.876237 -0.00441491
-39.8358 88.4701 2.90284 0.481718 -0.876313 -0.0047322
-39.9563 88.4083 1.82163 0.481743 -0.876309 -0.00255695
-40.1081 88.3277 0.585309 0.484495 -0.874793 -0.00153573
-40.2031 88.2767 -0.464463 0.485716 -0.874116 -0.00118396
-40.121 88.3247 -1.62586 0.485816 -0.874054 -0.00366719
-39.968 88.4154 -2.86185 0.485786 -0.874067 -0.00440272
-39.7099 88.5652 -3.90403 0.484821 -0.874595 -0.00569916
-39.2889 88.8067 -5.11773 0.482519 -0.875863 -0.00619997
-38.9369 89.0079 -6.05568 0.481368 -0.876486 -0.00756072
-38.4585 89.2761 -6.905 0.476014 -0.879397 -0.00842077
-37.7033 89.6941 -7.91445 0.475319 -0.879768 -0.00890264
-36.8743 90.1463 -8.67478 0.468681 -0.883268 -0.0132049
-36.0594 90.5874 -9.3106 0.464592 -0.885441 -0.0121053
-35.2444 91.017 -9.68698 0.459141 -0.888299 -0.0106809
-34.2178 91.5466 -9.95767 0.44753 -0.894126 -0.0157495
-33.152 92.0785 -10.0875 0.441321 -0.897226 -0.0148796
-32.1986 92.5391 -10.0962 0.433571 -0.901018 -0.0134826
-31.0722 93.0731 -10.012 0.425472 -0.904838 -0.0152791
-30.1342 93.4979 -9.78802 0.412388 -0.910754 -0.0215517
-29.1643 93.9201 -9.47241 0.403572 -0.914705 -0.0211034
-28.2955 94.2828 -9.11779 0.386846 -0.921909 -0.0208114
-27.443 94.6246 -8.74057 0.367382 -0.92981 -0.0219662
-26.4022 95.0157 -8.28777 0.355462 -0.934442 -0.0210755
-25.4625 95.3537 -7.90117 0.342328 -0.939354 -0.0206415
-24.3599 95.725 -7.49565 0.323141 -0.945911 -0.0286326
-23.2955 96.0586 -7.1017 0.301109 -0.953167 -0.0279305
-22.0956 96.3971 -6.77574 0.2729 -0.961228 -0.0395874
-21.122 96.6422 -6.62546 0.241637 -0.970048 -0.0248256
-19.924 96.9171 -6.45816 0.21155 -0.976953 -0.0283829
-18.8213 97.1389 -6.32383 0.190958 -0.981105 -0.0311072
-17.7371 97.3236 -6.21717 0.155115 -0.987281 -0.0348533
-16.717 97.4715 -6.26064 0.124452 -0.991954 -0.0231994
-15.6382 97.6054 -6.27404 0.105535 -0.994042 -0.02384
-14.5992 97.7002 -6.21973 0.0754552 -0.996359 -0.0351534
-13.4627 97.7587 -6.16085 0.0347123 -0.99922 -0.0187929
-12.0768 97.7889 -6.09962 0.017472 -0.999529 -0.0252351
-10.7942 97.7684 -6.08597 -0.0205573 -0.999127 -0.0347979
-9.78842 97.7119 -5.99285 -0.0577741 -0.997993 -0.0259097
-8.98724 97.648 -5.89191 -0.0945751 -0.995348 -0.018382
-8.78646 97.6592 -6.86266 -0.0894512 -0.994217 -0.0561514
-7.55255 97.5169 -6.60879 -0.119366 -0.991475 -0.0512232
-6.20011 97.3308 -6.45617 -0.14801 -0.98767 -0.0509904
-5.11828 97.144 -6.22105 -0.172124 -0.983364 -0.0577223
-4.04713 96.9262 -6.05435 -0.218184 -0.974671 -0.0489429
-2.89999 96.6563 -5.92641 -0.2362 -0.970756 -0.0427155
-1.81935 96.3564 -5.75814 -0.275111 -0.960612 -0.0392193
-0.894748 96.0758 -5.46965 -0.290891 -0.956151 -0.0330221
0.128294 95.7355 -5.17146 -0.317579 -0.947846 -0.0268614
1.2041 95.3605 -4.71523 -0.327765 -0.94461 -0.0168062
2.13832 95.0196 -3.95306 -0.331777 -0.943145 -0.0200322
2.89716 94.7288 -3.13479 -0.345841 -0.938268 -0.0067849
3.47163 94.512 -2.19561 -0.350323 -0.936615 -0.00486612
3.8831 94.352 -0.988057 -0.354922 -0.934892 -0.00240677
4.06415 94.2802 0.0759873 -0.35609 -0.934444 -0.00330832
4.11103 94.2629 1.17076 -0.357015 -0.934084 0.00526587
3.9339 94.338 2.23233 -0.356618 -0.934221 0.00715474
3.61831 94.4685 3.22069 -0.353662 -0.935247 0.0151715
3.14066 94.6595 4.19542 -0.34528 -0.938429 0.0111081
2.70901 94.8294 5.10373 -0.3443 -0.938739 0.0150003
2.06444 95.0767 6.04117 -0.32293 -0.946283 0.0162669
1.28923 95.3467 6.93662 -0.315182 -0.948861 0.0178647
0.606313 95.5848 7.63969 -0.307151 -0.951333 0.024586
-0.278783 95.8739 8.28293 -0.290187 -0.956779 0.0191062
-1.16441 96.1496 8.80759 -0.280379 -0.959627 0.021816
-2.01295 96.3907 9.2481 -0.251479 -0.967767 0.0136345
-3.10862 96.6822 9.67339 -0.241941 -0.969983 0.0218287
-4.02527 96.8989 9.98927 -0.194976 -0.980574 0.0211152
-4.98026 97.0898 10.2671 -0.185844 -0.982324 0.0218961
-5.9927 97.2841 10.6204 -0.154427 -0.987398 0.0330141
-7.02792 97.4265 10.917 -0.116026 -0.993151 0.013713
-7.99914 97.5411 11.1624 -0.100891 -0.994509 0.0266019
-9.12776 97.6505 11.4988 -0.0759076 -0.996863 0.0223583
-10.0878 97.7286 11.7119 -0.0581492 -0.997716 0.0281401
-11.0829 97.7646 11.8884 -0.0109189 -0.99952 0.0282419
-12.2519 97.775 12.136 -0.000886083 -0.999433 0.0336246
-13.489 97.7578 12.4403 0.057002 -0.997655 0.0344223
-14.7795 97.6719 12.6999 0.0776041 -0.996382 0.0346321
-15.8532 97.5724 12.9499 0.129212 -0.991115 0.0299991
-17.092 97.4056 13.1331 0.14 -0.98997 0.0187956
-18.3286 97.1982 13.3658 0.194099 -0.980847 0.0159884
-19.405 96.9853 13.5821 0.210294 -0.976532 0.0456485
-20.3724 96.7747 13.7379 0.23732 -0.970278 0.0456233
-21.4411 96.5118 13.984 0.245518 -0.968618 0.0387225
-22.4024 96.2519 14.2762 0.288085 -0.957166 0.0288514
-23.4943 95.9257 14.6196 0.295807 -0.954717 0.0311733
-24.5537 95.5865 15.0886 0.330741 -0.943308 0.0278927
-25.4774 95.2671 15.5134 0.347538 -0.937108 0.0323224
-26.546 94.8645 15.9551 0.375001 -0.926689 0.0246996
-27.4775 94.5018 16.4114 0.386652 -0.92153 0.0346158
-28.3011 94.1584 16.8478 0.400231 -0.916148 0.0221129
-29.2388 93.757 17.2559 0.403123 -0.914885 0.0217506
-30.2483 93.3016 17.5899 0.421069 -0.906885 0.0161007
-31.226 92.8474 17.8132 0.428785 -0.903278 0.0150403
-32.2296 92.3682 17.9609 0.437589 -0.899076 0.0132015
-33.1811 91.9008 17.9377 0.442848 -0.896525 0.0113343
-34.1252 91.4267 17.7844 0.449976 -0.892963 0.011735
-35.1854 90.8841 17.5328 0.456118 -0.889862 0.0100224
-36.0167 90.4509 17.1175 0.462213 -0.886726 0.00877338
-36.7883 90.0433 16.6389 0.463869 -0.885876 0.00672616
-37.5139 89.6563 16.0018 0.46824 -0.883593 0.00384107
-38.1981 89.2915 15.2655 0.468553 -0.883434 0.00167799
-38.7811 88.9778 14.3753 0.471043 -0.882106 0.00276642
-39.3075 88.6916 13.3336 0.475694 -0.879606 0.0027036
-39.7253 88.465 12.4115 0.478533 -0.878067 -0.00215951
-39.9803 88.3328 11.4324 0.480205 -0.877134 -0.00618899
-40.1393 88.2532 10.378 0.480292 -0.877087 -0.00624186
-40.2739 88.1855 9.36355 0.482885 -0.875672 -0.00444146
-40.4128 88.1159 8.18943 0.484161 -0.874953 -0.00675947
-40.4454 88.1067 7.13549 0.485276 -0.874323 -0.00809271
-40.4427 88.1172 6.12807 0.482046 -0.876107 -0.00823786
-40.494 88.0979 4.912 0.4818 -0.876271 -0.00431347
-40.6313 88.0266 3.84235 0.484607 -0.874726 -0.00324569
-40.7627 87.9593 2.64068 0.484944 -0.874536 -0.00391298
-40.9071 87.8836 1.16932 0.485264 -0.874364 -0.00248932
-41.0102 87.8271 0.142698 0.486191 -0.873851 0.00120212
-40.9815 87.8409 -1.12658 0.49182 -0.870696 0.00144393
-40.8974 87.8927 -2.32566 0.490295 -0.871542 -0.00486132
-40.6959 88.0142 -3.53656 0.488303 -0.872655 -0.00575044
-40.398 88.1894 -4.65282 0.487856 -0.872888 -0.00792123
-40.0145 88.412 -5.7192 0.483981 -0.875034 -0.0088096
-39.6093 88.6447 -6.66465 0.481446 -0.876428 -0.00913768
-38.9194 89.0339 -7.7911 0.477314 -0.878684 -0.00924501
-38.1541 89.461 -8.75873 0.475883 -0.879361 -0.0161074
-37.4173 89.8691 -9.4411 0.470454 -0.882329 -0.0130107
-36.6888 90.2667 -10.0545 0.467826 -0.883641 -0.0176398
-35.7164 90.7864 -10.5534 0.463928 -0.885735 -0.0156288
-34.7181 91.3111 -10.8773 0.454357 -0.890654 -0.0163044
-33.7637 91.7943 -11.0413 0.445683 -0.894978 -0.0188143
-32.7567 92.2892 -11.0971 0.438387 -0.898562 -0.0199372
-31.8619 92.7226 -11.0702 0.434536 -0.900439 -0.0196092
-30.9375 93.1564 -10.9587 0.425862 -0.904528 -0.0217159
-29.8767 93.6382 -10.7209 0.408415 -0.912313 -0.0293161
-28.9484 94.0374 -10.398 0.399615 -0.916397 -0.0228917
-28.037 94.4184 -10.0464 0.387627 -0.921236 -0.032618
-26.869 94.8716 -9.50094 0.370323 -0.928312 -0.032893
-25.845 95.2463 -9.10588 0.347808 -0.937199 -0.0258874
-24.8631 95.5917 -8.66416 0.335341 -0.941454 -0.033847
-23.8997 95.9025 -8.32219 0.304663 -0.951868 -0.0335017
-22.7565 96.2523 -7.92724 0.298346 -0.954012 -0.0291615
-21.6732 96.5434 -7.67129 0.238985 -0.970236 -0.0390877
-20.5622 96.8116 -7.47189 0.23421 -0.971039 -0.0464904
-19.5199 97.0353 -7.34571 0.208538 -0.976519 -0.0540512
-18.2639 97.2736 -7.24402 0.186056 -0.982169 -0.0268417
-17.2847 97.4295 -7.17476 0.152777 -0.987591 -0.0363611
-16.0677 97.5859 -7.24441 0.11329 -0.992992 -0.0336101
-14.8327 97.7186 -7.1717 0.105263 -0.99361 -0.040727
-13.7906 97.7703 -7.15048 0.0396928 -0.998675 -0.0327108
-12.6993 97.8039 -7.09545 0.0144486 -0.999393 -0.0317067
-11.7094 97.8202 -7.10122 0.00389907 -0.999283 -0.0363821
-10.7227 97.7988 -7.03911 -0.0576367 -0.997752 -0.0340546
-9.57661 97.7315 -6.95791 -0.0648045 -0.996682 -0.046925
-8.89058 97.6699 -6.88206 -0.0844302 -0.994167 -0.0667977
