-3.09294 97.249 5.17204 -0.230042 -0.973154 0.00666513
-2.27769 97.0369 4.09622 -0.246999 -0.969014 0.00168657
-1.38147 96.7866 2.91164 -0.276058 -0.961117 0.0067644
-1.02685 96.6807 2.35734 -0.280485 -0.959802 0.00913939
-0.954934 96.6507 0.582419 -0.287154 -0.957882 -0.00224374
-1.76287 96.8874 1.89055 -0.271144 -0.962486 0.0100457
-2.63542 97.1223 3.10538 -0.243622 -0.969849 0.00634627
-3.44282 97.3241 4.16473 -0.229005 -0.973398 0.00732163
-4.53915 97.5694 5.43622 -0.200297 -0.97973 -0.0032
-5.50066 97.7548 6.43502 -0.178154 -0.983982 0.00614759
-5.83408 97.8163 6.76492 -0.174441 -0.984666 0.00188752
-7.93416 98.1228 7.49691 -0.115844 -0.993171 -0.00581296
-6.93164 97.9938 6.54521 -0.151812 -0.988397 -0.0047446
-5.83501 97.8206 5.46375 -0.183942 -0.982917 -0.00636119
-4.78643 97.6224 4.38998 -0.200683 -0.979654 -0.00142489
-3.87087 97.4194 3.2204 -0.228423 -0.97356 0.000446793
-2.91663 97.1925 2.01758 -0.239253 -0.970955 -0.00186632
-2.10875 96.9814 0.811617 -0.265482 -0.964114 0.0020351
-1.48712 96.8117 -0.292332 -0.281634 -0.959478 -0.00639944
-2.25039 97.0251 -0.745474 -0.266128 -0.963864 -0.0119572
-3.00012 97.2109 0.522346 -0.229531 -0.973301 -0.00127841
-3.8376 97.4152 1.72592 -0.218215 -0.975885 0.00140943
-4.71938 97.6059 2.85137 -0.182268 -0.983239 0.00391962
-5.64882 97.7851 3.96467 -0.174078 -0.984723 0.00422294
-6.65999 97.9589 5.00087 -0.147155 -0.989113 0.00027273
-7.78099 98.1128 6.09661 -0.111038 -0.993812 0.00011384
-8.74674 98.207 7.02421 -0.0891327 -0.995924 -0.0133841
-9.83041 98.2757 7.90608 -0.0422945 -0.999099 -0.00180686
-10.1833 98.2912 8.23238 -0.0432946 -0.999061 0.00156474
-11.9004 98.3407 8.71764 0.000682479 -0.99993 -0.00112559
-10.7676 98.3225 7.52271 -0.0321798 -0.99939 -0.0134113
-9.73412 98.2819 6.64479 -0.0608485 -0.998067 -0.00893848
-8.71 98.2154 5.74033 -0.0906036 -0.995724 -0.00616847
-7.67551 98.0941 4.72585 -0.11783 -0.99303 0.00255799
-6.55507 97.9331 3.57326 -0.147824 -0.988933 0.0117465
-5.51861 97.749 2.39453 -0.171238 -0.985184 0.00791917
-4.48161 97.5519 1.0918 -0.212989 -0.977036 0.00424993
-3.59824 97.3582 -0.175894 -0.232704 -0.972466 -0.0124082
-3.0966 97.2489 -1.07426 -0.2333 -0.972305 -0.0139148
-3.84375 97.432 -1.55143 -0.22183 -0.974995 -0.0124292
-4.61372 97.5866 -0.29727 -0.210219 -0.977606 -0.00867894
-5.46709 97.7449 0.916048 -0.175822 -0.984412 -0.00450549
-6.38556 97.8991 2.00459 -0.16732 -0.985893 -0.00412964
-7.30956 98.0401 3.03681 -0.143638 -0.989626 -0.00261669
-8.31646 98.1672 4.07512 -0.114773 -0.993383 0.0042521
-9.46799 98.2748 5.19093 -0.0735786 -0.997275 -0.00431004
-10.6278 98.3295 6.19527 -0.0357066 -0.999254 -0.00419751
-11.755 98.345 7.17205 -0.00961653 -0.999914 -0.00152463
-12.6641 98.3327 8.20955 0.011514 -0.99993 -0.00242324
-13.6803 98.3019 9.22991 0.0467614 -0.998881 0.00588686
-15.3177 98.183 9.47077 0.108713 -0.994057 0.00525427
-14.2962 98.2696 8.55863 0.066601 -0.997527 -0.000613714
-13.2378 98.3217 7.4745 0.0203273 -0.999793 0.000513645
-12.2086 98.3459 6.30679 0.018059 -0.999763 -0.0120638
-10.9269 98.344 5.25107 -0.0210083 -0.999735 -0.00937871
-9.62186 98.2894 4.09742 -0.07408 -0.997242 -0.00171083
-8.47406 98.1856 2.94492 -0.101729 -0.994811 0.00119019
-7.49935 98.0713 1.89997 -0.136313 -0.990666 -0.000462996
-6.50606 97.9223 0.758135 -0.159411 -0.987211 -0.000270998
-5.69167 97.7893 -0.313421 -0.172454 -0.985007 -0.00456502
-4.8363 97.6414 -1.53362 -0.204322 -0.978845 -0.0105435
-4.63706 97.6051 -1.95333 -0.202495 -0.979218 -0.0112742
-5.57348 97.7883 -2.09313 -0.169737 -0.985436 -0.0101286
-6.40368 97.9152 -0.882208 -0.155575 -0.987724 -0.011973
-7.25418 98.0424 0.252875 -0.156422 -0.987685 -0.0031756
-8.27071 98.1665 1.38577 -0.0979706 -0.995171 0.00558332
-9.24341 98.2588 2.43727 -0.0756064 -0.997135 -0.00238518
-10.3892 98.3259 3.5695 -0.0268896 -0.999596 -0.00810387
-11.3961 98.3485 4.45603 -0.00672241 -0.999962 0.00562049
-12.663 98.3459 5.47249 0.0297714 -0.999528 -0.000849038
-13.6232 98.3069 6.5078 0.0351684 -0.999381 -0.00102355
-14.5556 98.2485 7.56006 0.0800844 -0.996757 -0.00514352
-15.6407 98.1467 8.55824 0.110669 -0.993795 -0.000949929
-16.7177 98.0194 9.49331 0.124085 -0.992255 0.00466661
-17.3752 97.929 10.1321 0.154873 -0.987818 0.0107979
-19.0483 97.634 10.5179 0.186516 -0.982382 0.0112353
-18.095 97.8048 9.58749 0.178403 -0.983943 0.00475857
-17.0793 97.9649 8.58177 0.148357 -0.988785 0.0147879
-15.9755 98.107 7.66429 0.122381 -0.992482 -0.0015165
-14.7958 98.2332 6.49625 0.0951535 -0.995446 0.00472427
-13.7286 98.3048 5.22527 0.0607697 -0.998104 -0.000654769
-12.5521 98.3444 4.21711 0.0154407 -0.999853 -0.00211799
-11.3349 98.3483 3.17017 -0.011787 -0.999902 -0.00753477
-10.3492 98.3306 2.24393 -0.0343153 -0.999255 0.00958136
-9.18937 98.2458 1.05039 -0.072765 -0.997306 0.00884697
-8.28748 98.1693 0.0338176 -0.111196 -0.993741 -0.00953598
-7.33935 98.0536 -1.14843 -0.130063 -0.991505 -0.00100306
-6.50021 97.9433 -2.32907 -0.155718 -0.987786 -0.00288467
-6.43701 97.9332 -2.42337 -0.159421 -0.987206 -0.00257713
-7.37297 98.0663 -2.62851 -0.130651 -0.991401 -0.00731316
-8.18462 98.1578 -1.5421 -0.107838 -0.99416 0.00397514
-9.06487 98.2467 -0.441673 -0.0878967 -0.996113 -0.00567919
-9.99914 98.3011 0.533132 -0.0466189 -0.998818 -0.0123185
-11.0588 98.3457 1.64754 -0.0205772 -0.999774 0.00533225
-12.1816 98.3539 2.68595 0.0140731 -0.999871 0.00741694
-13.3545 98.3238 3.65417 0.0457785 -0.998934 0.00397443
-14.3961 98.2637 4.5698 0.0793202 -0.996792 -0.00636361
-15.3817 98.1718 5.76704 0.111805 -0.99373 -0.00105575
-16.366 98.061 6.7797 0.121577 -0.99257 0.00421129
-17.4434 97.9035 7.68595 0.152028 -0.988375 -0.00154306
-18.496 97.7303 8.64829 0.175816 -0.984419 -0.00207715
-19.5466 97.5234 9.7464 0.220315 -0.975411 0.0059008
-20.58 97.2886 10.6112 0.239167 -0.970964 0.00371831
-20.8405 97.2245 10.8141 0.245223 -0.969453 0.00398122
-22.5211 96.7748 11.2171 0.27418 -0.961672 0.00257014
-21.3805 97.0856 10.121 0.254623 -0.967024 0.00553766
-20.3538 97.3374 9.26426 0.237433 -0.971396 -0.00351455
-19.4336 97.5534 8.28591 0.203444 -0.979075 -0.00371775
-18.4506 97.7399 7.33623 0.166435 -0.986051 0.0013126
-17.3802 97.9121 6.44981 0.147288 -0.989085 0.00402632
-16.2928 98.0609 5.43568 0.122869 -0.992422 0.00113067
-15.4046 98.1715 4.35221 0.0992448 -0.995039 -0.00344193
-14.4473 98.2548 3.35439 0.0845415 -0.996401 0.00620422
-13.1708 98.3327 2.32443 0.0656013 -0.997829 0.0058263
-12.0424 98.3521 1.32425 0.00426647 -0.999947 0.00607142
-10.9763 98.3423 0.267229 -0.033308 -0.999338 -0.0143044
-9.85429 98.305 -0.942144 -0.0626163 -0.99795 -0.00124392
-8.78345 98.2106 -2.21906 -0.0859853 -0.996276 -0.00497065
-8.32125 98.1752 -2.84857 -0.0986728 -0.995045 -0.00218235
-9.29937 98.2557 -3.0279 -0.0765399 -0.997062 -0.0028551
-10.2822 98.3241 -1.85244 -0.0627798 -0.997934 0.0108208
-11.3081 98.3652 -0.7648 -0.0305795 -0.999446 -0.0131636
-12.2504 98.3508 0.285361 0.0189964 -0.999764 -0.0105422
-13.2332 98.3197 1.20004 0.045386 -0.998919 0.00996438
-14.449 98.2455 2.18459 0.0676105 -0.997649 0.00896298
-15.6116 98.1467 3.11484 0.102445 -0.994633 0.0144624
-16.5383 98.0395 4.33522 0.134338 -0.990863 0.0112429
-17.4982 97.8931 5.34581 0.15059 -0.988501 -0.0126815
-18.6075 97.7008 6.2261 0.18173 -0.983322 0.00199121
-19.6628 97.502 7.21628 0.205479 -0.978644 0.00570814
-20.8048 97.2305 8.4039 0.238812 -0.971058 -0.00381599
-21.9244 96.9364 9.42229 0.269095 -0.963112 -0.00154432
-23.0547 96.6132 10.4689 0.294514 -0.955585 0.00641605
-23.9615 96.3324 11.4308 0.304498 -0.952376 0.0151447
-24.3763 96.2061 11.8181 0.320587 -0.947138 0.0122687
-26.5745 95.4228 12.6309 0.361107 -0.932451 0.0113589
-25.431 95.8349 11.5406 0.339882 -0.940376 0.0131481
-24.4136 96.1807 10.6974 0.315325 -0.948964 0.00577082
-23.4376 96.4889 9.52372 0.301303 -0.953526 0.00201832
-22.2721 96.8365 8.56725 0.279481 -0.960102 0.00808163
-21.2931 97.1044 7.62109 0.262161 -0.965011 -0.00235066
-20.3756 97.3321 6.60913 0.238001 -0.971226 0.00825294
-19.2929 97.572 5.61782 0.206606 -0.978417 0.00264417
-18.2257 97.7803 4.79954 0.176158 -0.984311 -0.00975014
-17.1428 97.9484 3.65884 0.148499 -0.988865 0.00944066
-16.3549 98.0471 2.54128 0.130736 -0.991409 0.0039677
-15.1187 98.186 1.59088 0.106798 -0.994183 -0.0139338
-14.0508 98.2757 0.692591 0.071345 -0.99734 -0.0148692
-13.0519 98.3379 -0.241495 0.0395399 -0.999193 -0.0070764
-12.0971 98.3674 -1.31078 0.0174512 -0.999838 -0.00442023
-11.074 98.3542 -2.4105 -0.0331789 -0.999442 0.00374728
-10.1689 98.3155 -3.37315 -0.0375848 -0.99929 -0.00210973
-11.3564 98.36 -3.44897 -0.0246315 -0.99963 -0.00283762
-12.4821 98.3668 -2.3147 0.0176561 -0.999786 -0.0106101
-13.4925 98.335 -1.14264 0.0351495 -0.999287 -0.0122495
-14.6864 98.2376 0.0275356 0.0800035 -0.996669 -0.0154724
-15.9284 98.1038 1.06852 0.118761 -0.992899 -0.00693889
-17.158 97.9444 2.10524 0.126242 -0.991995 -0.00196896
-17.9449 97.8259 3.27026 0.149968 -0.988668 -0.0033121
-18.9575 97.6481 4.19338 0.189763 -0.98181 -0.00628541
-20.2659 97.3639 5.21037 0.223069 -0.974704 -0.00184075
-21.4056 97.0704 6.42598 0.263789 -0.964565 0.00513425
-22.5073 96.7605 7.60494 0.285681 -0.958316 0.00173005
-23.6009 96.431 8.43906 0.30505 -0.952309 0.00707476
-24.5003 96.1455 9.44212 0.313999 -0.949423 0.000250576
-25.5523 95.7869 10.5438 0.335813 -0.941927 -0.00181077
-26.5561 95.4194 11.3681 0.34783 -0.937522 0.00810075
-27.4707 95.0686 12.2844 0.365455 -0.930769 0.010524
-28.4447 94.6841 13.1381 0.383614 -0.923457 0.00367502
-29.2696 94.3338 14.0496 0.395354 -0.918519 0.00196407
-30.9561 93.5853 14.6757 0.417508 -0.908647 0.00627149
-30.0898 93.9721 13.6598 0.411362 -0.911462 0.00420529
-29.1014 94.4039 12.5252 0.392762 -0.919633 0.00334679
-28.1162 94.809 11.7058 0.377878 -0.925839 0.00199782
-27.061 95.2272 10.6157 0.357444 -0.933926 -0.00393199
-25.9465 95.6455 9.78517 0.339709 -0.940503 -0.00685714
-25.0982 95.9443 8.77705 0.320739 -0.947158 0.00419287
-24.0578 96.2861 7.69764 0.302036 -0.953294 -0.00226202
-22.9988 96.6193 6.83108 0.281816 -0.959439 -0.00754453
-22.1021 96.8844 5.84411 0.264495 -0.964331 -0.00763269
-21.1097 97.1589 4.73015 0.239902 -0.970789 -0.00337348
-20.0174 97.4232 3.886 0.232812 -0.972446 -0.0081148
-18.9474 97.6595 3.01709 0.196328 -0.980532 -0.00353251
-18.0039 97.8269 1.86235 0.175624 -0.984427 -0.00227938
-17.1716 97.9541 0.794881 0.126299 -0.991955 -0.00778899
-15.7914 98.1353 -0.204744 0.111845 -0.993658 -0.0104873
-14.6366 98.256 -1.28935 0.0786583 -0.996862 -0.00882024
-13.6452 98.3252 -2.37618 0.0551732 -0.998422 0.00248197
-12.7457 98.36 -3.4793 0.0355273 -0.99935 0.00607968
-12.6266 98.3635 -3.61605 0.0355323 -0.99935 0.00612391
-13.7366 98.3219 -3.74424 0.063014 -0.997984 -0.00754064
-14.7066 98.2515 -2.65399 0.0802093 -0.996724 0.00878389
-15.7521 98.1471 -1.55324 0.110067 -0.993924 0.000870696
-16.878 98.0054 -0.368458 0.137768 -0.990325 -0.0149362
-18.0504 97.8222 0.331965 0.158904 -0.987287 -0.00370128
-18.896 97.6694 1.6563 0.179682 -0.983694 -0.00765238
-19.8995 97.47 2.55992 0.203984 -0.978888 -0.00888748
-20.998 97.1899 3.47637 0.253987 -0.967102 -0.013594
-22.1869 96.8723 4.50145 0.276422 -0.961033 -0.00243783
-23.1074 96.593 5.60601 0.29422 -0.955729 -0.00202198
-24.2027 96.2442 6.7194 0.309174 -0.951005 0.000556888
-25.3 95.8731 7.38675 0.325332 -0.945581 -0.00588111
-26.0407 95.6162 8.68228 0.341807 -0.939745 0.00438282
-27.1079 95.2109 9.41612 0.360218 -0.932862 -0.00332756
-28.0806 94.8267 10.4563 0.372025 -0.928205 -0.00239847
-29.0353 94.4303 11.3649 0.387699 -0.921746 0.00202763
-30.0694 93.9785 12.2723 0.40694 -0.913434 0.0036224
-31.0332 93.5406 13.3833 0.419813 -0.907594 0.00416131
-32.0688 93.0637 14.642 0.430693 -0.902465 0.00776554
-32.521 92.8494 15.0083 0.439561 -0.898198 0.00513694
-33.7206 92.2604 14.7487 0.447132 -0.894468 0.00010884
-32.715 92.749 13.7959 0.431549 -0.90208 0.00413724
-31.7126 93.2242 12.7406 0.426374 -0.904545 0.000387147
-30.6518 93.715 11.63 0.414945 -0.909836 -0.00402011
-29.6257 94.1745 10.7205 0.403542 -0.914957 -0.00269416
-28.4682 94.6704 9.66122 0.380278 -0.924865 -0.000689712
-27.5591 95.0398 8.60357 0.361122 -0.932513 -0.00331304
-26.5568 95.4246 7.76547 0.339796 -0.940477 -0.00619465
-25.5535 95.7907 6.66214 0.32907 -0.944284 -0.00475255
-24.6296 96.103 5.7524 0.316146 -0.948705 0.000871292
-23.6527 96.4269 4.79891 0.305904 -0.952051 -0.00441581
-22.7262 96.7162 3.83507 0.284521 -0.958652 0.00584915
-21.597 97.0456 2.68179 0.261897 -0.965002 -0.0133898
-20.6051 97.3153 1.75985 0.239835 -0.97075 -0.0106612
-19.5696 97.5369 0.949456 0.197441 -0.980313 0.0012222
-18.6741 97.7126 -0.34636 0.179701 -0.983717 0.00266581
-17.55 97.9094 -1.0274 0.155978 -0.987729 -0.00616147
-16.6466 98.0399 -2.07679 0.13598 -0.990711 -0.000150077
-15.5444 98.171 -3.32186 0.10695 -0.994207 -0.0103395
-15.1198 98.219 -3.72454 0.0928477 -0.99564 -0.00589088
-16.7098 98.0347 -3.6843 0.133851 -0.990988 -0.00505785
-17.6541 97.8975 -2.5746 0.155409 -0.987776 0.00313722
-18.8222 97.6847 -1.40648 0.181231 -0.983431 -0.00297306
-19.8491 97.481 -0.379559 0.204908 -0.97878 0.00125743
-20.9716 97.2303 0.746143 0.240023 -0.970757 0.00323308
-21.9236 96.9736 1.69488 0.270153 -0.962622 -0.0193517
-22.9241 96.6645 2.69541 0.289841 -0.956887 -0.0189523
-23.9018 96.3514 3.64347 0.302375 -0.953179 -0.00420706
-24.8772 96.0263 4.66673 0.321644 -0.94684 -0.00629185
-25.9542 95.6522 5.72553 0.33605 -0.941841 0.000716416
-27.1056 95.2294 6.88218 0.356273 -0.934354 -0.00547499
-28.2186 94.7823 7.9899 0.376954 -0.92619 -0.00864067
-29.1826 94.3742 8.91299 0.3973 -0.917679 -0.00419492
-30.0138 94.0068 9.89375 0.402414 -0.915434 -0.00654111
-30.9691 93.5737 10.7321 0.413509 -0.910492 -0.00376739
-31.8748 93.1522 11.6461 0.425876 -0.90477 -0.00378157
-32.9316 92.6444 12.7029 0.432952 -0.901414 -0.000737177
-33.9264 92.1589 13.6648 0.445365 -0.895337 -0.00450553
-34.8239 91.7076 14.5545 0.452967 -0.891525 -0.000837192
-35.5572 91.3365 14.0504 0.452684 -0.891645 -0.00682855
-34.6852 91.7821 12.9892 0.451835 -0.892099 -0.00180895
-33.6246 92.3106 12.0288 0.439814 -0.898076 0.00265456
-32.5837 92.8186 10.9727 0.430975 -0.902354 -0.00351343
-31.5164 93.3275 9.93431 0.421731 -0.906702 -0.00507935
-30.4169 93.8338 8.87461 0.413524 -0.910478 -0.00529784
-29.5965 94.2032 7.79508 0.398915 -0.916963 -0.00615429
-28.5018 94.6746 6.76103 0.383461 -0.923555 -0.00192048
-27.4399 95.1027 5.91164 0.359314 -0.933217 -0.000647367
-26.6409 95.4106 4.87085 0.34292 -0.939291 -0.00803788
-25.4759 95.827 3.92319 0.32357 -0.946178 -0.00695653
-24.4887 96.1707 2.94656 0.303898 -0.952665 -0.00772204
-23.4745 96.5077 1.89281 0.294716 -0.955474 -0.0144111
-22.4905 96.8174 0.860468 0.276747 -0.960927 -0.00539431
-21.3306 97.1369 -0.232625 0.243334 -0.969931 0.00175266
-20.2796 97.3893 -1.33555 0.220075 -0.975441 -0.00899326
-19.18 97.6263 -2.39416 0.187668 -0.982219 -0.00346379
-18.2887 97.7894 -3.47088 0.170286 -0.985338 -0.0104635
-17.6884 97.9003 -4.03576 0.157464 -0.987368 -0.0122475
-19.0182 97.6658 -3.93989 0.18427 -0.982703 -0.0165165
-20.0326 97.4562 -2.90421 0.205433 -0.978617 0.00229929
-21.017 97.2248 -1.98494 0.239598 -0.970812 -0.00816656
-21.9568 96.9719 -0.920153 0.261949 -0.965075 -0.00291252
-23.0576 96.6554 0.15867 0.287085 -0.957866 -0.00683274
-23.934 96.3754 1.13365 0.30514 -0.952128 -0.0162638
-24.9687 96.0221 2.15006 0.327274 -0.944863 -0.00941748
-26.0414 95.639 3.15235 0.330582 -0.943763 -0.00507034
-27.1275 95.2333 4.0718 0.350586 -0.936514 -0.00546429
-28.1579 94.8213 5.38764 0.379327 -0.9252 -0.00981432
-29.2033 94.3846 6.13263 0.386159 -0.922427 -0.00315067
-30.1621 93.9634 7.00293 0.402804 -0.915199 -0.0126462
-30.8564 93.6385 8.1244 0.417747 -0.908547 -0.00398546
-31.7971 93.2002 9.15034 0.429579 -0.903026 -0.00218131
-32.817 92.7105 10.0001 0.432595 -0.901583 -0.00197929
-33.8332 92.2076 10.8506 0.441737 -0.897134 -0.00407921
-34.9125 91.6689 11.9028 0.449363 -0.893348 0.000560776
-35.7044 91.2637 13.0614 0.45722 -0.889353 0.000589993
-36.1217 91.0479 13.3357 0.463234 -0.886232 -0.00284026
-36.7802 90.7036 12.6894 0.468119 -0.883662 -0.00254198
-35.8601 91.1851 11.7558 0.458262 -0.888817 -0.000338507
-35.0269 91.6118 10.7791 0.448074 -0.89399 0.00164316
-34.1172 92.073 9.89987 0.446073 -0.894963 -0.00751281
-33.0091 92.6217 9.03017 0.435542 -0.90015 -0.00376409
-31.9818 93.1172 8.21331 0.429646 -0.902985 -0.0046128
-31.2287 93.4772 7.09613 0.421059 -0.906951 -0.0122341
-30.457 93.844 6.03862 0.411125 -0.911514 -0.00927117
-29.3282 94.3348 5.11946 0.388037 -0.921644 -0.000367143
-28.3867 94.7399 4.15711 0.394188 -0.918938 0.00057688
-27.4506 95.1139 3.2018 0.3629 -0.9318 -0.00066634
-26.3874 95.5176 2.23584 0.347759 -0.937562 -0.00639619
-25.3155 95.9122 1.24588 0.332516 -0.943027 -0.0113042
-24.2224 96.295 0.143722 0.313155 -0.949616 -0.0120398
-23.2913 96.5956 -0.885394 0.287666 -0.957718 -0.00466951
-22.3985 96.8586 -1.8706 0.272662 -0.962041 -0.0112322
-21.3331 97.1483 -2.96717 0.244565 -0.969616 -0.00393088
-20.3415 97.3978 -3.84782 0.207973 -0.978049 -0.0127613
-20.1078 97.4504 -4.10732 0.208641 -0.977929 -0.0111269
-21.2047 97.2009 -4.31596 0.245519 -0.969332 -0.0107422
-22.2123 96.9234 -3.40333 0.257157 -0.96624 -0.0157736
-23.1649 96.6432 -2.39955 0.282883 -0.959093 -0.00858135
-24.0539 96.3606 -1.38177 0.303621 -0.952755 -0.0072491
-25.0365 96.0262 -0.314256 0.324326 -0.945901 -0.00911831
-25.9938 95.6815 0.63395 0.332158 -0.94314 -0.0124482
-27.0828 95.2654 1.68029 0.347054 -0.93778 -0.0108998
-28.1437 94.8421 2.63391 0.369836 -0.929066 -0.00748617
-29.1941 94.4015 3.73701 0.388798 -0.921253 -0.0113346
-30.2249 93.9508 4.66503 0.404532 -0.914507 -0.00441101
-31.3342 93.4426 5.71256 0.422464 -0.906349 -0.00724329
-32.1611 93.0417 7.02982 0.42889 -0.903309 -0.00880041
-33.1612 92.5538 8.05003 0.43363 -0.901074 -0.00554426
-34.2484 92.0183 8.83736 0.441681 -0.897117 -0.00944354
-35.2701 91.4977 9.75535 0.449199 -0.893396 -0.0080369
-36.1303 91.0458 10.7106 0.457988 -0.888931 -0.00626711
-37.0437 90.5659 11.7579 0.468505 -0.883458 -0.00219715
-37.1365 90.5166 11.8263 0.468457 -0.883485 -0.00172221
-37.5387 90.3063 10.969 0.469347 -0.882999 -0.00513371
-36.681 90.7687 10.0409 0.458516 -0.888637 -0.00938554
-35.801 91.2335 9.06268 0.455891 -0.889951 -0.0122486
-34.7953 91.7509 8.1776 0.448075 -0.893973 -0.00636933
-33.7047 92.2934 7.36175 0.440967 -0.897516 -0.0034672
-32.7509 92.7655 6.33107 0.436093 -0.899866 -0.00783232
-31.9949 93.1361 5.20517 0.426629 -0.904395 -0.00758618
-31.0351 93.5925 4.19596 0.414131 -0.910111 -0.0125057
-29.8558 94.1245 3.1304 0.400907 -0.916106 -0.00463953
-28.8777 94.5474 2.09041 0.381304 -0.924423 -0.00687459
-27.7573 95.0106 1.09228 0.375864 -0.926609 -0.0110618
-26.6026 95.4635 -0.0100158 0.355179 -0.934766 -0.00762063
-25.4385 95.8981 -1.18819 0.331361 -0.943372 -0.0133062
-24.3896 96.2668 -2.33905 0.31613 -0.948667 -0.00921246
-23.4793 96.5582 -3.39325 0.282624 -0.959168 -0.010522
-22.5234 96.8488 -4.35655 0.275786 -0.96117 -0.00967041
-22.4006 96.8856 -4.47538 0.274598 -0.961455 -0.0136858
-23.3767 96.6084 -4.79056 0.286168 -0.958065 -0.0118011
-24.2869 96.3176 -3.8406 0.300621 -0.953519 -0.0197638
-25.223 95.9935 -2.7297 0.329532 -0.943976 -0.0125588
-26.2005 95.6268 -1.63528 0.345072 -0.93853 -0.00923206
-27.1442 95.2647 -0.727405 0.353235 -0.935473 -0.0106381
-28.0788 94.8912 0.200066 0.376023 -0.926561 -0.00955486
-29.106 94.4598 1.09812 0.382245 -0.924035 -0.00693738
-30.0864 94.0309 2.02818 0.399805 -0.916578 -0.00618996
-31.1021 93.567 3.08621 0.419097 -0.907914 -0.00695699
-32.1924 93.05 4.13295 0.427222 -0.904128 -0.00579972
-33.037 92.6375 5.20937 0.440474 -0.897739 -0.00672526
-33.8789 92.2155 6.35112 0.442763 -0.896606 -0.00769053
-34.8494 91.7281 7.1452 0.448319 -0.893869 -0.00287357
-35.8757 91.206 7.97176 0.455276 -0.890322 -0.00708375
-36.781 90.7293 8.84372 0.462301 -0.886655 -0.0109777
-37.6488 90.2589 9.84 0.470391 -0.882406 -0.00953983
-37.687 90.2381 9.88287 0.470201 -0.882509 -0.00948225
-37.6961 90.2451 8.57803 0.472042 -0.881536 -0.00842226
-36.5682 90.8528 7.44435 0.462792 -0.886445 -0.00582149
-35.5823 91.3623 6.62566 0.449626 -0.893207 -0.00392377
-34.6011 91.8607 5.79541 0.444922 -0.895552 -0.00554945
-33.7677 92.2807 4.76285 0.443187 -0.896414 -0.00527729
-32.9247 92.7042 3.65283 0.43632 -0.899748 -0.00882741
-32.0062 93.1504 2.71424 0.423073 -0.906054 -0.00843386
-30.9266 93.6563 1.64498 0.411015 -0.911609 -0.00584003
-30.0324 94.0651 0.721119 0.407185 -0.913286 -0.0104389
-29.0644 94.4911 -0.131367 0.38845 -0.921438 -0.00357004
-27.8915 94.9774 -1.22183 0.374235 -0.927314 -0.006002
-26.8294 95.3988 -2.26875 0.356573 -0.934232 -0.00596721
-25.8547 95.7729 -3.37487 0.340674 -0.940038 -0.0164589
-24.9108 96.1232 -4.49299 0.319383 -0.947615 -0.00439491
-24.3446 96.3119 -5.07016 0.299155 -0.954158 -0.00544507
-25.3563 95.9735 -5.31093 0.324815 -0.945747 -0.00587274
-26.2471 95.6496 -4.3161 0.344029 -0.938709 -0.0213824
-27.1663 95.2818 -3.22838 0.363418 -0.931357 -0.0224036
-28.192 94.8654 -2.17909 0.374975 -0.926997 -0.00829076
-29.286 94.4016 -1.13018 0.396393 -0.918033 -0.00866029
-30.3873 93.9157 -0.175529 0.409542 -0.912258 -0.00758493
-31.3911 93.4527 0.890978 0.413043 -0.910668 -0.00880162
-32.5463 92.9038 1.99844 0.431791 -0.901941 -0.00749231
-33.5428 92.408 3.04362 0.440122 -0.89789 -0.0092227
-34.4171 91.9623 4.19709 0.44651 -0.894737 -0.0084826
-35.245 91.5417 5.19262 0.450237 -0.892878 -0.00736614
-36.3069 90.9938 6.09438 0.461891 -0.886922 -0.00508982
-37.2645 90.4904 6.91978 0.469855 -0.882718 -0.00582068
-37.9217 90.1325 7.56317 0.474186 -0.880395 -0.00729962
-37.8198 90.1973 6.24676 0.472616 -0.881253 -0.0049033
-36.7748 90.7544 5.36597 0.461895 -0.886918 -0.00535716
-35.8011 91.2635 4.50581 0.456188 -0.889879 -0.00272118
-34.8933 91.7318 3.41911 0.449286 -0.893363 -0.006694
-34.0188 92.1803 2.32413 0.448269 -0.89385 -0.00930614
-32.9684 92.7069 1.17089 0.438033 -0.898934 -0.00654674
-31.9826 93.1855 0.196823 0.42902 -0.903257 -0.0082502
-30.8123 93.7311 -0.985725 0.413121 -0.91065 -0.00676309
-29.8244 94.1769 -1.84354 0.402047 -0.915525 -0.0131214
-28.8579 94.5951 -2.73216 0.382726 -0.923818 -0.00897389
-27.8783 95.0118 -3.76929 0.37275 -0.927832 -0.0136218
-26.8977 95.4162 -4.9159 0.359069 -0.93322 -0.0129103
-26.3428 95.6286 -5.58255 0.336064 -0.941799 -0.00852714
-27.0952 95.3524 -6.07395 0.356253 -0.934337 -0.0068555
-27.99 94.9864 -5.01272 0.378627 -0.925449 -0.0136207
-28.8851 94.5994 -3.98054 0.386676 -0.922082 -0.0157273
-29.8223 94.1924 -3.02055 0.399565 -0.916671 -0.00693389
-30.8354 93.7321 -2.16823 0.416883 -0.908929 -0.00732325
-31.8464 93.2603 -1.18698 0.424097 -0.90556 -0.00709237
-32.852 92.7724 -0.210644 0.434256 -0.90077 -0.00584847
-33.8948 92.2549 0.900408 0.443016 -0.896488 -0.00622504
-34.7484 91.8191 1.85641 0.449567 -0.893171 -0.0116183
-35.6418 91.3544 2.99291 0.454606 -0.890664 -0.00711511
-36.6682 90.8183 4.14204 0.463177 -0.886232 -0.00512697
-37.8568 90.183 5.15027 0.470666 -0.882293 -0.00552294
-37.8262 90.2059 3.9827 0.470999 -0.882112 -0.0052788
-36.8925 90.7058 3.15377 0.465412 -0.885069 -0.006066
-35.9069 91.2301 1.93544 0.459232 -0.888263 -0.00963528
-35.0295 91.6891 0.896392 0.451403 -0.892268 -0.00894908
-34.167 92.1255 -0.114017 0.444694 -0.895676 -0.00335682
-33.2214 92.5985 -1.05085 0.441915 -0.897039 -0.00490866
-32.3051 93.0455 -1.9598 0.431181 -0.902252 -0.00489371
-31.2889 93.5298 -2.96558 0.423891 -0.905659 -0.00987606
-30.2524 94.0117 -3.85092 0.398303 -0.917177 -0.0113543
-29.3322 94.4242 -4.82726 0.394074 -0.918964 -0.0144764
-28.2917 94.8757 -6.04347 0.377104 -0.92611 -0.00931726
-27.9736 95.0084 -6.44142 0.372899 -0.927766 -0.0140106
-28.9137 94.6223 -6.68836 0.388155 -0.92153 -0.0108702
-29.7681 94.246 -5.66311 0.397571 -0.91753 -0.00858961
-30.7602 93.7965 -4.6117 0.413678 -0.910349 -0.00778594
-31.7332 93.3314 -3.74346 0.425377 -0.904942 -0.0114403
-32.722 92.8493 -2.77938 0.433183 -0.901301 -0.00312551
-33.8659 92.2832 -1.66989 0.44349 -0.896256 -0.0065066
-34.8371 91.7931 -0.647854 0.446789 -0.894639 -0.00132808
-35.6987 91.351 0.358596 0.454525 -0.890708 -0.0068024
-36.5768 90.8856 1.39363 0.465493 -0.885017 -0.00775884
-37.399 90.442 2.42867 0.469186 -0.883084 -0.00517643
-38.0208 90.1078 2.98995 0.470528 -0.882365 -0.00591668
-38.2264 90.0023 2.00893 0.474806 -0.880076 -0.00499195
-37.2462 90.5354 0.867551 0.470521 -0.882374 -0.00497941
-36.4134 90.9812 -0.115828 0.468561 -0.883426 -0.00303831
-35.5374 91.4384 -1.12544 0.459515 -0.888157 0.00320357
-34.5796 91.9302 -2.16943 0.453509 -0.891235 -0.00510613
-33.5046 92.4737 -3.22026 0.443716 -0.896133 -0.00782291
-32.4884 92.9796 -4.23054 0.427913 -0.903758 -0.010564
-31.3801 93.5141 -5.22564 0.426004 -0.904672 -0.00946762
-30.4603 93.9448 -6.2164 0.409494 -0.91228 -0.00768578
-29.6026 94.3342 -7.24708 0.394452 -0.918838 -0.0118169
-30.4151 93.9807 -7.65516 0.409007 -0.912474 -0.0102206
-31.3859 93.5239 -6.50487 0.422271 -0.906385 -0.0123652
-32.38 93.0444 -5.54302 0.432996 -0.901354 -0.00864062
-33.4331 92.5217 -4.49452 0.443337 -0.896274 -0.0118135
-34.4364 92.0135 -3.51972 0.445679 -0.895158 -0.00775113
-35.4737 91.4771 -2.48932 0.45525 -0.890341 -0.00623675
-36.4432 90.9691 -1.40371 0.464262 -0.885695 -0.00146112
-37.4854 90.4122 -0.18573 0.472639 -0.881249 -0.00245797
-38.3023 89.9671 0.8198 0.476294 -0.879274 -0.00449057
-38.3545 89.9384 0.885144 0.476876 -0.878959 -0.00456491
-38.5669 89.8274 -0.225443 0.478973 -0.877822 -0.00378445
-37.6091 90.3491 -1.35692 0.470685 -0.882294 -0.00349768
-36.6669 90.8527 -2.43749 0.465241 -0.885183 -0.00138232
-35.7874 91.3219 -3.42394 0.46381 -0.885907 -0.00699041
-34.6963 91.8914 -4.51517 0.449357 -0.893218 -0.0154878
-33.7088 92.4 -5.46019 0.445281 -0.895291 -0.0133361
-32.7681 92.8712 -6.38418 0.432677 -0.90138 -0.017429
-31.732 93.3756 -7.46032 0.421806 -0.906619 -0.0110562
-31.3256 93.5685 -7.91854 0.417079 -0.908747 -0.0149508
-32.5282 93.0058 -7.87267 0.429871 -0.902814 -0.0115443
-33.6112 92.4673 -6.81942 0.44495 -0.895479 -0.0117169
-34.4931 92.0144 -5.91221 0.448258 -0.893829 -0.0114321
-35.4643 91.505 -4.97365 0.463553 -0.886006 -0.0105551
-36.4881 90.9589 -3.90475 0.463676 -0.885973 -0.00749353
-37.5273 90.3973 -2.75666 0.474101 -0.88042 -0.00933944
-38.5497 89.8411 -1.56664 0.477795 -0.878467 -0.00272459
-38.5669 89.8317 -1.5459 0.477898 -0.878411 -0.0025908
-38.2515 90.011 -3.21314 0.478205 -0.878226 -0.00621796
-37.3901 90.484 -4.18521 0.469099 -0.883094 -0.00956297
-36.4857 90.9712 -5.15093 0.464808 -0.885367 -0.00872801
-35.4001 91.5526 -6.23869 0.461001 -0.887347 -0.00959238
-34.5224 92.0118 -7.1506 0.455272 -0.890336 -0.00549536
-33.6337 92.4701 -8.00168 0.442551 -0.896707 -0.00802351
-35.3763 91.5747 -7.4971 0.460281 -0.887736 -0.00736066
-36.4299 91.0145 -6.47818 0.467717 -0.883845 -0.00752757
-37.3442 90.5201 -5.46964 0.471836 -0.881637 -0.00924257
-6.80088 97.9881 -3.03912 -0.141954 -0.989872 -0.00165951
-7.87037 98.1285 -3.35137 -0.110708 -0.993824 -0.00727526
-8.91535 98.2324 -3.58583 -0.0778195 -0.996914 -0.00886653
-10.0599 98.316 -3.89353 -0.0498682 -0.998634 -0.0129956
-11.1968 98.3579 -4.02458 -0.0254421 -0.999591 -0.00423427
-12.3898 98.368 -4.171 0.0138967 -0.999787 -0.00526931
-13.4099 98.346 -4.2763 0.0380895 -0.999174 -0.00402355
-14.4408 98.2802 -4.34947 0.0748314 -0.997156 -0.00894379
-15.6158 98.1767 -4.3936 0.108345 -0.993949 -0.0108446
-16.6477 98.0496 -4.48344 0.133765 -0.99095 -0.0111359
-17.6395 97.9116 -4.54635 0.144214 -0.989396 -0.0171629
-18.9952 97.6786 -4.61893 0.177822 -0.983978 -0.0129234
-20.0153 97.4774 -4.71131 0.20861 -0.977931 -0.011471
-21.207 97.2062 -4.84632 0.243189 -0.969873 -0.0140139
-22.2991 96.9234 -5.1017 0.269456 -0.962912 -0.0134735
-23.4593 96.5905 -5.37745 0.285696 -0.958258 -0.010944
-24.4239 96.2913 -5.63598 0.309653 -0.950835 -0.00530447
-25.465 95.9429 -6.03958 0.33003 -0.943932 -0.00839962
-26.668 95.5172 -6.58613 0.350314 -0.936487 -0.0164819
-27.7214 95.1176 -6.96466 0.368011 -0.929733 -0.0115046
-28.8131 94.6754 -7.45396 0.388528 -0.921281 -0.0159162
-29.8015 94.2566 -7.95337 0.400527 -0.916188 -0.0133295
-30.7815 93.8258 -8.36367 0.412515 -0.91079 -0.0170615
-31.7312 93.3931 -8.57166 0.418198 -0.908218 -0.01581
-32.834 92.8682 -8.57488 0.438449 -0.898718 -0.00823902
-33.8857 92.3474 -8.52457 0.448556 -0.893737 -0.005678
-34.8748 91.8417 -8.33081 0.455216 -0.890335 -0.00899073
-35.9404 91.2835 -7.81244 0.462807 -0.886382 -0.0116799
-36.6863 90.883 -7.03989 0.46916 -0.883081 -0.00755708
-37.5 90.4411 -6.021 0.475018 -0.879956 -0.0058218
-38.066 90.1288 -5.18848 0.47779 -0.878445 -0.00706193
-38.4592 89.9062 -4.21791 0.479687 -0.877407 -0.00758708
-38.8024 89.7099 -3.1653 0.480932 -0.876736 -0.00620819
-39.057 89.5643 -1.87164 0.482368 -0.875968 -0.00137744
-39.1458 89.5128 -0.842907 0.482759 -0.87575 -0.00230412
-39.0639 89.5544 0.247668 0.478484 -0.878093 -0.00247531
-38.8174 89.6841 1.56917 0.476718 -0.879048 -0.00371378
-38.5642 89.816 2.72561 0.475489 -0.879709 -0.00469187
-38.3731 89.9134 3.701 0.474649 -0.880156 -0.00580649
-38.3384 89.9254 4.81932 0.474815 -0.880076 -0.0040224
-38.3131 89.9345 5.82261 0.475746 -0.879567 -0.00522333
-38.3465 89.909 6.88046 0.475582 -0.87965 -0.00615992
-38.4027 89.8696 7.97766 0.474658 -0.880134 -0.00800237
-38.3588 89.8821 9.24489 0.476767 -0.879002 -0.00697923
-38.2135 89.951 10.4245 0.475209 -0.879848 -0.00655979
-37.9323 90.0932 11.6481 0.470511 -0.882378 -0.00534439
-37.528 90.307 12.5553 0.47274 -0.881193 -0.00396156
-36.8404 90.6685 13.4843 0.467846 -0.883802 -0.00372185
-36.1847 91.0104 14.1946 0.464068 -0.885782 -0.00557885
-35.2712 91.4795 14.9161 0.455992 -0.889984 0.000590225
-34.3104 91.9661 15.2754 0.447065 -0.89449 0.00447377
-33.4215 92.4098 15.4922 0.442834 -0.896595 0.00361871
-32.4441 92.8898 15.5513 0.436979 -0.899465 0.00243993
-31.5015 93.3377 15.4296 0.423989 -0.905643 0.00621566
-30.3438 93.8663 15.0622 0.414494 -0.910014 0.00819252
-29.2779 94.334 14.6075 0.397428 -0.917561 0.0115617
-28.214 94.783 14.0513 0.383752 -0.92334 0.0127358
-27.3864 95.1158 13.5876 0.374798 -0.926841 0.0202568
-26.356 95.5142 13.1657 0.360749 -0.932576 0.0126215
-25.4538 95.8439 12.8445 0.345135 -0.938402 0.0168427
-24.3001 96.2411 12.4059 0.319156 -0.947505 0.0185061
-23.3252 96.549 12.0834 0.301719 -0.953145 0.0218991
-22.2585 96.858 11.7032 0.278511 -0.960239 0.0193002
-21.3143 97.1124 11.4748 0.251236 -0.96771 0.0203867
-20.3447 97.3535 11.2959 0.231915 -0.972512 0.0205239
-19.342 97.5827 11.1242 0.214491 -0.976498 0.0202244
-18.2675 97.7873 10.8976 0.184771 -0.982693 0.0131867
-17.2477 97.9527 10.6562 0.144986 -0.989323 0.00549717
-16.2097 98.0853 10.3524 0.120781 -0.992653 0.00619613
-15.0756 98.2133 10.067 0.0987103 -0.994842 0.01588
-13.8977 98.293 9.78452 0.0585443 -0.998276 0.00275474
-12.8112 98.3296 9.53417 0.0196465 -0.999778 0.00573688
-11.6604 98.3356 9.24794 -0.0107388 -0.999933 -0.00414944
-10.6923 98.316 8.98127 -0.0382867 -0.999223 0.00650107
-9.60013 98.2613 8.65813 -0.0674292 -0.997722 0.00113548
-8.63505 98.1878 8.31824 -0.0938849 -0.995542 -0.00545481
-7.69671 98.0921 7.9832 -0.109713 -0.993928 -0.00842892
-6.70284 97.9565 7.63002 -0.147687 -0.989026 -0.00329898
-5.69872 97.7947 7.24794 -0.168883 -0.985627 0.00251879
-4.54979 97.577 6.83182 -0.196049 -0.980571 0.00670641
-3.41791 97.3305 6.0847 -0.222808 -0.974855 0.00358112
-2.6154 97.1303 5.44729 -0.253966 -0.967204 0.00377662
-1.92045 96.9465 4.73901 -0.265199 -0.964189 0.00268239
-1.143 96.7264 3.75343 -0.273019 -0.961974 0.00767776
-0.506 96.526 2.54674 -0.290278 -0.95692 0.00650326
-0.213498 96.4306 1.45888 -0.286259 -0.958144 0.0040952
-0.274014 96.4473 0.384794 -0.297058 -0.954859 -0.000149131
-0.859533 96.6266 -0.58574 -0.284273 -0.958699 -0.00896938
-1.62449 96.8597 -1.24691 -0.275583 -0.961158 -0.0136623
-2.80827 97.19 -1.79114 -0.245992 -0.969093 -0.0158765
-3.73311 97.4161 -2.16932 -0.220573 -0.975257 -0.0145498
-4.74836 97.6351 -2.4972 -0.196827 -0.980299 -0.0165493
-5.74734 97.8226 -2.7648 -0.161986 -0.986785 -0.00388574
-6.50001 97.945 -2.95252 -0.141598 -0.989924 -0.00112082
-6.31639 97.9318 -3.93844 -0.14726 -0.98888 -0.0181542
-5.01236 97.7086 -3.56523 -0.189653 -0.981707 -0.0130646
-4.01975 97.5051 -3.31597 -0.208472 -0.977532 -0.026392
-2.80043 97.2052 -2.87072 -0.245123 -0.96919 -0.0200845
-1.61421 96.8751 -2.36298 -0.273349 -0.961727 -0.0173239
-0.72148 96.6044 -1.88082 -0.287269 -0.957694 -0.0172525
0.0853242 96.343 -1.00923 -0.296639 -0.954931 -0.0104394
0.682154 96.1501 0.0303909 -0.295789 -0.955243 -0.00326626
0.778972 96.1212 1.37792 -0.304041 -0.952651 0.00204853
0.564091 96.195 2.43483 -0.300029 -0.953893 0.00829274
0.0828298 96.3551 3.57449 -0.293153 -0.955992 0.0116517
-0.443102 96.5278 4.50241 -0.288935 -0.957318 0.00740056
-1.09303 96.7187 5.25837 -0.26922 -0.963062 0.00561305
-1.76936 96.9112 6.04848 -0.264692 -0.964236 0.0135588
-2.53052 97.1211 6.68835 -0.241584 -0.970337 0.00887645
-3.59553 97.3823 7.44124 -0.219365 -0.975572 0.0117591
-4.46939 97.5739 7.89201 -0.192761 -0.981144 0.0140222
-5.59926 97.7885 8.22726 -0.164016 -0.986323 0.0152691
-6.661 97.9604 8.66189 -0.139669 -0.989997 0.0196248
-7.59303 98.0858 9.00259 -0.117297 -0.993004 0.0105116
-8.54345 98.1845 9.35842 -0.0848037 -0.996349 0.00899245
-9.48567 98.2629 9.70484 -0.0744981 -0.997162 0.0108621
-10.6996 98.3249 9.99989 -0.0379384 -0.999236 0.00938152
-11.9646 98.3495 10.3592 -0.00147141 -0.999899 0.0141313
-12.9776 98.3432 10.5789 0.0224557 -0.999562 0.0191371
-14.1856 98.2928 10.88 0.0626185 -0.997839 0.016597
-15.1904 98.2169 11.108 0.0808919 -0.996626 0.0135381
-16.1661 98.1081 11.3601 0.117852 -0.992899 0.0162063
-17.2229 97.9699 11.6532 0.153753 -0.98801 0.0139766
-18.5312 97.7554 11.9679 0.179538 -0.983622 0.0149754
-19.6809 97.5266 12.1786 0.21211 -0.977083 0.0131535
-20.9889 97.2173 12.4192 0.239893 -0.970574 0.0205807
-21.9855 96.9576 12.6521 0.267024 -0.963385 0.0222461
-23.0528 96.6546 13.0157 0.290439 -0.956631 0.0217652
-24.0508 96.347 13.3649 0.313452 -0.949287 0.0223171
-25.0027 96.0246 13.7213 0.338957 -0.940618 0.0184673
-26.2229 95.5799 14.1646 0.356622 -0.933921 0.022736
-27.1232 95.2416 14.5569 0.365289 -0.930688 0.0193832
-28.2426 94.7908 15.1618 0.39028 -0.920541 0.0157058
-29.1235 94.4175 15.6587 0.401944 -0.915472 0.018021
-30.0604 94.0072 16.0105 0.40758 -0.913029 0.0159652
-31.0187 93.5716 16.3506 0.419863 -0.907537 0.00955446
-31.9438 93.1345 16.5581 0.43408 -0.900815 0.0103729
-33.1582 92.5453 16.5342 0.439638 -0.898145 0.00735745
-34.2481 92.0033 16.3511 0.448088 -0.893964 0.00578321
-35.1859 91.5243 16.0762 0.454837 -0.890567 0.00308663
-36.0333 91.0869 15.6321 0.461308 -0.887239 0.000923921
-36.9782 90.5926 14.7668 0.46682 -0.884351 0.000334644
-37.7083 90.206 13.9142 0.470656 -0.882312 -0.00252347
-38.3334 89.8729 12.9721 0.472456 -0.88135 -0.00227262
-38.7275 89.6641 12.0748 0.475506 -0.879702 -0.00419936
-39.022 89.5104 10.8826 0.476631 -0.87909 -0.00497411
-39.1837 89.4312 9.61927 0.477566 -0.878569 -0.00693652
-39.2889 89.3833 8.47271 0.478016 -0.878309 -0.00855035
-39.2404 89.4204 7.36567 0.480745 -0.876834 -0.00674619
-39.1971 89.4536 6.13132 0.477987 -0.878346 -0.00605236
-39.1883 89.4667 4.77334 0.476305 -0.879262 -0.00561892
-39.2608 89.4338 3.61196 0.477418 -0.878666 -0.00424805
-39.4847 89.3168 2.55071 0.478801 -0.877919 -0.0029898
-39.7219 89.1904 1.55817 0.480756 -0.876849 -0.00271063
-39.9157 89.0859 0.418831 0.482399 -0.87595 -0.00166468
-40.0141 89.033 -0.773407 0.483337 -0.875432 -0.00206697
-39.9549 89.0691 -1.77855 0.483512 -0.875332 -0.00294796
-39.7889 89.1658 -2.92957 0.481762 -0.876286 -0.0053698
-39.506 89.3296 -3.99061 0.482199 -0.87602 -0.00854228
-39.0841 89.5717 -5.10885 0.480565 -0.876923 -0.00796487
-38.5256 89.8864 -6.21617 0.479238 -0.877663 -0.00618359
-37.846 90.2627 -7.10662 0.474711 -0.880113 -0.0071288
-37.2517 90.5915 -7.85423 0.468418 -0.883447 -0.0102888
-36.5821 90.9552 -8.51044 0.468914 -0.883156 -0.0124287
-35.7774 91.3849 -9.064 0.462168 -0.886703 -0.0124956
-34.8892 91.8471 -9.37035 0.455874 -0.88993 -0.0142727
-33.8898 92.3553 -9.54128 0.448988 -0.893479 -0.0102403
-32.8292 92.8813 -9.60809 0.437929 -0.898955 -0.00988015
-31.8469 93.3535 -9.60459 0.430899 -0.902263 -0.0153804
-30.8687 93.8052 -9.42876 0.417869 -0.908329 -0.0179559
-29.9394 94.2202 -9.11944 0.404753 -0.914169 -0.0216897
-29.0815 94.5856 -8.7084 0.39291 -0.919243 -0.0247706
-28.0773 94.9941 -8.20895 0.378616 -0.925276 -0.0217585
-27.1864 95.3435 -7.832 0.362171 -0.931795 -0.024282
-26.1263 95.7314 -7.41902 0.345772 -0.93801 -0.022613
-25.1412 96.0756 -6.94478 0.327809 -0.944403 -0.0253582
-24.1008 96.4159 -6.54892 0.314919 -0.948654 -0.029682
-23.0534 96.7335 -6.27714 0.284073 -0.958284 -0.0309651
-21.8727 97.0566 -6.00564 0.261661 -0.964592 -0.033105
-20.5573 97.3717 -5.76352 0.229617 -0.972856 -0.0251316
-19.2737 97.6428 -5.64736 0.202308 -0.979072 -0.0208382
-18.2292 97.8312 -5.59359 0.16387 -0.98643 -0.0101291
-17.2257 97.9898 -5.51258 0.135585 -0.990512 -0.0222485
-16.1474 98.1269 -5.44719 0.12099 -0.992535 -0.0153373
-14.8413 98.2633 -5.33723 0.0850876 -0.996088 -0.0237723
-13.7855 98.3362 -5.28726 0.0599773 -0.997826 -0.0273039
-12.7213 98.3731 -5.207 0.0263719 -0.999601 -0.0101342
-11.6686 98.3783 -5.08281 -0.0153265 -0.999673 -0.0201902
-10.3492 98.3456 -4.94249 -0.035177 -0.998994 -0.0278282
-9.13014 98.2652 -4.70687 -0.0727915 -0.997155 -0.0195394
-8.0696 98.1612 -4.43557 -0.100532 -0.994739 -0.0196978
-6.82111 98.0048 -4.07649 -0.134953 -0.990633 -0.0202392
-6.65383 97.9802 -4.03042 -0.138931 -0.990133 -0.0179047
-6.39389 97.9764 -4.99093 -0.12983 -0.990344 -0.0486073
-5.35945 97.8054 -4.69022 -0.164208 -0.985533 -0.0407531
-4.38223 97.617 -4.41705 -0.183681 -0.982231 -0.0385146
-3.4308 97.3943 -4.16413 -0.237089 -0.970778 -0.0371401
-2.49355 97.1503 -3.87712 -0.252124 -0.967141 -0.0327066
-1.44579 96.8474 -3.4076 -0.28047 -0.959466 -0.0276019
-0.53737 96.5728 -2.99773 -0.283102 -0.958739 -0.025842
0.246623 96.3183 -2.33983 -0.295906 -0.95482 -0.026508
0.877982 96.101 -1.57016 -0.306671 -0.951638 -0.0181751
1.60515 95.8534 -0.304663 -0.312203 -0.949983 -0.0078412
1.78501 95.79 0.718171 -0.332661 -0.943004 -0.00328729
1.71322 95.8193 2.00897 -0.324758 -0.945769 0.00647432
1.35288 95.9513 3.082 -0.303687 -0.952715 0.0101565
0.935317 96.0954 4.04427 -0.301332 -0.953429 0.0131054
0.41847 96.2742 4.98344 -0.297353 -0.954531 0.0210991
-0.215893 96.4757 5.78341 -0.275657 -0.961157 0.0136463
-0.913221 96.6871 6.64275 -0.267653 -0.9631 0.0282438
-1.67933 96.9142 7.35724 -0.252743 -0.967229 0.0240334
-2.69784 97.1852 8.08767 -0.238289 -0.970992 0.0198284
-3.6545 97.4193 8.60712 -0.21256 -0.976661 0.0308393
-4.62744 97.6289 8.94498 -0.188062 -0.981621 0.0322683
-5.66271 97.8256 9.28614 -0.153874 -0.987407 0.0364297
-6.73661 97.9995 9.78987 -0.130771 -0.990585 0.0401109
-7.97806 98.1521 10.1962 -0.0877507 -0.995906 0.0216048
-9.19298 98.2623 10.6291 -0.0778133 -0.996631 0.0259211
-10.3614 98.3337 10.9212 -0.0297566 -0.999054 0.0316739
-11.3495 98.37 11.1981 -0.0135108 -0.999099 0.0385369
-12.3926 98.3818 11.4549 0.0110424 -0.998692 0.0499014
-13.3834 98.3603 11.7201 0.0425262 -0.998149 0.0434726
-14.3978 98.3084 11.9648 0.0814399 -0.996016 0.0358808
-15.6863 98.1978 12.2699 0.108674 -0.993177 0.0420951
-16.9778 98.0355 12.593 0.149787 -0.988071 0.0357493
-18.142 97.8476 12.8917 0.171166 -0.984947 0.0236786
-19.131 97.6654 13.0769 0.194964 -0.980432 0.0257213
-20.3701 97.3982 13.3094 0.243736 -0.969384 0.0290859
-21.5481 97.097 13.5547 0.255889 -0.96635 0.0262054
-22.4704 96.8534 13.8549 0.288975 -0.956921 0.028198
-23.6196 96.5099 14.2543 0.302287 -0.952784 0.0286494
-24.6303 96.1817 14.5896 0.336219 -0.941385 0.0269795
-25.6942 95.8108 15.0036 0.337328 -0.940552 0.0396547
-26.6214 95.4649 15.3743 0.372722 -0.927486 0.0290606
-27.4819 95.1246 15.8398 0.380394 -0.924229 0.0323114
-28.3585 94.7691 16.3422 0.404284 -0.914195 0.0282356
-29.2447 94.3879 16.7765 0.407178 -0.913018 0.0245797
-30.2783 93.9251 17.1275 0.421585 -0.906621 0.0174207
-31.172 93.5141 17.4431 0.424801 -0.905076 0.0195329
-32.2565 92.9985 17.6012 0.43666 -0.899473 0.0162283
-33.2042 92.534 17.5509 0.439955 -0.897892 0.0151524
-34.2431 92.0138 17.4126 0.451455 -0.892177 0.0144172
-35.1104 91.5705 17.1687 0.455178 -0.890336 0.0106832
-36.0108 91.1027 16.8093 0.460312 -0.887716 0.00764565
-36.8232 90.677 16.2731 0.463112 -0.886295 0.00263081
-37.5657 90.2832 15.5511 0.467936 -0.883754 0.00384189
-38.1816 89.9545 14.8285 0.468761 -0.883323 0.0018168
-38.9517 89.5396 13.733 0.472933 -0.881098 0.00112896
-39.4456 89.2736 12.7414 0.476973 -0.878917 -0.00127981
-39.7365 89.1175 11.7692 0.479015 -0.8778 -0.00324545
-39.92 89.0231 10.7246 0.478952 -0.877823 -0.00567041
-40.1053 88.9288 9.36358 0.480854 -0.876779 -0.00612885
-40.1605 88.9063 8.35266 0.481139 -0.876604 -0.00833529
-40.0629 88.9704 7.26779 0.480737 -0.876824 -0.00848405
-40.0623 88.9822 6.0672 0.478454 -0.878077 -0.00793097
-40.0592 88.9934 4.95879 0.476476 -0.879159 -0.00698308
-40.1398 88.9553 3.80304 0.478236 -0.878228 -0.00239394
-40.3911 88.82 2.57177 0.481309 -0.876549 -0.00172781
-40.6087 88.7032 1.60081 0.482084 -0.876121 -0.0025253
-40.7544 88.6239 0.532464 0.482122 -0.876104 0.000412036
-40.8761 88.5555 -0.635591 0.486109 -0.873892 0.00318361
-40.8566 88.5657 -1.76793 0.488619 -0.872495 -0.00165503
-40.7135 88.6523 -2.77203 0.486722 -0.87353 -0.00684613
-40.5008 88.7785 -3.91491 0.484971 -0.874497 -0.00763121
-40.0923 89.0174 -5.03836 0.483091 -0.875495 -0.0114841
-39.7285 89.2258 -5.94975 0.480098 -0.877198 -0.00525514
-39.255 89.4918 -6.80858 0.482261 -0.875986 -0.00845637
-38.7167 89.7947 -7.59618 0.480084 -0.877126 -0.0128233
-38.0748 90.1545 -8.36217 0.474995 -0.879895 -0.0128096
-37.3758 90.5426 -9.10125 0.471087 -0.88197 -0.0143267
-36.6289 90.9493 -9.67505 0.466135 -0.884589 -0.0145132
-35.6785 91.4515 -10.1412 0.458573 -0.888574 -0.0121328
-34.7713 91.9279 -10.409 0.453318 -0.891059 -0.0222463
-33.8019 92.4177 -10.5808 0.443339 -0.896185 -0.017355
-32.7656 92.9285 -10.635 0.438893 -0.898376 -0.0170328
-31.7696 93.4075 -10.5778 0.430327 -0.902534 -0.0158011
-30.8612 93.8345 -10.4208 0.426733 -0.904201 -0.0178472
-29.888 94.2721 -10.129 0.408328 -0.912388 -0.0281918
-28.9551 94.6713 -9.76362 0.395801 -0.917825 -0.0301061
-27.8423 95.1217 -9.23357 0.387045 -0.92162 -0.0278764
-26.7793 95.531 -8.7413 0.362177 -0.931192 -0.0411913
-25.7915 95.8875 -8.32923 0.34899 -0.936386 -0.0372413
-24.8882 96.1961 -7.88507 0.325836 -0.944418 -0.0436457
-23.8384 96.5353 -7.50689 0.304996 -0.951419 -0.0421795
-22.6486 96.8846 -7.17884 0.274863 -0.960489 -0.0437111
-21.6109 97.161 -6.95446 0.251719 -0.966276 -0.0542893
-20.6408 97.3913 -6.79445 0.216482 -0.974754 -0.054661
-19.3192 97.6712 -6.67458 0.204047 -0.977829 -0.0467104
-18.2918 97.8605 -6.61188 0.159471 -0.985945 -0.0498034
-17.15 98.0364 -6.52303 0.150996 -0.987597 -0.0429831
-15.7456 98.2075 -6.39563 0.119324 -0.990966 -0.0610854
-14.7496 98.3025 -6.30374 0.0649665 -0.995669 -0.0652327
-13.6425 98.3737 -6.24725 0.0697822 -0.997132 -0.0290716
-12.5397 98.4099 -6.16306 0.0119607 -0.999201 -0.0381069
-11.5356 98.409 -6.05874 -0.00318453 -0.998891 -0.0467192
-10.2378 98.3676 -5.92093 -0.0520148 -0.997163 -0.0544123
-9.19795 98.299 -5.73926 -0.0766725 -0.995958 -0.0446266
-8.21181 98.2023 -5.51198 -0.0906085 -0.993962 -0.0616106
-7.12729 98.0731 -5.22594 -0.113948 -0.992672 -0.0402091
-6.51194 97.9941 -5.03472 -0.122205 -0.991414 -0.0456577
