-4.09348 98.0899 0.738964 -0.206447 -0.978405 -0.0101676
-3.39695 97.9344 1.61515 -0.222066 -0.975022 -0.00405772
-3.66236 97.9866 2.78822 -0.217925 -0.97595 -0.00153476
-4.51203 98.1707 1.61009 -0.19027 -0.981602 -0.00679559
-5.40898 98.3421 0.646542 -0.171348 -0.985079 -0.0160394
-6.26915 98.4977 -0.303151 -0.152592 -0.988167 -0.0154919
-6.29422 98.5019 -0.3309 -0.150405 -0.988538 -0.0127383
-8.44864 98.7843 -1.34574 -0.0883863 -0.996063 0.00653811
-7.50126 98.673 -0.273479 -0.120777 -0.992644 -0.00825273
-6.58809 98.5331 0.729832 -0.155315 -0.987843 -0.00601838
-5.59053 98.3614 1.76953 -0.171638 -0.985118 -0.00873819
-4.77716 98.2115 2.73459 -0.182562 -0.983171 0.00684777
-4.06026 98.0748 3.80313 -0.212072 -0.97724 0.0032591
-4.69341 98.2048 4.493 -0.194844 -0.980809 0.00235168
-5.4498 98.3378 3.34395 -0.16855 -0.985652 0.00845436
-6.52251 98.5157 2.07189 -0.159138 -0.987236 -0.00359604
-7.4635 98.6589 1.106 -0.129121 -0.991585 -0.00906783
-8.37081 98.767 0.0848283 -0.100324 -0.994828 -0.0124732
-9.27935 98.8506 -0.861373 -0.0705538 -0.997508 0.000884361
-10.2891 98.9124 -1.88718 -0.0531036 -0.998577 0.00337813
-10.5988 98.9276 -2.20658 -0.0420963 -0.999005 -0.0115464
-12.4194 98.9569 -2.68216 0.0136738 -0.999801 -0.0104255
-11.4264 98.9506 -1.74226 -0.0268284 -0.999637 0.00228698
-10.4346 98.914 -0.735405 -0.0405936 -0.999154 -0.00633603
-9.53642 98.8636 0.173099 -0.0636989 -0.99781 -0.0124189
-8.638 98.7844 1.15504 -0.0933806 -0.995628 0.000847857
-7.61749 98.6752 2.24004 -0.128829 -0.991616 -0.00506456
-6.63029 98.5296 3.29482 -0.143422 -0.989631 0.00664758
-5.80456 98.4087 4.41746 -0.176683 -0.98424 0.00730351
-5.57147 98.3693 4.77022 -0.178312 -0.983938 0.00840291
-6.22109 98.4864 5.45277 -0.156839 -0.987606 0.00342206
-7.16357 98.6118 4.0565 -0.139575 -0.990159 0.00976803
-8.14289 98.7362 2.97978 -0.108634 -0.994072 0.00162186
-9.08115 98.8292 2.06165 -0.0850579 -0.996287 0.00293375
-9.97609 98.879 1.03698 -0.0501769 -0.998665 0.00298131
-10.9541 98.9271 0.0473418 -0.027912 -0.999593 -0.0056548
-12.0588 98.9457 -1.07257 0.00251664 -0.999996 -0.00020713
-13.0482 98.9341 -2.00695 0.0258349 -0.999656 -0.000941873
-13.9556 98.9057 -2.83714 0.0455179 -0.998931 -0.00131511
-15.4932 98.7906 -2.9561 0.104405 -0.994517 0.00594288
-14.4974 98.8759 -2.1074 0.0715784 -0.997308 -0.00142857
-13.5145 98.919 -1.20181 0.0262769 -0.999648 -0.00144233
-12.5958 98.9428 -0.283353 0.0174294 -0.999838 0.00142141
-11.5405 98.9368 0.737495 -0.0114185 -0.999854 -0.0126765
-10.622 98.9195 1.68832 -0.0392524 -0.999092 0.0164441
-9.5719 98.8677 2.84354 -0.0729711 -0.997291 0.00685081
-8.58934 98.7875 3.81023 -0.110564 -0.993749 0.010453
-7.66246 98.6854 4.90389 -0.123189 -0.992359 0.00666166
-7.06795 98.618 5.77833 -0.141111 -0.989886 0.0084509
-7.7687 98.7093 6.36038 -0.111998 -0.993698 0.00335195
-8.50283 98.7905 5.30345 -0.102462 -0.99456 0.00483483
-9.4683 98.8681 4.2112 -0.082396 -0.996574 0.00695389
-10.5746 98.9234 3.08611 -0.0244554 -0.9997 -0.00113363
-11.4341 98.9445 2.13699 -0.0226438 -0.999735 0.00346287
-12.3832 98.9409 1.20399 -0.00418511 -0.999808 0.0191335
-13.5241 98.918 0.081455 0.034812 -0.99938 -0.0041044
-14.5274 98.8639 -0.933388 0.0661903 -0.997738 0.0117221
-15.6323 98.7775 -1.88528 0.094204 -0.995537 -0.00156349
-16.8628 98.6312 -2.91653 0.134341 -0.990919 0.00418124
-17.2186 98.5794 -3.2267 0.134625 -0.990856 -0.000497839
-18.7571 98.3327 -3.49626 0.175913 -0.984292 -0.01461
-17.7126 98.5155 -2.46971 0.156123 -0.987597 0.00628977
-16.5845 98.6779 -1.47984 0.134831 -0.990861 0.00391899
-15.4952 98.7933 -0.550701 0.09394 -0.995567 0.00361767
-14.4776 98.8729 0.402386 0.0530749 -0.998581 0.00420959
-13.6013 98.9209 1.32423 0.0256356 -0.999604 0.0108546
-12.6027 98.9622 2.30993 -0.00356367 -0.999911 0.012499
-11.5475 98.9469 3.36646 -0.0226749 -0.999743 0.000530791
-10.4997 98.9186 4.49858 -0.0376264 -0.999288 -0.000858511
-9.54113 98.8721 5.44385 -0.0545827 -0.998494 -0.00527559
-8.75053 98.811 6.5127 -0.0833587 -0.996517 -0.00168532
-8.66606 98.8035 6.63705 -0.0852743 -0.996351 0.000613395
-9.49073 98.8673 7.06027 -0.0625225 -0.998042 0.00138552
-10.2868 98.9111 5.96765 -0.0469974 -0.99888 0.00426676
-11.4579 98.9495 4.83511 -0.0276479 -0.999611 0.00376832
-12.3184 98.9606 3.89596 -0.0163741 -0.999843 -0.00432324
-13.3442 98.9631 2.8948 0.0110665 -0.99982 -0.0103501
-14.288 98.8931 1.92398 0.0780084 -0.996947 -2.46624e-05
-15.2905 98.8153 0.879125 0.0794128 -0.996839 -0.00149706
-16.2398 98.7208 0.0164187 0.123881 -0.992285 -0.00485473
-17.2756 98.5863 -0.867174 0.143458 -0.98961 0.00222827
-18.2225 98.4245 -1.708 0.182647 -0.983161 -0.000928824
-19.2174 98.2442 -2.69288 0.192904 -0.981211 -0.00315784
-20.1433 98.0526 -3.63136 0.216216 -0.976256 -0.0121213
-20.1859 98.0434 -3.6725 0.221001 -0.975205 -0.0115298
-21.7551 97.6665 -3.93917 0.251131 -0.967811 -0.016521
-20.7935 97.8937 -3.02155 0.228665 -0.973431 -0.0113415
-19.8429 98.1073 -2.0626 0.211915 -0.977195 -0.0099317
-18.9306 98.285 -1.11827 0.206 -0.978503 -0.00973282
-17.8743 98.481 -0.189348 0.180277 -0.98357 -0.007302
-16.6284 98.667 0.875945 0.142264 -0.989795 -0.00649508
-15.6273 98.7694 1.84963 0.113045 -0.993562 -0.00735196
-14.5906 98.8725 2.91643 0.0996754 -0.994956 -0.000424518
-13.6653 98.9385 3.84607 0.0496388 -0.998244 -0.00890598
-12.6968 98.961 4.82482 0.0054904 -0.999975 0.00359375
-11.7232 98.9562 5.85533 -0.00808659 -0.999934 -0.00810253
-10.7045 98.9294 6.90975 -0.0325227 -0.999458 -0.00462141
-10.3351 98.915 7.38781 -0.044572 -0.998949 -0.00513824
-11.2957 98.9441 7.60625 -0.0201971 -0.999708 0.00164048
-12.3211 98.9505 6.56315 0.000104441 -0.999959 -0.00905571
-13.3312 98.9444 5.5171 0.0406545 -0.999159 -0.00342428
-14.4811 98.8809 4.33957 0.0759013 -0.997101 0.00522077
-15.4269 98.7826 3.35558 0.121029 -0.992645 -0.00253727
-16.3589 98.6727 2.4046 0.125934 -0.991937 -0.0141223
-17.2974 98.5654 1.5279 0.153054 -0.988173 -0.0091115
-18.4054 98.3797 0.563434 0.189226 -0.981919 -0.00534158
-19.4545 98.1706 -0.348238 0.201737 -0.979439 0.000971425
-20.3742 97.9755 -1.29909 0.221086 -0.97513 -0.0155377
-21.2476 97.7769 -2.21587 0.25261 -0.967542 -0.0071229
-22.1683 97.5473 -3.11352 0.249926 -0.968198 -0.0114011
-23.0445 97.3124 -4.0036 0.280206 -0.959622 -0.0247087
-23.2642 97.2536 -4.21427 0.280169 -0.959631 -0.0247708
-24.8464 96.7698 -4.52498 0.321832 -0.946647 -0.0165021
-23.9554 97.0363 -3.65806 0.30513 -0.952115 -0.0189319
-23.0707 97.2869 -2.78141 0.277589 -0.960619 -0.0120038
-22.2028 97.5218 -1.84559 0.269065 -0.963015 -0.0141102
-21.2737 97.756 -0.938439 0.250209 -0.968087 -0.0141353
-20.3972 97.9639 0.0288388 0.227693 -0.973733 0.000226831
-19.217 98.2154 1.06768 0.201197 -0.979517 -0.0081682
-18.1238 98.424 2.0201 0.172282 -0.984892 -0.0121468
-16.91 98.5916 3.13346 0.145075 -0.989388 -0.0077953
-15.9713 98.715 4.10667 0.121685 -0.992567 -0.00161185
-14.9275 98.8363 5.17345 0.107082 -0.994025 0.0176129
-14.055 98.9062 6.1091 0.0507201 -0.998693 -0.00205052
-12.9518 98.9389 7.21286 0.0270781 -0.999594 -0.00885446
-12.1811 98.9481 7.97391 0.00353064 -0.999966 0.00738364
-13.2038 98.9279 8.24063 0.038949 -0.99922 0.00538681
-14.1533 98.9027 7.34957 0.0555607 -0.998229 -0.00670229
-15.2028 98.8144 6.24485 0.114006 -0.993443 0.00852761
-16.2013 98.6753 5.19507 0.134767 -0.990835 0.00888906
-17.2534 98.533 4.15371 0.149279 -0.988763 -0.00769214
-18.2509 98.3819 3.13158 0.174582 -0.984434 -0.0202436
-19.2746 98.1952 2.2221 0.198241 -0.980133 -0.00633461
-20.3614 97.9744 1.3107 0.218723 -0.975709 -0.00291417
-21.3053 97.7477 0.335837 0.240117 -0.970723 0.00155433
-22.2277 97.5003 -0.644315 0.267128 -0.963635 -0.00665023
-23.2567 97.221 -1.62583 0.280201 -0.959841 -0.0122574
-24.2219 96.9391 -2.66908 0.299703 -0.953857 -0.0143285
-25.2638 96.6106 -3.71551 0.317083 -0.948124 -0.022444
-26.2169 96.2829 -4.55568 0.342051 -0.939432 -0.0216446
-27.2247 95.9173 -5.41223 0.369728 -0.92902 -0.0149338
-27.4645 95.8261 -5.70015 0.37132 -0.928386 -0.0148489
-29.0143 95.2057 -6.38171 0.388935 -0.921143 -0.0149124
-28.1721 95.5353 -5.21029 0.37323 -0.927608 -0.0155665
-27.2291 95.8962 -4.27924 0.362496 -0.931767 -0.019391
-26.2724 96.2376 -3.43876 0.343938 -0.938829 -0.0174278
-25.3017 96.5771 -2.5254 0.319863 -0.947326 -0.0160713
-24.4164 96.8592 -1.59463 0.312123 -0.949963 -0.0111983
-23.5859 97.1146 -0.669174 0.288559 -0.957411 -0.00931394
-22.4738 97.4277 0.349497 0.268478 -0.963283 -0.00101261
-21.4335 97.7103 1.54235 0.259343 -0.965759 -0.00713996
-20.4145 97.9484 2.4517 0.221949 -0.975042 -0.00516095
-19.4603 98.1512 3.26856 0.194144 -0.980965 -0.00388263
-18.3932 98.3514 4.25147 0.164553 -0.986351 -0.000464094
-17.5177 98.4846 5.19912 0.151849 -0.988398 0.000984976
-16.5955 98.6274 6.10079 0.147673 -0.989029 0.00379085
-15.5601 98.7762 7.22976 0.130785 -0.991408 -0.00246568
-14.4823 98.8648 8.34438 0.083632 -0.996328 -0.0179709
-14.0288 98.8924 8.72677 0.0727326 -0.997215 -0.00579997
-15.1732 98.7973 8.99883 0.0908628 -0.995853 0.0044116
-16.1813 98.691 7.90332 0.132437 -0.991116 -0.00837847
-17.0988 98.555 6.924 0.150807 -0.988555 0.00216453
-18.0313 98.4093 6.02178 0.151736 -0.98842 0.00117649
-19.002 98.2403 4.97393 0.186682 -0.982416 0.00133981
-20.0147 98.0336 4.02434 0.211078 -0.977421 -0.00360985
-21.1678 97.7655 2.99372 0.244626 -0.96955 -0.010999
-22.1459 97.5151 2.10782 0.259877 -0.965636 -0.00318054
-22.9947 97.2778 1.09189 0.287217 -0.957859 -0.00337969
-23.9146 97.0065 0.244393 0.296019 -0.955108 -0.0105323
-24.8619 96.7049 -0.749564 0.319083 -0.947687 -0.00865188
-25.775 96.3979 -1.69752 0.332295 -0.943043 -0.0155663
-26.7076 96.063 -2.65827 0.35673 -0.934154 -0.00977666
-27.7291 95.6846 -3.58291 0.365984 -0.930359 -0.0217122
-28.6576 95.3252 -4.38642 0.374713 -0.927004 -0.0158939
-29.3203 95.0648 -5.49778 0.386024 -0.922462 -0.00667224
-30.2844 94.659 -6.28614 0.402899 -0.915118 -0.0144205
-31.244 94.241 -7.13888 0.419835 -0.907455 -0.0162868
-31.579 94.0919 -7.52253 0.429361 -0.903034 -0.0133274
-33.0962 93.3684 -7.71108 0.438861 -0.898471 -0.0122686
-32.2025 93.7862 -6.91197 0.429122 -0.90317 -0.0117336
-31.2648 94.2102 -5.82332 0.414836 -0.909865 -0.00749472
-30.0724 94.7366 -5.07027 0.398799 -0.917 -0.00806004
-29.3747 95.0193 -3.98595 0.395464 -0.918407 -0.0116549
-28.4037 95.4041 -3.09106 0.375588 -0.926615 -0.0178543
-27.3993 95.7899 -2.06431 0.364652 -0.9311 -0.00901391
-26.4016 96.1601 -1.03225 0.343479 -0.93913 -0.00760276
-25.4231 96.5058 -0.0727475 0.338226 -0.941046 -0.00598065
-24.4992 96.8135 0.914552 0.316583 -0.948552 -0.00486978
-23.6081 97.0889 1.77165 0.289999 -0.957001 -0.00707901
-22.6826 97.3586 2.82351 0.273943 -0.961723 -0.00379837
-21.4475 97.6883 3.87212 0.243395 -0.969918 -0.00431154
-20.4147 97.9403 4.92118 0.228435 -0.973553 -0.00358762
-19.366 98.1677 6.02725 0.194454 -0.980898 -0.00514905
-18.4505 98.338 6.91315 0.173197 -0.984875 -0.00355449
-17.5614 98.4845 7.83875 0.159099 -0.987263 -0.000365763
-16.5234 98.6373 8.92599 0.126413 -0.991938 -0.00856736
-16.2725 98.6698 9.26192 0.126857 -0.991877 0.00930957
-17.1379 98.557 9.57589 0.147338 -0.98902 0.00534714
-18.1256 98.3857 8.66199 0.163885 -0.98647 0.0018691
-19.2002 98.1925 7.55761 0.188625 -0.982023 -0.00700197
-20.231 97.9772 6.54464 0.218028 -0.975934 0.00398339
-21.1399 97.764 5.64722 0.236412 -0.971628 -0.00668754
-22.1276 97.5148 4.60598 0.254794 -0.966985 0.00421872
-23.142 97.2259 3.67417 0.294478 -0.955614 0.00645146
-24.0874 96.9332 2.64757 0.302387 -0.953123 -0.01026
-25.0435 96.6329 1.66714 0.325072 -0.945689 5.81871e-05
-26.2337 96.2106 0.544185 0.340968 -0.940064 -0.00355231
-27.1105 95.8896 -0.351223 0.349617 -0.936835 -0.0104157
-27.975 95.5558 -1.21907 0.366942 -0.93023 -0.00494709
-28.8975 95.1919 -2.1898 0.378835 -0.925422 -0.00882347
-29.9249 94.7723 -3.19877 0.395846 -0.918247 -0.0113279
-30.6775 94.4562 -3.91216 0.398223 -0.917199 -0.0127369
-31.3908 94.1411 -4.8984 0.424343 -0.905422 -0.0118986
-32.3296 93.7121 -5.84871 0.428281 -0.903574 -0.0113859
-33.393 93.2132 -6.61011 0.440646 -0.897626 -0.00996592
-34.1567 92.845 -7.37577 0.447174 -0.894424 -0.00583136
-35.3523 92.2379 -7.25078 0.460224 -0.887769 -0.00637545
-34.277 92.7732 -6.1815 0.445293 -0.895317 -0.0104545
-33.3709 93.2076 -5.36564 0.435759 -0.899987 -0.0115276
-32.5328 93.5997 -4.4889 0.425189 -0.905039 -0.0108994
-31.5094 94.0655 -3.50285 0.420098 -0.907384 -0.0131578
-30.6198 94.4603 -2.57062 0.400028 -0.916383 -0.0148244
-29.666 94.8665 -1.63481 0.392147 -0.919798 -0.0105266
-28.7393 95.2446 -0.681007 0.383421 -0.923567 -0.00318333
-27.729 95.6434 0.372421 0.372238 -0.928136 -0.00153529
-26.8144 95.9927 1.27964 0.348687 -0.937239 0.000191427
-25.9111 96.3248 2.16419 0.336786 -0.941571 -0.00368339
-25.0553 96.6163 3.05279 0.319515 -0.947492 -0.0123644
-24.0369 96.9453 4.14649 0.306028 -0.951979 0.00830224
-23.0219 97.2627 4.98483 0.300019 -0.953788 -0.0163343
-21.9302 97.5589 6.13914 0.261671 -0.965082 -0.0120377
-20.9181 97.815 7.07537 0.245929 -0.969287 0.000404467
-20.0827 98.0047 8.0461 0.212203 -0.977213 -0.00480596
-19.0993 98.2078 8.81891 0.182829 -0.983145 0.000457408
-18.2981 98.3613 9.73261 0.171398 -0.985156 0.00825898
-19.0825 98.2218 10.2042 0.194761 -0.980794 0.00873316
-19.9775 98.0253 9.15757 0.213011 -0.97705 0.00058281
-21.1542 97.7496 8.29125 0.247734 -0.968814 -0.00529406
-22.1417 97.4847 7.37993 0.267981 -0.963398 -0.00692414
-23.0698 97.2301 6.45115 0.289318 -0.957107 -0.0153024
-24.0783 96.9167 5.42975 0.314917 -0.94909 -0.00674419
-24.8239 96.6773 4.40265 0.323335 -0.946246 -0.0086051
-25.7139 96.3813 3.60142 0.325785 -0.945349 -0.0131866
-26.6546 96.0508 2.80065 0.347435 -0.937683 -0.00621386
-27.5563 95.7108 1.88508 0.366312 -0.930483 -0.00385631
-28.5369 95.3179 0.749383 0.375651 -0.926743 -0.00421438
-29.4718 94.9363 -0.095207 0.388312 -0.921515 -0.00487499
-30.3266 94.5727 -1.11795 0.401424 -0.915867 -0.00581439
-31.2657 94.1623 -1.89848 0.41446 -0.910052 -0.00485916
-32.1825 93.7451 -2.89177 0.425742 -0.904778 -0.00909205
-33.2176 93.2619 -3.70458 0.440973 -0.897455 -0.0108299
-33.951 92.9142 -4.68281 0.44397 -0.895933 -0.0137864
-34.8073 92.4984 -5.58325 0.452977 -0.891427 -0.0128889
-35.9245 91.9318 -6.54677 0.464726 -0.885404 -0.00947336
-36.0151 91.8849 -6.61687 0.465778 -0.884856 -0.0089723
-36.6351 91.552 -6.02336 0.467314 -0.884051 -0.0084179
-35.486 92.1455 -5.09689 0.462872 -0.886372 -0.0096702
-34.5028 92.6293 -3.9576 0.447574 -0.894185 -0.00988989
-33.6464 93.0438 -2.92674 0.441837 -0.897065 -0.00739117
-32.6547 93.5157 -2.0803 0.428696 -0.903435 -0.00502654
-31.6988 93.9589 -1.12867 0.41566 -0.909474 -0.00912709
-30.7307 94.3924 -0.275344 0.411876 -0.911221 -0.00563362
-29.7536 94.8118 0.845302 0.389753 -0.920898 -0.00626169
-28.6886 95.2541 1.89071 0.380831 -0.924641 0.00023383
-27.9351 95.5551 2.87382 0.373042 -0.927762 -0.00906505
-26.9777 95.9181 3.64735 0.354637 -0.93493 -0.0112482
-26.0262 96.2613 4.42778 0.333182 -0.94273 -0.0152546
-25.2302 96.5299 5.44996 0.321187 -0.947001 -0.00529659
-24.3807 96.8128 6.37623 0.314946 -0.949105 -0.00296951
-23.5256 97.0788 7.34715 0.28673 -0.957931 -0.0124201
-22.5572 97.3689 8.22481 0.277485 -0.960661 0.00638097
-21.5051 97.6606 9.17868 0.256445 -0.966514 0.000693719
-20.3864 97.9357 9.91779 0.227856 -0.973666 0.00288862
-19.992 98.0278 10.3463 0.22101 -0.975254 0.00591401
-21.2163 97.7364 10.4294 0.246662 -0.969102 -3.36374e-05
-22.3843 97.4204 9.56963 0.262926 -0.9648 0.00533877
-23.4541 97.098 8.66271 0.298848 -0.954301 -0.000306553
-24.5266 96.7576 7.59172 0.308102 -0.951343 -0.00428854
-25.3723 96.4774 6.66055 0.324454 -0.945891 -0.00447824
-26.1234 96.2181 5.65522 0.340062 -0.940398 -0.00300039
-27.1605 95.8388 4.61052 0.361326 -0.932377 -0.0106551
-28.2959 95.4009 3.72333 0.373512 -0.927583 -0.00737828
-29.099 95.0771 2.78811 0.390724 -0.920493 -0.00513302
-30.0296 94.6853 1.78433 0.400529 -0.916279 -0.000832724
-30.8925 94.3087 0.83765 0.411216 -0.911483 -0.00998427
-31.7538 93.9247 -0.0101099 0.41621 -0.909254 -0.0050858
-32.7398 93.4688 -0.884196 0.431828 -0.901932 -0.00657411
-33.7177 92.9993 -1.7863 0.441901 -0.897036 -0.00707517
-34.6148 92.5632 -2.71746 0.449288 -0.893341 -0.00909021
-35.4095 92.1716 -3.82813 0.454122 -0.890892 -0.00925675
-36.4881 91.619 -4.79696 0.46286 -0.88641 -0.00618589
-37.0032 91.3505 -5.20189 0.466905 -0.88429 -0.00549591
-37.66 90.9976 -4.6474 0.472491 -0.881316 -0.00586863
-36.6721 91.5163 -3.8715 0.464974 -0.885299 -0.00600715
-35.8032 91.9621 -2.91949 0.45767 -0.889083 -0.00700868
-34.9689 92.3785 -1.85367 0.44981 -0.893095 -0.00701961
-33.8737 92.9162 -0.758818 0.443318 -0.896358 -0.0033355
-32.8785 93.3961 0.173873 0.43233 -0.901706 -0.00401725
-31.8245 93.8848 1.12452 0.419634 -0.907663 -0.00656202
-30.8972 94.2973 2.1446 0.412431 -0.910977 -0.00467666
-29.9118 94.7282 3.19437 0.395002 -0.918654 -0.00688368
-28.9131 95.1406 4.31583 0.388715 -0.921297 -0.0105362
-27.8007 95.5871 5.24796 0.36617 -0.930537 -0.00365111
-26.8227 95.9624 6.19114 0.353914 -0.935274 -0.00253038
-26.0734 96.2319 7.1968 0.350582 -0.936501 -0.00508869
-25.1896 96.538 8.21354 0.330134 -0.943927 -0.0035658
-24.2456 96.8487 9.14898 0.302754 -0.953068 0.00037907
-23.1117 97.2131 10.1238 0.299374 -0.954091 0.00921388
-22.1559 97.4893 10.8864 0.27129 -0.962309 0.0129659
-23.2588 97.1755 11.1843 0.285979 -0.957919 0.0244928
-24.2645 96.8482 10.3105 0.308469 -0.951223 0.00455844
-25.1815 96.5363 9.46917 0.319284 -0.947626 0.00702077
-26.1052 96.2144 8.52131 0.341164 -0.939997 -0.0036048
-26.8832 95.9254 7.55354 0.354841 -0.934893 -0.00574374
-27.6949 95.6233 6.54887 0.364702 -0.931108 -0.00519234
-28.6442 95.2421 5.68128 0.379159 -0.925284 -0.00919533
-29.7104 94.7979 4.73826 0.390537 -0.920529 -0.0100476
-30.6265 94.415 3.69388 0.403878 -0.91476 -0.00979303
-31.5774 93.9889 2.65884 0.423291 -0.90599 0.000244846
-32.5544 93.5413 1.61821 0.424123 -0.905547 -0.0102106
-33.4715 93.1057 0.802253 0.439154 -0.898394 -0.00560889
-34.4616 92.6229 -0.112116 0.445646 -0.895201 -0.00358892
-35.4344 92.1402 -1.1115 0.450361 -0.892839 -0.00176014
-36.3693 91.6637 -2.24884 0.460636 -0.887568 -0.00620069
-37.1987 91.234 -3.15412 0.466484 -0.884519 -0.00421124
-38.0184 90.7993 -3.84164 0.476512 -0.879144 -0.00641273
-38.2394 90.6751 -2.93423 0.47658 -0.879125 -0.00336439
-37.2457 91.2018 -1.97568 0.469368 -0.882986 -0.0054835
-36.2848 91.7038 -0.784801 0.463133 -0.886282 -0.000989439
-35.4268 92.1383 0.141258 0.453181 -0.891391 -0.00595815
-34.5524 92.5718 0.98857 0.447602 -0.894217 -0.00534593
-33.5775 93.0461 1.8985 0.43946 -0.898231 -0.00747169
-32.6892 93.4686 2.72061 0.423773 -0.905756 -0.00446648
-31.8744 93.8492 3.62564 0.423328 -0.905965 -0.000325567
-31.0048 94.2355 4.54729 0.406997 -0.91337 -0.00997722
-30.1002 94.626 5.54996 0.395204 -0.91858 -0.00376075
-29.0864 95.0541 6.47921 0.390632 -0.920537 -0.0027267
-28.1295 95.4447 7.39815 0.372645 -0.927897 -0.00886553
-27.3295 95.7545 8.40621 0.365944 -0.930636 0.000882746
-26.5167 96.0603 9.35475 0.354915 -0.934881 -0.00554399
-25.5422 96.4155 10.3562 0.338632 -0.940873 0.00896141
-24.4224 96.8108 11.3651 0.307385 -0.951447 0.0161135
-24.3001 96.8526 11.4798 0.306462 -0.951713 0.017876
-25.2961 96.5228 11.7907 0.342583 -0.939475 0.00416882
-26.2104 96.1793 10.9439 0.347481 -0.937646 0.00580243
-27.0952 95.8377 10.0052 0.356977 -0.934102 0.00445166
-27.9965 95.4897 9.00976 0.374973 -0.927032 -0.00227347
-28.9323 95.1111 7.85112 0.383312 -0.923604 -0.00283128
-30.018 94.654 6.8107 0.394528 -0.918866 -0.00543348
-31.1288 94.1728 5.72997 0.407313 -0.91327 -0.00439982
-31.9667 93.7976 4.78106 0.423422 -0.905899 -0.00263245
-32.9793 93.3232 3.69011 0.437465 -0.899207 -0.00714138
-33.9134 92.8744 2.76903 0.442082 -0.896944 -0.00650393
-34.8003 92.4391 1.91291 0.449505 -0.893232 -0.00909277
-35.7405 91.9712 1.01922 0.45678 -0.889547 -0.00758519
-36.6488 91.5079 0.0707876 0.468107 -0.88366 -0.00459901
-37.6079 91.0034 -1.08968 0.471124 -0.882061 -0.0031436
-38.4289 90.569 -1.94281 0.474491 -0.880221 -0.00825587
-38.2803 90.639 -0.540943 0.476267 -0.879288 -0.00485323
-37.4177 91.0977 0.457992 0.469718 -0.882803 -0.00485786
-36.5364 91.5568 1.40887 0.466167 -0.884665 -0.00744442
-35.5696 92.0448 2.35492 0.454486 -0.890715 -0.00829333
-34.6639 92.4966 3.25378 0.448129 -0.89395 -0.00586382
-33.7523 92.9424 4.12181 0.438974 -0.898474 -0.00674772
-32.8202 93.3897 5.12893 0.435201 -0.900314 -0.00533542
-32.0021 93.7749 6.05971 0.422239 -0.90639 -0.00966713
-31.035 94.202 7.02232 0.405021 -0.914244 -0.0107768
-30.1573 94.5875 7.87727 0.403091 -0.915129 -0.00424741
-29.2329 94.9828 8.84262 0.387989 -0.92163 -0.00173082
-28.2713 95.3781 10.0155 0.377391 -0.926052 0.000565414
-27.31 95.7615 11.0595 0.363881 -0.931392 0.0058934
-26.3405 96.1381 12.0365 0.350473 -0.936543 0.00711905
-27.0891 95.8588 12.5476 0.359846 -0.932908 0.0138819
-28.1531 95.4302 11.4762 0.373904 -0.927396 0.0104924
-28.9733 95.0901 10.5275 0.383346 -0.923604 0.000905924
-29.8304 94.7253 9.49889 0.394907 -0.91872 -0.000479774
-30.6779 94.3554 8.56538 0.40525 -0.914206 -0.00038079
-31.7056 93.8885 7.58382 0.420713 -0.907104 -0.0102729
-32.7322 93.4228 6.53875 0.429484 -0.90302 -0.00991051
-33.5787 93.0193 5.55723 0.43698 -0.899462 -0.00405028
-34.4464 92.5983 4.64091 0.442104 -0.89696 -0.00252912
-35.3536 92.1467 3.7756 0.453156 -0.891426 -0.00193583
-36.2114 91.7124 2.92368 0.454675 -0.890627 -0.00726402
-37.2126 91.1948 1.94699 0.467626 -0.883889 -0.00806943
-38.167 90.6946 0.895983 0.473759 -0.880642 -0.00456451
-38.2842 90.632 0.761835 0.474809 -0.880078 -0.00437152
-38.005 90.7708 2.30457 0.469743 -0.88278 -0.00643788
-36.9765 91.3075 3.37145 0.46709 -0.884187 -0.00628239
-36.0716 91.7788 4.25689 0.459418 -0.888216 -0.00179978
-35.0808 92.2807 5.20553 0.451709 -0.892123 -0.00855433
-34.2576 92.6817 6.10256 0.444323 -0.895832 -0.00781231
-33.4554 93.0668 7.02433 0.436259 -0.899753 -0.0110465
-32.5804 93.4808 7.93391 0.429293 -0.903153 -0.00219451
-31.5475 93.9594 8.91099 0.414879 -0.909871 -0.00293503
-30.6645 94.3586 9.89164 0.407275 -0.913289 -0.00321192
-29.8459 94.7224 10.8561 0.40192 -0.915665 0.000322037
-28.9713 95.0977 11.92 0.386022 -0.922458 0.00720058
-28.0286 95.4953 12.8619 0.368876 -0.929434 0.00897661
-28.9263 95.129 13.2055 0.393573 -0.919281 0.00175242
-29.7656 94.7616 12.3263 0.397801 -0.917447 0.00267928
-30.5809 94.3963 11.3277 0.406751 -0.913538 0.00127526
-31.3572 94.0438 10.3805 0.41479 -0.909916 -0.00151606
-32.3171 93.5999 9.39443 0.430126 -0.902768 -0.00114551
-33.3563 93.1061 8.39477 0.433565 -0.901114 -0.0038805
-34.2018 92.6993 7.47207 0.441492 -0.897258 -0.00205147
-35.0652 92.2779 6.47328 0.448445 -0.893786 -0.00452316
-36.0651 91.7743 5.47766 0.458731 -0.888542 -0.00705272
-36.9852 91.2968 4.54491 0.467078 -0.884208 -0.00368649
-37.425 91.0661 4.11136 0.467737 -0.883859 -0.00393789
-37.4415 91.0526 5.29245 0.467934 -0.88375 -0.00474034
-36.5462 91.5209 6.23984 0.46229 -0.886714 -0.0041513
-35.6279 91.9885 7.16344 0.455795 -0.890063 -0.00595283
-34.7726 92.415 8.14012 0.446142 -0.894957 -0.00260387
-33.8145 92.8792 9.15002 0.438225 -0.898851 -0.00507752
-32.8974 93.3221 10.0507 0.430803 -0.902445 -0.00100819
-31.8924 93.7981 11.12 0.427295 -0.904106 -0.00324555
-31.099 94.1631 12.072 0.418433 -0.908237 0.000880242
-30.0849 94.6234 13.2842 0.412257 -0.911057 0.00428464
-29.7724 94.7645 13.6408 0.398548 -0.917123 0.00666746
-30.6578 94.3672 13.9461 0.414853 -0.909876 0.00446113
-31.5942 93.9329 12.8363 0.423499 -0.905896 -0.000767416
-32.5811 93.4695 11.7019 0.429736 -0.902948 -0.00347893
-33.5107 93.0209 10.6874 0.441899 -0.897057 -0.00374083
-34.4638 92.5569 9.7232 0.444473 -0.895754 -0.00802767
-35.4366 92.0761 8.67831 0.452306 -0.891844 -0.00567949
-36.3124 91.6325 7.69946 0.461859 -0.88691 -0.00835738
-37.3166 91.1118 6.68559 0.468436 -0.883487 -0.00432512
-37.5713 90.9777 6.40263 0.469858 -0.882729 -0.0048508
-37.6253 90.9422 7.59795 0.470908 -0.882156 -0.0067407
-36.7583 91.3909 8.50625 0.464556 -0.885501 -0.00872732
-35.9263 91.8179 9.41862 0.460551 -0.887596 -0.00775853
-34.9898 92.2872 10.3974 0.450016 -0.892966 -0.00912074
-34.0188 92.7678 11.4012 0.445071 -0.895495 0.000135734
-33.2044 93.1669 12.3224 0.436211 -0.899834 -0.00440433
-32.2137 93.6407 13.4177 0.431483 -0.90212 -0.000811905
-31.4284 94.0132 14.3732 0.423277 -0.905966 0.00791028
-32.363 93.5738 14.59 0.433776 -0.900991 0.00736679
-33.241 93.147 13.5501 0.433919 -0.900951 -0.00104161
-34.1514 92.7013 12.5775 0.447279 -0.894393 -0.00147004
-34.9994 92.2775 11.6552 0.455693 -0.890132 -0.00204777
-35.8014 91.8707 10.7602 0.455595 -0.890169 -0.0056414
-36.9139 91.3001 9.6275 0.463777 -0.885905 -0.00909637
-37.6392 90.9238 8.82941 0.469424 -0.882934 -0.00827413
-37.6042 90.9295 10.1584 0.470159 -0.882533 -0.00927099
-36.5183 91.4953 11.2537 0.46533 -0.885123 -0.00497068
-35.6808 91.9262 12.1797 0.456457 -0.889744 -0.00176611
-34.7903 92.3787 13.1787 0.452899 -0.891554 -0.00323393
-33.9081 92.8192 14.1128 0.44888 -0.893592 0.000778627
-33.5595 92.9936 14.5183 0.440215 -0.897892 1.0509e-05
-35.0723 92.2332 14.1357 0.451031 -0.892502 -0.00109431
-36.0198 91.7488 13.1038 0.459893 -0.887972 -0.00126407
-36.9443 91.2686 12.0389 0.465415 -0.885092 -0.0011422
-25.1223 96.5855 12.2213 0.326545 -0.945139 0.00149249
-24.1893 96.8976 12.0001 0.308672 -0.951048 0.0142398
-23.0904 97.2381 11.6781 0.286501 -0.957797 0.0228928
-22.0588 97.531 11.3934 0.267496 -0.963179 0.0246485
-21.0488 97.785 11.1175 0.24585 -0.968987 0.0248176
-20.1104 98.0058 10.8906 0.226228 -0.97378 0.0239525
-19.1539 98.2149 10.6923 0.204267 -0.978518 0.0263001
-18.0829 98.4109 10.4508 0.170651 -0.985186 0.0168459
-17.089 98.5671 10.1212 0.154359 -0.987876 0.0161029
-16.1675 98.6881 9.80758 0.126037 -0.992 0.006687
-15.2276 98.7951 9.56847 0.106245 -0.99434 0.00015953
-14.2761 98.8781 9.32975 0.0792317 -0.996827 0.00762086
-13.3 98.931 9.0557 0.0407185 -0.999075 0.0138263
-12.2871 98.9533 8.74022 0.00560775 -0.999956 0.0074745
-11.4 98.9471 8.49211 -0.0221197 -0.999694 0.000266124
-10.4377 98.9154 8.14809 -0.0400915 -0.999172 0.00079867
-9.38606 98.8615 7.6944 -0.0544805 -0.998511 0.00103088
-8.37128 98.777 7.20718 -0.0919734 -0.995753 -0.00400324
-7.53655 98.6846 6.78174 -0.126503 -0.991962 0.00260897
-6.47748 98.5287 6.20295 -0.152417 -0.988306 0.00453615
-5.5092 98.3624 5.6763 -0.183848 -0.982949 0.0032973
-4.50992 98.1691 5.04581 -0.197535 -0.980276 0.00552375
-3.86414 98.0349 4.35273 -0.203449 -0.979084 0.00115852
-3.30933 97.9109 3.56903 -0.215873 -0.976415 0.00235681
-2.92843 97.8237 2.69748 -0.224152 -0.974523 0.00342744
-2.82359 97.8038 1.44758 -0.224107 -0.974557 -0.00366927
-3.5042 97.9661 0.486406 -0.217781 -0.975942 -0.0102336
-4.31546 98.1473 -0.0243842 -0.20005 -0.979502 -0.0235702
-5.14696 98.3148 -0.458933 -0.168752 -0.985458 -0.0193882
-6.02489 98.4705 -0.840417 -0.155364 -0.987504 -0.024585
-6.91409 98.6073 -1.20791 -0.130434 -0.991326 -0.0143923
-8.02766 98.7427 -1.753 -0.103908 -0.994585 -0.00168911
-8.98417 98.8281 -2.18399 -0.0766402 -0.996965 -0.00887443
-9.89073 98.896 -2.54408 -0.061082 -0.997947 -0.0191667
-10.8331 98.9396 -2.80904 -0.0337087 -0.999419 -0.00448922
-11.8335 98.9624 -3.11181 -0.0118333 -0.999891 -0.00850361
-12.917 98.9488 -3.32786 0.0332303 -0.99942 -0.00749279
-14.0615 98.8995 -3.45191 0.0619968 -0.998068 -0.00289168
-14.9815 98.8413 -3.55357 0.0705195 -0.997407 -0.0111902
-15.9637 98.7434 -3.63518 0.110916 -0.99369 -0.0165557
-17.042 98.6094 -3.77258 0.132936 -0.991043 -0.0126973
-18.168 98.439 -3.88842 0.162182 -0.986688 -0.0103822
-19.1247 98.2715 -4.01321 0.18861 -0.981997 -0.00762374
-20.3311 98.0192 -4.21345 0.219497 -0.975226 -0.0274455
-21.6237 97.7122 -4.4024 0.247861 -0.968455 -0.0255723
-22.8121 97.395 -4.59622 0.274441 -0.961346 -0.0217524
-23.8802 97.0854 -4.84348 0.29583 -0.955023 -0.0203982
-24.7441 96.8139 -5.08532 0.3193 -0.947535 -0.0149637
-25.8012 96.4482 -5.4823 0.338137 -0.941048 -0.00913595
-26.9871 96.018 -6.00514 0.356929 -0.934038 -0.00786541
-27.8231 95.6936 -6.37358 0.373687 -0.927418 -0.0159194
-28.5859 95.3896 -6.78394 0.378258 -0.925575 -0.0152082
-29.591 94.9752 -7.30576 0.393506 -0.919222 -0.0132943
-30.5819 94.5501 -7.72271 0.409869 -0.912042 -0.0136661
-31.5051 94.1341 -7.9907 0.42255 -0.906225 -0.0132243
-32.5672 93.6323 -8.1944 0.433295 -0.901124 -0.0147692
-33.4569 93.1999 -8.25251 0.439291 -0.898227 -0.0145864
-34.3736 92.7426 -8.10336 0.450867 -0.892524 -0.0108832
-35.2133 92.3141 -7.83242 0.459657 -0.888079 -0.00553355
-35.9823 91.9098 -7.40615 0.465396 -0.885053 -0.00925752
-36.6969 91.5259 -6.70006 0.467235 -0.884089 -0.00880737
-37.3477 91.1743 -5.94991 0.470056 -0.882602 -0.00725843
-37.9377 90.8528 -5.16631 0.474603 -0.880168 -0.0070609
-38.4044 90.5931 -4.25262 0.478224 -0.878213 -0.00660967
-38.7435 90.4022 -3.08966 0.479462 -0.877558 -0.00185531
-38.8954 90.3159 -2.14655 0.480926 -0.876752 -0.00393903
-38.9361 90.2865 -1.1029 0.480335 -0.877056 -0.00714774
-38.9098 90.2955 0.0724652 0.478977 -0.877822 -0.00294248
-38.7321 90.3887 1.00648 0.476479 -0.879173 -0.00464214
-38.5262 90.495 1.95428 0.471939 -0.881615 -0.00511837
-38.3047 90.6071 2.92408 0.469399 -0.882964 -0.0062938
-38.0838 90.7166 3.98515 0.470118 -0.882588 -0.00498271
-38.0127 90.7513 4.95098 0.469561 -0.882893 -0.00349268
-37.9846 90.7605 5.88793 0.472416 -0.881359 -0.00551515
-38.0777 90.7031 7.12287 0.472211 -0.881469 -0.00534518
-38.1763 90.6449 8.03364 0.473834 -0.880585 -0.00703057
-38.2019 90.6205 9.10482 0.472378 -0.88135 -0.00903049
-38.0834 90.6742 10.1431 0.470715 -0.882239 -0.00901196
-37.8544 90.7895 11.0778 0.47009 -0.882605 -0.00471571
-37.5189 90.9637 12.1714 0.470042 -0.882636 -0.00359786
-37.0445 91.2133 12.9755 0.469399 -0.882983 -0.00213982
-36.3932 91.5548 13.7476 0.465042 -0.885287 -0.00173115
-35.561 91.9831 14.4607 0.455664 -0.89015 -0.0017299
-34.7752 92.3846 14.8512 0.449264 -0.893395 0.00263988
-33.8187 92.8655 15.0587 0.447937 -0.894064 0.00163056
-32.983 93.2771 15.1273 0.438779 -0.898581 0.0049121
-32.1005 93.7051 15.0753 0.428618 -0.903426 0.00867871
-31.2583 94.0973 14.9071 0.423125 -0.906035 0.00806374
-30.2973 94.5338 14.5311 0.413537 -0.910476 0.00457374
-29.301 94.9711 14.0769 0.396068 -0.918209 0.00472939
-28.4666 95.3232 13.7099 0.38761 -0.921797 0.0067155
-27.6476 95.6509 13.3677 0.366905 -0.930196 0.0107487
-26.8239 95.9659 12.941 0.353893 -0.935193 0.0129304
-25.8733 96.3158 12.5048 0.346595 -0.937901 0.0146302
-25.4476 96.4699 12.3489 0.331996 -0.943137 0.0110821
-25.2607 96.552 13.2428 0.337302 -0.941189 0.0180254
-24.3505 96.8567 12.9927 0.318357 -0.947816 0.015841
-23.3373 97.183 12.6906 0.305783 -0.951963 0.0161396
-22.3482 97.4755 12.4144 0.277747 -0.960279 0.0253108
-21.4385 97.7135 12.1897 0.255884 -0.966443 0.0225379
-20.5302 97.9316 11.943 0.232243 -0.97243 0.0210343
-19.4178 98.1796 11.7013 0.204155 -0.978708 0.021001
-18.3582 98.3858 11.5006 0.177523 -0.983799 0.0238631
-17.1646 98.5786 11.1568 0.155938 -0.987523 0.0217134
-16.0106 98.7246 10.739 0.117383 -0.992737 0.0260537
-15.0311 98.8258 10.4767 0.101865 -0.994307 0.0311514
-13.9917 98.9016 10.2389 0.0646296 -0.99735 0.0334072
-13.0242 98.953 9.93945 0.0313579 -0.999452 0.00874011
-12.0612 98.9705 9.6427 0.00587277 -0.999783 0.01386
-11.0853 98.9522 9.3608 -0.0192205 -0.999739 0.0123688
-10.2067 98.9152 9.0436 -0.0485857 -0.998714 0.0143465
-9.23558 98.8597 8.64241 -0.0532333 -0.998546 0.0076459
-8.35002 98.7844 8.26288 -0.0924376 -0.99551 0.0170385
-7.46799 98.6846 7.80862 -0.124057 -0.992027 0.0222101
-6.50746 98.5445 7.28465 -0.147429 -0.988882 0.0194013
-5.57301 98.3855 6.78171 -0.171177 -0.984953 0.0237694
-4.55165 98.1897 6.25214 -0.186377 -0.982218 0.0223108
-3.65752 97.9968 5.60113 -0.202915 -0.979184 0.00485115
-2.87764 97.8212 4.62717 -0.219684 -0.975555 0.0056267
-2.35528 97.6977 3.82967 -0.235646 -0.9718 0.0083015
-1.94774 97.5912 2.76288 -0.232298 -0.972642 0.0023898
-1.83544 97.5606 1.75854 -0.246088 -0.969244 0.00211682
-1.97737 97.6006 0.841399 -0.248109 -0.968709 -0.00658771
-2.68596 97.7877 -0.0717991 -0.236159 -0.971601 -0.0137351
-3.49336 97.9876 -0.645405 -0.223473 -0.974434 -0.0231758
-4.35485 98.179 -1.11592 -0.194405 -0.980706 -0.0204704
-5.33666 98.3737 -1.57486 -0.164986 -0.985943 -0.0263172
-6.29341 98.5371 -1.9656 -0.132993 -0.990699 -0.0263943
-7.1305 98.6566 -2.39108 -0.122192 -0.992145 -0.0267156
-8.13809 98.7733 -2.85885 -0.0921826 -0.995489 -0.0197418
-9.22475 98.8674 -3.32752 -0.0695885 -0.997077 -0.0315274
-10.1974 98.9286 -3.61266 -0.0373384 -0.998853 -0.0299757
-11.1559 98.9659 -3.90883 -0.0118888 -0.999767 -0.0179934
-12.0941 98.978 -4.14946 0.021825 -0.999478 -0.0217811
-13.2441 98.9518 -4.29511 0.0324622 -0.999281 -0.0187474
-14.4208 98.8918 -4.43735 0.0667991 -0.997603 -0.0171998
-15.4092 98.8157 -4.55977 0.0882422 -0.995912 -0.0162738
-16.4352 98.6986 -4.63538 0.125816 -0.991658 -0.0269847
-17.3785 98.5776 -4.76586 0.150812 -0.988117 -0.0296542
-18.6017 98.3838 -4.88605 0.172361 -0.984744 -0.023574
-19.7137 98.1717 -5.04456 0.203684 -0.978779 -0.02245
-20.6182 97.9774 -5.20237 0.230982 -0.972757 -0.0194556
-21.7887 97.697 -5.37126 0.254659 -0.966544 -0.0262761
-22.7155 97.4413 -5.54041 0.270155 -0.962329 -0.0304708
-23.6894 97.1663 -5.74543 0.301516 -0.952823 -0.0341136
-24.7825 96.8196 -6.09271 0.326385 -0.945011 -0.0190631
-25.7047 96.4981 -6.45429 0.340229 -0.940215 -0.0155067
-26.6444 96.162 -6.87059 0.356505 -0.93388 -0.0275873
-27.5954 95.8038 -7.29288 0.371716 -0.928089 -0.0215767
-28.35 95.5072 -7.72658 0.37657 -0.926033 -0.0251262
-29.1891 95.1614 -8.1495 0.391837 -0.919868 -0.0175131
-30.2101 94.7274 -8.56065 0.406509 -0.913503 -0.0161931
-31.1197 94.324 -8.86185 0.412219 -0.910891 -0.0182566
-32.1065 93.8674 -9.05588 0.430134 -0.902626 -0.0149905
-33.0406 93.417 -9.18847 0.436266 -0.899663 -0.0163031
-34.1252 92.8818 -9.12789 0.446342 -0.894786 -0.0117122
-35.0465 92.4125 -8.89958 0.457284 -0.889221 -0.0133197
-35.8156 92.0114 -8.59895 0.463016 -0.886274 -0.0115829
-36.543 91.6235 -8.14981 0.466102 -0.88465 -0.0119708
-37.3554 91.1826 -7.33498 0.469618 -0.882799 -0.0112046
-37.9575 90.8525 -6.62556 0.473356 -0.880826 -0.00889657
-38.515 90.5446 -5.8729 0.479187 -0.877693 -0.00591309
-38.9822 90.2842 -5.08208 0.479667 -0.877432 -0.0057456
-39.3885 90.054 -4.02192 0.480358 -0.877042 -0.00727523
-39.6169 89.9221 -3.05314 0.484454 -0.874808 -0.00379933
-39.7763 89.8283 -1.8237 0.485501 -0.874223 -0.0047914
-39.7752 89.8243 -0.796527 0.484424 -0.874826 -0.00364955
-39.7563 89.8322 0.152956 0.482309 -0.876 -0.00139043
-39.5439 89.947 1.18379 0.481083 -0.876674 -0.00122624
-39.3073 90.0729 2.255 0.475252 -0.879844 -0.00305616
-39.0497 90.2073 3.2547 0.472664 -0.881229 -0.00462325
-38.8761 90.2937 4.20053 0.471059 -0.88208 -0.00610296
-38.8256 90.3147 5.16574 0.472351 -0.881388 -0.0062936
-38.8218 90.3089 6.35476 0.472654 -0.881234 -0.00506923
-38.9321 90.2424 7.38 0.475283 -0.879813 -0.00589923
-39.0362 90.1782 8.3688 0.476857 -0.878938 -0.00865527
-39.0191 90.1756 9.60718 0.475946 -0.879435 -0.00830719
-38.7702 90.3 10.8799 0.474622 -0.880162 -0.00696454
-38.4958 90.4426 11.9216 0.473664 -0.8807 -0.00328166
-38.063 90.6716 13.0319 0.470105 -0.882609 -0.00138653
-37.5496 90.9432 13.7967 0.468979 -0.883209 -0.00032272
-36.9245 91.2747 14.5069 0.465749 -0.884917 -0.000175637
-36.2557 91.6254 15.1192 0.461791 -0.886987 0.00144625
-35.4194 92.0596 15.6223 0.458778 -0.888542 0.0039086
-34.6275 92.4625 15.8746 0.450397 -0.892788 0.00843199
-33.7157 92.922 16.0236 0.444203 -0.895888 0.00809473
-32.6966 93.4253 16.1001 0.441318 -0.897315 0.0080743
-31.6944 93.905 16.0055 0.427113 -0.904137 0.00972693
-30.5982 94.4097 15.6831 0.415453 -0.909492 0.014898
-29.7318 94.7983 15.2937 0.404974 -0.914084 0.0200346
-28.6861 95.2404 14.8218 0.397063 -0.917505 0.0229454
-27.8153 95.5971 14.4235 0.382073 -0.923844 0.0230896
-26.9297 95.9437 14.0094 0.365254 -0.930777 0.0155383
-26.1414 96.2366 13.6024 0.347601 -0.937409 0.0202183
-25.4455 96.4853 13.3055 0.344231 -0.938792 0.0131089
-25.2318 96.589 14.1867 0.341223 -0.9391 0.0400527
-26.0857 96.2897 14.565 0.352936 -0.934452 0.0463149
-26.9361 95.9721 15.0339 0.374088 -0.92663 0.0376046
-27.7923 95.6355 15.4377 0.383976 -0.922736 0.0332515
-28.7227 95.2527 15.9275 0.399627 -0.916365 0.0236997
-29.7611 94.8053 16.3454 0.408278 -0.912656 0.0189193
-30.5581 94.4441 16.6537 0.419734 -0.907544 0.0136855
-31.5395 93.992 16.9533 0.424828 -0.905147 0.0150218
-32.3974 93.5814 17.0513 0.437055 -0.899364 0.0096228
-33.334 93.1207 17.0274 0.440743 -0.897553 0.0117514
-34.3779 92.5992 16.8804 0.450139 -0.892862 0.0121912
-35.3077 92.1245 16.6749 0.453757 -0.891097 0.00711957
-36.1564 91.6839 16.3099 0.462951 -0.886367 0.00538848
-36.9711 91.2541 15.7342 0.464445 -0.885586 0.00536854
-37.5918 90.9241 15.1501 0.467755 -0.883845 0.00471003
-38.2762 90.5576 14.3264 0.471085 -0.882084 0.0022309
-38.7646 90.2942 13.5894 0.472628 -0.881261 0.000597007
-39.1689 90.0785 12.7549 0.473368 -0.880862 -0.00223333
-39.4336 89.9377 11.7236 0.476134 -0.879368 -0.00232058
-39.7369 89.7779 10.6411 0.478438 -0.878102 -0.00576687
-39.8464 89.726 9.7033 0.477985 -0.878335 -0.00753107
-39.8822 89.716 8.58722 0.480043 -0.877214 -0.0073545
-39.7888 89.7763 7.61319 0.47845 -0.878075 -0.008309
-39.6751 89.8457 6.59138 0.47603 -0.879408 -0.00614236
-39.6557 89.864 5.65762 0.475058 -0.879921 -0.00764996
-39.6781 89.8602 4.71862 0.472859 -0.881104 -0.00773983
-39.7718 89.8174 3.69518 0.473152 -0.880967 -0.00483603
-40.0596 89.6633 2.59635 0.478756 -0.877948 -0.00038328
-40.317 89.5228 1.51708 0.4814 -0.876501 -0.000255302
-40.5254 89.4079 0.583764 0.483282 -0.875464 0.00103258
-40.633 89.3487 -0.37681 0.484267 -0.87492 -0.000804338
-40.6411 89.3449 -1.33581 0.489488 -0.872003 -0.00336688
-40.5756 89.386 -2.38569 0.487553 -0.873082 -0.00440254
-40.4248 89.4752 -3.32667 0.485779 -0.874049 -0.00702075
-40.2116 89.6028 -4.2185 0.48291 -0.875634 -0.00775545
-39.7996 89.8402 -5.33904 0.478606 -0.878005 -0.00663017
-39.2973 90.1191 -6.2701 0.481829 -0.876259 -0.00301993
-38.7489 90.4264 -7.11673 0.481995 -0.876133 -0.00843998
-38.1975 90.7362 -7.80023 0.476526 -0.879035 -0.0146925
-37.5128 91.1149 -8.5156 0.46905 -0.883061 -0.0140156
-36.6427 91.5875 -9.19684 0.465553 -0.884872 -0.0160296
-35.8434 92.013 -9.5825 0.462634 -0.886396 -0.0164887
-34.9341 92.4903 -9.90228 0.456734 -0.889385 -0.0196986
-34.0649 92.932 -10.0816 0.44308 -0.896307 -0.0176911
-33.1851 93.3675 -10.1204 0.440047 -0.897768 -0.0189643
-32.0628 93.9109 -10.0264 0.434984 -0.900216 -0.0197627
-30.9821 94.4114 -9.78867 0.421686 -0.90622 -0.0300282
-30.0977 94.8056 -9.50634 0.413084 -0.910175 -0.0306091
-29.1743 95.2035 -9.15919 0.397565 -0.916787 -0.037965
-28.3133 95.5576 -8.74599 0.391557 -0.919656 -0.0302535
-27.5192 95.8711 -8.29529 0.377303 -0.925004 -0.0448443
-26.6072 96.2108 -7.82829 0.361476 -0.930903 -0.0524878
-25.7402 96.5199 -7.48453 0.342491 -0.93875 -0.0380255
-24.8821 96.8128 -7.18722 0.328873 -0.943673 -0.0363007
-23.8096 97.1689 -6.77267 0.304251 -0.951792 -0.0389656
-22.5517 97.5217 -6.48287 0.273226 -0.961298 -0.035388
-21.4813 97.8107 -6.26928 0.250312 -0.967305 -0.0392579
-20.4023 98.0591 -6.0912 0.212459 -0.976534 -0.0351252
-19.4628 98.2528 -5.94787 0.206717 -0.977448 -0.0431597
-18.4356 98.4407 -5.79804 0.170536 -0.98437 -0.0439778
-17.3774 98.6085 -5.72738 0.144101 -0.988684 -0.0416583
-16.2321 98.7624 -5.57228 0.131693 -0.99007 -0.0491782
-15.2544 98.8615 -5.49333 0.0906245 -0.994636 -0.0485281
-14.128 98.9367 -5.32886 0.0651201 -0.996709 -0.0480425
-12.9946 98.9875 -5.22709 0.019923 -0.998467 -0.0509871
-12.0145 99.0101 -5.08258 0.0239375 -0.999186 -0.0323732
-11.0758 99.002 -4.82434 -0.011982 -0.99812 -0.0600864
-10.017 98.9526 -4.54422 -0.0441596 -0.99754 -0.0543681
-9.07791 98.8886 -4.31542 -0.0679553 -0.997029 -0.0362327
-8.07832 98.7954 -3.88724 -0.0878276 -0.994945 -0.048619
-7.12593 98.6846 -3.47873 -0.108317 -0.993691 -0.029072
-6.24015 98.5648 -2.98989 -0.12271 -0.991901 -0.0327585
-5.33056 98.4114 -2.59315 -0.177873 -0.982927 -0.0462684
-4.35899 98.2141 -2.16962 -0.187721 -0.981588 -0.0352215
-3.53389 98.0335 -1.75303 -0.221311 -0.97451 -0.0366653
-2.64642 97.8021 -1.22741 -0.246914 -0.968776 -0.0225181
-1.82327 97.5779 -0.584315 -0.250651 -0.96788 -0.0189851
-1.19583 97.3998 0.234041 -0.26113 -0.96528 -0.00624976
-0.934361 97.3254 1.11826 -0.259953 -0.965618 -0.00188191
-0.892135 97.3134 2.04519 -0.258239 -0.966073 0.00371812
-1.05197 97.3579 3.08696 -0.264071 -0.964503 0.000798784
-1.44431 97.4765 4.0766 -0.262652 -0.964653 0.0212352
-1.90348 97.6033 4.87302 -0.223371 -0.974656 0.010901
-2.51178 97.7515 5.7466 -0.219893 -0.975316 0.0196494
-3.22029 97.9244 6.49588 -0.206932 -0.977989 0.0264708
-4.11265 98.1247 7.16088 -0.193606 -0.980719 0.0265106
-4.99589 98.3115 7.60524 -0.175991 -0.98324 0.0436805
-5.81359 98.4583 8.01238 -0.149612 -0.9879 0.0401949
-6.73202 98.605 8.52546 -0.135574 -0.989977 0.0394537
-7.78529 98.7497 9.03804 -0.105528 -0.993657 0.0388662
-8.72759 98.84 9.43748 -0.068939 -0.997244 0.0274285
-9.73672 98.9121 9.84999 -0.0426777 -0.998648 0.0296713
-10.6246 98.9575 10.1554 -0.0330387 -0.999105 0.0261985
-11.5066 98.9894 10.4387 -0.0159392 -0.998925 0.0433424
-12.6543 98.9877 10.8013 0.0336037 -0.998863 0.0335139
-13.6453 98.9518 11.1398 0.0518881 -0.998088 0.0332121
-14.6792 98.8878 11.3723 0.0894833 -0.994631 0.0518771
-15.7617 98.7906 11.7077 0.121857 -0.990605 0.0620738
-16.7612 98.6751 11.9974 0.165233 -0.984941 0.0504316
-17.8732 98.4941 12.3145 0.17358 -0.98422 0.0343512
-18.7942 98.3312 12.5178 0.19644 -0.979961 0.0329278
-19.8483 98.1183 12.7093 0.214939 -0.975965 0.0351595
-20.8138 97.9002 12.9802 0.245888 -0.968707 0.0329689
-21.718 97.6711 13.2126 0.255677 -0.966259 0.0309833
-22.7533 97.3872 13.4817 0.297662 -0.954289 0.025793
-23.7444 97.0762 13.7788 0.305368 -0.951859 0.0267216
-24.641 96.7899 14.0173 0.326046 -0.944157 0.047067
-24.9992 96.6689 14.1223 0.33274 -0.942124 0.0410097
