-12.2443 100.142 1.2073 0.00902598 -0.999952 0.00381632
-11.0939 100.138 2.38406 -0.0120356 -0.999912 -0.00544052
-10.3243 100.118 3.36926 -0.0232626 -0.999729 -6.58707e-05
-10.8272 100.13 4.28633 -0.0192647 -0.99981 0.00275835
-11.6705 100.141 3.16201 -0.0116267 -0.999922 -0.000974213
-12.6912 100.141 2.09352 0.00867036 -0.999937 0.0071424
-14.0086 100.089 0.839504 0.0651427 -0.99786 0.00262913
-15.1672 100.004 -0.229621 0.0876237 -0.996129 -0.00428143
-15.437 99.9791 -0.484742 0.10509 -0.994379 -0.0113336
-17.5558 99.7324 -1.14504 0.144335 -0.989483 -0.00923198
-16.3913 99.8728 -0.06734 0.122332 -0.99243 -0.00956142
-15.2236 99.9999 1.01639 0.0949857 -0.995435 0.00528715
-13.9143 100.101 2.20341 0.0428861 -0.999021 0.0107999
-12.868 100.141 3.22782 0.0184026 -0.999827 -0.000322207
-11.9324 100.15 4.35729 -0.00287945 -0.99992 0.00229682
-11.4199 100.148 5.07309 -0.0200127 -0.999774 0.00717754
-12.3835 100.146 5.30945 0.0108855 -0.999938 0.00129352
-13.4891 100.121 3.92312 0.0399134 -0.999166 -0.00583159
-14.7188 100.058 2.74458 0.0734832 -0.997154 0.00889814
-15.8299 99.9413 1.72057 0.100294 -0.994905 0.00820519
-17.0368 99.7902 0.637465 0.129048 -0.991582 0.00862679
-18.0949 99.6402 -0.355505 0.162327 -0.9867 -0.00744976
-19.2099 99.4583 -1.34819 0.187014 -0.982325 -0.0068745
-19.35 99.4322 -1.49638 0.186821 -0.982391 -0.00223025
-21.0039 99.075 -1.80221 0.236329 -0.971513 -0.0120596
-20.0187 99.2827 -0.835089 0.222194 -0.97482 -0.0188403
-19.014 99.4752 0.0823647 0.178462 -0.983933 -0.0053159
-17.8804 99.6726 1.13544 0.161439 -0.986721 0.0176949
-16.7638 99.8367 2.13979 0.123111 -0.992371 0.00624339
-15.6699 99.9703 3.14294 0.103666 -0.994563 0.00976483
-14.5713 100.069 4.16926 0.0559209 -0.99843 0.00275265
-13.6444 100.113 5.2001 0.0366266 -0.999329 0.000415355
-13.0208 100.135 6.04652 0.0336334 -0.999434 0.000283096
-13.8802 100.102 6.47152 0.0631987 -0.997944 -0.00884285
-14.7184 100.053 5.35203 0.0722233 -0.99737 -0.00603198
-15.7034 99.9748 4.39474 0.0967878 -0.995303 0.00140418
-16.8457 99.8345 3.34019 0.121536 -0.992559 0.00708015
-18.0981 99.6417 2.2032 0.173471 -0.984779 -0.00506833
-19.1532 99.4417 1.22733 0.190021 -0.981775 0.00299413
-20.2652 99.2163 0.200227 0.218554 -0.9758 -0.00692994
-21.256 98.9935 -0.772101 0.232204 -0.972492 -0.0183343
-22.2442 98.7487 -1.74786 0.269767 -0.96286 -0.0108136
-22.6404 98.6411 -2.15582 0.278005 -0.960447 -0.0157927
-24.3667 98.1245 -2.54091 0.299345 -0.954011 -0.0144879
-23.3622 98.424 -1.59648 0.286377 -0.958025 -0.0127304
-22.1986 98.7448 -0.428356 0.272021 -0.962271 -0.00624351
-21.2187 98.9955 0.583091 0.232494 -0.972597 -0.00115076
-20.0124 99.2675 1.71719 0.209403 -0.977826 -0.00253554
-19.005 99.4705 2.65051 0.189016 -0.981966 -0.000342081
-17.9827 99.6525 3.55677 0.17174 -0.985056 -0.0100681
-16.9069 99.8262 4.54211 0.131962 -0.991239 0.00319528
-15.7561 99.9639 5.63447 0.096472 -0.995249 -0.0127626
-14.7803 100.038 6.85037 0.0674217 -0.997712 -0.00455803
-14.7458 100.041 6.89945 0.0715035 -0.997432 0.0018227
-15.5717 99.9639 7.33512 0.10359 -0.994548 -0.0058023
-16.4617 99.8777 6.27441 0.12945 -0.991472 -0.0147035
-17.4377 99.7444 5.30927 0.166197 -0.986059 -0.00618336
-18.5274 99.5528 4.34558 0.176985 -0.984213 -0.00123467
-19.6323 99.3371 3.33576 0.204736 -0.978786 -0.00783333
-20.7242 99.1023 2.32584 0.228463 -0.973493 -0.010816
-21.7875 98.8507 1.31767 0.258445 -0.965959 -0.0110897
-22.7706 98.5782 0.277362 0.278529 -0.960416 -0.00304143
-23.7584 98.2938 -0.677968 0.287592 -0.957717 -0.00826844
-24.8007 97.9773 -1.69829 0.313056 -0.94967 -0.0110791
-26.0763 97.5671 -2.93714 0.332656 -0.942903 -0.0165832
-26.338 97.4775 -3.18248 0.346693 -0.937813 -0.0176123
-28.8605 96.5242 -4.34526 0.375977 -0.926387 -0.0211443
-27.7126 96.959 -3.2153 0.364788 -0.930877 -0.0199134
-26.6848 97.3357 -2.2844 0.347924 -0.937466 -0.0103271
-25.4366 97.7599 -1.05256 0.327141 -0.944878 -0.0135512
-24.4608 98.0707 -0.0920169 0.314903 -0.949059 -0.0102886
-23.3669 98.401 0.982675 0.284331 -0.958725 -0.00178392
-22.3244 98.698 2.06254 0.266169 -0.963803 -0.0135737
-21.054 99.0113 3.30049 0.241403 -0.970339 -0.0126909
-20.041 99.2453 4.21037 0.203817 -0.978999 -0.00368345
-18.8546 99.4832 5.32282 0.194765 -0.980824 -0.00692297
-17.767 99.6811 6.26752 0.171927 -0.985101 -0.00240108
-16.7621 99.8315 7.33697 0.141708 -0.989864 -0.00928178
-16.4876 99.8672 7.69702 0.127288 -0.99179 0.000445112
-17.3415 99.7449 8.1202 0.147277 -0.989091 0.00280467
-18.4508 99.5609 6.91385 0.17712 -0.984171 0.00225669
-19.5973 99.3336 5.92578 0.20793 -0.978059 0.0033778
-20.7292 99.076 4.83346 0.232151 -0.972643 -0.00693929
-21.8898 98.7917 3.76587 0.247786 -0.968769 -0.00942722
-22.8753 98.5296 2.84003 0.275376 -0.96128 -0.00953904
-24.0202 98.2013 1.64497 0.294363 -0.955648 -0.00836516
-25.1501 97.84 0.486511 0.316455 -0.948607 -0.000969438
-26.3729 97.4209 -0.70624 0.341021 -0.939912 -0.016434
-27.3576 97.0685 -1.70795 0.36402 -0.931266 -0.0152285
-28.5774 96.6085 -2.79336 0.375927 -0.92643 -0.0196185
-29.636 96.1878 -3.86534 0.391297 -0.920173 -0.0130188
-30.7254 95.7368 -5.10654 0.399743 -0.916497 -0.0152896
-31.0621 95.5887 -5.46625 0.414173 -0.910128 -0.0111454
-32.8582 94.7585 -6.01257 0.436795 -0.899482 -0.0118091
-31.809 95.2408 -4.94111 0.419114 -0.907897 -0.00801043
-30.8051 95.6841 -3.85752 0.408825 -0.912463 -0.0165162
-29.8265 96.0904 -2.82756 0.393077 -0.919312 -0.0187568
-28.7951 96.4967 -1.71494 0.380235 -0.924774 -0.0146014
-27.7248 96.9124 -0.838164 0.366406 -0.930356 -0.013212
-26.5069 97.3572 0.445106 0.345298 -0.938423 -0.0104461
-25.523 97.7023 1.37037 0.33438 -0.942423 -0.00502049
-24.373 98.0859 2.60031 0.300654 -0.953616 -0.00968831
-23.2684 98.4165 3.78534 0.289005 -0.957323 -0.00299394
-22.131 98.7248 4.86853 0.254987 -0.966895 -0.000611011
-21.0934 98.9845 5.73918 0.239506 -0.970871 -0.00582091
-20.1826 99.2021 6.73964 0.227005 -0.973867 0.00693432
-19.0408 99.453 7.68226 0.189626 -0.98178 0.00635837
-18.2827 99.5968 8.46061 0.172541 -0.98491 0.0130556
-19.3073 99.4094 8.76247 0.194157 -0.980883 0.00936031
-20.3831 99.1651 7.83903 0.220421 -0.97528 0.0144547
-21.4311 98.8963 6.66492 0.252113 -0.967655 0.00911241
-22.5797 98.597 5.78815 0.272624 -0.962072 -0.00969436
-23.7207 98.2752 4.63414 0.294176 -0.955658 -0.0117718
-24.8874 97.9181 3.38405 0.29796 -0.954562 -0.00353631
-25.7984 97.5997 2.34206 0.336143 -0.941808 -0.00154587
-26.7602 97.258 1.41066 0.346289 -0.938127 -0.000737378
-27.7366 96.8946 0.507282 0.370759 -0.928727 -0.00176555
-28.7388 96.5027 -0.517114 0.371633 -0.928243 -0.015912
-29.9258 96.0252 -1.64271 0.389201 -0.921078 -0.0116247
-30.9268 95.6076 -2.57854 0.404829 -0.914317 -0.0116604
-31.833 95.2139 -3.62162 0.422374 -0.906291 -0.0152973
-32.721 94.8085 -4.59107 0.429492 -0.903008 -0.0106076
-33.8027 94.2969 -5.5586 0.440793 -0.897554 -0.00988243
-34.059 94.1745 -5.89965 0.446343 -0.894828 -0.00773225
-35.317 93.5384 -5.70044 0.455361 -0.890285 -0.00623112
-34.3909 93.9975 -4.74665 0.446613 -0.894672 -0.00996387
-33.2829 94.5293 -3.6693 0.436486 -0.899646 -0.0107674
-32.2282 95.0153 -2.61462 0.423044 -0.906033 -0.0117733
-31.2441 95.4541 -1.63055 0.404783 -0.914323 -0.012839
-30.2362 95.8843 -0.612055 0.387522 -0.921844 -0.00554615
-29.1968 96.3116 0.416795 0.378367 -0.925621 -0.00798799
-28.1835 96.715 1.43007 0.370247 -0.928933 6.73585e-05
-27.0986 97.1296 2.53524 0.352799 -0.935659 -0.00650209
-26.053 97.5063 3.5674 0.338904 -0.940797 -0.00651058
-25.0648 97.8408 4.54878 0.316807 -0.948372 -0.0149446
-24.1067 98.1409 5.50684 0.299671 -0.953976 -0.0112535
-22.9462 98.4861 6.6867 0.271992 -0.962284 -0.00533358
-21.973 98.7635 7.64055 0.265719 -0.963935 0.00724066
-20.9356 99.0374 8.67798 0.243087 -0.969988 0.00503591
-20.4919 99.1511 9.12168 0.240062 -0.970738 0.00606568
-21.8904 98.7969 9.50729 0.255103 -0.966866 0.009658
-22.7325 98.5507 8.39811 0.279801 -0.959997 0.0107859
-23.6466 98.2709 7.39566 0.298276 -0.954474 -0.00253576
-24.5367 97.9971 6.33364 0.304516 -0.952464 -0.00879508
-25.7426 97.6026 5.52255 0.331498 -0.943401 -0.0100298
-26.567 97.3146 4.34036 0.341288 -0.939941 -0.00583033
-27.708 96.892 3.42856 0.362571 -0.931932 -0.00631515
-28.7085 96.5021 2.41328 0.377717 -0.925914 -0.00362544
-29.7329 96.0867 1.38715 0.385061 -0.922855 -0.00109002
-30.6397 95.7082 0.248135 0.400903 -0.916031 -0.0118408
-31.589 95.2925 -0.672944 0.410808 -0.911687 -0.00753355
-32.6239 94.8237 -1.58189 0.427281 -0.904104 -0.00476704
-33.637 94.3447 -2.32042 0.439863 -0.898044 -0.006
-34.5417 93.9079 -3.33194 0.445761 -0.895098 -0.00911854
-35.3931 93.4882 -4.46377 0.458971 -0.888413 -0.0080258
-35.8309 93.2667 -4.88004 0.460147 -0.887796 -0.00893876
-36.6581 92.8317 -4.45273 0.466475 -0.884514 -0.00604344
-35.7634 93.2895 -3.36397 0.457492 -0.889183 -0.00690682
-34.7549 93.7946 -2.45199 0.453621 -0.891168 -0.00687652
-33.6316 94.3419 -1.25774 0.437283 -0.899312 -0.00420747
-32.5111 94.867 -0.116076 0.422238 -0.906469 -0.0038206
-31.3709 95.3777 0.726511 0.406965 -0.913387 -0.01021
-30.3829 95.8049 1.86636 0.395239 -0.918578 0.000158447
-29.4767 96.1828 3.11089 0.385352 -0.922739 -0.00711054
-28.4092 96.6077 4.18275 0.372483 -0.927949 -0.0129244
-27.1246 97.103 5.00796 0.358684 -0.933424 -0.00681667
-26.3572 97.3745 6.31955 0.340596 -0.940107 -0.0136924
-24.9766 97.8447 7.15768 0.317087 -0.948376 -0.00624071
-23.95 98.1849 8.58022 0.296669 -0.954912 0.0113294
-23.0801 98.4612 9.60079 0.281438 -0.959527 0.0100616
-22.964 98.4971 9.78395 0.281511 -0.959505 0.0101027
-23.872 98.2244 10.1567 0.302872 -0.953002 0.00749383
-24.7291 97.9399 9.10989 0.319019 -0.947699 0.00910958
-25.5886 97.6368 7.95239 0.329207 -0.944226 0.00383637
-26.9154 97.1594 6.99536 0.34727 -0.937704 -0.00988457
-27.6709 96.8863 5.86589 0.360319 -0.932787 -0.00647236
-28.7249 96.4743 5.04074 0.373895 -0.927441 -0.00502818
-29.9306 95.9822 4.0453 0.391136 -0.920267 -0.0108926
-30.8335 95.609 2.74258 0.399462 -0.916722 -0.00528832
-31.6835 95.2301 1.57213 0.408285 -0.912827 -0.00352335
-32.86 94.6999 0.706318 0.429981 -0.902788 -0.00933112
-33.9983 94.1588 -0.34892 0.437794 -0.899048 -0.00680921
-34.998 93.667 -1.36288 0.451371 -0.892329 -0.00348859
-36.0798 93.1162 -2.40678 0.458037 -0.888918 -0.00515357
-37.0494 92.6188 -3.49889 0.466672 -0.884409 -0.00608106
-37.582 92.3306 -2.6968 0.470991 -0.882087 -0.00945858
-36.5198 92.8831 -1.58327 0.464615 -0.885486 -0.00597044
-35.5184 93.3968 -0.620614 0.455972 -0.889961 -0.00761362
-34.5426 93.8831 0.355462 0.443748 -0.896115 -0.00804643
-33.4907 94.3889 1.31293 0.438316 -0.898755 -0.0109122
-32.3988 94.8994 2.14173 0.42488 -0.905244 -0.00132572
-31.4974 95.3132 3.32338 0.406039 -0.913837 -0.00558927
-30.6218 95.68 4.58276 0.394434 -0.918847 -0.0117376
-29.5195 96.1415 5.60652 0.392828 -0.919584 -0.00720836
-28.4454 96.579 6.37091 0.3696 -0.929183 -0.00305416
-27.6599 96.8766 7.47883 0.35548 -0.934677 -0.0034823
-26.4186 97.3436 8.53874 0.34382 -0.939005 0.00409315
-25.4546 97.6958 9.69223 0.326299 -0.945246 0.00624257
-24.8577 97.9081 10.3866 0.322665 -0.946394 0.0146525
-26.0743 97.4843 10.3819 0.343481 -0.939092 0.0108397
-26.9359 97.1579 9.34963 0.353013 -0.935587 0.00616932
-27.9995 96.7449 8.42009 0.363756 -0.931489 0.00316703
-28.9882 96.3522 7.15648 0.380253 -0.924876 -0.00333636
-30.0678 95.9027 6.29148 0.39286 -0.919582 -0.0054106
-31.0422 95.488 5.40942 0.407263 -0.913311 -0.000964542
-31.8921 95.1152 4.30149 0.417498 -0.908574 -0.0137378
-32.8217 94.6944 3.00059 0.432312 -0.901681 -0.00859224
-33.8991 94.1813 2.115 0.437154 -0.899359 -0.00705512
-34.9555 93.664 1.17776 0.452582 -0.891598 -0.0149291
-36.134 93.0735 0.0216028 0.463967 -0.885801 -0.00960191
-37.1164 92.5648 -0.938488 0.467183 -0.884141 -0.0058467
-37.8149 92.1968 -1.59059 0.470516 -0.882375 -0.00535769
-37.6277 92.2892 -0.185763 0.469557 -0.882887 -0.00510013
-36.5142 92.8692 0.893482 0.463376 -0.886144 -0.00540237
-35.3875 93.4367 1.98138 0.452764 -0.891603 -0.00670764
-34.2986 93.9766 2.93309 0.447062 -0.894456 -0.00870578
-33.1788 94.5141 3.96799 0.43302 -0.901364 -0.00594435
-32.4037 94.8728 5.08392 0.422871 -0.906155 -0.00434601
-31.4082 95.3199 6.30384 0.407526 -0.913128 -0.0092138
-30.2518 95.8186 7.33342 0.395506 -0.918452 -0.00402578
-29.2529 96.2411 8.30734 0.382734 -0.923856 0.00148561
-28.201 96.6687 9.46266 0.368305 -0.9297 0.0029562
-27.264 97.039 10.4021 0.36174 -0.932275 0.00209113
-26.9061 97.1784 10.8332 0.360149 -0.93289 0.00294495
-28.0592 96.7296 10.9149 0.365123 -0.930931 0.00668455
-29.0805 96.3147 9.86173 0.377377 -0.926059 0.000934682
-29.998 95.9238 8.83531 0.400222 -0.916417 0.00128929
-31.0913 95.4472 7.83566 0.40617 -0.913779 -0.00577482
-32.1615 94.9694 6.77645 0.421134 -0.906914 -0.0123601
-32.9891 94.5908 5.74717 0.42886 -0.903352 -0.00579976
-33.7877 94.2163 4.63448 0.435115 -0.900347 -0.00696721
-34.9353 93.6535 3.55404 0.447585 -0.894231 -0.00418929
-35.9912 93.1231 2.61024 0.45502 -0.890463 -0.00570736
-36.8307 92.6965 1.82329 0.463726 -0.88595 -0.00716637
-36.366 92.9261 3.451 0.455653 -0.890141 -0.00528535
-35.2933 93.4691 4.38736 0.453287 -0.891351 -0.00491447
-34.2734 93.9723 5.46469 0.445623 -0.895183 -0.0081669
-33.4179 94.3782 6.65598 0.436269 -0.899777 -0.00834542
-32.5283 94.7897 7.66682 0.421647 -0.90674 -0.0059366
-31.5837 95.2211 8.5967 0.414972 -0.909819 -0.00363543
-30.5084 95.7001 9.63712 0.406372 -0.913707 -0.000892883
-29.5079 96.1375 10.7081 0.398213 -0.917292 0.00104576
-28.734 96.4626 11.5139 0.378928 -0.92542 0.00325826
-29.5067 96.1412 12.038 0.394985 -0.918678 0.00393365
-30.5429 95.6836 10.9263 0.409536 -0.912294 -2.29444e-05
-31.6597 95.1839 9.78766 0.417238 -0.908791 -0.00232106
-32.6234 94.7389 8.83847 0.425116 -0.905124 -0.00455803
-33.6852 94.2394 7.66938 0.430778 -0.902454 -0.00247436
-34.5681 93.8161 6.53154 0.445624 -0.89518 -0.00835783
-35.587 93.3119 5.33839 0.457058 -0.889413 -0.00658432
-36.1657 93.0187 4.80587 0.456764 -0.889563 -0.0066796
-36.1592 93.0145 6.0413 0.456129 -0.889896 -0.00561954
-35.0954 93.5481 7.29754 0.447931 -0.894059 -0.00331534
-34.0708 94.048 8.57255 0.440171 -0.897902 -0.0047599
-33.0911 94.5129 9.65363 0.430155 -0.902744 -0.00413726
-32.0689 94.9943 10.6376 0.415412 -0.909627 0.00210929
-30.9704 95.4941 11.8032 0.410895 -0.91168 0.002026
-30.6199 95.6524 12.1798 0.40786 -0.913023 0.00564205
-31.3552 95.3237 12.7459 0.417609 -0.908593 0.00789077
-32.3793 94.8513 11.6567 0.425587 -0.904916 -0.000760246
-33.3246 94.4013 10.7224 0.43577 -0.900049 0.0016506
-34.4081 93.8772 9.54376 0.438449 -0.898738 -0.00577303
-35.2693 93.4566 8.52884 0.448177 -0.893937 -0.00381842
-36.1019 93.0369 7.40625 0.454609 -0.890681 -0.00424832
-36.3501 92.9116 7.11924 0.45553 -0.890212 -0.00360651
-36.514 92.8238 8.3412 0.459928 -0.887948 -0.00387716
-35.7129 93.2286 9.41687 0.455833 -0.890044 -0.00620269
-34.8333 93.6627 10.3877 0.444292 -0.895871 -0.00434552
-33.7334 94.2033 11.5901 0.437779 -0.89908 0.00197098
-32.7862 94.6583 12.503 0.426905 -0.904293 -0.00242997
-32.4493 94.8164 12.8536 0.427327 -0.904092 0.000497315
-33.4135 94.358 13.1657 0.435072 -0.90039 0.00180069
-34.5602 93.7942 12.0009 0.446147 -0.894959 0.00109687
-35.508 93.3225 10.9761 0.452882 -0.891552 -0.00550262
-36.417 92.8634 9.96407 0.463417 -0.886117 -0.00627619
-36.7732 92.6806 9.53691 0.464356 -0.885619 -0.00720273
-36.4282 92.8502 11.2464 0.461574 -0.887081 -0.00584179
-35.5623 93.2902 12.2273 0.452118 -0.891958 0.000763743
-34.9211 93.6148 12.9068 0.448685 -0.893689 0.00104882
-26.696 97.3587 -3.91795 0.349962 -0.936497 -0.0221346
-27.7177 96.9815 -4.38805 0.364329 -0.931046 -0.0201064
-28.808 96.5566 -4.86952 0.375484 -0.926626 -0.0193674
-29.6449 96.2108 -5.29467 0.395671 -0.918145 -0.0208606
-30.6697 95.7738 -5.90263 0.408155 -0.912769 -0.0154871
-31.511 95.398 -6.27919 0.418972 -0.907846 -0.0160605
-32.4447 94.9631 -6.53627 0.426649 -0.904349 -0.0111105
-33.3499 94.5294 -6.63323 0.43691 -0.899416 -0.0126163
-34.2764 94.0748 -6.63093 0.44795 -0.89397 -0.0121817
-35.1795 93.6148 -6.37814 0.457064 -0.889379 -0.00985005
-36.0201 93.1762 -5.84531 0.462431 -0.886624 -0.00746496
-36.7248 92.8022 -5.20252 0.467092 -0.884181 -0.0069842
-37.3717 92.454 -4.2506 0.466695 -0.8844 -0.00574396
-37.8414 92.1976 -3.37336 0.47137 -0.881921 -0.00497454
-38.1398 92.0297 -2.40432 0.470708 -0.882251 -0.00813317
-38.3067 91.9316 -1.20836 0.472932 -0.881088 -0.00447578
-38.2031 91.9826 -0.211968 0.470497 -0.88239 -0.00456321
-37.8865 92.1476 0.723157 0.467501 -0.883987 -0.00286361
-37.366 92.416 1.8445 0.46444 -0.88558 -0.00653015
-37.0218 92.5895 2.8483 0.463087 -0.886294 -0.00584243
-36.802 92.6978 3.81821 0.462385 -0.886657 -0.00626794
-36.6448 92.7709 4.95694 0.460514 -0.887629 -0.00647384
-36.6992 92.7368 6.03096 0.457895 -0.88899 -0.00531199
-36.8878 92.6354 7.13856 0.457249 -0.889335 -0.00271033
-37.0902 92.5238 8.21026 0.465251 -0.885153 -0.00680031
-37.2345 92.4402 9.27774 0.465566 -0.884992 -0.00608834
-37.2089 92.4467 10.3196 0.464923 -0.88534 -0.00445756
-36.9101 92.598 11.3623 0.462406 -0.886663 -0.00300978
-36.43 92.8461 12.2108 0.462693 -0.886519 -0.000295671
-35.7418 93.1994 12.9984 0.45486 -0.890562 0.000859937
-34.9741 93.5891 13.478 0.450086 -0.892983 0.00101394
-34.0992 94.0243 13.6615 0.441086 -0.897462 0.00189199
-33.1469 94.4895 13.7121 0.432862 -0.901441 0.00330172
-32.0943 94.9884 13.5226 0.429496 -0.903045 0.00649593
-31.1992 95.4005 13.282 0.41787 -0.908441 0.0109193
-30.3259 95.7902 12.9161 0.405621 -0.914008 0.00778887
-29.2136 96.2686 12.4668 0.392732 -0.919638 0.0050694
-28.3128 96.6385 12.0499 0.376522 -0.926366 0.00858791
-27.432 96.9832 11.7111 0.364323 -0.931222 0.00971645
-26.3721 97.3861 11.3901 0.347659 -0.937556 0.00983236
-25.2494 97.7855 11.0718 0.324457 -0.945818 0.0111734
-24.2712 98.1049 10.7932 0.299598 -0.953935 0.0157567
-23.3523 98.3912 10.5107 0.290361 -0.956834 0.00806175
-22.3823 98.6715 10.2286 0.278428 -0.960405 0.00992705
-21.4287 98.9248 9.98869 0.253713 -0.96712 0.0170132
-20.4775 99.1596 9.72367 0.233418 -0.972233 0.0138747
-19.263 99.4238 9.36576 0.196966 -0.98027 0.00842317
-18.3282 99.5951 9.0529 0.17559 -0.984398 0.00948322
-17.2806 99.7556 8.63817 0.146613 -0.989186 0.00379166
-16.2867 99.8879 8.26257 0.115942 -0.993246 -0.00421234
-15.1157 100.014 7.74452 0.105696 -0.99438 0.00604768
-14.0887 100.093 7.19297 0.0779193 -0.996834 0.0156474
-13.1351 100.136 6.70185 0.0348584 -0.999171 0.0209632
-12.234 100.153 6.17947 0.0104008 -0.999893 0.0100909
-11.328 100.149 5.61838 -0.0108665 -0.999808 0.0111959
-10.3021 100.119 4.84151 -0.0339653 -0.999388 0.00768292
-9.68552 100.096 4.02263 -0.0449452 -0.998925 -0.00676192
-9.70427 100.097 3.03419 -0.057297 -0.998346 -0.00346313
-10.4872 100.13 2.11095 -0.0315287 -0.999482 -0.00647081
-11.2439 100.146 1.43527 -0.00626972 -0.999945 -0.00393681
-12.0294 100.147 0.71112 0.00831301 -0.999889 -0.00676845
-12.8252 100.136 0.108188 0.0257378 -0.999645 -0.00684431
-13.9085 100.101 -0.522135 0.0416927 -0.99904 -0.0134042
-14.83 100.04 -0.919307 0.081878 -0.996573 -0.0112368
-15.7968 99.9563 -1.22784 0.103988 -0.994334 -0.0220612
-16.7421 99.848 -1.52452 0.135906 -0.990607 -0.0150572
-17.8468 99.6971 -1.83101 0.151428 -0.988364 -0.0105961
-18.8602 99.5241 -2.04314 0.174268 -0.984651 0.00247911
-19.87 99.3359 -2.20408 0.199398 -0.979788 -0.00407433
-21.2298 99.0263 -2.46448 0.240339 -0.970587 -0.0118302
-22.3719 98.7306 -2.74008 0.269209 -0.962893 -0.0164661
-23.5752 98.3838 -2.99226 0.288288 -0.957275 -0.0219774
-24.5331 98.0872 -3.20781 0.305451 -0.951999 -0.0196196
-25.4909 97.7776 -3.46155 0.318671 -0.94773 -0.015944
-26.425 97.456 -3.7946 0.344103 -0.938685 -0.0211323
-25.9782 97.6341 -4.63683 0.340207 -0.939986 -0.0250038
-26.9207 97.3046 -5.10212 0.352733 -0.935229 -0.0299388
-28.0659 96.8773 -5.60491 0.373031 -0.927451 -0.0259192
-29.0368 96.4882 -6.05411 0.390555 -0.920323 -0.0217448
-30.1244 96.0331 -6.70143 0.403411 -0.914745 -0.0221613
-30.9789 95.6579 -7.12877 0.413177 -0.910331 -0.0238677
-31.8974 95.2397 -7.42097 0.424053 -0.905393 -0.0210229
-32.8877 94.7708 -7.61133 0.435244 -0.90013 -0.0180985
-34.0175 94.217 -7.64743 0.443668 -0.896067 -0.0149386
-34.9045 93.7686 -7.51167 0.454502 -0.890669 -0.0115835
-36.0614 93.167 -6.99251 0.461172 -0.887244 -0.0108912
-36.887 92.7292 -6.40665 0.466023 -0.884703 -0.0111461
-37.5417 92.376 -5.69919 0.469392 -0.882922 -0.0104831
-38.0736 92.0837 -4.88675 0.471484 -0.881848 -0.00676524
-38.6036 91.7915 -3.90651 0.4754 -0.879738 -0.00729672
-39.0114 91.561 -2.68965 0.47746 -0.878632 -0.00617916
-39.186 91.4593 -1.5459 0.474473 -0.880251 -0.00569089
-39.141 91.4784 -0.440866 0.477037 -0.878872 -0.00435008
-38.9337 91.5898 0.557452 0.474 -0.880524 -0.00104287
-38.3886 91.8792 1.69656 0.466336 -0.884604 -0.00237734
-37.9321 92.1133 2.88366 0.465459 -0.885053 -0.00542323
-37.6812 92.2387 3.85568 0.462737 -0.886476 -0.00590217
-37.5015 92.3263 4.84001 0.461195 -0.887286 -0.0048199
-37.5765 92.2825 5.99968 0.463141 -0.886273 -0.0042583
-37.7794 92.1703 7.12882 0.463959 -0.885843 -0.00498916
-37.9616 92.0663 8.1189 0.467168 -0.884137 -0.00745348
-38.159 91.9513 9.46323 0.466832 -0.884322 -0.0064929
-38.1248 91.9621 10.4655 0.467404 -0.884027 -0.00546761
-37.8437 92.1052 11.5489 0.467688 -0.883884 -0.00413727
-37.3334 92.3733 12.5074 0.466455 -0.884544 0.000776055
-36.7276 92.6911 13.3168 0.46339 -0.886154 0.00113574
-36.0846 93.0248 13.9935 0.459104 -0.888382 0.00110034
-35.1482 93.5033 14.4556 0.450357 -0.892841 0.00352061
-34.1762 93.9893 14.6619 0.441603 -0.897178 0.00729808
-33.097 94.5204 14.7297 0.438245 -0.898823 0.00756534
-32.0487 95.0203 14.5369 0.428499 -0.903458 0.0123106
-31.142 95.4387 14.286 0.416043 -0.909182 0.0172283
-30.1773 95.8693 13.9365 0.404759 -0.914303 0.0148264
-29.1617 96.3041 13.5189 0.392022 -0.919815 0.0160042
-28.1613 96.7126 13.0477 0.374009 -0.927193 0.0207598
-27.2775 97.0562 12.6644 0.361371 -0.932279 0.0159232
-26.2539 97.4389 12.3531 0.346712 -0.937728 0.0213926
-25.1547 97.8293 12.0502 0.321081 -0.946923 0.015236
-23.951 98.2203 11.7196 0.299418 -0.95399 0.0158735
-22.877 98.5422 11.384 0.28032 -0.959747 0.0171214
-21.9266 98.8111 11.1292 0.266817 -0.963535 0.0193686
-20.9395 99.0672 10.8798 0.238867 -0.970796 0.0221121
-19.8964 99.3075 10.5988 0.218741 -0.975664 0.0138711
-18.9209 99.5004 10.2891 0.193332 -0.981086 0.00960674
-17.977 99.6654 9.97274 0.158608 -0.987239 0.0138538
-16.9697 99.8119 9.58347 0.138437 -0.990325 0.00958519
-15.7134 99.9611 9.09784 0.114019 -0.993369 0.0147468
-14.5806 100.076 8.56994 0.103571 -0.994594 0.00691126
-13.6979 100.136 8.10784 0.047183 -0.998513 0.0262474
-12.6595 100.168 7.59089 0.0311891 -0.999201 0.0232194
-11.7247 100.174 7.03596 0.0092208 -0.999622 0.0247755
-10.8267 100.156 6.48615 -0.0221308 -0.999449 0.0246191
-9.87746 100.113 5.80793 -0.0455224 -0.998732 0.0207437
-9.14282 100.07 5.13471 -0.0567017 -0.998389 0.00192563
-8.53222 100.024 4.15766 -0.0657865 -0.997814 0.00624554
-8.51673 100.018 2.93548 -0.0806764 -0.996734 0.00171719
-9.11428 100.068 2.1146 -0.0537213 -0.998509 -0.00971685
-9.9021 100.118 1.26985 -0.0399502 -0.999079 -0.015656
-10.7017 100.149 0.589517 -0.0175843 -0.999652 -0.0194014
-11.4782 100.165 -0.112733 -0.00715146 -0.9998 -0.0180647
-12.4904 100.159 -0.862391 0.0264706 -0.999454 -0.0196735
-13.4671 100.133 -1.42395 0.039845 -0.998916 -0.0237621
-14.4901 100.09 -1.83122 0.067762 -0.997305 -0.0265075
-15.7204 99.987 -2.25268 0.101208 -0.994662 -0.0197431
-16.7966 99.8609 -2.58396 0.136489 -0.990269 -0.0247672
-17.8857 99.7062 -2.8482 0.154671 -0.987726 -0.0165859
-18.8463 99.5391 -3.04213 0.176131 -0.984257 -0.0146857
-19.8905 99.3427 -3.19497 0.210457 -0.977499 -0.0141068
-20.9528 99.1068 -3.39545 0.224357 -0.97429 -0.0200002
-22.0686 98.8285 -3.66671 0.257167 -0.966101 -0.0226765
-23.1153 98.5382 -3.86706 0.284506 -0.95806 -0.0326597
-24.1939 98.221 -4.14025 0.304994 -0.951859 -0.0306849
-25.3228 97.8572 -4.41165 0.324025 -0.945747 -0.023713
-25.8176 97.6909 -4.5701 0.33449 -0.942114 -0.0219277
-25.4606 97.8498 -5.50541 0.331652 -0.942582 -0.0380812
-26.4477 97.51 -5.92782 0.348117 -0.936373 -0.0448969
-27.4813 97.1375 -6.36334 0.371874 -0.927301 -0.0421875
-28.3585 96.7994 -6.83574 0.385668 -0.922066 -0.032398
-29.3174 96.4067 -7.37255 0.404702 -0.914103 -0.0251406
-30.2874 95.9892 -7.89451 0.405919 -0.913457 -0.0284553
-31.4573 95.4694 -8.32875 0.423193 -0.905513 -0.0307055
-32.3355 95.0604 -8.5555 0.434124 -0.900448 -0.0269991
-33.2834 94.6025 -8.64161 0.440826 -0.897302 -0.0227283
-34.401 94.0453 -8.63114 0.451825 -0.891858 -0.020922
-35.2632 93.601 -8.422 0.454826 -0.890423 -0.0166693
-36.1049 93.1613 -8.11221 0.46182 -0.886783 -0.0183716
-36.8987 92.7407 -7.64604 0.46077 -0.887427 -0.0128084
-37.6495 92.3351 -7.00379 0.472002 -0.881463 -0.0153768
-38.2864 91.984 -6.27875 0.474637 -0.880111 -0.0108124
-38.8646 91.6631 -5.46003 0.475559 -0.879662 -0.00616753
-39.3581 91.3875 -4.49023 0.476729 -0.879007 -0.00867165
-39.7226 91.1805 -3.57406 0.479997 -0.877223 -0.00890454
-39.9516 91.0471 -2.56351 0.480837 -0.876795 -0.00509317
-40.0537 90.9856 -1.55115 0.480009 -0.877255 -0.0038496
-40.0433 90.9873 -0.557499 0.480404 -0.877042 -0.0029875
-39.8356 91.1002 0.640025 0.480034 -0.877246 0.00195643
-39.452 91.3109 1.68521 0.475377 -0.879778 0.00263575
-38.9382 91.5859 2.60183 0.466999 -0.884245 -0.00422489
-38.6458 91.7348 3.61008 0.464055 -0.885803 -0.00218929
-38.3724 91.8738 4.59851 0.462706 -0.886499 -0.00478283
-38.3753 91.8663 5.61873 0.463328 -0.886164 -0.00625935
-38.6026 91.7386 6.73198 0.466679 -0.884401 -0.00673166
-38.8242 91.6109 7.92817 0.471045 -0.882066 -0.00867552
-39.0387 91.4845 9.07155 0.472046 -0.881543 -0.00740068
-39.0766 91.4554 10.2676 0.473539 -0.880745 -0.00673892
-38.8994 91.5435 11.332 0.472585 -0.881269 -0.00517975
-38.5252 91.7398 12.3862 0.473526 -0.880779 0.000572239
-37.9616 92.0411 13.2586 0.469651 -0.882826 0.00683648
-37.2416 92.4249 14.1746 0.463299 -0.886195 0.00347535
-36.5801 92.7704 14.8608 0.45922 -0.888319 0.00250651
-35.7725 93.1918 15.2822 0.461273 -0.887241 0.00546974
-34.8198 93.6773 15.5886 0.44772 -0.894144 0.00729233
-33.7583 94.2071 15.7202 0.445547 -0.89516 0.0131742
-32.777 94.6874 15.6776 0.43818 -0.898757 0.0152926
-31.7991 95.1545 15.5026 0.427203 -0.903845 0.0236749
-30.67 95.6727 15.2052 0.41649 -0.908904 0.0207048
-29.5942 96.1457 14.7841 0.405092 -0.913814 0.028847
-28.5697 96.5769 14.2859 0.397015 -0.917224 0.0327509
-27.6708 96.9328 13.8478 0.377513 -0.925324 0.0354578
-26.5865 97.3487 13.4664 0.358235 -0.932562 0.0438701
-25.4175 97.7655 13.1446 0.345526 -0.938149 0.0221047
-24.4285 98.1011 12.848 0.317345 -0.947765 0.0311444
-23.3739 98.4218 12.5838 0.298854 -0.953766 0.0318657
-22.2676 98.7412 12.2296 0.274271 -0.961076 0.0316848
-21.2047 99.0252 11.9923 0.263077 -0.964484 0.0235822
-20.1497 99.281 11.7098 0.218279 -0.975376 0.0301327
-19.2017 99.472 11.4359 0.198039 -0.979701 0.0310678
-18.2222 99.6576 11.1066 0.176994 -0.983419 0.039487
-17.1651 99.8236 10.7419 0.153156 -0.986939 0.0475032
-16.0651 99.9554 10.2393 0.132924 -0.989957 0.0471178
-15.0804 100.055 9.90426 0.0962869 -0.994357 0.0435218
-14.1223 100.132 9.44747 0.0894172 -0.995723 0.0226599
-13.0399 100.195 8.90845 0.0426892 -0.998543 0.0324872
-12.0731 100.209 8.38824 0.0238779 -0.999227 0.0308517
-10.9076 100.193 7.72543 -0.0112114 -0.998809 0.047039
-9.76171 100.135 6.93489 -0.0336163 -0.9988 0.0350454
-8.86014 100.071 6.27265 -0.0694018 -0.99715 0.0283616
-8.16179 100.011 5.56312 -0.0689993 -0.997566 0.0100546
-7.67223 99.9629 4.69841 -0.0890153 -0.995803 0.0184779
-7.32825 99.9169 3.7464 -0.102831 -0.994679 0.00308821
-7.42265 99.9218 2.76354 -0.0970531 -0.995269 -0.00200684
-8.12894 100.003 1.70289 -0.0853959 -0.995586 -0.0354318
-8.84725 100.076 0.852334 -0.0637121 -0.997626 -0.0259052
-9.75823 100.14 0.0846542 -0.0242626 -0.999211 -0.0302072
-10.6816 100.178 -0.725475 -0.00624525 -0.999571 -0.0284562
-11.4463 100.186 -1.36449 0.0120472 -0.999699 -0.0202649
-12.5961 100.19 -2.07769 0.0319084 -0.998719 -0.0375233
-13.7353 100.162 -2.62708 0.0558156 -0.997377 -0.0460389
-14.8508 100.097 -3.01099 0.0887652 -0.995524 -0.0320849
-15.8566 100.001 -3.33783 0.119093 -0.991628 -0.0498999
-17.0205 99.8633 -3.66422 0.146201 -0.988025 -0.0493108
-18.1374 99.6964 -3.89526 0.167351 -0.985205 -0.0369313
-19.1971 99.5098 -4.10184 0.18428 -0.982074 -0.0395841
-20.1675 99.313 -4.24337 0.225407 -0.973217 -0.0451458
-21.2327 99.0714 -4.48927 0.238781 -0.970303 -0.0378297
-22.2647 98.8139 -4.68425 0.251873 -0.966933 -0.0400072
-23.241 98.5457 -4.87172 0.286071 -0.957307 -0.041516
-24.2743 98.2295 -5.15056 0.304158 -0.951977 -0.0350321
-25.2805 97.9089 -5.45052 0.319818 -0.946621 -0.0401018
