-14.4518 100.67 5.26329 0.081391 -0.996667 -0.00287077
-13.6064 100.725 4.34733 0.0553666 -0.998464 -0.00157756
-13.7359 100.725 3.03595 0.0643044 -0.997911 0.00108993
-14.8069 100.651 4.31022 0.0689985 -0.997582 -0.00562408
-15.8255 100.545 5.33432 0.107978 -0.994128 -0.00707851
-16.8057 100.419 6.22052 0.130911 -0.991385 0.00344205
-17.8607 100.271 7.13785 0.146405 -0.989219 0.00336474
-18.4423 100.177 7.61888 0.17912 -0.983813 0.00522606
-21.0466 99.63 8.68048 0.248034 -0.968749 -0.00195013
-20.0601 99.8604 7.75404 0.206565 -0.978349 0.0127921
-18.7789 100.117 6.74603 0.182882 -0.983118 -0.00281031
-17.723 100.296 5.81243 0.14463 -0.989394 -0.00369811
-16.7111 100.446 4.90927 0.133477 -0.990991 -0.0109128
-15.7617 100.563 3.98958 0.095334 -0.99544 -0.00160727
-14.7403 100.655 2.86298 0.0781903 -0.996897 -0.0032788
-14.4125 100.679 2.4092 0.0726021 -0.99736 0.00116818
-15.0267 100.624 1.74851 0.0932234 -0.995601 -0.0090262
-16.0142 100.523 2.9119 0.11224 -0.993679 -0.00141022
-17.0321 100.411 3.95387 0.12023 -0.992722 0.00504259
-18.2093 100.221 5.05556 0.167925 -0.985776 -0.00456326
-19.4045 99.9976 6.05894 0.199668 -0.979859 -0.00289531
-20.6308 99.7232 7.04903 0.228279 -0.973592 0.000700833
-21.8031 99.4335 8.17257 0.256366 -0.966569 0.00464917
-22.6527 99.2062 9.13687 0.280962 -0.95963 0.0121905
-24.3625 98.6945 9.64472 0.303316 -0.952842 0.00951082
-23.4779 98.9579 8.72203 0.286461 -0.958045 0.00926939
-22.3686 99.2763 7.46059 0.272468 -0.962059 0.00971361
-21.2291 99.5776 6.39962 0.243833 -0.96981 -0.00282871
-20.1805 99.8361 5.51359 0.236257 -0.971688 -0.00213524
-19.0675 100.074 4.62396 0.180671 -0.983457 -0.0123106
-18.1097 100.248 3.73024 0.154824 -0.987916 0.00601604
-17.1261 100.384 2.73865 0.13277 -0.991136 -0.000533045
-15.9679 100.529 1.4961 0.114934 -0.993371 -0.00186835
-15.9311 100.533 1.44777 0.113533 -0.993534 -0.000508776
-16.5965 100.453 0.825296 0.130117 -0.991465 -0.0041353
-17.5611 100.323 1.83963 0.144658 -0.989476 0.00348236
-18.5782 100.166 2.89663 0.167744 -0.985724 0.0103422
-19.5137 99.9929 3.84354 0.20552 -0.978639 0.00089892
-20.7415 99.7051 4.80332 0.234353 -0.97202 -0.0159963
-21.9636 99.3898 5.86081 0.250579 -0.968096 -0.000951617
-22.9774 99.1002 6.79308 0.278488 -0.960435 -0.00303093
-23.931 98.8105 7.90034 0.298168 -0.954446 0.0112989
-24.9339 98.4996 8.97754 0.315621 -0.948789 0.0134405
-25.8929 98.1779 9.85323 0.336838 -0.941538 0.00622831
-26.1538 98.0824 10.101 0.346621 -0.937985 0.00548379
-27.8389 97.4514 10.6114 0.360011 -0.932918 0.00748749
-26.9734 97.7775 9.67564 0.350774 -0.936449 0.00341365
-25.9464 98.1498 8.693 0.328364 -0.94451 0.00848284
-25.0226 98.4605 7.82704 0.327044 -0.944961 0.00951546
-24.2141 98.7204 6.83627 0.301784 -0.953365 -0.00465385
-23.2787 99.0188 5.84946 0.28143 -0.959517 -0.0103113
-22.067 99.361 4.76216 0.257036 -0.966382 0.00372705
-20.9564 99.6607 3.78797 0.253258 -0.967336 -0.0109673
-19.8597 99.9133 2.90348 0.208809 -0.97793 0.00721044
-18.7869 100.124 1.76936 0.175318 -0.984482 0.00760343
-17.8041 100.284 0.776481 0.154444 -0.987976 0.00654023
-17.4471 100.342 0.381813 0.152454 -0.988154 -0.0169044
-18.4991 100.176 0.167568 0.165116 -0.986144 -0.0154818
-19.4412 100.001 1.11649 0.19717 -0.980263 0.00252982
-20.3667 99.7959 2.08033 0.22228 -0.97498 -0.00204016
-21.3693 99.5574 2.94079 0.256779 -0.966467 -0.00235994
-22.4185 99.2705 3.85767 0.264984 -0.964198 -0.00825128
-23.4679 98.9688 4.84877 0.288302 -0.957506 -0.0064106
-24.4663 98.6462 5.68243 0.303107 -0.952937 -0.0060383
-25.2086 98.3982 6.73522 0.324857 -0.945703 -0.0106391
-26.2699 98.0254 7.76841 0.338745 -0.940844 -0.00346307
-27.2006 97.6868 8.64561 0.354858 -0.934895 0.00554802
-28.1306 97.3326 9.63694 0.360021 -0.932934 0.00438266
-29.255 96.8822 10.7537 0.386476 -0.922276 0.00480324
-30.0493 96.5492 11.4478 0.401016 -0.916049 0.00615998
-31.956 95.6936 11.9304 0.418513 -0.908207 0.00251803
-30.9494 96.147 11.1046 0.412105 -0.911124 0.00466979
-29.9315 96.595 10.1513 0.397769 -0.917454 0.00343758
-28.9617 96.9998 9.23092 0.377459 -0.925976 0.00794771
-28.0119 97.3729 8.17363 0.361545 -0.932353 0.00180788
-27.049 97.74 7.25061 0.34705 -0.937843 -8.83426e-05
-25.924 98.1562 6.27672 0.335061 -0.942167 -0.00737525
-25.1845 98.4135 5.10576 0.315161 -0.949003 -0.00673298
-24.0386 98.7968 4.18608 0.294245 -0.955726 -0.00284897
-23.0032 99.1082 3.13741 0.275429 -0.96132 -0.000679843
-21.9744 99.4024 2.24538 0.25368 -0.967249 -0.00869857
-21.0184 99.6462 1.39663 0.227139 -0.973862 0.000127649
-20.0969 99.8618 0.413853 0.221349 -0.975192 -0.00194978
-19.4038 100.017 -0.255724 0.196301 -0.980278 -0.0132447
-20.3081 99.8232 -0.687945 0.220337 -0.975318 -0.0140677
-21.1942 99.6075 0.234542 0.236132 -0.971721 0.000631186
-22.1825 99.3569 1.23058 0.256484 -0.96651 -0.00831725
-23.2284 99.0522 2.02866 0.280731 -0.959693 -0.0133597
-24.0984 98.7799 3.01076 0.295622 -0.955302 -0.00219022
-25.1671 98.4326 3.9894 0.317982 -0.948005 -0.0131785
-26.0507 98.1218 4.92378 0.337656 -0.941251 -0.00582295
-27.0356 97.7536 6.09661 0.351895 -0.936001 -0.00839886
-28.0857 97.3451 6.97067 0.358473 -0.933537 -0.00192349
-28.9961 96.9787 7.88175 0.372503 -0.928017 -0.000401353
-30.0064 96.5586 8.94639 0.393219 -0.919441 -0.00239871
-30.9007 96.1649 9.8283 0.408119 -0.912927 0.00151658
-31.8782 95.723 10.6531 0.417328 -0.908753 0.00171526
-32.8329 95.2832 11.6898 0.428446 -0.903564 0.00254459
-33.4783 94.9754 12.2052 0.433919 -0.900946 0.00316035
-34.5668 94.4424 12.0588 0.44597 -0.895047 0.00144645
-33.5089 94.9599 11.1622 0.438241 -0.898855 0.00166294
-32.6381 95.3734 10.0587 0.424851 -0.905229 5.74998e-05
-31.6751 95.8166 9.32328 0.416993 -0.908905 -0.00233746
-30.878 96.1801 8.37733 0.406999 -0.913423 -0.00160559
-29.9325 96.5915 7.5886 0.387784 -0.921724 -0.00473769
-28.9669 96.9971 6.50193 0.382522 -0.923929 -0.00563249
-28.0271 97.3793 5.56982 0.365098 -0.930946 -0.00613184
-26.9827 97.7848 4.85772 0.342815 -0.939384 -0.00597091
-26.3655 98.0171 3.70714 0.339558 -0.940554 -0.00769671
-25.3078 98.3967 3.02918 0.327381 -0.944851 -0.00637971
-24.3705 98.702 1.98383 0.295555 -0.955255 -0.0105171
-23.3325 99.0358 0.852594 0.284474 -0.958665 -0.00418583
-22.3093 99.3307 -0.00483855 0.265007 -0.964191 0.000701307
-21.6188 99.5133 -0.734362 0.246658 -0.969036 -0.0109097
-22.5568 99.2702 -1.18412 0.265374 -0.96409 -0.00998196
-23.5093 98.987 -0.231574 0.280362 -0.959872 -0.00297647
-24.5323 98.6692 0.791362 0.305165 -0.952116 -0.0153066
-25.4379 98.3521 1.69705 0.322217 -0.9466 -0.0103039
-26.3274 98.037 2.58649 0.336189 -0.941791 -0.00251206
-27.2998 97.6759 3.55891 0.349696 -0.936806 -0.0103694
-28.252 97.2985 4.5111 0.368685 -0.929431 -0.0145546
-29.3256 96.8553 5.58468 0.381795 -0.924202 -0.00904021
-30.4283 96.3848 6.68738 0.389066 -0.921203 -0.00361189
-31.4808 95.9093 7.73987 0.414575 -0.910008 -0.00303403
-32.4572 95.4577 8.71628 0.419385 -0.907804 -0.00282805
-33.4922 94.9649 9.75129 0.431609 -0.902052 -0.00370974
-34.486 94.4817 10.7451 0.439658 -0.89816 -0.00159731
-35.1843 94.1342 11.4434 0.448069 -0.893992 -0.00199105
-35.8881 93.7828 10.7752 0.453183 -0.891409 -0.00386728
-34.8535 94.3037 9.78659 0.443554 -0.896243 -0.00219937
-33.8889 94.7806 8.805 0.43364 -0.901066 -0.0049487
-33.0022 95.2068 7.93288 0.426028 -0.904696 -0.00359787
-32.2211 95.5776 6.89986 0.421321 -0.906844 -0.010557
-31.2152 96.0454 5.93769 0.407499 -0.91318 -0.00685772
-30.3298 96.4329 5.07132 0.39466 -0.918795 -0.00624429
-29.3843 96.8452 4.26443 0.379983 -0.924926 -0.0105495
-28.3891 97.2592 3.4145 0.366428 -0.93039 -0.0100301
-27.6212 97.5647 2.40661 0.356925 -0.934079 -0.0098771
-26.6119 97.9417 1.60818 0.334917 -0.942214 -0.00790791
-25.7362 98.2674 0.543283 0.329667 -0.943965 -0.0137548
-24.5784 98.6643 -0.419805 0.298169 -0.95442 -0.0103005
-23.7774 98.9203 -1.47575 0.282287 -0.959261 -0.011304
-23.732 98.934 -1.51462 0.280824 -0.959685 -0.0118185
-24.5891 98.6699 -1.68568 0.302649 -0.953039 -0.0109883
-25.5282 98.358 -0.689642 0.31736 -0.94826 -0.00520662
-26.6659 97.9433 0.105224 0.339631 -0.940413 -0.0165456
-27.7252 97.5366 1.21801 0.357382 -0.933904 -0.00361716
-28.6068 97.1841 2.12911 0.375084 -0.926981 -0.00331343
-29.5522 96.7881 3.13974 0.388741 -0.921281 -0.0110227
-30.4533 96.3922 4.11819 0.396135 -0.918107 -0.0122502
-31.4815 95.9286 5.00773 0.409353 -0.91235 -0.00601646
-32.554 95.4324 5.92465 0.425122 -0.905097 -0.00844788
-33.504 94.9727 7.11579 0.434477 -0.900654 -0.00721778
-34.4096 94.5296 8.06251 0.440052 -0.897966 -0.00311646
-35.4734 93.9983 9.21503 0.445583 -0.895224 -0.0055006
-35.7865 93.8408 9.50765 0.449547 -0.893237 -0.00352763
-35.8393 93.8194 8.33012 0.450095 -0.892978 -0.00204253
-34.9805 94.251 7.40484 0.441947 -0.897038 -0.00246988
-33.9727 94.7536 6.17414 0.434706 -0.900549 -0.00647753
-33.015 95.2192 5.12068 0.428287 -0.903627 -0.00524755
-32.0861 95.6591 4.2961 0.417234 -0.908693 -0.0137892
-31.1197 96.1103 3.52121 0.399674 -0.916565 -0.0129212
-30.264 96.491 2.61737 0.394417 -0.918885 -0.00911333
-29.3842 96.8679 1.67632 0.381211 -0.924487 -0.0010886
-28.3427 97.2945 0.524927 0.370344 -0.928886 -0.00404996
-27.3948 97.676 -0.418287 0.357381 -0.933827 -0.01565
-26.3477 98.0748 -1.19435 0.343111 -0.939247 -0.00930084
-25.4543 98.3931 -1.90975 0.309696 -0.950805 -0.00761931
-26.4725 98.0397 -2.17547 0.338994 -0.940748 -0.00873892
-27.58 97.6175 -1.43003 0.362862 -0.931777 -0.0110756
-28.5473 97.2214 -0.506254 0.372954 -0.927735 -0.0145693
-29.5202 96.8171 0.454105 0.382892 -0.923758 -0.00798682
-30.3357 96.4691 1.42193 0.392942 -0.919545 -0.00568224
-31.203 96.0834 2.33839 0.410607 -0.91181 -0.00212101
-32.1495 95.6473 3.21955 0.426256 -0.904554 -0.00875128
-33.2201 95.1304 4.08555 0.428152 -0.903663 -0.00890856
-34.1998 94.6526 5.0789 0.434896 -0.900445 -0.00796585
-35.1004 94.1987 6.2619 0.445829 -0.89509 -0.00697406
-35.5793 93.9545 6.76456 0.44991 -0.893053 -0.00544583
-35.5112 94.0002 5.36977 0.449011 -0.893497 -0.00717088
-34.5935 94.466 4.23734 0.443871 -0.896084 -0.00285235
-33.6176 94.9457 3.24853 0.434983 -0.900403 -0.00797575
-32.4952 95.4913 2.34123 0.428209 -0.903629 -0.0083871
-31.5723 95.9201 1.46564 0.410955 -0.911639 -0.00559074
-30.73 96.3039 0.530115 0.40025 -0.916329 -0.011795
-29.8754 96.6786 -0.438515 0.381646 -0.924226 -0.0123318
-28.9731 97.061 -1.31218 0.37638 -0.92638 -0.0125161
-28.0017 97.4638 -2.1945 0.360952 -0.932485 -0.013623
-27.4988 97.6643 -2.55224 0.36215 -0.931927 -0.018883
-28.4948 97.2839 -2.93364 0.370914 -0.928395 -0.0209448
-29.6035 96.8111 -1.93051 0.382405 -0.923924 -0.0114327
-30.5762 96.3851 -0.994922 0.397493 -0.917543 -0.010048
-31.5182 95.958 0.0858544 0.413429 -0.910498 -0.00828573
-32.5103 95.4939 1.15311 0.426686 -0.904393 -0.0027404
-33.5798 94.9753 2.04159 0.436603 -0.899588 -0.010771
-34.552 94.4934 2.9236 0.444801 -0.895593 -0.00748561
-35.4364 94.0476 3.92498 0.44711 -0.894467 -0.0042408
-35.6822 93.9282 2.84543 0.451412 -0.892306 -0.00393146
-34.7972 94.3782 1.89716 0.449654 -0.893159 -0.00855053
-33.8049 94.876 1.07638 0.441174 -0.897375 -0.00916227
-32.7465 95.3923 0.080495 0.424433 -0.905414 -0.00851699
-31.7361 95.8697 -1.03783 0.414133 -0.910145 -0.0109372
-30.8415 96.2802 -2.00198 0.405622 -0.913998 -0.00881976
-29.8969 96.7006 -2.87539 0.389358 -0.921006 -0.0108755
-29.2978 96.963 -3.4398 0.385785 -0.922321 -0.0220868
-30.164 96.6014 -3.86552 0.396793 -0.917796 -0.0142292
-31.1435 96.1578 -2.9285 0.406343 -0.913597 -0.0150119
-32.1417 95.6946 -1.90548 0.417721 -0.908512 -0.0103021
-32.9683 95.2984 -0.974783 0.430354 -0.902623 -0.00818048
-33.9378 94.8205 0.0383902 0.438473 -0.898707 -0.00810329
-34.8964 94.3405 0.816698 0.44589 -0.895028 -0.00930198
-35.8809 93.833 1.77311 0.451956 -0.892025 -0.00498641
-36.3341 93.6081 0.968136 0.455374 -0.890252 -0.0093129
-35.4617 94.0601 0.107204 0.451385 -0.892306 -0.00644398
-34.4083 94.5953 -0.770143 0.446051 -0.894984 -0.00645202
-33.4493 95.0738 -1.73858 0.433506 -0.901129 -0.00618207
-32.4124 95.5798 -2.91616 0.423249 -0.905931 -0.0100073
-31.4829 96.0187 -3.83626 0.417445 -0.908631 -0.0113321
-31.0324 96.2271 -4.29652 0.403051 -0.915088 -0.0125182
-31.9395 95.8178 -4.63458 0.419096 -0.907855 -0.0123532
-32.9253 95.3452 -3.66733 0.427789 -0.903824 -0.00962806
-33.7922 94.9161 -2.70195 0.437429 -0.899181 -0.0113495
-34.678 94.4695 -1.7376 0.45011 -0.892942 -0.00728952
-35.5721 94.0116 -0.911095 0.451532 -0.892235 -0.00602731
-36.6725 93.4389 0.0515245 0.460119 -0.887833 -0.0061835
-36.8299 93.3568 0.217021 0.461146 -0.887312 -0.00416689
-37.2901 93.1216 -0.574951 0.462776 -0.886452 -0.00638113
-36.3679 93.6091 -1.41129 0.459396 -0.888222 -0.00379574
-35.3372 94.1396 -2.3205 0.452719 -0.891617 -0.00787647
-34.3404 94.6537 -3.43039 0.446389 -0.894817 -0.00627854
-33.464 95.0949 -4.37367 0.434134 -0.900763 -0.012362
-32.8081 95.4178 -5.04185 0.430686 -0.902384 -0.0145816
-34.0323 94.8251 -5.04322 0.443591 -0.896141 -0.0125668
-34.9133 94.3746 -4.08783 0.446969 -0.89447 -0.0119167
-35.9457 93.837 -2.96256 0.454422 -0.890724 -0.0104863
-36.9119 93.3314 -2.11331 0.462406 -0.886644 -0.00658896
-37.1776 93.1903 -1.88279 0.466038 -0.884738 -0.00670435
-36.7538 93.4252 -3.39511 0.461352 -0.887177 -0.00848568
-35.8798 93.8865 -4.28405 0.455375 -0.890224 -0.0114108
-35.8175 93.9191 -4.35474 0.453535 -0.891176 -0.0105232
-14.2795 100.692 1.56651 0.0769875 -0.997023 0.000384629
-13.4347 100.74 2.48491 0.0489651 -0.998754 -0.000879208
-12.9022 100.76 3.54391 0.0375831 -0.999273 -0.00357506
-13.0815 100.75 4.66148 0.0426803 -0.999074 -0.00127777
-13.9576 100.707 5.53193 0.0600938 -0.998127 0.00529967
-14.848 100.637 6.20337 0.0830259 -0.996505 -0.0062571
-15.7613 100.544 6.78775 0.111813 -0.993722 -0.00380048
-16.7304 100.435 7.37539 0.118201 -0.992764 0.0210535
-17.7021 100.299 7.88439 0.14661 -0.989155 0.00876436
-18.9134 100.099 8.40892 0.176924 -0.984163 0.0110155
-19.9033 99.8995 8.79434 0.211984 -0.977272 -0.000475067
-20.8699 99.6748 9.15525 0.244952 -0.969532 0.00157151
-22.189 99.3358 9.58213 0.25842 -0.965929 0.0131824
-23.1653 99.066 9.9064 0.285597 -0.958259 0.0132097
-24.2174 98.746 10.1956 0.302991 -0.952938 0.0102274
-25.3326 98.3776 10.4257 0.324185 -0.945973 0.00625494
-26.522 97.9524 10.7321 0.34564 -0.938321 0.00929104
-27.5985 97.5473 11.081 0.358851 -0.933381 0.00427692
-28.6871 97.1261 11.4873 0.375181 -0.926812 0.0129417
-29.5865 96.754 11.8197 0.397665 -0.917473 0.0102189
-30.8143 96.2161 12.2305 0.412527 -0.91092 0.00679877
-31.8473 95.7461 12.4999 0.421801 -0.906652 0.00815836
-32.8402 95.2823 12.7084 0.429268 -0.903168 0.00361411
-34.0038 94.7222 12.7163 0.436998 -0.89946 0.00206791
-34.9966 94.2295 12.4847 0.447081 -0.894491 0.00206553
-35.9461 93.75 11.7188 0.451827 -0.892103 -0.00161331
-36.5103 93.4669 10.5882 0.453576 -0.891211 -0.00343421
-36.5002 93.4776 9.4164 0.455579 -0.890183 -0.00468519
-36.3121 93.5811 8.34813 0.452298 -0.891846 -0.00512909
-36.0678 93.707 7.01344 0.450801 -0.892615 -0.00411977
-35.9653 93.7671 5.77191 0.453304 -0.891335 -0.00607472
-35.9938 93.7616 4.48096 0.454105 -0.890923 -0.00672924
-36.0974 93.7154 3.38189 0.452471 -0.891772 -0.00352197
-36.3658 93.5837 2.29726 0.452964 -0.891521 -0.00366917
-36.9231 93.3038 1.14973 0.462176 -0.886779 -0.00400227
-37.538 92.9871 0.188522 0.463017 -0.886335 -0.00493264
-37.8435 92.8334 -1.05217 0.468308 -0.883548 -0.00561672
-37.6972 92.9186 -2.14177 0.466237 -0.88463 -0.0072848
-37.3405 93.1179 -3.3309 0.466662 -0.884401 -0.00785025
-36.7887 93.4153 -4.24139 0.461774 -0.886952 -0.00901768
-35.949 93.8582 -4.95886 0.458215 -0.888778 -0.0102124
-35.1014 94.2956 -5.40518 0.450689 -0.892605 -0.0116252
-34.1994 94.7514 -5.64962 0.44292 -0.896481 -0.0118303
-32.944 95.3631 -5.67369 0.433435 -0.901094 -0.012155
-31.9101 95.8418 -5.29973 0.419351 -0.907717 -0.0139372
-31.0071 96.2481 -4.85768 0.411825 -0.911148 -0.0137004
-29.9919 96.6836 -4.32959 0.398048 -0.917196 -0.0175532
-29.1072 97.0548 -3.90246 0.388155 -0.921298 -0.022815
-28.2303 97.4026 -3.49458 0.37016 -0.928657 -0.023612
-27.137 97.8153 -3.03426 0.348147 -0.937198 -0.0202411
-26.0828 98.1877 -2.66859 0.336728 -0.941422 -0.0182766
-24.7114 98.6376 -2.29768 0.305574 -0.952127 -0.0082877
-23.6855 98.9531 -2.03014 0.292158 -0.956358 -0.00489403
-22.6916 99.2382 -1.76556 0.265082 -0.964201 -0.00671521
-21.7112 99.5001 -1.57 0.254678 -0.966933 -0.0131073
-20.6072 99.7654 -1.31646 0.227434 -0.973506 -0.0236469
-19.5885 99.9891 -1.01511 0.213982 -0.976641 -0.0195387
-18.5833 100.177 -0.749323 0.176234 -0.984082 -0.022367
-17.3658 100.369 -0.315219 0.143601 -0.989416 -0.0155509
-16.2094 100.509 0.22263 0.118194 -0.992924 -0.011375
-15.3236 100.604 0.781129 0.11351 -0.993507 -0.00638569
-14.5156 100.673 1.36413 0.0803812 -0.996763 -0.00138285
-13.9046 100.728 0.532363 0.0683142 -0.99739 -0.0227915
-13.103 100.761 1.27989 0.0446116 -0.99898 -0.00681066
-12.4286 100.779 2.0852 0.0340472 -0.999401 -0.00556913
-11.8795 100.786 3.17656 0.0195984 -0.999796 -0.00299056
-11.7122 100.787 4.19285 0.0122822 -0.999915 0.000834881
-12.2916 100.779 5.32956 0.0305231 -0.999522 0.00406229
-13.0873 100.756 6.16471 0.0512374 -0.998631 0.0105313
-13.9748 100.714 6.781 0.0918479 -0.995541 0.0213523
-14.8378 100.651 7.39747 0.0882933 -0.995655 0.0293429
-15.7782 100.561 7.95601 0.116091 -0.992994 0.022004
-16.7987 100.449 8.53494 0.133032 -0.990926 0.0150021
-17.7567 100.314 9.00368 0.153707 -0.987828 0.0238822
-18.7652 100.146 9.41685 0.190223 -0.981577 0.0177983
-19.7136 99.9504 9.80062 0.215723 -0.976206 0.0210206
-20.7219 99.7272 10.1254 0.235054 -0.971829 0.0172526
-21.6675 99.4915 10.4748 0.256417 -0.966313 0.0220247
-22.6291 99.2376 10.7679 0.27674 -0.960756 0.0173643
-23.6939 98.9249 11.0741 0.29747 -0.954629 0.0114349
-24.8482 98.55 11.3135 0.322257 -0.946618 0.00777092
-25.9766 98.1594 11.5879 0.338783 -0.940717 0.0166619
-27.0259 97.7788 11.9086 0.351494 -0.936066 0.0142199
-27.9236 97.4396 12.2732 0.365618 -0.93062 0.0163532
-28.9048 97.0526 12.6045 0.383109 -0.923513 0.0187271
-29.9132 96.6271 12.9876 0.401919 -0.915547 0.0150753
-31.1089 96.0976 13.3395 0.41427 -0.910073 0.0112558
-32.1226 95.631 13.6082 0.424722 -0.905238 0.0116711
-33.1615 95.137 13.7841 0.433016 -0.901315 0.0113795
-34.2624 94.5983 13.7232 0.440787 -0.897606 0.0032235
-35.484 93.9869 13.396 0.449908 -0.89307 0.00303549
-36.4597 93.4884 12.6142 0.45701 -0.889461 0.000845549
-37.0565 93.1798 11.8036 0.459977 -0.88793 -0.000573291
-37.4537 92.976 10.5987 0.46431 -0.885665 -0.00329598
-37.4135 93.0047 9.19117 0.463444 -0.886108 -0.0056054
-37.1716 93.1381 8.13816 0.462613 -0.886546 -0.00501689
-36.9393 93.2633 7.01446 0.456109 -0.889913 -0.00440108
-36.821 93.3294 5.94756 0.455543 -0.890193 -0.0061295
-36.8366 93.328 4.90903 0.456248 -0.889836 -0.00532933
-36.9235 93.2918 3.6354 0.459148 -0.888342 -0.00560177
-37.225 93.141 2.55332 0.459994 -0.887917 -0.00285495
-37.7615 92.8638 1.54921 0.46431 -0.885668 -0.00178042
-38.4705 92.4941 0.432369 0.466747 -0.884387 -0.00252121
-38.7843 92.3314 -0.702906 0.472238 -0.881462 -0.00386201
-38.7063 92.3795 -1.77384 0.472826 -0.881124 -0.00744302
-38.4893 92.5045 -2.89295 0.472656 -0.881227 -0.00597572
-38.0445 92.7516 -4.09448 0.470726 -0.882251 -0.00701291
-37.3836 93.1118 -5.0641 0.46978 -0.882703 -0.0118645
-36.5669 93.5468 -5.72942 0.461312 -0.887176 -0.0104902
-35.7355 93.9815 -6.25292 0.45641 -0.889674 -0.0129924
-34.612 94.5611 -6.64859 0.452518 -0.891582 -0.0175894
-33.6003 95.0631 -6.74344 0.439789 -0.897927 -0.0176916
-32.5152 95.5844 -6.62826 0.431111 -0.902161 -0.0157848
-31.5221 96.0383 -6.20768 0.416063 -0.909106 -0.0204556
-30.6299 96.4326 -5.77167 0.404846 -0.914058 -0.0243442
-29.7119 96.8263 -5.30714 0.39939 -0.916473 -0.0237503
-28.6044 97.2848 -4.70266 0.381864 -0.92369 -0.0302743
-27.6999 97.636 -4.31614 0.363699 -0.930844 -0.0331758
-26.6411 98.0157 -3.88477 0.343413 -0.938713 -0.0297233
-25.6607 98.3507 -3.55316 0.322592 -0.946396 -0.0164008
-24.6451 98.6809 -3.32178 0.303774 -0.95247 -0.0228261
-23.613 98.992 -3.03151 0.281305 -0.959378 -0.0212006
-22.4982 99.305 -2.77776 0.26841 -0.963042 -0.0224909
-21.5142 99.563 -2.55571 0.247125 -0.968818 -0.0176131
-20.4578 99.8255 -2.35443 0.231189 -0.972586 -0.0221567
-19.4428 100.044 -2.03861 0.198666 -0.979537 -0.0262767
-18.332 100.241 -1.73956 0.165483 -0.986038 -0.018504
-17.2157 100.411 -1.32911 0.140196 -0.989826 -0.0242805
-16.2107 100.538 -0.902075 0.124485 -0.991797 -0.0272643
-15.3133 100.626 -0.405737 0.105164 -0.994117 -0.0248132
-14.2248 100.709 0.285129 0.074141 -0.997128 -0.0154387
-14.0449 100.72 0.420475 0.072902 -0.997174 -0.0180023
-13.3435 100.775 -0.318072 0.0519897 -0.998134 -0.0299508
-14.2437 100.74 -0.910972 0.0738831 -0.996459 -0.0399814
-15.14 100.68 -1.49025 0.103536 -0.993588 -0.0450772
-16.1185 100.585 -1.92058 0.126343 -0.991118 -0.0414595
-17.1623 100.453 -2.39492 0.157747 -0.986754 -0.0378407
-18.1524 100.298 -2.75326 0.16974 -0.984929 -0.0331994
-19.2766 100.108 -3.08894 0.188037 -0.981336 -0.0401941
-20.2437 99.899 -3.35876 0.237286 -0.971118 -0.0249053
-21.3536 99.6258 -3.57975 0.244925 -0.968219 -0.0494192
-22.4576 99.3501 -3.82909 0.271498 -0.9612 -0.0488127
-23.4922 99.0639 -4.03731 0.27461 -0.960284 -0.0494352
-24.5874 98.7426 -4.3296 0.311163 -0.949188 -0.046637
-25.6693 98.3855 -4.55008 0.325251 -0.944744 -0.0407163
-26.7318 98.0214 -4.96103 0.347213 -0.937026 -0.0377531
-27.6424 97.6989 -5.34111 0.350957 -0.935595 -0.0385902
-28.586 97.3265 -5.76444 0.395524 -0.91815 -0.0236549
-29.5365 96.9315 -6.28754 0.397096 -0.917096 -0.0350304
-30.476 96.5321 -6.79345 0.409761 -0.911515 -0.0351531
-31.3605 96.1439 -7.23877 0.417942 -0.907734 -0.0366425
-32.2888 95.7172 -7.5897 0.429894 -0.902527 -0.0252273
-33.2265 95.2732 -7.78319 0.439464 -0.897822 -0.0278652
-34.1832 94.7974 -7.78962 0.447494 -0.894024 -0.021561
-35.2442 94.2576 -7.59615 0.454997 -0.890332 -0.0167226
-36.1017 93.8073 -7.19637 0.460483 -0.88753 -0.0155461
-36.9468 93.3614 -6.69125 0.460755 -0.887459 -0.0109778
-37.8633 92.8701 -5.93128 0.47025 -0.882422 -0.0140366
-38.5889 92.4688 -5.0715 0.473708 -0.880642 -0.00831751
-39.1518 92.1552 -3.97938 0.476749 -0.87901 -0.00713429
-39.4802 91.9688 -2.76937 0.477581 -0.878573 -0.00510064
-39.6379 91.8768 -1.75675 0.478014 -0.878338 -0.00511019
-39.6785 91.8487 -0.443307 0.476182 -0.879338 -0.00380509
-39.3994 91.9969 0.641469 0.473701 -0.880683 -0.00209529
-38.8408 92.298 1.54696 0.46642 -0.884554 0.00306601
-38.2106 92.6285 2.55072 0.461453 -0.887164 -0.000709241
-37.7948 92.8417 3.5519 0.458709 -0.888578 -0.00378413
-37.6935 92.8883 4.73164 0.45798 -0.88895 -0.00474302
-37.7113 92.872 6.01227 0.45975 -0.888029 -0.00575533
-37.8376 92.799 7.16225 0.460948 -0.88741 -0.00548813
-38.1745 92.6128 8.29117 0.465687 -0.884903 -0.00886379
-38.4121 92.4768 9.59012 0.469774 -0.88276 -0.00681479
-38.3965 92.477 10.6564 0.471838 -0.881661 -0.0064558
-38.0586 92.6541 11.8463 0.470024 -0.882638 -0.00158902
-37.5451 92.9271 12.7771 0.46345 -0.886115 0.0037548
-36.8127 93.3092 13.6552 0.45825 -0.888814 0.00361213
-35.9034 93.7803 14.3169 0.455462 -0.890196 0.00869059
-34.863 94.3068 14.6144 0.44796 -0.894001 0.00953182
-33.692 94.8904 14.8274 0.444042 -0.895896 0.0136831
-32.7512 95.3509 14.7866 0.436394 -0.899637 0.0137085
-31.6703 95.8579 14.5418 0.422576 -0.90615 0.0179599
-30.6802 96.3113 14.2599 0.412945 -0.910483 0.0213463
-29.558 96.7975 13.8759 0.398067 -0.917169 0.0185312
-28.5746 97.2129 13.527 0.380954 -0.924262 0.0247737
-27.5501 97.6068 13.1923 0.358484 -0.933238 0.0235909
-26.4833 97.9979 12.7558 0.350359 -0.936056 0.0323477
-25.4169 98.3739 12.4472 0.332159 -0.942406 0.0392399
-24.2814 98.755 12.2104 0.303288 -0.952221 0.0356927
-23.2062 99.0952 11.98 0.299914 -0.953661 0.0232595
-22.2306 99.3709 11.6966 0.258839 -0.965558 0.026439
-21.1413 99.6531 11.3353 0.259798 -0.965291 0.0267934
-20.1938 99.8757 10.9975 0.236428 -0.970839 0.0380204
-19.1967 100.084 10.7067 0.207111 -0.978027 0.0237687
-18.1211 100.293 10.2378 0.18975 -0.981067 0.0376854
-17.1828 100.434 9.81011 0.151239 -0.987796 0.0372155
-16.0854 100.571 9.26069 0.135856 -0.989445 0.0504095
-14.9658 100.68 8.6416 0.112514 -0.991757 0.0596431
-13.978 100.747 8.0362 0.0868978 -0.995814 0.028335
-12.9071 100.798 7.31014 0.0479934 -0.997635 0.0449455
-12.0649 100.811 6.65961 0.037655 -0.998992 0.0244249
-11.264 100.807 5.74488 -0.00163911 -0.99944 0.0295637
-10.7053 100.799 4.8419 0.00252404 -0.999987 0.00427713
-10.646 100.8 3.6934 8.50795e-05 -0.999972 -0.00681935
-10.91 100.806 2.68351 0.0111732 -0.999878 -0.0108916
-11.4214 100.809 1.78777 0.0219331 -0.999677 -0.0127879
-12.1207 100.803 0.859256 0.0357141 -0.999097 -0.0230362
-12.925 100.787 0.0901243 0.044327 -0.998808 -0.0203232
-13.0035 100.785 0.012214 0.0457755 -0.998725 -0.0211707
