-19.0265 101.301 3.79878 0.195824 -0.980635 -0.00282732
-19.9516 101.102 4.7344 0.226164 -0.974064 -0.00429836
-20.8451 100.888 5.63297 0.237059 -0.971467 0.0074574
-21.8255 100.652 6.59057 0.241425 -0.970413 0.0028001
-22.5796 100.455 7.29999 0.265076 -0.964198 0.00721956
-24.552 99.8662 7.95397 0.307825 -0.951438 0.00302393
-23.5391 100.179 6.99371 0.291403 -0.956598 0.000284584
-22.6335 100.436 6.10244 0.265271 -0.964173 -0.00113891
-21.5528 100.711 5.06713 0.242834 -0.970044 0.00516627
-20.5514 100.962 4.05864 0.236033 -0.971727 -0.00484669
-19.6603 101.17 3.10082 0.219318 -0.975648 -0.0032832
-20.247 101.038 2.39165 0.224718 -0.974414 -0.00425693
-21.2469 100.79 3.47363 0.240324 -0.970681 -0.00427611
-22.1907 100.546 4.40496 0.251009 -0.967982 -0.00180616
-23.165 100.287 5.35427 0.274406 -0.9616 0.00513347
-24.1587 99.9894 6.31957 0.297252 -0.954795 -0.00280181
-25.2531 99.6378 7.39778 0.315796 -0.94881 -0.000502552
-26.2876 99.2817 8.28322 0.332785 -0.94295 0.0057403
-26.6639 99.1466 8.55446 0.340553 -0.940216 0.00411445
-28.4534 98.464 8.81798 0.372257 -0.928114 0.00496063
-27.2782 98.9188 7.90782 0.353153 -0.93553 0.00553163
-26.3063 99.27 7.12824 0.339144 -0.940724 -0.000775618
-25.4024 99.5918 6.2764 0.322424 -0.946588 0.00341557
-24.4553 99.8961 5.35431 0.305931 -0.952054 -0.000329962
-23.4651 100.201 4.35173 0.26837 -0.963301 -0.00522875
-22.4124 100.492 3.38887 0.253758 -0.967256 -0.0048215
-21.5304 100.73 2.34481 0.238091 -0.971213 -0.00747618
-21.1289 100.832 1.87193 0.237294 -0.971416 -0.00651526
-22.0806 100.601 1.541 0.240035 -0.970735 -0.00728162
-22.8477 100.385 2.58144 0.260284 -0.965482 -0.00957307
-23.8559 100.095 3.36567 0.277755 -0.960635 -0.00470349
-24.7123 99.8287 4.34522 0.304294 -0.952547 -0.00741419
-25.6748 99.4981 5.24071 0.327319 -0.944886 -0.00706957
-26.6107 99.1649 6.18117 0.344141 -0.938901 -0.000435529
-27.5618 98.8059 7.02559 0.362439 -0.932005 0.00157719
-28.5375 98.4247 7.85315 0.375331 -0.926888 0.00204682
-29.434 98.0638 8.7043 0.381732 -0.924233 0.00855235
-30.5673 97.5827 8.9077 0.39467 -0.918816 0.00353104
-29.683 97.9557 7.72314 0.392245 -0.919854 0.00307569
-28.6345 98.3859 6.77738 0.371754 -0.928303 -0.00260182
-27.5769 98.8015 5.85735 0.357869 -0.933734 -0.00769071
-26.7133 99.1309 4.9618 0.350945 -0.93639 -0.00341721
-25.8846 99.4401 4.01471 0.344566 -0.938732 -0.00690415
-24.8611 99.7858 3.17066 0.305079 -0.952304 -0.00543518
-23.8834 100.091 2.23958 0.283338 -0.958946 -0.0112342
-22.8819 100.386 1.26241 0.265529 -0.96409 -0.00489304
-22.7909 100.412 1.11022 0.266025 -0.963953 -0.00492267
-23.7566 100.139 0.764762 0.287793 -0.95768 -0.00320568
-24.8328 99.8034 1.63991 0.303702 -0.952767 1.2783e-05
-25.6521 99.5241 2.53442 0.32805 -0.944625 -0.00218255
-26.6829 99.1486 3.4739 0.344592 -0.938743 -0.00421458
-27.57 98.8121 4.39961 0.352423 -0.93583 -0.00435126
-28.4461 98.464 5.26632 0.371673 -0.928341 -0.00387388
-29.422 98.0643 6.41685 0.382724 -0.923863 -0.000649812
-30.3974 97.6503 7.15793 0.392835 -0.919608 -0.00108325
-31.1666 97.318 8.12804 0.401807 -0.915716 0.00384437
-31.9046 96.9926 8.78943 0.410267 -0.911964 0.001229
-31.3674 97.229 6.81801 0.401175 -0.915989 -0.00476506
-30.4783 97.6203 5.95589 0.392951 -0.919543 -0.00541057
-29.5854 98.0042 5.07514 0.383222 -0.923646 -0.00300683
-28.6485 98.3927 4.16073 0.367221 -0.930093 -0.00855098
-27.6905 98.7746 3.16804 0.360337 -0.932796 -0.00691065
-26.7519 99.1327 2.2295 0.33739 -0.941349 -0.00541955
-25.8397 99.4623 1.32756 0.331539 -0.943437 -0.0029061
-25.0897 99.7195 0.567284 0.317689 -0.948183 0.00475283
-26.2733 99.3124 0.354894 0.332835 -0.942887 -0.0107661
-27.3881 98.9038 1.43648 0.34842 -0.937289 -0.00652954
-28.4258 98.4939 2.35634 0.369189 -0.929349 -0.00235546
-29.1605 98.1878 3.42368 0.381688 -0.92426 -0.00690079
-30.0299 97.8204 4.2846 0.387056 -0.92204 -0.00540209
-31.1456 97.3386 5.14164 0.395519 -0.918423 -0.00798956
-31.1998 97.3147 5.18427 0.398122 -0.917269 -0.0108303
-31.1176 97.3601 3.98067 0.397208 -0.917703 -0.00680129
-30.0091 97.8381 3.10088 0.388277 -0.921498 -0.00900839
-29.176 98.1974 1.85018 0.377802 -0.925854 -0.00779219
-28.2441 98.5761 0.993148 0.362936 -0.93178 -0.00792898
-27.3368 98.9275 0.239961 0.353779 -0.935217 -0.0114761
-28.3399 98.5495 -0.137288 0.367987 -0.929705 -0.0146779
-29.2703 98.1671 0.671802 0.376988 -0.926206 -0.00466031
-30.1152 97.8114 1.57542 0.385196 -0.922768 -0.0111168
-30.9395 97.4471 2.70403 0.39622 -0.918131 -0.00666817
-31.4017 97.2448 3.04644 0.396972 -0.917807 -0.00663987
-31.6089 97.1636 2.03643 0.400308 -0.91633 -0.00924982
-30.6834 97.5756 0.895343 0.394714 -0.918724 -0.012134
-29.7041 97.998 -0.148153 0.38235 -0.92391 -0.0136394
-29.3622 98.1429 -0.469953 0.377596 -0.925869 -0.0135817
-30.5766 97.6383 -0.550896 0.391151 -0.920262 -0.0109451
-31.4273 97.2611 0.399026 0.399482 -0.916649 -0.0124656
-32.0706 96.9642 1.21296 0.407854 -0.913001 -0.00913799
-32.7895 96.6479 0.639197 0.419215 -0.907853 -0.00687998
-31.9036 97.0588 -0.375361 0.410008 -0.912056 -0.00671336
-31.2778 97.3425 -1.07345 0.4025 -0.915303 -0.0135615
-32.15 96.9605 -1.41337 0.408894 -0.912444 -0.0158141
-33.0788 96.5217 -0.375145 0.420859 -0.907091 -0.00798006
-33.3724 96.3826 -0.0710955 0.4222 -0.90647 -0.00766508
-34.1833 96 -0.547621 0.435224 -0.900275 -0.00916944
-33.2462 96.4574 -1.49868 0.428966 -0.903271 -0.00928175
-32.9269 96.6114 -1.86479 0.41928 -0.907761 -0.0131998
-33.847 96.1766 -2.17411 0.433556 -0.901088 -0.00836715
-34.7402 95.7334 -1.25566 0.445007 -0.895498 -0.00667761
-34.9051 95.6506 -1.09242 0.445423 -0.895312 -0.00394777
-27.746 98.7444 9.30915 0.359507 -0.933129 0.00392429
-28.8155 98.3228 9.42421 0.372887 -0.92783 0.00901129
-30.1528 97.764 9.49249 0.394165 -0.919023 0.00552076
-31.3506 97.2402 9.57985 0.406931 -0.913416 0.00885151
-32.4317 96.7552 9.74229 0.415737 -0.909475 0.00417806
-32.9978 96.4953 9.39204 0.417087 -0.908863 0.00186092
-32.427 96.7562 8.47952 0.415495 -0.909595 -0.000406994
-31.9821 96.9575 7.12647 0.406638 -0.913582 -0.00172011
-31.7191 97.0804 5.84852 0.404093 -0.914676 -0.00831208
-31.7446 97.0849 4.29334 0.403421 -0.914977 -0.00756377
-32.0013 96.9828 2.94291 0.403647 -0.914891 -0.00650673
-32.4514 96.787 1.95382 0.41028 -0.911933 -0.00692776
-33.3047 96.4061 0.898806 0.423318 -0.905971 -0.0040893
-34.1208 96.0263 0.238751 0.435805 -0.900037 -0.0027014
-34.998 95.601 -0.352871 0.444 -0.896004 -0.0058643
-35.9129 95.1458 -0.992785 0.451847 -0.89209 -0.00299549
-35.7862 95.2175 -2.1285 0.451724 -0.892131 -0.00686905
-34.9126 95.6652 -2.73175 0.448123 -0.89387 -0.0134085
-33.9205 96.1509 -2.82948 0.433756 -0.9009 -0.0150672
-32.9388 96.6153 -2.51831 0.427571 -0.903903 -0.0119226
-31.8867 97.0892 -2.04696 0.409744 -0.912059 -0.0160079
-30.6996 97.6027 -1.49629 0.398306 -0.916992 -0.0216922
-29.7414 98.0005 -1.13916 0.379776 -0.924883 -0.0187225
-28.6036 98.4565 -0.846436 0.370238 -0.92874 -0.0183835
-27.5727 98.8565 -0.63546 0.360041 -0.932779 -0.0158524
-26.4185 99.2767 -0.408553 0.336979 -0.941335 -0.0176131
-25.3919 99.6256 -0.151396 0.321806 -0.9467 -0.0141057
-24.3189 99.9733 0.016824 0.298946 -0.954265 -0.00308517
-23.01 100.362 0.293469 0.274381 -0.96152 -0.0111588
-21.9943 100.63 0.730183 0.24988 -0.968179 -0.0129718
-20.89 100.896 1.29272 0.233375 -0.972289 -0.0122834
-19.9212 101.115 1.91233 0.225245 -0.974285 -0.00551234
-19.0019 101.311 2.82395 0.198795 -0.980024 -0.00564402
-18.3876 101.426 3.80515 0.181943 -0.98328 -0.00488218
-18.3973 101.421 5.02184 0.177647 -0.984014 -0.0115706
-19.2389 101.246 5.96922 0.198128 -0.980176 -0.000644626
-20.1588 101.051 6.77969 0.222488 -0.974905 0.00761581
-21.109 100.833 7.35444 0.239729 -0.970813 0.00716652
-22.068 100.598 7.83653 0.251029 -0.96795 0.004394
-23.1502 100.305 8.23022 0.279041 -0.960273 -0.00263166
-24.1995 99.9832 8.53958 0.307788 -0.951416 0.00855665
-25.285 99.6306 8.83252 0.320215 -0.947277 0.010934
-26.4648 99.2213 9.12566 0.339752 -0.940494 0.0062807
-27.4169 98.8698 9.27245 0.356584 -0.934253 0.00428289
-27.2649 98.9361 10.3439 0.355047 -0.934795 0.00994847
-26.0303 99.3893 10.12 0.33709 -0.941377 0.0119094
-24.9712 99.7524 9.86058 0.323255 -0.946119 0.0184909
-23.6944 100.157 9.49633 0.303489 -0.95274 0.0134584
-22.6023 100.468 9.19241 0.272482 -0.961843 0.0230741
-21.3833 100.782 8.66668 0.249278 -0.96816 0.0222276
-20.2739 101.046 8.11857 0.228772 -0.973254 0.0195796
-19.2784 101.257 7.44287 0.211616 -0.977221 0.0123273
-18.4528 101.412 6.68209 0.183807 -0.982834 0.0158708
-17.6174 101.557 5.88801 0.176705 -0.984211 -0.00536059
-17.1288 101.638 4.84014 0.15685 -0.98762 0.000699358
-17.346 101.606 3.36017 0.157813 -0.987445 -0.00652209
-17.9354 101.517 2.4047 0.176391 -0.984182 -0.0162629
-18.8192 101.358 1.46081 0.198597 -0.979965 -0.015096
-20.0055 101.116 0.583855 0.212629 -0.976888 -0.0203838
-21.1084 100.864 -0.016373 0.236131 -0.971487 -0.02078
-22.1613 100.608 -0.535981 0.252373 -0.96716 -0.0301225
-23.2832 100.302 -0.906722 0.281046 -0.959357 -0.025263
-24.5008 99.935 -1.12355 0.304628 -0.952237 -0.0202975
-25.7025 99.5408 -1.3364 0.321354 -0.946819 -0.0162286
-26.9688 99.1006 -1.61873 0.343445 -0.938711 -0.0294264
-28.0049 98.7137 -1.78855 0.363733 -0.930969 -0.0312818
-29.0154 98.3175 -2.03853 0.376716 -0.925722 -0.0335152
-30.055 97.8992 -2.38185 0.383462 -0.923193 -0.0258799
-31.2059 97.4118 -2.8904 0.404483 -0.914086 -0.028797
-32.3375 96.9137 -3.41366 0.420658 -0.906944 -0.0222632
-33.4188 96.4113 -3.85166 0.432986 -0.90112 -0.0223657
-34.5137 95.8827 -3.97501 0.441207 -0.897197 -0.0187221
-35.6135 95.327 -3.63239 0.449347 -0.893227 -0.0150903
-36.4586 94.8871 -2.97965 0.454985 -0.890409 -0.0126429
-37.0542 94.5691 -2.0219 0.459408 -0.888217 -0.00383276
-37.088 94.5466 -0.85058 0.460662 -0.887574 -0.00152169
-36.3924 94.9015 0.0527369 0.451125 -0.892459 0.00109625
-35.482 95.36 0.589972 0.447978 -0.894043 0.00074834
-34.6038 95.79 1.16441 0.436639 -0.899631 0.00278044
-33.6724 96.23 2.02639 0.424038 -0.90563 -0.00507064
-33.0241 96.521 3.02553 0.412108 -0.911115 -0.00589205
-32.7019 96.6597 4.07698 0.413364 -0.910537 -0.00723438
-32.6537 96.6695 5.47507 0.405903 -0.913887 -0.00720291
-32.8335 96.5791 6.59058 0.411042 -0.911561 -0.0100245
-33.1587 96.425 7.66707 0.415328 -0.909663 -0.00399268
-33.8077 96.1197 8.78829 0.426877 -0.904287 -0.00615493
-34.5912 95.7417 9.65759 0.436258 -0.899793 -0.0071961
-34.5062 95.7832 10.7031 0.438214 -0.898866 0.00291565
-33.3462 96.3416 10.9509 0.428638 -0.903433 0.00882096
-32.2379 96.8522 10.8031 0.415227 -0.909651 0.0105721
-31.1282 97.3505 10.6443 0.405665 -0.913937 0.0115044
-30.0614 97.818 10.5869 0.398146 -0.917258 0.010233
-29.0182 98.2555 10.5273 0.377513 -0.925917 0.0119964
-27.8258 98.7231 10.4392 0.358686 -0.933416 0.00848813
-27.3727 98.8953 10.3694 0.3564 -0.934283 0.00966932
-27.2687 98.9517 11.4742 0.362382 -0.931752 0.02259
-28.6289 98.4295 11.6275 0.361876 -0.93209 0.0159469
-29.7604 97.9645 11.6652 0.395935 -0.918149 0.0150547
-30.9801 97.4347 11.721 0.398851 -0.916775 0.0206057
-31.9783 96.9893 11.8763 0.412435 -0.910824 0.0166306
-33.0303 96.5085 12.0032 0.423184 -0.90582 0.0200318
-34.0825 96.0015 12.0678 0.442308 -0.896783 0.0119647
-35.055 95.5193 11.7696 0.443192 -0.896412 0.00488761
-35.8306 95.132 10.57 0.445736 -0.895155 0.000191321
-35.6627 95.2206 9.48752 0.440741 -0.897609 -0.00676985
-34.9874 95.5584 8.50779 0.438569 -0.898656 -0.00857517
-34.2084 95.9446 7.69182 0.414626 -0.909903 -0.00969407
-33.8518 96.1131 6.62289 0.418222 -0.908294 -0.00962087
-33.6233 96.2308 5.41111 0.414732 -0.909909 -0.0078109
-33.6546 96.2251 4.23638 0.415178 -0.909725 -0.00526954
-34.0209 96.0636 3.13356 0.418887 -0.908036 -0.00179269
-34.7901 95.7036 2.32458 0.428457 -0.903514 0.00884246
-35.813 95.2011 1.61564 0.445946 -0.895029 0.00604103
-36.746 94.725 1.16658 0.457137 -0.889369 0.00694643
-37.553 94.3049 0.434793 0.460086 -0.887871 0.00142979
-38.0655 94.0384 -0.503798 0.462324 -0.886711 -0.000681468
-38.1293 94.0097 -1.88514 0.463547 -0.886064 -0.003844
-37.7557 94.2153 -2.96976 0.465143 -0.885125 -0.0139809
-37.0091 94.618 -3.8887 0.45945 -0.888077 -0.0149794
-36.1856 95.0548 -4.59936 0.453672 -0.891009 -0.0168244
-35.1478 95.5904 -5.04704 0.445907 -0.894813 -0.0216911
-34.0529 96.1344 -5.0983 0.443232 -0.896091 -0.0238111
-32.8847 96.6939 -4.83155 0.435885 -0.899534 -0.0290019
-31.8604 97.1644 -4.3827 0.423655 -0.905177 -0.0341012
-30.9111 97.5769 -3.94225 0.407132 -0.912564 -0.0383029
-29.9965 97.9638 -3.46741 0.390827 -0.918972 -0.0521186
-28.9126 98.402 -3.13987 0.389537 -0.919559 -0.0516858
-27.7305 98.8581 -2.77071 0.364602 -0.929541 -0.0547692
-26.5601 99.2841 -2.61917 0.339606 -0.939793 -0.0370767
-25.4755 99.6485 -2.41799 0.320466 -0.946793 -0.0295772
-24.3966 99.9971 -2.23722 0.301677 -0.952449 -0.0426778
-23.1843 100.367 -2.02581 0.279466 -0.959102 -0.0439972
-22.1022 100.657 -1.68469 0.264298 -0.963817 -0.0346521
-20.8957 100.954 -1.09461 0.247733 -0.967751 -0.0451022
-19.8323 101.188 -0.572343 0.22737 -0.972834 -0.0427513
-18.7306 101.4 0.127289 0.204207 -0.978683 -0.0218822
-17.9071 101.555 0.860329 0.185176 -0.98226 -0.0295239
-17.0336 101.678 1.80652 0.156818 -0.98726 -0.0265599
-16.3768 101.757 2.79335 0.133287 -0.990984 -0.0136094
-15.948 101.809 3.95639 0.134784 -0.990861 -0.00508913
-16.0803 101.8 5.26287 0.144425 -0.989418 0.01099
-16.5974 101.727 6.39749 0.146246 -0.989048 0.0192187
-17.4202 101.616 7.19921 0.178532 -0.983654 0.0227032
-18.2499 101.477 7.96638 0.187399 -0.981926 0.0236293
-19.2157 101.305 8.74227 0.216632 -0.975823 0.028321
-20.2793 101.073 9.28516 0.231887 -0.972396 0.0257393
-21.5233 100.78 9.88441 0.263102 -0.963649 0.0457846
-22.5413 100.515 10.3066 0.272293 -0.961683 0.0318675
-23.5585 100.219 10.6092 0.295651 -0.955059 0.0212476
-24.6449 99.8858 10.9076 0.310778 -0.950064 0.026243
-25.6913 99.5265 11.1539 0.332566 -0.942923 0.0172021
-26.7353 99.1528 11.3638 0.348622 -0.936632 0.0334993
-27.0352 99.0415 11.4289 0.356456 -0.934022 0.0222548
