-24.802 100.425 1.69792 0.305212 -0.952266 -0.00561747
-23.9798 100.672 2.5957 0.285103 -0.958462 -0.00455555
-22.9841 100.956 3.39946 0.27112 -0.962531 -0.00362981
-22.1586 101.174 4.13779 0.253051 -0.967448 -0.00309405
-21.4335 101.36 5.00102 0.24525 -0.969455 0.00216995
-22.1078 101.193 5.65435 0.255342 -0.966714 0.0143499
-22.7817 101.007 4.76908 0.267855 -0.96345 0.00417831
-23.6521 100.765 4.04701 0.279813 -0.960017 -0.000534763
-24.687 100.451 3.1028 0.303702 -0.952747 -0.00487058
-25.4924 100.189 2.33447 0.322819 -0.94646 0.000981263
-26.3095 99.9121 1.51563 0.331317 -0.943487 -0.0077391
-26.6353 99.7991 1.24234 0.339563 -0.940546 -0.00757622
-28.013 99.2914 1.15009 0.360462 -0.932717 -0.00973082
-27.2455 99.5714 1.90905 0.346092 -0.938169 -0.00763422
-26.3389 99.8921 2.74258 0.337656 -0.941255 -0.00509649
-25.4837 100.191 3.4889 0.321683 -0.9468 -0.00207544
-24.7617 100.426 4.44024 0.307554 -0.951469 -0.00361234
-23.7585 100.732 5.09601 0.282734 -0.959168 -0.00393132
-23.0604 100.938 6.0646 0.271504 -0.962392 0.00817932
-22.7677 101.02 6.38801 0.265402 -0.964127 0.00445621
-23.6217 100.773 6.79026 0.292604 -0.956227 0.00356574
-24.4804 100.505 5.92063 0.300161 -0.953875 -0.00484856
-25.3325 100.233 5.09527 0.315484 -0.9489 -0.00679387
-26.152 99.9573 4.24905 0.338244 -0.941036 -0.00305096
-27.1338 99.6009 3.26609 0.343487 -0.939135 -0.00551002
-28.1671 99.2209 2.23756 0.35365 -0.935338 -0.00785183
-29.0794 98.8725 1.34786 0.372994 -0.927767 -0.0107209
-29.34 98.7701 1.05788 0.373917 -0.92736 -0.0135755
-30.1053 98.4527 1.51075 0.384815 -0.922902 -0.0129532
-29.3462 98.7527 2.46582 0.372923 -0.927838 -0.00665836
-28.3363 99.1476 3.23912 0.360591 -0.932688 -0.00818478
-27.6219 99.4156 4.08761 0.352544 -0.935764 -0.0077046
-26.7036 99.7562 4.98764 0.344053 -0.938949 -0.000508844
-25.9814 100.008 5.85332 0.329093 -0.944289 -0.00347974
-25.0304 100.33 6.71491 0.308031 -0.951293 0.010861
-24.6184 100.464 7.21736 0.302583 -0.953097 0.0070147
-25.6677 100.119 7.53416 0.324105 -0.946009 0.00481057
-26.7071 99.7511 6.55624 0.338409 -0.940996 0.0023006
-27.4935 99.4647 5.74208 0.355366 -0.934719 -0.00365405
-28.3484 99.1382 4.62155 0.36644 -0.930432 -0.00133137
-29.0104 98.8808 3.73617 0.372488 -0.928003 -0.00471639
-29.7677 98.5707 3.39148 0.381763 -0.924241 -0.00578102
-29.8454 98.533 4.35796 0.38579 -0.922568 -0.00583768
-29.0238 98.867 5.19848 0.373158 -0.927761 -0.00350385
-28.2541 99.1703 6.32858 0.366612 -0.930361 -0.00270142
-27.4102 99.4941 7.17997 0.358764 -0.933428 -0.00040561
-27.0513 99.628 7.54083 0.342898 -0.939368 0.00219043
-28.2516 99.1699 7.67673 0.364989 -0.931001 0.00150174
-29.0867 98.8363 6.75669 0.371966 -0.928244 -0.00188516
-29.5792 98.6373 6.01405 0.384627 -0.923055 -0.00556257
-27.8091 99.3413 8.44697 0.361258 -0.932452 0.00508503
-26.4563 99.8465 8.2884 0.340896 -0.940078 0.00649214
-25.1975 100.283 8.01631 0.32379 -0.946088 0.00819128
-23.9871 100.668 7.61175 0.300272 -0.953736 0.0146253
-22.7665 101.028 7.04498 0.273509 -0.961736 0.0137585
-21.7612 101.293 6.38009 0.249511 -0.968303 0.0107641
-20.9505 101.484 5.50108 0.235075 -0.971879 0.0132935
-20.6093 101.569 4.29776 0.241779 -0.970323 -0.00383636
-21.1945 101.43 3.30065 0.243593 -0.96982 -0.0105847
-22.1269 101.2 2.32397 0.260215 -0.965471 -0.0123665
-23.3307 100.874 1.51265 0.279004 -0.960175 -0.0146618
-24.6358 100.482 1.09196 0.305563 -0.952066 -0.0142029
-25.7529 100.114 0.867709 0.328276 -0.944486 -0.0133901
-26.873 99.7211 0.656255 0.337747 -0.941123 -0.014406
-28.1488 99.2476 0.533691 0.357355 -0.933898 -0.0114781
-29.2689 98.807 0.522939 0.371819 -0.928215 -0.012799
-30.3723 98.3554 0.437447 0.385143 -0.922789 -0.0111709
-30.7963 98.164 1.27283 0.392016 -0.919876 -0.0121399
-30.5649 98.2449 2.65221 0.3862 -0.922369 -0.00919855
-30.4172 98.2958 3.96797 0.388113 -0.921598 -0.0050604
-30.2831 98.3465 5.09039 0.390048 -0.920784 -0.00438529
-30.2099 98.3728 6.23518 0.388596 -0.921391 -0.00465539
-30.02 98.4497 7.45718 0.387598 -0.921821 0.00107715
-29.1387 98.8133 8.19929 0.376573 -0.926384 0.00174102
-28.1862 99.1961 8.42824 0.362829 -0.931843 0.0017702
-28.178 99.2065 9.54428 0.367579 -0.929972 0.00388759
-26.9552 99.6761 9.46567 0.356788 -0.934147 0.00784861
-25.7607 100.102 9.24837 0.324967 -0.945604 0.0150941
-24.7296 100.447 9.01172 0.314984 -0.949001 0.0127352
-23.352 100.874 8.50922 0.287004 -0.957825 0.0141161
-22.3136 101.169 8.04667 0.269273 -0.962913 0.0170083
-21.3447 101.416 7.42879 0.240862 -0.970333 0.0209608
-20.3183 101.647 6.45205 0.224727 -0.97434 0.0118184
-19.632 101.797 5.54192 0.232273 -0.972593 0.00450972
-19.4282 101.848 4.44677 0.225631 -0.974187 -0.00635275
-19.8284 101.766 3.35339 0.22687 -0.973883 -0.00896821
-20.4936 101.617 2.47771 0.245086 -0.969333 -0.0178347
-21.2451 101.443 1.67935 0.24655 -0.968956 -0.0183442
-22.2283 101.196 0.873537 0.266513 -0.963686 -0.0165816
-23.3116 100.9 0.33634 0.281465 -0.959315 -0.0221093
-24.5081 100.541 -0.0319621 0.301048 -0.953209 -0.0275864
-25.5743 100.192 -0.21617 0.32095 -0.946751 -0.0255135
-26.6097 99.8367 -0.395062 0.335147 -0.941662 -0.0307908
-27.7673 99.4167 -0.561426 0.353194 -0.935035 -0.0310247
-28.8005 99.0163 -0.553261 0.367929 -0.929496 -0.0257395
-29.9704 98.5469 -0.67443 0.380861 -0.924293 -0.0249863
-31.1132 98.0639 -0.655592 0.398527 -0.916947 -0.0195972
-32.3007 97.5424 -0.88864 0.412112 -0.910949 -0.018158
-33.3581 97.0633 -1.35766 0.424325 -0.905429 -0.0116287
-34.4252 96.561 -1.90556 0.433767 -0.900902 -0.0148749
-35.3835 96.083 -1.51535 0.444868 -0.895538 -0.00764137
-34.486 96.5225 -1.10444 0.435512 -0.900163 -0.00598229
-33.5219 96.9776 -0.654671 0.420564 -0.907193 -0.0112239
-32.6844 97.3589 -0.0540638 0.409891 -0.912096 -0.0083362
-31.9697 97.6645 0.888314 0.40237 -0.915375 -0.0136153
-31.64 97.7932 2.05613 0.394813 -0.918684 -0.0119626
-31.4943 97.8436 3.34454 0.395965 -0.91824 -0.00682852
-31.3755 97.8851 4.45958 0.394895 -0.918693 -0.00764317
-31.2628 97.9239 5.8951 0.395391 -0.91849 -0.00645538
-31.2037 97.9469 7.05115 0.39674 -0.917931 -0.000547065
-30.969 98.0498 8.1184 0.393652 -0.919236 0.00661403
-30.1545 98.3992 8.94689 0.387033 -0.922053 0.00476245
-29.1113 98.8306 9.35975 0.374983 -0.927002 0.00718786
-28.5339 99.0637 9.49747 0.371891 -0.928266 0.0045283
-28.6724 99.0249 10.5848 0.367874 -0.929616 0.0219934
-27.5192 99.4773 10.6241 0.363057 -0.931655 0.0144668
-26.3208 99.9262 10.4637 0.337255 -0.941198 0.0201018
-25.1543 100.326 10.2511 0.32875 -0.944129 0.0220219
-24.1087 100.666 9.99684 0.309549 -0.950615 0.0224739
-22.9807 101.009 9.5226 0.292553 -0.955644 0.0338308
-21.9262 101.297 9.06172 0.269923 -0.962575 0.0237688
-20.7928 101.582 8.37275 0.240666 -0.969992 0.0334353
-19.8479 101.777 7.5768 0.227169 -0.973456 0.0277772
-19.1051 101.924 6.75449 0.212346 -0.976924 0.0228425
-18.4766 102.048 5.79638 0.210515 -0.977569 -0.00467772
-18.2807 102.094 4.62634 0.199811 -0.979819 0.00233887
-18.5947 102.04 3.39024 0.197384 -0.980276 -0.00986462
-19.2199 101.923 2.36704 0.217122 -0.975857 -0.0231887
-20.0363 101.754 1.36907 0.236907 -0.971124 -0.0280787
-20.8282 101.577 0.56529 0.25364 -0.966845 -0.0295937
-22.0471 101.277 -0.30344 0.25714 -0.965904 -0.0293984
-23.1003 100.993 -0.758179 0.285509 -0.957464 -0.0417023
-24.3285 100.631 -1.13876 0.301952 -0.952351 -0.0430432
-25.4468 100.273 -1.30774 0.325854 -0.944244 -0.0471272
-26.6885 99.8477 -1.52583 0.3424 -0.938677 -0.0405502
-27.7507 99.462 -1.62627 0.349085 -0.936126 -0.0423449
-29.037 98.9631 -1.6529 0.373525 -0.926684 -0.0407743
-30.1508 98.5089 -1.77923 0.38103 -0.923855 -0.0361691
-31.2337 98.0484 -1.75082 0.395002 -0.917861 -0.0387821
-32.1891 97.6233 -2.0874 0.421511 -0.90648 -0.0248993
-33.3246 97.1072 -2.71139 0.427474 -0.903601 -0.0277513
-34.2965 96.6445 -2.99086 0.437437 -0.898864 -0.0262652
-35.4053 96.0941 -2.81622 0.448794 -0.89326 -0.0257396
-36.2438 95.6606 -2.20088 0.45067 -0.892644 -0.00909111
-36.5777 95.483 -1.17466 0.45182 -0.892099 -0.00401605
-35.8555 95.8461 -0.33447 0.449718 -0.893157 0.00267121
-34.8834 96.3306 -0.0930093 0.432297 -0.901604 0.0151671
-33.8562 96.8183 0.382947 0.417283 -0.908768 0.00352997
-33.0502 97.1879 1.06655 0.403353 -0.914967 0.00363729
-32.6118 97.3696 2.1704 0.402296 -0.915412 -0.0133822
-32.5091 97.4018 3.3197 0.405283 -0.914157 -0.00794536
-32.3714 97.4509 4.5757 0.402437 -0.915399 -0.0094394
-32.2773 97.4847 5.70621 0.400734 -0.916186 -0.00386928
-32.2775 97.4813 6.83775 0.400705 -0.916204 -0.000791469
-32.1394 97.546 8.11273 0.399858 -0.916551 0.00683524
-31.6468 97.7666 9.14244 0.394663 -0.91874 0.0125323
-30.6546 98.2006 9.94884 0.389781 -0.9208 0.0140728
-29.5153 98.6813 10.3549 0.378793 -0.925229 0.0207857
-28.9201 98.9255 10.5269 0.368914 -0.929214 0.0214751
