-25.5534 101.407 4.77615 0.324796 -0.945773 -0.00432657
-26.3962 101.118 3.92138 0.33347 -0.942695 -0.00939664
-27.6938 100.643 3.98156 0.346974 -0.937841 -0.00744033
-26.4812 101.08 5.21291 0.33868 -0.940895 -0.00192563
-26.0051 101.25 5.6702 0.329957 -0.943978 -0.000728889
-27.4051 100.746 5.51058 0.344051 -0.93895 -0.00052054
-27.7679 100.611 5.15463 0.348927 -0.93715 0.000800985
-25.6173 101.392 3.72333 0.328354 -0.944495 -0.0105514
-24.9891 101.6 4.58228 0.31819 -0.948016 -0.00423596
-25.0965 101.561 5.58882 0.319286 -0.947652 0.000479881
-25.9418 101.272 6.27075 0.332443 -0.943118 0.000824226
-27.177 100.83 6.40572 0.34371 -0.939064 0.00397111
-28.0967 100.486 5.88041 0.358418 -0.933558 0.000152131
-28.4796 100.344 4.64111 0.358705 -0.933441 -0.00436113
-28.0669 100.508 3.55673 0.353712 -0.93529 -0.0108514
-26.8944 100.944 3.12025 0.340635 -0.940128 -0.0112597
-25.8335 101.319 3.56145 0.327901 -0.944643 -0.0113801
-25.4463 101.465 2.59416 0.325014 -0.945534 -0.0179784
-26.6313 101.056 2.09057 0.335864 -0.941768 -0.0160787
-28.0582 100.531 2.2547 0.348057 -0.937308 -0.0175796
-28.8974 100.196 2.96928 0.361058 -0.932436 -0.0135921
-29.3968 99.9914 3.93061 0.364483 -0.931156 -0.00995223
-29.4604 99.9588 4.98624 0.368683 -0.929541 -0.00506474
-29.1716 100.067 6.0418 0.369089 -0.929382 -0.00454081
-28.593 100.296 6.90797 0.363803 -0.931453 0.00354341
-27.5535 100.698 7.41634 0.350359 -0.93659 0.00621494
-26.4457 101.104 7.46863 0.335835 -0.941856 0.0104717
-25.4212 101.461 7.1798 0.321994 -0.94664 0.0133777
-24.5542 101.746 6.53152 0.314333 -0.949277 0.00725543
-23.9041 101.955 5.55403 0.304487 -0.952494 0.00171836
-23.9201 101.951 4.5097 0.301503 -0.953455 -0.00435495
-24.5949 101.743 3.26686 0.311418 -0.950211 -0.0107043
-25.259 101.527 2.70339 0.323094 -0.946202 -0.0175793
-24.7525 101.717 1.79374 0.322201 -0.946301 -0.0264526
-23.825 102.01 2.55543 0.313972 -0.949152 -0.0230778
-23.1838 102.198 3.508 0.301739 -0.953282 -0.0143904
-22.7779 102.306 4.78562 0.28657 -0.958056 -0.00255067
-22.914 102.266 5.94965 0.294399 -0.955674 0.00344477
-23.5736 102.068 7.00455 0.29375 -0.955798 0.0126427
-24.4376 101.803 7.83418 0.313802 -0.949287 0.0194864
-25.3736 101.497 8.27116 0.330082 -0.94367 0.0223586
-26.43 101.129 8.56539 0.332253 -0.94301 0.0184446
-27.4888 100.734 8.49426 0.35826 -0.933521 0.0133747
-28.4648 100.353 8.2783 0.364078 -0.931345 0.00652392
-29.2948 100.02 7.68931 0.371592 -0.928387 0.00363542
-30.0191 99.7239 6.71157 0.381103 -0.924515 0.0054816
-30.3481 99.5962 5.64062 0.37965 -0.92509 -0.00685609
-30.5257 99.5337 4.55263 0.375859 -0.926591 -0.0124686
-30.2489 99.6579 3.35516 0.372829 -0.927823 -0.0117774
-29.7469 99.8748 2.42071 0.37441 -0.927105 -0.0171334
-28.9387 100.212 1.53032 0.358725 -0.933117 -0.0238215
-28.0015 100.576 1.11935 0.348905 -0.936835 -0.0242364
-26.9802 100.956 0.996951 0.344645 -0.938288 -0.0282313
-25.9687 101.314 1.15387 0.33067 -0.943397 -0.0256721
-25.0033 101.636 1.65674 0.322349 -0.946292 -0.0248774
