-8.31058 6.48502 -1.8723 -0.131017 0.991331 -0.00178174
-8.60804 6.44118 -1.05737 -0.133407 0.991047 0.0052829
-8.95732 6.39747 -0.202361 -0.141882 0.989828 -0.00389783
-8.70696 6.42583 0.712826 -0.127721 0.991805 0.00311053
-8.65371 6.42917 1.76819 -0.130499 0.991442 0.00357825
-8.82528 6.40503 2.7806 -0.130076 0.991504 -4.68573e-05
-8.68314 6.42225 3.7201 -0.131951 0.991255 0.000745419
-8.54152 6.44687 4.75048 -0.130163 0.991458 -0.00819741
-8.53794 6.4509 5.17399 -0.134154 0.990939 -0.00640009
-9.30524 6.34327 5.22477 -0.146913 0.989135 -0.0042514
-9.33296 6.33403 4.44138 -0.147492 0.989028 -0.00801241
-9.44162 6.31279 3.65164 -0.145824 0.989301 0.00206137
-9.55027 6.30156 2.7349 -0.142196 0.989828 0.00449387
-9.36604 6.3315 1.65879 -0.142027 0.98985 0.00296697
-9.40744 6.32873 0.871337 -0.141343 0.989959 0.0016863
-9.65985 6.29196 0.00891309 -0.152629 0.988267 -0.00505561
-9.4423 6.32132 -1.0262 -0.153867 0.988091 -0.00114467
-9.02402 6.38367 -2.01219 -0.14059 0.990066 -0.00159179
-9.00292 6.38447 -3.00005 -0.142833 0.989742 -0.00314138
-9.2374 6.35316 -4.19597 -0.142527 0.989758 0.0077227
-9.24506 6.36066 -5.15988 -0.147722 0.988995 0.00820467
-9.22032 6.3656 -5.30521 -0.147892 0.988965 0.00869223
-10.0332 6.24056 -5.09687 -0.15144 0.988451 0.0053773
-10.2939 6.19226 -4.3395 -0.161687 0.98682 0.00656081
-9.97224 6.23958 -3.46046 -0.157992 0.987416 0.00689076
-9.95222 6.24096 -2.56061 -0.157498 0.987519 1.65357e-06
-9.95694 6.24076 -1.55649 -0.157781 0.987474 0.000528906
-10.3447 6.17924 -0.733626 -0.172445 0.984998 -0.0064529
-10.3014 6.1893 0.20922 -0.160596 0.987019 0.00167975
-10.178 6.2074 1.00515 -0.159706 0.987162 0.00236744
-10.1896 6.20495 1.86502 -0.156938 0.987606 0.00192117
-10.2578 6.19153 2.72962 -0.157539 0.987507 0.00337958
-10.2047 6.19482 3.86209 -0.162831 0.986621 -0.00122097
-10.2454 6.19627 4.71635 -0.157779 0.987423 -0.00743049
-10.1745 6.20859 5.27446 -0.163437 0.986553 0.000363757
-10.95 6.07548 4.97233 -0.17187 0.985115 -0.00304744
-10.9534 6.07134 4.04706 -0.177358 0.984106 -0.00646221
-10.9534 6.07151 3.24366 -0.18083 0.983513 0.00123468
-10.9534 6.07764 2.12598 -0.170068 0.985425 0.00362697
-10.9481 6.07714 1.29853 -0.177242 0.984155 -0.00489771
-10.9534 6.07339 0.342112 -0.175667 0.984447 -0.000509126
-10.9534 6.07178 -0.730449 -0.177835 0.98405 -0.00396813
-10.9534 6.07073 -1.55394 -0.173297 0.984869 0.00119172
-10.9534 6.07199 -2.46548 -0.175254 0.984523 9.27177e-05
-10.9534 6.07608 -3.31647 -0.177836 0.984045 0.00538214
-10.9534 6.08231 -4.38156 -0.178042 0.984013 0.00422156
-10.9534 6.08667 -5.09602 -0.177048 0.984183 0.00428554
-11.6606 5.95586 -5.2873 -0.193424 0.981083 0.00586785
-11.7541 5.93355 -4.40227 -0.1952 0.980757 0.00366817
-11.6814 5.9436 -3.45603 -0.190087 0.981752 0.00538757
-11.6195 5.9507 -2.5259 -0.189908 0.981796 0.00323302
-11.7904 5.91789 -1.69786 -0.187574 0.982247 -0.00254436
-11.7075 5.93529 -0.629558 -0.182177 0.983258 -0.00352256
-11.7045 5.93796 0.210976 -0.180258 0.983615 -0.00259057
-11.595 5.9593 1.27123 -0.180866 0.983503 -0.00048084
-11.6584 5.94707 2.22783 -0.188256 0.982118 0.00199396
-11.7946 5.91375 3.30265 -0.186895 0.982358 0.00220656
-11.8044 5.91405 4.2231 -0.184608 0.982809 -0.00181545
-11.6907 5.94063 5.02477 -0.189991 0.981779 -0.00364775
-11.6281 5.95332 5.22041 -0.188626 0.982046 -0.0023124
-12.3833 5.80165 5.08594 -0.204167 0.978926 -0.00413682
-12.5519 5.76431 4.19612 -0.20135 0.979515 -0.000508781
-12.5584 5.76404 3.37155 -0.204717 0.978796 0.00529316
-12.3918 5.80301 2.57527 -0.194724 0.980848 0.00446713
-12.2385 5.83356 1.75367 -0.198432 0.980114 -0.000734096
-12.3458 5.81235 0.755149 -0.1995 0.979897 0.00088585
-12.4375 5.79276 -0.269786 -0.196924 0.980419 -0.000525391
-12.5363 5.7704 -1.18699 -0.20194 0.979389 -0.00403885
-12.5055 5.77549 -2.06941 -0.202963 0.979186 0.000257742
-12.3151 5.81771 -2.89269 -0.189995 0.981771 0.00523766
-12.4618 5.79212 -3.86736 -0.193601 0.98108 0.00053834
-12.4777 5.78877 -4.83351 -0.198362 0.980127 -0.0018814
-12.4504 5.79334 -5.18626 -0.20114 0.979548 0.00198807
-13.1839 5.63782 -5.11379 -0.21055 0.977574 -0.00405663
-13.1782 5.64312 -4.0095 -0.216304 0.976323 -0.00194332
-13.0923 5.65335 -2.85152 -0.213417 0.976922 0.00722766
-13.2073 5.62465 -1.92751 -0.216187 0.976342 -0.000576683
-13.2436 5.6202 -1.0754 -0.213794 0.976873 -0.00330136
-13.151 5.64022 -0.282696 -0.218391 0.975856 0.00308187
-13.0191 5.6707 0.746412 -0.215552 0.976487 -0.000907366
-12.9077 5.69526 1.64303 -0.210454 0.977597 -0.00349511
-13.0962 5.65582 2.60915 -0.215476 0.976504 0.00321904
-13.267 5.61451 3.46514 -0.212357 0.977157 0.00663153
-13.2297 5.61899 4.3495 -0.215446 0.976516 0.00014645
-13.1147 5.64528 5.02408 -0.215499 0.976501 -0.00259828
-13.9527 5.46217 -3.28232 -0.232714 0.972534 0.00472107
-13.9889 5.45755 -3.94282 -0.231733 0.972752 0.00679963
-14.0451 5.44583 -4.56715 -0.231988 0.972716 -0.00205537
-14.0657 5.43912 -5.25122 -0.22822 0.973607 0.00142322
-13.7387 5.51807 -5.82342 -0.221586 0.975119 0.00420613
-13.069 5.66687 -5.88483 -0.213259 0.976974 0.00520116
-12.1302 5.86513 -5.91095 -0.203018 0.979137 0.00808116
-11.2339 6.03823 -5.90773 -0.177427 0.984104 0.00731505
-10.643 6.1418 -5.90062 -0.170141 0.985413 0.000131893
-9.86904 6.26903 -5.90842 -0.155287 0.987847 0.00596903
-9.18196 6.37595 -5.88606 -0.149917 0.988667 0.00764771
-8.46339 6.48036 -5.86805 -0.136207 0.990592 0.0128353
-7.59414 6.58767 -5.65361 -0.119108 0.992725 0.0152445
-7.51611 6.59219 -4.93782 -0.116433 0.993164 0.00805086
-7.57401 6.57853 -4.13569 -0.114758 0.993359 0.00822719
-7.58159 6.57182 -3.50322 -0.129753 0.991509 0.00258481
-7.6381 6.56536 -2.85218 -0.122331 0.992489 -0.000159392
-7.71352 6.55714 -2.01471 -0.119953 0.992779 -0.0013977
-7.80711 6.54478 -1.14432 -0.120813 0.992666 0.00420284
-7.80045 6.54286 -0.480782 -0.119272 0.992858 0.00277946
-7.78425 6.54306 0.295073 -0.119396 0.992845 0.0017
-7.7813 6.54435 0.904534 -0.125729 0.992064 0.00111142
-7.77386 6.54444 1.50765 -0.128065 0.991763 0.00255611
-7.7719 6.54245 2.24133 -0.125725 0.992061 0.00279926
-7.75663 6.54395 2.83373 -0.121922 0.992537 0.00239948
-7.73966 6.54534 3.44619 -0.127057 0.991888 0.000157629
-7.69781 6.5516 4.19675 -0.121559 0.99258 -0.00267566
-7.6804 6.55737 4.78962 -0.12277 0.992415 -0.00636438
-7.74541 6.55327 5.51168 -0.118433 0.992952 -0.0045333
-8.5046 6.45914 5.84266 -0.127391 0.991849 -0.00256722
-9.10965 6.37377 5.84754 -0.14352 0.989596 -0.0100692
-9.72593 6.28357 5.84563 -0.153898 0.988002 -0.0104266
-10.3494 6.18224 5.86789 -0.161485 0.986807 -0.0115955
-10.9717 6.07599 5.85108 -0.17346 0.984798 -0.00923357
-11.6113 5.959 5.86486 -0.18957 0.981828 -0.00777183
-12.1979 5.84202 5.85286 -0.195379 0.980716 -0.00346447
-13.1037 5.64954 5.81757 -0.21106 0.977468 -0.00121355
-13.6774 5.51976 5.73849 -0.228259 0.973592 -0.00380834
-13.9372 5.45777 5.03805 -0.227345 0.973812 -0.000998773
-13.9637 5.45275 4.30656 -0.225893 0.974151 0.000636093
-14.0244 5.44368 3.50985 -0.227997 0.973636 0.0070015
-14.039 5.4424 2.77332 -0.22929 0.973357 -0.00150394
-14.0024 5.44916 2.01527 -0.229683 0.973259 -0.00344033
-13.9462 5.45981 1.32146 -0.228877 0.973449 -0.00363426
-13.8926 5.4706 0.631158 -0.228066 0.973643 -0.00229604
-13.8489 5.48037 -0.142054 -0.228811 0.973468 0.0023486
-13.8643 5.47785 -0.798815 -0.228932 0.973441 0.000196365
-13.9082 5.4667 -1.75879 -0.229858 0.973223 -0.00107104
-13.9313 5.46292 -2.48022 -0.229704 0.973247 0.00483793
-13.9422 5.46122 -2.67983 -0.231521 0.972817 0.00496535
-14.5114 5.32492 -2.65995 -0.235113 0.971958 0.0043534
-14.5186 5.32598 -3.33167 -0.237215 0.97145 0.00370862
-14.5667 5.31797 -4.0495 -0.237973 0.971261 0.00438154
-14.6191 5.30738 -4.64995 -0.236804 0.971554 0.00203164
-14.6484 5.30225 -5.49402 -0.233121 0.972443 0.00277728
-14.5022 5.34277 -6.36842 -0.230897 0.972906 0.011846
-13.7805 5.51329 -6.45091 -0.222315 0.974898 0.0115421
-13.0043 5.68672 -6.48587 -0.211247 0.977369 0.00972073
-12.4094 5.81192 -6.48615 -0.202766 0.979192 0.00725731
-11.7347 5.94866 -6.48266 -0.195195 0.980719 0.00849534
-11.1064 6.06472 -6.47254 -0.17683 0.984213 0.00741465
-10.2427 6.21467 -6.48091 -0.165807 0.986126 0.00781611
-9.59483 6.31843 -6.48048 -0.154618 0.987913 0.0109804
-8.72092 6.452 -6.44393 -0.143867 0.989494 0.0131756
-8.13125 6.53414 -6.45315 -0.135854 0.990617 0.014817
-7.43927 6.62551 -6.43533 -0.125363 0.991911 0.0186279
-6.93614 6.67035 -5.95288 -0.10184 0.994692 0.0146897
-6.92966 6.6634 -5.29918 -0.110962 0.993779 0.00871576
-6.95413 6.65331 -4.52556 -0.11459 0.993375 0.00858981
-6.98709 6.64193 -3.68314 -0.112877 0.993583 0.00444082
-7.04713 6.63569 -3.07759 -0.115182 0.993344 -0.000500951
-7.11431 6.62821 -2.2539 -0.116568 0.993182 -0.000852394
-7.20652 6.61691 -1.36658 -0.113576 0.993519 0.00438477
-7.25564 6.60799 -0.745289 -0.113307 0.993549 0.00456884
-7.21778 6.61085 -0.142368 -0.113434 0.993545 0.000463468
-7.21043 6.61037 0.733361 -0.106116 0.99435 0.00246226
-7.19976 6.60994 1.58525 -0.110331 0.993893 -0.000163879
-7.19608 6.61138 2.35073 -0.112306 0.993671 -0.001928
-7.15037 6.61741 3.02992 -0.120501 0.992711 0.00164927
-7.12771 6.62017 3.75581 -0.119825 0.992793 -0.00157913
-7.11317 6.62443 4.54948 -0.12032 0.992716 -0.00569156
-7.12004 6.62653 5.32499 -0.115948 0.993253 -0.00224133
-7.16596 6.62254 5.93864 -0.114397 0.993429 -0.00344971
-7.50187 6.58493 6.36713 -0.117607 0.993057 -0.00259332
-8.27047 6.49055 6.44728 -0.127185 0.991877 -0.00175303
-8.92993 6.40516 6.44364 -0.135893 0.990681 -0.00424578
-9.79441 6.27874 6.4384 -0.146297 0.989197 -0.00930995
-10.6087 6.14602 6.44337 -0.166681 0.985931 -0.0119323
-11.2355 6.03354 6.44274 -0.179335 0.983762 -0.00658895
-11.9054 5.90468 6.44484 -0.197233 0.980331 -0.00697546
-12.8177 5.71493 6.43568 -0.207748 0.978134 -0.00963229
-13.3971 5.58809 6.40516 -0.221982 0.975015 -0.00837119
-14.2442 5.38798 6.30834 -0.234787 0.972027 -0.0059014
-14.4827 5.32809 5.43413 -0.236534 0.971623 -0.000730737
-14.5174 5.3203 4.50264 -0.234817 0.97203 0.00304581
-14.5713 5.31151 3.78206 -0.233556 0.972318 0.00692307
-14.6157 5.30495 3.18485 -0.237488 0.971374 0.00424979
-14.6016 5.30881 2.57919 -0.231678 0.972788 -0.00277147
-14.5448 5.32004 1.87647 -0.232144 0.972675 -0.00349093
-14.4937 5.32859 1.20836 -0.233186 0.972417 -0.00521061
-14.4451 5.33914 0.478449 -0.232463 0.972602 -0.00202615
-14.427 5.34358 -0.121565 -0.23757 0.971334 -0.000883757
-14.4375 5.34065 -0.827665 -0.236064 0.971737 -0.00020053
-14.4652 5.33395 -1.57473 -0.23554 0.971864 0.000799571
-14.4882 5.32955 -2.4445 -0.235634 0.971836 0.00256199
-15.07 5.18718 -2.46861 -0.240801 0.970568 0.00254854
-15.0417 5.19268 -1.81252 -0.240015 0.970768 0.00076586
-15.0459 5.1904 -0.931884 -0.241651 0.970361 0.00167932
-14.9898 5.20138 -0.203083 -0.250125 0.968204 0.00318572
-15.0004 5.19866 0.396617 -0.251535 0.967801 -0.00953143
-15.072 5.18798 1.19874 -0.243793 0.969772 -0.0048257
-15.141 5.17521 2.04225 -0.239559 0.970874 -0.00371724
-15.2346 5.15154 2.8689 -0.242854 0.97006 -0.00109296
-15.1371 5.1741 3.73738 -0.239339 0.97092 0.00555223
-15.0932 5.17907 4.54088 -0.242072 0.97024 0.00598601
-15.0556 5.1881 5.14977 -0.241818 0.970321 -0.00123996
-15.0392 5.19256 6.02261 -0.239691 0.970848 -0.00177354
-14.8766 5.23574 6.82361 -0.245658 0.969352 -0.00298953
-14.1931 5.40988 7.02685 -0.237865 0.971051 -0.0219328
-13.3975 5.59595 7.00588 -0.220508 0.975214 -0.0176032
-12.7013 5.74757 7.02462 -0.210619 0.977427 -0.0166023
-11.9416 5.90634 7.03839 -0.197316 0.980155 -0.0190405
-11.2965 6.03432 7.04049 -0.190603 0.981396 -0.0221523
-10.4 6.19606 7.07916 -0.155388 0.987483 -0.0260014
-9.77549 6.2884 7.04681 -0.145201 0.989278 -0.0153871
-9.16334 6.37844 7.02804 -0.137233 0.99044 -0.0119846
-8.34728 6.4841 7.04618 -0.123695 0.992299 -0.00641599
-7.6392 6.57082 6.99076 -0.119751 0.992795 -0.00394133
-6.96081 6.64992 7.01019 -0.109336 0.993997 -0.00336386
-6.52554 6.69605 6.47482 -0.108122 0.99413 -0.00367575
-6.50732 6.69627 5.69468 -0.105213 0.994448 -0.00127301
-6.54927 6.69075 5.09638 -0.110842 0.993836 -0.000865357
-6.46464 6.69712 4.43148 -0.110172 0.993902 -0.00379642
-6.55113 6.68687 3.74662 -0.111071 0.993812 -0.000980912
-6.57241 6.68284 2.9065 -0.109785 0.993953 -0.00232489
-6.61759 6.67576 2.19836 -0.10995 0.99393 -0.00371099
-6.63683 6.67183 1.49814 -0.106611 0.994297 -0.00272283
-6.66897 6.66711 0.618676 -0.101277 0.994853 0.00311781
-6.65484 6.67242 -0.178383 -0.103535 0.994619 0.0030731
-6.66702 6.67384 -0.859004 -0.108184 0.994116 0.0051497
-6.58258 6.68541 -1.51184 -0.101659 0.994811 0.0021623
-6.54608 6.69095 -2.12536 -0.0985482 0.995116 0.00548333
-6.48455 6.69978 -2.95862 -0.110546 0.993869 -0.000185468
-6.41691 6.70722 -3.79519 -0.112935 0.993577 0.00431746
-6.38749 6.71783 -4.65661 -0.109448 0.993966 0.00724747
-6.3403 6.7263 -5.53101 -0.102376 0.994742 0.00277099
-6.31887 6.73603 -6.17929 -0.0964616 0.995264 0.0117824
-6.69036 6.71321 -7.01114 -0.0921484 0.995526 0.0205061
-7.37311 6.64783 -7.0295 -0.11159 0.993328 0.027614
-8.33684 6.51675 -7.07098 -0.140184 0.989883 0.0215646
-8.95009 6.42592 -7.05636 -0.150952 0.988442 0.0138686
-9.61768 6.32185 -7.07878 -0.155499 0.98776 0.0122414
-10.2901 6.21437 -7.06861 -0.163416 0.986379 0.0186976
-10.9903 6.09355 -7.03124 -0.174578 0.984495 0.0170711
-11.9117 5.92265 -7.05666 -0.192636 0.981081 0.0168449
-12.6693 5.76561 -7.07053 -0.20734 0.978124 0.0168122
-13.4502 5.59533 -7.06015 -0.216469 0.976156 0.0160096
-14.2395 5.41492 -7.07744 -0.233322 0.972275 0.0146037
-14.8691 5.26 -7.0281 -0.238668 0.971022 0.0123731
-15.2457 5.15962 -6.47124 -0.247439 0.968824 0.0122173
-15.2139 5.16393 -5.66306 -0.243001 0.970019 0.000372473
-15.1702 5.17182 -4.75159 -0.240463 0.970653 0.00313224
-15.1301 5.17792 -4.15021 -0.249169 0.968439 0.00587134
-15.0913 5.18468 -3.53347 -0.242252 0.970203 0.00376999
-15.133 5.17156 -2.8567 -0.245069 0.969497 0.00255999
-15.0772 5.18571 -2.594 -0.241709 0.970343 0.00145121
