7.97394 10.9963 -2.82313 0.227646 0.973701 0.00909965
7.88284 11.0084 -1.8411 0.204198 0.978904 -0.00125111
7.7664 10.9997 -0.693315 0.191069 0.980443 0.0452078
7.74292 10.9923 0.305099 0.176469 0.984252 0.00905542
7.76331 10.98 1.30701 0.182544 0.983192 -0.0011121
7.82628 10.9736 2.42488 0.192151 0.981346 -0.00611728
7.88153 10.9719 3.13993 0.193641 0.98094 -0.0161201
7.00747 11.1153 3.32984 0.150431 0.98861 -0.00450087
6.88813 11.1281 2.21164 0.147895 0.988987 -0.00215321
6.84101 11.1291 1.22006 0.146739 0.989115 0.00172233
6.81129 11.1555 -0.0386427 0.145762 0.98921 0.0143758
6.88881 11.1679 -1.00297 0.130747 0.99066 0.0385125
7.00364 11.1713 -1.99744 0.130964 0.991373 -0.00489077
7.09675 11.1632 -3.21474 0.165443 0.985946 0.0228569
7.1078 11.1699 -3.56534 0.146065 0.989104 0.018316
6.18484 11.2948 -3.40302 0.102057 0.994691 0.0132053
6.1027 11.285 -2.19908 0.100161 0.994779 0.0195745
5.97911 11.2743 -0.978992 0.100155 0.99484 0.0160457
5.88344 11.2787 0.066064 0.120204 0.992651 0.00554988
5.91039 11.2567 1.21567 0.129863 0.991412 0.00738444
5.97594 11.2538 2.33132 0.115735 0.993247 -0.00688695
6.10185 11.2428 3.47598 0.1116 0.993748 0.00307883
6.10481 11.242 3.60249 0.114857 0.993338 0.00781533
5.16254 11.3371 3.63742 0.0905157 0.995879 0.0051711
5.0585 11.3436 2.6538 0.086792 0.996208 -0.00470943
4.99378 11.3494 1.68953 0.0885074 0.996043 -0.00790042
4.95169 11.351 0.54301 0.0723479 0.997361 0.00599888
4.98415 11.3542 -0.435206 0.0734426 0.997273 0.00715771
5.11322 11.3579 -1.49191 0.0747831 0.997091 0.0147244
5.18305 11.3661 -2.45475 0.0716316 0.997303 0.0158558
5.26211 11.38 -3.57436 0.0658398 0.99777 0.00847096
4.32553 11.4303 -3.57657 0.0368096 0.9993 0.00666558
4.28268 11.4261 -2.55688 0.0430825 0.999056 0.00430423
4.17802 11.4194 -1.3851 0.0512843 0.998666 0.00584384
4.05256 11.4161 -0.191154 0.0493177 0.998747 0.00825124
4.03813 11.4105 0.968183 0.0596059 0.998212 0.0036823
4.07154 11.4116 1.9319 0.0467015 0.99889 -0.00356241
4.14469 11.4127 2.93884 0.0592825 0.998184 -0.0102927
4.21433 11.4165 3.65273 0.0600581 0.997957 0.0128233
3.28349 11.4564 3.50826 0.0313103 0.99949 0.00579268
3.19136 11.4571 2.54727 0.0495957 0.998725 -0.00941986
3.10184 11.4541 1.44308 0.0415958 0.999125 0.00178658
3.08932 11.455 0.239816 0.0297126 0.999546 0.00383034
3.17364 11.4568 -0.802525 0.0263772 0.999639 0.00353942
3.28288 11.4545 -1.92749 0.0196958 0.999802 0.00280037
3.36697 11.457 -3.01736 0.0282948 0.999581 0.00591005
3.39824 11.459 -3.51715 0.0278248 0.999568 0.00868563
2.47614 11.4763 -3.54795 0.00923751 0.99991 0.00961859
2.39466 11.4693 -2.23565 0.0103412 0.999933 0.000872501
2.25817 11.4709 -1.20437 0.00606055 0.999968 -0.00509999
2.186 11.4731 -0.216883 0.0163691 0.99986 0.00350719
2.15519 11.4742 0.799276 0.00755257 0.999971 0.000521239
2.21621 11.4763 2.03415 0.0079316 0.999962 -0.00350833
2.2901 11.4783 3.0283 0.0114247 0.999931 0.000803686
2.35118 11.4769 3.53529 0.00789281 0.999969 -9.05929e-05
1.40251 11.4774 3.40712 -0.00727334 0.999968 0.00217265
1.2931 11.4781 2.39887 -0.00532848 0.999982 -0.00260031
1.23998 11.4747 1.18815 -0.0012737 0.999999 -9.25494e-05
1.24258 11.4756 0.212579 -0.00297673 0.999993 0.00199749
1.29764 11.4753 -0.93729 -0.00391788 0.999977 -0.00560355
1.44106 11.4714 -2.1401 -0.00127208 0.999994 0.00206369
1.53691 11.4798 -3.33376 0.00186657 0.999962 0.0085063
1.54564 11.4813 -3.52012 0.0016011 0.999967 0.00798345
0.628997 11.4763 -3.61613 -0.0162467 0.999864 0.00127436
0.545211 11.4685 -2.48629 -0.0181874 0.999822 0.00362607
0.445332 11.4673 -1.51127 -0.0203935 0.999785 0.00365245
0.310962 11.463 -0.407704 -0.0226949 0.99974 0.00199239
0.27913 11.4679 0.578626 -0.0222798 0.999748 -0.000858701
0.335158 11.4644 1.80005 -0.0186503 0.999814 0.00366965
0.371994 11.4636 2.7601 -0.0159118 0.999873 0.000694469
0.45114 11.4652 3.28607 -0.0196688 0.999804 -0.00174653
-0.446533 11.4431 3.5315 -0.0317944 0.999487 -0.000227275
-0.584402 11.4401 2.52035 -0.0344585 0.999406 0.00101302
-0.632267 11.4409 1.4647 -0.0274798 0.999618 0.00109487
-0.640799 11.4407 0.46139 -0.0327545 0.999463 -6.56134e-05
-0.605551 11.4405 -0.704119 -0.031484 0.999504 0.000284046
-0.479971 11.4466 -1.76597 -0.0305477 0.99952 0.00211951
-0.350247 11.4487 -2.8049 -0.0330735 0.999452 0.000238058
-0.292788 11.4505 -3.41486 -0.0298367 0.999548 0.00379852
-1.22103 11.419 -3.44919 -0.0370528 0.999309 0.00178538
-1.2896 11.4167 -2.49319 -0.0389686 0.99924 9.37512e-05
-1.48777 11.41 -1.23858 -0.0398682 0.999204 0.000844766
-1.54577 11.406 -0.186124 -0.0369262 0.999316 -1.70932e-05
-1.5727 11.4077 0.825368 -0.0405503 0.999171 -0.00352008
-1.52736 11.4081 2.02484 -0.0381995 0.999267 0.00237923
-1.46077 11.409 2.98133 -0.0359101 0.999353 0.00194566
-1.41442 11.4099 3.44513 -0.03863 0.999252 -0.00146931
-2.31541 11.3706 3.57852 -0.0446683 0.999001 0.000285253
-2.39609 11.3686 2.61673 -0.0464421 0.998918 0.00259187
-2.52386 11.3668 1.51494 -0.048012 0.99884 0.00341458
-2.48798 11.3669 0.284534 -0.0447888 0.998978 -0.00570572
-2.46953 11.3673 -0.883078 -0.0495294 0.99877 0.00154674
-2.35394 11.3717 -1.83927 -0.0470208 0.998892 -0.00175383
-2.21981 11.3804 -2.84031 -0.0404308 0.999182 0.000247411
-2.13507 11.3837 -3.64518 -0.0409396 0.999159 0.00156878
-3.09823 11.3408 -3.49899 -0.0470615 0.998882 0.00446727
-3.20028 11.3321 -2.51722 -0.0508728 0.9987 0.00309785
-3.33842 11.3227 -1.57277 -0.0526577 0.998612 0.000816296
-3.39422 11.3197 -0.606162 -0.0528617 0.998602 0.000371593
-3.43382 11.3214 0.469347 -0.0519989 0.998634 -0.00471602
-3.46001 11.3197 1.49284 -0.0520337 0.998629 0.00562829
-3.3496 11.3217 2.49821 -0.050721 0.99871 0.00174024
-3.24482 11.3251 3.52554 -0.0512163 0.998686 0.00160676
-3.2339 11.3256 3.63897 -0.0521506 0.998639 0.000864992
-4.16407 11.2756 3.43063 -0.0554852 0.998452 0.00386301
-4.31762 11.2694 2.27623 -0.0572836 0.998357 0.00130662
-4.36117 11.2681 1.28235 -0.0608225 0.998145 0.00241094
-4.28466 11.2715 -0.0903512 -0.0600854 0.99819 -0.00235102
-4.30831 11.27 -1.27216 -0.059786 0.998206 0.00245438
-4.13681 11.2831 -2.44106 -0.056517 0.998392 0.00402293
-4.01625 11.2973 -3.63606 -0.0513099 0.998659 0.00618102
-4.01617 11.2973 -3.63729 -0.049797 0.998746 0.00513164
-4.9555 11.243 -3.66118 -0.062485 0.998018 0.00742407
-5.05298 11.2314 -2.62004 -0.0632383 0.997985 0.00513421
-5.24408 11.2156 -1.5841 -0.0617072 0.998086 0.0040369
-5.16493 11.2178 -0.23453 -0.0627508 0.998029 -0.000103608
-5.19194 11.2152 0.764409 -0.0636571 0.997968 0.00228484
-5.2916 11.2075 1.87006 -0.0677941 0.997691 0.00340424
-5.08754 11.2197 3.08584 -0.0648889 0.997885 0.00377833
-5.04583 11.2208 3.53487 -0.0649026 0.997876 0.00509451
-5.93713 11.158 3.5121 -0.0722715 0.997382 0.00239204
-6.07271 11.1507 2.37928 -0.0730026 0.997331 0.000571501
-6.14512 11.151 1.27691 -0.0692992 0.99759 0.00219752
-5.99445 11.1632 0.256451 -0.073738 0.997276 0.000680908
-6.18773 11.1533 -1.08615 -0.0701624 0.997533 0.000969521
-6.01519 11.1683 -2.38375 -0.0690076 0.997603 0.00292154
-5.94421 11.1757 -3.35222 -0.0700842 0.997525 0.00500709
-5.9361 11.1769 -3.43391 -0.0701865 0.997495 0.0086495
-6.91852 11.1009 -3.54946 -0.0881125 0.9961 0.00403014
-6.94421 11.0988 -2.57226 -0.0817258 0.996633 0.00158062
-7.14261 11.0803 -1.21883 -0.0805477 0.99675 -0.000310298
-6.86973 11.098 -0.0161097 -0.0779069 0.996929 0.00753617
-6.90877 11.0913 1.05853 -0.0809 0.996714 -0.000437185
-6.98752 11.0782 2.10555 -0.0925371 0.995698 0.00443211
-6.82426 11.0911 3.16503 -0.0801221 0.996768 0.00559739
-6.86781 11.086 3.54929 -0.0816463 0.996653 0.00407453
-8.08048 10.9725 3.55807 -0.0990386 0.995083 -0.000927709
-7.81327 10.9989 2.59314 -0.0990132 0.99508 0.00261012
-8.02605 10.9813 1.48129 -0.0996374 0.995012 0.00420083
-7.82675 11.0096 0.348134 -0.103784 0.994491 0.014672
-7.89835 11.0064 -0.633074 -0.106732 0.994287 -0.000548018
-7.98052 10.9985 -1.80252 -0.101138 0.994861 0.0048417
-8.07894 10.9919 -2.80435 -0.105544 0.994408 0.00226817
-8.08917 10.9909 -3.66528 -0.108471 0.994099 0.000309055
-8.96975 10.8881 -3.59628 -0.125865 0.992047 9.54395e-06
-9.00902 10.8827 -2.57688 -0.125671 0.992072 0.000452361
-8.99661 10.8835 -1.57939 -0.118585 0.992926 0.00392501
-8.95419 10.8889 -0.600043 -0.118242 0.992971 -0.00466705
-8.88907 10.8915 0.523626 -0.114555 0.99335 0.0113731
-9.01251 10.8705 1.54742 -0.123218 0.992377 0.00028301
-8.98625 10.8712 2.53335 -0.124982 0.99214 0.00618394
-8.98471 10.8693 3.2963 -0.120718 0.992686 -0.00118117
-10.1171 10.7207 3.57074 -0.136907 0.99058 0.00281451
-10.051 10.7335 2.45391 -0.136482 0.990636 0.00146271
-9.939 10.7519 1.44414 -0.134707 0.990866 0.00626577
-9.77994 10.7794 0.437225 -0.133336 0.991048 0.00634286
-9.93867 10.7632 -0.587921 -0.134577 0.990894 -2.78459e-05
-10.0049 10.7542 -1.72911 -0.134511 0.990897 0.00536251
-10.0341 10.7491 -2.69516 -0.139183 0.990266 -4.48898e-05
-10.0786 10.7432 -3.52661 -0.135745 0.990744 -0.000417837
-11.0714 10.5929 -3.54068 -0.153366 0.988159 0.00442982
-10.9854 10.6034 -2.51687 -0.160417 0.987041 0.00390509
-10.9289 10.6159 -1.27145 -0.162382 0.986723 -0.00231414
-10.795 10.6351 -0.130682 -0.154549 0.987981 0.00269513
-10.7588 10.6381 0.908587 -0.153601 0.98813 0.000929298
-10.9663 10.6005 2.02836 -0.159778 0.986976 0.01844
-11.0756 10.5769 3.31671 -0.156501 0.987667 -0.00445027
-11.0766 10.5771 3.39064 -0.152943 0.988185 -0.00928661
-12.0053 10.4231 3.45933 -0.175712 0.984379 -0.0108306
-11.9392 10.433 2.40369 -0.168682 0.985645 0.00707853
-11.7713 10.4722 1.36592 -0.177128 0.984176 0.00114122
-11.7011 10.4871 0.17468 -0.165984 0.986109 0.00554142
-11.8122 10.4631 -0.849408 -0.173876 0.984767 0.000654914
-11.9033 10.4466 -1.909 -0.179729 0.983711 -0.00166287
-11.9823 10.4379 -2.94375 -0.180409 0.983528 0.0108448
-12.0031 10.4388 -3.56573 -0.178237 0.983969 -0.00250011
-12.9242 10.257 -3.52767 -0.205886 0.978559 0.0057717
-12.8913 10.2587 -2.46505 -0.192341 0.981284 0.0086761
-12.7715 10.2806 -1.44744 -0.196477 0.980501 -0.00360577
-12.672 10.3034 -0.361257 -0.196845 0.980434 0.000996621
-12.6732 10.3024 0.707582 -0.197614 0.980279 0.000501456
-12.8076 10.2701 1.91395 -0.200688 0.979599 0.010482
-12.9229 10.2445 3.0881 -0.192516 0.981286 -0.00397892
-12.9154 10.2486 3.50606 -0.192603 0.981262 -0.00540102
-13.8275 10.0625 3.5947 -0.210534 0.977583 -0.00240215
-13.7952 10.0614 2.26695 -0.211693 0.977298 -0.00149984
-13.6726 10.0936 1.31362 -0.213187 0.977002 0.00430706
-13.6027 10.1133 0.214717 -0.196651 0.980388 0.0106056
-13.6373 10.1036 -0.793236 -0.21211 0.977222 -0.00684279
-13.7601 10.0743 -1.905 -0.209105 0.977892 0.00146872
-13.8115 10.0659 -2.91848 -0.213872 0.976856 0.000941289
-13.8369 10.0602 -3.51227 -0.218963 0.975668 0.0110695
-14.7354 9.84938 -3.27024 -0.240216 0.970717 0.00210777
-14.6787 9.86314 -2.20283 -0.237301 0.971428 -0.00393603
-14.5774 9.8915 -1.17118 -0.241344 0.970438 -0.000415093
-14.5087 9.90875 -0.177156 -0.240884 0.970542 -0.004096
-14.5675 9.89306 0.897383 -0.227671 0.973729 0.00301371
-14.6775 9.86186 1.86854 -0.230162 0.973148 0.00200894
-14.7357 9.85038 2.99317 -0.234962 0.97198 -0.0066518
-14.73 9.85377 3.39671 -0.235873 0.97178 -0.0028367
-15.6313 9.63106 3.41304 -0.246688 0.969079 -0.00550077
-15.6095 9.63763 2.25059 -0.240451 0.970647 0.00185899
-15.4961 9.66395 1.05548 -0.239648 0.97085 0.00158197
-15.4188 9.68128 0.0861029 -0.24663 0.969102 -0.00389713
-15.4558 9.67108 -0.911105 -0.242948 0.970037 0.0011364
-15.5665 9.64099 -1.99671 -0.25369 0.96726 -0.00671829
-15.6119 9.62387 -2.96235 -0.255564 0.966789 -0.000858385
-15.6273 9.62154 -3.58469 -0.255462 0.966807 0.00471127
-16.5031 9.38262 -3.62111 -0.27209 0.962254 0.00589328
-16.4956 9.38515 -2.38813 -0.276918 0.960889 -0.0028509
-16.3854 9.42074 -1.21075 -0.278831 0.960336 -0.00258789
-16.3358 9.43506 -0.140281 -0.266036 0.963959 -0.00224556
-16.3805 9.42605 1.09457 -0.274402 0.961606 -0.00400344
-16.5003 9.3958 2.28033 -0.270678 0.962668 9.60371e-05
-16.5229 9.39304 3.47552 -0.268288 0.963331 0.000150231
-17.4007 9.13726 3.4097 -0.288678 0.957383 -0.0089123
-17.3722 9.13648 2.16711 -0.291174 0.956648 -0.00645866
-17.2792 9.16106 0.965837 -0.285315 0.958431 -0.00230591
-17.2391 9.16785 -0.192498 -0.288081 0.957602 -0.00262783
-17.3032 9.14633 -1.41574 -0.290071 0.957004 -0.00135637
-17.3803 9.12573 -2.36738 -0.286273 0.958141 0.00110482
-17.3807 9.12466 -3.58528 -0.28702 0.957917 0.00370482
-17.3814 9.12468 -3.65554 -0.288747 0.957403 0.00207863
-18.2642 8.8489 -3.54126 -0.305814 0.952083 -0.0038639
-18.2677 8.84811 -2.52615 -0.301344 0.953512 0.00266296
-18.2015 8.86987 -1.51016 -0.300114 0.953896 -0.00262947
-18.1433 8.89101 -0.415932 -0.29967 0.954041 -0.00185347
-18.162 8.88743 0.615092 -0.297397 0.954745 -0.00323139
-18.236 8.86741 1.77739 -0.300503 0.953768 -0.00489387
-18.2709 8.86558 2.9523 -0.300288 0.953774 -0.0119527
-18.2987 8.86102 3.2782 -0.300351 0.953747 -0.0124632
-19.1605 8.58014 3.32051 -0.316923 0.948402 -0.00961043
-19.1353 8.57676 2.18354 -0.31725 0.948315 -0.0056025
-19.1034 8.58474 1.14531 -0.317583 0.948225 -0.00127139
-19.0448 8.60256 0.165358 -0.323514 0.946213 -0.00442694
-19.0653 8.58993 -1.02356 -0.323828 0.946097 -0.0058786
-19.1123 8.56845 -2.18529 -0.320111 0.947378 0.00167232
-19.1346 8.56361 -3.17976 -0.323903 0.946084 -0.00309185
-19.1502 8.55681 -3.54436 -0.322462 0.946578 -0.00274203
-20.0118 8.25652 -3.61343 -0.33547 0.942048 -0.00168604
-19.9817 8.2677 -2.57983 -0.329916 0.94401 -0.000903139
-19.9694 8.27575 -1.44637 -0.330804 0.943679 -0.00541022
-19.9324 8.29232 -0.42161 -0.333791 0.942636 -0.00405838
-19.9443 8.29356 0.591408 -0.331336 0.943494 -0.00351448
-20.001 8.27829 1.68473 -0.329185 0.944257 -0.00245875
-20.0279 8.27632 2.69595 -0.333163 0.942836 -0.00784145
-20.0364 8.27943 3.27125 -0.334545 0.942355 -0.0065701
-20.8979 7.9688 3.63127 -0.346206 0.938153 -0.00326618
-20.874 7.97206 2.55247 -0.339825 0.940463 -0.00685374
-20.8515 7.97572 1.41571 -0.339922 0.940438 -0.00461455
-20.8253 7.978 0.430136 -0.340973 0.940063 -0.00407763
-20.8501 7.96328 -0.554676 -0.342806 0.939396 -0.0041028
-20.8642 7.95513 -1.61903 -0.340265 0.940327 -0.00146182
-20.8647 7.95373 -2.86176 -0.337228 0.941421 -0.00218676
-20.8827 7.94522 -3.58719 -0.340933 0.940068 -0.00446671
-21.7627 7.62231 -3.36854 -0.358765 0.933412 -0.00527518
-21.7499 7.62934 -2.36907 -0.355644 0.934621 -0.000574737
-21.7655 7.62617 -1.19802 -0.348244 0.937392 -0.00324105
-21.6943 7.65615 0.117574 -0.347747 0.937585 -0.00256137
-21.714 7.65836 1.1536 -0.347122 0.937773 -0.00910272
-21.7525 7.64726 2.15758 -0.349885 0.936791 -0.00147939
-21.7476 7.65292 3.29136 -0.348687 0.937231 -0.00394636
-22.6441 7.31159 3.59646 -0.367368 0.930067 -0.00396851
-22.6328 7.30988 2.3002 -0.363364 0.931646 -0.00158463
-22.5951 7.32269 1.1955 -0.36236 0.932036 -0.00221946
-22.5816 7.32113 -0.00405893 -0.354665 0.934976 -0.00565314
-22.614 7.30187 -1.05765 -0.359838 0.933002 -0.00482497
-22.6326 7.29149 -2.03535 -0.359735 0.933054 -0.000282371
-22.6351 7.28644 -3.30458 -0.361447 0.932387 -0.00289642
-22.6372 7.28535 -3.57189 -0.359696 0.933067 -0.00112274
-23.4908 6.95396 -3.65977 -0.367322 0.930093 -0.0010929
-23.4947 6.95347 -2.66718 -0.367225 0.930127 -0.00282031
-23.4802 6.96242 -1.51991 -0.369917 0.929063 -0.00170355
-23.4296 6.98624 -0.368686 -0.367654 0.929954 -0.0040922
-23.4443 6.98792 0.919077 -0.370224 0.928934 -0.00253538
-23.494 6.96983 2.06975 -0.368663 0.92956 -0.00176816
-23.502 6.97005 3.13773 -0.368176 0.92975 -0.0033257
-23.5054 6.97006 3.43386 -0.369099 0.929384 -0.00305702
-24.3799 6.61973 3.57904 -0.375744 0.926701 -0.00608415
-24.3681 6.61902 2.574 -0.375986 0.926619 -0.0034326
-24.3365 6.62973 1.57606 -0.375853 0.926676 -0.00234617
-24.301 6.64048 0.50424 -0.375967 0.926628 -0.00312272
-24.3031 6.63582 -0.82311 -0.375388 0.926862 -0.00268094
-24.3299 6.62206 -1.83254 -0.373024 0.927821 0.00095319
-24.363 6.6095 -2.81548 -0.371539 0.92841 -0.0024995
-24.3589 6.60816 -3.57591 -0.37093 0.928651 -0.00393189
9.19026 10.6828 0.459196 0.239634 0.970857 0.00303667
9.12481 10.7081 -0.756293 0.235465 0.971775 0.0137509
9.04999 10.7423 -1.91447 0.263973 0.964493 0.00835462
9.02744 10.7409 -2.96321 0.245589 0.969313 -0.0104605
8.95017 10.7755 -4.27832 0.267272 0.963471 0.0169736
8.10615 11.0044 -4.67808 0.21305 0.976221 0.0395435
6.96692 11.2128 -4.68794 0.139111 0.989981 0.0241109
5.82125 11.3474 -4.69507 0.0805116 0.996668 0.0130574
4.69413 11.4271 -4.72483 0.0586096 0.998174 0.014232
3.5983 11.47 -4.68631 0.0314464 0.999396 0.0148044
2.466 11.4938 -4.75362 0.0113276 0.999809 0.0155238
1.17353 11.4888 -4.75577 -0.0113734 0.999906 0.00757575
0.0201308 11.4657 -4.72025 -0.0247495 0.999679 0.00532028
-1.0693 11.4297 -4.73893 -0.0379979 0.999269 0.00409232
-2.13226 11.3879 -4.76382 -0.0395548 0.999203 0.00532242
-3.25521 11.3383 -4.72071 -0.0457019 0.998941 0.00524094
-4.35911 11.2845 -4.70956 -0.0557652 0.998428 0.00382918
-5.57241 11.2116 -4.70882 -0.0649065 0.997861 0.00603487
-6.73166 11.125 -4.73106 -0.0851827 0.996327 0.00877205
-8.16001 10.9865 -4.72923 -0.108876 0.994043 0.00397183
-9.3813 10.842 -4.67681 -0.121539 0.992562 0.00692811
-10.4523 10.6913 -4.67961 -0.153333 0.98817 0.000564751
-11.525 10.521 -4.70655 -0.166302 0.986046 0.00215834
-12.5641 10.331 -4.68986 -0.187303 0.982301 -0.00138257
-13.7098 10.0999 -4.67716 -0.215766 0.97635 0.00281411
-14.7602 9.85075 -4.65341 -0.2365 0.971617 0.0051239
-15.982 9.53531 -4.67875 -0.262145 0.964981 0.00730515
-17.0087 9.24336 -4.7041 -0.286576 0.958017 0.0085222
-18.0632 8.91683 -4.76474 -0.300721 0.953702 0.0027813
-19.1147 8.56645 -4.69166 -0.320569 0.947224 -0.00108294
-20.27 8.16357 -4.71017 -0.33891 0.940817 -0.000914376
-21.3665 7.76515 -4.72175 -0.344941 0.938622 -3.97416e-05
-22.5258 7.32599 -4.73966 -0.357775 0.933807 -0.00142053
-23.5137 6.94262 -4.76231 -0.366496 0.930415 -0.00129649
-24.7032 6.46836 -4.7652 -0.373513 0.927625 -0.000288867
-25.6196 6.09672 -4.20058 -0.376528 0.926403 -0.00153962
-25.6363 6.09145 -2.92982 -0.380312 0.924858 0.000312357
-25.6614 6.08143 -1.85807 -0.380564 0.924754 -0.000738246
-25.6662 6.08051 -0.695106 -0.378373 0.925652 -0.00110476
-25.6406 6.09366 0.40429 -0.378612 0.925552 -0.00246449
-25.6957 6.07418 1.49578 -0.382422 0.923986 -0.00148614
-25.722 6.06428 2.57422 -0.382912 0.923779 -0.00302037
-25.6932 6.08138 3.90754 -0.384001 0.923325 -0.00371234
-25.1564 6.30601 4.64968 -0.380799 0.924652 -0.00321773
-24.16 6.71327 4.6821 -0.371219 0.928535 -0.00427409
-23.0249 7.16555 4.67856 -0.365891 0.930644 -0.00388751
-21.875 7.60867 4.67201 -0.35414 0.935192 -0.000714956
-20.7619 8.02209 4.68573 -0.343638 0.939094 -0.0021491
-19.7661 8.3789 4.69372 -0.327411 0.944879 -0.00234648
-18.5516 8.79375 4.66209 -0.310864 0.950401 -0.00354979
-17.5411 9.10391 4.65296 -0.285131 0.958471 -0.00582401
-16.4289 9.42153 4.65504 -0.265725 0.964037 -0.00102116
-15.3614 9.70248 4.64624 -0.240992 0.970504 -0.00492922
-14.0756 10.0045 4.6622 -0.216765 0.976177 -0.00956789
-12.779 10.279 4.68904 -0.192863 0.981193 -0.00396244
-11.7039 10.48 4.65728 -0.166397 0.986019 -0.00154817
-10.4882 10.667 4.63022 -0.141288 0.989963 -0.00333768
-9.15402 10.8489 4.66624 -0.130081 0.9915 -0.00133983
-8.05199 10.9751 4.69626 -0.101644 0.99482 0.00104329
-6.98295 11.0745 4.66181 -0.0834641 0.996506 0.00207089
-5.70197 11.1717 4.67841 -0.0701452 0.997531 0.00264013
-4.38111 11.2582 4.69406 -0.0612119 0.998125 9.29017e-05
-3.29228 11.3217 4.70483 -0.0524311 0.998623 0.00127961
-2.08156 11.3813 4.68996 -0.0459694 0.998942 0.00104371
-0.821512 11.4338 4.65883 -0.0367297 0.999324 0.00145686
0.543479 11.4687 4.60115 -0.0173097 0.999819 -0.00791219
1.8384 11.4831 4.65641 0.000600958 0.999918 -0.00937382
2.90999 11.4672 4.66666 0.0336229 0.999383 -0.00999511
4.0852 11.419 4.72924 0.0618729 0.997942 -0.0101838
5.19782 11.3304 4.70058 0.0970022 0.99528 -0.00290638
6.26541 11.2198 4.6749 0.123403 0.992267 -0.00835865
7.36064 11.0736 4.68925 0.147097 0.988873 -0.022014
8.45675 10.8881 4.66759 0.192954 0.980837 -0.0269709
9.28079 10.6941 3.89738 0.231521 0.972745 -0.0119932
9.32925 10.6649 2.65327 0.22508 0.974067 -0.018574
9.25542 10.6643 1.33324 0.243643 0.969859 -0.0033747
9.20535 10.6782 0.650357 0.240511 0.970637 0.00419063
10.2177 10.4076 0.664239 0.270307 0.962689 -0.012767
10.1659 10.4123 -0.546347 0.285795 0.958263 -0.00376097
10.0773 10.4439 -1.68127 0.302035 0.953239 0.00531545
10.0377 10.457 -2.85123 0.290017 0.956988 -0.00450371
10.0303 10.4517 -4.08716 0.287543 0.957747 0.00126897
9.86342 10.5265 -5.43851 0.344488 0.938256 0.031663
8.90352 10.8514 -5.78614 0.270287 0.961344 0.0478633
7.75023 11.1216 -5.73806 0.176112 0.981982 0.0682836
6.44222 11.3245 -5.78843 0.128519 0.990898 0.0393544
5.354 11.4047 -5.7871 0.0761505 0.996747 0.0260431
4.08143 11.4723 -5.75041 0.035812 0.999142 0.0208093
2.57236 11.5113 -5.77099 0.0166917 0.999659 0.0187531
1.52344 11.5084 -5.82531 -0.0196382 0.999594 0.0200187
0.468752 11.4834 -5.79859 -0.0256593 0.999646 0.00708561
-0.605055 11.4515 -5.76163 -0.0368601 0.999306 0.00490884
-1.71726 11.409 -5.81469 -0.039367 0.999222 0.00246739
-2.90396 11.3609 -5.79135 -0.041746 0.999104 0.00678587
-4.01598 11.3106 -5.76602 -0.0465123 0.998891 0.00729464
-5.33067 11.2368 -5.76026 -0.062508 0.997973 0.011744
-6.51717 11.1532 -5.78181 -0.0748076 0.997123 0.0122424
-7.65406 11.0484 -5.78574 -0.105373 0.99435 0.0126499
-8.81115 10.9188 -5.7683 -0.117557 0.993011 0.0103431
-9.88925 10.7734 -5.7111 -0.138959 0.990293 -0.00319663
-11.0881 10.5959 -5.76939 -0.157411 0.987454 0.00874399
-12.235 10.396 -5.75091 -0.183678 0.982981 0.00325928
-13.3045 10.1905 -5.72011 -0.201427 0.979485 0.0030579
-14.5212 9.91826 -5.70005 -0.231955 0.972636 0.0129545
-15.5397 9.66451 -5.71796 -0.251569 0.967784 0.00705622
-16.5717 9.37806 -5.70361 -0.282284 0.959315 0.00423665
-17.5932 9.06781 -5.8146 -0.29881 0.954288 0.00122293
-18.8719 8.64989 -5.76212 -0.32215 0.946686 0.00228377
-19.8671 8.30763 -5.74446 -0.329603 0.944108 0.0031406
-20.8976 7.93858 -5.76479 -0.341985 0.939702 0.00261768
-22.0103 7.52467 -5.76554 -0.352965 0.93563 0.00354326
-23.1266 7.09531 -5.79543 -0.363957 0.931406 0.00224021
-24.1985 6.67155 -5.81611 -0.369607 0.929184 0.00177285
-25.2035 6.26738 -5.79409 -0.376702 0.926329 0.00312162
-26.2063 5.85588 -5.74199 -0.381866 0.924217 0.000765058
-26.6161 5.68522 -4.86833 -0.383046 0.923728 0.00132358
-26.6172 5.68498 -3.59532 -0.384184 0.923257 -0.000470448
-26.6283 5.68117 -2.49753 -0.384608 0.923079 -0.00139495
-26.643 5.67603 -1.15098 -0.384884 0.922965 -0.000910013
-26.6305 5.68264 -0.0968056 -0.385262 0.922806 -0.00100313
-26.6403 5.67966 1.05178 -0.385939 0.92252 -0.00261503
-26.6908 5.66024 2.10701 -0.385295 0.922792 -0.00146695
-26.7095 5.65568 3.27951 -0.385588 0.922666 -0.00289496
-26.7018 5.66417 4.61496 -0.385423 0.922731 -0.00401925
-26.3947 5.79665 5.66644 -0.384549 0.923097 -0.00384232
-25.3707 6.22205 5.74616 -0.382609 0.923902 -0.00397113
-24.2897 6.66542 5.73844 -0.378014 0.925786 -0.00499067
-23.3012 7.0599 5.76313 -0.36735 0.930061 -0.0062344
-22.0806 7.53456 5.71079 -0.356484 0.934299 -0.00205711
-20.9403 7.96062 5.71341 -0.345854 0.938267 -0.00628011
-19.6722 8.41707 5.75499 -0.333678 0.942664 -0.00648101
-18.3606 8.85842 5.68918 -0.307378 0.951557 -0.00680801
-17.0961 9.24096 5.73641 -0.277991 0.960545 -0.00756732
-15.7863 9.60099 5.70704 -0.25344 0.96733 -0.006006
-14.4687 9.92734 5.72415 -0.224688 0.974371 -0.010789
-13.3587 10.1694 5.70578 -0.199456 0.979833 -0.0111823
-12.2753 10.382 5.77643 -0.17771 0.98404 -0.00721547
-11.1986 10.5651 5.73278 -0.16024 0.987049 -0.00694985
-10.0675 10.7313 5.72532 -0.133168 0.991015 -0.0124706
-8.71122 10.9028 5.76277 -0.115262 0.993305 -0.00512957
-7.53632 11.0257 5.72447 -0.0937318 0.995589 -0.00310089
-6.32261 11.1285 5.71973 -0.073145 0.997312 -0.00349675
-5.08533 11.2146 5.77766 -0.0661233 0.997809 -0.00183447
-3.81638 11.2919 5.76639 -0.0573457 0.99835 0.000388369
-2.74625 11.3491 5.76609 -0.0496384 0.998767 -0.000819744
-1.62305 11.4019 5.74036 -0.0442211 0.99902 -0.000405276
-0.563357 11.444 5.713 -0.0380311 0.999269 -0.00360538
0.599245 11.4798 5.67591 -0.0215417 0.999631 -0.0162603
1.79645 11.495 5.71254 -0.0149381 0.999489 -0.0281272
2.97595 11.4873 5.73753 0.026434 0.998908 -0.0385165
4.11699 11.4306 5.80187 0.0783682 0.996575 -0.0252125
5.55354 11.3076 5.72565 0.0975284 0.995183 -0.00854343
6.73193 11.1781 5.73137 0.111872 0.993409 -0.0220423
8.01951 11.0069 5.75154 0.148349 0.988283 -0.0358919
9.18139 10.7737 5.69474 0.22643 0.972888 -0.0470814
10.2654 10.4665 5.28582 0.28097 0.959356 -0.0262789
10.307 10.4323 3.92754 0.273769 0.96174 -0.0102591
10.3712 10.3993 2.61701 0.261203 0.965116 -0.0177679
10.2821 10.4021 1.51926 0.263064 0.964617 -0.0175988
10.2258 10.4079 0.845441 0.267064 0.963596 -0.012264
11.2244 10.1178 0.963951 0.292093 0.956062 -0.0249281
11.3314 10.1249 2.11788 0.274813 0.960934 -0.0310243
11.4044 10.1318 3.21498 0.256552 0.966383 -0.00755574
11.3249 10.1338 4.51039 0.294027 0.955566 0.0207766
11.2644 10.1422 5.82475 0.361293 0.932449 0.00259486
10.854 10.3297 6.7172 0.392545 0.914565 -0.0742178
9.86698 10.6788 6.76625 0.303136 0.949567 -0.0801874
8.82926 10.9426 6.80608 0.188861 0.978148 -0.085922
7.52679 11.1495 6.80246 0.115621 0.98928 -0.0851824
6.16068 11.256 6.78448 0.0806806 0.996687 -0.00632129
5.04863 11.3622 6.75022 0.0979016 0.995171 -0.00498849
3.80152 11.4844 6.83893 0.0939272 0.995045 -0.0326161
2.49582 11.547 6.7642 -0.00667453 0.997523 -0.0677648
1.25091 11.5148 6.74905 -0.0234557 0.999247 -0.0308142
-0.0121522 11.4682 6.7577 -0.0364211 0.999335 -0.0020104
-1.05922 11.4277 6.77948 -0.0412327 0.999145 -0.00272436
-2.29337 11.374 6.81252 -0.0473145 0.998874 -0.00321359
-3.52584 11.3075 6.79181 -0.05889 0.998255 0.00410795
-4.58017 11.2498 6.82106 -0.0490606 0.998729 -0.00540084
-5.71583 11.1795 6.79281 -0.068637 0.997535 -0.0143072
-6.87646 11.0932 6.78711 -0.076782 0.997018 -0.00767809
-8.1721 10.9687 6.83356 -0.106362 0.994288 -0.00874067
-9.44935 10.8242 6.83609 -0.114827 0.993351 -0.00826969
-10.6148 10.6674 6.78411 -0.155846 0.987688 -0.013462
-11.9392 10.4525 6.80477 -0.171796 0.984722 -0.0282601
-13.0219 10.2558 6.78439 -0.19429 0.980616 -0.0238434
-14.3164 9.9728 6.78384 -0.22068 0.975152 -0.0193039
-15.5133 9.68336 6.8027 -0.244512 0.969583 -0.0110652
-16.5549 9.40649 6.81826 -0.267184 0.963456 -0.0168438
-17.569 9.11408 6.77364 -0.282859 0.959013 -0.0167958
-18.6956 8.76002 6.76781 -0.315208 0.948849 -0.0181507
-19.8937 8.34961 6.77724 -0.333941 0.942496 -0.0134425
-20.9679 7.95979 6.75919 -0.345523 0.938328 -0.0123795
-22.1372 7.51912 6.74627 -0.355671 0.934585 -0.00700955
-23.1284 7.13593 6.79919 -0.36395 0.931383 -0.00797277
-24.2083 6.70504 6.77213 -0.377726 0.925889 -0.00714925
-25.4234 6.20593 6.81161 -0.381952 0.92416 -0.00615052
-26.5806 5.72498 6.82927 -0.384707 0.923022 -0.0054541
-27.5396 5.3197 6.70031 -0.39005 0.920786 -0.00363972
-27.6697 5.26175 5.62372 -0.388667 0.921376 -0.00217284
-27.689 5.24773 4.19452 -0.387968 0.921661 -0.00469965
-27.6964 5.2398 2.80609 -0.388336 0.921515 -0.00219331
-27.6359 5.2632 1.62559 -0.38811 0.921612 -0.000982614
-27.6036 5.27511 0.354487 -0.386993 0.922083 -0.000568707
-27.6219 5.26715 -0.749538 -0.387526 0.921858 0.000741351
-27.6209 5.26684 -1.85477 -0.386682 0.922213 -0.00099613
-27.6023 5.27424 -3.10394 -0.386611 0.922242 0.000657833
-27.6124 5.27067 -4.34058 -0.384408 0.923163 0.000332576
-27.6803 5.24312 -5.65724 -0.38507 0.922886 0.00111337
-27.1277 5.47608 -6.79519 -0.384762 0.923012 0.00271281
-25.9442 5.96759 -6.80993 -0.382027 0.924138 0.00497105
-24.9434 6.37655 -6.81402 -0.376578 0.926378 0.00346287
-23.8786 6.80286 -6.84856 -0.368285 0.929691 0.00637686
-22.8771 7.19829 -6.84134 -0.365815 0.930647 0.00866289
-21.878 7.58213 -6.8157 -0.35466 0.934914 0.0122208
-20.7342 8.00877 -6.83955 -0.345562 0.93832 0.0119075
-19.6043 8.41055 -6.79257 -0.330119 0.943861 0.0121805
-18.5384 8.77315 -6.84477 -0.311935 0.949907 0.0192829
-17.4747 9.1154 -6.84626 -0.302501 0.953037 0.0146415
-16.2632 9.47892 -6.79064 -0.266919 0.963628 0.013129
-15.2078 9.76384 -6.79816 -0.249737 0.968004 0.023386
-14.1238 10.0205 -6.7916 -0.216707 0.976162 0.0120412
-12.9388 10.2756 -6.78375 -0.191713 0.981179 0.0228845
-11.8181 10.4832 -6.8286 -0.168627 0.985585 0.0135754
-10.5878 10.6857 -6.80896 -0.152225 0.988152 0.0194085
-9.52486 10.8427 -6.8116 -0.13403 0.990716 0.0226274
-8.38961 10.9836 -6.83418 -0.117568 0.992826 0.0217478
-7.3218 11.1032 -6.83966 -0.0960953 0.994892 0.0308775
-6.12568 11.1995 -6.81224 -0.0708863 0.997105 0.0274883
-4.98028 11.2761 -6.8277 -0.0567249 0.998189 0.0192406
-3.64207 11.341 -6.8044 -0.0437429 0.998928 0.0148998
-2.46366 11.3834 -6.84107 -0.0264849 0.999629 0.0011217
-1.32495 11.4251 -6.85295 -0.0436441 0.999027 -0.00587414
-0.265127 11.4681 -6.80732 -0.0372995 0.999299 0.00314194
0.841078 11.5061 -6.89725 -0.0307246 0.999448 0.0126633
1.93167 11.5465 -6.85462 -0.0313871 0.997648 0.0575854
3.04221 11.5322 -6.80735 0.0316009 0.998382 0.0468809
4.12789 11.4936 -6.821 0.0568948 0.998257 0.0112493
5.27359 11.4298 -6.81867 0.0510855 0.998375 0.023443
6.50031 11.3774 -6.86097 -0.00937731 0.99752 0.0674021
7.55928 11.2406 -6.80893 0.162151 0.980725 0.109002
8.63524 11.0187 -6.82485 0.275176 0.955033 0.109436
9.80181 10.6436 -6.88933 0.390949 0.9123 0.10597
10.7514 10.1833 -6.57049 0.446898 0.894505 -0.00807422
10.9414 10.1303 -5.2672 0.363085 0.930026 -0.0473282
11.052 10.1237 -4.22413 0.311158 0.949047 -0.0445324
11.0421 10.1179 -2.91456 0.351909 0.933811 0.0558299
11.0739 10.1063 -1.80079 0.360557 0.932708 -0.00730541
11.1525 10.101 -0.673347 0.31662 0.948336 -0.0200523
11.2193 10.1112 0.638981 0.294258 0.95545 -0.0229673
