31.4061 56.8786 1.42544 0.252792 0.967521 -4.75458e-05
31.2252 56.926 0.329074 0.252729 0.967537 -1.30749e-05
31.2139 56.9289 -0.738409 0.252761 0.967529 -0.000106725
31.2766 56.9125 -1.05049 0.252848 0.967506 -3.23328e-05
31.3361 56.8969 -2.16444 0.252753 0.967531 -2.99292e-06
31.2097 56.93 -2.89395 0.252827 0.967511 2.89773e-05
31.1807 56.9375 -3.6485 0.252904 0.967491 -0.000198125
31.3653 56.8891 -4.63081 0.252888 0.967495 -2.58839e-05
31.3192 56.901 -5.56492 0.252823 0.967512 -4.81662e-05
31.3173 56.9015 -5.60962 0.252887 0.967496 6.17959e-05
30.7864 57.0404 -5.98617 0.2528 0.967519 3.33316e-05
30.748 57.0504 -5.21682 0.252926 0.967486 -0.000127593
30.7844 57.0409 -4.50941 0.252859 0.967503 -4.47775e-05
30.692 57.0652 -3.62057 0.252839 0.967508 -0.000150194
30.749 57.0503 -2.6271 0.252946 0.96748 4.98495e-06
30.7744 57.0437 -1.88516 0.252765 0.967528 -3.26548e-05
30.7521 57.0496 -1.14376 0.252902 0.967492 -4.80001e-05
30.6816 57.068 -0.392961 0.253036 0.967457 0.0001375
30.7338 57.0544 0.486509 0.252846 0.967507 3.33915e-05
30.8258 57.0303 1.37022 0.253018 0.967462 3.35512e-05
30.8401 57.0265 2.28435 0.252657 0.967556 9.40383e-05
30.7953 57.0381 3.2479 0.252729 0.967537 0.000113494
30.7905 57.0394 4.00914 0.252859 0.967503 8.00321e-07
30.7757 57.0431 4.7677 0.252758 0.967529 0.000119583
30.8574 57.0217 5.5533 0.252701 0.967544 0.000101096
30.8541 57.0226 5.89585 0.252855 0.967504 -0.000124592
30.2253 57.1869 6.02154 0.252707 0.967543 -5.18748e-06
30.2253 57.1869 5.28113 0.252854 0.967505 -3.25931e-05
30.2253 57.1869 4.41301 0.252776 0.967525 2.41408e-05
30.2253 57.187 3.6478 0.252647 0.967559 -9.96839e-06
30.2253 57.187 2.83412 0.252737 0.967535 8.36684e-05
30.2253 57.1871 2.06759 0.252726 0.967538 0.000101726
30.2253 57.1871 1.15741 0.252582 0.967575 1.46719e-05
30.2253 57.1872 0.315854 0.25269 0.967547 -2.64583e-05
30.2253 57.1873 -0.570924 0.252583 0.967575 8.23001e-05
30.2253 57.1873 -1.40572 0.252893 0.967494 -0.00012845
30.2253 57.1871 -2.21677 0.252771 0.967526 -5.16519e-05
30.2253 57.1872 -2.91433 0.252731 0.967537 -8.9707e-05
30.2253 57.1871 -3.83216 0.25285 0.967505 -0.000141853
30.2253 57.187 -4.74657 0.252761 0.967529 -9.47898e-05
30.2253 57.187 -5.42292 0.252822 0.967513 -6.53586e-05
30.2253 57.187 -6.19109 0.252743 0.967533 8.36039e-05
29.5026 57.3757 -6.00426 0.252712 0.967541 9.52835e-05
29.3375 57.4189 -5.25265 0.252617 0.967566 -0.000121394
29.5831 57.3547 -4.67144 0.2527 0.967545 7.34141e-05
29.4208 57.3972 -3.97845 0.252708 0.967543 -0.000144742
29.2561 57.4403 -3.15328 0.252612 0.967568 1.68784e-06
29.6386 57.3405 -2.50554 0.252683 0.967549 -5.13407e-05
29.6834 57.3288 -1.56812 0.252741 0.967534 -4.96836e-05
29.2052 57.4537 -0.918652 0.252695 0.967546 -8.5341e-05
29.2964 57.4298 0.0463775 0.252623 0.967565 2.17141e-05
29.312 57.4257 0.882065 0.252633 0.967562 -1.30793e-06
29.5226 57.3706 1.7979 0.252941 0.967482 4.66666e-05
29.6162 57.3461 2.78049 0.252653 0.967557 6.74633e-05
29.7116 57.3212 3.48963 0.252627 0.967564 0.000144143
29.6466 57.3381 4.35043 0.2526 0.967571 0.000223723
29.6501 57.3371 5.20517 0.25271 0.967542 7.57551e-06
29.617 57.3457 6.05281 0.252553 0.967583 -1.57318e-05
29.0994 57.4809 5.84826 0.252657 0.967556 6.12203e-05
29.0312 57.4987 4.97688 0.252486 0.967601 -1.00879e-05
28.9742 57.5136 4.30345 0.252631 0.967563 4.32743e-05
28.9646 57.5162 3.47611 0.25254 0.967586 0.000167519
28.9212 57.5276 2.98715 0.252543 0.967586 0.000180835
31.3619 56.8902 1.96352 0.25278 0.967524 6.53996e-05
31.2013 56.9321 2.89855 0.252708 0.967543 0.000105693
31.3237 56.9 4.06386 0.252799 0.967519 -6.2737e-05
31.3436 56.8948 4.94954 0.252928 0.967485 5.70147e-05
31.4035 56.8792 5.39382 0.252598 0.967571 -5.80478e-05
31.79 56.7781 -4.27466 0.253022 0.967461 -0.000154989
31.7838 56.7798 -3.78304 0.253 0.967466 -0.000149297
31.7765 56.7817 -3.38526 0.253025 0.96746 -0.00021256
31.7618 56.7857 -2.98784 0.252919 0.967487 -0.000177619
31.7184 56.797 -2.51459 0.252976 0.967472 5.10907e-05
31.6652 56.811 -2.07866 0.252867 0.967501 -9.83601e-05
31.6438 56.8165 -1.74024 0.252939 0.967482 1.34793e-05
31.6026 56.8273 -1.12204 0.252808 0.967517 -4.40875e-05
31.6263 56.8212 -0.745607 0.252851 0.967505 -9.42436e-05
31.6761 56.8082 -0.30189 0.252866 0.967501 2.90119e-05
31.7253 56.7953 0.106108 0.252756 0.96753 7.01113e-05
31.7632 56.7853 0.465331 0.25293 0.967485 0.000197722
31.7661 56.7845 0.847014 0.252792 0.967521 1.67839e-05
31.7363 56.7923 1.27427 0.252822 0.967513 -7.20972e-06
31.7059 56.8003 1.6735 0.252833 0.96751 -2.58695e-05
31.6772 56.8078 2.04094 0.252823 0.967512 6.15088e-06
31.6658 56.8107 2.40093 0.252765 0.967528 -2.18184e-05
31.6739 56.8087 2.95501 0.252947 0.96748 -4.1342e-06
31.7152 56.7978 3.28638 0.2528 0.967518 0.000122314
31.7754 56.7821 3.78386 0.252765 0.967528 5.95735e-05
31.803 56.7748 4.31453 0.252831 0.967511 2.51022e-06
31.785 56.7794 4.84841 0.252664 0.967554 0.000117071
31.7549 56.7874 5.37904 0.252728 0.967537 -0.0001436
31.733 56.7932 5.75825 0.252634 0.967562 -1.57216e-05
31.6582 56.8127 6.09794 0.252564 0.96758 7.86936e-05
31.5506 56.8407 6.39937 0.252666 0.967554 -0.000104351
31.1985 56.9327 6.46847 0.252722 0.967539 -0.000172463
30.8742 57.0174 6.48312 0.252741 0.967534 -9.71232e-05
30.5447 57.1035 6.51774 0.25278 0.967524 -4.23236e-06
30.1662 57.2024 6.56184 0.252516 0.967593 0.000101503
29.803 57.2971 6.54571 0.25271 0.967542 4.83476e-06
29.4461 57.3903 6.51055 0.252454 0.967609 0.000227872
29.0772 57.4866 6.47945 0.2526 0.967571 0.000231305
28.6704 57.5928 6.31122 0.252585 0.967575 0.000197646
28.509 57.6351 5.6775 0.252686 0.967548 7.50371e-05
28.4817 57.6422 5.10289 0.252581 0.967576 0.000120757
28.481 57.6424 4.65991 0.252721 0.967539 5.98289e-05
28.4908 57.6399 4.25946 0.252763 0.967528 7.52127e-05
28.5317 57.6293 3.89482 0.25277 0.967526 0.000105872
28.5796 57.6167 3.45325 0.252585 0.967575 1.30372e-05
28.5992 57.6117 3.07555 0.252543 0.967586 0.000180835
28.602 57.611 2.63198 0.252669 0.967553 5.80994e-05
28.5953 57.6128 2.26677 0.252656 0.967556 0.000120518
28.5373 57.628 1.75227 0.252609 0.967569 4.93518e-05
28.5061 57.6361 1.34063 0.252563 0.96758 5.23978e-05
28.5165 57.6335 0.96299 0.252438 0.967613 7.80947e-05
28.5534 57.6238 0.422475 0.252789 0.967521 -0.000112329
28.5594 57.6222 0.0846129 0.252636 0.967561 -7.07889e-06
28.5566 57.6229 -0.25532 0.252599 0.967571 5.03195e-05
28.5399 57.6274 -0.720948 0.252692 0.967547 0.000186177
28.5157 57.6337 -1.15944 0.252727 0.967538 -3.1767e-05
28.5039 57.6368 -1.64256 0.252737 0.967535 -1.49083e-05
28.497 57.6386 -2.1051 0.25258 0.967576 -4.55123e-05
28.4999 57.6378 -2.44636 0.252653 0.967557 -0.000221623
28.4892 57.6405 -2.86451 0.252833 0.96751 -4.09293e-05
28.4676 57.6462 -3.28308 0.252822 0.967513 -0.000117095
28.4181 57.6591 -3.68198 0.252722 0.967539 -0.000102097
28.4096 57.6613 -4.03752 0.252588 0.967574 3.32299e-05
28.4341 57.6549 -4.38802 0.252456 0.967608 -0.000211552
28.472 57.6449 -4.7273 0.25255 0.967584 -0.000190329
28.4521 57.6501 -5.37046 0.252595 0.967572 -0.00010754
28.463 57.6472 -5.85523 0.252473 0.967604 4.34643e-05
28.5765 57.6176 -6.27092 0.252643 0.967559 -7.90772e-05
28.9352 57.5239 -6.50202 0.252563 0.967581 1.02092e-05
29.2977 57.4292 -6.53607 0.252648 0.967558 -0.000122294
29.6996 57.3243 -6.56641 0.252848 0.967506 5.44947e-05
30.1756 57.1999 -6.58256 0.252667 0.967553 -0.000103009
30.7235 57.0568 -6.53634 0.252873 0.967499 -1.51137e-05
31.051 56.9712 -6.50032 0.252844 0.967507 -5.76751e-05
31.6032 56.8268 -6.37188 0.252836 0.967509 -0.000121831
31.7354 56.7923 -5.93384 0.252843 0.967507 0.000130597
31.7936 56.7771 -5.24864 0.252996 0.967467 1.18605e-05
31.8015 56.775 -4.69433 0.252988 0.96747 -3.30927e-05
31.8011 56.7751 -4.66487 0.253002 0.967466 -8.63278e-05
32.1013 56.6966 -4.55303 0.253008 0.967464 -5.72099e-05
32.0951 56.6984 -3.8046 0.252759 0.967529 -0.000190591
32.0818 56.702 -3.45722 0.252587 0.967574 -0.000111283
32.0819 56.702 -3.1036 0.252939 0.967482 -0.000273904
32.037 56.7138 -2.62369 0.252674 0.967551 -1.98783e-07
31.9921 56.7256 -2.12559 0.252687 0.967548 -4.8697e-05
31.9613 56.7336 -1.72075 0.252718 0.96754 5.14538e-05
31.9247 56.7432 -1.11802 0.252812 0.967516 2.95118e-05
31.9553 56.7352 -0.688834 0.252884 0.967497 -4.77449e-05
32.0022 56.7229 -0.293628 0.252962 0.967476 -1.00361e-05
32.0528 56.7097 0.0969958 0.25301 0.967464 0.000110437
32.0859 56.701 0.482153 0.252868 0.967501 4.26089e-05
32.0869 56.7007 0.860863 0.252792 0.967521 1.67839e-05
32.0593 56.7079 1.26572 0.2527 0.967545 -4.99895e-05
32.0199 56.7182 1.6576 0.252699 0.967545 4.81938e-05
31.9633 56.733 2.22193 0.252832 0.96751 -9.24694e-06
31.9623 56.7332 2.64087 0.252907 0.96749 2.5323e-05
31.9911 56.7257 3.10938 0.252956 0.967478 3.85548e-05
32.0433 56.712 3.53857 0.252978 0.967472 7.73822e-05
32.1152 56.6932 4.06158 0.252834 0.96751 2.81154e-05
32.1106 56.6945 4.5135 0.252964 0.967476 -0.000118775
32.0946 56.6986 4.93807 0.252722 0.967539 -3.60162e-05
32.0676 56.7057 5.34787 0.252876 0.967499 -0.000134396
32.0449 56.7117 5.77992 0.252827 0.967512 1.12302e-05
32.0081 56.7213 6.31528 0.252836 0.967509 -1.79915e-06
31.7117 56.7987 6.76406 0.252741 0.967534 -3.10026e-05
31.3697 56.888 6.80191 0.252676 0.967551 -5.4647e-05
30.9868 56.988 6.80141 0.252712 0.967542 3.12197e-05
30.6533 57.0751 6.82929 0.252575 0.967577 -1.74997e-06
30.3168 57.163 6.85028 0.252717 0.96754 0.00014975
29.9883 57.2487 6.89366 0.25253 0.967589 0.000113823
29.6377 57.3403 6.86289 0.25262 0.967566 0.000285751
29.2746 57.435 6.83632 0.252454 0.967609 0.000227872
28.8455 57.5471 6.79519 0.252519 0.967592 0.000119222
28.4038 57.6624 6.73935 0.252802 0.967518 -2.38772e-05
28.2323 57.7072 6.33133 0.252719 0.96754 0.000245758
28.2126 57.7125 5.97183 0.252684 0.967549 0.000178087
28.2091 57.7134 5.42455 0.252565 0.96758 1.26232e-05
28.1909 57.7182 4.83937 0.252668 0.967553 0.000116068
28.186 57.7195 4.44744 0.252699 0.967545 5.81949e-05
28.2211 57.7104 3.8769 0.252622 0.967565 -1.53975e-05
28.2465 57.7037 3.49943 0.252771 0.967526 0.000112134
28.2914 57.692 3.04933 0.252744 0.967533 0.000169425
28.2858 57.6936 2.62827 0.252567 0.967579 3.97174e-05
28.2785 57.6955 2.25032 0.252682 0.967549 0.000242275
28.2182 57.7113 1.62288 0.252794 0.96752 3.35699e-06
28.1922 57.7181 1.21238 0.25282 0.967513 -0.000111452
28.2039 57.715 0.848734 0.252438 0.967613 7.80947e-05
28.2306 57.7081 0.327664 0.252726 0.967538 -7.77693e-05
28.2431 57.7048 -0.184627 0.252733 0.967536 3.35085e-05
28.2203 57.7109 -0.657748 0.252711 0.967542 0.00010595
28.1976 57.7168 -0.997256 0.25271 0.967542 -6.11856e-06
28.1898 57.7188 -1.49281 0.252477 0.967603 -4.11301e-05
28.1797 57.7214 -2.01017 0.252677 0.967551 7.94514e-05
28.1913 57.7184 -2.48186 0.252846 0.967507 -1.48416e-05
28.1906 57.7186 -2.86733 0.25265 0.967558 -7.16889e-05
28.1691 57.7241 -3.28308 0.25281 0.967516 -3.8582e-05
28.116 57.738 -3.65215 0.252661 0.967555 -5.71268e-06
28.1127 57.7388 -4.04144 0.252739 0.967534 -0.000197917
28.1306 57.7341 -4.3756 0.252594 0.967572 -0.000125697
28.1462 57.73 -5.07734 0.252585 0.967575 -8.01321e-05
28.1379 57.7321 -5.52993 0.252618 0.967566 -8.04475e-05
28.1976 57.7165 -6.21006 0.252553 0.967583 4.55747e-05
28.3269 57.6827 -6.65191 0.252641 0.96756 -4.54778e-05
28.6132 57.608 -6.81283 0.252615 0.967567 7.28224e-05
29.1592 57.4654 -6.85953 0.25275 0.967532 5.58216e-05
29.6396 57.34 -6.88403 0.252708 0.967543 4.44766e-05
30.0135 57.2423 -6.90065 0.252919 0.967487 5.5755e-05
30.4896 57.1179 -6.8979 0.252728 0.967537 -0.000113061
30.9133 57.0071 -6.8466 0.252866 0.967501 -3.47514e-05
31.3937 56.8816 -6.81804 0.252972 0.967474 -9.05048e-05
31.8307 56.7674 -6.76745 0.252738 0.967535 -2.54045e-05
31.9875 56.7264 -6.38689 0.252738 0.967535 -0.00015473
32.0408 56.7125 -6.00775 0.253004 0.967465 0.000122098
32.1007 56.6968 -5.46203 0.252815 0.967515 0.000167978
32.1103 56.6942 -4.94486 0.253026 0.96746 -4.16996e-06
32.1075 56.695 -4.88315 0.253031 0.967458 -3.60888e-05
32.4298 56.6107 -4.91496 0.252957 0.967477 5.33036e-08
32.4086 56.6163 -4.24118 0.253036 0.967457 -0.000274459
32.4053 56.6173 -3.86795 0.25316 0.967424 -0.000396416
32.4314 56.6105 -3.38856 0.253102 0.96744 -0.000236056
32.4553 56.6044 -2.99633 0.252834 0.96751 -0.000207758
32.4269 56.6119 -2.60416 0.252934 0.967483 -0.000104735
32.3993 56.6192 -2.17723 0.252939 0.967482 -3.27587e-05
32.2915 56.6473 -1.85978 0.252954 0.967478 9.81582e-05
32.3638 56.6284 -1.48372 0.252806 0.967517 -7.24848e-05
32.3676 56.6274 -1.03113 0.252784 0.967523 6.86997e-05
32.3688 56.6271 -0.670783 0.252912 0.967489 0.000109108
32.4004 56.6188 -0.296792 0.252778 0.967524 -3.8535e-05
32.4191 56.6139 0.0680168 0.252913 0.967489 0.000139731
32.4121 56.6157 0.443768 0.252935 0.967483 0.000137044
32.4022 56.6183 0.812315 0.25284 0.967508 -7.94416e-05
32.4179 56.6143 1.18462 0.252705 0.967543 -3.69596e-05
32.4233 56.6128 1.51857 0.252826 0.967512 -6.60079e-05
32.3755 56.6253 1.88196 0.252705 0.967543 0.00011578
32.3588 56.6297 2.23429 0.252766 0.967527 8.40595e-05
32.344 56.6335 2.61773 0.252832 0.96751 8.61033e-05
32.3806 56.6239 3.02003 0.252862 0.967502 5.4264e-05
32.4203 56.6135 3.43338 0.25286 0.967503 8.94396e-05
32.434 56.6099 3.88365 0.252766 0.967527 -7.00325e-05
32.4431 56.6075 4.25986 0.252775 0.967525 -7.29988e-05
32.4325 56.6103 4.62618 0.252958 0.967477 -4.57166e-06
32.5131 56.5893 4.96164 0.252746 0.967533 -7.08465e-05
32.3877 56.622 5.31446 0.252876 0.967499 -0.000134396
32.4246 56.6125 5.66961 0.252813 0.967515 -0.000114475
32.399 56.6191 6.06649 0.252695 0.967546 -1.37181e-05
32.3805 56.624 6.49998 0.252621 0.967565 -4.91286e-05
32.301 56.6448 6.82143 0.252672 0.967552 -4.97799e-05
31.9027 56.7488 7.1954 0.252819 0.967514 0.000130414
31.5487 56.8413 7.19313 0.252696 0.967546 4.41239e-05
31.1098 56.9559 7.12803 0.252703 0.967544 -1.04572e-05
30.7445 57.0513 7.20948 0.252631 0.967563 9.69605e-05
30.1823 57.198 7.2434 0.252616 0.967566 8.20345e-05
29.7734 57.3048 7.2346 0.25242 0.967618 0.000111812
29.4379 57.3923 7.18941 0.25251 0.967594 0.000201953
28.9105 57.53 7.2181 0.252719 0.96754 0.000107671
28.5344 57.6282 7.1501 0.252587 0.967574 0.000168467
28.0363 57.7583 7.0764 0.252568 0.967579 0.000186834
27.8271 57.813 6.73987 0.252787 0.967522 3.91088e-05
27.8474 57.8078 6.28418 0.252647 0.967559 0.000301049
27.9139 57.7905 5.83285 0.25266 0.967555 2.82725e-05
27.8193 57.8151 5.38842 0.252695 0.967546 -0.000100466
27.8085 57.818 4.85266 0.252437 0.967613 0.000162483
27.8464 57.8082 4.32858 0.252405 0.967622 0.000118579
27.8352 57.8111 3.96281 0.252567 0.967579 0.000130007
27.8866 57.7977 3.61584 0.252652 0.967557 1.9348e-05
27.9904 57.7707 2.93559 0.252519 0.967592 1.60774e-05
27.932 57.7859 2.58968 0.252822 0.967513 4.25061e-05
27.9798 57.7736 2.13674 0.252824 0.967512 0.000221213
27.8522 57.807 1.61331 0.252771 0.967526 -9.7454e-06
27.8638 57.8039 1.13287 0.25277 0.967526 -8.08646e-05
27.8275 57.8133 0.758418 0.252796 0.96752 6.33606e-05
27.8239 57.8143 0.173586 0.252467 0.967605 -6.21233e-05
27.9216 57.7888 -0.157647 0.25259 0.967573 -2.20128e-05
27.8419 57.8096 -0.535003 0.252317 0.967645 8.54677e-05
27.8938 57.7961 -0.865287 0.252408 0.967621 -0.000137819
27.8659 57.8033 -1.34458 0.252445 0.967611 4.2102e-05
27.8513 57.8071 -1.72206 0.25245 0.96761 -6.27093e-07
27.7826 57.8251 -2.13012 0.252559 0.967582 0.000111182
27.8359 57.8112 -2.4832 0.252538 0.967587 -2.38527e-05
27.8909 57.7968 -2.84461 0.25265 0.967558 -7.16889e-05
27.809 57.8182 -3.25509 0.252542 0.967586 -8.37243e-05
27.7483 57.834 -3.68715 0.252514 0.967593 -0.000118245
27.7667 57.8291 -4.10405 0.25255 0.967584 -0.000158533
27.8503 57.8072 -4.53405 0.252595 0.967572 -0.000133954
27.8256 57.8136 -5.01521 0.252453 0.967609 -4.44986e-05
27.8122 57.8171 -5.39345 0.252522 0.967591 1.73832e-05
27.8451 57.8085 -5.72205 0.252663 0.967554 -3.49605e-05
27.9019 57.7937 -6.08498 0.252553 0.967583 4.55747e-05
27.856 57.8057 -6.5419 0.252573 0.967578 -1.58902e-05
27.8798 57.7994 -6.94478 0.252575 0.967577 -1.37265e-05
28.1078 57.7399 -7.20543 0.252509 0.967594 7.11341e-05
28.4649 57.6468 -7.1923 0.252578 0.967576 0.000139056
28.8026 57.5586 -7.26278 0.25274 0.967534 5.27697e-05
29.1565 57.4662 -7.18856 0.252666 0.967553 4.97253e-05
29.5946 57.3517 -7.25294 0.252755 0.96753 -3.87397e-05
30.0083 57.2436 -7.26596 0.252869 0.967501 1.11884e-06
30.3911 57.1436 -7.27769 0.252876 0.967499 -9.45584e-05
30.8071 57.0349 -7.2601 0.252998 0.967467 -0.000269055
31.1335 56.9495 -7.18434 0.252891 0.967495 -0.000268833
31.5886 56.8306 -7.2128 0.252793 0.96752 -0.00015283
32.0209 56.7176 -7.19601 0.252748 0.967532 -0.000122269
32.3431 56.6334 -7.05743 0.252815 0.967515 -0.000208172
32.3626 56.6284 -6.65056 0.252808 0.967516 1.04088e-05
32.3353 56.6355 -6.06764 0.252932 0.967484 0.000156128
32.4237 56.6124 -5.65359 0.253063 0.96745 5.26822e-05
32.4719 56.5997 -5.24737 0.253006 0.967465 0.000108362
32.4832 56.5967 -5.15297 0.252903 0.967492 -1.41743e-05
