11.6506 11.6996 -0.30803 0.244591 0.968499 -0.0463151
11.696 11.726 0.986791 0.250394 0.967885 -0.0223748
11.6984 11.7471 2.14508 0.201987 0.979333 -0.010312
11.7323 11.7418 2.89926 0.212106 0.977234 0.00141292
10.8369 11.9284 3.36701 0.192743 0.98114 -0.0097166
10.7988 11.9148 2.32854 0.164668 0.986123 -0.0210608
10.7927 11.8935 1.13302 0.161274 0.986858 -0.00736506
10.7849 11.8876 0.130521 0.154301 0.987928 -0.00972149
10.764 11.8679 -0.831538 0.196245 0.980406 -0.0135578
10.7906 11.8508 -1.88338 0.207704 0.978087 -0.0142741
10.8062 11.8283 -2.87745 0.223736 0.974498 -0.0171367
10.806 11.8271 -2.95014 0.228679 0.973408 -0.00526256
9.92543 12.0173 -3.46977 0.198115 0.980123 0.010054
9.89426 12.028 -2.14105 0.154907 0.98792 -0.00394644
9.87714 12.0288 -1.18306 0.141217 0.989897 0.0126874
9.87239 12.0251 -0.101466 0.137614 0.990479 -0.00364773
9.88486 12.0325 1.01617 0.150468 0.988565 -0.00991597
9.88763 12.049 2.06137 0.146763 0.989011 -0.0178218
9.92583 12.0645 3.12628 0.139864 0.989933 -0.0216873
9.96781 12.0662 3.51262 0.144442 0.989305 -0.0202031
9.04776 12.1805 3.32429 0.102118 0.994444 -0.0255035
8.98113 12.1657 2.32599 0.109795 0.993895 -0.00821601
8.95288 12.1581 1.3013 0.119065 0.992861 -0.00684663
8.9751 12.149 0.312482 0.119612 0.992806 -0.0052357
8.95287 12.1543 -0.734965 0.119179 0.992842 0.00771375
8.98879 12.1586 -2.09348 0.126331 0.991978 -0.00271392
9.01301 12.1572 -3.08444 0.13872 0.990262 0.0116405
9.02102 12.1605 -3.5095 0.138612 0.990303 0.00920844
8.08833 12.2768 -3.46043 0.118536 0.992872 0.0122367
8.06406 12.2718 -2.444 0.109112 0.99401 0.00598883
8.04322 12.2659 -1.39915 0.102627 0.99468 0.00851415
8.04108 12.2563 -0.410017 0.0990797 0.995077 0.00233109
8.0393 12.2539 0.658601 0.0917123 0.99576 -0.00298811
8.04641 12.257 1.69063 0.098121 0.995167 -0.00268417
8.07935 12.2639 2.78096 0.0819672 0.996414 -0.0187237
8.11305 12.2717 3.5053 0.082772 0.996387 -0.0189693
7.1997 12.3357 3.58053 0.0619671 0.997982 -0.0137529
7.14191 12.3317 2.41403 0.0741069 0.997241 -0.00107946
7.10725 12.3349 1.08855 0.0790473 0.996865 -0.00306353
7.12862 12.3354 0.0636024 0.0696172 0.997508 0.0111421
7.12896 12.3442 -1.22099 0.0737746 0.997219 0.00999812
7.13999 12.3549 -2.43185 0.0756579 0.997122 0.00481677
7.14384 12.3707 -3.56225 0.0922403 0.995571 0.0179126
6.2123 12.4385 -3.45586 0.0359046 0.999267 0.0119527
6.23405 12.4156 -2.20305 0.0596747 0.998086 0.0162525
6.22546 12.4016 -1.0717 0.0601622 0.998168 0.00645606
6.20725 12.3926 0.116344 0.0518919 0.99863 0.00675511
6.1798 12.3903 1.10379 0.0536551 0.998554 -0.000696716
6.19946 12.3901 2.14985 0.0503478 0.998731 -3.04587e-05
6.27559 12.386 3.11015 0.0603968 0.998155 -0.00626519
6.29623 12.3874 3.51646 0.0575375 0.998304 -0.00822275
5.38313 12.432 3.55256 0.0380974 0.999261 -0.00513179
5.2906 12.4299 2.49869 0.0376621 0.999285 -0.00112213
5.24609 12.4296 1.22512 0.0360386 0.999339 -0.00376795
5.26244 12.4315 0.24416 0.0371699 0.999278 0.00700266
5.29735 12.4416 -0.917086 0.0334862 0.999413 0.00724679
5.30883 12.4536 -1.93457 0.0353802 0.999261 0.0150406
5.31744 12.4635 -2.91004 0.0286769 0.999558 0.00779341
5.3139 12.4688 -3.6124 0.0253104 0.999655 0.00593689
4.38084 12.4876 -3.59565 0.0162891 0.99986 0.0037191
4.41125 12.4821 -2.51526 0.0130484 0.99986 0.00992008
4.39067 12.4693 -1.5452 0.0157654 0.999721 0.0175144
4.35908 12.4632 -0.318393 0.0187204 0.999748 0.0118687
4.30653 12.4591 0.833513 0.0230926 0.999716 0.00302167
4.3321 12.4609 1.82827 0.0222217 0.999718 -0.00425306
4.39834 12.4637 2.82406 0.0332817 0.999427 -0.00608911
4.43989 12.4645 3.27694 0.0310308 0.9995 -0.00581364
3.53913 12.485 3.54378 -0.00177288 0.999824 -0.014391
3.4428 12.4754 2.4116 0.00276987 0.999933 -0.00766313
3.37459 12.4661 1.21619 0.00468172 0.999973 -0.00496475
3.38544 12.4684 0.265612 0.00117181 0.999993 0.00263604
3.43701 12.4734 -0.855599 0.000453452 0.999984 0.00529969
3.46812 12.4823 -1.97824 0.00458845 0.99993 0.0109238
3.49383 12.4904 -3.08577 -0.0028678 0.999972 0.00691739
3.48656 12.4935 -3.59418 -0.00221976 0.999992 0.00342807
2.57386 12.4816 -3.24867 -0.0172719 0.999844 0.00355219
2.56725 12.4743 -2.15718 -0.0155369 0.999861 0.00519505
2.53205 12.4695 -0.974282 -0.0118702 0.999916 0.00512017
2.47612 12.4654 -0.00152055 -0.00873688 0.999959 0.00211513
2.42814 12.4616 1.04996 -0.00784505 0.999953 -2.14764e-05
2.50023 12.4672 2.09095 -0.00915812 0.999942 -0.00517223
2.56437 12.474 3.08384 -0.0137597 0.999879 -0.00715779
2.60943 12.477 3.43266 -0.0106697 0.999925 -0.00598769
1.68988 12.4625 3.45038 -0.0230618 0.999692 -0.00914904
1.59956 12.4555 2.33344 -0.018111 0.999828 -0.00407096
1.5101 12.4504 1.37952 -0.0159138 0.999869 -0.00271825
1.502 12.4495 0.360094 -0.0177952 0.999841 -4.76834e-05
1.57829 12.4524 -0.597341 -0.0179591 0.999832 0.00374665
1.60236 12.4565 -1.54814 -0.0194441 0.999806 0.00273656
1.67953 12.4615 -2.54563 -0.0237322 0.99971 0.00410087
1.62397 12.4638 -3.56533 -0.0223285 0.999731 0.00585254
0.729325 12.4397 -3.32832 -0.0278078 0.999604 0.00434949
0.761274 12.4373 -2.31273 -0.0269507 0.99963 0.00361592
0.682419 12.4343 -1.12748 -0.0258344 0.999664 0.00180986
0.59412 12.43 0.0284044 -0.0269312 0.999637 0.00018899
0.565712 12.4288 1.03066 -0.0274378 0.999623 -0.000229461
0.651232 12.4326 2.19678 -0.0272493 0.999625 -0.00286266
0.755539 12.439 3.16445 -0.0286194 0.999582 -0.00353042
0.785172 12.4407 3.49627 -0.0299903 0.999543 -0.00362461
-0.161722 12.4103 3.43981 -0.0355783 0.999365 -0.000932494
-0.229225 12.4071 2.45725 -0.0303447 0.999537 -0.00200542
-0.345161 12.4034 1.46776 -0.0300325 0.999549 -0.000151194
-0.366167 12.4019 0.518584 -0.030414 0.999537 -0.000272992
-0.269659 12.4068 -0.554798 -0.0319891 0.99948 0.00380544
-0.208069 12.4093 -1.50336 -0.0342856 0.999411 -0.000983253
-0.176596 12.4098 -2.64423 -0.0320579 0.999486 -0.000583189
-0.209513 12.4106 -3.53247 -0.0339637 0.999418 0.00257876
-1.14255 12.3787 -3.57644 -0.0359027 0.999354 0.001252
-1.07031 12.3795 -2.37975 -0.0376708 0.999289 0.00149685
-1.12772 12.3765 -1.35425 -0.037228 0.999306 -0.00101421
-1.20788 12.3752 -0.34176 -0.0333668 0.999438 -0.00281867
-1.31745 12.3701 0.640452 -0.0386225 0.999254 -0.000584184
-1.24362 12.373 1.62249 -0.0383582 0.999264 0.00062917
-1.09564 12.3764 2.67217 -0.0379566 0.999278 0.00157284
-1.05131 12.3765 3.4313 -0.0430306 0.999074 0.000415026
-1.96617 12.3367 3.54159 -0.0460161 0.99894 0.0010094
-2.02692 12.3363 2.55371 -0.046795 0.998898 0.00362447
-2.2301 12.3321 1.40449 -0.0438484 0.99903 0.00255021
-2.22752 12.3318 0.316077 -0.0444635 0.99901 -0.001063
-2.07948 12.3376 -0.687729 -0.0450972 0.998982 9.59913e-05
-2.00227 12.3419 -1.92611 -0.042801 0.999082 0.000909523
-2.01449 12.3431 -3.02966 -0.0421613 0.999107 0.00279357
-2.03246 12.343 -3.40176 -0.0433904 0.999057 0.00142399
-2.93941 12.3023 -3.29531 -0.0472176 0.998881 0.0025588
-2.90742 12.3018 -2.2072 -0.0466636 0.99891 0.00110302
-2.94044 12.2987 -1.23469 -0.0467523 0.998905 0.00153724
-3.07482 12.2921 -0.181604 -0.0468009 0.998904 -0.00102509
-3.19384 12.2863 1.11031 -0.0533651 0.998567 -0.000351013
-2.99403 12.2913 2.17415 -0.0494937 0.998765 0.00404322
-2.88813 12.2941 3.16695 -0.0481623 0.998837 0.00201234
-2.89853 12.2931 3.46997 -0.0472268 0.99888 0.00290942
-3.81449 12.2454 3.31129 -0.059023 0.998248 0.00419333
-3.89109 12.2442 2.19684 -0.0576672 0.998333 0.00245781
-4.14452 12.2321 1.1203 -0.057307 0.998354 0.00208968
-4.06545 12.2387 0.13942 -0.0573478 0.99835 0.00279867
-3.87659 12.2503 -0.824614 -0.0551529 0.998478 0.000352233
-3.8176 12.2564 -1.82738 -0.0516596 0.99866 0.00304687
-3.84579 12.2573 -2.9832 -0.0509703 0.998697 0.00227424
-3.87334 12.2576 -3.505 -0.0512177 0.998682 0.00309636
-4.79706 12.207 -3.50027 -0.0602919 0.998178 0.00198879
-4.71166 12.2084 -2.30996 -0.055709 0.998441 0.00335245
-4.72132 12.2043 -1.19392 -0.0597722 0.998203 0.00354421
-4.95592 12.1859 -0.0161263 -0.0627853 0.998026 0.0011481
-5.07782 12.1751 1.22129 -0.0623017 0.998053 0.00279134
-4.74662 12.1929 2.41709 -0.0609927 0.998136 0.00207904
-4.7256 12.1906 3.34464 -0.061012 0.998129 0.00394585
-5.67585 12.1294 3.49731 -0.0729809 0.997325 0.00325741
-5.60267 12.1386 2.42122 -0.0669709 0.997748 0.00376629
-6.00392 12.1159 1.29076 -0.0676306 0.997705 0.0031343
-5.91128 12.1235 0.166369 -0.0675142 0.997718 -0.000588303
-5.66779 12.1434 -0.796176 -0.0647767 0.99788 0.00620633
-5.64574 12.1528 -2.02779 -0.061034 0.998124 0.00486096
-5.66374 12.153 -3.06226 -0.0623958 0.998051 0.00121316
-5.70105 12.1512 -3.52203 -0.0627211 0.998028 0.00244529
-6.64259 12.0843 -3.47185 -0.0745293 0.997214 0.000905505
-6.65856 12.0835 -2.48188 -0.0714448 0.997444 -0.000651451
-6.62553 12.0822 -1.27019 -0.0728111 0.997332 0.00409062
-6.71643 12.0682 -0.32574 -0.0768339 0.997021 0.00657544
-6.80744 12.0574 0.71912 -0.0794359 0.996836 0.0025384
-6.53434 12.0755 1.97716 -0.0764785 0.99706 0.00418532
-6.59228 12.0634 2.93099 -0.0780661 0.996917 0.00763268
-6.6849 12.0539 3.45005 -0.0755469 0.997132 -0.00100432
-7.73539 11.9678 3.51143 -0.0884158 0.996068 -0.0055948
-7.64289 11.9771 2.36601 -0.0923229 0.995714 0.00525179
-7.64289 11.9817 1.15076 -0.0915353 0.99579 0.00491581
-7.64289 11.9882 0.135375 -0.0887388 0.996021 0.00805511
-7.64289 11.9935 -0.893102 -0.0937656 0.995583 0.0047172
-7.64289 11.998 -1.85317 -0.0933072 0.995623 0.00278552
-7.64289 12 -2.73791 -0.0917867 0.995776 0.00155323
-7.63878 12.0007 -3.46063 -0.0923385 0.995727 0.00038465
-8.67631 11.8972 -3.53438 -0.106621 0.994291 -0.00308553
-8.74245 11.8887 -2.58867 -0.106391 0.994324 0.000504092
-8.79228 11.8799 -1.42963 -0.111105 0.993783 0.0071157
-8.68658 11.8862 -0.429414 -0.108042 0.994129 0.00559088
-8.62311 11.8843 0.866268 -0.106302 0.99431 0.00570596
-8.84478 11.8581 1.92768 -0.107389 0.99419 0.00415035
-8.81714 11.86 2.91419 -0.105549 0.994411 -0.00232063
-8.61795 11.8817 3.51822 -0.105633 0.994404 -0.000128194
-9.63268 11.7625 3.38434 -0.127256 0.991865 0.00319477
-9.84429 11.7382 2.38359 -0.131816 0.991267 0.00326833
-9.76663 11.7482 1.26506 -0.124489 0.99219 0.00745481
-9.71638 11.7626 0.0586273 -0.124644 0.992196 0.00316591
-9.66865 11.7763 -1.07769 -0.123117 0.992373 0.00608067
-9.62823 11.7852 -2.22962 -0.132987 0.991117 0.000302606
-9.57684 11.7945 -3.22393 -0.128702 0.99168 0.00260406
-9.63591 11.7862 -3.55629 -0.118883 0.992894 -0.00220061
-10.5314 11.6673 -3.32381 -0.13385 0.990984 0.00593093
-10.5253 11.6617 -2.01194 -0.138996 0.990279 0.00529573
-10.6117 11.6454 -1.03798 -0.142888 0.989736 0.00260296
-10.6726 11.6343 -0.0483214 -0.144359 0.989514 0.00475551
-10.7379 11.6224 0.977903 -0.137264 0.990501 0.00583039
-10.798 11.611 1.9474 -0.132011 0.991248 0.000706552
-10.6322 11.6296 3.17949 -0.139799 0.990147 0.00661924
-10.6097 11.632 3.27788 -0.13558 0.990748 0.00602011
-11.51 11.4966 3.50558 -0.152696 0.988255 0.00594761
-11.7123 11.469 2.18322 -0.160617 0.98701 0.00321042
-11.6911 11.4782 1.13757 -0.151514 0.988425 0.00773859
-11.6263 11.4887 0.102307 -0.152566 0.98829 -0.00204949
-11.5511 11.5059 -0.931514 -0.156695 0.987628 0.00570152
-11.4489 11.5272 -1.90862 -0.158256 0.987389 -0.00386247
-11.4313 11.5285 -2.91478 -0.15726 0.987552 0.0029193
-11.4421 11.5285 -3.30337 -0.157544 0.987465 0.00893514
-12.3521 11.3728 -3.37473 -0.182856 0.983133 0.00285802
-12.3623 11.3737 -2.2102 -0.177786 0.983977 -0.00772875
-12.4594 11.3492 -0.994476 -0.183053 0.983016 0.0126375
-12.5492 11.3375 0.00542393 -0.174936 0.984567 0.000463575
-12.6128 11.3219 1.24518 -0.186567 0.982426 0.00534668
-12.5995 11.3148 2.24351 -0.177285 0.984107 0.0090119
-12.4647 11.3332 3.29081 -0.171737 0.985131 0.00487575
-12.4613 11.3336 3.33394 -0.171684 0.985149 0.00251958
-13.389 11.1667 3.48227 -0.179014 0.983845 -0.00105691
-13.498 11.143 2.37481 -0.191948 0.981398 0.00221371
-13.5282 11.1416 1.38247 -0.196336 0.980534 0.0017224
-13.4793 11.159 0.387953 -0.209526 0.977737 0.000650549
-13.3806 11.1766 -0.708996 -0.19887 0.979972 -0.00769617
-13.3284 11.1838 -1.6859 -0.204262 0.978889 0.00726323
-13.2499 11.2007 -2.66344 -0.191971 0.981375 -0.00710189
-13.278 11.1944 -3.43261 -0.196978 0.980373 0.00830823
-14.1799 11.0001 -3.54528 -0.230479 0.972997 0.0121831
-14.1932 11.0007 -2.49793 -0.217591 0.97601 -0.00376285
-14.2616 10.9829 -1.32779 -0.212476 0.977156 0.0044864
-14.3289 10.9676 -0.27784 -0.228147 0.973594 0.0025249
-14.4082 10.9506 0.767352 -0.22999 0.973186 -0.00376548
-14.4504 10.938 1.8936 -0.22226 0.974976 -0.00413954
-14.3846 10.9571 2.89589 -0.222605 0.974902 -0.00110881
-14.3251 10.9742 3.5788 -0.221465 0.975104 -0.00184429
-15.2419 10.7541 3.4241 -0.240677 0.970603 0.00169651
-15.309 10.7382 2.34855 -0.23347 0.972358 -0.00220716
-15.3367 10.7256 1.32146 -0.244281 0.969697 0.00232171
-15.2842 10.7371 0.360076 -0.242602 0.970113 -0.00504005
-15.2083 10.7546 -0.755689 -0.243257 0.969959 0.00234078
-15.1271 10.7796 -1.82824 -0.237378 0.971413 -0.00155246
-15.075 10.791 -2.78529 -0.234474 0.97211 -0.00451806
-15.0556 10.7948 -3.50906 -0.241451 0.970406 -0.00381869
-15.9666 10.5582 -3.44041 -0.260836 0.965379 -0.0026554
-15.9829 10.5553 -2.0938 -0.257538 0.966268 -0.000173675
-16.1164 10.5217 -0.801927 -0.259961 0.965617 -0.00156434
-16.191 10.5048 0.415278 -0.25426 0.967127 -0.00412979
-16.2195 10.5007 1.47684 -0.265107 0.964143 -0.0106465
-16.1758 10.5187 2.62939 -0.256192 0.966621 -0.00276334
-16.1233 10.5308 3.56969 -0.260651 0.965425 8.27921e-05
-16.9888 10.2901 3.598 -0.278627 0.960398 -0.00130067
-17.0695 10.2666 2.457 -0.284556 0.958657 0.0016434
-17.0915 10.258 1.39822 -0.284616 0.95864 0.000838038
-17.061 10.2649 0.168324 -0.279167 0.960187 -0.00866471
-17.0183 10.2706 -0.862717 -0.27716 0.960815 -0.00355496
-16.9218 10.2925 -1.83533 -0.279651 0.960089 -0.00217188
-16.8613 10.3096 -3 -0.28268 0.959193 -0.00159495
-16.8621 10.3086 -3.43418 -0.286209 0.958165 -0.00190553
-17.7418 10.0434 -3.64127 -0.290516 0.956869 0.00138662
-17.7805 10.0324 -2.51488 -0.290183 0.956969 -0.00186204
-17.868 10.0122 -1.1989 -0.294748 0.955551 -0.00613881
-17.9086 10.0026 -0.102954 -0.299816 0.953993 -0.00269418
-17.9564 9.99172 0.886429 -0.301581 0.953436 -0.00286906
-17.9915 9.98168 1.88608 -0.305561 0.952168 -0.00172897
-17.8964 10.0149 3.08418 -0.298664 0.954343 -0.00452314
-17.886 10.0191 3.21917 -0.297046 0.954837 -0.00699409
-18.7543 9.74628 3.42914 -0.303834 0.952693 -0.0078028
-18.8357 9.71156 2.43987 -0.306147 0.951962 -0.00584812
-18.8485 9.70589 1.48031 -0.309086 0.951031 -0.000149373
-18.8098 9.71678 0.473477 -0.30583 0.952077 -0.00419889
-18.7655 9.72617 -0.521095 -0.31054 0.950533 -0.00534025
-18.7255 9.7363 -1.52666 -0.309491 0.950892 -0.00435922
-18.6729 9.75032 -2.55874 -0.304943 0.952356 -0.00142865
-18.6271 9.76633 -3.5248 -0.302834 0.953041 0.00138225
-19.4973 9.4806 -3.45014 -0.319855 0.947464 -0.0012156
-19.5672 9.4573 -2.25855 -0.323675 0.946159 -0.000237258
-19.5957 9.44761 -1.16104 -0.319577 0.94756 0.000627658
-19.6719 9.42675 0.138612 -0.322049 0.946716 -0.00359621
-19.7126 9.41921 1.38534 -0.321111 0.947036 -0.0020339
-19.7051 9.42286 2.47436 -0.315646 0.948868 -0.00410937
-19.6275 9.45357 3.53662 -0.321625 0.946856 -0.00463717
-20.5232 9.1396 3.1684 -0.337815 0.941208 -0.00286154
-20.5733 9.12051 2.11285 -0.330742 0.943717 0.00210214
-20.5582 9.1248 0.741069 -0.339524 0.940581 -0.00543565
-20.4888 9.14098 -0.68512 -0.335631 0.941978 -0.00534852
-20.4292 9.16105 -1.75509 -0.326452 0.945206 -0.00359434
-20.4066 9.16546 -2.78844 -0.332323 0.943165 -0.000761733
-20.4049 9.16364 -3.62102 -0.338094 0.941098 -0.00407643
-21.2735 8.85098 -3.44044 -0.342745 0.939417 -0.00471348
-21.2889 8.84981 -2.48872 -0.347754 0.937574 -0.00338942
-21.3065 8.84436 -1.51689 -0.347085 0.937823 0.00298707
-21.3485 8.82973 -0.537462 -0.347416 0.937708 -0.00236704
-21.425 8.80703 0.607824 -0.349026 0.937083 -0.00754385
-21.4588 8.7968 1.56608 -0.349505 0.936933 -0.00101374
-21.3954 8.82296 2.78587 -0.348079 0.937463 -0.00193151
-21.3414 8.84459 3.56227 -0.347159 0.937805 -0.00167128
-22.2172 8.51858 3.38591 -0.350993 0.936376 -0.00141973
-22.279 8.4903 2.42322 -0.352395 0.935839 -0.00402869
-22.3158 8.47438 1.39136 -0.354495 0.935057 -0.000224144
-22.2756 8.48717 0.253945 -0.354871 0.934911 -0.00299246
-22.223 8.50292 -0.824336 -0.354044 0.935228 -0.000660605
-22.1822 8.5163 -1.77831 -0.351366 0.936237 -0.00138684
-22.1276 8.53513 -2.8789 -0.352805 0.935694 -0.00188395
-22.1193 8.53718 -3.47574 -0.352194 0.935923 -0.00182888
-22.9969 8.19899 -3.62802 -0.361687 0.932295 -0.00289159
-23.0189 8.19436 -2.24426 -0.362286 0.932064 -0.00230386
-23.0858 8.17162 -1.22737 -0.363432 0.931615 -0.00332628
-23.1302 8.15736 -0.0821345 -0.361866 0.932204 -0.00634461
-23.1825 8.14448 0.914512 -0.357853 0.933773 -0.0023376
-23.1554 8.15588 2.20967 -0.363078 0.931758 -0.00139247
-23.1016 8.18112 3.4172 -0.363152 0.931728 -0.00171148
-23.0989 8.1823 3.48581 -0.362963 0.931803 -0.0010024
-23.9496 7.84934 3.58431 -0.372467 0.928042 -0.00173623
-23.9801 7.8325 2.61368 -0.373626 0.927568 -0.00431237
-24.0202 7.8135 1.63612 -0.373274 0.927721 -0.000210787
-24.0131 7.81402 0.47576 -0.372628 0.927964 -0.00531544
-23.9478 7.83611 -0.54689 -0.371231 0.928537 -0.00261283
-23.9141 7.84521 -1.62159 -0.367508 0.930017 -0.00252456
-23.8575 7.86588 -2.72967 -0.366315 0.93049 -0.00106821
-23.8444 7.86806 -3.58387 -0.363762 0.931484 -0.0036926
-24.704 7.5262 -3.67525 -0.372751 0.927928 -0.00253011
-24.7269 7.51906 -2.51344 -0.372721 0.927942 -0.00136032
-24.7485 7.51234 -1.48896 -0.37257 0.928 -0.00255108
-24.7844 7.50035 -0.359265 -0.374587 0.927187 -0.0026621
-24.8718 7.46743 0.636156 -0.376898 0.92625 -0.0028421
-24.8634 7.47327 1.61755 -0.374358 0.927284 -0.000590587
-24.8297 7.48876 2.59577 -0.37595 0.926634 -0.00340356
-24.8031 7.50316 3.50459 -0.377817 0.925868 -0.00470113
-25.6566 7.15369 3.35658 -0.379873 0.925029 -0.00424107
-25.6898 7.13564 2.18309 -0.380648 0.924717 -0.0022489
-25.724 7.11889 0.845646 -0.380484 0.92478 -0.00370559
-25.6471 7.14874 -0.114625 -0.379046 0.925376 -0.00170883
-25.5855 7.17355 -1.18508 -0.376829 0.926282 -0.00031304
-25.5767 7.17466 -2.29029 -0.378522 0.925588 -0.00276074
-25.5527 7.18313 -3.41464 -0.37693 0.926241 -0.00109386
-25.5551 7.18197 -3.59909 -0.376516 0.926409 -0.00114233
12.7571 11.4984 3.39742 0.255667 0.96661 -0.0153811
12.5468 11.5365 4.42972 0.264945 0.96359 0.0280222
11.4339 11.8231 4.70413 0.230647 0.972664 -0.0269363
10.2698 12.0473 4.7009 0.156025 0.987463 -0.0237408
9.22069 12.1857 4.69277 0.106595 0.993832 -0.0281554
8.1327 12.2905 4.69921 0.0757348 0.996843 -0.023622
6.94571 12.3601 4.69134 0.0473233 0.998862 -0.00540729
5.81111 12.4153 4.67644 0.0450392 0.998979 0.00175811
4.75706 12.4563 4.65412 0.0367053 0.999325 0.00106363
3.46843 12.4883 4.66392 0.0149546 0.999881 -0.00367146
2.11949 12.4799 4.65463 -0.0152101 0.999846 -0.00873456
0.716372 12.4451 4.64297 -0.0322016 0.999457 -0.00691914
-0.366861 12.4061 4.61638 -0.0420714 0.999109 -0.00213375
-1.6638 12.3493 4.67056 -0.0437563 0.999042 -0.000100034
-2.99133 12.2854 4.65716 -0.0507701 0.998709 0.00170928
-4.24836 12.2162 4.6277 -0.0586172 0.99828 0.000249971
-5.42341 12.144 4.63783 -0.0637973 0.997962 -0.00123228
-6.77656 12.0501 4.66244 -0.0733869 0.997299 -0.00269827
-7.88312 11.9556 4.62923 -0.0954347 0.995432 0.000736482
-8.99681 11.8385 4.62753 -0.109864 0.993946 0.000650957
-10.3487 11.6648 4.61631 -0.135123 0.990826 -0.00224178
-11.6487 11.4737 4.60097 -0.156704 0.987583 -0.00866154
-12.9948 11.2411 4.67296 -0.181951 0.983294 -0.00500682
-14.2042 10.9981 4.67928 -0.213853 0.976842 -0.00638026
-15.4094 10.7143 4.65827 -0.239404 0.970882 -0.00860795
-16.5648 10.4117 4.65357 -0.269955 0.962832 -0.00869922
-17.7667 10.0641 4.70499 -0.291897 0.956442 -0.00375878
-18.7998 9.74037 4.6359 -0.30388 0.952693 -0.00566927
-19.8953 9.36696 4.60174 -0.324666 0.945815 -0.00509565
-20.9822 8.97956 4.63979 -0.342859 0.939372 -0.00521568
-22.0677 8.57894 4.66608 -0.35129 0.936254 -0.00332554
-23.1101 8.18044 4.68916 -0.361296 0.932445 -0.0026727
-24.0936 7.79345 4.67934 -0.368755 0.929527 0.000106751
-25.128 7.37448 4.62352 -0.378154 0.925741 -0.00161203
-26.2117 6.92875 4.62131 -0.383076 0.92371 -0.00362024
-26.8769 6.64939 3.98472 -0.386568 0.922257 -0.00270014
-26.9199 6.62885 2.912 -0.385242 0.922813 -0.00219468
-26.9153 6.6269 1.48405 -0.385345 0.922769 -0.00242082
-26.8971 6.6323 0.365909 -0.384692 0.923044 -0.00110463
-26.9146 6.62409 -0.861188 -0.384783 0.923007 -0.000432448
-26.9192 6.6204 -2.28014 -0.383524 0.92353 -0.00105118
-26.9205 6.61949 -3.56032 -0.383192 0.923669 -0.000504901
-26.5867 6.75753 -4.6104 -0.381195 0.924495 -0.000669602
-25.2941 7.28669 -4.71976 -0.375892 0.926662 5.26772e-05
-24.2926 7.68851 -4.7405 -0.36839 0.929671 0.00100712
-23.1128 8.15265 -4.72309 -0.364595 0.931165 -0.00026156
-21.9275 8.60705 -4.70279 -0.351102 0.936337 -0.000402167
-20.7718 9.031 -4.68124 -0.338018 0.941126 0.00225173
-19.7124 9.40586 -4.69986 -0.326675 0.945107 -0.00228327
-18.6187 9.77033 -4.72304 -0.306745 0.951786 -0.00200906
-17.4832 10.1248 -4.71955 -0.288481 0.957479 0.000912663
-16.4313 10.4318 -4.67397 -0.267072 0.963657 0.000109072
-15.3364 10.7216 -4.69019 -0.245996 0.969268 0.00238811
-14.0635 11.0367 -4.71381 -0.231516 0.972775 0.00598393
-12.9705 11.2579 -4.65195 -0.182879 0.98313 0.00316698
-11.9227 11.4482 -4.67873 -0.173771 0.984786 0.000658179
-10.7593 11.6359 -4.68703 -0.142291 0.989769 -0.00406926
-9.52844 11.8022 -4.69491 -0.125185 0.992089 0.00133317
-8.27749 11.9416 -4.67603 -0.107248 0.994207 0.00693657
-7.12658 12.0478 -4.62211 -0.084574 0.996379 0.00731292
-6.06273 12.1311 -4.66572 -0.0740331 0.997211 0.00908207
-4.94617 12.2025 -4.67165 -0.0599602 0.998169 0.00781541
-3.75797 12.268 -4.62421 -0.0461651 0.998922 0.00477536
-2.6687 12.3181 -4.621 -0.0454101 0.998949 0.00621769
-1.41607 12.3708 -4.64137 -0.0391754 0.999226 0.00343475
-0.361561 12.411 -4.67775 -0.0360478 0.999333 0.0056625
0.771782 12.4496 -4.73582 -0.032206 0.999451 0.00770187
1.84642 12.4789 -4.76256 -0.0204524 0.999718 0.0110941
3.3171 12.4985 -4.70547 -0.00162316 0.999972 0.00704745
4.68733 12.4879 -4.66735 0.0160546 0.999829 0.00869636
5.96331 12.4549 -4.69522 0.0441845 0.998999 0.00695265
7.19932 12.3853 -4.65621 0.0808805 0.996464 0.0175109
8.25446 12.2774 -4.6879 0.114035 0.993366 0.0146115
9.51632 12.1016 -4.69521 0.158748 0.987153 0.0161745
10.579 11.8857 -4.69009 0.216129 0.976316 0.0073179
11.5283 11.5915 -4.42744 0.345342 0.937987 -0.00198496
11.9343 11.4932 -3.15719 0.308414 0.95004 -0.0431681
12.3266 11.4462 -1.87091 0.291935 0.954955 -0.0526052
12.67 11.424 -0.548231 0.275493 0.959049 -0.0656816
12.9471 11.3989 0.811564 0.260568 0.965107 -0.0250878
12.9715 11.4174 2.05252 0.254567 0.966838 -0.0204309
12.7885 11.4889 3.24516 0.27081 0.962363 -0.0115018
13.7833 11.1688 3.42962 0.336281 0.940426 0.0453992
13.6303 11.1835 4.7388 0.335423 0.941652 0.0279602
13.1316 11.3539 5.66811 0.355132 0.934808 0.0035303
12.0464 11.7032 5.74672 0.291914 0.955446 -0.0349229
10.8388 11.9862 5.76885 0.189832 0.980299 -0.0545251
9.74194 12.1712 5.7445 0.130333 0.990211 -0.0443498
8.4873 12.2884 5.73889 0.0808322 0.996323 -0.0283958
7.39346 12.3461 5.7684 0.0410246 0.999131 -0.00382951
6.32189 12.3903 5.73547 0.0433659 0.999058 0.00146812
5.18545 12.439 5.68745 0.0426407 0.999089 0.00187435
3.83642 12.4894 5.74066 0.0210391 0.999738 -0.00634514
2.62149 12.5015 5.6753 -0.00845832 0.99954 -0.0280366
1.50482 12.479 5.70779 -0.0299785 0.999357 -0.0187693
0.193948 12.4316 5.66519 -0.0416061 0.999124 -0.00411472
-1.03614 12.3775 5.69156 -0.0466474 0.998911 -0.000104479
-2.23296 12.3206 5.76023 -0.0485364 0.998817 0.00292901
-3.65939 12.2484 5.68542 -0.0531576 0.998583 0.00249352
-4.78215 12.1851 5.66661 -0.0594438 0.998231 -0.000127885
-5.97793 12.1098 5.72585 -0.0649367 0.997887 -0.00198497
-7.14706 12.0227 5.72838 -0.0809993 0.996706 -0.00345332
-8.24474 11.9212 5.69878 -0.103101 0.994659 -0.00458469
-9.58814 11.7716 5.70291 -0.123319 0.99235 -0.00362269
-10.8393 11.6038 5.68783 -0.140048 0.989988 -0.0176259
-11.8843 11.4453 5.68138 -0.161984 0.986691 -0.0141873
-12.9332 11.2643 5.72612 -0.179404 0.98368 -0.0136645
-14.18 11.0119 5.75273 -0.217041 0.976096 -0.0110772
-15.2479 10.7637 5.70579 -0.233051 0.972428 -0.00833381
-16.3935 10.4682 5.71306 -0.264903 0.964219 -0.0103602
-17.5526 10.1364 5.76076 -0.284888 0.958486 -0.0104979
-18.7051 9.77881 5.73085 -0.299805 0.953969 -0.00781335
-19.7018 9.44225 5.63907 -0.328127 0.944544 -0.0125597
-20.793 9.05607 5.72552 -0.340508 0.940175 -0.0103237
-21.8957 8.64944 5.7163 -0.348621 0.937234 -0.00750008
-23.0026 8.2281 5.7372 -0.365174 0.930925 -0.00466371
-24.2254 7.74314 5.74306 -0.369364 0.929277 -0.00366399
-25.4182 7.25918 5.68294 -0.38018 0.924905 -0.0034353
-26.5588 6.78772 5.74091 -0.385126 0.92286 -0.00262995
-27.7342 6.29341 5.43156 -0.38832 0.92152 -0.00287785
-27.8729 6.23115 4.10264 -0.389218 0.921142 -0.0026292
-27.9065 6.2135 2.88976 -0.389577 0.920989 -0.00292552
-27.8932 6.2172 1.65918 -0.389052 0.921215 -0.00139378
-27.8687 6.22553 0.337709 -0.387984 0.921665 -0.000944182
-27.887 6.21763 -0.876783 -0.386398 0.922332 -0.000372949
-27.891 6.2156 -2.04399 -0.386318 0.922365 3.81728e-05
-27.9053 6.20983 -3.14259 -0.386237 0.922399 -0.000322305
-27.8774 6.2217 -4.21604 -0.385405 0.922747 0.000990835
-27.8175 6.24814 -5.33225 -0.3834 0.923581 0.00141599
-26.8743 6.63966 -5.69098 -0.380875 0.924624 0.00192261
-25.5652 7.17629 -5.78277 -0.37555 0.92679 0.00471967
-24.5583 7.58146 -5.7928 -0.370934 0.928657 -0.00221267
-23.2979 8.07934 -5.75688 -0.364007 0.931394 0.00040746
-22.2836 8.47199 -5.75366 -0.356169 0.934413 0.00399104
-21.1523 8.89595 -5.73009 -0.346632 0.937987 0.00512098
-20.022 9.29846 -5.74706 -0.326459 0.945202 0.00295958
-18.9142 9.67268 -5.78234 -0.309654 0.950802 0.00337079
-17.8471 10.0116 -5.76567 -0.297426 0.954709 -0.00426082
-16.5696 10.3934 -5.73386 -0.271746 0.962351 0.00151038
-15.3086 10.7335 -5.74002 -0.248821 0.968507 0.00893618
-14.2801 10.9879 -5.77496 -0.226361 0.97403 0.00435491
-13.1457 11.2305 -5.76188 -0.185727 0.982564 0.00851159
-11.8213 11.4707 -5.72978 -0.163316 0.98657 0.000510222
-10.7585 11.6402 -5.7264 -0.144196 0.989454 0.01356
-9.49963 11.8137 -5.75377 -0.127568 0.99177 0.0108004
-8.30777 11.9506 -5.75789 -0.0994424 0.994955 0.0124538
-7.18097 12.0557 -5.68227 -0.0877504 0.996001 0.0165901
-6.04827 12.1424 -5.7381 -0.0697634 0.997467 0.0132464
-4.98128 12.212 -5.7331 -0.0608362 0.99805 0.0137823
-3.8308 12.273 -5.69791 -0.0468632 0.998845 0.0105526
-2.55943 12.3309 -5.70004 -0.0449421 0.998951 0.00875011
-1.16411 12.3861 -5.72583 -0.0372119 0.999293 0.00530958
0.218473 12.4409 -5.75813 -0.0412177 0.999093 0.00906014
1.55277 12.4903 -5.77464 -0.0295778 0.999321 0.0213436
2.90639 12.5095 -5.77308 -0.00456234 0.999915 0.0122066
4.13839 12.5052 -5.75414 0.00925134 0.99993 0.00710551
5.47811 12.4826 -5.75733 0.0211569 0.999721 0.0103401
6.57376 12.4447 -5.75086 0.0492611 0.998151 0.0353992
7.94426 12.3427 -5.70735 0.0989611 0.993672 0.0531208
9.0787 12.1939 -5.74024 0.152172 0.988014 0.0255946
10.2968 11.9672 -5.75903 0.195278 0.980009 0.0333756
11.553 11.6051 -5.74213 0.344376 0.93854 0.0205167
12.4316 11.2149 -5.44062 0.435532 0.900041 -0.010243
12.6208 11.1608 -4.37432 0.428948 0.902375 -0.0384827
12.8843 11.1322 -3.34866 0.370103 0.923169 -0.101587
13.2776 11.0983 -2.25237 0.36463 0.922677 -0.125339
13.6157 11.1055 -0.982486 0.319893 0.942425 -0.0973282
13.899 11.0991 0.206793 0.289317 0.955657 -0.0540383
14.0261 11.1127 1.30841 0.27766 0.960496 -0.015872
13.955 11.1356 2.61964 0.285763 0.958254 0.00940579
13.8199 11.1662 3.28059 0.317767 0.946958 0.0401734
14.7671 10.808 3.54383 0.356175 0.929925 0.0878742
15.0922 10.8046 2.26792 0.285889 0.957586 0.0359448
15.0113 10.798 1.04417 0.300276 0.952777 -0.0452646
14.8421 10.7682 -0.34795 0.298356 0.952107 -0.0668587
14.4851 10.7366 -1.53276 0.355756 0.926491 -0.122459
14.1934 10.6897 -2.61197 0.341456 0.926863 -0.153279
13.704 10.6809 -3.8365 0.478276 0.85966 -0.173607
13.4932 10.6789 -4.88756 0.513235 0.857084 -0.0362681
13.4401 10.6608 -6.00749 0.524168 0.851415 -0.018461
12.9668 10.9647 -6.77897 0.571699 0.820447 0.00332886
12.028 11.4828 -6.79764 0.408338 0.906757 0.103816
10.9681 11.8299 -6.81209 0.28261 0.958235 0.043756
9.85817 12.1089 -6.83368 0.180908 0.977733 0.104653
8.57667 12.3144 -6.79139 0.139238 0.989672 0.0322901
7.42045 12.4516 -6.7799 0.0511183 0.992778 0.104327
6.25272 12.4858 -6.83372 0.0177769 0.999451 0.0277781
5.05921 12.4903 -6.7807 0.0164921 0.999748 -0.0140044
4.00476 12.5138 -6.80374 0.023662 0.999704 0.00567926
2.93816 12.5333 -6.82027 0.00902618 0.999599 0.0248871
1.86885 12.5266 -6.80486 -0.0378794 0.998396 0.0417677
0.752587 12.475 -6.80899 -0.0761998 0.996975 0.00944585
-0.461947 12.4096 -6.78131 -0.0288427 0.999495 -0.0123231
-1.54476 12.3808 -6.78601 -0.0351454 0.99933 0.0101729
-2.66612 12.338 -6.77604 -0.0397251 0.999126 0.0130158
-3.85726 12.2846 -6.79714 -0.0481817 0.998754 0.0130172
-5.08133 12.2216 -6.80154 -0.0555696 0.998254 0.0191863
-6.30811 12.1428 -6.83475 -0.0719245 0.997225 0.018973
-7.54115 12.0426 -6.76818 -0.091201 0.995429 0.0275283
-8.72941 11.9186 -6.8123 -0.114278 0.993284 0.0175802
-9.80367 11.7872 -6.80968 -0.134038 0.990876 0.0133593
-11.0079 11.6208 -6.82175 -0.147345 0.988903 0.0154861
-12.2198 11.4174 -6.81579 -0.175464 0.984389 0.0137739
-13.2773 11.2208 -6.80494 -0.189725 0.981582 0.0223684
-14.5123 10.9431 -6.81971 -0.224992 0.974152 0.0200489
-15.5533 10.6832 -6.78923 -0.252368 0.96721 0.0285469
-16.6394 10.387 -6.79533 -0.275609 0.960973 0.0222954
-17.8236 10.0292 -6.80904 -0.302084 0.953089 0.0191666
-18.8814 9.68966 -6.82803 -0.318233 0.947922 0.0123169
-20.0424 9.29796 -6.80299 -0.327615 0.944761 0.0096767
-21.2283 8.87535 -6.79049 -0.341109 0.940004 0.00612637
-22.4898 8.39729 -6.83423 -0.361279 0.932449 0.003981
-23.7187 7.91731 -6.80387 -0.366976 0.930214 0.00534746
-24.904 7.44653 -6.81001 -0.371941 0.928246 0.00422879
-25.924 7.03463 -6.8195 -0.379796 0.925058 0.00468074
-26.9773 6.60004 -6.76335 -0.382098 0.924119 0.00247824
-27.9838 6.18241 -6.78635 -0.384281 0.923209 0.00375709
-28.8364 5.82414 -6.33027 -0.386245 0.922395 0.00153118
-28.8509 5.81618 -5.21311 -0.386766 0.922177 0.00158638
-28.8409 5.81715 -4.08981 -0.388169 0.921584 0.00240889
-28.88 5.79953 -2.99121 -0.389373 0.92108 0.000613348
-28.8459 5.81379 -1.85184 -0.388856 0.921299 0.000510368
-28.867 5.80391 -0.55644 -0.390098 0.920773 0.000825698
-28.8299 5.81929 0.675905 -0.391847 0.92003 -0.000461881
-28.8705 5.80293 1.8494 -0.391972 0.919976 -0.0011296
-28.8775 5.80127 2.91413 -0.392248 0.919857 -0.00200692
-28.8623 5.8108 4.00808 -0.391664 0.920102 -0.0032803
-28.8634 5.8145 5.08549 -0.390847 0.92045 -0.00331529
-28.8684 5.81678 6.19065 -0.391743 0.920065 -0.00392873
-28.0045 6.18589 6.74292 -0.388183 0.921557 -0.00650713
-27.0008 6.60718 6.79943 -0.386264 0.922378 -0.00441988
-26.0223 7.01546 6.79141 -0.383621 0.923478 -0.00488312
-24.6552 7.57629 6.80423 -0.378138 0.925716 -0.0078045
-23.6206 7.99124 6.79651 -0.367897 0.929777 -0.0127456
-22.5443 8.41105 6.77653 -0.360455 0.932749 -0.00544311
-21.5534 8.78642 6.79901 -0.351725 0.936067 -0.00821323
-20.4554 9.19025 6.7954 -0.342474 0.939487 -0.00863512
-19.4052 9.56034 6.70752 -0.318237 0.947909 -0.0137757
-18.4099 9.88969 6.81226 -0.299151 0.954036 -0.0174731
-17.3948 10.1962 6.81919 -0.280186 0.959843 -0.0139955
-16.2013 10.5321 6.7834 -0.256396 0.966383 -0.0161217
-14.8713 10.8675 6.79521 -0.242161 0.969743 -0.0250143
-13.5997 11.1533 6.82958 -0.2016 0.979055 -0.0283952
-12.5034 11.3566 6.75553 -0.174047 0.984649 -0.0131685
-11.4064 11.5407 6.74346 -0.146204 0.989054 -0.0162519
-10.1166 11.7176 6.77474 -0.132562 0.990814 -0.0264859
-8.90557 11.8651 6.76839 -0.110509 0.993722 -0.0146155
-7.554 11.9976 6.7479 -0.0869433 0.99603 -0.0190702
-6.04611 12.1106 6.77823 -0.0630996 0.997968 -0.00831836
-4.90312 12.1776 6.76429 -0.0587656 0.998269 -0.00132655
-3.65437 12.2463 6.76263 -0.0521357 0.998639 0.00154897
-2.49727 12.305 6.77544 -0.0492983 0.998782 0.00188622
-1.31067 12.364 6.80325 -0.0537318 0.99854 0.00485347
-0.0245677 12.4265 6.70821 -0.0475131 0.998868 -0.00244941
1.05808 12.482 6.76907 -0.0473777 0.998634 -0.0193461
2.32293 12.5208 6.73454 -0.0277925 0.999179 -0.02853
3.72082 12.5159 6.80614 0.0492411 0.99786 -0.0371913
4.83369 12.4549 6.74482 0.0712334 0.997246 0.0110687
6.17353 12.3844 6.77346 0.0444364 0.998534 0.0304563
7.35202 12.3464 6.79515 -0.00633784 0.999149 -0.00900141
8.4197 12.3321 6.78388 0.0332339 0.998415 -0.0454182
9.65052 12.2429 6.78301 0.107231 0.990716 -0.0834556
11.0857 11.9887 6.78157 0.193934 0.979686 -0.0505702
12.2977 11.6709 6.7595 0.339765 0.939232 -0.0482058
13.2992 11.2798 6.79453 0.348125 0.936314 0.0262054
14.4203 10.8673 6.48886 0.411813 0.905619 -0.0789444
14.5988 10.7765 5.13145 0.422248 0.905088 0.0478811
14.6811 10.8056 4.02017 0.393013 0.916477 0.0706294
14.7001 10.8096 3.89879 0.372967 0.9245 0.0775401
