13.2705 12.3116 -0.274054 0.188141 0.979867 -0.0667902
13.239 12.3743 0.69445 0.131623 0.991222 -0.0123865
13.2057 12.3854 1.66609 0.132104 0.991232 -0.00230202
13.2019 12.3811 2.70575 0.17031 0.985287 -0.0120239
13.2043 12.3666 3.30211 0.226568 0.97396 0.00824941
12.3003 12.5334 3.42661 0.142479 0.989778 -0.00227764
12.2858 12.523 2.43987 0.145823 0.989231 -0.0124119
12.2978 12.5081 1.23218 0.130918 0.991185 -0.0202636
12.3322 12.4774 0.0885812 0.126675 0.991366 -0.0328248
12.3681 12.419 -1.05284 0.153249 0.987807 -0.027373
12.4188 12.3862 -2.002 0.159058 0.986914 -0.025779
12.4395 12.3353 -3.10528 0.202958 0.977642 -0.046915
12.4355 12.3213 -3.51112 0.244846 0.968005 -0.0546998
11.5338 12.5094 -3.5099 0.183804 0.982942 -0.00566256
11.5179 12.5209 -2.47017 0.170322 0.985153 -0.0163934
11.4608 12.5514 -1.32556 0.137508 0.9903 -0.0111066
11.4233 12.5742 -0.358807 0.122341 0.992207 -0.0229729
11.3973 12.605 0.711672 0.108994 0.99369 -0.026451
11.3729 12.6241 1.66242 0.104198 0.994462 -0.0136834
11.3765 12.6388 2.87955 0.120073 0.992671 -0.0126357
11.4261 12.6446 3.5432 0.126703 0.99168 -0.0226413
10.4886 12.7403 3.30596 0.0880278 0.995888 -0.0214234
10.4576 12.7228 2.32271 0.095845 0.995204 -0.0195394
10.4504 12.7081 1.35038 0.0914397 0.995708 -0.0143128
10.4706 12.685 0.16559 0.0907002 0.995751 -0.015242
10.5073 12.6666 -0.864914 0.100325 0.994912 -0.00912062
10.5751 12.6554 -1.89935 0.120598 0.992672 -0.00766858
10.6163 12.6441 -3.047 0.123696 0.992319 -0.00182324
10.6151 12.6438 -3.46832 0.12289 0.992403 0.00571108
9.71029 12.7515 -3.6332 0.108999 0.993948 0.0136406
9.68245 12.7464 -2.50156 0.0958384 0.995392 0.00307933
9.6215 12.7532 -1.31856 0.0856074 0.996329 0.000824323
9.55126 12.7611 -0.267194 0.0778504 0.996868 -0.0139277
9.55384 12.7731 0.743963 0.0742964 0.997148 -0.0130255
9.51994 12.7911 1.81887 0.072519 0.99722 -0.0152744
9.55271 12.8087 3.15986 0.0763006 0.996889 -0.0191338
9.56423 12.8167 3.5622 0.0669441 0.997544 -0.0202745
8.64231 12.8733 3.44498 0.0532062 0.99844 -0.0159279
8.5793 12.8607 2.49813 0.0573077 0.998236 -0.0154612
8.60117 12.8445 1.3343 0.0597844 0.998136 -0.0122113
8.61894 12.8348 0.232539 0.0669938 0.997707 -0.00962988
8.65424 12.8309 -0.893463 0.0707373 0.997494 0.00135247
8.74922 12.8266 -2.06192 0.0784425 0.996918 0.00129893
8.77824 12.8297 -3.01575 0.0803174 0.996707 0.0109046
8.77639 12.8371 -3.62488 0.0742331 0.997187 0.0103375
7.86034 12.9034 -3.65544 0.0636458 0.9979 0.0117931
7.83474 12.8936 -2.53519 0.0561409 0.998397 0.00711757
7.75282 12.8914 -1.24589 0.0590281 0.998239 0.00519256
7.70106 12.8902 -0.201081 0.0517426 0.998641 0.00123634
7.67436 12.8919 0.870473 0.0461162 0.998898 -0.00871019
7.65987 12.9026 2.14399 0.0364577 0.999295 -0.00901319
7.70697 12.9129 3.23423 0.0286948 0.999533 -0.0104875
7.72582 12.9157 3.56162 0.0289659 0.999504 -0.0121919
6.78069 12.94 3.59518 0.0241224 0.999663 -0.00956705
6.74696 12.9351 2.50584 0.0200524 0.999787 -0.00488181
6.74264 12.9283 1.3213 0.0241594 0.999696 -0.00450201
6.76526 12.9265 0.198118 0.0276868 0.999581 0.00846378
6.82156 12.9307 -1.06456 0.0397789 0.99919 0.00534072
6.88855 12.9405 -2.26658 0.0407365 0.999094 0.0123543
6.92713 12.9512 -3.34324 0.043127 0.999017 0.00928357
6.9411 12.9527 -3.59912 0.0484857 0.998753 0.0113822
5.99332 12.9855 -3.37785 0.0341681 0.999381 0.0081954
5.96199 12.9755 -2.30226 0.0290209 0.999463 0.0140978
5.90699 12.9609 -1.10295 0.0246827 0.999646 0.0098853
5.84636 12.9543 -0.144094 0.0262754 0.99962 0.0083157
5.79256 12.9478 1.10797 0.0162068 0.999866 0.000571131
5.79821 12.9497 2.12603 0.0116387 0.999896 -0.0082645
5.81539 12.9555 3.08571 0.0113642 0.999922 -0.00514126
5.8395 12.9566 3.44338 0.0172935 0.999842 -0.00400218
4.90027 12.9623 3.32326 0.00131623 0.999983 -0.00481202
4.86247 12.9594 2.09136 0.000745576 0.999993 -0.00339316
4.87321 12.9564 1.10131 0.00492985 0.999979 0.00330896
4.89475 12.9633 0.105182 0.00959142 0.999908 0.00957719
4.96513 12.9792 -1.10923 0.00598028 0.99987 0.0148137
5.03813 12.991 -2.15319 0.000202761 0.999965 0.0079917
5.07988 12.9971 -3.47536 0.00117692 0.999998 -0.00111555
5.07991 12.997 -3.51608 0.000251227 0.999995 -0.00323168
4.16163 12.9942 -3.5959 -0.00577545 0.999981 -0.00186818
4.10032 12.9914 -2.62741 -0.00613919 0.999962 0.00615373
4.04181 12.9802 -1.35415 -0.0163274 0.999808 0.0108798
4.00221 12.9666 -0.256435 -0.00121488 0.999937 0.00998009
3.96076 12.9576 0.970592 -0.0107289 0.99993 0.00383081
3.90788 12.9573 2.06218 -0.00712631 0.999973 0.00038429
3.91687 12.9605 3.0943 -0.0093591 0.999937 -0.00625968
3.93965 12.9618 3.26668 -0.00931537 0.999937 -0.00631072
3.0151 12.9525 3.28664 -0.0130252 0.999886 -0.00766586
2.95025 12.946 2.0993 -0.0137791 0.999898 -0.00373162
2.99574 12.9462 1.07147 -0.0143249 0.999892 0.00190111
3.0526 12.9513 0.11351 -0.0168542 0.99984 0.00605614
3.09035 12.9606 -1.04197 -0.0191081 0.99977 0.00942506
3.14834 12.974 -2.08798 -0.0210666 0.999731 0.00855286
3.21926 12.9817 -3.2404 -0.0183825 0.999828 0.00238425
3.23308 12.9825 -3.45777 -0.0215884 0.999762 0.000419346
2.30047 12.9579 -3.56701 -0.0277647 0.99961 0.00282425
2.24217 12.9521 -2.45822 -0.0294979 0.999556 0.00413696
2.16674 12.9422 -1.25434 -0.0265697 0.99963 0.00587481
2.12477 12.935 -0.0667974 -0.0223623 0.999744 0.00342445
2.05493 12.9299 1.09359 -0.0182649 0.999828 0.00136314
2.01997 12.9308 2.22981 -0.0205622 0.999782 -0.00363902
2.10817 12.9394 3.41306 -0.0190599 0.999782 -0.00855039
2.11686 12.9404 3.51197 -0.0180849 0.999806 -0.00769861
1.17548 12.9178 3.52689 -0.0267031 0.999626 -0.00581489
1.07903 12.9103 2.3977 -0.0254485 0.99967 -0.00332257
1.11213 12.9097 1.32765 -0.0236034 0.99972 -0.00087098
1.16353 12.9114 0.333381 -0.0235968 0.999719 0.00195955
1.23731 12.9166 -0.877389 -0.0250757 0.999677 0.00400947
1.2916 12.9219 -1.92815 -0.0294549 0.99956 0.00340416
1.33132 12.9275 -3.07427 -0.0298906 0.999544 0.0042167
1.35495 12.9298 -3.454 -0.0297567 0.999547 0.00450631
0.411843 12.8991 -3.30384 -0.0333689 0.999437 0.00332874
0.370422 12.8943 -2.04703 -0.0307533 0.999524 0.0026343
0.332031 12.8918 -1.05302 -0.0289311 0.99958 0.00153386
0.27313 12.8885 -0.021251 -0.0289377 0.999581 0.000960924
0.206016 12.8858 0.962617 -0.0292309 0.999572 0.000627826
0.133021 12.8837 2.09199 -0.0300206 0.999549 -0.000136044
0.231079 12.8883 3.21645 -0.0321342 0.999481 -0.00227202
0.244456 12.8891 3.34786 -0.0327029 0.999461 -0.00290842
-0.68695 12.8572 3.45238 -0.0386826 0.99925 -0.000239757
-0.813753 12.8523 2.45386 -0.034176 0.999413 -0.000167702
-0.780195 12.8555 1.48289 -0.0326685 0.999464 0.00209939
-0.672983 12.8606 0.444804 -0.0326607 0.999466 3.4467e-05
-0.615567 12.8617 -0.654269 -0.0342037 0.999415 -0.000340295
-0.548128 12.8637 -1.64561 -0.0344199 0.999407 -0.000208834
-0.549538 12.8646 -2.65031 -0.0343117 0.999409 0.00188232
-0.507863 12.8683 -3.58374 -0.035661 0.999359 0.00292724
-1.47075 12.8334 -3.48753 -0.0388435 0.99924 0.00294173
-1.48634 12.8307 -2.41318 -0.0370468 0.999311 0.00218822
-1.47727 12.8302 -1.39606 -0.0379432 0.999278 -0.00153205
-1.58902 12.8275 -0.384269 -0.0412346 0.999143 -0.00335108
-1.65296 12.8257 0.788793 -0.0399581 0.9992 0.000959814
-1.76438 12.8167 2.04095 -0.0427564 0.999067 0.00601645
-1.68247 12.816 3.16724 -0.0427007 0.999085 0.00219871
-1.65907 12.8167 3.30123 -0.0426986 0.999086 0.00174505
-2.54891 12.7765 3.52686 -0.0452473 0.998975 0.00139787
-2.70161 12.7721 2.57098 -0.04542 0.998963 0.0031943
-2.64914 12.7809 1.43502 -0.0480862 0.998833 0.00355007
-2.52334 12.7894 0.215082 -0.0480587 0.998841 0.00130585
-2.49495 12.7885 -0.817803 -0.0440114 0.999029 -0.00034207
-2.41849 12.7924 -1.97147 -0.0417145 0.999128 0.00186324
-2.43298 12.7949 -3.12272 -0.0429955 0.999072 0.00269956
-2.43941 12.7954 -3.5089 -0.041379 0.999138 0.0031532
-3.36001 12.7545 -3.31056 -0.0461373 0.998926 0.00433976
-3.35933 12.7514 -2.28829 -0.0487277 0.99881 0.00220325
-3.37082 12.749 -1.32512 -0.0480545 0.998841 0.00196613
-3.46295 12.7431 -0.374762 -0.0509132 0.998702 0.000324002
-3.49983 12.7399 0.763045 -0.0528668 0.998597 0.00296424
-3.62284 12.73 1.72616 -0.0525482 0.998609 0.00422062
-3.62104 12.727 2.70261 -0.0497803 0.998755 0.00333314
-3.48347 12.7315 3.59099 -0.0502643 0.998731 0.00271701
-4.43682 12.68 3.41896 -0.0566423 0.998389 0.00345729
-4.54288 12.6769 2.37942 -0.056631 0.99839 0.00327642
-4.45363 12.6859 1.32116 -0.0567644 0.998377 0.00457735
-4.3741 12.6941 0.296908 -0.0544846 0.99851 0.00300163
-4.36722 12.6974 -0.918513 -0.0515347 0.998666 0.00329038
-4.28218 12.7046 -1.88085 -0.0542543 0.998525 0.00213391
-4.31003 12.7068 -2.93347 -0.0508839 0.998697 0.00386138
-4.30066 12.7096 -3.43427 -0.0505333 0.998711 0.00472893
-5.2531 12.6587 -3.34672 -0.0559586 0.99842 0.00502713
-5.23875 12.6526 -2.06058 -0.057589 0.998326 0.00503409
-5.30621 12.6452 -1.03131 -0.0613541 0.99811 0.00331043
-5.24699 12.6449 0.215224 -0.0587451 0.998268 0.00310231
-5.40332 12.6309 1.46973 -0.0582865 0.998291 0.00421614
-5.3868 12.6268 2.43697 -0.0618779 0.998075 0.00380605
-5.40794 12.6232 3.42295 -0.0590874 0.998248 0.00301213
-5.38665 12.6242 3.52906 -0.0592456 0.99824 0.00261429
-6.31716 12.5596 3.40315 -0.0755129 0.99714 0.00304388
-6.23314 12.5735 2.13382 -0.0683567 0.997633 0.00739593
-6.17577 12.5842 1.20061 -0.0661545 0.997799 0.00406
-6.16572 12.5877 0.264981 -0.0693442 0.997591 0.00199984
-6.35791 12.5775 -0.881052 -0.0667355 0.997756 0.00544372
-6.30503 12.5884 -2.10834 -0.0656951 0.997811 0.00755354
-6.2984 12.5941 -3.27322 -0.0670638 0.997742 0.00107023
-6.30851 12.5949 -3.63783 -0.0690113 0.997609 0.00362891
-7.24082 12.5275 -3.65869 -0.0778989 0.996949 0.00319706
-7.28748 12.5188 -2.61477 -0.0798371 0.996793 0.00550168
-7.24972 12.5173 -1.65811 -0.0801388 0.996776 0.003913
-7.24869 12.5118 -0.642375 -0.0767068 0.997038 0.00560357
-7.23289 12.5094 0.325795 -0.0780125 0.996949 0.00240149
-7.24082 12.5059 1.32614 -0.0775609 0.996965 0.00604552
-7.21966 12.4971 2.4272 -0.0764711 0.997031 0.00903705
-7.26251 12.4886 3.23551 -0.0749151 0.997186 0.00249876
-8.20731 12.4075 3.32256 -0.0979215 0.995186 0.00367191
-8.12595 12.4178 2.3197 -0.0912877 0.995766 0.00904989
-8.29511 12.4117 1.30387 -0.097091 0.995239 0.00824841
-8.16373 12.4284 0.282764 -0.100994 0.994834 0.0102365
-8.26638 12.4244 -0.82753 -0.0951215 0.995461 -0.000112431
-8.30322 12.4239 -1.85716 -0.0983128 0.995142 0.00214668
-8.24052 12.4321 -2.81575 -0.102165 0.994767 0.000390425
-8.25282 12.4323 -3.41256 -0.0978465 0.995194 0.00378208
-9.16394 12.3341 -3.22729 -0.110839 0.993831 0.00362006
-9.24006 12.3246 -2.18603 -0.108684 0.994076 0.000612083
-9.22689 12.321 -0.95639 -0.109457 0.993991 0.00136549
-9.16604 12.3226 0.0510559 -0.113069 0.993568 0.00559261
-9.1752 12.3156 1.23924 -0.120065 0.992758 0.00389092
-9.09581 12.3204 2.47274 -0.101721 0.994797 0.004906
-9.15505 12.3107 3.32432 -0.110192 0.993881 0.00321027
-10.0627 12.2003 3.58139 -0.122878 0.992395 0.00727841
-10.0358 12.2062 2.25558 -0.124778 0.99217 0.00180525
-10.0705 12.2043 1.26387 -0.131175 0.991313 0.00957389
-10.1146 12.2072 0.140999 -0.134735 0.990869 0.00495365
-10.1765 12.2031 -0.969769 -0.132434 0.99119 0.00208031
-10.1694 12.2087 -2.19328 -0.131014 0.991363 0.00435602
-10.1105 12.2226 -3.18184 -0.124894 0.99213 0.00518917
-10.1201 12.223 -3.59451 -0.131064 0.991356 0.00562967
-11.0492 12.0902 -3.33291 -0.155644 0.987775 0.00848523
-11.1052 12.0796 -2.21458 -0.159404 0.987201 -0.00494655
-11.1125 12.0761 -1.19201 -0.136046 0.990696 0.00346157
-11.0595 12.0768 -0.187523 -0.151493 0.988395 0.011148
-11.0205 12.0772 0.782192 -0.146435 0.989213 0.00387628
-10.9717 12.0803 1.82668 -0.138608 0.990335 0.0021637
-10.9704 12.0806 2.86941 -0.144655 0.989475 0.00326467
-10.9765 12.0759 3.55875 -0.144809 0.989435 0.00686354
-11.8528 11.9412 3.53534 -0.165763 0.986142 0.00185059
-11.883 11.9421 2.52167 -0.172808 0.984935 0.00595496
-11.9159 11.937 1.55288 -0.164205 0.98642 0.000465326
-11.9587 11.9311 0.532094 -0.167965 0.985781 0.00440651
-11.9979 11.9305 -0.435206 -0.166053 0.986098 0.00591613
-12.0353 11.9291 -1.43034 -0.173089 0.984891 -0.00159865
-12.0151 11.9295 -2.50131 -0.164799 0.986319 0.00275021
-11.9889 11.9397 -3.51002 -0.168417 0.985689 0.0069842
-12.9233 11.7679 -3.47324 -0.198282 0.980119 0.00681657
-12.9634 11.7562 -2.17684 -0.189861 0.981808 0.00244637
-12.9477 11.7626 -1.22117 -0.184863 0.982763 -0.000385433
-12.9257 11.7648 -0.182214 -0.17687 0.984232 0.00205266
-12.846 11.7761 0.998822 -0.176147 0.984356 0.00334351
-12.8299 11.7741 2.03324 -0.187054 0.98234 0.00283733
-12.7551 11.7851 3.14401 -0.177592 0.984099 0.00123548
-12.7555 11.7847 3.23811 -0.179582 0.983725 0.00405397
-13.6717 11.6101 3.45813 -0.198412 0.980119 0.0007015
-13.7279 11.5995 2.31521 -0.197534 0.980274 -5.11649e-05
-13.7678 11.5983 1.14667 -0.189586 0.981833 0.0077409
-13.8227 11.597 -0.135326 -0.198316 0.980103 0.00521064
-13.8729 11.5778 -1.42195 -0.208553 0.977963 -0.00927537
-13.8841 11.5683 -2.52452 -0.212812 0.977089 0.00262677
-13.8431 11.5797 -3.28081 -0.213682 0.976899 0.00283531
-14.7273 11.3839 -3.58499 -0.221866 0.97506 0.00570592
-14.7834 11.3659 -2.45337 -0.227213 0.973839 0.0031135
-14.8031 11.3719 -1.42414 -0.232557 0.972556 -0.00651854
-14.7503 11.3901 -0.33161 -0.233255 0.972409 -0.00133111
-14.7134 11.3929 0.662447 -0.229343 0.973322 0.00577549
-14.6758 11.3941 1.77811 -0.217913 0.975967 -6.32892e-05
-14.6077 11.4112 2.73498 -0.215595 0.976476 -0.00374689
-14.5804 11.4188 3.14913 -0.220139 0.975468 0.000678559
-15.4773 11.2047 3.55149 -0.248308 0.968654 0.00183136
-15.5307 11.1963 2.52426 -0.234893 0.972021 0.000538503
-15.5985 11.1742 1.31491 -0.247501 0.968884 0.00106659
-15.6393 11.1682 0.301941 -0.249691 0.968305 0.00633661
-15.6693 11.1619 -0.839306 -0.252386 0.967574 -0.00686617
-15.7167 11.1407 -2.16887 -0.255444 0.96677 -0.0100498
-15.6383 11.1592 -3.5426 -0.246325 0.969186 0.00115613
-16.5454 10.9165 -3.33675 -0.272492 0.962133 0.00691671
-16.6062 10.8976 -2.0447 -0.267747 0.963485 0.00219546
-16.6015 10.9053 -0.979833 -0.271602 0.962393 -0.00241107
-16.5374 10.9253 0.0564912 -0.276676 0.960957 -0.00336318
-16.5275 10.9283 1.09322 -0.270115 0.962828 8.04395e-05
-16.4677 10.948 2.1322 -0.271996 0.962284 -0.00500158
-16.3924 10.9655 3.46493 -0.259488 0.96574 0.00347335
-17.2897 10.7141 3.49426 -0.278643 0.960388 -0.00358514
-17.3382 10.6987 2.52153 -0.278383 0.96047 -0.00050407
-17.4087 10.674 1.49844 -0.293062 0.956088 -0.00189168
-17.4262 10.667 0.460348 -0.284178 0.958769 -0.00148213
-17.4717 10.6521 -0.677788 -0.281871 0.959452 -0.000759388
-17.4856 10.6431 -1.64449 -0.286043 0.958173 -0.00905272
-17.4648 10.6458 -2.89455 -0.292906 0.95614 -0.00140834
-17.4451 10.654 -3.50933 -0.290017 0.957014 0.00373661
-18.3393 10.375 -3.4549 -0.302692 0.953083 0.00327538
-18.3783 10.3636 -2.35301 -0.301185 0.953545 -0.00631882
-18.3612 10.3743 -1.33576 -0.307207 0.951627 -0.00531534
-18.3359 10.3839 -0.30599 -0.310646 0.950526 0.00046251
-18.305 10.3947 0.687612 -0.304754 0.952428 -0.00203614
-18.2842 10.406 1.67548 -0.301067 0.95358 -0.00655991
-18.236 10.426 2.63661 -0.302511 0.95314 -0.00299322
-18.1959 10.4397 3.17402 -0.296229 0.955099 -0.00584384
-19.0763 10.1626 3.51404 -0.313687 0.949504 -0.0049777
-19.1201 10.1402 2.51685 -0.311672 0.950165 -0.00499934
-19.1657 10.1215 1.26237 -0.308149 0.951321 -0.00543241
-19.2054 10.1016 0.0591803 -0.31772 0.948169 -0.0054404
-19.2228 10.092 -0.917451 -0.317709 0.948185 -0.00253996
-19.245 10.0825 -1.91213 -0.3143 0.949321 -0.00157832
-19.2462 10.0806 -3.07388 -0.314554 0.949233 0.00289018
-19.2334 10.0869 -3.45606 -0.314543 0.949233 0.0042808
-20.1126 9.78878 -3.65133 -0.331172 0.943557 -0.000456459
-20.1302 9.78141 -2.59909 -0.329846 0.944032 0.00215967
-20.1194 9.78697 -1.63093 -0.32632 0.945251 -0.00249591
-20.1002 9.79617 -0.59682 -0.323142 0.946345 -0.00316764
-20.0691 9.81249 0.636989 -0.32265 0.946488 -0.00724285
-20.0438 9.82754 1.67487 -0.321423 0.94692 -0.00466515
-20.0228 9.83678 2.8001 -0.32964 0.944104 -0.00203584
-19.9354 9.86957 3.58853 -0.329747 0.944066 -0.00262767
-20.867 9.53802 3.36493 -0.339791 0.940496 -0.00315574
-20.9015 9.5256 2.31987 -0.336325 0.941734 0.00436866
-20.9474 9.50751 1.06265 -0.344772 0.93868 -0.00284842
-20.961 9.49348 -0.200152 -0.343349 0.939202 -0.00302846
-20.9855 9.48358 -1.45542 -0.340107 0.940363 0.00649388
-20.995 9.4763 -2.59094 -0.337758 0.941229 -0.00148009
-20.9979 9.47307 -3.54729 -0.341026 0.940032 -0.00428651
-21.8659 9.15249 -3.5553 -0.350384 0.936595 -0.00448127
-21.8667 9.15639 -2.50027 -0.350907 0.936406 -0.00275129
-21.8503 9.16424 -1.27199 -0.349088 0.937089 -0.00047626
-21.8426 9.1687 -0.179891 -0.349837 0.936806 -0.00296512
-21.8125 9.1863 1.114 -0.35264 0.935757 -0.00106557
-21.8021 9.19166 2.34912 -0.354127 0.935189 -0.003117
-21.7402 9.22113 3.54634 -0.348337 0.937345 -0.00672575
-22.6304 8.88237 3.29422 -0.359134 0.933246 -0.00861641
-22.6823 8.85788 2.2493 -0.359905 0.932975 -0.00433442
-22.6819 8.85395 1.29307 -0.358364 0.93358 -0.00155664
-22.7068 8.84343 -0.0017131 -0.359033 0.933315 -0.00355605
-22.7188 8.837 -0.956932 -0.360322 0.932827 0.000997017
-22.7367 8.82815 -1.93646 -0.357001 0.934096 -0.00382742
-22.7574 8.81864 -2.96802 -0.357332 0.933976 0.000506264
-22.745 8.82282 -3.65458 -0.351131 0.936307 -0.00582366
-23.605 8.48796 -3.64914 -0.365091 0.930965 -0.00363704
-23.6075 8.48856 -2.52196 -0.364118 0.931353 0.000192739
-23.5943 8.49566 -1.50486 -0.365757 0.930708 -0.00202765
-23.5642 8.5092 -0.25844 -0.363231 0.931698 -9.46406e-06
-23.5627 8.51106 0.783077 -0.365285 0.930895 -0.00140088
-23.5689 8.51246 1.87976 -0.363757 0.93148 -0.0043171
-23.5182 8.53735 3.06415 -0.365968 0.930619 -0.00386011
-23.5017 8.54596 3.49513 -0.364909 0.931032 -0.00444119
-24.3849 8.19622 3.36999 -0.37185 0.928281 -0.00452994
-24.4472 8.16598 2.14222 -0.369909 0.929057 -0.00443782
-24.4377 8.16586 1.04087 -0.372901 0.927871 0.000190052
-24.4342 8.16675 0.0874971 -0.373111 0.927785 -0.00136059
-24.4234 8.17006 -0.949403 -0.373371 0.927682 -0.000807572
-24.4819 8.14379 -2.2319 -0.370058 0.929004 -0.00191645
-24.4737 8.14619 -3.40274 -0.369887 0.929075 -0.000892286
-24.4736 8.1461 -3.45364 -0.369304 0.929305 -0.00267077
-25.3179 7.80607 -3.52213 -0.375762 0.926715 -0.00126534
-25.3457 7.79606 -2.56732 -0.376174 0.926546 -0.00134429
-25.2993 7.81605 -1.57432 -0.375307 0.926899 -0.00149811
-25.2798 7.82465 -0.612599 -0.376005 0.926616 -0.00110762
-25.3046 7.81459 0.508085 -0.377856 0.925863 -0.000252331
-25.307 7.81686 1.51522 -0.376752 0.926299 -0.00520856
-25.2806 7.83033 2.47802 -0.377472 0.926015 -0.00304314
-25.2217 7.85808 3.55405 -0.378226 0.925711 -0.00200285
-26.1019 7.4968 3.36003 -0.381867 0.924208 -0.00406823
-26.1346 7.47955 2.40285 -0.380945 0.924596 -0.00205824
-26.1562 7.46853 1.27608 -0.380947 0.924594 -0.00215532
-26.1512 7.46834 0.161255 -0.379572 0.925162 0.000820748
-26.1189 7.48189 -0.837789 -0.378084 0.925768 0.00221973
-26.1879 7.45313 -2.00133 -0.380902 0.924614 -0.00136372
-26.2089 7.44326 -3.25075 -0.379558 0.925168 -0.000830416
-26.1997 7.4469 -3.42596 -0.379507 0.925189 -0.000758638
-7.67906 12.4512 4.6053 -0.088598 0.996054 -1.29851e-05
-6.60735 12.539 4.63543 -0.0758788 0.99711 -0.00229604
-5.46673 12.6172 4.65573 -0.0617831 0.998088 -0.00139428
-4.34694 12.6814 4.68674 -0.0558477 0.998438 0.0016204
-3.10066 12.7468 4.71125 -0.0496935 0.998758 0.00366327
-1.58381 12.8176 4.64446 -0.0439028 0.999035 0.00160925
-0.491111 12.8662 4.63705 -0.0435402 0.999051 -0.000803861
0.764653 12.9129 4.63086 -0.0331344 0.999431 -0.00630332
1.92216 12.9469 4.6337 -0.0247408 0.999626 -0.0114436
3.3611 12.9695 4.57876 -0.010532 0.999845 -0.0140332
4.44677 12.974 4.62097 -0.00191922 0.999962 -0.00854436
5.7512 12.9637 4.66536 0.0104357 0.999939 0.00195616
6.97241 12.9425 4.70166 0.0171864 0.99985 0.00209988
8.20316 12.9112 4.7007 0.0446366 0.998929 -0.0121808
9.26974 12.8619 4.69134 0.0550573 0.998267 -0.0201293
10.4824 12.7699 4.72845 0.0944958 0.995201 -0.025419
11.5482 12.6497 4.67735 0.139414 0.990033 -0.0199698
12.6645 12.482 4.64042 0.17729 0.984042 0.00149797
13.7455 12.2426 4.65858 0.237951 0.971083 -0.016908
14.5913 11.9966 4.09411 0.277331 0.960505 -0.0114276
14.6538 12.0237 2.81299 0.2612 0.964244 0.044429
14.6449 12.0448 1.60241 0.278484 0.960432 -0.00396546
14.4784 12.0738 0.486424 0.325115 0.943635 -0.0596862
14.2555 12.066 -0.845968 0.293347 0.955454 -0.0304377
14.0675 11.9796 -2.17512 0.292029 0.947314 -0.131337
13.8167 11.9182 -3.39683 0.32186 0.942657 -0.0883433
13.392 11.9897 -4.44514 0.353526 0.932826 -0.0669883
12.4496 12.2871 -4.69766 0.300974 0.953368 -0.0219119
11.3842 12.5354 -4.69358 0.174516 0.984625 0.00475048
10.1325 12.7181 -4.6852 0.119527 0.992539 0.0219742
8.92881 12.84 -4.71875 0.094201 0.99547 0.0128281
7.74123 12.9184 -4.71047 0.0526002 0.998494 0.0155229
6.64163 12.971 -4.7546 0.0337525 0.999287 0.00869949
5.32076 12.9947 -4.7238 0.00727962 0.999942 0.00560916
4.12736 12.9938 -4.6917 -0.0059352 0.99998 0.00223122
2.79805 12.9766 -4.69913 -0.0223347 0.999714 0.00657155
1.73713 12.9473 -4.63956 -0.0292909 0.999527 0.00904778
0.586428 12.9103 -4.61208 -0.0337719 0.999417 0.00502802
-0.697542 12.866 -4.66551 -0.0359263 0.999344 0.00464316
-1.94388 12.8203 -4.67437 -0.0388245 0.999231 0.00520153
-3.3497 12.761 -4.60217 -0.0445779 0.998989 0.00572649
-4.46663 12.7081 -4.59637 -0.0498651 0.998734 0.00657526
-5.64287 12.6438 -4.70778 -0.0603642 0.998171 0.00298938
-6.7258 12.5697 -4.73856 -0.0745054 0.997208 0.00473111
-7.90354 12.4725 -4.67863 -0.0962496 0.995327 0.00477308
-8.99878 12.3581 -4.66228 -0.107734 0.994168 0.00472903
-10.1663 12.2183 -4.66724 -0.131685 0.991281 0.00137133
-11.2166 12.0706 -4.67381 -0.150845 0.98855 0.000888491
-12.5409 11.8466 -4.65196 -0.174878 0.984578 -0.000462722
-13.6134 11.6341 -4.65266 -0.207654 0.978142 0.0107374
-14.7269 11.3862 -4.66444 -0.235719 0.971816 0.00317492
-15.8915 11.0948 -4.66418 -0.25229 0.967639 0.00307209
-17.1598 10.7407 -4.70774 -0.282754 0.959177 -0.00499106
-18.2744 10.3993 -4.72655 -0.304334 0.952559 0.00290972
-19.3043 10.0661 -4.70724 -0.317785 0.948144 0.000739721
-20.4129 9.67975 -4.70861 -0.337745 0.941237 -0.00150595
-21.4464 9.30599 -4.76295 -0.34535 0.938472 -0.000223167
-22.4399 8.93447 -4.76402 -0.353458 0.935449 0.000468313
-23.6293 8.47521 -4.703 -0.363393 0.931633 -0.00128608
-24.6846 8.05959 -4.67446 -0.369897 0.929071 0.00156987
-25.7762 7.61853 -4.63814 -0.377289 0.926095 -0.000431749
-26.7577 7.2163 -4.69454 -0.379777 0.925078 -0.00022991
-27.4386 6.93452 -4.08169 -0.384037 0.923317 0.00098193
-27.4844 6.9156 -2.98413 -0.383783 0.923423 -0.000164393
-27.5122 6.90398 -1.86106 -0.38429 0.923212 -0.000290509
-27.5141 6.90375 -0.720404 -0.384772 0.923012 -0.000251132
-27.5112 6.90484 0.525607 -0.385104 0.922873 0.000665674
-27.49 6.91583 1.81468 -0.38512 0.922864 -0.00200864
-27.4882 6.9187 2.94745 -0.387122 0.922027 -0.00152321
-27.4777 6.92551 4.13597 -0.387318 0.921944 -0.00201034
-26.6526 7.27245 4.62643 -0.386313 0.922367 -0.0011596
-25.2888 7.8343 4.62433 -0.376853 0.926269 -0.00267578
-24.1679 8.2877 4.62666 -0.373315 0.927703 -0.00171493
-23.0991 8.70775 4.65018 -0.363091 0.931751 -0.0019583
-22.0232 9.12068 4.66267 -0.350733 0.936474 -0.000762871
-20.9867 9.49952 4.65893 -0.338952 0.940793 -0.00445225
-19.775 9.9287 4.71667 -0.325597 0.945489 -0.00599916
-18.641 10.3087 4.71765 -0.301055 0.953595 -0.00476078
-17.5417 10.6455 4.60457 -0.280957 0.959679 -0.00270023
-16.4755 10.9467 4.59798 -0.265812 0.963994 -0.00603661
-15.3275 11.2484 4.60501 -0.239739 0.970825 -0.0038513
-13.9787 11.5508 4.61647 -0.203643 0.978909 -0.0163121
-12.8403 11.7769 4.63093 -0.178425 0.983812 -0.0101567
-11.648 11.9721 4.66676 -0.153551 0.988123 -0.00516685
-10.4965 12.1356 4.66449 -0.131552 0.991271 -0.00800521
-9.33928 12.2842 4.65191 -0.123303 0.992362 -2.24481e-05
-7.96266 12.4261 4.61596 -0.0926549 0.995687 -0.00434838
-7.89457 12.4323 4.61219 -0.0890056 0.99602 -0.00425823
-7.82172 12.4445 5.65402 -0.093009 0.995616 -0.00888557
-8.95135 12.3321 5.72111 -0.106736 0.99426 -0.00646258
-10.1238 12.1919 5.71534 -0.130385 0.991364 -0.0123892
-11.2989 12.0316 5.69134 -0.138923 0.990277 -0.00721919
-12.3657 11.871 5.72114 -0.163883 0.986288 -0.0184944
-13.5159 11.6634 5.68059 -0.189726 0.981745 -0.0125787
-14.6205 11.4237 5.68168 -0.228131 0.973572 -0.0106652
-15.669 11.1705 5.6786 -0.246958 0.968926 -0.0138775
-16.8097 10.8625 5.6367 -0.269796 0.962836 -0.0121133
-17.9091 10.5421 5.69097 -0.288168 0.957493 -0.0127336
-19.0501 10.1827 5.7795 -0.30645 0.951813 -0.0117845
-20.321 9.74424 5.73874 -0.331233 0.943518 -0.00758512
-21.4519 9.33728 5.7087 -0.346804 0.937896 -0.00735642
-22.561 8.91999 5.72161 -0.357896 0.933748 -0.00473173
-23.7041 8.47512 5.73171 -0.367675 0.929943 -0.00463113
-24.6879 8.08129 5.67607 -0.374269 0.927299 -0.00618666
-25.8617 7.60276 5.66185 -0.38028 0.924865 -0.00285326
-26.8733 7.18364 5.70755 -0.384774 0.923005 -0.00281477
-27.9488 6.73143 5.64628 -0.387989 0.921658 -0.00329185
-28.503 6.49519 4.83272 -0.389576 0.92099 -0.00278024
-28.4612 6.50964 3.46212 -0.389274 0.921122 -0.0010656
-28.45 6.51262 2.13605 -0.389116 0.921189 -0.000638631
-28.4713 6.50274 1.02832 -0.388199 0.921574 -0.00163272
-28.4851 6.49667 -0.0399379 -0.387351 0.921932 -2.28717e-06
-28.5131 6.48565 -1.13964 -0.387429 0.921899 -0.000481802
-28.4461 6.51449 -2.43375 -0.386471 0.922301 0.000838619
-28.478 6.50101 -3.60342 -0.386073 0.922468 0.000194376
-28.4459 6.51546 -4.82733 -0.38548 0.922716 0.00100203
-27.8932 6.74758 -5.73778 -0.383897 0.923373 0.00179759
-26.8373 7.18427 -5.79049 -0.381034 0.924561 0.000367159
-25.7289 7.63778 -5.6791 -0.376819 0.926282 0.00261473
-24.6707 8.06447 -5.75629 -0.370241 0.928935 0.000429395
-23.6477 8.46773 -5.73318 -0.364102 0.931355 0.00249363
-22.5597 8.88887 -5.81237 -0.356451 0.934303 0.00444407
-21.4935 9.29056 -5.79262 -0.350125 0.936696 0.00341122
-20.292 9.72393 -5.74153 -0.331577 0.943427 0.00139255
-19.2694 10.0773 -5.75166 -0.318674 0.947847 0.00306952
-18.0127 10.4834 -5.77144 -0.29786 0.954606 0.00193533
-16.973 10.7977 -5.76017 -0.280278 0.959895 0.00626669
-15.824 11.1143 -5.71996 -0.259623 0.965692 0.00412512
-14.6545 11.4055 -5.74305 -0.228703 0.973489 0.00379783
-13.4473 11.6721 -5.70523 -0.203977 0.978909 0.00873086
-12.3967 11.8777 -5.7525 -0.169885 0.98538 0.0128641
-11.3267 12.0563 -5.73668 -0.158611 0.987298 0.00902092
-10.1398 12.2271 -5.70761 -0.130498 0.991427 0.00468134
-8.86985 12.3795 -5.71503 -0.110063 0.993891 0.00678504
-7.55975 12.5092 -5.77089 -0.0836478 0.996458 0.0086701
-6.28753 12.6071 -5.78509 -0.0693544 0.997535 0.0105355
-5.19141 12.6761 -5.71782 -0.0569405 0.998315 0.0111549
-3.97293 12.7394 -5.67747 -0.0459551 0.998893 0.0100465
-2.67831 12.7972 -5.7129 -0.042531 0.999051 0.0093437
-1.42406 12.8458 -5.75997 -0.03509 0.999356 0.00751851
-0.291007 12.8852 -5.72305 -0.0342614 0.999406 0.003477
0.931774 12.9284 -5.7008 -0.0353972 0.999349 0.00701452
2.01549 12.9659 -5.75438 -0.0280999 0.999538 0.0115763
3.12152 12.9873 -5.78021 -0.0162742 0.999859 0.00399387
4.30186 12.9961 -5.74775 -0.00226665 0.999996 -0.000839345
5.52073 12.9926 -5.75366 0.00265611 0.999973 -0.00530609
6.80986 12.977 -5.81522 0.0265321 0.999453 0.0195911
8.11696 12.9128 -5.75276 0.0613398 0.997932 0.019022
9.25215 12.8338 -5.79028 0.0831919 0.996269 0.0228506
10.405 12.7181 -5.74212 0.121088 0.991687 0.0385964
11.483 12.5379 -5.74945 0.220358 0.974296 0.00924042
12.5253 12.2461 -5.78115 0.293564 0.955354 0.0312771
13.6945 11.7914 -5.72774 0.411122 0.911088 -0.0282528
14.3653 11.5111 -5.01508 0.427786 0.897229 -0.109435
14.7007 11.5047 -3.8207 0.445842 0.885041 -0.133755
14.9825 11.5494 -2.51413 0.44442 0.887541 -0.121362
15.1707 11.6427 -1.29439 0.463046 0.877027 -0.127602
15.3506 11.7111 -0.0188867 0.396459 0.91585 -0.0635447
15.5866 11.6905 1.19769 0.393911 0.918851 -0.0181171
15.6561 11.673 2.27752 0.398572 0.917087 -0.00621701
15.6325 11.6548 3.34364 0.370033 0.927916 0.043551
15.6144 11.6247 4.57425 0.392618 0.919254 0.00491869
15.3998 11.724 5.59108 0.427976 0.90223 -0.0529292
14.336 12.1372 5.72788 0.276131 0.955169 -0.0906476
13.2848 12.3847 5.73856 0.197937 0.978266 -0.0498853
12.0323 12.6034 5.73214 0.158884 0.986956 -0.0230317
10.9639 12.7499 5.76361 0.118752 0.992153 -0.0390143
9.64223 12.8711 5.75489 0.0687317 0.996614 -0.0449486
8.46383 12.9148 5.73939 0.0210826 0.999746 -0.00711594
7.14032 12.9377 5.74063 0.0157844 0.999867 0.0039717
6.06771 12.9554 5.73298 0.0183497 0.999806 0.00423235
4.81411 12.978 5.6738 0.0194559 0.999811 -0.00021045
3.7239 12.9868 5.68988 0.001271 0.99978 -0.0194876
2.62262 12.9814 5.67704 -0.0232256 0.999431 -0.0239824
1.53322 12.9491 5.70061 -0.0285814 0.999438 -0.0174899
0.370799 12.9048 5.70364 -0.0510699 0.998675 -0.00378282
-0.772359 12.8525 5.67791 -0.0461095 0.998934 0.00221876
-1.99119 12.7956 5.71169 -0.0467633 0.998889 0.00579633
-3.09952 12.7428 5.76552 -0.0483011 0.99882 0.00485575
-4.3399 12.6801 5.73588 -0.0531563 0.998585 0.00156979
-5.41454 12.6207 5.73113 -0.0565189 0.998401 -0.00118112
-6.52964 12.5486 5.6921 -0.0718426 0.997391 -0.0068969
-7.58797 12.4654 5.66298 -0.0886641 0.996018 -0.00932897
-7.52522 12.4842 6.73735 -0.0903538 0.995794 -0.0138878
-8.72014 12.368 6.78795 -0.100312 0.994787 -0.0181948
-9.86225 12.2404 6.77721 -0.115726 0.992919 -0.0267503
-11.0272 12.085 6.7852 -0.137671 0.990258 -0.0206469
-12.1751 11.9145 6.77385 -0.156193 0.987524 -0.0198021
-13.2854 11.7219 6.75751 -0.182887 0.982948 -0.0188562
-14.336 11.5048 6.75736 -0.207936 0.977975 -0.0179415
-15.5223 11.2235 6.72206 -0.253139 0.967225 -0.0189517
-16.6503 10.9223 6.70951 -0.269769 0.96274 -0.018293
-17.7624 10.6011 6.73669 -0.282438 0.95919 -0.0133825
-19.0067 10.2096 6.81253 -0.313673 0.949455 -0.0120094
-20.0682 9.84794 6.78815 -0.330695 0.943542 -0.0187451
-21.3669 9.37753 6.75438 -0.347052 0.937769 -0.0115923
-22.4133 8.98389 6.81506 -0.355474 0.934661 -0.006852
-23.6088 8.51984 6.78448 -0.368533 0.929545 -0.0113496
-24.7325 8.07034 6.7506 -0.377547 0.925964 -0.00688463
-25.7814 7.64119 6.75462 -0.381598 0.92431 -0.00576465
-26.8997 7.17762 6.78659 -0.384612 0.923066 -0.00473049
-28.1476 6.65392 6.78645 -0.387667 0.921784 -0.00527407
-29.194 6.20836 6.67474 -0.393109 0.919476 -0.00508804
-29.4368 6.10193 5.55747 -0.390754 0.920493 -0.00166497
-29.4434 6.09605 4.49805 -0.390978 0.920394 -0.00309513
-29.4084 6.1077 3.25405 -0.392177 0.919889 -0.000937421
-29.4292 6.09773 1.96501 -0.391213 0.9203 -0.000636519
-29.4409 6.09209 0.883252 -0.390995 0.920392 0.00054936
-29.4503 6.08926 -0.233637 -0.389507 0.921023 0.00119166
-29.4676 6.08353 -1.32217 -0.389498 0.921026 0.00116826
-29.4137 6.10794 -2.64885 -0.387907 0.921698 0.000961976
-29.4392 6.09827 -3.74294 -0.387272 0.921965 0.00112062
-29.4409 6.09908 -4.94706 -0.386425 0.922319 0.00190341
-29.4598 6.09492 -6.24886 -0.386189 0.922416 0.00254272
-28.7097 6.41037 -6.75893 -0.385309 0.922779 0.00393479
-27.5115 6.90993 -6.82668 -0.382118 0.924091 0.0062226
-26.3096 7.4047 -6.78311 -0.380483 0.924779 0.00414547
-25.2599 7.83049 -6.79532 -0.371566 0.928403 0.00241068
-24.0857 8.29952 -6.8033 -0.368368 0.929666 0.00434349
-23.036 8.7096 -6.84008 -0.359858 0.932997 0.00419412
-22.0391 9.09283 -6.83338 -0.354492 0.935027 0.0078051
-20.9538 9.49506 -6.81515 -0.340672 0.940155 0.00668253
-19.8777 9.87451 -6.78068 -0.324974 0.945711 0.00455615
-18.8512 10.2218 -6.78342 -0.310997 0.950361 0.00760056
-17.8093 10.5535 -6.81245 -0.300221 0.953794 0.0118387
-16.7802 10.8674 -6.80912 -0.284711 0.958367 0.0208103
-15.6079 11.1795 -6.77951 -0.248258 0.968463 0.0211239
-14.3179 11.4945 -6.81159 -0.224738 0.97421 0.020076
-12.9866 11.7857 -6.76621 -0.187986 0.981966 0.0153523
-11.8803 11.9824 -6.86557 -0.16515 0.986082 0.018999
-10.7185 12.1585 -6.78141 -0.134305 0.990871 0.0117325
-9.51302 12.3199 -6.81151 -0.123198 0.992168 0.0178057
-8.23451 12.46 -6.80049 -0.0996262 0.994894 0.0161343
-7.11368 12.558 -6.83358 -0.0778347 0.996852 0.0150102
-5.74926 12.6568 -6.8269 -0.0639326 0.997838 0.0148238
-4.46571 12.7246 -6.75499 -0.0501549 0.998702 0.00883116
-3.35754 12.7772 -6.79271 -0.0452423 0.998928 0.00978288
-2.16442 12.8293 -6.80455 -0.0413678 0.999049 0.013746
-0.928317 12.8688 -6.79555 -0.0272377 0.999618 0.000858378
0.202919 12.9078 -6.8233 -0.0625214 0.997914 -0.00168401
1.48835 12.9596 -6.77438 -0.0362984 0.999255 0.0130763
2.59329 12.9904 -6.83683 0.00297476 0.998679 0.0512972
3.70181 12.9941 -6.82045 0.000387873 0.999986 0.00179787
4.77721 12.9845 -6.81818 0.00336409 0.999865 -0.0160217
5.99901 12.9939 -6.84421 -0.00473324 0.999698 0.0240812
7.25358 12.9993 -6.82096 0.0227734 0.99681 0.074879
8.47407 12.9206 -6.80565 0.0603863 0.996058 0.0629225
9.76102 12.8181 -6.83948 0.0823741 0.996117 0.0309918
10.9467 12.6959 -6.78821 0.130342 0.989754 0.0582731
12.0115 12.4604 -6.83692 0.225521 0.970131 0.0885177
13.0824 12.0996 -6.79676 0.423096 0.902156 0.084276
14.0371 11.6092 -6.79268 0.499357 0.865617 0.0361726
15.0871 10.9761 -6.406 0.531126 0.84536 -0.0570596
15.2794 10.9905 -5.216 0.495681 0.856947 -0.140765
15.6008 11.0144 -4.03251 0.454533 0.88143 -0.127609
15.8568 11.05 -2.87856 0.4649 0.876435 -0.125262
16.0686 11.0963 -1.7 0.474029 0.876814 -0.0663001
16.175 11.1637 -0.634221 0.547734 0.82592 -0.133378
16.3905 11.1991 0.46413 0.547854 0.824865 -0.139006
16.5908 11.2097 1.64753 0.452421 0.89114 -0.0343143
16.621 11.1909 2.71637 0.463413 0.88589 0.0209746
16.5639 11.1866 3.8551 0.448348 0.893484 0.0234791
16.5454 11.1378 5.12238 0.494471 0.868561 0.0303057
16.5146 11.2045 6.40442 0.517407 0.854959 -0.0362133
15.5801 11.7469 6.7668 0.409672 0.891211 -0.194687
14.4919 12.1954 6.77754 0.226153 0.961896 -0.152606
13.3231 12.4094 6.7803 0.151964 0.987708 -0.0340507
12.2129 12.5953 6.78362 0.170051 0.985253 -0.018942
11.1036 12.7711 6.79423 0.140401 0.989357 -0.0367929
10.033 12.9013 6.80163 0.104223 0.993386 -0.0472012
8.94933 12.935 6.78013 0.00409215 0.998953 -0.0451997
7.63149 12.9333 6.80096 -0.0181602 0.99926 -0.0338925
6.52706 12.9305 6.80041 0.0100061 0.998805 0.0440363
5.29155 12.9662 6.77203 0.0339237 0.999342 0.012859
4.17302 12.9953 6.76545 0.0420057 0.999013 -0.00271291
2.98184 13.022 6.75399 -0.00656344 0.998881 -0.0468425
1.90191 12.9854 6.7313 -0.0384478 0.998887 -0.0271387
0.699972 12.9285 6.75913 -0.0636183 0.997941 -0.00407105
-0.470288 12.8629 6.74178 -0.0482943 0.998817 0.00575381
-1.6318 12.8051 6.76574 -0.0532511 0.998524 0.00996465
-2.83941 12.7503 6.80564 -0.0480003 0.998841 0.00358079
-4.34489 12.6773 6.77396 -0.049031 0.998785 0.00463858
-5.73992 12.6045 6.81037 -0.0553435 0.99845 -0.00578159
-6.99426 12.5272 6.74262 -0.0736172 0.997208 -0.0116778
-7.3159 12.5019 6.73076 -0.0816798 0.996535 -0.0152704
