14.9736 12.8738 -0.130931 0.267849 0.961375 -0.0611093
15.0408 12.9376 0.909337 0.235947 0.969147 -0.0694077
15.0672 12.9973 2.11614 0.2341 0.971515 -0.0351819
15.0662 13.0046 3.22396 0.204792 0.97824 0.0312923
15.0605 13.0013 3.43267 0.225541 0.972836 0.0438791
14.1325 13.1581 3.58532 0.131068 0.991321 0.00978217
14.133 13.1726 2.37012 0.134869 0.990649 0.0206091
14.1047 13.1413 1.27489 0.156555 0.98741 -0.0225966
14.079 13.077 -0.0778399 0.178016 0.981769 -0.0663918
14.0592 13.0174 -1.08358 0.182357 0.982241 -0.0404238
14.0786 12.994 -2.07343 0.157718 0.987319 -0.0161426
14.1166 12.9168 -3.04245 0.195539 0.978113 -0.0685132
14.1285 12.8812 -3.54198 0.264193 0.962482 -0.0605173
13.1899 13.0681 -3.42288 0.161087 0.985659 -0.0486563
13.1522 13.1234 -2.2935 0.126333 0.991094 -0.0420922
13.1581 13.1601 -1.18929 0.115026 0.99296 -0.023761
13.1556 13.1953 -0.209135 0.0858196 0.995691 -0.035103
13.1667 13.2265 0.804692 0.102226 0.994164 -0.0331844
13.1974 13.2578 1.89118 0.0846924 0.995904 -0.0316452
13.2172 13.2796 2.86355 0.100365 0.994891 -0.00491306
13.2265 13.276 3.42243 0.103987 0.994541 0.0082702
12.2745 13.3576 3.5883 0.0586515 0.998245 -0.00787949
12.2623 13.3456 2.5389 0.0548107 0.998293 -0.0194836
12.233 13.3189 1.52666 0.0642542 0.997441 -0.0313391
12.2282 13.2898 0.445141 0.0741899 0.996841 -0.0282916
12.2141 13.2647 -0.618431 0.0783869 0.996666 -0.0223648
12.2264 13.2457 -1.68147 0.0969721 0.995115 -0.0183759
12.2308 13.212 -2.83494 0.103534 0.994173 -0.0299674
12.2573 13.1943 -3.56828 0.12773 0.99167 -0.0165926
11.3296 13.2925 -3.58295 0.0972416 0.995191 -0.00941764
11.2892 13.3142 -2.2725 0.0657945 0.997656 -0.0156133
11.275 13.327 -1.28326 0.0711456 0.997359 -0.0110126
11.2774 13.3369 -0.264534 0.0484427 0.99873 -0.0119398
11.2885 13.3583 0.881458 0.0388388 0.999109 -0.0163996
11.3143 13.3795 2.10653 0.0421368 0.998862 -0.0223382
11.3401 13.3991 3.1137 0.0414309 0.998893 -0.022227
11.3342 13.4075 3.49011 0.0423745 0.998864 -0.0217929
10.389 13.4422 3.57344 0.0256411 0.999343 -0.0256155
10.3968 13.4165 2.38554 0.0300504 0.999318 -0.0214219
10.3586 13.3995 1.39317 0.0334642 0.9993 -0.0166659
10.3341 13.3868 0.369769 0.0342835 0.999345 -0.011574
10.3462 13.3738 -0.897701 0.0429256 0.999053 -0.00710227
10.3475 13.366 -2.0085 0.0429819 0.999051 -0.00696363
10.3956 13.3532 -3.29643 0.060004 0.998179 -0.00584746
10.3967 13.3519 -3.63093 0.0603298 0.998174 -0.0031068
9.47612 13.4014 -3.51896 0.0490689 0.998794 0.00143773
9.40468 13.4045 -2.18646 0.0361199 0.999343 -0.00202143
9.39233 13.4076 -1.201 0.034374 0.999401 -0.00408001
9.40088 13.4124 -0.113728 0.028877 0.999557 -0.00711415
9.42898 13.4202 0.856216 0.0276248 0.99956 -0.0106995
9.44305 13.4328 1.82791 0.026922 0.999503 -0.0162728
9.47614 13.4486 2.81478 0.0215808 0.999638 -0.0158086
9.44514 13.4636 3.59887 0.0204462 0.99964 -0.0173546
8.48789 13.4784 3.60972 0.00385099 0.999888 -0.0142177
8.50313 13.4631 2.55969 0.0124679 0.99984 -0.0125388
8.50828 13.4482 1.21846 0.024887 0.999624 -0.0114364
8.48015 13.4383 -0.122711 0.0265157 0.999637 -0.00464507
8.46612 13.4358 -1.2808 0.0275116 0.99962 -0.00183463
8.47397 13.4366 -2.45827 0.0294356 0.999562 0.00300015
8.50839 13.4394 -3.23708 0.0357158 0.999341 0.00587834
7.56658 13.4728 -3.54732 0.0290223 0.999547 0.00763638
7.53282 13.4637 -2.29515 0.0261771 0.999647 0.00455153
7.53077 13.4602 -1.23155 0.0243249 0.999703 0.00103499
7.54956 13.461 0.0351036 0.0201752 0.999796 -0.000420309
7.56923 13.4642 1.08219 0.0094991 0.999948 -0.00381428
7.54808 13.4706 2.15052 0.00772543 0.999956 -0.00486512
7.54698 13.4774 3.1137 0.00278151 0.999956 -0.00852519
7.55184 13.4793 3.38551 3.58976e-05 0.999954 -0.00919871
6.63446 13.478 3.56405 -0.00527415 0.999971 -0.00539483
6.59225 13.4743 2.49675 -0.00424788 0.999989 -0.0018316
6.61692 13.4718 1.33926 0.00141454 0.999998 -0.000954405
6.61208 13.4731 0.166422 0.00305847 0.999986 0.00436913
6.60497 13.4774 -0.963038 0.0125353 0.999904 0.00517496
6.58227 13.4831 -2.03558 0.0171523 0.999837 0.00558958
6.61231 13.4885 -3.1932 0.0149507 0.999874 0.0053568
6.62856 13.4909 -3.60284 0.0145925 0.999874 0.00622875
5.6826 13.4997 -3.4652 0.000697314 0.999991 -0.00375543
5.63524 13.4992 -2.49253 0.00662541 0.999969 0.00405763
5.64759 13.4901 -1.52072 0.0052762 0.999875 0.0146935
5.66886 13.4804 -0.527489 0.0038033 0.999968 0.00681067
5.664 13.4716 0.580138 -0.00611074 0.999962 0.00607893
5.66797 13.469 1.69144 -0.00809097 0.999966 0.0013132
5.64387 13.47 2.72472 -0.00907461 0.999958 -0.0012356
5.67799 13.4717 3.26906 -0.00984866 0.999949 -0.00156143
4.72864 13.4612 3.53195 -0.0136898 0.999898 -0.00396803
4.72222 13.4598 2.30917 -0.0129991 0.999915 0.00038981
4.75525 13.4609 1.21708 -0.0107667 0.99994 0.00173849
4.72267 13.4672 0.182626 -0.0141727 0.999874 0.00710674
4.68748 13.4797 -0.994521 -0.0140857 0.999827 0.0121755
4.69569 13.4917 -2.09314 -0.0143182 0.999849 0.00978356
4.74982 13.497 -3.23742 -0.0126692 0.999913 -0.00369337
4.73001 13.4955 -3.54356 -0.00876912 0.999946 -0.00525365
3.7833 13.4775 -3.40526 -0.0285124 0.999584 -0.00321901
3.76118 13.4717 -2.04861 -0.0274958 0.999585 0.00858734
3.74196 13.463 -1.06051 -0.026407 0.999603 0.00976833
3.78248 13.4529 0.0645088 -0.0205695 0.999754 0.00825797
3.84192 13.4468 1.1811 -0.0213684 0.999763 0.00410011
3.79069 13.4447 2.14077 -0.0181321 0.999834 0.00112557
3.77145 13.4458 3.35702 -0.019583 0.999803 -0.00314546
2.8331 13.4264 3.4062 -0.0227081 0.999732 -0.00451546
2.85898 13.4246 2.40208 -0.0225606 0.999745 -0.000824499
2.90982 13.4255 1.25669 -0.0243883 0.999695 0.00369755
2.84791 13.4292 0.18453 -0.0252486 0.99966 0.0064719
2.79303 13.4357 -0.942011 -0.0282166 0.99958 0.00662531
2.80597 13.4443 -1.94835 -0.0313625 0.999479 0.00691617
2.80937 13.4479 -2.95564 -0.033446 0.999436 0.00297352
2.83995 13.45 -3.30982 -0.0335675 0.999432 0.00305378
1.89989 13.4184 -3.29853 -0.0338314 0.999419 0.00405409
1.85516 13.4134 -2.33567 -0.0339897 0.999416 0.0035204
1.82995 13.4077 -1.23801 -0.0331989 0.999438 0.00458153
1.88615 13.4037 -0.205077 -0.0304555 0.999525 0.00472632
1.96357 13.4015 0.997113 -0.0291672 0.999572 0.00228394
1.93133 13.4002 2.17058 -0.0292251 0.999571 -0.0016665
1.90123 13.4017 3.14434 -0.0271136 0.999624 -0.00415566
1.90196 13.4026 3.34995 -0.0273119 0.999616 -0.00467724
0.942314 13.3739 3.4477 -0.0317099 0.999494 -0.00210181
0.965212 13.372 2.31262 -0.0301952 0.999544 -0.000998837
1.01448 13.373 1.32781 -0.0293373 0.999569 0.000996539
0.976391 13.3745 0.147805 -0.0305694 0.99953 0.00211203
0.904433 13.3754 -0.834906 -0.032574 0.999463 0.00343374
0.86917 13.3779 -1.82986 -0.0342984 0.999407 0.00296605
0.941186 13.3839 -2.81523 -0.0350645 0.999378 0.00382296
0.980927 13.3878 -3.6114 -0.0354419 0.999368 0.00282739
0.0474043 13.3538 -3.40126 -0.0361673 0.999341 0.00307631
-0.0494318 13.3472 -2.33833 -0.0352285 0.999375 0.00289515
-0.0630679 13.3445 -1.29491 -0.0344535 0.999405 0.00132446
0.00537132 13.3448 -0.292108 -0.0326031 0.999465 0.00259741
0.0847113 13.3457 0.673723 -0.0313923 0.999506 0.00139289
0.0721752 13.3442 1.71455 -0.0320456 0.999486 0.000713038
0.0102361 13.3419 2.93359 -0.0339873 0.999422 -0.000183788
-0.0165104 13.3414 3.52371 -0.0344377 0.999406 -0.00104141
-0.984709 13.3049 3.56979 -0.0408923 0.999162 0.00149936
-0.910104 13.3097 2.53027 -0.0360874 0.999348 0.000197902
-0.854613 13.3136 1.53403 -0.0352293 0.999377 0.00166447
-0.864953 13.3141 0.422836 -0.0361529 0.999345 0.00147709
-0.965454 13.3119 -0.644644 -0.0354009 0.999373 0.000226759
-1.01505 13.3111 -1.67655 -0.0369172 0.999317 0.00109534
-0.954343 13.3154 -2.69144 -0.0372205 0.999304 0.00245326
-0.859238 13.3212 -3.54955 -0.0368337 0.999317 0.00297351
-1.779 13.2864 -3.48943 -0.0389594 0.999235 0.00349837
-1.92199 13.2784 -2.51154 -0.0388833 0.999241 0.00254269
-1.98638 13.2736 -1.54794 -0.0402076 0.99919 0.0014814
-1.88602 13.2772 -0.576883 -0.0407627 0.999169 -0.000436983
-1.79574 13.28 0.418679 -0.038409 0.999257 0.00233485
-1.77095 13.2788 1.49972 -0.0399557 0.999199 0.00227696
-1.87061 13.2701 2.75337 -0.0417845 0.999123 0.00266199
-1.92954 13.266 3.27977 -0.0435538 0.999047 0.00270477
-2.90974 13.2226 3.38832 -0.046198 0.998929 0.00269641
-2.77552 13.2317 2.38155 -0.0443706 0.999006 0.00405042
-2.70742 13.2399 1.29186 -0.0453415 0.998964 0.00362351
-2.74297 13.241 0.0131252 -0.0453107 0.998972 0.00100742
-2.87686 13.2356 -0.946293 -0.0434791 0.999052 0.00194017
-2.93241 13.2354 -1.94774 -0.0447056 0.998997 0.00265452
-2.7861 13.2444 -2.93 -0.043189 0.99906 0.00342714
-2.71409 13.2491 -3.50485 -0.0424876 0.999089 0.00396253
-3.6473 13.2085 -3.55497 -0.047248 0.998871 0.00493025
-3.78348 13.1977 -2.55848 -0.0473478 0.998873 0.00332636
-3.89861 13.1899 -1.60163 -0.0474157 0.998873 0.00206604
-3.7119 13.1968 -0.371652 -0.0481875 0.998838 0.000347674
-3.67312 13.1969 0.638363 -0.0476764 0.998857 0.00331781
-3.68394 13.1925 1.61766 -0.0495945 0.998761 0.00408491
-3.7501 13.185 2.69805 -0.0476589 0.998857 0.00356906
-3.88391 13.176 3.44654 -0.0530344 0.998588 0.00312321
-4.86421 13.1236 3.48749 -0.0562159 0.998415 0.00264769
-4.66327 13.1387 2.43893 -0.0529438 0.998589 0.00414814
-4.61657 13.1457 1.42063 -0.0522301 0.998621 0.00520573
-4.62371 13.1507 0.207376 -0.0507064 0.99871 0.00277721
-4.75808 13.1447 -0.814923 -0.0535663 0.998564 0.000899745
-4.80025 13.144 -1.86577 -0.0536332 0.99856 0.00152743
-4.62913 13.157 -2.89505 -0.0516268 0.998658 0.0040915
-4.62689 13.1596 -3.5428 -0.0542789 0.998521 0.00314351
-5.70241 13.0997 -3.46185 -0.0601433 0.998189 0.00153537
-5.55508 13.1042 -2.43249 -0.0583923 0.998273 0.00637589
-5.53916 13.1013 -1.45812 -0.0599809 0.998192 0.00342311
-5.78341 13.0835 -0.50349 -0.0650113 0.99788 0.00234178
-5.73409 13.0863 0.661022 -0.0633954 0.997988 0.000572716
-5.71541 13.0849 1.62398 -0.0586272 0.998239 0.00836326
-5.65406 13.0819 2.58523 -0.0603614 0.99816 0.0051777
-5.73761 13.0725 3.54233 -0.0667682 0.997753 0.00559545
-6.65715 13.0088 3.50852 -0.0708496 0.997483 0.00288719
-6.63898 13.0186 2.42155 -0.0744346 0.997196 0.00744547
-6.64599 13.0227 1.46369 -0.0765406 0.997054 0.00125576
-6.62215 13.0261 0.33832 -0.0715275 0.99743 0.00412643
-6.65664 13.0271 -0.654839 -0.0684198 0.997647 0.0042634
-6.65315 13.0327 -1.69411 -0.0662053 0.997796 0.00438879
-6.65491 13.038 -2.78439 -0.0641901 0.997927 0.00468424
-6.63614 13.042 -3.40922 -0.0654952 0.997846 0.00264253
-7.77714 12.9547 -3.56203 -0.0892941 0.995996 5.86091e-05
-7.70915 12.9591 -2.47322 -0.0806853 0.996712 0.0074359
-7.70481 12.9532 -1.20663 -0.0760985 0.99709 0.00443376
-7.61383 12.9532 0.0146934 -0.078397 0.996883 0.00834495
-7.61979 12.9444 1.18697 -0.0825678 0.996577 0.00372816
-7.62113 12.942 2.19533 -0.0831191 0.996539 0.0013277
-7.60657 12.9389 3.38684 -0.0801305 0.996776 0.00404716
-7.58711 12.9398 3.52893 -0.079864 0.996797 0.00426356
-8.53779 12.8562 3.31647 -0.0988843 0.995095 0.00257544
-8.55261 12.8591 1.97432 -0.0963179 0.99535 0.00142222
-8.51046 12.8667 0.867532 -0.0960087 0.995364 0.00561998
-8.62353 12.8677 -0.324549 -0.0995853 0.994999 0.00749791
-8.70172 12.8639 -1.38243 -0.100846 0.994886 0.0051773
-8.71572 12.8645 -2.61576 -0.100934 0.994891 -0.0018856
-8.72672 12.8644 -3.54203 -0.106417 0.99432 0.00157829
-9.65001 12.7643 -3.48553 -0.11211 0.993693 0.00225919
-9.67682 12.761 -2.44984 -0.11732 0.993091 -8.46507e-05
-9.63236 12.7651 -1.2601 -0.106653 0.994287 0.00403854
-9.54247 12.7688 -0.0864694 -0.115705 0.993282 0.00106395
-9.45515 12.7707 1.12317 -0.105648 0.994374 0.00759821
-9.48414 12.76 2.18829 -0.118058 0.993002 0.00284986
-9.48437 12.7564 3.16729 -0.113477 0.99354 0.000380076
-10.4155 12.6437 3.22497 -0.132399 0.991172 0.00627632
-10.4172 12.6443 2.231 -0.12808 0.991761 0.00247138
-10.416 12.6507 1.20632 -0.129905 0.991467 0.0108047
-10.5034 12.6481 0.0748009 -0.129704 0.991524 0.00751437
-10.5702 12.6438 -1.0214 -0.132856 0.991131 0.00297589
-10.6143 12.641 -2.03798 -0.132942 0.991119 0.00293913
-10.5802 12.6513 -3.28929 -0.131054 0.991364 0.00272217
-10.5776 12.6516 -3.40214 -0.128102 0.991756 0.00214389
-11.5027 12.5131 -3.39184 -0.159215 0.987219 0.00700623
-11.5472 12.5022 -2.42368 -0.160076 0.987091 -0.00321987
-11.524 12.511 -1.40234 -0.156311 0.987695 0.00493609
-11.4442 12.5137 -0.0693011 -0.151951 0.988363 0.00609135
-11.3639 12.5227 0.930468 -0.151517 0.988436 0.00583633
-11.3524 12.5184 2.0735 -0.141274 0.989953 0.00578128
-11.3386 12.5157 3.18051 -0.140665 0.990035 0.0064344
-11.3379 12.5137 3.43781 -0.142228 0.98981 0.00668681
-12.2691 12.3639 3.36188 -0.166263 0.986068 0.00408996
-12.2794 12.3689 2.22287 -0.172576 0.984987 0.00422278
-12.3032 12.3683 1.14304 -0.170861 0.985293 0.00220539
-12.3462 12.3634 0.0268591 -0.173438 0.984837 0.00396699
-12.4156 12.3559 -0.978253 -0.180328 0.983603 0.00257921
-12.4866 12.3442 -1.94908 -0.18438 0.982838 -0.00251585
-12.4539 12.3487 -2.95139 -0.181372 0.983406 0.00223659
-12.4423 12.3551 -3.45715 -0.176619 0.984238 0.00639807
-13.3843 12.1692 -3.27224 -0.196806 0.980417 0.00711639
-13.4428 12.1582 -2.04345 -0.193677 0.981055 -0.00329294
-13.3499 12.1799 -0.988021 -0.19507 0.980773 0.00463212
-13.2867 12.1873 -0.0137832 -0.188348 0.982098 0.00125587
-13.2576 12.1937 1.00404 -0.187929 0.982183 -0.000280558
-13.2363 12.1957 2.05642 -0.188703 0.982032 0.00227828
-13.2128 12.1972 3.26699 -0.180899 0.983492 0.00432785
-13.2199 12.1951 3.48498 -0.18037 0.983593 0.00326547
-14.1437 12.0153 3.43947 -0.197687 0.980258 0.000659103
-14.1546 12.0099 2.12697 -0.214681 0.97668 -0.00285565
-14.1688 12.0082 1.08818 -0.214723 0.976661 0.00511699
-14.2081 12.0027 -0.019996 -0.211375 0.977386 0.00275866
-14.2806 11.9914 -1.02183 -0.213803 0.976846 -0.00772479
-14.353 11.9644 -2.19456 -0.212695 0.977084 -0.00775235
-14.3112 11.9744 -3.17995 -0.218507 0.97583 0.00286823
-14.2823 11.9823 -3.51868 -0.218572 0.975808 0.00506111
-15.2351 11.7631 -3.22233 -0.236695 0.971583 -0.00043881
-15.2578 11.7597 -2.08867 -0.23341 0.972365 -0.00507214
-15.1904 11.782 -0.871265 -0.229687 0.973263 9.89389e-05
-15.1156 11.7966 0.096397 -0.230183 0.973131 0.00558735
-15.0765 11.7991 1.05818 -0.226046 0.974084 0.000110859
-15.068 11.809 2.25661 -0.21585 0.976411 -0.00553686
-15.0646 11.8125 3.35937 -0.233756 0.972272 0.00232464
-15.065 11.8125 3.42588 -0.22949 0.973227 -0.00200155
-15.9839 11.5832 3.53016 -0.243934 0.969768 -0.000490833
-15.9745 11.5867 2.19037 -0.249401 0.968352 -0.00759753
-15.9872 11.5763 1.1837 -0.243666 0.969858 -0.00114866
-16.0234 11.5682 0.187309 -0.252738 0.967534 -0.000909699
-16.1024 11.5467 -0.968765 -0.262227 0.964987 -0.00388606
-16.1648 11.5253 -2.01927 -0.265831 0.963988 -0.00591072
-16.1439 11.5301 -3.30679 -0.261333 0.965247 -0.000662411
-17.0358 11.2835 -3.39249 -0.285072 0.958503 -0.00217852
-17.0533 11.2788 -2.32467 -0.271795 0.962349 0.00290681
-17.0344 11.2848 -1.15362 -0.281928 0.959433 -0.00209742
-16.9302 11.3177 0.0984156 -0.275938 0.961158 -0.00572569
-16.904 11.3304 1.37705 -0.266621 0.963797 -0.0028006
-16.8788 11.3454 2.71709 -0.270135 0.962814 -0.00394441
-16.8887 11.3449 3.54224 -0.255849 0.966711 -0.000351463
-17.7951 11.0877 3.42932 -0.27885 0.960302 -0.00707179
-17.8069 11.0737 2.25536 -0.289706 0.957044 -0.0117028
-17.8039 11.0659 1.17167 -0.292208 0.956349 -0.00348012
-17.8462 11.0503 0.119542 -0.295278 0.955406 -0.00314467
-17.9057 11.0248 -0.865851 -0.291036 0.95669 -0.00612624
-17.9468 11.0086 -1.83238 -0.291274 0.956634 0.00230633
-17.9392 11.0123 -2.80207 -0.295903 0.955216 0.000764423
-17.9185 11.018 -3.56094 -0.298558 0.95439 -0.00041371
-18.7962 10.7405 -3.6254 -0.306707 0.951803 -0.00138333
-18.8184 10.7339 -2.60669 -0.307167 0.951655 0.000555602
-18.8327 10.7323 -1.2671 -0.309195 0.950996 -0.00198536
-18.7769 10.7609 -0.0999114 -0.301879 0.953282 -0.00830496
-18.7082 10.7851 0.996593 -0.302424 0.953169 -0.00284344
-18.696 10.7998 2.19764 -0.301207 0.953505 -0.0101281
-18.6771 10.8132 3.30295 -0.308464 0.95123 -0.00316332
-18.6775 10.8132 3.34118 -0.307955 0.951397 -0.00270249
-19.5676 10.5193 3.46552 -0.319275 0.947641 -0.00622501
-19.5904 10.5046 2.42929 -0.321773 0.946808 -0.00225341
-19.611 10.4916 1.12996 -0.319811 0.947461 -0.00599644
-19.6636 10.4664 0.029339 -0.319259 0.94764 -0.00703484
-19.7279 10.4366 -0.998206 -0.319635 0.94754 -0.00105612
-19.7147 10.4385 -2.27442 -0.324899 0.945744 -0.00192436
-19.6785 10.4513 -3.43115 -0.323267 0.946308 -0.000192997
-20.5678 10.145 -3.40695 -0.331 0.943629 0.000438854
-20.6068 10.131 -2.39766 -0.331317 0.943519 -0.00120883
-20.6117 10.1326 -1.37046 -0.331315 0.943508 -0.00462239
-20.5733 10.1528 -0.308432 -0.335283 0.94208 -0.00837087
-20.5165 10.1799 0.781673 -0.331806 0.94332 -0.00639492
-20.4745 10.1978 1.84266 -0.330474 0.943807 -0.00382953
-20.4886 10.1973 2.91004 -0.328948 0.944327 -0.00519855
-20.4609 10.2104 3.38732 -0.333682 0.942661 -0.00681379
-21.3491 9.88886 3.47079 -0.344171 0.938891 -0.00522636
-21.3745 9.87556 2.3618 -0.348394 0.937342 -0.00315388
-21.3888 9.86618 1.23166 -0.348409 0.937336 -0.00309499
-21.4293 9.84715 0.0177129 -0.344235 0.938874 -0.00186598
-21.4786 9.82518 -1.13109 -0.341575 0.939844 -0.00424804
-21.4967 9.81469 -2.13478 -0.343772 0.939044 -0.00387509
-21.4585 9.8248 -3.14598 -0.344183 0.938902 -0.000331985
-21.4464 9.82926 -3.48777 -0.344974 0.938612 -0.000354611
-22.3276 9.50088 -3.56987 -0.350282 0.936629 -0.00521486
-22.3672 9.48974 -2.59959 -0.351685 0.936115 -0.00269211
-22.3589 9.49592 -1.32654 -0.354275 0.935133 -0.00400141
-22.3275 9.51259 -0.305752 -0.356689 0.934217 -0.0029629
-22.2761 9.53354 0.664051 -0.354947 0.934878 -1.53604e-05
-22.2617 9.53999 1.68099 -0.357014 0.934089 -0.00330791
-22.2419 9.55179 2.90601 -0.355045 0.93483 -0.0060412
-22.2213 9.5634 3.4399 -0.355112 0.934797 -0.00704108
-23.1055 9.22455 3.47321 -0.361057 0.93252 -0.00599902
-23.1323 9.20737 2.32299 -0.361838 0.932229 -0.00462614
-23.1809 9.18481 1.28763 -0.362166 0.932111 -0.000687961
-23.1924 9.17947 0.160629 -0.362673 0.931916 -0.000217983
-23.2123 9.17035 -0.857985 -0.361224 0.932476 -0.00220286
-23.2441 9.15444 -2.08826 -0.362477 0.93199 -0.00227386
-23.2254 9.16156 -3.05401 -0.358756 0.933431 0.000186359
-23.2075 9.16591 -3.61546 -0.358665 0.933443 -0.00628059
-24.0834 8.82385 -3.57665 -0.365108 0.930958 -0.00353578
-24.1105 8.81544 -2.51306 -0.364914 0.93104 -0.00119803
-24.1042 8.82084 -1.1771 -0.365855 0.930666 -0.00332115
-24.0739 8.83472 0.179224 -0.365767 0.930705 0.000795706
-24.0526 8.84337 1.52522 -0.365705 0.93072 -0.0034262
-24.0271 8.86015 2.80445 -0.367297 0.930098 -0.00327216
-23.9888 8.87849 3.46609 -0.365986 0.930604 -0.00545184
-24.8668 8.52805 3.5888 -0.372596 0.927988 -0.00329549
-24.8867 8.51563 2.41021 -0.372523 0.928011 -0.00476517
-24.9141 8.50023 1.43231 -0.371527 0.928417 -0.00195719
-24.9301 8.49392 0.401027 -0.374119 0.92738 -0.000129673
-24.9631 8.47978 -0.640974 -0.373814 0.927502 -0.00185263
-24.9747 8.47363 -1.75285 -0.371384 0.928477 -0.00197133
-25.009 8.45819 -2.7968 -0.371589 0.928396 -0.00125768
-24.9698 8.47269 -3.39676 -0.371648 0.928371 -0.0023235
-25.8289 8.12682 -3.60134 -0.377166 0.926145 -0.0010237
-25.8617 8.11543 -2.27325 -0.376414 0.926448 -0.00269244
-25.8565 8.11974 -1.29823 -0.373624 0.927579 -0.000342612
-25.8279 8.13044 -0.336301 -0.37592 0.926651 0.000772234
-25.8065 8.13779 0.66856 -0.377688 0.925927 -0.0030473
-25.7678 8.15597 1.67813 -0.376429 0.926439 -0.00344185
-25.7591 8.16369 2.6654 -0.376985 0.92621 -0.00419105
-25.7524 8.16841 3.14167 -0.379483 0.925197 -0.00151951
-26.6072 7.81628 3.5041 -0.381991 0.924164 -0.00192468
-26.6368 7.80117 2.1903 -0.382657 0.923888 -0.00197932
-26.6415 7.79713 1.17628 -0.381071 0.924546 -0.000728003
-26.6848 7.77929 -0.282336 -0.380718 0.924689 0.000442244
-26.711 7.76943 -1.51833 -0.382995 0.923747 -0.00255398
-26.7077 7.7672 -2.64902 -0.382766 0.923844 -0.000525814
-26.6897 7.77465 -3.40511 -0.381372 0.924422 2.9112e-06
-19.7937 10.4113 -4.68721 -0.322044 0.946724 0.000774582
-20.8322 10.0497 -4.66294 -0.337755 0.941233 -0.00109572
-21.9953 9.62356 -4.66983 -0.349518 0.936928 -0.000298966
-23.0302 9.23094 -4.68964 -0.357678 0.933845 -0.00070884
-24.0856 8.821 -4.71631 -0.364883 0.931053 -0.00041512
-25.1254 8.40988 -4.71511 -0.370652 0.928771 0.000393848
-26.1511 7.99482 -4.69225 -0.377421 0.926041 -0.001059
-27.4321 7.46868 -4.65001 -0.381576 0.924337 0.000251921
-28.0262 7.2216 -3.81484 -0.383422 0.923573 0.000547203
-28.1075 7.18731 -2.64072 -0.383602 0.923498 0.000242173
-28.1022 7.18963 -1.40313 -0.385584 0.922672 -4.76287e-05
-28.082 7.19781 -0.210609 -0.386193 0.922418 0.000272208
-28.042 7.21489 0.994025 -0.385776 0.922591 -0.00149503
-28.0138 7.2277 2.1321 -0.387221 0.921987 -0.000145858
-28.0186 7.2264 3.32549 -0.387845 0.921724 -0.00117108
-27.8393 7.30273 4.42209 -0.387187 0.922001 -0.000648571
-26.7191 7.77179 4.64425 -0.384538 0.923105 -0.00170985
-25.7152 8.18601 4.63852 -0.378774 0.925485 -0.00218511
-24.6423 8.62117 4.66073 -0.374173 0.927357 -0.00185071
-23.532 9.06241 4.6969 -0.364738 0.931107 -0.0021401
-22.3977 9.50235 4.62588 -0.357916 0.933752 -0.000676695
-21.3235 9.90329 4.66059 -0.343627 0.939093 -0.00484962
-20.2032 10.3072 4.67282 -0.330674 0.943735 -0.00379355
-19.1176 10.6738 4.63824 -0.315627 0.948872 -0.00424196
-17.9411 11.0456 4.62615 -0.285967 0.958223 -0.00243516
-16.8329 11.3608 4.63978 -0.266013 0.963964 -0.00171048
-15.7855 11.6405 4.64048 -0.240646 0.970599 -0.00514101
-14.54 11.9324 4.62074 -0.212502 0.977141 -0.00520762
-13.352 12.1748 4.63596 -0.198017 0.980143 -0.0104456
-12.2558 12.3717 4.66877 -0.164212 0.986401 -0.00610573
-11.0779 12.5464 4.64376 -0.143619 0.98961 -0.00355406
-9.77425 12.7165 4.62341 -0.122101 0.992488 -0.00636289
-8.48677 12.86 4.69189 -0.0968736 0.995295 -0.00100259
-7.38073 12.9554 4.67114 -0.0781316 0.99692 -0.00445767
-6.07412 13.0483 4.6655 -0.0660665 0.997815 -0.000352169
-4.6973 13.1301 4.62431 -0.0538001 0.998548 0.000135493
-3.49756 13.1914 4.58719 -0.0495252 0.998767 0.00350446
-2.1379 13.2535 4.65425 -0.0433214 0.999054 0.00360605
-0.8476 13.3089 4.62407 -0.0430981 0.999068 0.00243049
0.361651 13.3574 4.62376 -0.0363188 0.999338 -0.00196106
1.71437 13.4039 4.6371 -0.0332579 0.99943 -0.0057384
2.95325 13.4363 4.57528 -0.0211776 0.999731 -0.00941122
4.35117 13.4614 4.61746 -0.0152027 0.999869 -0.00544101
5.55228 13.4741 4.65073 -0.00924202 0.999955 -0.00234264
6.77307 13.4841 4.67659 -0.00739011 0.999968 -0.00305888
7.9835 13.4956 4.69688 -0.00530207 0.999921 -0.00992322
9.1151 13.4893 4.67429 0.0065679 0.999707 -0.0232798
10.4001 13.47 4.65818 0.0277906 0.999211 -0.0258318
11.4859 13.4228 4.61586 0.0615462 0.997935 -0.0174084
12.6094 13.3445 4.7022 0.0922116 0.995648 -0.00694702
13.7609 13.2017 4.72603 0.135553 0.990751 -0.00477164
14.9161 12.9966 4.73904 0.283845 0.958675 0.0152436
16.1228 12.6224 4.60376 0.324316 0.945664 0.00324739
16.4161 12.5328 3.54795 0.428493 0.903071 0.0290382
16.2666 12.5991 2.4749 0.442327 0.896014 -0.0329637
16.1075 12.6089 1.26876 0.388152 0.919093 -0.0626972
15.9788 12.5647 0.182901 0.334565 0.936307 -0.10618
15.9513 12.4853 -0.995889 0.36558 0.929511 -0.0448813
15.9146 12.4049 -2.2042 0.363255 0.927618 -0.0869628
15.8151 12.3335 -3.34825 0.362138 0.927063 -0.0969904
15.4161 12.3835 -4.55243 0.379764 0.922282 -0.0702914
14.1346 12.8118 -4.71061 0.290378 0.95556 -0.0480606
13.0114 13.0631 -4.68621 0.175148 0.984327 -0.0205315
11.7101 13.2496 -4.6994 0.0945807 0.995513 0.00235129
10.2218 13.3617 -4.68564 0.0624743 0.998035 0.00434803
9.05478 13.4237 -4.68358 0.0480244 0.998841 0.00261352
7.85759 13.4728 -4.72483 0.0354028 0.999338 0.00831706
6.64399 13.4968 -4.69683 0.0103455 0.999931 0.0031125
5.42752 13.4982 -4.70031 -0.00274475 0.999992 0.00149276
4.32363 13.484 -4.74772 -0.0175487 0.999835 -0.00452413
3.1529 13.4605 -4.69326 -0.0239299 0.999708 -0.00314053
1.92171 13.4237 -4.69516 -0.0336186 0.999431 0.00241411
0.761173 13.3826 -4.68425 -0.0358331 0.999356 0.00184949
-0.429245 13.34 -4.67437 -0.0356136 0.999364 0.00182171
-1.63784 13.2961 -4.66607 -0.0361919 0.999339 0.00341461
-2.98243 13.2432 -4.62238 -0.0423653 0.999089 0.00478853
-4.39435 13.1784 -4.63489 -0.0497741 0.998739 0.00656066
-5.56482 13.1132 -4.63548 -0.0605295 0.998149 0.00588194
-6.6816 13.0397 -4.64169 -0.0718681 0.997411 0.00240797
-7.83043 12.9511 -4.69749 -0.0850406 0.996366 0.0047961
-8.92474 12.8464 -4.66355 -0.102616 0.994694 0.00732307
-10.0668 12.7186 -4.63943 -0.118798 0.992909 0.00422889
-11.1406 12.5706 -4.66656 -0.159106 0.98725 0.00422236
-12.3233 12.3748 -4.64896 -0.168167 0.985756 -0.00167911
-13.6783 12.1153 -4.65433 -0.200632 0.97966 0.00226857
-15.0372 11.8104 -4.70567 -0.236151 0.971703 0.00502393
-16.1128 11.5372 -4.67504 -0.258643 0.96597 0.00236204
-17.4031 11.1746 -4.68372 -0.287539 0.957767 0.00135149
-18.4976 10.8352 -4.68013 -0.302083 0.953281 0.000530674
-19.6896 10.4466 -4.68918 -0.321318 0.94697 -0.000357716
-19.5735 10.4858 -5.75112 -0.320263 0.947326 -0.000806111
-20.807 10.0595 -5.72458 -0.336436 0.941705 0.000721671
-21.9139 9.65295 -5.73193 -0.350797 0.936448 0.00235212
-22.9341 9.26771 -5.73497 -0.358679 0.933458 0.00239
-24.135 8.80211 -5.79059 -0.364998 0.931007 0.000570369
-25.278 8.34857 -5.77375 -0.37247 0.928044 -0.000466012
-26.3168 7.92725 -5.74254 -0.377096 0.926174 0.000513405
-27.3248 7.51365 -5.74449 -0.381147 0.924512 0.00188049
-28.478 7.03715 -5.73374 -0.384263 0.923219 0.00271394
-28.9737 6.82834 -4.64643 -0.385416 0.922741 0.00182703
-29.0389 6.79894 -3.22263 -0.386306 0.92237 0.000846738
-29.0773 6.78156 -2.00405 -0.386592 0.92225 0.00114682
-29.0513 6.79119 -0.763802 -0.388085 0.921623 0.000480834
-29.0321 6.79891 0.563933 -0.388412 0.921485 0.000165575
-28.991 6.81604 1.85366 -0.389139 0.921179 -0.000136393
-28.9963 6.81393 3.05163 -0.389379 0.921078 -9.34692e-05
-28.976 6.82345 4.25763 -0.389478 0.921035 -0.00141137
-28.7409 6.92562 5.64107 -0.389581 0.920988 -0.00268791
-27.6092 7.40224 5.72944 -0.38789 0.921698 -0.0035348
-26.6012 7.82271 5.68833 -0.382072 0.924126 -0.00285874
-25.2698 8.37097 5.71609 -0.379187 0.925305 -0.00511583
-24.2648 8.77721 5.74648 -0.368572 0.929581 -0.0056803
-23.2322 9.18417 5.738 -0.363332 0.931646 -0.00497882
-21.9449 9.67715 5.70408 -0.352846 0.935667 -0.00514216
-20.7404 10.1212 5.7487 -0.340656 0.940157 -0.00759354
-19.6946 10.4884 5.7128 -0.320925 0.947054 -0.0096992
-18.5185 10.8724 5.6938 -0.301928 0.953287 -0.00917504
-17.1949 11.2661 5.70571 -0.272547 0.962079 -0.0101975
-16.0199 11.5891 5.72497 -0.251538 0.967677 -0.0173391
-14.9367 11.8565 5.72016 -0.218253 0.97564 -0.0219533
-13.506 12.159 5.7001 -0.194795 0.980705 -0.0153504
-12.4285 12.3516 5.72237 -0.173299 0.984831 -0.00862452
-11.2363 12.5327 5.72164 -0.143872 0.989495 -0.0140059
-9.99651 12.6986 5.69333 -0.124141 0.992116 -0.014683
-8.86647 12.8266 5.75563 -0.0981868 0.995146 -0.00653602
-7.68966 12.9381 5.7319 -0.0913755 0.995777 -0.00863666
-6.45339 13.0283 5.72694 -0.0667892 0.997742 -0.00712584
-5.33818 13.0954 5.70419 -0.0554288 0.998461 -0.00170386
-3.96656 13.1658 5.6851 -0.0480123 0.998842 0.00238106
-2.65402 13.2252 5.70621 -0.0439281 0.999009 0.00718488
-1.33935 13.2823 5.7293 -0.0430959 0.999047 0.00692883
-0.136879 13.3361 5.69289 -0.0440892 0.999022 0.00310586
1.21173 13.3939 5.68524 -0.0363004 0.999287 -0.0101748
2.40381 13.4358 5.67299 -0.0361772 0.999269 -0.0121071
3.61746 13.4597 5.65758 -0.0183164 0.999672 -0.0163638
4.97456 13.4714 5.71666 -0.00225008 0.999994 0.00217778
6.23079 13.479 5.7368 -0.00773029 0.999968 0.00176022
7.51501 13.497 5.73556 -0.0164404 0.999859 -0.00319439
8.76055 13.5108 5.71003 -0.00709123 0.99986 -0.0150355
9.99269 13.5044 5.73322 0.0152862 0.999473 -0.028638
11.1952 13.464 5.67105 0.0562181 0.998185 -0.0216036
12.452 13.3743 5.75792 0.100183 0.994525 -0.0284635
13.7275 13.2089 5.75057 0.151213 0.988499 -0.000374341
14.8035 13.0294 5.80129 0.180252 0.983616 0.000329311
15.9493 12.7129 5.7658 0.327058 0.943666 -0.0489464
17.0343 12.2215 5.61447 0.485183 0.873541 -0.0279571
17.43 12.0091 4.35181 0.473835 0.880348 0.0215844
17.3294 12.0618 3.21828 0.508208 0.858729 -0.0643605
17.1371 12.108 1.93371 0.55199 0.833464 -0.0243291
16.9979 12.1469 0.854876 0.520757 0.851464 -0.0601283
16.9329 12.0867 -0.300288 0.497026 0.860036 -0.108231
16.9002 11.9914 -1.56153 0.485237 0.872933 -0.0501709
16.8194 11.9513 -2.68438 0.45913 0.883764 -0.0903146
16.7181 11.8595 -3.92722 0.440544 0.890846 -0.110955
16.4928 11.8586 -5.01934 0.425743 0.901031 -0.0829785
15.5319 12.2626 -5.73052 0.41306 0.909553 -0.0422471
14.408 12.683 -5.74676 0.304948 0.951505 -0.039244
13.3561 12.9966 -5.74526 0.216543 0.974618 0.0539173
12.2563 13.1932 -5.75655 0.131761 0.990746 0.0301239
10.8677 13.3255 -5.7689 0.069891 0.997522 0.00662243
9.71237 13.3969 -5.72296 0.0570171 0.998359 0.00527176
8.57782 13.4547 -5.73769 0.0468857 0.99885 0.0100468
7.2707 13.5014 -5.77294 0.0176336 0.999751 0.0132861
6.00296 13.4994 -5.75244 -0.0126903 0.999881 -0.0086707
4.64095 13.4804 -5.77493 -0.0143233 0.99977 -0.0158706
3.46749 13.4615 -5.76543 -0.0185952 0.999793 -0.00795791
2.01941 13.4295 -5.75211 -0.0295881 0.999549 0.00467688
0.706721 13.3817 -5.77418 -0.0390655 0.99923 -0.00362127
-0.442622 13.3411 -5.73043 -0.0333702 0.999432 -0.00233581
-1.89017 13.2923 -5.71377 -0.0342032 0.999391 0.00663263
-3.07142 13.2456 -5.72207 -0.0417445 0.999092 0.00852382
-4.21356 13.1944 -5.67724 -0.0503611 0.998698 0.00811809
-5.40027 13.1295 -5.70684 -0.0555693 0.998446 0.00428455
-6.48665 13.0601 -5.69342 -0.0749106 0.997153 0.00856876
-8.04325 12.939 -5.74496 -0.0821718 0.996597 0.00616081
-9.57913 12.7835 -5.6588 -0.111744 0.993712 0.00646621
-10.6647 12.6482 -5.70387 -0.136325 0.990614 0.0082151
-11.864 12.4597 -5.7247 -0.164804 0.986191 0.0162435
-12.9625 12.2658 -5.72026 -0.197186 0.980263 0.0134183
-14.1108 12.0277 -5.76537 -0.214097 0.97678 0.00655358
-15.4519 11.7125 -5.7628 -0.24472 0.969575 0.00600391
-16.573 11.4161 -5.72839 -0.270146 0.962792 0.00205351
-17.9712 11.0001 -5.75233 -0.295666 0.955288 0.00231897
-19.1217 10.6336 -5.74142 -0.309755 0.950814 -0.0019557
-19.3696 10.5567 -6.80589 -0.315732 0.948788 0.00811929
-18.0055 11.0027 -6.81841 -0.307616 0.951479 0.00772683
-16.6758 11.4021 -6.75888 -0.263869 0.963904 0.0355363
-15.458 11.722 -6.81432 -0.247785 0.968506 0.0244794
-14.2585 12.0104 -6.81221 -0.226516 0.973851 0.0172259
-13.0669 12.2594 -6.79325 -0.18217 0.982892 0.0271567
-11.8476 12.4807 -6.76991 -0.167086 0.985628 0.0247516
-10.6971 12.6545 -6.79193 -0.13942 0.990105 0.0159069
-9.47361 12.8084 -6.77224 -0.0985504 0.995029 0.0142958
-8.17979 12.9388 -6.79869 -0.0947094 0.995343 0.0169744
-7.01242 13.0325 -6.80694 -0.0782294 0.996766 0.0183824
-5.60166 13.1309 -6.77242 -0.0580918 0.998146 0.0180406
-4.52383 13.1876 -6.78532 -0.0523112 0.998596 0.00832905
-3.38185 13.2419 -6.81076 -0.0443638 0.998961 0.0104014
-2.20516 13.2908 -6.78069 -0.0424528 0.998994 0.0142553
-0.74456 13.3299 -6.81082 -0.0186941 0.999752 -0.00529177
0.488843 13.3679 -6.81599 -0.0515316 0.998613 -0.00596364
1.64152 13.4252 -6.82529 -0.0421659 0.998789 0.024811
2.78879 13.452 -6.78989 -0.0158917 0.999751 0.0134846
3.87522 13.4547 -6.81053 -0.00146909 0.999835 -0.0169186
5.17831 13.4661 -6.80865 -0.0106994 0.999688 -0.0225456
6.31543 13.5157 -6.81929 -0.0226643 0.998689 0.0456418
7.45769 13.5179 -6.84125 0.0290699 0.997972 0.0530953
8.64572 13.464 -6.77997 0.0508759 0.998584 0.0118226
9.80555 13.3972 -6.80067 0.0587725 0.998267 0.00290525
11.0581 13.3254 -6.81455 0.0262377 0.998303 0.0330233
12.2287 13.2387 -6.81268 0.0957026 0.993661 0.0585274
13.4795 13.0118 -6.81478 0.324501 0.938271 0.107569
14.8687 12.5091 -6.83337 0.309222 0.94905 0.0564244
15.8812 12.0924 -6.78877 0.394671 0.917701 -0.00937067
17.1471 11.5336 -6.74703 0.361751 0.923444 0.122174
17.3179 11.322 -5.6766 0.523487 0.848569 -0.0523596
17.531 11.3338 -4.5658 0.497816 0.859736 -0.113956
17.7186 11.3739 -3.44747 0.478671 0.870564 -0.113985
17.8049 11.4374 -2.04297 0.531957 0.845311 -0.0453588
17.7871 11.4742 -0.718287 0.613975 0.789187 -0.0147402
17.8239 11.5115 0.383835 0.669013 0.743101 -0.00867821
17.9761 11.5083 1.7818 0.629567 0.773314 -0.0747134
18.277 11.507 3.24549 0.511016 0.842304 -0.163465
18.3841 11.4906 4.40644 0.473086 0.880975 0.00815238
18.2416 11.5107 5.65843 0.501567 0.857861 0.102102
17.8971 11.7178 6.69859 0.681854 0.721997 -0.0278844
16.6253 12.5797 6.7753 0.445923 0.859952 -0.24719
15.5569 12.9621 6.81618 0.271698 0.95227 -0.138164
14.2279 13.1452 6.8175 0.151402 0.988293 -0.018809
12.9912 13.3226 6.78973 0.148276 0.988809 -0.0136276
11.7049 13.4786 6.77547 0.0934334 0.994585 -0.0430265
10.5641 13.5265 6.7986 0.00856051 0.999104 -0.0414343
9.15705 13.5301 6.77852 0.00325324 0.999926 -0.0115546
7.99212 13.5216 6.76658 -0.0154893 0.999636 -0.022015
6.8822 13.4844 6.81661 -0.0525766 0.998532 0.00422646
5.59901 13.4635 6.75558 0.0162179 0.998718 0.0432999
4.29853 13.4701 6.78582 0.018139 0.999762 0.00796405
3.02249 13.4742 6.71848 -0.029956 0.999204 -0.0260413
1.93232 13.4358 6.76053 -0.0385274 0.999137 -0.0155233
0.663954 13.375 6.75109 -0.0633269 0.997964 -0.00401154
-0.49582 13.3133 6.77772 -0.047083 0.998853 0.00871715
-1.6434 13.2593 6.80652 -0.0464499 0.998859 0.0110172
-2.96217 13.2055 6.76823 -0.0425704 0.999077 0.00553209
-4.38329 13.1456 6.77017 -0.0447822 0.998982 -0.00142129
-5.65485 13.0831 6.77844 -0.0500189 0.998725 -0.00609903
-6.82792 13.0156 6.7326 -0.0678371 0.997565 -0.0154131
-8.03465 12.9187 6.80001 -0.0950985 0.995313 -0.0175409
-9.23439 12.7993 6.80662 -0.10229 0.994547 -0.0202289
-10.3307 12.6712 6.73023 -0.128285 0.991133 -0.0344381
-11.4518 12.5204 6.83102 -0.14218 0.989502 -0.0258477
-12.8315 12.3007 6.7788 -0.168212 0.98556 -0.0186413
-13.9656 12.087 6.76495 -0.201485 0.97926 -0.020994
-15.1454 11.8309 6.78428 -0.233712 0.971863 -0.0277021
-16.3587 11.5117 6.76352 -0.262003 0.964931 -0.0157251
-17.6029 11.1597 6.77741 -0.276365 0.960924 -0.0157109
-18.7023 10.8267 6.73784 -0.301343 0.953362 -0.017
-19.8255 10.4546 6.77057 -0.327242 0.94479 -0.0168706
-20.9793 10.0444 6.77809 -0.341088 0.939942 -0.0128762
-22.046 9.64742 6.7704 -0.352528 0.935759 -0.00875461
-23.1031 9.244 6.777 -0.362975 0.93174 -0.00972418
-24.4025 8.72888 6.78496 -0.372019 0.928176 -0.00942772
-25.6703 8.21246 6.74756 -0.380053 0.924949 -0.00540336
-26.8602 7.7207 6.80203 -0.383607 0.923485 -0.00454871
-27.8913 7.28931 6.78537 -0.387191 0.921981 -0.00580702
-28.9029 6.86285 6.77648 -0.391254 0.92026 -0.00636438
-29.8258 6.46821 6.52565 -0.392104 0.919917 -0.00283891
-29.9759 6.40174 5.44388 -0.391273 0.920274 -0.000957611
-29.9693 6.40228 4.36081 -0.391098 0.920344 -0.00288861
-29.9644 6.40384 2.99629 -0.390725 0.920507 -7.86261e-06
-29.9924 6.39163 1.7447 -0.391082 0.920356 0.000494301
-29.9963 6.39077 0.629102 -0.390149 0.920751 0.00076884
-30.021 6.38202 -0.852516 -0.389404 0.921065 0.00166054
-30.0149 6.38821 -2.34501 -0.38696 0.922094 0.00199017
-30.0146 6.39054 -3.59485 -0.387142 0.922018 0.00168814
-30.0002 6.39931 -4.8114 -0.38663 0.922232 0.00205371
-30.0053 6.4001 -6.14568 -0.387432 0.921895 0.00233175
-29.2456 6.72092 -6.80349 -0.386209 0.922403 0.00379008
-28.2436 7.1386 -6.82977 -0.383346 0.923597 0.00376036
-27.208 7.56575 -6.81449 -0.379969 0.924991 0.00378157
-25.9707 8.07115 -6.79793 -0.375445 0.926833 0.00419903
-24.853 8.51938 -6.81915 -0.371461 0.928446 0.00206405
-23.6372 8.99847 -6.79467 -0.361321 0.93243 0.00468059
-22.5695 9.41105 -6.77862 -0.35671 0.934188 0.00604814
-21.36 9.86341 -6.7916 -0.345739 0.938302 0.0072974
-20.1196 10.3049 -6.81516 -0.320886 0.947085 0.00716537
-19.7396 10.4327 -6.81295 -0.318656 0.947859 0.00463682
