16.4171 13.3077 -3.49935 0.302177 0.950123 -0.0765452
16.4344 13.4019 -2.42699 0.292169 0.954992 -0.0436029
16.4414 13.4694 -1.45368 0.340123 0.938528 -0.0590073
16.4795 13.5628 -0.194879 0.367787 0.926637 -0.0736364
16.5103 13.6096 0.988641 0.327208 0.944509 -0.0276887
16.527 13.5972 1.98702 0.302291 0.952919 0.0225586
16.5407 13.5918 3.00404 0.340299 0.940111 -0.0196787
16.5613 13.5851 3.42388 0.312044 0.949815 0.0218699
15.6484 13.8007 3.64425 0.197226 0.980347 0.00151333
15.633 13.7937 2.6268 0.185956 0.982416 -0.0162775
15.627 13.7999 1.49846 0.151084 0.988503 0.00579917
15.5956 13.7994 0.23445 0.178077 0.984005 -0.00338814
15.5576 13.7394 -0.922481 0.204407 0.973795 -0.0997023
15.5562 13.6409 -2.03671 0.204512 0.975226 -0.0841828
15.5294 13.5844 -3.07641 0.210548 0.976825 -0.0375506
15.5215 13.5655 -3.45382 0.241016 0.967914 -0.0708043
14.5912 13.7449 -3.57252 0.180235 0.981789 -0.060052
14.6416 13.7772 -2.58927 0.174724 0.983311 -0.0500548
14.6373 13.8434 -1.54914 0.143027 0.9873 -0.0671402
14.655 13.904 -0.471017 0.0586427 0.996389 -0.0585544
14.6806 13.9374 0.50933 0.0866164 0.995705 -0.00997986
14.7167 13.9266 1.53746 0.0856604 0.996206 -0.00635979
14.6845 13.9281 2.57166 0.131411 0.991307 -0.00623053
14.7345 13.9338 3.50675 0.115313 0.993103 -0.0211002
13.7838 14.0211 3.20616 0.0579207 0.998236 0.00454226
13.7349 14.0148 2.2114 0.0715552 0.997384 -0.0102682
13.7662 14.0013 1.22411 0.0317045 0.999326 -0.0185212
13.7178 13.9836 0.189863 0.0514581 0.998341 -0.0258404
13.7042 13.9509 -0.83801 0.070112 0.996855 -0.0369467
13.7135 13.9094 -2.12974 0.0697934 0.997255 -0.024739
13.6703 13.8718 -3.13373 0.0509142 0.997388 -0.0512154
13.6631 13.8474 -3.59588 0.108917 0.992196 -0.058082
12.7373 13.9129 -3.41902 0.0629865 0.997665 -0.0263635
12.7876 13.9501 -2.18072 0.034942 0.998921 -0.0305801
12.779 13.9768 -1.13575 0.0221672 0.999537 -0.020752
12.81 14.0011 -0.0519591 0.0150298 0.999669 -0.0208658
12.8371 14.0268 1.09215 0.0203064 0.999585 -0.0189213
12.8228 14.0538 2.37566 0.0279518 0.999408 -0.0200378
12.8556 14.0609 3.3935 0.0261921 0.999573 0.00412494
12.8556 14.0609 3.39472 0.0198685 0.999743 0.00831888
11.929 14.0722 3.59388 0.00939984 0.999954 0.000703136
11.8825 14.0644 2.45245 -0.000775797 0.999875 -0.0156627
11.8917 14.0402 1.24866 0.00096091 0.999686 -0.0244144
11.907 14.0197 0.284316 -0.00166362 0.999854 -0.0169592
11.8594 13.9998 -0.768161 0.00757814 0.999857 -0.0150591
11.8584 13.9847 -1.73547 0.010226 0.999697 -0.0207298
11.8361 13.9531 -2.97868 0.0257631 0.999364 -0.0245408
11.7956 13.9431 -3.44714 0.0295226 0.999402 -0.0169512
10.88 13.9639 -3.46595 0.0142065 0.999881 -0.00600892
10.915 13.9744 -2.42185 0.00467584 0.999887 -0.0142575
10.9168 13.9908 -1.42476 -0.00448214 0.999871 -0.0154044
10.9558 14.0087 -0.284137 -0.00535473 0.999854 -0.0162155
10.9674 14.0311 1.07753 -0.00795294 0.99982 -0.0172326
10.9581 14.0517 2.09563 -0.0141273 0.999735 -0.0181819
10.964 14.068 3.22055 -0.0156558 0.999803 -0.0118902
10.9662 14.0695 3.32527 -0.0134838 0.999829 -0.0124512
10.0468 14.0549 3.51142 -0.0231018 0.999644 -0.0133172
10.0273 14.0409 2.42992 -0.0219405 0.999649 -0.0148458
10.0395 14.0221 1.19602 -0.0148116 0.999781 -0.0147669
10.0319 14.0052 -0.0185786 -0.00988769 0.99987 -0.012413
9.99169 13.991 -1.02727 -0.00742625 0.999882 -0.0134723
9.9778 13.9808 -2.06863 -0.000877443 0.999948 -0.0100458
9.95745 13.9759 -3.06937 0.00842605 0.999964 0.000170271
9.92911 13.9764 -3.56938 0.0103854 0.999945 3.98697e-05
8.98887 13.9867 -3.50156 0.0103714 0.999911 0.00831624
9.06485 13.9812 -2.54092 0.00572247 0.99998 0.00251076
9.07309 13.9852 -1.42423 -0.000592573 0.999969 -0.0077794
9.10373 13.9932 -0.371718 -0.00565365 0.999954 -0.00763353
9.13001 14.0032 0.725052 -0.0100972 0.999872 -0.0124322
9.10379 14.0136 1.73597 -0.0147896 0.999859 -0.00774145
9.09795 14.0239 2.74604 -0.0227572 0.999675 -0.0114506
9.11569 14.03 3.24692 -0.024346 0.999643 -0.0109651
8.15658 14.0093 3.46395 -0.0218502 0.999736 -0.00693187
8.14147 14.0016 2.41811 -0.0201963 0.999777 -0.00613927
8.15544 13.9956 1.28787 -0.0158525 0.999846 -0.00750782
8.17844 13.9917 0.205806 -0.00897321 0.99995 -0.00435739
8.16241 13.987 -0.762181 -0.00354215 0.999983 -0.00451335
8.13182 13.9853 -1.7769 0.00579014 0.999983 -0.000446703
8.10583 13.9878 -2.82957 0.00587865 0.999953 0.00700305
8.04125 13.9959 -3.57498 0.0067352 0.999926 0.0101445
7.1262 13.9982 -3.54346 -0.000246286 0.999961 0.00874863
7.18622 13.9908 -2.5678 0.000252366 0.999981 0.00595877
7.19034 13.9866 -1.57758 9.13246e-05 0.999999 0.00104219
7.22056 13.9854 -0.424802 -0.00407947 0.999991 0.000481611
7.21609 13.9842 0.725946 -0.0120895 0.999923 0.00241359
7.21691 13.9844 1.90845 -0.0145134 0.999892 -0.00212758
7.19231 13.9864 3.01212 -0.0179706 0.999829 -0.00432392
7.20249 13.9891 3.62873 -0.0223526 0.999741 -0.00396537
6.26449 13.9699 3.3969 -0.0183926 0.99983 -0.0014477
6.25451 13.969 2.38958 -0.0163511 0.999866 0.0006213
6.28764 13.9717 1.29515 -0.0123506 0.999917 0.00342316
6.27904 13.9764 0.187125 -0.0104378 0.999938 0.00387554
6.27314 13.9794 -0.779725 -0.0107329 0.999933 0.00410192
6.27226 13.9837 -1.81374 -0.00487006 0.999977 0.00430508
6.23204 13.9902 -2.96897 -0.00854599 0.999929 0.00814501
6.19529 13.9941 -3.47762 -0.0134374 0.999894 0.00223886
5.28205 13.9771 -3.35905 -0.0203379 0.999793 0.000573397
5.33242 13.9761 -2.20659 -0.0213776 0.999769 0.00178479
5.33478 13.9709 -1.12727 -0.0150377 0.999844 0.00919625
5.34614 13.964 -0.113872 -0.0180791 0.999821 0.00547196
5.35145 13.9582 0.940323 -0.0176842 0.999829 0.00547491
5.35111 13.9541 1.98491 -0.0183003 0.999828 0.00289779
5.31504 13.9521 2.95434 -0.0181202 0.999836 0.000659025
5.33329 13.9525 3.55896 -0.0191345 0.999816 -0.00113025
4.39018 13.9343 3.41885 -0.0193931 0.999812 -0.000588134
4.39846 13.9351 2.1663 -0.021054 0.999777 0.00116588
4.41237 13.9385 1.14658 -0.0221702 0.999745 0.00419265
4.41992 13.9439 0.173526 -0.0238851 0.999697 0.00586986
4.401 13.949 -0.806493 -0.0230488 0.999722 0.00503473
4.41468 13.9543 -2.04901 -0.0254597 0.999671 0.00275984
4.34542 13.9563 -3.21268 -0.0250122 0.999678 0.00411328
4.32553 13.957 -3.56416 -0.0226612 0.99974 -0.00043217
3.37277 13.9271 -3.60758 -0.0332231 0.999448 0.00010725
3.43501 13.9274 -2.54455 -0.0324991 0.99947 0.00166233
3.48407 13.926 -1.54497 -0.0296117 0.999557 0.0024681
3.47221 13.9218 -0.401388 -0.0305034 0.999526 0.00407987
3.47352 13.9169 0.59289 -0.0285911 0.99958 0.00478595
3.4642 13.9131 1.648 -0.0286257 0.999588 0.00148077
3.42308 13.9109 2.63806 -0.0255324 0.999672 0.00184711
3.44669 13.9121 3.48791 -0.0253259 0.999679 -0.000547035
2.4909 13.8855 3.54259 -0.0310975 0.999515 0.000218986
2.50961 13.8853 2.42305 -0.0323278 0.999477 9.38446e-05
2.52064 13.8865 1.31055 -0.0306958 0.999526 0.00234572
2.55784 13.8906 0.30882 -0.0320589 0.999478 0.00346906
2.55981 13.8937 -0.661523 -0.032618 0.999463 0.00297681
2.53455 13.8962 -1.62938 -0.0319547 0.999483 0.00366381
2.49455 13.8969 -2.76221 -0.0331997 0.999448 0.00102778
2.45623 13.8966 -3.65127 -0.0329465 0.999457 0.00104041
1.55016 13.8652 -3.4086 -0.0350994 0.999383 0.0010743
1.57518 13.8645 -2.37494 -0.0351347 0.999381 0.00189279
1.6039 13.8633 -1.39201 -0.0346189 0.999397 0.00253798
1.63177 13.8611 -0.279366 -0.0337853 0.999424 0.00309061
1.60527 13.8575 0.794302 -0.0332637 0.999444 0.00211196
1.56494 13.8545 1.87199 -0.0335956 0.999435 0.00134039
1.53622 13.8525 3.15915 -0.0344636 0.999406 0.00087179
1.53183 13.8523 3.54366 -0.0354659 0.999371 -0.000174736
0.589238 13.8193 3.34809 -0.0358342 0.999356 0.00171818
0.627778 13.8219 2.37855 -0.0342727 0.999411 0.00158501
0.647705 13.8246 1.19882 -0.0340557 0.999418 0.00171504
0.701008 13.8289 -0.0330546 -0.0336866 0.99943 0.00221573
0.696246 13.8311 -1.01237 -0.0342905 0.99941 0.00210314
0.64531 13.8315 -2.17109 -0.0349579 0.999387 0.00166941
0.646265 13.8334 -3.48346 -0.0352993 0.999376 0.00105985
0.646357 13.8334 -3.49957 -0.0352703 0.999377 0.00094266
-0.263027 13.8017 -3.52717 -0.0343095 0.999411 0.00107149
-0.271394 13.7996 -2.4229 -0.0351267 0.999381 0.0016481
-0.264664 13.7984 -1.4206 -0.0353514 0.999374 0.00116689
-0.226185 13.7981 -0.316766 -0.034103 0.999416 0.0020214
-0.284785 13.7936 0.821549 -0.0340763 0.999417 0.00213127
-0.310144 13.7902 2.03339 -0.0346904 0.999396 0.00180804
-0.340421 13.7864 3.14543 -0.0366005 0.999325 0.00317789
-0.349206 13.7847 3.59341 -0.0371934 0.999303 0.00315912
-1.27546 13.7511 3.19184 -0.0389106 0.999235 0.00385505
-1.25374 13.7556 2.17896 -0.0392846 0.999222 0.00359869
-1.24266 13.7586 1.21373 -0.036702 0.999323 0.00235713
-1.16827 13.7647 0.048893 -0.0359395 0.999351 0.00248143
-1.17305 13.7655 -1.00777 -0.036156 0.999346 0.000883694
-1.19282 13.7662 -1.99314 -0.0356411 0.999363 0.00176912
-1.17058 13.7691 -2.9983 -0.0352685 0.999375 0.00218664
-1.18395 13.7695 -3.45972 -0.0342041 0.99941 0.0030547
-2.08499 13.7371 -3.32979 -0.0363851 0.999333 0.00318281
-2.13533 13.7319 -2.23296 -0.0385748 0.999248 0.00368163
-2.10745 13.7298 -0.916336 -0.0401707 0.999192 0.000799031
-2.11691 13.7287 0.196762 -0.0394591 0.999218 0.00255247
-2.22006 13.7215 1.25832 -0.0405433 0.999173 0.0031867
-2.20528 13.718 2.23807 -0.0409175 0.999147 0.00561627
-2.22855 13.713 3.30977 -0.0410711 0.999152 0.00300132
-3.17516 13.6727 3.50083 -0.0441248 0.999021 0.00321076
-3.14965 13.678 2.26364 -0.0433564 0.999052 0.00389614
-3.22697 13.6788 1.27607 -0.0448262 0.998989 0.00350133
-3.06214 13.6891 0.159543 -0.0437191 0.999043 0.00143629
-3.05576 13.6913 -0.936151 -0.0425776 0.999091 0.00162695
-3.09527 13.6926 -2.0132 -0.0424616 0.999093 0.00321842
-3.0208 13.6992 -2.99276 -0.0412823 0.999139 0.00400853
-2.99923 13.7025 -3.55012 -0.0408883 0.999152 0.00473579
-3.908 13.6623 -3.39664 -0.0464719 0.998898 0.00654113
-4.04302 13.6513 -2.36993 -0.0458364 0.998941 0.00395103
-4.07846 13.6464 -1.31172 -0.0457626 0.998949 0.00251878
-3.97514 13.6486 -0.22677 -0.0464401 0.998919 0.00180079
-4.1784 13.6358 0.976463 -0.0480896 0.998836 0.00380925
-4.14536 13.6333 2.06213 -0.048214 0.998832 0.00327164
-4.08259 13.6329 3.13934 -0.04844 0.998824 0.0019712
-4.12166 13.6299 3.57361 -0.0481797 0.998834 0.00318901
-5.07002 13.5824 3.51415 -0.0510117 0.998693 0.0030996
-5.09222 13.5854 2.187 -0.0517665 0.998653 0.00352466
-5.10384 13.5885 1.2111 -0.0510108 0.99869 0.00393945
-5.08454 13.5945 -0.132674 -0.0529136 0.998595 0.00228105
-5.07499 13.5965 -1.205 -0.053291 0.998576 0.00203061
-5.08111 13.6005 -2.5295 -0.0525403 0.998611 0.00397519
-5.0861 13.6034 -3.36398 -0.0522468 0.998628 0.00341965
-6.00872 13.5527 -3.29775 -0.0571527 0.998364 0.00182556
-6.08426 13.5438 -2.06064 -0.0553023 0.998459 0.00434551
-6.46491 13.5165 -1.04712 -0.0608245 0.998134 0.00496246
-5.96624 13.5436 -0.21688 -0.060609 0.998157 0.00269618
-6.18342 13.5299 0.706007 -0.0587359 0.998272 0.000404423
-6.35806 13.516 1.80471 -0.0626746 0.998024 0.00341857
-6.24494 13.5189 2.79264 -0.0611564 0.998118 0.00448995
-6.16081 13.5222 3.22561 -0.060562 0.998158 0.00369132
-7.3481 13.442 3.34271 -0.0694979 0.997577 0.00299632
-7.47031 13.4351 2.36293 -0.080419 0.996761 -7.80777e-05
-7.42289 13.4399 1.1668 -0.0779199 0.996953 0.00359155
-7.23946 13.4579 0.153592 -0.0753827 0.997148 0.00363316
-7.60789 13.4377 -1.04926 -0.0763708 0.997053 0.00710619
-7.54044 13.448 -2.15107 -0.0811137 0.996688 0.005011
-7.27184 13.4724 -3.08797 -0.0722168 0.997384 0.0015328
-7.19132 13.479 -3.51773 -0.0765806 0.997062 0.00145598
-8.33264 13.3858 -3.40667 -0.089297 0.996 0.00260096
-8.51681 13.3653 -2.36533 -0.0928536 0.99567 0.00443224
-8.55115 13.3599 -1.36422 -0.0888422 0.996044 0.00154155
-8.23798 13.3815 -0.10174 -0.0821702 0.99659 0.00714146
-8.22899 13.3759 0.877947 -0.0896605 0.995896 0.00979245
-8.43763 13.3542 2.11735 -0.0951524 0.995462 -0.000492686
-8.38843 13.3576 3.07837 -0.0935015 0.995613 0.00342752
-8.39909 13.3554 3.45474 -0.0915209 0.995803 0.000556618
-9.37917 13.2561 3.21856 -0.113603 0.993525 -0.00143975
-9.3321 13.2643 1.88667 -0.117753 0.99301 0.00731061
-9.09298 13.2953 0.783551 -0.104842 0.994459 0.00774957
-9.25543 13.2875 -0.276289 -0.104128 0.994518 0.0095102
-9.4617 13.2718 -1.53242 -0.101897 0.994793 0.00157771
-9.42272 13.277 -2.66668 -0.104363 0.994536 -0.00238509
-9.33932 13.2854 -3.52395 -0.102554 0.994727 -4.2178e-05
-10.3356 13.1722 -3.50008 -0.116833 0.993151 0.000822161
-10.3875 13.1673 -2.3702 -0.127763 0.991741 0.00261026
-10.3576 13.1649 -1.15527 -0.127 0.991861 0.00896615
-10.0815 13.1944 0.040061 -0.118398 0.992939 0.00454052
-10.0895 13.1824 1.07015 -0.120164 0.992713 0.00893776
-10.2669 13.1511 2.17441 -0.120879 0.992644 0.00671285
-10.3222 13.1417 3.28174 -0.122251 0.992487 -0.00466127
-10.3344 13.1408 3.37813 -0.121248 0.992605 -0.00588202
-11.251 13.0219 3.33683 -0.141618 0.989913 -0.00388593
-11.1891 13.0339 2.33812 -0.138139 0.990268 0.0148644
-11.0439 13.0657 1.11078 -0.127941 0.991721 0.0107059
-11.135 13.0591 -0.227008 -0.13815 0.990384 0.0037973
-11.2862 13.0368 -1.18846 -0.150785 0.988565 0.0011557
-11.3227 13.0359 -2.38005 -0.146693 0.989173 0.00431507
-11.3071 13.0433 -3.3538 -0.148452 0.98891 0.000300214
-11.3025 13.0434 -3.49699 -0.150053 0.98867 -0.00303393
-12.2419 12.8946 -3.40755 -0.162589 0.98665 -0.00932676
-12.2512 12.8912 -2.28576 -0.168107 0.985733 0.00539237
-12.1733 12.8955 -0.980203 -0.159209 0.987225 0.00564264
-11.9927 12.9306 0.140186 -0.163173 0.986535 -0.00525673
-11.9684 12.9288 1.12046 -0.171394 0.985185 0.00435566
-12.0583 12.9079 2.11155 -0.149553 0.988699 0.0103396
-12.1435 12.8925 3.15905 -0.147845 0.989007 -0.00224806
-12.1814 12.8873 3.57474 -0.147964 0.988993 -1.23683e-05
-13.0619 12.7384 3.61956 -0.189141 0.981925 0.00274771
-12.9866 12.7544 2.63711 -0.176195 0.984246 -0.014622
-12.9358 12.7599 1.60628 -0.173652 0.984805 0.000556591
-12.8855 12.7704 0.642581 -0.176192 0.984331 0.00467318
-13.0452 12.7439 -0.569674 -0.189758 0.981806 0.00699538
-13.1504 12.7263 -1.56301 -0.187948 0.982171 -0.0040292
-13.1896 12.7186 -2.56664 -0.191246 0.981535 0.00038413
-13.1672 12.7238 -3.46194 -0.191832 0.981414 0.000263484
-14.1015 12.5321 -3.5177 -0.210467 0.977584 0.000724812
-14.1086 12.5317 -2.29859 -0.213141 0.97702 0.000830697
-14.0475 12.5483 -1.21551 -0.198351 0.980129 0.00202967
-13.9166 12.5725 -0.248876 -0.197346 0.980301 -0.00108227
-13.8288 12.5901 1.00468 -0.192307 0.981332 6.5909e-05
-13.8829 12.5777 2.07303 -0.194034 0.980987 0.00374874
-13.9292 12.5672 3.15764 -0.201921 0.979398 0.00243878
-13.97 12.5574 3.55374 -0.201404 0.979507 0.00140163
-14.8588 12.3686 3.48957 -0.215447 0.976514 0.00141778
-14.7948 12.3827 2.49746 -0.214413 0.976741 -0.00199554
-14.752 12.3895 1.52077 -0.216309 0.976319 -0.00283932
-14.7898 12.3817 0.448233 -0.223483 0.974696 0.0043476
-14.9241 12.3533 -0.791313 -0.231658 0.972796 0.00104226
-15.0234 12.3283 -1.86376 -0.232536 0.972576 0.00131223
-15.0444 12.3245 -2.88328 -0.219694 0.975562 -0.00318653
-15.0195 12.3281 -3.58372 -0.224744 0.97441 0.000245975
-15.953 12.0948 -3.44802 -0.256933 0.966404 -0.00704071
-15.9574 12.094 -2.26297 -0.254832 0.966982 0.00191489
-15.9019 12.1095 -1.28606 -0.25476 0.966999 -0.00247088
-15.7709 12.145 -0.234673 -0.250092 0.968216 -0.00185324
-15.6612 12.1742 0.931327 -0.240663 0.970586 -0.00634218
-15.6972 12.1792 2.245 -0.244751 0.969535 -0.00753957
-15.7455 12.1653 3.33288 -0.235237 0.971935 -0.00246477
-15.7468 12.1651 3.36293 -0.237666 0.971339 0.000515772
-16.6545 11.9257 3.61095 -0.268488 0.963281 0.000904856
-16.6078 11.9397 2.5012 -0.262194 0.965012 0.00176145
-16.5828 11.9415 1.43742 -0.259718 0.965585 -0.0133372
-16.6077 11.9271 0.411146 -0.263427 0.964661 -0.00521715
-16.739 11.8859 -0.730065 -0.268543 0.963262 -0.00249481
-16.8317 11.8577 -2.04476 -0.269823 0.962908 0.00206186
-16.8457 11.8558 -3.02993 -0.271697 0.96238 -0.00015653
-16.8553 11.8507 -3.54664 -0.264723 0.964312 -0.00440967
-17.7478 11.5901 -3.63913 -0.287614 0.957733 -0.00497867
-17.7422 11.5956 -2.4744 -0.297893 0.95458 0.00368288
-17.6984 11.6052 -1.51287 -0.289611 0.95714 -0.00294085
-17.5954 11.6411 -0.417285 -0.283684 0.958893 -0.00656239
-17.5038 11.6734 0.588714 -0.287086 0.957886 -0.00578728
-17.4777 11.6886 1.67335 -0.284505 0.95863 -0.00901965
-17.5128 11.6834 2.92713 -0.292069 0.956383 -0.00379013
-17.5409 11.6728 3.25249 -0.285954 0.958219 -5.28974e-06
-18.4564 11.3906 3.47531 -0.2997 0.95402 -0.00485885
-18.3673 11.4176 2.23997 -0.298708 0.954339 0.00278641
-18.3982 11.4028 0.961568 -0.304303 0.952541 -0.00767653
-18.4826 11.3694 -0.0930523 -0.300476 0.95377 -0.0050251
-18.5719 11.3364 -1.18527 -0.303436 0.952841 -0.00430562
-18.6263 11.3184 -2.31318 -0.306357 0.951909 0.00143618
-18.6535 11.3068 -3.42535 -0.306938 0.951717 -0.00422026
-18.6549 11.3061 -3.57552 -0.306071 0.952008 -0.00110689
-19.5361 11.0177 -3.49794 -0.323116 0.946355 -0.000582994
-19.5243 11.0243 -2.32482 -0.323459 0.946232 -0.00295481
-19.4764 11.0427 -1.26919 -0.314437 0.949267 -0.00428633
-19.3717 11.0814 -0.222866 -0.312341 0.949957 -0.00477462
-19.2746 11.1179 0.949886 -0.317495 0.948254 -0.00174436
-19.2636 11.1247 2.2182 -0.321951 0.946743 0.00499071
-19.3112 11.1161 3.51038 -0.313325 0.94962 -0.0061814
-19.313 11.1158 3.57624 -0.310638 0.950507 -0.00598615
-20.1946 10.8133 3.23378 -0.32736 0.944889 -0.00373609
-20.1881 10.8131 2.22098 -0.324974 0.945711 -0.00291208
-20.1819 10.8123 1.2046 -0.330698 0.943735 -0.00024577
-20.2654 10.7804 0.0457377 -0.328797 0.944393 -0.00385483
-20.3681 10.7417 -1.08378 -0.32903 0.944315 -0.0021538
-20.4112 10.7199 -2.30204 -0.328975 0.944336 -0.00201426
-20.4516 10.7008 -3.55342 -0.331789 0.943329 -0.00668533
-20.4558 10.6988 -3.6137 -0.330748 0.943704 -0.0042337
-21.3576 10.3756 -3.52317 -0.343921 0.938993 -0.00227644
-21.3069 10.4008 -2.46646 -0.342709 0.939421 -0.00548904
-21.2653 10.4211 -1.46169 -0.340529 0.940213 -0.00572636
-21.1794 10.4554 -0.484247 -0.338492 0.940956 -0.00454138
-21.13 10.4757 0.504686 -0.336438 0.941705 -0.00142174
-21.0516 10.5071 1.81274 -0.334396 0.942426 -0.0036625
-21.0549 10.5115 2.77882 -0.335188 0.942149 -0.000210052
-21.0703 10.5058 3.31079 -0.333385 0.942782 -0.00335128
-21.9337 10.1961 3.48682 -0.344499 0.938785 -0.00146816
-21.9311 10.1952 2.44422 -0.348721 0.937221 -0.0031535
-21.936 10.1872 1.37019 -0.344731 0.938691 -0.00439776
-21.9947 10.1604 0.354022 -0.349856 0.936794 -0.00405989
-22.0684 10.1278 -0.651903 -0.350479 0.936552 -0.0059415
-22.1454 10.094 -1.64633 -0.353043 0.935602 -0.00292266
-22.2349 10.0551 -2.8983 -0.347621 0.937629 -0.00324687
-22.2551 10.0456 -3.43841 -0.350072 0.936716 -0.00359036
-23.1186 9.7208 -3.52164 -0.357118 0.934046 -0.00447237
-23.0837 9.73493 -2.53682 -0.357497 0.933909 -0.0030285
-23.0343 9.75688 -1.57874 -0.357996 0.93371 -0.00484413
-22.9388 9.7993 -0.563824 -0.355082 0.934818 -0.00571478
-22.8514 9.83828 0.393747 -0.355326 0.934724 -0.00585327
-22.8205 9.85515 1.40212 -0.362561 0.931953 -0.00347389
-22.8028 9.86645 2.45065 -0.359739 0.933044 -0.00194988
-22.8053 9.86778 3.41985 -0.360889 0.932606 -0.00231262
-22.8065 9.86773 3.5635 -0.359705 0.933064 -0.00151048
-23.6737 9.52825 3.27689 -0.365643 0.930751 -0.00288707
-23.6522 9.53272 2.21895 -0.365667 0.930739 -0.00354044
-23.7174 9.50391 1.12491 -0.367462 0.930038 -0.000501823
-23.7672 9.48243 0.124821 -0.366017 0.930603 -0.00296538
-23.8522 9.4444 -0.944869 -0.36258 0.931944 -0.00392882
-23.9479 9.40236 -2.07785 -0.365716 0.930723 -0.00247779
-23.9843 9.38589 -3.19172 -0.364308 0.931278 -0.00129785
-23.9838 9.38579 -3.42112 -0.363742 0.931495 -0.00242409
-24.8434 9.04665 -3.4099 -0.369507 0.929228 -0.000590594
-24.8093 9.06201 -2.15815 -0.369007 0.92942 -0.00350277
-24.7384 9.09427 -1.06786 -0.368719 0.929537 -0.00263693
-24.6703 9.12538 -0.0668826 -0.369393 0.92927 -0.00181095
-24.5933 9.15695 1.132 -0.372129 0.92818 -0.000898829
-24.5354 9.18247 2.10656 -0.371356 0.928485 -0.00293111
-24.5311 9.18807 3.23769 -0.374599 0.927182 -0.00293118
-24.5326 9.18762 3.29531 -0.37523 0.926927 -0.00292302
-25.396 8.83904 3.43288 -0.376081 0.926586 -0.00133661
-25.3949 8.83674 2.18411 -0.377237 0.926115 -0.00182327
-25.4648 8.80574 0.867386 -0.376306 0.926495 -0.000225893
-25.5478 8.77284 -0.115744 -0.377084 0.926178 -0.000447832
-25.6194 8.74093 -1.16224 -0.375803 0.926697 -0.00206461
-25.6962 8.70691 -2.34764 -0.375263 0.926913 -0.00277416
-25.7113 8.69801 -3.41265 -0.374595 0.927187 -0.00121051
-26.5958 8.33905 -3.40363 -0.377832 0.925874 0.000505452
-26.5361 8.36541 -2.18693 -0.378568 0.925571 -0.0015563
-26.4762 8.39086 -1.20889 -0.380049 0.924966 -0.00113152
-26.3863 8.42911 -0.152888 -0.38085 0.924635 -0.00149892
-26.3044 8.4648 1.12492 -0.378024 0.925796 -0.000361839
-26.2497 8.4882 2.12417 -0.378379 0.92565 -0.00126428
-26.2767 8.47925 3.4033 -0.379432 0.925218 -0.00177579
-27.1436 8.12207 3.53893 -0.38153 0.924356 -0.000957701
-27.1147 8.13415 2.56369 -0.381857 0.924219 -0.00134644
-27.148 8.11773 1.41387 -0.381938 0.924187 -0.00112646
-27.2283 8.08248 0.231609 -0.382456 0.923972 -0.00174435
-27.3024 8.05045 -0.783939 -0.382888 0.923794 -0.000847889
-27.3844 8.01601 -1.8838 -0.381234 0.924478 -0.000990187
-27.435 7.99448 -2.87546 -0.381239 0.924476 0.00108614
-27.4544 7.98723 -3.31178 -0.381206 0.92449 0.00106466
-1.979 13.7467 -4.72999 -0.033231 0.999425 0.00679518
-0.731526 13.7883 -4.6783 -0.0324522 0.999469 0.0024944
0.385699 13.8249 -4.68591 -0.0345568 0.999403 -0.000104658
1.60178 13.8672 -4.69501 -0.0349058 0.99939 -0.000831517
2.74687 13.9056 -4.70573 -0.0321918 0.999478 -0.0026265
3.87321 13.9394 -4.7008 -0.0285303 0.999584 -0.00426614
5.34811 13.9792 -4.73834 -0.0229119 0.999732 -0.00253252
6.5268 13.9993 -4.67321 -0.0137987 0.999898 -0.000754518
7.7921 14.0075 -4.67197 0.000795867 0.999921 0.0118901
9.04158 13.9928 -4.6782 0.016811 0.999853 0.00331382
10.3878 13.9661 -4.71497 0.0203481 0.999793 0.000357988
11.716 13.9314 -4.75047 0.0288897 0.999534 -0.00980272
12.984 13.8702 -4.73998 0.0705498 0.997276 -0.00951698
14.1117 13.7521 -4.70098 0.131107 0.991215 -0.0172597
15.4232 13.4996 -4.7624 0.222309 0.974203 -0.0369064
16.5021 13.1944 -4.72978 0.310289 0.949938 -0.0339301
17.5861 12.8181 -4.51062 0.38345 0.923123 -0.026297
17.7278 12.8094 -3.42333 0.422224 0.901349 -0.0936432
17.8073 12.846 -2.18917 0.458774 0.886887 -0.054384
17.862 12.9152 -0.703771 0.466313 0.882207 -0.0652796
17.8743 13.0083 0.507208 0.470395 0.880122 -0.0589298
17.8767 13.0232 1.71982 0.460659 0.887519 0.00861406
17.9781 13.0218 3.02302 0.461108 0.885519 -0.0436521
18.03 13.0272 4.21695 0.492092 0.870329 -0.0159959
17.1841 13.3923 4.67625 0.333004 0.942883 0.00546071
15.9385 13.7346 4.72585 0.186731 0.982401 0.000233988
14.6396 13.9528 4.72882 0.123105 0.991589 -0.00120552
13.5685 14.0319 4.71125 0.0559616 0.998412 -0.0056319
12.4734 14.0752 4.69629 0.0224385 0.99956 -0.0190186
11.246 14.0911 4.71646 -0.00567431 0.999853 -0.0148044
10.0003 14.0717 4.71203 -0.0216766 0.999652 -0.0149646
8.72507 14.0359 4.65495 -0.0304028 0.999455 -0.0128583
7.64431 14.0039 4.68644 -0.0271925 0.999606 -0.00578182
6.56791 13.9771 4.71081 -0.021804 0.99976 0.00123813
5.45234 13.9562 4.69609 -0.013385 0.999909 -0.000514853
4.12701 13.9324 4.66708 -0.0206428 0.99978 -0.0038019
3.00312 13.9033 4.62177 -0.0279275 0.999592 -0.00601389
1.8083 13.8633 4.66028 -0.035766 0.999359 -0.00132034
0.710539 13.8221 4.67036 -0.0393769 0.999223 0.000811228
-0.651929 13.769 4.67279 -0.0392869 0.999219 0.00413468
-1.78278 13.7256 4.62545 -0.0390323 0.999223 0.00545993
-2.92483 13.6794 4.64649 -0.042058 0.999106 0.00416613
-4.33322 13.618 4.65665 -0.0462657 0.998927 0.00209779
-5.7068 13.5481 4.66053 -0.0541067 0.998534 -0.000147961
-7.03841 13.4634 4.65355 -0.0692156 0.997598 -0.00270512
-8.2802 13.3665 4.65102 -0.0846316 0.996394 -0.00271066
-9.37004 13.2568 4.65445 -0.10826 0.99411 -0.00167993
-10.5187 13.1244 4.67481 -0.128814 0.991664 -0.00260688
-11.6024 12.9738 4.674 -0.149785 0.988703 -0.000685221
-12.8887 12.7687 4.68495 -0.174475 0.98452 -0.00259427
-14.0856 12.5325 4.62363 -0.201894 0.97937 -0.00691857
-15.2571 12.2812 4.66258 -0.218307 0.975855 -0.00693117
-16.3315 12.0166 4.69983 -0.253965 0.967136 -0.00635178
-17.4686 11.6949 4.69126 -0.279717 0.960082 0.0011598
-18.5279 11.3747 4.69633 -0.299195 0.954168 -0.00414057
-19.7187 10.9831 4.67495 -0.321521 0.946897 -0.0031325
-20.9466 10.5579 4.63665 -0.33493 0.942195 -0.00784387
-22.0113 10.1678 4.67282 -0.349028 0.937111 -0.001756
-23.0242 9.78389 4.71443 -0.358723 0.933442 -0.00143135
-24.1512 9.34326 4.68944 -0.368591 0.929585 -0.00335907
-25.4635 8.81379 4.69424 -0.376795 0.926293 -0.00249133
-26.5261 8.37841 4.66334 -0.380483 0.924787 -0.00142765
-27.8871 7.81259 4.64641 -0.385802 0.922581 0.000439074
-28.538 7.53911 3.96569 -0.388245 0.921555 -0.00123112
-28.5679 7.52552 2.89802 -0.387987 0.921665 -0.000601606
-28.5263 7.54275 1.77394 -0.388385 0.921497 0.000150347
-28.5286 7.54135 0.674954 -0.385954 0.922518 0.00025653
-28.5519 7.53127 -0.449378 -0.386591 0.922251 -4.64847e-05
-28.5691 7.5242 -1.57372 -0.385319 0.922783 0.000726242
-28.571 7.52446 -2.86741 -0.383885 0.923379 0.00183295
-28.5729 7.52592 -3.99906 -0.382085 0.924125 0.00178949
-27.7314 7.87454 -4.729 -0.38078 0.924664 0.00157981
-26.6712 8.30936 -4.74274 -0.377991 0.925809 0.000371044
-25.59 8.74743 -4.69546 -0.372585 0.927997 0.00040797
-24.5811 9.14964 -4.69951 -0.367705 0.929942 -0.00077303
-23.4206 9.60152 -4.74316 -0.359312 0.933217 -0.000637495
-22.3894 9.99354 -4.70835 -0.351129 0.936326 0.00056272
-21.0221 10.4963 -4.73938 -0.33958 0.940575 0.00155816
-19.848 10.9098 -4.73002 -0.324759 0.945781 -0.00192225
-18.7911 11.2603 -4.75191 -0.302921 0.953011 -0.001587
-17.6783 11.6056 -4.72496 -0.288578 0.957454 -0.00194182
-16.4957 11.9458 -4.70369 -0.264489 0.964387 0.00191357
-15.4327 12.2243 -4.70773 -0.240365 0.970677 0.00274846
-14.2855 12.4938 -4.66697 -0.21019 0.97766 0.0010557
-13.2108 12.7141 -4.66484 -0.18859 0.98205 -0.00202651
-12.0591 12.9183 -4.67834 -0.166059 0.986115 0.00155792
-10.8546 13.1066 -4.67022 -0.136365 0.990585 0.00636347
-9.56029 13.2648 -4.72644 -0.108801 0.994053 0.00200258
-8.48199 13.3722 -4.68307 -0.0939717 0.995572 0.00182872
-7.18025 13.4807 -4.70303 -0.0716945 0.997421 0.00211309
-6.09821 13.553 -4.67819 -0.0636912 0.997958 0.00483621
-4.96584 13.6184 -4.64496 -0.0548666 0.998479 0.00490394
-3.6444 13.6822 -4.67835 -0.0453438 0.998955 0.00565664
-2.43221 13.7318 -4.7512 -0.035381 0.999352 0.00609931
-2.36706 13.7424 -5.83301 -0.0334251 0.999394 0.00902106
-1.2687 13.7752 -5.76547 -0.0286045 0.999572 0.00586425
-0.0955841 13.8085 -5.7442 -0.0276569 0.999615 -0.00209336
1.27599 13.8547 -5.74954 -0.0358925 0.999353 -0.00201437
2.58038 13.8972 -5.79095 -0.0291146 0.999569 -0.00337291
3.65194 13.926 -5.75665 -0.0278924 0.999584 -0.00738742
4.79184 13.9555 -5.79546 -0.0283763 0.999534 -0.0112573
6.00036 13.9885 -5.801 -0.02345 0.999707 -0.00589865
7.26549 14.0104 -5.75922 -0.00400566 0.999983 0.00416023
8.44261 14.0046 -5.7373 0.0138329 0.999902 0.000273063
9.93609 13.9757 -5.76303 0.0259002 0.99966 -0.000595489
11.2098 13.9416 -5.79648 0.0301486 0.999524 -0.00586249
12.4514 13.8919 -5.81465 0.0476752 0.998837 -0.00633891
13.567 13.8057 -5.772 0.0965571 0.99529 -0.00443892
14.6314 13.6664 -5.76998 0.206014 0.978048 0.00414714
15.7762 13.3767 -5.8411 0.255524 0.966621 -0.0186036
16.8327 13.0651 -5.77855 0.310724 0.950125 -0.00891944
18.1189 12.544 -5.75871 0.454939 0.888599 0.0387275
18.6043 12.2861 -4.74164 0.506123 0.862022 -0.0274889
18.6367 12.2968 -3.6293 0.493895 0.868456 -0.0414923
18.7348 12.336 -2.27042 0.507776 0.859619 -0.0564508
18.7694 12.3736 -1.19093 0.525003 0.850347 -0.0330952
18.7474 12.442 -0.0956144 0.54854 0.833139 -0.0705827
18.7778 12.4611 0.989389 0.558796 0.829022 -0.0201214
18.7987 12.4829 2.12524 0.571602 0.819417 -0.0314988
18.9003 12.4589 3.41171 0.587047 0.80857 -0.0354394
18.9635 12.4591 4.71188 0.562279 0.826206 -0.0304267
18.71 12.6815 5.68005 0.563097 0.82337 -0.0705498
17.4989 13.3198 5.72806 0.362985 0.92932 -0.0674936
16.3534 13.6906 5.78053 0.22167 0.972912 -0.0396782
15.2566 13.8818 5.79738 0.140904 0.989306 -0.0284718
14.0552 14.0088 5.75705 0.0867047 0.99589 -0.0236051
12.6887 14.0942 5.75099 0.0331598 0.998691 -0.0385859
11.4721 14.1102 5.76946 -0.00722755 0.999848 -0.0153721
10.3006 14.0952 5.78393 -0.016663 0.999737 -0.0157626
9.09561 14.0667 5.7271 -0.0332617 0.999218 -0.0212464
7.98309 14.0243 5.71098 -0.0395767 0.99912 -0.0126517
6.87139 13.9836 5.7445 -0.0303363 0.99954 -0.00032099
5.74456 13.9576 5.78578 -0.0107747 0.999918 0.00677832
4.57515 13.9463 5.74318 -0.00720036 0.999964 -0.00351092
3.06045 13.9131 5.68727 -0.0267797 0.999534 -0.014614
1.95566 13.8745 5.7052 -0.0388808 0.9992 -0.00936818
0.88095 13.8279 5.73459 -0.0433732 0.999052 -0.000813417
-0.244538 13.7795 5.79748 -0.0434858 0.999038 0.00506761
-1.34437 13.7349 5.69773 -0.0389433 0.999192 0.00972777
-2.53514 13.6884 5.70588 -0.0385106 0.999227 0.00791502
-3.81758 13.6381 5.73614 -0.0412851 0.999142 0.00293245
-5.01002 13.5853 5.72542 -0.0487916 0.998809 -0.000615232
-6.09974 13.5284 5.72711 -0.0582414 0.998282 -0.00567657
-7.36022 13.4461 5.71745 -0.0725287 0.997343 -0.00618353
-8.58053 13.3401 5.74023 -0.0959547 0.995374 -0.00478046
-9.91858 13.199 5.72371 -0.113718 0.993469 -0.00937832
-11.0646 13.0571 5.76099 -0.138574 0.990327 -0.00702464
-12.2724 12.8777 5.73322 -0.152396 0.988224 -0.0135687
-13.5756 12.6474 5.71463 -0.194205 0.980805 -0.0168184
-14.7569 12.403 5.71217 -0.214178 0.976649 -0.0168607
-16.0216 12.0997 5.77261 -0.243472 0.969792 -0.0145851
-17.0661 11.8177 5.75931 -0.272882 0.962027 -0.00606981
-18.1281 11.5059 5.76001 -0.300064 0.953844 -0.011972
-19.1522 11.1798 5.75636 -0.307779 0.951318 -0.0162862
-20.4442 10.7435 5.69977 -0.327542 0.944744 -0.0126421
-21.6905 10.2931 5.71141 -0.348539 0.937263 -0.00768821
-22.8063 9.87197 5.75753 -0.358429 0.933547 -0.00423227
-23.8482 9.4673 5.74299 -0.366793 0.930289 -0.00489455
-24.9676 9.01843 5.72369 -0.374438 0.927243 -0.00400007
-26.1355 8.54157 5.73195 -0.379975 0.924993 -0.00263837
-27.2199 8.09284 5.71187 -0.384095 0.923291 -0.00194783
-28.3125 7.63502 5.74672 -0.387194 0.921997 -0.00173744
-29.2927 7.22173 5.66762 -0.389654 0.920958 -0.00163328
-29.4994 7.13373 4.59093 -0.390603 0.920558 -0.0010606
-29.5706 7.10275 3.45541 -0.3894 0.921069 -0.000656474
-29.5313 7.11916 2.21916 -0.38878 0.921331 0.000172944
-29.4748 7.14354 1.00106 -0.388175 0.921585 0.000360272
-29.5089 7.13007 -0.327543 -0.386899 0.922122 0.000390605
-29.5633 7.10877 -1.66658 -0.38611 0.922452 0.0010664
-29.5319 7.12437 -2.92525 -0.38519 0.922835 0.00213952
-29.5364 7.12569 -4.17384 -0.385038 0.922897 0.00248958
-29.4022 7.18472 -5.38694 -0.384865 0.922969 0.00262606
-28.4168 7.59518 -5.79694 -0.381286 0.924449 0.00371743
-27.2844 8.06043 -5.81264 -0.379763 0.925079 0.00290268
-26.2274 8.49101 -5.77707 -0.374949 0.927044 0.00123738
-24.8221 9.05365 -5.74004 -0.368354 0.929685 0.00119128
-23.6259 9.52319 -5.80095 -0.361815 0.932247 0.00160384
-22.391 9.9946 -5.76287 -0.350598 0.936519 0.00347507
-21.2881 10.4028 -5.81834 -0.341319 0.939935 0.00428433
-20.0592 10.8361 -5.76357 -0.32588 0.94541 0.00134324
-18.791 11.2595 -5.80904 -0.306724 0.951776 0.00194656
-17.5465 11.645 -5.79598 -0.290102 0.956901 0.0126779
-16.4435 11.9642 -5.77897 -0.262163 0.965009 0.00519882
-15.1745 12.2917 -5.74792 -0.243995 0.969756 0.00632476
-13.7172 12.6166 -5.71669 -0.209372 0.97782 0.00470415
-12.4209 12.867 -5.75406 -0.171207 0.985102 0.0151526
-11.2454 13.0556 -5.74903 -0.145822 0.989161 0.0169007
-10.0381 13.2161 -5.74001 -0.117024 0.993078 0.00783096
-8.84204 13.3442 -5.78644 -0.0997113 0.995006 0.00365733
-7.3792 13.4694 -5.78883 -0.0732955 0.997295 0.00557375
-5.93599 13.5703 -5.73876 -0.0619149 0.998055 0.00701851
-4.74887 13.6358 -5.72065 -0.0525087 0.99859 0.00761728
-3.63496 13.69 -5.74688 -0.0453814 0.998935 0.00824232
-2.62114 13.7329 -5.82304 -0.0368033 0.99928 0.00921941
-2.56895 13.7454 -6.8787 -0.0437995 0.998977 0.0112356
-1.42593 13.7824 -6.82324 -0.0154068 0.999718 0.01646
-0.117661 13.803 -6.84733 -0.0223345 0.999708 -0.00873053
0.982515 13.8385 -6.81301 -0.0380436 0.999228 -0.00981414
2.2423 13.8879 -6.85401 -0.026921 0.999557 0.0126695
3.3836 13.9149 -6.82329 -0.019675 0.9998 -0.00295679
4.561 13.9335 -6.85354 -0.016249 0.999651 -0.0203046
5.76841 13.9684 -6.8544 -0.0675413 0.99733 -0.00605624
6.87098 14.0366 -6.84511 -0.0449659 0.997298 0.0551013
8.16533 14.0083 -6.83052 0.0310898 0.999136 0.0155412
9.38591 13.9941 -6.81559 0.0317437 0.999322 0.018619
10.5164 13.9555 -6.86231 0.03781 0.999117 -0.0157632
11.6415 13.9382 -6.85369 0.0277709 0.99582 0.0866728
12.7132 13.885 -6.87788 0.0684732 0.997595 0.0100196
14.0325 13.7785 -6.78716 0.109682 0.992561 0.0525206
15.0838 13.5497 -6.89693 0.247779 0.968572 0.0154697
16.2644 13.2375 -6.86105 0.262562 0.96467 -0.00231685
17.5175 12.8637 -6.82867 0.321898 0.943399 0.0797708
18.4902 12.4265 -6.85257 0.628789 0.730228 0.198148
19.4809 11.7291 -6.55802 0.495387 0.859738 -0.116851
19.5541 11.7265 -5.22455 0.483803 0.874861 -0.0164247
19.5219 11.7414 -4.09863 0.566153 0.820962 -0.0637222
19.6034 11.7647 -2.8073 0.530894 0.847296 -0.0103116
19.5891 11.758 -1.68595 0.646415 0.762737 -0.0195061
19.597 11.7871 -0.613861 0.63393 0.771836 -0.0479235
19.6277 11.8001 0.691878 0.631935 0.774842 -0.0134967
19.6183 11.8088 1.86698 0.677362 0.735481 -0.0157137
19.727 11.8075 3.02556 0.59357 0.803739 -0.0402256
19.7899 11.8147 4.18169 0.636371 0.769245 -0.0573759
19.8477 11.8376 5.32589 0.64422 0.764184 -0.0279292
19.814 11.9321 6.44934 0.648205 0.759819 -0.0499692
19.0056 12.5968 6.79384 0.598983 0.796497 -0.0818134
18.0839 13.1734 6.82478 0.477393 0.874131 -0.0893983
17.013 13.6438 6.83223 0.275056 0.943415 -0.174945
15.686 13.9208 6.80462 0.161123 0.975734 -0.148253
14.5266 13.9954 6.85004 0.0424246 0.999029 -0.0118537
13.2472 14.1055 6.85656 0.110996 0.992934 -0.041951
12.1105 14.1722 6.78589 -0.0259871 0.994761 -0.0871698
10.8067 14.1261 6.84383 -0.0282957 0.999495 -0.0137456
9.39 14.0986 6.8242 -0.00392922 0.999882 -0.0117553
8.29958 14.0612 6.76536 -0.0419829 0.998464 -0.0361311
7.07666 13.9872 6.79841 -0.0827706 0.99577 0.038268
5.82822 13.9436 6.83714 0.003311 0.9997 0.0240674
4.5192 13.9471 6.79454 0.00152898 0.99999 0.00404937
3.04121 13.9325 6.76918 -0.0438152 0.998526 -0.0252882
1.96784 13.8835 6.79425 -0.04358 0.999016 -0.00821882
0.741627 13.8279 6.7772 -0.0477126 0.998826 -0.00827299
-0.371379 13.7677 6.85394 -0.0464061 0.998886 0.0084624
-1.69563 13.7099 6.74987 -0.0388996 0.999172 0.0117858
-2.9867 13.6641 6.82082 -0.0283901 0.999559 0.00713679
-4.19076 13.622 6.83509 -0.0370414 0.999303 -0.00432948
-5.5498 13.5619 6.81487 -0.0471791 0.998883 -0.0027409
-6.68908 13.5006 6.81262 -0.061865 0.998012 -0.00992716
-8.09449 13.3955 6.81558 -0.0874352 0.996046 -0.015737
-9.24608 13.285 6.81691 -0.103054 0.994604 -0.011775
-10.416 13.1583 6.82411 -0.118338 0.992667 -0.0236646
-11.5895 12.997 6.83579 -0.143206 0.98941 -0.0231016
-12.9424 12.7871 6.81423 -0.159702 0.987011 -0.0169328
-14.1437 12.5569 6.78506 -0.208356 0.977754 -0.023666
-15.1994 12.3255 6.80667 -0.222969 0.974515 -0.0245217
-16.4441 12.0036 6.82159 -0.257837 0.96607 -0.0151046
-17.4747 11.7129 6.81984 -0.283842 0.958749 -0.0152523
-18.6711 11.3506 6.83524 -0.301193 0.953306 -0.0220198
-19.7112 11.0133 6.79677 -0.320045 0.94723 -0.0173675
-20.8584 10.6137 6.78302 -0.339333 0.940476 -0.0164226
-21.9275 10.2149 6.80167 -0.35169 0.936067 -0.00961216
-22.9909 9.81007 6.81753 -0.359569 0.93306 -0.0104656
-24.1023 9.37396 6.78605 -0.368516 0.929598 -0.00655983
-25.1319 8.95855 6.82046 -0.378472 0.925598 -0.00516666
-26.1917 8.52308 6.81291 -0.381576 0.924325 -0.0048089
-27.389 8.02687 6.77692 -0.38441 0.923151 -0.00458384
-28.4888 7.56583 6.83791 -0.387837 0.921702 -0.00689803
-29.6066 7.0927 6.81132 -0.391145 0.920314 -0.00517053
-30.5066 6.70699 6.31783 -0.392867 0.919587 -0.00402985
-30.4693 6.72154 5.09727 -0.391627 0.920123 0.000726682
-30.5165 6.70191 3.83623 -0.390342 0.92067 0.000236774
-30.5181 6.70161 2.64291 -0.39079 0.92048 0.000568775
-30.4535 6.73045 1.29093 -0.388724 0.921353 0.00124108
-30.4685 6.72558 0.0955753 -0.388918 0.921271 0.00128997
-30.5405 6.69756 -1.10407 -0.387997 0.921658 0.00208803
-30.5367 6.70243 -2.26588 -0.386766 0.922174 0.00245425
-30.4964 6.72285 -3.58264 -0.38592 0.922529 0.00251786
-30.4678 6.73872 -4.87094 -0.385388 0.922752 0.00238308
-30.5038 6.72691 -6.21011 -0.386626 0.922232 0.00286248
-29.8492 7.00292 -6.80626 -0.385744 0.9226 0.00340713
-28.7472 7.46312 -6.90155 -0.383668 0.923459 0.00468131
-27.7054 7.89199 -6.84055 -0.378717 0.925503 0.00407329
-26.5704 8.3551 -6.82892 -0.375278 0.926898 0.00518518
-25.536 8.77133 -6.81884 -0.372029 0.928217 0.00274357
-24.5248 9.17358 -6.8189 -0.367233 0.93011 0.00569519
-23.4334 9.59987 -6.86103 -0.360302 0.932828 0.00382981
-22.3859 10.0016 -6.82102 -0.352233 0.935892 0.00620721
-21.195 10.4423 -6.85222 -0.343107 0.939277 0.00596168
-20.1066 10.8247 -6.8054 -0.323635 0.946164 0.00516252
-19.024 11.1924 -6.86224 -0.315395 0.94873 0.0177301
-17.969 11.5305 -6.87915 -0.297857 0.954432 0.0182729
-16.8693 11.8623 -6.8314 -0.274627 0.961115 0.0289104
-15.5706 12.206 -6.82429 -0.245968 0.969026 0.0217223
-14.3777 12.4864 -6.79914 -0.22148 0.974769 0.0276771
-13.2379 12.7294 -6.82288 -0.179482 0.983317 0.0294522
-12.0622 12.9474 -6.84903 -0.172446 0.984729 0.0225423
-10.9174 13.1158 -6.80852 -0.133798 0.99085 0.0177309
-9.74507 13.2615 -6.84087 -0.106092 0.994169 0.0165166
-8.55936 13.3792 -6.83577 -0.0971848 0.995158 0.0146575
-7.27618 13.4875 -6.85051 -0.0742223 0.997162 0.0126248
-6.00916 13.5766 -6.82219 -0.0655425 0.99773 0.0148065
-4.69728 13.6461 -6.79844 -0.050925 0.998675 0.00740905
-3.60499 13.699 -6.80311 -0.0447813 0.998963 0.00824483
-2.80882 13.7349 -6.87853 -0.0441685 0.998966 0.0107409
