18.1655 14.2623 3.46674 0.389927 0.920738 -0.0139485
18.15 14.2765 2.4949 0.326452 0.942763 -0.0201365
18.1355 14.2112 1.25114 0.353409 0.932518 -0.0732455
18.1252 14.1556 0.234562 0.375206 0.926225 -0.0338545
18.1268 14.1267 -0.84484 0.389459 0.919147 -0.0512219
18.1512 13.9957 -2.18047 0.322601 0.942248 -0.0886465
18.1408 13.9215 -3.2824 0.318843 0.947035 -0.0374524
18.142 13.9139 -3.46808 0.331619 0.941743 -0.0490149
17.2365 14.2105 -3.49608 0.289774 0.955377 -0.0505617
17.264 14.251 -2.52958 0.270925 0.960399 -0.0617697
17.2392 14.3463 -1.53517 0.192742 0.978923 -0.0652802
17.1891 14.4434 -0.378156 0.222977 0.972991 -0.0375219
17.2243 14.4513 0.721874 0.211865 0.97729 0.00400147
17.2409 14.4862 1.73019 0.186597 0.980579 -0.0598905
17.284 14.53 2.94717 0.213031 0.976685 -0.0260055
17.2633 14.5411 3.4305 0.233699 0.972239 0.0109625
16.3423 14.699 3.55949 0.100144 0.994551 -0.00909976
16.3436 14.6584 2.54151 0.0850296 0.995231 -0.0467459
16.2918 14.6371 1.46254 0.0762013 0.996659 -0.0292578
16.2737 14.605 0.257799 0.0965064 0.995168 -0.0179014
16.2967 14.5506 -0.939823 0.101033 0.991678 -0.0797988
16.3218 14.473 -2.06833 0.118603 0.991624 -0.0498272
16.3126 14.4157 -3.35672 0.145908 0.985995 -0.0626279
16.3111 14.4137 -3.40268 0.161378 0.985719 -0.036776
15.3407 14.5214 -3.56999 0.0939676 0.995263 -0.0247678
15.4015 14.5432 -2.52862 0.105879 0.993165 -0.0466657
15.3371 14.5945 -1.54411 0.0797364 0.995167 -0.0572815
15.3492 14.6513 -0.583458 0.0467152 0.997579 -0.0514897
15.3355 14.6941 0.535596 0.0441629 0.998708 -0.0247749
15.3618 14.706 1.50985 0.0468815 0.998696 -0.016754
15.3805 14.723 2.51383 0.0544858 0.998502 -0.00477452
15.3828 14.7442 3.48517 0.0115094 0.999552 -0.0276174
15.3802 14.7465 3.56716 0.012553 0.999571 -0.0264179
14.4337 14.7601 3.46814 -0.0040899 0.999989 -0.00226835
14.4392 14.7533 2.13034 0.0034266 0.999955 -0.00601901
14.4185 14.7295 1.1223 0.00126586 0.999782 -0.01678
14.4053 14.7033 0.00966996 0.00432907 0.99894 -0.0455679
14.3943 14.6578 -1.03845 0.0119175 0.998906 -0.0443786
14.4235 14.6175 -2.11048 0.038031 0.999024 -0.0223378
14.3868 14.5943 -3.39751 0.0350975 0.99917 -0.0206523
14.3862 14.5937 -3.42291 0.0337115 0.998926 -0.031777
13.4544 14.6107 -3.24363 -0.0088258 0.999641 -0.0252221
13.4673 14.6312 -1.94147 -0.0013215 0.999735 -0.0221139
13.4547 14.6659 -0.705636 -0.0171248 0.999575 -0.0235233
13.4593 14.7066 0.63435 -0.031727 0.999156 -0.0260768
13.4957 14.729 1.68798 -0.0292552 0.999418 -0.0174603
13.516 14.7445 2.69664 -0.0137634 0.999775 -0.0161119
13.5016 14.7538 3.58157 -0.0100172 0.999938 -0.00481787
12.5502 14.7255 3.46751 -0.039254 0.9991 -0.0143714
12.5634 14.7045 2.41558 -0.0416487 0.998956 -0.0187459
12.5235 14.6852 1.42665 -0.0432253 0.998912 -0.0174801
12.5195 14.6608 0.222595 -0.038313 0.99903 -0.0213505
12.5209 14.6442 -0.882569 -0.0271479 0.99942 -0.0185248
12.5207 14.6208 -1.93746 -0.0207109 0.999592 -0.0194941
12.5129 14.601 -3.29027 -0.01217 0.99976 -0.0164917
12.5125 14.6002 -3.32351 -0.0083364 0.999701 -0.0230061
11.5574 14.5786 -3.57769 -0.0285743 0.99955 -0.00835794
11.5461 14.5846 -2.61345 -0.0294807 0.999531 -0.00830777
11.5521 14.6009 -1.47503 -0.0347421 0.999315 -0.012773
11.5784 14.6157 -0.441235 -0.0398038 0.999131 -0.0123398
11.5894 14.6342 0.785551 -0.0423587 0.99898 -0.0156077
11.6001 14.6499 1.7475 -0.0443501 0.998876 -0.0166877
11.5946 14.67 2.89765 -0.0464979 0.998734 -0.0191663
11.6037 14.6801 3.35133 -0.0471818 0.99865 -0.0217246
10.6445 14.6304 3.34624 -0.0518232 0.998498 -0.0177832
10.671 14.6153 2.35485 -0.0509397 0.998581 -0.0155106
10.6763 14.5974 1.04158 -0.0457157 0.998867 -0.0130684
10.6267 14.5834 0.00845604 -0.0406053 0.999131 -0.00939122
10.5875 14.5712 -1.01005 -0.0378964 0.999221 -0.0109863
10.6062 14.5618 -1.98538 -0.0350285 0.999354 -0.00743526
10.6196 14.5561 -3.10598 -0.0238533 0.999713 -0.000646075
10.6237 14.5556 -3.35045 -0.0220523 0.999755 -0.00103828
9.67031 14.5333 -3.24903 -0.0234575 0.999713 0.00477279
9.65358 14.5312 -2.09895 -0.0269878 0.999619 -0.00448203
9.61525 14.5368 -1.12 -0.0303055 0.999491 -0.00992416
9.66329 14.5473 -0.0256018 -0.0342032 0.999374 -0.00899956
9.68926 14.557 1.05071 -0.0384081 0.999238 -0.00684445
9.70931 14.5663 2.01958 -0.0424949 0.999063 -0.00810104
9.6931 14.5786 3.1292 -0.0471227 0.998782 -0.0145309
9.68937 14.5802 3.26262 -0.0485793 0.99872 -0.0139632
8.75528 14.5399 3.32146 -0.0417049 0.999088 -0.00914334
8.75954 14.531 2.23175 -0.0358633 0.99933 -0.00725835
8.76105 14.5239 0.904758 -0.031758 0.999491 -0.00262275
8.6889 14.5166 -0.269076 -0.0267367 0.999633 -0.00445602
8.65004 14.5109 -1.40285 -0.0221865 0.999747 -0.00362969
8.69637 14.5113 -2.51277 -0.017257 0.999838 0.00514132
8.71471 14.5199 -3.58652 -0.0121309 0.999859 0.0116371
7.79684 14.5071 -3.55075 -0.0151446 0.999828 0.0105767
7.72217 14.4958 -2.39801 -0.0154392 0.999871 0.00450673
7.70415 14.4918 -1.38241 -0.0184064 0.999826 0.00288924
7.74837 14.4919 -0.183609 -0.0239566 0.999708 -0.00106709
7.78948 14.4953 0.88807 -0.0277983 0.999613 -0.00106798
7.80561 14.4968 1.93768 -0.0317685 0.999489 -0.00321682
7.82327 14.5012 2.90466 -0.035373 0.999359 -0.00542648
7.80827 14.5046 3.48362 -0.0370253 0.999296 -0.00591161
6.84461 14.4708 3.53709 -0.0323625 0.999472 -0.00284504
6.88807 14.469 2.43121 -0.0304424 0.999535 -0.00151471
6.84692 14.4685 1.40473 -0.0287463 0.999587 0.000332825
6.82025 14.4704 0.254367 -0.0248856 0.999686 0.00279947
6.77988 14.4718 -0.82547 -0.0210983 0.999771 0.00334459
6.78558 14.4768 -2.02447 -0.0207821 0.999766 0.00573453
6.84896 14.487 -3.21798 -0.0199193 0.999765 0.00850767
6.84848 14.4884 -3.37882 -0.0198576 0.999765 0.00866791
5.91181 14.4664 -3.54314 -0.0323553 0.999475 0.0015894
5.84433 14.4569 -2.16044 -0.0250016 0.999671 0.00577833
5.82164 14.4499 -0.94783 -0.0235778 0.999702 0.00637908
5.86224 14.4465 0.196371 -0.0258862 0.999657 0.00406059
5.90696 14.443 1.35147 -0.026293 0.999646 0.00402072
5.93769 14.4415 2.51949 -0.0282877 0.9996 -0.00019082
5.86695 14.44 3.619 -0.0299319 0.999552 -0.000545664
4.95512 14.4132 3.53748 -0.0290508 0.999578 -0.000723562
4.97086 14.4141 2.55444 -0.0280585 0.999605 0.00150452
4.95939 14.4177 1.25163 -0.0278839 0.999602 0.00423064
4.9141 14.4215 0.0610906 -0.0281937 0.999594 0.0041728
4.87488 14.4251 -0.955968 -0.0281778 0.999592 0.00460253
4.88104 14.431 -2.06316 -0.0305194 0.999524 0.00446756
4.93559 14.4349 -3.05933 -0.0319584 0.999489 0.000704025
4.96173 14.436 -3.42613 -0.0320306 0.999487 0.000833267
4.002 14.4043 -3.48043 -0.0374295 0.999298 -0.00138969
3.96666 14.4014 -2.3193 -0.0352851 0.999376 0.00145174
3.93082 14.3985 -1.34992 -0.0351878 0.999379 0.00188583
3.93369 14.3945 -0.246406 -0.0311449 0.999505 0.00419453
4.00357 14.3916 0.898738 -0.0296482 0.99955 0.0046583
4.04039 14.3884 1.91499 -0.0300576 0.999545 0.0024852
4.00679 14.3848 3.15578 -0.0313678 0.999505 0.0021419
4.02891 14.3855 3.57208 -0.031869 0.999492 -0.000627629
3.08809 14.3547 3.38845 -0.034109 0.999416 0.00212692
3.08378 14.357 2.27982 -0.0341571 0.999414 0.00220223
3.06021 14.3601 1.16806 -0.0329514 0.99945 0.0038176
3.00238 14.3621 0.209014 -0.0339115 0.999419 0.00329875
2.95716 14.3637 -1.01391 -0.0350963 0.999382 0.00186447
3.03377 14.3677 -2.0031 -0.0359028 0.999355 0.000864631
3.05355 14.3684 -3.05985 -0.0370632 0.999313 0.000631181
3.05965 14.3684 -3.58251 -0.0369396 0.999317 -0.000412448
2.13759 14.3346 -3.46827 -0.0364246 0.999336 -0.000729383
2.10072 14.3339 -2.41917 -0.0362271 0.999343 -0.000424157
2.01762 14.3309 -1.44544 -0.0350711 0.999385 0.000237139
2.0186 14.3297 -0.428363 -0.0342027 0.999413 0.00196525
2.09765 14.3292 0.819067 -0.0341099 0.999412 0.00346782
2.13061 14.3255 2.10879 -0.0343878 0.999403 0.00339853
2.15894 14.3225 3.37962 -0.0347985 0.999391 0.00243115
2.16076 14.3225 3.44682 -0.0355493 0.999368 0.000449849
1.2128 14.2892 3.47028 -0.0348931 0.999384 0.00379889
1.1962 14.2927 2.33104 -0.0340392 0.999413 0.0038094
1.17835 14.296 1.32665 -0.0336722 0.999426 0.00379789
1.10562 14.2977 0.048527 -0.0339574 0.999421 0.00211165
1.03812 14.2967 -0.917868 -0.0341315 0.999417 0.000570156
1.1404 14.2996 -2.24463 -0.0346403 0.999399 -0.0012777
1.20156 14.3007 -3.43621 -0.0351809 0.99938 -0.000890892
1.19685 14.3005 -3.5083 -0.0358007 0.999358 -0.00081184
0.268469 14.2685 -3.4929 -0.0336541 0.999433 5.6206e-05
0.226114 14.268 -2.5334 -0.0336427 0.999433 -0.000940429
0.105138 14.2651 -1.39899 -0.0343231 0.99941 -0.000981891
0.105842 14.2649 -0.388874 -0.0334622 0.99944 0.000170151
0.224583 14.2661 0.791273 -0.0324746 0.999467 0.00347088
0.243258 14.2629 1.83711 -0.0330426 0.999445 0.00421377
0.272602 14.2586 2.94686 -0.0337526 0.999421 0.00439126
0.268409 14.2565 3.38038 -0.0348329 0.999383 0.00456231
-0.657204 14.2236 3.52578 -0.0348683 0.999378 0.0052694
-0.686075 14.2289 2.47224 -0.0334003 0.999425 0.00584601
-0.70811 14.2328 1.40923 -0.0344334 0.999398 0.00428547
-0.766375 14.2352 0.397664 -0.034574 0.999394 0.00396917
-0.869966 14.2324 -0.596616 -0.0341667 0.999416 -0.00107597
-0.856133 14.2317 -1.61526 -0.0345778 0.999402 -0.000411385
-0.671308 14.2381 -2.88049 -0.0327076 0.999465 3.65779e-05
-0.647458 14.2388 -3.32913 -0.032234 0.99948 0.000538993
-1.57264 14.2084 -3.55964 -0.0342318 0.999411 0.00255294
-1.62975 14.2049 -2.46921 -0.0345781 0.999402 0.000726799
-1.87026 14.1959 -1.32738 -0.0371139 0.999311 -0.0004704
-1.7724 14.2001 -0.338104 -0.0382692 0.999267 0.000423387
-1.66581 14.2016 0.730563 -0.0372002 0.999301 0.00366065
-1.64645 14.1983 1.76713 -0.0369984 0.999299 0.00571907
-1.64019 14.1922 2.96767 -0.0365829 0.999312 0.00597161
-1.62511 14.1897 3.48212 -0.0359463 0.999337 0.00583054
-2.58895 14.1536 3.50526 -0.0390752 0.999222 0.00527634
-2.60857 14.1581 2.4752 -0.0393306 0.999214 0.00491909
-2.59911 14.1635 1.42657 -0.0411296 0.999147 0.00356157
-2.63943 14.1654 0.155775 -0.0401315 0.999191 0.00276263
-2.76504 14.1621 -0.819981 -0.0398182 0.999205 0.00156408
-2.78565 14.1619 -1.77737 -0.0385163 0.999258 0.000576947
-2.51901 14.1731 -2.77539 -0.0370905 0.99931 0.0016876
-2.49559 14.1757 -3.49875 -0.0361342 0.999341 0.0034215
-3.48364 14.1388 -3.52092 -0.0392309 0.999222 0.0039054
-3.5125 14.134 -2.45244 -0.0402051 0.999188 0.00209951
-3.77563 14.1211 -1.30351 -0.0416499 0.99913 0.00226933
-3.61056 14.1261 -0.322871 -0.0427729 0.999083 0.00186432
-3.54393 14.1259 0.739952 -0.043679 0.99904 0.00339428
-3.53859 14.1228 1.70561 -0.0439891 0.999023 0.00421439
-3.61776 14.1148 2.80508 -0.0428598 0.999073 0.0040354
-3.59208 14.1136 3.31753 -0.0420485 0.999107 0.00409077
-4.62363 14.0689 3.19518 -0.0449793 0.998983 0.00284339
-4.64142 14.0722 1.98898 -0.0473065 0.998873 0.00391039
-4.63659 14.0761 0.895729 -0.0465449 0.998911 0.00330092
-4.56369 14.0837 -0.126581 -0.0461523 0.998929 0.00330147
-4.60181 14.0849 -1.1315 -0.0457761 0.998947 0.00299666
-4.54916 14.0908 -2.31191 -0.0423847 0.999095 0.00343205
-4.59839 14.093 -3.48647 -0.0438086 0.999039 0.0016444
-5.61203 14.0449 -3.41822 -0.0508575 0.9987 0.00296122
-5.55591 14.0441 -2.43827 -0.0495805 0.998759 0.00468704
-5.55875 14.0392 -1.26323 -0.0521751 0.998631 0.00370172
-5.58364 14.0338 -0.236014 -0.0515407 0.998664 0.00355001
-5.54977 14.0326 0.766003 -0.0493719 0.998775 0.00328115
-5.55134 14.0284 1.81139 -0.0495576 0.998763 0.0041175
-5.6117 14.022 2.81597 -0.0505349 0.99872 0.00221796
-5.67486 14.0175 3.42398 -0.0514429 0.998674 0.00181008
-6.4802 13.9731 3.47073 -0.058087 0.998306 0.00274276
-6.59434 13.9708 2.32421 -0.0574948 0.998338 0.00318564
-6.6392 13.9714 1.17935 -0.0631035 0.998002 0.00310331
-6.56509 13.9785 0.221095 -0.0622814 0.998057 0.000652245
-6.55975 13.9806 -0.753503 -0.0589878 0.99825 0.00422671
-6.5277 13.9874 -1.90799 -0.0588334 0.998256 0.00477102
-6.52229 13.9915 -3.05225 -0.0596256 0.998218 0.00215461
-6.55202 13.9903 -3.28355 -0.0594054 0.998223 0.00455344
-7.52612 13.9253 -3.50271 -0.0776153 0.996965 0.00420868
-7.46376 13.9242 -2.23385 -0.0768025 0.997034 0.00493003
-7.51739 13.9165 -1.0698 -0.0737719 0.997271 0.00300299
-7.56198 13.9096 0.0674495 -0.072632 0.997356 0.00221949
-7.58022 13.9068 1.06945 -0.0728037 0.997345 0.00188813
-7.55314 13.9072 2.40629 -0.0728993 0.997337 0.00160432
-7.39577 13.9148 3.50189 -0.0724001 0.99737 0.00330598
-8.35041 13.8421 3.44013 -0.0957348 0.995394 0.00505899
-8.46696 13.8353 2.45949 -0.0829447 0.996553 5.00237e-05
-8.52989 13.83 1.48296 -0.0929116 0.995672 7.02119e-05
-8.53162 13.8339 0.369663 -0.0800193 0.996787 0.00342759
-8.49043 13.8396 -0.890722 -0.0820235 0.996629 0.00163035
-8.44259 13.8459 -1.87127 -0.081139 0.996699 0.00203756
-8.4502 13.8494 -3.07177 -0.0851422 0.996366 0.00186754
-8.46179 13.8488 -3.34062 -0.0858136 0.99631 0.000950165
-9.41862 13.7596 -3.47443 -0.097239 0.995261 -0.000418375
-9.39277 13.7632 -2.47065 -0.0977251 0.995209 -0.00293553
-9.42998 13.7576 -1.30495 -0.0956219 0.995402 0.00559414
-9.47595 13.7498 -0.113897 -0.095205 0.995448 0.00438287
-9.47862 13.7421 0.952029 -0.103633 0.994591 0.0055283
-9.41697 13.7438 2.09638 -0.104237 0.994545 0.00212749
-9.29184 13.7507 3.33099 -0.101059 0.994859 0.00631122
-9.28325 13.7508 3.42446 -0.0992373 0.995048 0.00513195
-10.2479 13.6467 3.47332 -0.122381 0.992478 0.000304509
-10.332 13.6398 2.37228 -0.123231 0.992366 0.00463628
-10.4105 13.6338 1.35814 -0.123379 0.992326 0.00681789
-10.4246 13.6425 0.171909 -0.126532 0.991922 0.00697435
-10.4116 13.648 -1.02565 -0.12514 0.992103 0.00848193
-10.3523 13.6606 -2.34799 -0.123076 0.992373 -0.000400468
-10.3603 13.6566 -3.39536 -0.119068 0.992884 -0.00159071
-11.3156 13.5346 -3.47535 -0.139028 0.990278 -0.00368617
-11.2973 13.536 -2.47291 -0.14191 0.989868 0.00452645
-11.349 13.5238 -1.4174 -0.151225 0.988435 0.0100823
-11.3551 13.519 -0.429379 -0.142345 0.989793 0.006914
-11.3368 13.5145 0.798943 -0.13555 0.990762 0.00405964
-11.3187 13.518 1.76342 -0.125945 0.992033 0.00071907
-11.2466 13.5188 2.8876 -0.133103 0.991066 0.00197294
-11.1895 13.5285 3.52748 -0.139216 0.99025 -0.00173588
-12.1451 13.3879 3.3458 -0.144879 0.989436 -0.000235936
-12.2125 13.3801 2.2804 -0.154298 0.987965 0.00842946
-12.2717 13.3738 1.19217 -0.165296 0.986236 -0.00333144
-12.3293 13.3655 0.157461 -0.156033 0.987743 0.000318984
-12.2925 13.3744 -1.05265 -0.167361 0.985893 0.00204484
-12.2371 13.3904 -2.32176 -0.171903 0.985091 0.00667021
-12.2304 13.3977 -3.43102 -0.152936 0.988233 0.000189872
-12.2308 13.3977 -3.45205 -0.15863 0.98731 -0.00326427
-13.1602 13.2255 -3.47686 -0.188503 0.982069 -0.00278339
-13.1723 13.2229 -2.39624 -0.183213 0.983073 0.00103217
-13.221 13.211 -1.14058 -0.188162 0.982129 0.0032669
-13.2559 13.2013 -0.141782 -0.186492 0.982454 -0.00213225
-13.233 13.2055 0.997911 -0.184926 0.982752 0.00063273
-13.1636 13.2176 1.97961 -0.181858 0.983322 -0.000271736
-13.1174 13.2315 2.97203 -0.173479 0.984796 -0.00338466
-13.0852 13.2348 3.4304 -0.169983 0.985426 0.0064158
-14.0296 13.0637 3.36516 -0.182894 0.983128 0.00251838
-14.0872 13.0455 2.2139 -0.204204 0.978858 -0.0117669
-14.1568 13.0255 1.11006 -0.203407 0.979088 -0.00182487
-14.1726 13.0191 -0.191212 -0.201978 0.979387 -0.00250971
-14.1569 13.0261 -1.36318 -0.207092 0.978304 0.00577716
-14.1017 13.0381 -2.49814 -0.204157 0.978934 -0.00300054
-14.0988 13.0377 -3.40582 -0.206649 0.978411 -0.001917
-15.0294 12.829 -3.32592 -0.235332 0.971913 0.00217669
-15.041 12.831 -2.29611 -0.234062 0.972143 -0.00673013
-15.0759 12.82 -1.31054 -0.23722 0.971411 -0.000846058
-15.0936 12.8227 -0.28649 -0.21559 0.976468 -0.00414653
-15.0805 12.8224 0.729939 -0.22666 0.973961 0.00273372
-15.0156 12.8443 1.87014 -0.218591 0.975783 -0.00801301
-14.9907 12.8514 2.89517 -0.233269 0.972377 0.00820381
-14.9687 12.8531 3.35119 -0.233247 0.972392 0.000784966
-15.9106 12.6217 3.38372 -0.251872 0.967706 0.000210531
-15.9375 12.6253 2.12718 -0.260055 0.965553 -0.0020347
-15.9968 12.5998 1.00587 -0.245047 0.969485 -0.00429712
-15.9936 12.6041 0.0146588 -0.247439 0.9689 0.000786513
-15.9963 12.5967 -1.00444 -0.25523 0.966764 -0.0149037
-15.9672 12.596 -2.1202 -0.258474 0.966018 -5.75152e-05
-15.9367 12.6053 -3.1623 -0.243494 0.969902 0.000611892
-15.9387 12.605 -3.30561 -0.244637 0.969613 1.74295e-05
-16.8635 12.3519 -3.51217 -0.267624 0.963523 -0.000658077
-16.8725 12.3519 -2.41599 -0.272299 0.962212 -0.00132617
-16.9 12.3474 -1.33528 -0.267111 0.963519 -0.0168259
-16.891 12.3618 -0.369541 -0.27974 0.95999 -0.0128214
-16.9094 12.3647 0.604265 -0.281301 0.959564 0.0036268
-16.8605 12.3716 1.79389 -0.271704 0.962355 0.00667843
-16.8301 12.3769 2.87584 -0.27009 0.96283 0.00269087
-16.8389 12.3754 3.34974 -0.267971 0.963417 -0.00407389
-17.7517 12.1163 3.34898 -0.280378 0.959859 -0.000697439
-17.7505 12.1116 2.12538 -0.286512 0.958071 -0.002819
-17.7962 12.0999 1.06826 -0.294694 0.955586 -0.0025636
-17.8072 12.0931 -0.15378 -0.286486 0.958055 -0.00524128
-17.815 12.082 -1.17923 -0.293342 0.955981 -0.0071143
-17.7912 12.0876 -2.46306 -0.294025 0.955791 0.00306401
-17.7792 12.0911 -3.40077 -0.277963 0.96057 -0.00418299
-18.6855 11.8074 -3.54134 -0.307596 0.951513 0.00262029
-18.7064 11.8035 -2.16904 -0.296944 0.954895 -0.000150219
-18.7294 11.8011 -1.161 -0.298479 0.954368 -0.00859553
-18.709 11.8117 0.0147177 -0.299539 0.954082 -0.00152727
-18.6871 11.8214 1.07213 -0.305904 0.95204 -0.00625586
-18.6657 11.8304 2.32926 -0.300689 0.95372 0.000927805
-18.6826 11.8312 3.42378 -0.297981 0.954521 -0.0097325
-18.682 11.8328 3.57833 -0.297805 0.954587 -0.00856668
-19.6075 11.5325 3.49559 -0.323615 0.946138 -0.00976674
-19.5779 11.5313 2.43029 -0.313627 0.94954 -0.00338743
-19.5726 11.5299 1.2829 -0.317478 0.94825 -0.00532139
-19.6047 11.5183 0.184471 -0.314728 0.949176 -0.000735111
-19.6107 11.5149 -0.776405 -0.314092 0.949392 -0.00116207
-19.625 11.5099 -1.95544 -0.318612 0.947874 0.000208504
-19.607 11.5098 -2.93348 -0.31943 0.947576 -0.00656444
-19.6209 11.5013 -3.32708 -0.322899 0.946411 -0.00510084
-20.5093 11.1969 -3.65886 -0.328894 0.944364 -0.0012731
-20.5136 11.2003 -2.57818 -0.328409 0.94451 -0.00694333
-20.4971 11.2114 -1.3724 -0.331246 0.943537 -0.00372067
-20.5241 11.2041 -0.354553 -0.328957 0.944343 0.000249374
-20.4936 11.2172 0.606073 -0.333401 0.942773 -0.00213682
-20.4951 11.2154 1.57338 -0.328737 0.944405 -0.00250199
-20.4926 11.224 2.60795 -0.326187 0.945282 -0.00390971
-20.4971 11.2266 3.57525 -0.332547 0.943066 -0.00620412
-21.3648 10.916 3.44046 -0.335281 0.942095 -0.00600158
-21.3797 10.9084 2.42647 -0.338672 0.940878 -0.00703522
-21.3989 10.8955 1.36444 -0.336327 0.941742 -0.00252452
-21.4077 10.8907 0.209193 -0.336448 0.941702 0.000437206
-21.3924 10.8946 -1.05214 -0.339591 0.940566 -0.00359284
-21.3924 10.8888 -2.19613 -0.34159 0.939813 -0.00814528
-21.4077 10.8789 -3.41575 -0.345735 0.938331 -0.000729684
-21.4035 10.8803 -3.51298 -0.342867 0.939366 -0.00358334
-22.3079 10.5449 -3.49379 -0.349838 0.936806 -0.00255376
-22.3058 10.5489 -2.49724 -0.347422 0.937679 -0.00625598
-22.2675 10.5696 -1.49908 -0.353803 0.93531 -0.0042977
-22.2736 10.5724 -0.452765 -0.350648 0.9365 -0.00232532
-22.277 10.572 0.81119 -0.349722 0.936851 -0.00229086
-22.2767 10.5789 1.86277 -0.347491 0.937662 -0.00628028
-22.2631 10.5872 2.85614 -0.351354 0.93624 -0.00205913
-22.2549 10.5914 3.35738 -0.349987 0.936747 -0.00333107
-23.1366 10.2578 3.52624 -0.361084 0.93251 -0.00656594
-23.1595 10.2454 2.27173 -0.362667 0.931911 -0.00185802
-23.1714 10.2363 1.21454 -0.361058 0.932537 -0.00335155
-23.1413 10.2449 0.241302 -0.361724 0.93228 -0.00317479
-23.1221 10.2487 -0.836856 -0.357114 0.934052 -0.00282732
-23.1644 10.2265 -1.89015 -0.357244 0.934004 -0.0032345
-23.2162 10.2047 -2.91959 -0.354539 0.935041 0.000117229
-23.2111 10.2065 -3.46161 -0.355989 0.934481 -0.0031824
-24.1079 9.85995 -3.33701 -0.364318 0.931274 -0.000962998
-24.0736 9.87427 -2.25536 -0.36503 0.930994 -0.00162747
-24.0354 9.8925 -1.23884 -0.364899 0.931041 -0.00340538
-24.0173 9.90226 -0.263851 -0.364024 0.931388 -0.00165767
-24.0385 9.8972 0.824239 -0.366283 0.930499 -0.00293909
-24.0363 9.90115 1.99923 -0.366714 0.93033 -0.00247328
-24.0303 9.90624 3.05881 -0.366351 0.930473 -0.00252822
-24.0211 9.91203 3.59228 -0.366699 0.930329 -0.00444861
-24.9106 9.55817 3.34416 -0.373161 0.927761 -0.00264699
-24.9267 9.54922 2.22065 -0.369279 0.929319 -0.000262499
-24.9307 9.54515 1.11024 -0.370909 0.928665 -0.00273777
-24.9076 9.55091 0.110748 -0.368822 0.929498 -0.00184937
-24.9163 9.54474 -1.04501 -0.371594 0.928393 -0.00160939
-24.9389 9.53259 -2.14852 -0.369363 0.92928 -0.00312374
-24.9677 9.52114 -3.30027 -0.368386 0.929672 0.00140962
-24.9738 9.51852 -3.60004 -0.370801 0.928711 -0.000540976
-25.8778 9.15553 -3.55887 -0.373783 0.927516 0.000110872
-25.8247 9.17858 -2.2659 -0.373305 0.927704 -0.00143742
-25.8088 9.18656 -1.28467 -0.37413 0.927376 -0.000369155
-25.7909 9.19577 -0.2629 -0.376044 0.926596 -0.00327782
-25.8006 9.19447 0.921959 -0.375141 0.926966 -0.00177048
-25.8077 9.19276 2.19934 -0.37612 0.926569 -0.00194986
-25.8044 9.19719 3.36903 -0.378035 0.925789 -0.00210968
-26.6789 8.83961 3.53135 -0.380871 0.924627 -0.00124696
-26.6748 8.83958 2.33961 -0.378949 0.925417 -0.00132989
-26.675 8.83766 1.10732 -0.380236 0.924888 -0.00156884
-26.6541 8.84398 0.0381619 -0.379855 0.925042 -0.00256716
-26.6821 8.83055 -1.37837 -0.378303 0.925681 -0.000774731
-26.7071 8.81967 -2.38791 -0.378222 0.925715 -0.000740721
-26.7391 8.80667 -3.63284 -0.376457 0.926433 0.00165564
-27.6094 8.45091 -3.29996 -0.3796 0.925148 0.00208168
-27.5662 8.46764 -2.096 -0.379637 0.925135 -0.000457971
-27.5487 8.47501 -0.795933 -0.381599 0.924328 -0.000505845
-27.5476 8.47695 0.264407 -0.381046 0.924554 -0.00199383
-27.5634 8.47219 1.46376 -0.383283 0.923629 -0.00189105
-27.5524 8.47821 2.44317 -0.383417 0.923575 -0.000534119
-27.5442 8.48263 3.53252 -0.383741 0.92344 -0.0010399
-29.0231 7.8691 -3.5979 -0.383249 0.92364 0.0030081
-28.7109 8.00098 -4.58178 -0.381731 0.92427 0.00241125
-27.5963 8.45928 -4.68329 -0.378217 0.925715 0.00156438
-26.5113 8.90121 -4.73763 -0.375621 0.926772 0.00171934
-25.5005 9.30807 -4.74755 -0.37152 0.928425 0.000663558
-24.2817 9.79039 -4.69091 -0.36387 0.931449 -7.77592e-05
-23.1694 10.2192 -4.66618 -0.357255 0.934006 -0.000984841
-22.0898 10.625 -4.68498 -0.34834 0.937367 0.00137306
-20.9065 11.0536 -4.73644 -0.336401 0.941714 -0.00205146
-19.8355 11.4269 -4.73229 -0.32347 0.946237 -0.00144914
-18.7284 11.796 -4.68812 -0.305386 0.952188 -0.000760952
-17.6848 12.1167 -4.70052 -0.285207 0.95846 -0.00314767
-16.473 12.4609 -4.65554 -0.268002 0.963416 0.00207815
-15.3973 12.7438 -4.64542 -0.245159 0.969412 0.00197708
-14.31 12.9919 -4.63824 -0.208741 0.977917 0.0020255
-13.1813 13.2165 -4.66799 -0.187049 0.982327 -0.000952532
-11.855 13.4466 -4.66336 -0.153659 0.988121 -0.00234834
-10.3589 13.656 -4.64303 -0.133307 0.991055 -0.00156697
-9.29403 13.7749 -4.66587 -0.0957876 0.995397 -0.00316575
-8.15436 13.8752 -4.71252 -0.0825304 0.996588 -0.000606371
-6.6643 13.9837 -4.6294 -0.0640541 0.99793 0.00575767
-5.29285 14.0644 -4.59083 -0.0507717 0.9987 0.00283249
-4.1097 14.118 -4.64625 -0.0429142 0.999071 0.00381513
-2.95916 14.1649 -4.66928 -0.0383154 0.999241 0.00678578
-1.62413 14.2118 -4.6576 -0.0322454 0.999457 0.00671068
-0.337783 14.2506 -4.64265 -0.0301003 0.999545 0.00190079
0.892138 14.2901 -4.68725 -0.0336157 0.999435 0.000383519
1.99785 14.3283 -4.72873 -0.0358201 0.999358 -0.000814655
3.17869 14.3712 -4.70629 -0.0361103 0.999344 -0.00259924
4.50081 14.4189 -4.69374 -0.0366042 0.999321 -0.00423323
5.69035 14.4611 -4.71153 -0.0336281 0.999434 -0.00121443
6.78607 14.4946 -4.67667 -0.0275823 0.999599 0.00557697
7.96936 14.5207 -4.63741 -0.0146443 0.999848 0.0090983
9.06806 14.5345 -4.63112 -0.0122845 0.9999 0.00703404
10.2342 14.5495 -4.72609 -0.0160996 0.999865 0.00304664
11.377 14.5672 -4.72694 -0.013237 0.999903 -0.0041677
12.5834 14.5775 -4.708 -0.00449678 0.999915 -0.0122662
13.8791 14.5666 -4.71681 0.0114457 0.999651 -0.0228711
14.999 14.5084 -4.66587 0.0918577 0.994341 -0.0529069
16.1644 14.3847 -4.66472 0.135342 0.990623 -0.0124833
17.3381 14.1332 -4.6885 0.264166 0.963208 -0.031387
18.5493 13.7431 -4.67319 0.35029 0.936509 0.0157375
19.3467 13.3777 -4.19642 0.46839 0.88305 0.0213426
19.3692 13.3572 -3.12784 0.528407 0.847476 -0.0458226
19.3844 13.4125 -2.03407 0.468171 0.881734 -0.0572097
19.4885 13.4423 -0.938039 0.506052 0.860763 -0.0547569
19.5148 13.4976 0.310055 0.471664 0.880958 -0.0380214
19.4419 13.5552 1.50096 0.52121 0.853267 0.0148121
19.4183 13.553 2.86279 0.575646 0.817672 0.00383034
19.4437 13.583 4.07415 0.55808 0.829146 -0.011209
18.5533 14.1023 4.66629 0.415596 0.908509 -0.0368063
17.4162 14.4994 4.65064 0.236953 0.971516 0.00275948
16.1681 14.6959 4.64885 0.0975306 0.994349 0.0391358
14.7569 14.7543 4.63504 0.0102396 0.999895 0.0102566
13.5509 14.7545 4.69646 -0.00358194 0.999991 0.00226992
12.4731 14.7398 4.70761 -0.0298518 0.999422 -0.0160544
11.0774 14.682 4.66205 -0.0502207 0.998502 -0.0209575
9.87363 14.6139 4.64064 -0.0583015 0.998016 -0.0237867
8.73774 14.5523 4.64699 -0.0493893 0.998681 -0.0137689
7.61178 14.502 4.71644 -0.0403132 0.999187 0.000555297
6.35815 14.4565 4.70903 -0.0346581 0.999397 0.00125302
4.91975 14.4139 4.70504 -0.0285614 0.99959 -0.00205924
3.84708 14.3822 4.64 -0.0325511 0.999464 -0.00341129
2.61222 14.3398 4.62614 -0.0351689 0.99937 -0.00472337
1.51121 14.2988 4.63277 -0.0378535 0.999283 0.00083678
0.413522 14.2571 4.68445 -0.0366761 0.999325 0.00228902
-0.984051 14.2059 4.63878 -0.0356162 0.99935 0.00557747
-2.20954 14.1622 4.65095 -0.0355943 0.999352 0.00531445
-3.57766 14.1103 4.6334 -0.039182 0.999231 0.00172002
-4.67322 14.0644 4.62384 -0.0451783 0.998979 0.000243419
-5.93337 14.0024 4.67232 -0.0553258 0.998468 0.000913696
-7.10484 13.933 4.68509 -0.0625884 0.998039 0.000124237
-8.46038 13.8295 4.63549 -0.0890756 0.996006 -9.41989e-06
-9.63973 13.7131 4.66056 -0.109026 0.994026 -0.00304441
-10.7126 13.5926 4.66217 -0.118377 0.992967 -0.00188891
-11.7921 13.4472 4.6605 -0.151736 0.988402 0.000924785
-12.8883 13.2669 4.63156 -0.166136 0.986095 -0.000848597
-14.1157 13.0387 4.66712 -0.192539 0.981255 0.00465265
-15.3489 12.7695 4.591 -0.232677 0.972491 -0.00626975
-16.4072 12.5039 4.65761 -0.261456 0.965106 -0.0117056
-17.7083 12.1353 4.70053 -0.276517 0.961 -0.00405863
-18.9563 11.7533 4.70441 -0.302563 0.953116 -0.00478542
-20.2094 11.3346 4.68299 -0.327239 0.944913 -0.00521698
-21.2266 10.9747 4.63485 -0.340832 0.94007 -0.0100413
-22.3928 10.5452 4.64745 -0.350367 0.936607 -0.00309937
-23.4804 10.1291 4.6515 -0.363212 0.931697 -0.00399688
-24.7003 9.64759 4.65071 -0.370951 0.928647 -0.00267237
-25.7887 9.20717 4.65904 -0.378183 0.925728 -0.0023339
-26.9473 8.731 4.66113 -0.382048 0.924141 -0.00117509
-27.9999 8.29448 4.63794 -0.384153 0.923268 -0.00134595
-28.9475 7.89748 4.15243 -0.387218 0.921987 -0.0013918
-29.0393 7.85747 2.94015 -0.387227 0.921985 -0.000236522
-29.0567 7.85008 1.80673 -0.386632 0.922234 -6.00861e-05
-29.021 7.86476 0.581386 -0.386082 0.922464 0.000349115
-28.9837 7.88035 -0.562883 -0.385271 0.922803 0.000222432
-28.9796 7.88325 -1.85086 -0.38389 0.923377 0.00156881
-29.0245 7.86664 -2.98539 -0.383151 0.923682 0.00264405
-29.0258 7.86724 -3.36977 -0.383309 0.923616 0.00285925
-30.0141 7.4572 -3.47019 -0.384161 0.923262 0.00288212
-29.9638 7.47381 -2.09183 -0.384164 0.923262 0.00217507
-29.9465 7.47877 -0.83796 -0.384962 0.922932 0.0012556
-29.9822 7.46226 0.475988 -0.386982 0.922087 0.000727299
-30.0323 7.44032 1.54674 -0.38766 0.921802 0.00074846
-30.014 7.44758 2.80245 -0.388624 0.921396 -0.00010401
-29.9442 7.4775 4.21416 -0.389625 0.920973 -0.00067415
-29.9077 7.49406 5.41111 -0.390158 0.920748 -0.000402834
-28.8859 7.92561 5.65109 -0.386805 0.922161 -0.00116432
-27.7499 8.4004 5.72036 -0.38503 0.922901 -0.00231458
-26.551 8.89685 5.71569 -0.380899 0.924613 -0.00249728
-25.4052 9.36592 5.70563 -0.376673 0.926344 -0.00140756
-24.292 9.8151 5.72273 -0.372531 0.928007 -0.00493267
-23.1343 10.2695 5.69226 -0.360901 0.932579 -0.00651659
-22.1335 10.6497 5.70322 -0.348803 0.937134 -0.0107943
-21.0877 11.0371 5.72322 -0.337126 0.941348 -0.012557
-20.0722 11.391 5.73196 -0.323931 0.946001 -0.0122562
-18.6755 11.8521 5.77967 -0.300529 0.953696 -0.00922489
-17.5689 12.1858 5.76117 -0.280482 0.959767 -0.0133436
-16.4872 12.4933 5.72003 -0.259117 0.965685 -0.013104
-15.2911 12.7937 5.66787 -0.229554 0.973131 -0.0145134
-14.0639 13.0568 5.72609 -0.196638 0.980431 -0.00933874
-12.6794 13.3119 5.70206 -0.166248 0.986008 -0.0109787
-11.4035 13.5062 5.70095 -0.142729 0.989733 -0.00733808
-10.2067 13.659 5.72936 -0.115818 0.993214 -0.0105774
-9.12162 13.7729 5.69694 -0.0918959 0.995722 -0.00918536
-7.80775 13.8861 5.71098 -0.0754324 0.997142 -0.00254703
-6.29381 13.9853 5.74819 -0.0590997 0.998243 -0.00337135
-5.03815 14.0488 5.69387 -0.0473129 0.998877 -0.00149586
-3.87481 14.0982 5.68449 -0.0385609 0.999255 -0.000252631
-2.72926 14.139 5.71634 -0.0346372 0.999391 0.00411473
-1.34471 14.1867 5.6923 -0.0343648 0.99939 0.00614056
-0.126576 14.2325 5.76059 -0.0400288 0.999184 0.00518223
0.958536 14.2762 5.71699 -0.0401734 0.999192 0.00116946
2.04219 14.3221 5.69548 -0.0417299 0.99911 -0.00621364
3.26997 14.3696 5.69185 -0.0355051 0.999319 -0.00965738
4.35308 14.4031 5.72477 -0.0241166 0.999589 -0.0141568
5.42285 14.4265 5.77035 -0.0219871 0.999758 0.000944804
6.50023 14.4582 5.76673 -0.0348125 0.999374 0.00613204
7.76077 14.5134 5.75425 -0.0501409 0.99874 0.001096
9.03653 14.5889 5.71124 -0.0649179 0.997717 -0.017993
10.1046 14.6536 5.67442 -0.0602417 0.997859 -0.0254546
11.2685 14.7183 5.73649 -0.0481709 0.998544 -0.0242261
12.4812 14.7611 5.76866 -0.0186125 0.99965 -0.0162689
13.7586 14.7529 5.73129 0.0165088 0.99986 -0.000743252
14.8819 14.7345 5.6821 0.0221636 0.999657 0.013913
16.0289 14.6837 5.69393 0.0650546 0.997775 0.0144543
17.0986 14.5494 5.7028 0.186954 0.982348 -0.00229375
18.4 14.234 5.73047 0.320294 0.944022 -0.026207
19.3687 13.7739 5.73493 0.570215 0.813152 -0.111002
20.3742 12.9528 5.29888 0.616824 0.779857 -0.10654
20.2993 12.9168 4.21951 0.66367 0.744349 -0.0493532
20.2374 12.9165 2.96139 0.658388 0.751943 -0.0332342
20.2844 12.9232 1.80881 0.6535 0.756632 0.0208345
20.336 12.8922 0.60854 0.665924 0.745951 -0.00564436
20.3752 12.8491 -0.504447 0.626637 0.777422 -0.050537
20.2783 12.8262 -1.66755 0.62089 0.782406 -0.0483232
20.2396 12.8089 -2.78935 0.587487 0.807762 0.0230319
20.2869 12.7742 -4.07935 0.593263 0.804967 0.00802008
20.1111 12.8592 -5.38154 0.614678 0.787701 -0.0382121
19.2397 13.4752 -5.71182 0.421217 0.906012 0.0017467
18.0164 13.9353 -5.73622 0.262357 0.964113 0.0392659
16.7415 14.2498 -5.76346 0.208188 0.977697 0.00913744
15.4815 14.4246 -5.71509 0.108653 0.993476 -0.0310705
14.1822 14.5162 -5.74688 0.0400593 0.998955 -0.0219819
13.004 14.5559 -5.76398 0.024039 0.999367 -0.0261681
11.92 14.5659 -5.77924 -0.00149422 0.999993 0.00190544
10.5943 14.5556 -5.80365 -0.0120371 0.999925 -0.00212629
9.38866 14.5422 -5.72269 -0.00853106 0.999962 0.00091943
8.11555 14.5285 -5.69867 -0.014979 0.999875 0.0037457
6.79474 14.5004 -5.73353 -0.0287461 0.999579 0.0037176
5.68352 14.4582 -5.76187 -0.0417802 0.999123 -0.0017296
4.33509 14.4074 -5.76255 -0.0342448 0.999381 -0.00799053
3.04452 14.3637 -5.78552 -0.0338954 0.999423 -0.00201098
1.93391 14.3255 -5.78669 -0.0348556 0.999392 -0.000364119
0.861975 14.289 -5.74069 -0.0329245 0.999457 0.000850468
-0.284352 14.2556 -5.71772 -0.0263489 0.99965 0.00224501
-1.44367 14.2238 -5.70679 -0.0281853 0.999552 0.00993179
-2.5323 14.1904 -5.71278 -0.0376034 0.999205 0.0129324
-3.80207 14.1388 -5.74111 -0.0432326 0.999034 0.00790576
-4.89683 14.088 -5.67866 -0.0478893 0.99882 0.00809414
-6.08903 14.0261 -5.6597 -0.0589011 0.998208 0.0103017
-7.22169 13.9526 -5.756 -0.0761547 0.997012 0.0129723
-8.32083 13.8619 -5.77521 -0.0913083 0.995808 0.00521855
-9.59014 13.7423 -5.68497 -0.107053 0.994225 0.00743123
-10.9293 13.586 -5.72799 -0.126794 0.991864 0.0101023
-12.0464 13.4224 -5.73312 -0.156949 0.987482 0.0129197
-13.3771 13.1815 -5.71628 -0.193657 0.980938 0.0160209
-14.9205 12.8566 -5.72218 -0.218487 0.975828 0.00456422
-16.0349 12.5836 -5.72364 -0.253167 0.967345 0.011672
-17.171 12.268 -5.75335 -0.278065 0.96048 0.012528
-18.2043 11.959 -5.73828 -0.293134 0.956019 0.00985794
-19.2456 11.6245 -5.74586 -0.314183 0.949356 0.00360023
-20.2865 11.2708 -5.79199 -0.327352 0.944902 -0.0006299
-21.6701 10.7798 -5.7803 -0.341656 0.939822 0.00180315
-22.852 10.3417 -5.72132 -0.354828 0.934915 0.00364521
-23.9136 9.93373 -5.74175 -0.361517 0.932365 0.00086222
-25.1424 9.45136 -5.78895 -0.36897 0.929441 8.95585e-05
-26.3108 8.98399 -5.79733 -0.373724 0.927538 0.00170602
-27.4563 8.51865 -5.73775 -0.378467 0.925611 0.00248372
-28.6813 8.01679 -5.69293 -0.379661 0.925119 0.00368572
-29.7296 7.58258 -5.66977 -0.383982 0.923333 0.00369079
-29.9969 7.46807 -4.66619 -0.384165 0.92326 0.0028643
-30.009 7.45986 -3.64236 -0.384153 0.923265 0.00293123
-30.9816 7.05555 -3.80199 -0.38445 0.923143 0.0024113
-30.987 7.04822 -2.41987 -0.384663 0.923041 0.005282
-30.9285 7.06816 -1.1925 -0.386706 0.9222 0.00229394
-30.9248 7.06741 -0.100798 -0.387467 0.921882 0.00175736
-30.9943 7.03636 1.06279 -0.387658 0.921803 0.00100686
-30.9887 7.03683 2.17424 -0.388772 0.921333 0.00104328
-30.9576 7.04856 3.39401 -0.389821 0.920891 0.000446521
-30.9618 7.04694 4.51815 -0.390328 0.920676 -0.000115332
-30.9474 7.05309 5.67999 -0.392674 0.919678 -0.000318914
-30.569 7.21495 6.70326 -0.391222 0.920294 -0.00230557
-29.5115 7.66366 6.75877 -0.389892 0.920859 -0.00166701
-28.5184 8.08276 6.72572 -0.386002 0.922489 -0.00414827
-27.409 8.54531 6.81682 -0.383173 0.923672 -0.00298746
-26.2218 9.03558 6.77164 -0.380554 0.92475 -0.00383705
-25.146 9.47659 6.7647 -0.377058 0.926172 -0.00569194
-23.8572 9.99477 6.79904 -0.369697 0.929132 -0.00607903
-22.7438 10.4273 6.72463 -0.357652 0.933835 -0.00614262
-21.3763 10.9446 6.78228 -0.34933 0.936931 -0.011151
-20.1513 11.3803 6.77108 -0.326611 0.944939 -0.020374
-19.0149 11.7563 6.81036 -0.302059 0.95299 -0.0238633
-17.891 12.1051 6.8257 -0.285238 0.958376 -0.0123141
-16.7899 12.4247 6.76808 -0.259991 0.965481 -0.0158058
-15.4287 12.778 6.75015 -0.237108 0.971117 -0.0266075
-14.2124 13.05 6.79017 -0.208099 0.977841 -0.0222147
-13.0828 13.2623 6.79406 -0.163905 0.986327 -0.0164429
-11.8237 13.4606 6.74862 -0.14221 0.989595 -0.0209498
-10.5487 13.6307 6.75743 -0.120943 0.992554 -0.0144298
-9.22558 13.7742 6.75084 -0.093348 0.995548 -0.0122418
-7.87766 13.8883 6.7698 -0.0781631 0.996899 -0.00902771
-6.80185 13.9642 6.79471 -0.0536621 0.9985 -0.0105388
-5.59377 14.0234 6.79658 -0.0490206 0.998796 0.000307595
-4.35229 14.0838 6.73109 -0.0376943 0.999268 -0.00489747
-3.07046 14.123 6.78316 -0.0271081 0.999599 0.00788796
-1.81175 14.1612 6.79867 -0.0328582 0.999424 0.0084258
-0.608832 14.2063 6.82788 -0.0404958 0.99911 0.0115649
0.624948 14.2642 6.80745 -0.0470309 0.998884 -0.00283752
1.82254 14.3178 6.74258 -0.0446933 0.998985 -0.0055749
2.92817 14.371 6.7656 -0.0533145 0.998481 -0.0129035
3.99921 14.4116 6.77447 -0.0252696 0.999241 -0.0296572
5.27775 14.4202 6.78824 -0.0132683 0.9999 0.00463677
6.71959 14.4486 6.80056 -0.0480574 0.998744 0.0136673
8.20097 14.5444 6.79785 -0.0847094 0.996378 0.00513243
9.28225 14.6298 6.76841 -0.0805375 0.996448 -0.024577
10.3721 14.6962 6.76644 -0.0512219 0.998461 -0.0212672
11.5626 14.7593 6.77849 -0.0613266 0.997739 -0.0268096
12.8124 14.7967 6.80915 0.0199951 0.998253 -0.0491362
14.0298 14.7372 6.78689 0.0336244 0.999015 0.0286655
15.2732 14.7192 6.74942 -0.00366268 0.999668 0.0255022
16.4299 14.6975 6.76779 0.0856277 0.987395 -0.132751
17.6025 14.5127 6.76173 0.183319 0.979511 -0.075562
18.694 14.1912 6.78347 0.333653 0.940889 -0.0534226
19.7723 13.6755 6.76949 0.534293 0.828145 -0.164445
20.6521 13.0086 6.80119 0.643339 0.72883 -0.233153
21.2163 12.2328 6.36724 0.791846 0.590754 -0.154757
21.0805 12.1633 5.05078 0.78356 0.615429 -0.0826826
20.9751 12.1483 3.85235 0.841084 0.540764 -0.0120234
20.9989 12.1404 2.53446 0.774714 0.630198 0.0408181
21.0725 12.1585 1.29835 0.729586 0.683707 0.0157698
21.1216 12.1431 0.110196 0.731683 0.681426 0.017021
21.1163 12.1393 -1.13225 0.709284 0.704681 -0.0183875
21.0552 12.1384 -2.33025 0.689936 0.722508 -0.0397504
21.0667 12.092 -3.62488 0.677278 0.735539 -0.0165274
21.004 12.0852 -4.98997 0.680695 0.730619 -0.0531868
20.8177 12.1584 -6.28786 0.752369 0.654825 -0.0711223
20.1911 12.7992 -6.78076 0.690167 0.722846 0.0341135
19.3348 13.5314 -6.76918 0.529903 0.833615 0.154632
18.251 13.9231 -6.8008 0.21934 0.97294 0.0726174
17.0682 14.1911 -6.80339 0.174148 0.984083 0.0145841
15.9011 14.3643 -6.79269 0.132352 0.991112 -0.013371
14.7059 14.4862 -6.78976 -0.00770755 0.998763 0.0344124
13.3516 14.5268 -6.82037 0.0641015 0.997398 -0.0250957
12.0108 14.579 -6.81183 0.0298386 0.999224 0.0206687
10.7016 14.5553 -6.82931 -0.0222348 0.999697 -0.00454043
9.60302 14.547 -6.79864 -0.00398478 0.99991 0.012751
8.4829 14.5366 -6.76854 -0.0001099 0.999845 -0.0175657
7.21849 14.5367 -6.80751 -0.0117794 0.999374 0.0333337
6.13505 14.481 -6.81195 -0.0684783 0.997241 0.0254875
4.77397 14.4096 -6.82459 -0.0227406 0.999525 -0.0206998
3.52879 14.3761 -6.79905 -0.0292914 0.999565 -0.00336478
2.34174 14.3396 -6.86631 -0.0312708 0.999511 -0.000531742
1.10011 14.2971 -6.83128 -0.0365706 0.999322 0.00174398
-0.115842 14.2609 -6.79946 -0.0282897 0.999582 -0.00488054
-1.24973 14.2452 -6.7732 -0.0173508 0.999538 0.0236125
-2.63229 14.2004 -6.78494 -0.0447247 0.998814 0.0192361
-3.79613 14.147 -6.83711 -0.0426439 0.999084 0.0034853
-5.13557 14.0855 -6.77381 -0.0461301 0.998904 0.00797222
-6.25026 14.0293 -6.73494 -0.0639185 0.997815 0.0166588
-7.43633 13.9454 -6.84371 -0.0775847 0.996956 0.00715752
-8.51603 13.852 -6.82195 -0.0902429 0.995795 0.0150133
-9.6811 13.7471 -6.75184 -0.0961868 0.995094 0.0199283
-10.9331 13.6004 -6.84416 -0.13255 0.990913 0.0226206
-12.0107 13.447 -6.78528 -0.151915 0.987938 0.0296787
-13.3224 13.2108 -6.77504 -0.183606 0.982674 0.0249721
-14.3693 12.9928 -6.79375 -0.215272 0.97621 0.0258072
-15.4689 12.7437 -6.79304 -0.231344 0.972674 0.0188753
-16.7888 12.3984 -6.80296 -0.274877 0.960837 0.0324615
-17.9729 12.0453 -6.80752 -0.29994 0.953764 0.0192354
-19.1622 11.6614 -6.811 -0.320414 0.94715 0.0154038
-20.2624 11.286 -6.83395 -0.3254 0.945545 0.00769704
-21.3841 10.8883 -6.84015 -0.339446 0.94058 0.00789911
-22.6283 10.431 -6.78599 -0.351283 0.936254 0.00523736
-23.7904 9.98364 -6.81152 -0.360952 0.932581 0.00238938
-25.0277 9.49969 -6.84963 -0.369388 0.929263 0.00475629
-26.0495 9.09124 -6.84423 -0.37185 0.928289 0.00274472
-27.1298 8.6554 -6.80777 -0.377391 0.926047 0.00367169
-28.1753 8.22884 -6.77125 -0.37822 0.925701 0.00528399
-29.1775 7.81648 -6.76458 -0.383483 0.923536 0.00468978
-30.2097 7.38766 -6.84208 -0.383727 0.923433 0.00478047
-30.9879 7.06044 -6.28789 -0.386188 0.922414 0.00328532
-30.9793 7.06036 -5.08201 -0.3847 0.923038 0.00257069
-30.9685 7.06143 -3.98095 -0.384677 0.923048 0.00239193
