21.2373 15.1575 -3.54143 0.404053 0.912762 -0.0598388
21.24 15.2462 -2.34566 0.434474 0.898686 -0.0593841
21.2521 15.295 -1.30457 0.456945 0.88873 0.0130479
21.2403 15.246 -0.0839128 0.484784 0.874357 0.0159726
21.2158 15.2347 1.01572 0.452598 0.890549 0.0379503
21.214 15.2539 1.98817 0.419542 0.906242 -0.0177689
21.2164 15.2333 3.03033 0.499293 0.866298 -0.0107269
21.2169 15.2392 3.43824 0.485726 0.873996 -0.0129578
20.3756 15.6245 3.14589 0.36809 0.928144 -0.0538718
20.3302 15.6036 1.84295 0.346081 0.937972 -0.00151054
20.3285 15.6149 0.805672 0.312696 0.949123 0.016664
20.3748 15.6393 -0.480441 0.282196 0.957979 0.0511723
20.3889 15.6261 -1.78049 0.321084 0.943767 -0.0666281
20.3484 15.5755 -2.82182 0.353867 0.932685 -0.069827
20.351 15.5379 -3.37507 0.350983 0.935896 -0.0301267
19.4269 15.7872 -3.50714 0.177101 0.984133 -0.00881359
19.4279 15.8423 -2.19224 0.151234 0.98816 -0.0257496
19.4523 15.8647 -0.976325 0.165052 0.986266 -0.00603681
19.4412 15.8543 0.0916354 0.189365 0.981656 0.0220017
19.3951 15.8692 1.16605 0.229608 0.973058 -0.0208817
19.4104 15.8797 2.41029 0.223386 0.974546 -0.012209
19.4273 15.8984 3.53474 0.244484 0.969056 -0.0340192
19.4271 15.8995 3.56453 0.244657 0.968859 -0.0378895
18.4882 16.0731 3.33367 0.140665 0.989308 -0.0225372
18.4734 16.0745 2.30285 0.119748 0.992008 -0.0158944
18.4731 16.022 1.10859 0.106924 0.994144 -0.0149938
18.5156 16.0016 0.0854353 0.118901 0.992674 -0.0214581
18.5089 15.9805 -1.002 0.108224 0.994028 -0.013893
18.4938 15.9643 -2.08917 0.103807 0.994577 -0.00633525
18.487 15.9477 -3.27804 0.100289 0.994747 -0.0194854
18.4848 15.9371 -3.61226 0.135917 0.990114 -0.0229553
17.5471 16.0118 -3.45618 0.0225301 0.998874 -0.0410525
17.5637 16.0374 -2.05029 0.0473122 0.998686 -0.0194363
17.5669 16.0567 -1.02537 0.0484041 0.998296 -0.032594
17.5667 16.0895 0.0427814 0.0599145 0.997852 -0.0262127
17.5276 16.0971 1.16426 0.0595042 0.997872 -0.0141135
17.5239 16.1271 2.14045 0.0101774 0.999 -0.0430036
17.5366 16.1426 3.1783 0.0341266 0.999415 -0.000614141
17.5569 16.1428 3.5345 0.0271877 0.999508 -0.0107214
16.5969 16.1315 3.49556 -0.0362689 0.999295 -0.00929101
16.5776 16.1203 2.16374 -0.0403546 0.999098 -0.0131921
16.5778 16.1112 1.15109 -0.00133426 0.999996 0.00232327
16.622 16.1047 0.0504064 -0.0239719 0.999485 -0.0213172
16.626 16.0768 -1.14207 -0.0071054 0.999213 -0.0390326
16.5976 16.0412 -2.53886 -0.0334652 0.999212 -0.0213304
16.61 16.0177 -3.53539 -0.0344355 0.999051 -0.0266333
15.6702 15.9822 -3.60284 -0.0422467 0.998656 -0.0297764
15.6677 16.0034 -2.60893 -0.0548307 0.998346 -0.0160908
15.6715 16.03 -1.51751 -0.0602385 0.997538 -0.0358832
15.6876 16.0579 -0.425517 -0.0663431 0.997577 -0.0208478
15.6384 16.0794 0.91124 -0.0428334 0.999024 -0.00522744
15.621 16.0828 2.01792 -0.0429551 0.999026 -0.00585133
15.6506 16.0869 3.01023 -0.0526932 0.998601 -0.00440366
15.6382 16.0886 3.45672 -0.05382 0.998541 -0.00380236
14.6862 16.028 3.58347 -0.0723494 0.997379 -0.000258505
14.687 16.03 2.48208 -0.0810629 0.996655 -0.00350961
14.6752 16.0172 1.33477 -0.0799693 0.99671 -0.0129847
14.7219 15.9999 0.0684189 -0.0826607 0.996382 -0.019752
14.7098 15.9768 -0.956405 -0.0800407 0.996506 -0.0238567
14.7276 15.9555 -2.16984 -0.0673069 0.99759 -0.0156622
14.734 15.9383 -3.38323 -0.0725744 0.997105 -0.0223686
14.7339 15.936 -3.47513 -0.0756295 0.99675 -0.0275965
13.799 15.8632 -3.40773 -0.0819439 0.996405 -0.0214895
13.7902 15.8822 -2.36839 -0.0807255 0.996627 -0.0145676
13.7581 15.8949 -1.30845 -0.0870217 0.996115 -0.0134837
13.7507 15.9148 0.0248024 -0.0896593 0.995832 -0.0167029
13.7173 15.9253 1.00551 -0.0910634 0.995773 -0.0119253
13.7293 15.9385 2.04129 -0.0931868 0.995596 -0.0101889
13.7318 15.9523 3.30679 -0.0907547 0.995799 -0.0121742
13.7323 15.9534 3.40259 -0.085065 0.996335 -0.00627701
12.7882 15.871 3.57832 -0.0889164 0.995912 -0.0159177
12.7753 15.8534 2.32392 -0.0922034 0.995672 -0.0116615
12.7764 15.8412 1.2994 -0.0943369 0.995469 -0.011863
12.7839 15.828 0.140254 -0.0937481 0.995507 -0.0132428
12.824 15.8154 -1.0297 -0.0905996 0.995785 -0.0142992
12.8523 15.8048 -2.01686 -0.0872656 0.996107 -0.0123839
12.8616 15.7925 -3.0359 -0.0857296 0.996226 -0.013576
12.8477 15.7872 -3.31878 -0.0804538 0.996591 -0.0179236
11.8895 15.7078 -3.44499 -0.0806293 0.996698 -0.00963488
11.9282 15.7197 -2.42928 -0.0860109 0.996272 -0.00655008
11.9064 15.7279 -1.34659 -0.0900622 0.995868 -0.0116788
11.8603 15.7385 -0.276948 -0.087289 0.996092 -0.013428
11.8282 15.7464 0.764539 -0.0909742 0.99582 -0.00810068
11.8101 15.7542 1.75796 -0.0914098 0.995745 -0.011631
11.8309 15.7711 2.87206 -0.0940274 0.995432 -0.0165453
11.8462 15.7837 3.57175 -0.0926029 0.99546 -0.0219062
10.8679 15.687 3.42223 -0.0987444 0.994936 -0.0187514
10.8472 15.6723 2.43701 -0.0919998 0.995689 -0.0111043
10.8731 15.667 1.40539 -0.0843891 0.996406 -0.00729487
10.9007 15.6619 0.381805 -0.0860746 0.996253 -0.00842658
10.9119 15.6548 -0.601694 -0.0730212 0.997318 -0.00492493
10.9407 15.6468 -1.64424 -0.0744131 0.997164 -0.0111956
10.9476 15.6368 -2.64307 -0.0703476 0.997509 -0.00250567
10.9259 15.6344 -3.56079 -0.0714575 0.997441 -0.00219625
9.98669 15.5716 -3.41754 -0.0603148 0.998157 0.00613754
10.0025 15.5762 -2.32605 -0.0645583 0.997882 -0.00761815
9.99953 15.5853 -1.15661 -0.0676374 0.997651 -0.0108468
9.94829 15.5882 0.0999287 -0.0654949 0.997848 -0.00268176
9.91575 15.5923 1.36503 -0.0739059 0.997252 -0.00421278
9.89669 15.5952 2.4793 -0.0714301 0.99742 -0.00526527
9.91331 15.6015 3.19174 -0.0700289 0.997452 -0.0136136
8.96412 15.5407 3.51809 -0.0648009 0.997881 -0.0056817
8.94481 15.5339 2.42556 -0.0593858 0.99822 -0.00554082
8.95781 15.5286 1.44806 -0.0562343 0.998407 -0.0045617
9.00969 15.5303 0.461076 -0.0582006 0.998299 -0.00345051
8.96988 15.5234 -0.588418 -0.0597243 0.998182 -0.00803594
9.02531 15.5204 -1.79516 -0.0543556 0.99852 -0.00195745
9.08526 15.5245 -2.78885 -0.0465674 0.998914 -0.00132219
9.05169 15.5227 -3.25568 -0.0444877 0.999004 0.00219984
8.09846 15.4796 -3.36096 -0.0462693 0.99892 0.00414385
8.10255 15.4728 -2.14684 -0.0503796 0.998721 0.00415126
8.05166 15.4699 -1.12391 -0.0472751 0.998873 -0.00410232
8.03928 15.4733 -0.0229331 -0.0490181 0.998793 -0.00299165
8.03502 15.4766 1.00847 -0.0511241 0.998686 -0.00304207
7.99397 15.4784 2.13689 -0.0542744 0.998523 -0.0022532
8.01084 15.4811 3.21597 -0.0598836 0.998204 -0.000765518
8.01737 15.4813 3.34722 -0.0610541 0.998129 0.00326166
7.04245 15.4238 3.48048 -0.0570359 0.998354 0.00572078
7.04653 15.4277 2.33181 -0.0538664 0.998543 0.000636824
7.08448 15.4286 1.35114 -0.0494813 0.998774 -0.000229022
7.08208 15.4282 0.331764 -0.0462986 0.998926 0.000516023
7.09902 15.4271 -0.794717 -0.0457207 0.99895 -0.00239163
7.15287 15.4295 -1.79852 -0.0415655 0.999132 0.00267661
7.16131 15.436 -3.0918 -0.0441552 0.999014 0.00455669
7.15285 15.4378 -3.51766 -0.0442767 0.999005 0.00531277
6.2153 15.3961 -3.50924 -0.0436974 0.999038 0.00379964
6.234 15.3939 -2.42287 -0.0419087 0.999117 0.00297173
6.18825 15.3894 -1.27715 -0.0403257 0.999186 0.00122704
6.13854 15.3864 -0.270692 -0.0430184 0.999072 0.00180699
6.10178 15.3825 0.720457 -0.044299 0.999016 0.00228362
6.12455 15.3808 1.92035 -0.048072 0.998837 0.00354972
6.07917 15.3743 2.92302 -0.0485385 0.998808 0.00507067
6.08558 15.3721 3.37922 -0.0494563 0.998739 0.00839989
5.12654 15.3252 3.41738 -0.0464788 0.998867 0.0102087
5.15639 15.3336 2.23792 -0.0465796 0.998903 0.00470883
5.16868 15.3403 0.902091 -0.0443734 0.999005 0.00445055
5.15485 15.3433 -0.0886824 -0.0433103 0.999057 0.00314538
5.25166 15.3509 -1.3245 -0.0422899 0.999103 0.00223788
5.28947 15.3544 -2.34639 -0.0416443 0.999132 0.00104437
5.28475 15.3553 -3.28393 -0.0446782 0.999001 -0.000154015
4.33794 15.3132 -3.31429 -0.0440737 0.999028 -0.000757861
4.33658 15.3133 -2.32641 -0.0435767 0.99905 0.000740116
4.2528 15.308 -1.21946 -0.0433045 0.99906 0.00195993
4.188 15.3021 -0.195333 -0.0428804 0.999074 0.00346146
4.23087 15.2986 0.981788 -0.042967 0.999065 0.00479901
4.20916 15.2927 1.95701 -0.0441622 0.999008 0.00575926
4.1838 15.2848 3.01425 -0.0445376 0.99898 0.00749666
4.18049 15.2825 3.30326 -0.044118 0.999003 0.00679056
3.19634 15.2406 3.2557 -0.0420761 0.99909 0.00695397
3.26486 15.2509 2.0328 -0.0430265 0.999056 0.00592113
3.27434 15.2574 1.00538 -0.0414329 0.999121 0.00641339
3.23414 15.2609 0.0177249 -0.0415698 0.999124 0.0047505
3.27982 15.266 -1.04424 -0.0422983 0.999102 0.00222666
3.39902 15.2729 -2.17616 -0.0428048 0.999083 0.00103448
3.39313 15.272 -3.36219 -0.0426144 0.999091 -0.000628898
3.38946 15.2718 -3.51898 -0.0421585 0.999111 -0.000600982
2.4505 15.2345 -3.53898 -0.0380669 0.999275 -0.000368728
2.45606 15.2346 -2.50216 -0.0402198 0.99919 0.000839284
2.3675 15.2288 -1.46576 -0.0388961 0.99924 0.00255012
2.28438 15.2234 -0.39514 -0.0405194 0.999175 0.00252284
2.33315 15.2202 0.870422 -0.037751 0.999276 0.0046671
2.31099 15.2124 1.97396 -0.0389414 0.999212 0.00767427
2.21323 15.2026 3.02866 -0.0379016 0.999266 0.00552259
2.1976 15.2002 3.38804 -0.0367771 0.999309 0.00533616
1.21772 15.1643 3.47012 -0.0339554 0.999412 0.00470176
1.33764 15.1746 2.39518 -0.0331228 0.999428 0.00675797
1.39017 15.1836 1.22182 -0.0335515 0.999414 0.00682197
1.33391 15.1873 0.0561001 -0.0347092 0.999388 0.00396957
1.34925 15.1898 -0.919329 -0.0339444 0.999422 0.00173819
1.46013 15.1961 -1.89204 -0.0354732 0.999369 0.00100413
1.51347 15.1981 -2.89926 -0.0384366 0.999261 0.000838582
1.52027 15.1987 -3.22051 -0.0380911 0.999273 0.00130132
0.565356 15.1661 -3.36932 -0.0305017 0.999525 0.00438913
0.523622 15.1636 -1.97513 -0.0330009 0.999455 0.000667416
0.374166 15.1572 -0.9538 -0.0319591 0.999486 0.00243242
0.366523 15.1547 0.0793326 -0.0322099 0.999479 0.0018811
0.457287 15.1541 1.05868 -0.0318266 0.999477 0.00540827
0.457982 15.1489 2.10151 -0.0295972 0.999549 0.00510822
0.265136 15.1361 3.34574 -0.0286174 0.999572 0.00609564
-0.61907 15.1122 3.1565 -0.0277817 0.999598 0.00569864
-0.448344 15.1226 2.12426 -0.0281586 0.999591 0.00498226
-0.458115 15.1273 1.05378 -0.0285881 0.999583 0.00403933
-0.600102 15.126 -0.00442787 -0.0282564 0.999599 0.00176582
-0.554937 15.1288 -1.0914 -0.030459 0.999535 0.00107032
-0.420446 15.134 -2.31122 -0.0296469 0.999559 0.0017116
-0.391325 15.1374 -3.37748 -0.0295456 0.999557 0.00362472
-1.35105 15.1091 -3.26496 -0.0293064 0.999561 0.00437974
-1.43337 15.1033 -2.00632 -0.0297663 0.999555 0.00189015
-1.55535 15.0989 -0.972473 -0.0295178 0.999564 0.000619996
-1.54951 15.0988 0.0750296 -0.0288767 0.999583 0.000578512
-1.39227 15.1008 1.15174 -0.0274295 0.999616 0.00395534
-1.3589 15.0971 2.2882 -0.0264726 0.999639 0.00463892
-1.62062 15.0833 3.39427 -0.0274237 0.999606 0.00606062
-2.54626 15.0569 3.43216 -0.0302509 0.999522 0.00636526
-2.23431 15.0741 2.24806 -0.0265306 0.999632 0.00519765
-2.38681 15.0731 1.03178 -0.0289169 0.999579 0.00239342
-2.55075 15.0696 0.0477616 -0.0299644 0.999551 0.000682284
-2.53063 15.0703 -1.03506 -0.0297401 0.999558 -0.000168476
-2.41745 15.0747 -2.13334 -0.0290911 0.999575 0.00156873
-2.37776 15.0787 -3.10761 -0.0290262 0.999571 0.00389166
-2.38991 15.0794 -3.35921 -0.0288604 0.999575 0.0040927
-3.5836 15.0434 -3.51923 -0.0323843 0.999471 0.00314094
-3.5836 15.0405 -2.48086 -0.0322516 0.999477 0.00241836
-3.5836 15.0386 -1.48818 -0.0320653 0.999485 0.00125706
-3.58228 15.0374 -0.13721 -0.0325917 0.999468 0.00117984
-3.5836 15.0352 0.975465 -0.0353908 0.999367 0.00354761
-3.5836 15.0299 2.1912 -0.0350673 0.999374 0.00455686
-3.4178 15.0315 3.02947 -0.0332239 0.999437 0.00464899
-3.53883 15.0258 3.38626 -0.033707 0.999419 0.0049663
-4.48359 14.9928 3.46684 -0.0363938 0.999334 0.00280799
-4.59478 14.9921 2.43904 -0.0372726 0.999299 0.00354917
-4.50758 15.0007 1.14767 -0.0377665 0.999278 0.00402574
-4.55545 15.0029 0.150345 -0.03695 0.999312 0.00277977
-4.57523 15.0053 -1.02754 -0.035387 0.999372 0.00170438
-4.69169 15.0031 -2.11613 -0.0365492 0.999331 0.000713503
-4.80304 15.0008 -3.09646 -0.037606 0.999287 0.00324635
-4.54365 15.0116 -3.56137 -0.0358106 0.999358 0.000688297
-5.52662 14.9715 -3.45478 -0.0466758 0.99891 0.000362351
-5.77029 14.9593 -2.43148 -0.0451996 0.998976 0.00196129
-5.73555 14.96 -1.33253 -0.0484511 0.998824 0.00106983
-5.59111 14.9643 -0.363168 -0.0435549 0.999037 0.00429585
-5.44245 14.964 0.940926 -0.0424927 0.999086 0.0046553
-5.47773 14.958 2.01416 -0.0425918 0.999085 0.00378035
-5.48992 14.9545 3.15833 -0.0415984 0.999132 0.0020007
-5.47587 14.9547 3.39736 -0.0425886 0.999088 0.00263105
-6.47056 14.909 3.22988 -0.0513952 0.99867 0.0041302
-6.42588 14.9149 2.09702 -0.0463267 0.998919 0.00374573
-6.41136 14.92 1.0545 -0.0505902 0.998709 0.00284229
-6.55848 14.9143 -0.0744669 -0.0521875 0.998632 0.0029714
-6.7065 14.9113 -1.30827 -0.0547042 0.998492 0.00275613
-6.69461 14.9152 -2.37984 -0.0531909 0.998576 0.00395616
-6.47097 14.926 -3.31163 -0.0521453 0.998637 -0.00169645
-7.41065 14.872 -3.49898 -0.0615593 0.998066 -0.00824974
-7.6116 14.8613 -2.38593 -0.0659351 0.997822 -0.000786977
-7.62803 14.8572 -1.25167 -0.0618169 0.998076 0.00447262
-7.52592 14.8579 -0.102796 -0.0634858 0.99796 0.00643107
-7.4203 14.8643 0.932112 -0.0654555 0.997855 -0.000556236
-7.37772 14.8665 1.97084 -0.0607325 0.99814 0.00508083
-7.43878 14.8561 3.13718 -0.0608105 0.998131 0.00594285
-7.45484 14.854 3.34424 -0.0603316 0.998166 0.00493066
-8.41675 14.7895 3.5177 -0.0731611 0.997307 0.0049041
-8.35354 14.798 2.46987 -0.0761144 0.997088 0.00290575
-8.3682 14.7972 1.42314 -0.0767969 0.997046 0.00107768
-8.458 14.7919 0.429622 -0.0714695 0.997435 0.00380574
-8.54927 14.7896 -0.722644 -0.0740389 0.997255 0.000815843
-8.59415 14.7899 -1.91209 -0.0822666 0.996607 0.00194438
-8.43327 14.7996 -3.03428 -0.078316 0.996921 -0.00337786
-8.37815 14.8044 -3.44258 -0.0774932 0.996992 0.00150327
-9.33927 14.7267 -3.47617 -0.0831202 0.996539 -0.000637926
-9.4838 14.7146 -2.39628 -0.0848095 0.996396 -0.0012628
-9.52307 14.711 -1.19003 -0.084568 0.996416 -0.00175233
-9.42816 14.7184 0.0465075 -0.0840771 0.99644 0.00571126
-9.38215 14.7157 1.13459 -0.0817065 0.99665 0.00280916
-9.33322 14.7164 2.11112 -0.0878573 0.996132 0.00122605
-9.35791 14.7126 3.09756 -0.0931421 0.995638 0.00549538
-9.35874 14.7103 3.48989 -0.0925298 0.995686 0.00681005
-10.3298 14.6163 3.31145 -0.103365 0.994635 0.00394537
-10.3151 14.6236 2.02152 -0.104016 0.994568 0.00349227
-10.3469 14.6262 0.682675 -0.106922 0.994248 0.00614922
-10.4168 14.6229 -0.331298 -0.10721 0.994235 0.00144945
-10.4723 14.6208 -1.40312 -0.0970982 0.995272 0.00213948
-10.3983 14.6254 -2.54516 -0.106359 0.99431 -0.00110305
-10.2921 14.638 -3.54164 -0.102998 0.994639 -0.00495838
-11.2621 14.5264 -3.40521 -0.125417 0.992103 -0.00114176
-11.3513 14.5148 -2.30737 -0.126776 0.991916 -0.00211487
-11.4048 14.5073 -1.3024 -0.13365 0.990963 0.00726372
-11.3589 14.5057 -0.313718 -0.138799 0.990292 0.00608787
-11.2769 14.5096 0.992419 -0.130436 0.991446 7.37307e-05
-11.2487 14.5156 2.0436 -0.125405 0.992101 -0.00129924
-11.2824 14.5061 3.27421 -0.125639 0.992024 0.00637278
-11.2856 14.5053 3.33945 -0.127573 0.991821 0.00213383
-12.2195 14.3752 3.39376 -0.147018 0.989134 0.000290938
-12.1838 14.3831 2.25209 -0.14522 0.989375 0.006928
-12.2111 14.3825 1.17888 -0.155948 0.987705 -0.00297222
-12.2954 14.3647 0.029957 -0.148472 0.988901 -0.00120629
-12.3198 14.3646 -0.981219 -0.159923 0.987096 0.00693221
-12.3103 14.3734 -2.14927 -0.15476 0.987948 0.00288663
-12.225 14.3934 -3.1829 -0.163038 0.986529 0.0122094
-12.2133 14.3979 -3.48106 -0.14465 0.98947 0.00274065
-13.163 14.2285 -3.45455 -0.182985 0.983105 0.000754439
-13.1994 14.2218 -2.46581 -0.186327 0.982485 0.00250587
-13.2566 14.2049 -1.19525 -0.180122 0.983559 0.0129099
-13.2434 14.2019 -0.00878454 -0.183155 0.983077 -0.0036011
-13.184 14.2141 1.14761 -0.182831 0.983143 0.00142758
-13.1451 14.223 2.11891 -0.181167 0.983435 -0.0030606
-13.1439 14.2222 3.28492 -0.17618 0.984345 -4.76846e-06
-13.1493 14.2216 3.57322 -0.167987 0.985783 0.00300888
-14.0738 14.0519 3.1896 -0.181508 0.983389 -0.00111523
-14.0917 14.0468 2.20798 -0.18608 0.982526 -0.0041643
-14.1452 14.0311 1.20367 -0.201716 0.979438 -0.00319202
-14.2011 14.0162 0.0851263 -0.202994 0.979169 -0.00432329
-14.1804 14.0241 -1.20957 -0.206501 0.978438 0.000500595
-14.1613 14.0293 -2.45704 -0.208187 0.978085 0.00130256
-14.1174 14.0374 -3.17547 -0.201907 0.979394 0.00421394
-15.0167 13.8465 -3.52589 -0.232866 0.972506 0.00243048
-15.0841 13.8278 -2.35866 -0.230037 0.973178 2.39543e-05
-15.1106 13.8144 -1.14939 -0.235463 0.971857 0.00615321
-15.1226 13.8134 -0.0353101 -0.231514 0.972819 -0.00467341
-15.1026 13.8249 1.12412 -0.235451 0.971882 0.0025898
-15.026 13.8432 2.16321 -0.220295 0.975412 -0.00606309
-14.9975 13.8563 3.23156 -0.222646 0.97489 -0.00284344
-14.9987 13.8561 3.37221 -0.224993 0.97436 -0.000518528
-15.9233 13.6394 3.41369 -0.234591 0.972088 -0.00353293
-15.9381 13.6333 2.2919 -0.243883 0.969777 -0.00737447
-16.0124 13.6055 1.0718 -0.241867 0.970287 -0.00646218
-16.045 13.5911 -0.076732 -0.241277 0.970419 -0.00821824
-16.0324 13.5895 -1.09841 -0.24867 0.968529 -0.00857737
-16.0107 13.5985 -2.09966 -0.242661 0.970103 0.00386506
-15.9343 13.6261 -3.35852 -0.23373 0.972287 0.00533603
-16.8307 13.3916 -3.48744 -0.266351 0.963867 0.00377488
-16.8966 13.3676 -2.48619 -0.262853 0.964766 0.0099671
-16.946 13.3454 -1.43956 -0.27024 0.962748 -0.000169732
-16.9487 13.3574 -0.384069 -0.264579 0.964263 -0.0128254
-16.943 13.3684 0.609089 -0.258979 0.965872 -0.00371393
-16.9111 13.3788 1.58366 -0.266163 0.963876 -0.0100314
-16.8774 13.3993 2.59486 -0.261321 0.965134 -0.0148154
-16.8408 13.4087 3.39569 -0.265215 0.964183 0.00334252
-17.7502 13.1571 3.5193 -0.280253 0.959917 0.000587012
-17.8085 13.1376 2.46565 -0.284105 0.958763 -0.006566
-17.8128 13.1271 1.32419 -0.276015 0.961123 -0.00100241
-17.855 13.1046 0.129615 -0.291253 0.956515 -0.0156875
-17.8599 13.092 -1.1138 -0.291741 0.956495 -0.00191571
-17.8213 13.1022 -2.207 -0.275926 0.96114 0.00811261
-17.7711 13.1265 -3.23569 -0.269313 0.963012 -0.00285849
-17.7651 13.1262 -3.44816 -0.276028 0.961127 -0.00507575
-18.6814 12.8454 -3.34121 -0.302728 0.953068 -0.00419077
-18.7012 12.8358 -2.34509 -0.29178 0.9564 0.0110404
-18.7577 12.8139 -1.26629 -0.307207 0.951628 -0.00523006
-18.7467 12.8288 0.052296 -0.301535 0.953423 -0.00779093
-18.7261 12.8445 1.21861 -0.299266 0.954131 -0.00863335
-18.7087 12.8657 2.48405 -0.294957 0.955435 -0.0113355
-18.6513 12.8833 3.35817 -0.300727 0.953705 0.00315028
-19.5726 12.5861 3.34814 -0.319798 0.947471 -0.00287449
-19.6237 12.5599 2.18766 -0.32534 0.94557 -0.007214
-19.6161 12.5527 1.05066 -0.314688 0.94916 -0.00801217
-19.6492 12.5391 0.015574 -0.321215 0.947 -0.00343268
-19.6728 12.5191 -1.06593 -0.308743 0.951103 -0.00861415
-19.6004 12.5417 -2.30125 -0.316109 0.948709 -0.00225554
-19.5797 12.5478 -3.4097 -0.319681 0.947523 -0.000501463
-20.49 12.2364 -3.46781 -0.327017 0.945017 -0.00119581
-20.4955 12.2397 -2.35132 -0.324128 0.945984 -0.00448852
-20.5781 12.2127 -1.23063 -0.326701 0.945117 -0.0044145
-20.5724 12.2196 -0.2334 -0.330137 0.943928 -0.0030933
-20.5349 12.2344 0.758157 -0.333203 0.942841 -0.00505552
-20.5196 12.2482 1.96569 -0.328384 0.944512 -0.00776461
-20.4911 12.2661 3.0404 -0.332846 0.942934 -0.00930742
-20.4829 12.2736 3.46005 -0.334547 0.942348 -0.00714491
-21.3968 11.9463 3.45907 -0.341648 0.939814 -0.00508077
-21.4056 11.937 2.398 -0.341079 0.940013 -0.00637387
-21.4305 11.9207 1.4069 -0.335314 0.942073 -0.00776407
-21.4674 11.9007 0.192051 -0.338965 0.940792 -0.00251378
-21.4886 11.8931 -1.08486 -0.33919 0.940715 -0.00242773
-21.4136 11.915 -2.1821 -0.336226 0.94177 -0.00462076
-21.4108 11.9119 -3.16755 -0.341086 0.940032 -0.000316016
-21.4092 11.9125 -3.26641 -0.33933 0.940663 -0.000870908
-22.3027 11.5842 -3.4818 -0.346654 0.937991 -0.00182634
-22.3102 11.5852 -2.35481 -0.347046 0.937834 -0.00503678
-22.375 11.5676 -1.08129 -0.347746 0.937573 -0.00424891
-22.3728 11.5693 -0.0593867 -0.35041 0.936596 -0.000333394
-22.3417 11.5854 1.2656 -0.352411 0.935796 -0.00926884
-22.3295 11.5978 2.36885 -0.353391 0.935467 -0.00354175
-22.266 11.6264 3.55684 -0.351385 0.936228 -0.00219542
-23.163 11.2844 3.55716 -0.360059 0.932928 -0.001788
-23.2329 11.2542 2.4291 -0.360103 0.932908 -0.00269916
-23.2232 11.253 1.17346 -0.356976 0.934091 -0.00533553
-23.2612 11.2347 0.14964 -0.358117 0.93367 -0.00342959
-23.2456 11.2391 -1.06046 -0.358015 0.933715 -0.001396
-23.2317 11.24 -2.19582 -0.355333 0.934732 -0.00371867
-23.1974 11.2489 -3.36509 -0.353562 0.935383 -0.00669517
-24.0911 10.9039 -3.6304 -0.364649 0.931135 -0.0044398
-24.116 10.8977 -2.6347 -0.363076 0.931756 -0.00249649
-24.1362 10.8938 -1.42881 -0.360673 0.932676 -0.00547496
-24.1236 10.9008 -0.120161 -0.363986 0.931401 -0.00138132
-24.1026 10.9123 1.01792 -0.364317 0.931273 -0.00134607
-24.1134 10.9094 1.99809 -0.365376 0.930859 -0.0011913
-24.0791 10.9264 3.18885 -0.365496 0.930808 -0.00293716
-24.0715 10.9303 3.40571 -0.365872 0.930657 -0.00366213
-24.9408 10.5876 3.55144 -0.368694 0.929546 -0.0027055
-25.0064 10.5577 2.21317 -0.368021 0.929817 -0.000989486
-24.9792 10.567 0.944833 -0.368617 0.929577 -0.00168189
-25.0174 10.5492 -0.231051 -0.369661 0.929167 0.000172325
-25.0311 10.5424 -1.27688 -0.369521 0.929215 -0.0034049
-24.9917 10.5537 -2.47937 -0.367417 0.930054 -0.00181864
-24.9707 10.5606 -3.39117 -0.365323 0.930877 -0.00218867
-25.8461 10.2138 -3.31191 -0.370843 0.928694 -0.00133874
-25.8968 10.1947 -2.18699 -0.371362 0.928487 -0.00114945
-25.9078 10.1926 -0.895678 -0.372723 0.927941 -0.00168446
-25.871 10.2084 0.298646 -0.372328 0.928101 4.38712e-06
-25.8795 10.2076 1.31246 -0.373991 0.927431 -0.00122951
-25.8775 10.2092 2.34433 -0.373186 0.927754 -0.0021915
-25.8444 10.2254 3.38443 -0.373255 0.927724 -0.00288794
-25.8375 10.2289 3.58816 -0.374243 0.927326 -0.00275743
-26.7331 9.86564 3.20326 -0.375332 0.926889 -0.00157463
-26.7636 9.85124 2.13689 -0.375324 0.926889 -0.0029487
-26.7704 9.84698 0.970058 -0.375888 0.926661 -0.00278939
-26.7591 9.84998 -0.0843366 -0.37549 0.926826 -0.000715804
-26.8018 9.83167 -1.08032 -0.375322 0.926893 -0.00180477
-26.7693 9.84421 -2.22655 -0.374332 0.927295 9.4463e-05
-26.7327 9.85889 -3.35705 -0.372782 0.927919 -0.000267415
-26.7355 9.85764 -3.50852 -0.372314 0.928107 -0.000301692
-27.6173 9.50167 -3.59914 -0.375348 0.926882 0.00168521
-27.6332 9.49458 -2.5152 -0.375786 0.926706 -0.000273916
-27.6672 9.48012 -1.46716 -0.376425 0.926447 -6.49821e-05
-27.6534 9.4861 -0.410558 -0.379319 0.925265 -0.000788841
-27.6355 9.49443 0.611703 -0.377396 0.926051 -0.00125409
-27.6695 9.48172 1.67581 -0.379441 0.925216 -0.000365362
-27.6375 9.49625 2.65572 -0.37993 0.925012 -0.00225047
-27.6116 9.508 3.57444 -0.379997 0.924988 -0.000200695
-28.5078 9.13781 3.49305 -0.38213 0.924108 -0.000451625
-28.5185 9.13243 2.12791 -0.382571 0.923926 -0.00065081
-28.5221 9.13052 0.934927 -0.382823 0.923821 0.000285264
-28.5274 9.12756 -0.124039 -0.380693 0.924701 -0.000144292
-28.5397 9.12296 -1.33176 -0.379328 0.925262 0.000577997
-28.5122 9.13534 -2.33771 -0.378949 0.925417 0.000979032
-28.4892 9.14639 -3.39811 -0.377394 0.926051 0.00192
18.2512 15.9265 -4.65603 0.0599633 0.998071 -0.0147913
19.5286 15.7377 -4.74684 0.227318 0.973546 -0.0210489
20.6339 15.3985 -4.71668 0.375907 0.925231 0.00611464
21.7747 14.8064 -4.62318 0.568703 0.819461 -0.0677587
22.4609 14.3594 -4.11144 0.650454 0.75504 -0.068077
22.5002 14.3596 -2.78668 0.756415 0.653985 0.00772823
22.5176 14.3727 -1.63679 0.782905 0.62115 0.0310181
22.4686 14.3472 -0.517366 0.738712 0.67084 0.0648574
22.44 14.3266 0.582579 0.666704 0.745295 0.000242163
22.4198 14.3415 1.80398 0.734681 0.67788 0.0267827
22.3449 14.3853 3.19255 0.728052 0.681589 0.0574764
22.1739 14.5423 4.62997 0.703932 0.708268 0.0126299
21.1919 15.28 4.63901 0.511061 0.858981 -0.00223233
19.9622 15.8025 4.61406 0.309459 0.950907 0.00143587
18.9179 16.0374 4.61753 0.173949 0.984754 -0.00105161
17.8208 16.1558 4.6294 0.0333864 0.998884 -0.00149575
16.6486 16.1423 4.67681 -0.0336926 0.999351 0.00326531
15.5303 16.0855 4.63035 -0.0588804 0.998261 -0.00270876
14.2612 16.0023 4.68021 -0.070675 0.997476 -0.00686157
13.0053 15.9091 4.71634 -0.0780785 0.996808 -0.0166451
11.8208 15.8084 4.64134 -0.0876476 0.995731 -0.0289244
10.5471 15.6867 4.61935 -0.0955519 0.995036 -0.0278039
9.31099 15.5743 4.61948 -0.0855374 0.996231 -0.0129138
7.91615 15.4729 4.60383 -0.0694695 0.997573 0.003847
6.70059 15.3952 4.60238 -0.0587764 0.998215 0.0105479
5.63559 15.3351 4.65575 -0.0508526 0.99865 0.0103446
4.52257 15.2887 4.65657 -0.0435746 0.999018 0.00783024
3.38396 15.2407 4.64952 -0.041111 0.999145 0.00432607
2.11043 15.1892 4.62205 -0.0383226 0.999242 0.00631348
0.762997 15.1443 4.57452 -0.0312246 0.999501 0.00469712
-0.357611 15.1111 4.61349 -0.0284362 0.999578 0.00585264
-1.60746 15.0766 4.63005 -0.027164 0.999614 0.00588381
-2.72303 15.0458 4.63694 -0.0296161 0.999555 0.00344505
-3.88165 15.0107 4.59481 -0.0322791 0.999473 0.00334468
-5.17591 14.9643 4.60741 -0.0398477 0.999204 0.000778112
-6.27253 14.9148 4.5648 -0.0487273 0.998808 0.0016544
-7.39573 14.8533 4.56428 -0.0602293 0.998182 0.00228667
-8.57224 14.7747 4.62596 -0.0787983 0.996883 1.79558e-05
-9.86345 14.6616 4.63991 -0.0986695 0.995079 0.000112175
-11.1394 14.519 4.60313 -0.123278 0.992372 5.4029e-05
-12.3019 14.359 4.63245 -0.144921 0.989436 0.00365263
-13.4443 14.1707 4.66214 -0.168964 0.985602 -0.00603198
-14.5392 13.956 4.65426 -0.201028 0.979585 -0.0010067
-15.6427 13.7105 4.65843 -0.231825 0.972756 -0.00178481
-16.7298 13.443 4.63688 -0.257671 0.966195 -0.00756413
-17.8008 13.1411 4.6797 -0.289493 0.957177 -0.00240793
-18.8278 12.8277 4.68044 -0.297947 0.954568 -0.0051939
-19.9986 12.4481 4.6438 -0.319002 0.947717 -0.00564554
-21.3773 11.9617 4.6461 -0.335371 0.942041 -0.00924119
-22.507 11.5411 4.62866 -0.352227 0.935895 -0.00580214
-23.5902 11.1231 4.6312 -0.3634 0.931618 -0.00536123
-24.6467 10.7084 4.62032 -0.366976 0.930215 -0.0052021
-25.6472 10.3087 4.6874 -0.37357 0.927598 -0.00255695
-26.7696 9.85274 4.65006 -0.377503 0.926008 -0.00122053
-28.0901 9.31115 4.61608 -0.381051 0.924554 3.44423e-06
-29.2031 8.85016 4.56653 -0.384196 0.923251 -0.000943802
-29.9197 8.55078 4.07667 -0.386187 0.92242 -0.00036433
-29.9095 8.5546 2.96575 -0.384928 0.922946 -0.000165563
-29.8885 8.5634 1.87449 -0.384361 0.923183 -0.000104129
-29.9138 8.55436 0.441929 -0.383296 0.923624 0.00139081
-29.9103 8.55802 -0.805905 -0.382069 0.924132 0.00167234
-29.8773 8.57355 -1.89278 -0.381272 0.924461 0.00194859
-29.8431 8.59049 -2.99922 -0.381118 0.924522 0.00269353
-29.7882 8.61703 -4.33767 -0.38064 0.924719 0.00280748
-28.6398 9.08801 -4.70199 -0.377437 0.92603 0.00308862
-27.558 9.52746 -4.72639 -0.374745 0.927126 0.00172951
-26.4026 9.99183 -4.72807 -0.370682 0.928758 0.00168882
-25.2936 10.4319 -4.70118 -0.366423 0.930448 -0.000985832
-24.1726 10.8701 -4.69049 -0.361899 0.932217 4.31672e-05
-23.1663 11.2557 -4.69088 -0.355367 0.934726 0.000107487
-21.9157 11.7259 -4.69274 -0.345286 0.938489 0.000299032
-20.6048 12.1965 -4.60556 -0.330997 0.943632 -0.000293255
-19.4854 12.5763 -4.58784 -0.314145 0.949352 -0.00273231
-18.4204 12.921 -4.62905 -0.303119 0.952945 -0.00367971
-17.2489 13.2715 -4.70272 -0.26766 0.963498 -0.00497452
-16.0667 13.5854 -4.65138 -0.239258 0.970941 -0.0002913
-14.8369 13.8834 -4.63795 -0.220749 0.975327 -0.00167684
-13.6916 14.1254 -4.62025 -0.197905 0.980196 -0.00325584
-12.6216 14.3222 -4.71729 -0.168183 0.985688 -0.0103788
-11.5239 14.4887 -4.70384 -0.133519 0.991038 -0.00344621
-10.3752 14.6236 -4.62055 -0.106624 0.994292 0.00258169
-9.21631 14.74 -4.66999 -0.0880848 0.996097 0.000966672
-8.01866 14.8328 -4.70526 -0.0674432 0.997722 0.000993472
-6.80735 14.9087 -4.67586 -0.0594826 0.998217 0.00494344
-5.41007 14.979 -4.62133 -0.0434753 0.999047 0.00244998
-4.05523 15.0307 -4.64532 -0.0353218 0.999371 0.00323352
-2.96263 15.0685 -4.65594 -0.0328668 0.999443 0.00547946
-1.74999 15.1051 -4.63266 -0.029427 0.999544 0.00677357
-0.50823 15.1405 -4.64439 -0.0275361 0.999598 0.00673263
0.678797 15.1752 -4.6285 -0.0302198 0.999533 0.00447542
1.76851 15.2104 -4.6562 -0.033119 0.99945 0.00141081
2.89162 15.2504 -4.68241 -0.0395186 0.999217 -0.00158716
3.96572 15.2945 -4.67644 -0.0436954 0.999041 -0.00292075
5.12337 15.3468 -4.65182 -0.0463933 0.998921 -0.00223846
6.44262 15.4093 -4.66497 -0.0472699 0.998881 0.00148297
7.72263 15.4692 -4.62487 -0.0467332 0.9989 0.00388091
8.80225 15.5186 -4.61296 -0.0478153 0.998832 0.00675672
9.97145 15.5783 -4.65886 -0.0513798 0.998661 0.00602743
11.2736 15.6559 -4.70401 -0.065574 0.997847 -0.000518369
12.4362 15.7357 -4.69586 -0.0666897 0.997619 -0.0175862
13.5772 15.8164 -4.64908 -0.071926 0.997125 -0.0238023
14.7469 15.8953 -4.6659 -0.0656251 0.997354 -0.0312847
15.9406 15.9575 -4.67632 -0.0450679 0.998504 -0.0307452
17.0673 15.9776 -4.64209 0.0138415 0.999617 -0.0189558
17.9633 15.9425 -4.64803 0.0535808 0.998401 -0.017927
18.0471 15.9111 -5.69953 0.0701066 0.997144 0.0219492
19.2156 15.7841 -5.77851 0.158609 0.986154 0.0259808
20.5803 15.414 -5.78436 0.369431 0.927601 0.0450092
21.5689 14.9267 -5.69572 0.504448 0.863373 0.0108045
22.6759 14.1455 -5.66878 0.602921 0.797651 0.0113135
23.2229 13.5909 -4.9003 0.753991 0.656166 -0.0247237
23.2377 13.6114 -3.69397 0.83705 0.54558 0.0181474
23.1903 13.5518 -2.45182 0.803739 0.593759 0.03315
23.1517 13.5457 -1.08533 0.797265 0.603306 0.0192046
23.1356 13.5202 0.101854 0.800415 0.59906 0.0210425
23.1075 13.5141 1.23414 0.816996 0.57646 0.0112721
23.0719 13.5233 2.37076 0.807589 0.588595 0.0367383
23.0005 13.5627 3.57606 0.82073 0.571306 0.003385
22.9796 13.5735 4.75866 0.818151 0.57475 -0.000559344
22.707 14.0154 5.73069 0.798887 0.598364 -0.0601834
21.941 14.8186 5.74189 0.618993 0.783948 -0.0463952
20.9744 15.4461 5.70585 0.409338 0.909392 -0.0728332
19.8496 15.8385 5.65743 0.292744 0.956154 -0.00784957
18.5835 16.0955 5.68861 0.112459 0.99331 -0.0185363
17.1942 16.1529 5.70513 0.00171732 0.999974 -0.00641274
16.0443 16.1147 5.72165 -0.0515512 0.99866 -0.00385339
14.9584 16.0504 5.68976 -0.0631999 0.998001 0.000718758
13.8399 15.9778 5.76294 -0.0587539 0.99817 -0.00857021
12.6837 15.9122 5.75122 -0.0647484 0.997519 -0.0274227
11.5672 15.8219 5.66512 -0.0909087 0.994724 -0.047322
10.2935 15.6886 5.69071 -0.110788 0.993325 -0.0319299
9.1677 15.5695 5.65341 -0.102819 0.99467 -0.00499888
7.81503 15.4571 5.66085 -0.0771099 0.996925 0.0139466
6.69136 15.3785 5.67879 -0.0615 0.997972 0.0162517
5.30181 15.3108 5.70493 -0.0399317 0.999151 0.00996297
4.18451 15.2675 5.7246 -0.0387936 0.999236 0.00148425
2.92923 15.2178 5.70745 -0.0407325 0.999166 0.00279038
1.74664 15.1729 5.65677 -0.0347665 0.999391 0.00288831
0.549038 15.1332 5.62347 -0.0316805 0.999494 0.00293694
-0.561117 15.0994 5.6991 -0.0276622 0.999612 0.00316577
-1.75165 15.0674 5.70303 -0.0261527 0.999648 0.00446255
-2.94932 15.0358 5.71479 -0.0255747 0.999669 0.00211916
-4.0568 15.0031 5.67635 -0.0331199 0.999451 0.00108319
-5.12538 14.9654 5.66873 -0.0424825 0.999096 0.000529867
-6.20138 14.917 5.65312 -0.0474326 0.998874 4.75329e-05
-7.52142 14.8457 5.64186 -0.0575422 0.998334 -0.00279619
-8.75237 14.7624 5.70793 -0.0811061 0.996681 -0.00635919
-9.82589 14.6693 5.70483 -0.0968641 0.99524 -0.00809346
-11.0533 14.5354 5.6813 -0.120126 0.992708 -0.00923457
-12.1346 14.3874 5.69405 -0.146412 0.989201 -0.00330816
-13.4006 14.186 5.73041 -0.171896 0.985042 -0.0119533
-14.6428 13.9486 5.70959 -0.204686 0.978721 -0.0144081
-15.75 13.699 5.71304 -0.234026 0.97201 -0.0206174
-17.0278 13.3715 5.68161 -0.269474 0.962849 -0.0170486
-18.31 12.9971 5.74411 -0.291794 0.956383 -0.0108096
-19.658 12.5692 5.7241 -0.311449 0.950194 -0.0114003
-20.7485 12.1953 5.68701 -0.330688 0.943655 -0.0126277
-21.864 11.7887 5.68379 -0.348035 0.937446 -0.00812785
-23.1492 11.3012 5.69961 -0.360863 0.932602 -0.00563245
-24.1697 10.9038 5.68399 -0.367827 0.929867 -0.00676595
-25.2888 10.4564 5.70997 -0.37383 0.927493 -0.00298718
-26.3031 10.0458 5.75682 -0.377082 0.926175 -0.00317501
-27.4703 9.56794 5.70059 -0.379752 0.925085 -0.00253086
-28.9326 8.96392 5.67073 -0.383169 0.923674 -0.00255362
-30.0585 8.49416 5.66828 -0.386343 0.922354 -0.00155414
-30.8733 8.15182 5.23495 -0.388051 0.921637 -0.00119902
-30.909 8.13612 4.01579 -0.387055 0.922056 0.000265627
-30.8777 8.14999 2.65097 -0.386312 0.922367 0.00108239
-30.8655 8.15675 1.48743 -0.384974 0.922926 0.00174549
-30.9019 8.14425 0.134521 -0.384444 0.923147 0.00178737
-30.8892 8.1525 -1.18578 -0.384215 0.92324 0.00250682
-30.8473 8.17393 -2.35872 -0.382356 0.924009 0.00329723
-30.8597 8.17299 -3.60494 -0.381919 0.924191 0.00314789
-30.8525 8.18094 -4.86144 -0.381292 0.924447 0.00383642
-30.4467 8.35186 -5.7294 -0.380313 0.924848 0.00426562
-29.1694 8.87606 -5.77038 -0.377979 0.925804 0.00425452
-27.9862 9.35718 -5.77397 -0.375589 0.926783 0.00264755
-26.6158 9.9085 -5.7587 -0.370756 0.928726 0.00226856
-25.5686 10.3243 -5.73304 -0.367953 0.929844 0.000991279
-24.3473 10.8038 -5.73233 -0.363243 0.931693 0.00117983
-23.3374 11.1918 -5.74501 -0.3556 0.934635 0.00223855
-22.3252 11.5734 -5.75099 -0.349571 0.936907 0.0022362
-21.193 11.9899 -5.72042 -0.333952 0.942565 0.00292083
-20.1259 12.3599 -5.68865 -0.327232 0.944938 0.00212171
-19.0862 12.707 -5.68117 -0.31179 0.950116 0.00651894
-17.8511 13.0998 -5.7523 -0.284437 0.958571 0.00620444
-16.7739 13.4021 -5.75914 -0.266851 0.963737 0.00112062
-15.4563 13.7436 -5.73655 -0.241598 0.970354 0.0066235
-14.3599 13.9944 -5.68866 -0.197801 0.980153 0.0122753
-13.2122 14.2168 -5.74508 -0.177001 0.984209 0.00138533
-11.9756 14.4269 -5.8009 -0.155304 0.987821 0.00938756
-10.5495 14.6101 -5.68346 -0.105874 0.994342 0.00864719
-9.39492 14.7286 -5.72888 -0.0970407 0.995263 0.00575639
-8.30786 14.8147 -5.75584 -0.072117 0.997389 0.00163854
-7.0384 14.9011 -5.76512 -0.0629508 0.998011 0.0034452
-5.63335 14.9716 -5.67968 -0.0416634 0.999131 0.000483982
-4.51973 15.0161 -5.69294 -0.0392872 0.999228 0.000501519
-3.3518 15.0606 -5.71424 -0.03976 0.9992 0.00246077
-2.04589 15.1061 -5.72973 -0.0317849 0.999428 0.0115061
-0.888471 15.1389 -5.72465 -0.0273382 0.999588 0.00872019
0.438758 15.1743 -5.67489 -0.0271017 0.999601 0.00795405
1.79892 15.2125 -5.71131 -0.0303796 0.999537 0.00156574
3.25297 15.2616 -5.75082 -0.0373035 0.999298 -0.00158739
4.33881 15.308 -5.71272 -0.0450984 0.998972 -0.00422947
5.53087 15.3645 -5.73465 -0.0499716 0.998746 -0.00277532
6.67789 15.4225 -5.74127 -0.0500344 0.998746 0.00161274
7.77045 15.4753 -5.70129 -0.047993 0.998847 0.00122611
8.99436 15.5339 -5.70666 -0.0491374 0.998789 0.00161799
10.0942 15.5891 -5.74099 -0.0511512 0.998689 0.000360654
11.3759 15.659 -5.77341 -0.0553261 0.998456 -0.00504744
12.6792 15.7331 -5.75476 -0.0593011 0.998059 -0.0188617
14.1512 15.8257 -5.66797 -0.0637968 0.997519 -0.0297265
15.5511 15.908 -5.72206 -0.0475226 0.998541 -0.0256271
16.8449 15.9588 -5.72709 -0.00637697 0.999222 -0.0251694
17.6716 15.9421 -5.69139 0.0446908 0.998177 0.0137867
17.7603 15.9597 -6.76499 0.0442166 0.99783 0.0486096
19.0753 15.8682 -6.81427 0.110673 0.988565 0.1024
20.228 15.5774 -6.80822 0.448869 0.889027 0.0342631
21.2318 15.1542 -6.77668 0.462243 0.879602 0.112392
22.1739 14.54 -6.80465 0.592374 0.804365 0.0457076
23.0641 13.883 -6.76835 0.673942 0.730322 0.107672
23.8861 12.8179 -6.61833 0.869236 0.476402 0.115517
23.8465 12.718 -5.57251 0.838739 0.541038 0.0546529
23.8076 12.6954 -4.35027 0.886974 0.455084 0.0774966
23.7813 12.6954 -3.1729 0.864602 0.502183 0.0159317
23.7978 12.6446 -1.97318 0.833082 0.553105 -0.00667948
23.7644 12.6805 -0.673762 0.839263 0.543312 0.0114217
23.7157 12.6437 0.599139 0.83619 0.546595 0.0439622
23.6925 12.649 1.66666 0.846069 0.531278 0.0364037
23.58 12.6504 2.93473 0.876025 0.471366 0.101154
23.4975 12.6579 4.29001 0.893614 0.448426 0.0181303
23.5341 12.6508 5.43063 0.873367 0.485282 -0.0415728
23.5369 12.8095 6.59805 0.889762 0.448333 -0.0849837
22.9966 13.8252 6.81587 0.808933 0.528679 -0.253694
22.2838 14.7097 6.83004 0.649989 0.738591 -0.14419
21.3503 15.3617 6.77773 0.501783 0.84086 -0.190029
20.2811 15.7646 6.72551 0.21668 0.960475 -0.156938
19.1984 16.0211 6.78961 0.181076 0.982904 -0.0327549
18.0404 16.1982 6.79988 0.0642407 0.994136 -0.0814415
16.7631 16.1739 6.79488 -0.0661205 0.997765 -0.00811687
15.465 16.0835 6.7507 -0.0671209 0.997712 -0.00804433
14.178 16.0068 6.81503 -0.0433502 0.999048 -0.000974436
12.8333 15.9486 6.78644 -0.0419544 0.998929 -0.0195081
11.4383 15.8662 6.70971 -0.0975188 0.993327 -0.0608791
10.3561 15.7168 6.7775 -0.158521 0.986737 0.0232805
9.09357 15.5593 6.70899 -0.0932945 0.995486 0.0141887
7.8318 15.443 6.75386 -0.08425 0.996296 0.0172116
6.48627 15.3416 6.76398 -0.0686813 0.997396 0.0219784
5.22321 15.2979 6.75865 -0.0237512 0.999565 0.0174539
3.98017 15.2643 6.75914 -0.0431672 0.998936 -0.0104665
2.91167 15.2154 6.76954 -0.0461926 0.998912 0.00588747
1.65955 15.1683 6.72401 -0.0395163 0.999215 -0.000120158
0.37864 15.1219 6.72668 -0.0331723 0.999396 0.0100876
-0.779499 15.0922 6.79583 -0.0286251 0.999582 -0.00393028
-1.84947 15.06 6.75155 -0.0335671 0.999352 0.0096946
-3.02154 15.0335 6.79057 -0.0204369 0.999788 -0.000799948
-4.53234 14.9918 6.73251 -0.0346116 0.999371 -0.00617654
-5.62887 14.9439 6.75136 -0.049648 0.998762 -0.00133053
-6.69988 14.8947 6.73308 -0.04667 0.998901 -0.00413863
-7.87175 14.8311 6.75901 -0.07153 0.99741 -0.0063643
-8.99163 14.751 6.76664 -0.0744299 0.99707 -0.0158057
-10.1999 14.6413 6.72993 -0.105739 0.994208 -0.0192072
-11.4004 14.5051 6.74641 -0.119574 0.992671 -0.0156584
-12.457 14.3589 6.79058 -0.148416 0.988567 -0.02644
-13.5217 14.1797 6.77242 -0.169828 0.985252 -0.0209086
-14.6797 13.9584 6.76037 -0.210888 0.977245 -0.0226472
-15.7212 13.7269 6.7648 -0.228274 0.97337 -0.0174424
-16.7785 13.4586 6.74075 -0.256402 0.966436 -0.0158565
-17.9506 13.1228 6.76222 -0.2881 0.957399 -0.0190807
-19.3209 12.6949 6.79978 -0.304523 0.952275 -0.0209417
-20.4875 12.3044 6.74689 -0.332869 0.942664 -0.0235272
-21.5993 11.899 6.73508 -0.349035 0.936975 -0.015881
-22.6484 11.5036 6.75633 -0.358442 0.933488 -0.0108606
-23.7502 11.077 6.77833 -0.363054 0.931724 -0.00909919
-24.778 10.6689 6.73159 -0.371666 0.928337 -0.00745118
-25.9256 10.2049 6.83816 -0.378311 0.925661 -0.00567668
-26.9723 9.77615 6.7876 -0.379451 0.925205 -0.00358621
-28.2131 9.26493 6.75522 -0.382245 0.924059 -0.00204894
-29.3647 8.78816 6.76592 -0.38415 0.923262 -0.00387943
-30.3483 8.375 6.75555 -0.387693 0.921787 -0.00173724
-31.3483 7.95405 6.75275 -0.389388 0.921047 -0.00699644
-31.885 7.7259 5.92707 -0.389131 0.921182 -0.000553036
-31.8585 7.73673 4.81666 -0.388407 0.921488 5.32281e-05
-31.866 7.73436 3.67437 -0.388171 0.921587 0.000846665
-31.8544 7.74104 2.53117 -0.386781 0.922171 0.00126794
-31.8514 7.74582 1.2856 -0.385659 0.922635 0.00318184
-31.889 7.73362 0.0834107 -0.383998 0.923333 0.0016722
-31.8786 7.73987 -1.02123 -0.385579 0.922667 0.00384886
-31.8717 7.74855 -2.26282 -0.384713 0.923017 0.0058771
-31.8582 7.75976 -3.46293 -0.38221 0.92407 0.00320916
-31.8553 7.76656 -4.68065 -0.381235 0.924467 0.00452122
-31.9095 7.74986 -5.88021 -0.38138 0.924411 0.00373009
-31.514 7.91763 -6.798 -0.381319 0.924427 0.00548968
-30.4177 8.36998 -6.82692 -0.38071 0.924678 0.0055194
-29.2222 8.85911 -6.83127 -0.3767 0.926313 0.00576687
-28.1855 9.28042 -6.80163 -0.376042 0.926597 0.00327359
-27.1446 9.69996 -6.80476 -0.368653 0.929562 0.00213738
-26.1247 10.1051 -6.76866 -0.370046 0.929012 0.00140791
-24.9549 10.5683 -6.77994 -0.366627 0.93036 0.00381187
-23.8069 11.0147 -6.81621 -0.360297 0.932835 0.00225149
-22.6689 11.4483 -6.79707 -0.351437 0.936204 0.00328038
-21.4669 11.8896 -6.82126 -0.341484 0.939886 -4.062e-05
-20.1953 12.3406 -6.77736 -0.323095 0.94635 0.00439962
-19.1026 12.7126 -6.81032 -0.32252 0.946456 0.0142326
-17.7945 13.1211 -6.85437 -0.272477 0.962066 0.0135919
-16.558 13.4689 -6.83816 -0.272603 0.960902 0.0370578
-15.1415 13.8301 -6.84302 -0.2407 0.970567 0.00794955
-13.7696 14.1342 -6.79587 -0.183588 0.982527 0.0305876
-12.5661 14.3532 -6.85454 -0.170479 0.984895 0.0302426
-11.3419 14.5317 -6.79797 -0.129127 0.991403 0.0211068
-10.1911 14.6679 -6.78333 -0.0954254 0.995225 0.0184431
-9.08787 14.7589 -6.82489 -0.0781359 0.996924 0.00588381
-7.85539 14.8507 -6.82123 -0.0727096 0.997346 0.00346323
-6.77682 14.9238 -6.83081 -0.047934 0.998796 0.00585175
-5.63577 14.9723 -6.74131 -0.0430001 0.999073 0.00165398
-4.54518 15.0183 -6.80285 -0.040139 0.999177 0.00577587
-3.3671 15.0578 -6.77365 -0.0459456 0.998796 -0.0171599
-2.12396 15.1157 -6.8007 -0.0361197 0.999246 0.0142014
-0.759892 15.1541 -6.79091 -0.0213786 0.999629 0.0167462
0.436273 15.1824 -6.76975 -0.0203838 0.99975 0.0090738
1.54383 15.2041 -6.79284 -0.0203719 0.999772 2.61087e-06
2.69504 15.2369 -6.80374 -0.0243746 0.999645 -0.00800105
3.81519 15.2751 -6.78433 -0.0479596 0.998611 -0.0214847
4.98017 15.3312 -6.78339 -0.0446302 0.998985 -0.00582133
6.11342 15.3907 -6.79639 -0.0578425 0.998319 -0.000770898
7.54448 15.4644 -6.77005 -0.0483259 0.998831 0.000268418
8.73562 15.5278 -6.76578 -0.0488015 0.998722 0.0129241
9.93574 15.573 -6.80315 -0.0528642 0.998286 -0.0251127
11.293 15.6459 -6.81042 -0.0505886 0.998694 -0.00710457
12.5544 15.7102 -6.83646 -0.0470197 0.998893 0.00130307
13.6941 15.7605 -6.74805 -0.0414671 0.998704 -0.0292102
14.8716 15.8348 -6.7808 -0.0770482 0.996573 -0.027327
16.0193 15.9173 -6.794 -0.0528633 0.998573 -0.00755083
17.222 15.978 -6.76433 -0.0102411 0.999301 0.0287958
17.3991 15.9766 -6.75808 0.0273469 0.998826 0.0311298
