21.8448 15.9958 -2.94933 0.392331 0.91893 -0.0313292
21.8511 16.041 -1.8289 0.407767 0.911347 -0.0460746
21.894 16.0383 -0.82381 0.440139 0.897396 0.0263495
21.9219 16.0226 0.157425 0.438214 0.896533 -0.0613999
21.9478 16.0261 1.1474 0.412619 0.910826 0.0118767
21.9323 16.0163 2.36651 0.412133 0.910928 0.0107567
21.9346 15.9835 2.80068 0.449192 0.890756 0.0683381
21.0467 16.3278 2.88176 0.264745 0.963753 0.0324621
21.0457 16.3626 1.86542 0.274218 0.960717 0.0265622
21.0554 16.3743 0.727459 0.30871 0.950938 -0.014891
21.0416 16.3711 -0.280015 0.315521 0.948804 -0.0124088
20.9982 16.3739 -1.35815 0.331094 0.942972 -0.0290892
20.9705 16.3368 -2.59679 0.325785 0.944729 -0.0367739
20.9539 16.3252 -3.04644 0.325138 0.945384 -0.0227835
20.0489 16.6001 -3.00216 0.155018 0.986731 -0.0481832
20.0692 16.6208 -1.98266 0.200167 0.979465 -0.0240592
20.1345 16.6716 -0.755251 0.222987 0.971624 -0.0183254
20.1467 16.6134 0.390386 0.172836 0.984643 0.0192859
20.1303 16.5907 1.54156 0.185891 0.981489 0.0299051
20.1432 16.5614 2.69862 0.213511 0.976936 -0.00151077
20.146 16.5619 2.97478 0.195552 0.980442 0.00731761
19.2186 16.7181 2.62587 0.153725 0.988099 0.00534197
19.2174 16.729 1.61394 0.122621 0.991893 -0.00151451
19.2116 16.7299 0.580018 0.0796497 0.996817 0.00347851
19.202 16.7436 -0.66212 0.0642476 0.99776 0.0156918
19.1681 16.7477 -1.81318 0.056069 0.997181 -0.0493161
19.1253 16.7135 -2.73596 0.0600454 0.997608 -0.0341354
18.1877 16.7389 -2.69752 -0.0118355 0.999554 -0.0270098
18.2648 16.7698 -1.57213 -0.0205662 0.999361 -0.0292353
18.263 16.7791 -0.499346 -0.0153821 0.999877 0.00230279
18.2772 16.786 0.814726 0.0261548 0.999594 0.00534475
18.2851 16.7973 1.82031 0.0321274 0.999109 0.00461148
18.2814 16.7827 2.77572 0.00272133 0.999759 0.0177813
18.282 16.7826 2.79379 0.0213592 0.999465 0.0157161
17.3273 16.778 3.03864 -0.00950843 0.999914 0.00798908
17.3451 16.7837 1.98975 -0.0247785 0.999665 0.00640543
17.3335 16.7808 0.882046 -0.035236 0.999281 -0.0128764
17.3144 16.761 -0.188677 -0.0360484 0.999076 -0.0207314
17.3299 16.7434 -1.25838 -0.0438559 0.998905 -0.01628
17.2739 16.7249 -2.28354 -0.0366681 0.999126 -0.018115
17.2261 16.7098 -3.03771 -0.025208 0.999582 -0.0141558
16.3063 16.6622 -2.75722 -0.0715161 0.997354 -0.0130644
16.3625 16.6861 -1.51475 -0.0629108 0.997889 -0.0160943
16.3584 16.7004 -0.557641 -0.062268 0.997954 -0.0144689
16.3896 16.7269 0.666877 -0.0593825 0.998104 -0.0162048
16.4011 16.7329 1.74741 -0.0766854 0.997035 -0.00631652
16.3761 16.7351 2.85519 -0.0794576 0.996832 -0.00125337
16.3759 16.7351 2.86786 -0.076325 0.997031 0.00707176
15.4504 16.6579 2.75153 -0.0871326 0.996196 0.00112921
15.4717 16.6587 1.68098 -0.0917686 0.995778 0.000996532
15.4342 16.6497 0.693987 -0.0952918 0.995331 -0.0153758
15.4112 16.6269 -0.584625 -0.092297 0.995604 -0.0159302
15.4129 16.6113 -1.68215 -0.093455 0.995404 -0.02011
15.3627 16.5874 -2.69214 -0.0850534 0.996301 -0.0122909
15.3555 16.5837 -2.93901 -0.083857 0.996376 -0.014073
14.4119 16.4932 -2.76512 -0.102867 0.994566 -0.016052
14.472 16.5181 -1.60718 -0.105955 0.994246 -0.0157382
14.4752 16.5324 -0.491928 -0.106694 0.994205 -0.0130861
14.5038 16.5492 0.514864 -0.106743 0.994211 -0.012281
14.523 16.5634 1.59669 -0.113304 0.993514 -0.00959102
14.5257 16.5711 2.58961 -0.0992223 0.995062 -0.00240019
14.5232 16.5712 2.7215 -0.0992065 0.995064 -0.00252454
13.5945 16.4679 2.68438 -0.114195 0.993411 -0.00966229
13.5945 16.4584 1.72264 -0.115614 0.993247 -0.0097301
13.5731 16.4462 0.748432 -0.115062 0.993297 -0.0110234
13.5393 16.4305 -0.420781 -0.11484 0.993336 -0.00972194
13.5527 16.4204 -1.37657 -0.113847 0.993391 -0.0145161
13.4813 16.3988 -2.34092 -0.108215 0.994042 -0.0130662
13.4745 16.3913 -2.88587 -0.106613 0.994228 -0.0119444
12.5211 16.2913 -2.96682 -0.101916 0.994754 -0.00856516
12.5562 16.3048 -1.73854 -0.107496 0.994156 -0.00991646
12.5955 16.3182 -0.707065 -0.113147 0.993539 -0.00846205
12.6281 16.332 0.325421 -0.1151 0.993313 -0.00902074
12.6559 16.3468 1.49729 -0.115852 0.993214 -0.0101825
12.6651 16.3607 2.72298 -0.115472 0.993256 -0.0104475
12.6638 16.3622 2.88547 -0.115558 0.993253 -0.00973715
11.7198 16.2518 2.78107 -0.113724 0.9934 -0.0148799
11.7275 16.2415 1.80168 -0.11627 0.99318 -0.00863075
11.7353 16.2347 0.672651 -0.109957 0.99392 -0.00480811
11.6648 16.2217 -0.296422 -0.104436 0.994517 -0.00510598
11.6451 16.2119 -1.41271 -0.0995161 0.994994 -0.00905499
11.6054 16.2004 -2.60887 -0.0973824 0.995241 -0.00330702
11.5959 16.198 -3.00665 -0.0975552 0.995223 -0.00379448
10.663 16.1141 -2.76316 -0.0852548 0.996347 -0.00268894
10.7205 16.1243 -1.4096 -0.0882246 0.99608 -0.00621848
10.7395 16.1304 -0.339441 -0.0849624 0.996384 -0.000793469
10.8149 16.1414 0.816019 -0.0895522 0.995962 -0.00613888
10.8016 16.1483 2.12745 -0.0915464 0.995776 -0.00663402
10.7688 16.1516 2.86046 -0.101148 0.994785 -0.01312
9.83612 16.0662 2.93792 -0.0754844 0.99713 -0.0057627
9.85029 16.0606 1.73879 -0.0830403 0.996517 -0.00524672
9.84424 16.0565 0.520006 -0.0766449 0.997058 0.000535271
9.81201 16.0548 -0.580883 -0.0763363 0.997082 -0.000741243
9.7719 16.0436 -1.63684 -0.0758631 0.997099 -0.00434788
9.72514 16.0405 -2.82786 -0.0713572 0.997355 0.0124028
8.77286 15.9797 -2.92199 -0.0597144 0.9982 0.0055411
8.80059 15.9782 -1.86043 -0.0612055 0.998122 0.00151509
8.84359 15.984 -0.781653 -0.0638352 0.997951 -0.00379446
8.90569 15.9892 0.232782 -0.0659183 0.997824 0.0012107
8.92321 15.9887 1.39574 -0.0660312 0.997813 -0.00306972
8.91796 15.9939 2.44327 -0.0724535 0.997358 -0.0040229
8.92223 15.9962 2.73715 -0.0748049 0.997187 -0.00365327
7.99905 15.9304 2.86077 -0.0650803 0.997877 0.00184651
7.97774 15.9305 1.59028 -0.0572291 0.99836 0.000954718
7.96614 15.9305 0.391996 -0.0561373 0.998423 0.000719467
7.87582 15.9256 -0.572182 -0.0562951 0.998414 -0.000172488
7.8672 15.9243 -1.73447 -0.0539625 0.99854 0.00139561
7.83077 15.9261 -2.74727 -0.054021 0.998531 0.00423919
6.89678 15.8767 -2.94314 -0.0537115 0.998555 0.00168943
6.92423 15.8755 -1.9464 -0.0515762 0.998665 0.00247249
6.94774 15.8758 -0.990547 -0.0520444 0.998645 0.000379265
6.98112 15.8766 -0.024933 -0.0522433 0.998632 0.00225611
7.00907 15.8761 0.973135 -0.0549726 0.998487 0.0013622
7.05052 15.8756 2.07302 -0.0576234 0.998334 0.00298555
7.05263 15.8725 2.80609 -0.058007 0.998304 0.00488422
6.12718 15.8187 2.93832 -0.0544076 0.9985 0.00609163
6.09246 15.8227 1.95304 -0.0548252 0.998483 0.00505689
6.06588 15.8257 0.915489 -0.0516406 0.998659 0.00368574
6.04529 15.8282 -0.0738546 -0.0520382 0.998643 0.00181704
6.03035 15.8288 -1.18853 -0.0509821 0.998699 0.000934846
5.95641 15.8263 -2.25443 -0.0517584 0.998658 0.00132495
5.9471 15.8262 -2.96774 -0.0530614 0.998591 -0.000301711
5.00823 15.7782 -2.91363 -0.0505192 0.998723 -0.000681432
5.04716 15.7803 -1.70456 -0.0490504 0.998796 0.000706572
5.10917 15.7821 -0.703731 -0.0482347 0.998835 0.00156552
5.13903 15.7804 0.480444 -0.0483733 0.998823 0.00352889
5.14237 15.7768 1.43762 -0.0496875 0.998749 0.00553553
5.16116 15.77 2.59505 -0.0502932 0.998708 0.00729335
5.16773 15.7684 2.8493 -0.0508475 0.998671 0.00844573
4.20918 15.7217 2.81555 -0.047108 0.998834 0.0105117
4.21923 15.7315 1.64506 -0.0479049 0.998829 0.00656275
4.18942 15.7358 0.393488 -0.0474142 0.998866 0.00422442
4.16848 15.7378 -0.721003 -0.0455962 0.998959 0.00127604
4.0973 15.7357 -1.71291 -0.0467376 0.998907 0.000256674
4.04825 15.7331 -2.52902 -0.0469795 0.998895 -0.00141997
3.09264 15.6914 -2.77956 -0.0416264 0.999133 -0.000209336
3.13576 15.6936 -1.79201 -0.0431695 0.999067 0.000194414
3.22792 15.6962 -0.82788 -0.0424486 0.999097 0.00194293
3.2467 15.694 0.176989 -0.041973 0.999109 0.00449738
3.23029 15.6878 1.27094 -0.0451673 0.998966 0.00510781
3.24179 15.6821 2.23926 -0.0421118 0.999096 0.00579341
3.25593 15.6776 2.92581 -0.042267 0.999058 0.0098391
2.30093 15.6413 2.68454 -0.0365693 0.999307 0.00690568
2.29656 15.6488 1.5864 -0.0365177 0.999313 0.00632891
2.29725 15.6545 0.323143 -0.0370954 0.999305 0.00350923
2.27281 15.6561 -0.671531 -0.0379379 0.999278 0.000512176
2.16706 15.6538 -1.64403 -0.0358983 0.999351 0.00239934
2.14983 15.6543 -2.74625 -0.0335804 0.999436 0.000327032
2.15347 15.6545 -2.78425 -0.0360279 0.999348 0.000931701
1.21125 15.6234 -2.75341 -0.0314107 0.999506 0.00121183
1.24591 15.6227 -1.62249 -0.032335 0.999476 0.00149246
1.34012 15.6233 -0.396634 -0.0317847 0.999493 0.00205711
1.3694 15.6213 0.706681 -0.0311154 0.999511 0.00302111
1.34927 15.6131 1.85551 -0.0311609 0.999495 0.00621521
1.33794 15.6063 2.87689 -0.0296541 0.999535 0.00711486
1.33792 15.6056 2.96061 -0.0293714 0.999536 0.00810027
0.368868 15.5783 2.83278 -0.0268229 0.999614 0.00718007
0.369591 15.5854 1.70369 -0.0281171 0.999591 0.00514042
0.439639 15.5926 0.58608 -0.0310411 0.999514 0.0029887
0.407352 15.5945 -0.434399 -0.0296698 0.999556 0.00253422
0.323704 15.5934 -1.39694 -0.0296564 0.999557 0.002171
0.24167 15.5931 -2.40032 -0.0286377 0.999587 0.00218886
0.278589 15.5954 -2.84436 -0.0272003 0.999626 0.00289069
-0.654645 15.5703 -2.84383 -0.0261685 0.999652 0.00342267
-0.71051 15.5657 -1.87176 -0.0263304 0.99965 0.00244017
-0.546104 15.5679 -0.645591 -0.0271746 0.99963 0.00146784
-0.471759 15.5676 0.389803 -0.0270013 0.99963 0.00323921
-0.528346 15.5626 1.3437 -0.0264594 0.999639 0.0045713
-0.618819 15.5555 2.34572 -0.0252769 0.999665 0.00559148
-0.587587 15.5535 2.86939 -0.0246896 0.999679 0.00564422
-1.56384 15.5311 2.68267 -0.0245415 0.999688 0.0046869
-1.55449 15.5353 1.63646 -0.0251837 0.999677 0.0035035
-1.40429 15.5428 0.510474 -0.0258298 0.999664 0.00238278
-1.4547 15.5435 -0.485492 -0.0260919 0.999658 0.00169343
-1.61752 15.5411 -1.4522 -0.0251277 0.999682 0.00209199
-1.65126 15.5438 -2.61934 -0.0251303 0.999678 0.00363273
-1.58907 15.5464 -2.93061 -0.0253959 0.999671 0.00346331
-2.53432 15.5225 -2.8363 -0.0248498 0.999685 0.00357319
-2.569 15.5178 -1.65855 -0.0254716 0.999671 0.00310853
-2.41938 15.5192 -0.586841 -0.0253091 0.999677 0.00216259
-2.38104 15.5177 0.47687 -0.0261913 0.999653 0.00278153
-2.48871 15.5118 1.50497 -0.0261529 0.999654 0.00275191
-2.50135 15.5084 2.58633 -0.0264616 0.999638 0.00477601
-2.44744 15.5088 2.78342 -0.0257701 0.999654 0.00520044
-3.4174 15.4821 2.80357 -0.0295681 0.999557 0.00343659
-3.4174 15.4864 1.4724 -0.0297132 0.999555 0.00278044
-3.4174 15.4899 0.499976 -0.0282997 0.999592 0.00366173
-3.4174 15.4935 -0.707715 -0.0271293 0.999628 0.00263131
-3.4174 15.4963 -1.7256 -0.026759 0.999636 0.00344018
-3.4174 15.4996 -2.74602 -0.0263123 0.99965 0.00262041
-3.4174 15.4999 -2.85536 -0.0263027 0.99965 0.00268406
-4.40745 15.4704 -2.98261 -0.0310917 0.999515 0.00145339
-4.58271 15.4632 -1.97243 -0.0324167 0.999472 0.00203461
-4.48785 15.4633 -0.90075 -0.0302092 0.999535 0.00401467
-4.54199 15.4579 0.143212 -0.0335409 0.999428 0.00411061
-4.46974 15.4553 1.15592 -0.031297 0.999502 0.00402799
-4.52121 15.4495 2.20687 -0.0334375 0.999436 0.0032074
-4.56175 15.4457 2.9832 -0.0329572 0.999453 0.00260858
-5.53321 15.4113 2.82863 -0.0405719 0.99917 0.0034745
-5.41646 15.4198 1.71971 -0.0380933 0.999262 0.00487377
-5.33455 15.4286 0.418227 -0.0357977 0.99935 0.00415887
-5.42451 15.4302 -0.573729 -0.043406 0.999045 0.00496078
-5.55512 15.4273 -1.69464 -0.0407486 0.999163 0.00355878
-5.40758 15.4363 -2.64748 -0.0392596 0.999226 0.00251574
-5.39143 15.4371 -2.72298 -0.0380042 0.999275 0.000751968
-6.27179 15.3988 -2.98148 -0.0455628 0.998961 -0.000151619
-6.43805 15.3907 -1.96396 -0.0439954 0.999025 0.00378819
-6.37987 15.3876 -0.639415 -0.0463767 0.998906 0.00595912
-6.24576 15.3896 0.328757 -0.046336 0.998918 0.00400794
-6.27248 15.3865 1.29787 -0.0477908 0.99885 0.00382442
-6.42481 15.374 2.29624 -0.0465003 0.998915 0.00266543
-6.46261 15.3706 2.88806 -0.0469406 0.998885 0.00468641
-7.38833 15.3233 2.84897 -0.0583759 0.998273 0.00663857
-7.25675 15.3377 1.57831 -0.0544915 0.998509 0.00331171
-7.16855 15.3415 0.357691 -0.0530761 0.998581 0.00216621
-7.29935 15.3406 -0.588544 -0.0580827 0.998287 0.00701337
-7.3505 15.3422 -1.57375 -0.0599506 0.99818 0.0062094
-7.23946 15.352 -2.71556 -0.0587791 0.998256 -0.000535019
-7.22427 15.3523 -2.84585 -0.0567111 0.998367 -0.00676901
-8.17117 15.2895 -2.91347 -0.0746062 0.997204 -0.00411297
-8.24629 15.2861 -1.92461 -0.0712429 0.997453 0.00167008
-8.20315 15.2848 -0.833618 -0.0676182 0.997692 0.00610632
-8.1219 15.2865 0.482705 -0.0622703 0.998059 -0.00063148
-8.18864 15.2827 1.5907 -0.0632272 0.997992 0.00347813
-8.27658 15.2718 2.54366 -0.0638392 0.997938 0.00663797
-8.29562 15.268 2.9111 -0.0642601 0.997908 0.00710052
-9.20284 15.2016 2.79197 -0.0823973 0.996579 0.00633396
-9.16111 15.2136 1.72858 -0.0757653 0.997123 0.000817902
-9.07308 15.223 0.748763 -0.0735433 0.997287 0.00250957
-9.11114 15.2205 -0.235593 -0.0742812 0.997227 0.00130845
-9.16895 15.2184 -1.43677 -0.0752483 0.997147 -0.0024561
-9.13206 15.2183 -2.39648 -0.0785709 0.996906 -0.00223375
-9.11097 15.2189 -2.85946 -0.078268 0.99693 -0.0022757
-10.0618 15.1409 -2.70627 -0.0883178 0.996092 -0.000358398
-10.0818 15.139 -1.54767 -0.0939179 0.995579 0.000587135
-10.063 15.1397 -0.583391 -0.0973616 0.995247 0.00134588
-10.0388 15.1414 0.40433 -0.0975605 0.995228 0.00160242
-10.0859 15.1343 1.45355 -0.0883066 0.99609 -0.00184731
-10.1288 15.1287 2.53854 -0.0989542 0.995009 0.0112064
-10.1452 15.1206 2.97263 -0.103099 0.994584 0.0131065
-11.0719 15.0237 2.78064 -0.113546 0.993474 0.0108119
-11.0147 15.0387 1.70703 -0.109712 0.993963 -0.000114786
-10.9815 15.0438 0.522583 -0.107888 0.994159 0.00267848
-10.987 15.0447 -0.49092 -0.114718 0.993396 0.00154554
-11.0083 15.044 -1.6563 -0.115561 0.993299 5.8009e-05
-10.9927 15.0482 -2.64204 -0.109982 0.993929 0.00301147
-10.9947 15.0483 -2.74294 -0.108874 0.994033 0.00582099
-11.9071 14.9286 -2.90077 -0.14305 0.989686 0.00130999
-11.9365 14.9225 -1.8709 -0.136938 0.990563 0.00158188
-11.9156 14.9255 -0.875406 -0.144688 0.989474 -0.0014354
-11.9136 14.9312 0.341851 -0.137949 0.990253 -0.0176982
-11.9374 14.9318 1.3811 -0.130323 0.991412 0.0108827
-11.9847 14.9099 2.51963 -0.139174 0.990136 0.0154251
-11.9993 14.9054 2.73666 -0.141271 0.989962 0.00365677
-12.9398 14.7635 2.86575 -0.168794 0.985622 0.00727583
-12.8741 14.7792 1.88218 -0.174239 0.98468 0.00633135
-12.8702 14.7805 0.791303 -0.180053 0.983619 -0.00493839
-12.8312 14.7846 -0.203483 -0.161536 0.986862 0.00166682
-12.8797 14.7756 -1.54316 -0.179259 0.983802 0.000711916
-12.8593 14.7767 -2.57233 -0.164259 0.986409 -0.00401497
-12.8432 14.7782 -2.89411 -0.164314 0.986402 -0.00350938
-13.7779 14.6118 -2.82857 -0.184202 0.982885 -0.0024323
-13.7973 14.6073 -1.78705 -0.186843 0.982363 0.00544425
-13.7508 14.6143 -0.669328 -0.191573 0.981478 -0.000389246
-13.7744 14.6134 0.550021 -0.189677 0.981833 -0.00502686
-13.8226 14.6087 1.89341 -0.190418 0.981699 -0.00267827
-13.8787 14.6011 2.84546 -0.171048 0.985254 0.00302006
-14.7877 14.4137 2.73837 -0.210598 0.977562 0.00458753
-14.7402 14.4261 1.72972 -0.217659 0.976021 0.00264439
-14.681 14.431 0.498535 -0.206385 0.978415 -0.0103546
-14.6567 14.432 -0.480657 -0.211498 0.97737 -0.00205576
-14.7155 14.4257 -1.44846 -0.210138 0.977581 0.00623521
-14.7031 14.43 -2.48528 -0.202717 0.979229 0.00369628
-14.7103 14.4297 -2.72344 -0.20036 0.979715 0.0021651
-15.6151 14.2214 -2.90313 -0.23614 0.971704 -0.00486223
-15.6202 14.2219 -1.78815 -0.236039 0.971665 0.00448426
-15.5766 14.2278 -0.562294 -0.222989 0.974803 -0.000602241
-15.5858 14.2275 0.409138 -0.229808 0.973187 -0.00971974
-15.6355 14.223 1.38524 -0.225051 0.974333 -0.0052132
-15.7142 14.205 2.65479 -0.223872 0.974609 0.00349418
-15.7146 14.2047 2.79282 -0.221113 0.975235 -0.00477865
-16.6155 13.9876 2.83657 -0.251823 0.967766 -0.00362372
-16.5843 13.9913 1.59819 -0.253513 0.967308 -0.00587628
-16.5046 14.0041 0.462263 -0.256124 0.966484 -0.0166814
-16.5204 13.9979 -0.598055 -0.254048 0.967181 -0.000914547
-16.5441 13.9884 -1.80052 -0.251792 0.96775 0.00147138
-16.5204 13.9927 -2.80689 -0.247492 0.968886 -0.00283124
-17.4486 13.7333 -2.98283 -0.276706 0.960952 0.000961332
-17.4412 13.7339 -1.76611 -0.284761 0.958596 0.00154705
-17.4552 13.736 -0.593568 -0.286276 0.958084 -0.010425
-17.4421 13.7525 0.655354 -0.267199 0.963562 -0.0123355
-17.5068 13.7445 1.61017 -0.270051 0.962788 -0.00517426
-17.5168 13.7446 2.71447 -0.275316 0.961351 -0.00208857
-17.5155 13.7453 2.92346 -0.27184 0.962328 0.00135966
-18.4162 13.4741 2.86173 -0.296732 0.954961 0.000239755
-18.3836 13.484 1.7628 -0.297306 0.954781 0.000326933
-18.3316 13.4877 0.546218 -0.304975 0.952268 -0.0132398
-18.3595 13.4663 -0.413039 -0.290645 0.956764 -0.0112938
-18.3347 13.4666 -1.53915 -0.289179 0.957266 -0.00276872
-18.3378 13.473 -2.86903 -0.301384 0.953436 0.00661168
-18.3374 13.4732 -2.98026 -0.304443 0.952507 -0.00410055
-19.2475 13.1761 -3.04487 -0.314185 0.949358 -0.00163181
-19.239 13.1805 -1.70927 -0.315163 0.949035 -0.00139864
-19.267 13.1763 -0.533189 -0.304521 0.952475 -0.00711322
-19.2468 13.1892 0.455881 -0.315434 0.948888 -0.010612
-19.2778 13.1925 1.67314 -0.316661 0.948476 -0.0108829
-19.323 13.1855 2.78165 -0.316616 0.948548 -0.00343251
-19.3226 13.186 2.8257 -0.311647 0.95016 -0.00504149
-20.2003 12.8869 2.90355 -0.32842 0.944512 -0.00591074
-20.1779 12.8873 1.80976 -0.326764 0.945059 -0.00939075
-20.1434 12.8893 0.662207 -0.325704 0.945423 -0.00910279
-20.1633 12.8766 -0.495736 -0.322091 0.946695 -0.0048597
-20.1523 12.8759 -1.47043 -0.324454 0.945887 -0.00443692
-20.1366 12.8784 -2.58785 -0.318587 0.947883 -0.00432815
-20.1389 12.8764 -2.83231 -0.319144 0.947699 -0.00342109
-21.0487 12.564 -3.00627 -0.327797 0.944725 -0.00658815
-21.0348 12.57 -1.85232 -0.330631 0.943751 0.00405404
-21.0545 12.5627 -0.754148 -0.33724 0.941419 -0.000388971
-21.0379 12.5733 0.393475 -0.336937 0.941499 -0.00714289
-21.0531 12.5755 1.50316 -0.335169 0.942143 -0.00542142
-21.0672 12.577 2.5439 -0.335348 0.942081 -0.00490661
-21.0753 12.5757 2.89306 -0.336502 0.941671 -0.00474884
-21.9709 12.2518 2.98078 -0.344981 0.938604 -0.0032434
-21.9416 12.2565 1.7529 -0.345173 0.938514 -0.00623497
-21.9444 12.2488 0.757065 -0.343078 0.939299 -0.00305277
-21.9428 12.2443 -0.32625 -0.340819 0.940121 -0.00384235
-21.9415 12.2429 -1.37953 -0.340694 0.940173 0.0011267
-21.9359 12.2426 -2.52485 -0.35044 0.936582 -0.00231606
-21.9424 12.2395 -2.75701 -0.350505 0.936557 -0.00266695
-22.8412 11.9013 -2.85547 -0.355127 0.934808 -0.00398703
-22.8217 11.9137 -1.61731 -0.351205 0.936294 -0.00273451
-22.8041 11.9236 -0.320657 -0.351697 0.936109 -0.00279887
-22.828 11.9185 0.695895 -0.350466 0.936554 -0.00549494
-22.8359 11.9214 1.68143 -0.356157 0.934412 -0.00518217
-22.8327 11.93 2.90644 -0.352939 0.935641 -0.00316793
-22.8353 11.9294 3.02349 -0.353179 0.935552 -0.00266106
-23.697 11.5982 2.97 -0.363804 0.931464 -0.00426714
-23.7223 11.5833 1.97804 -0.361782 0.932245 -0.00566606
-23.7207 11.58 0.868511 -0.360031 0.932926 -0.0047486
-23.6882 11.5874 -0.168416 -0.361021 0.932555 -0.00237868
-23.6961 11.5809 -1.31409 -0.361261 0.93246 -0.00297657
-23.7055 11.573 -2.42106 -0.359863 0.932992 -0.00433735
-23.724 11.5645 -2.96098 -0.360353 0.932814 -0.00179364
-24.5814 11.2332 -2.83845 -0.361937 0.932198 -0.00283565
-24.5906 11.2317 -1.86446 -0.361956 0.932193 -0.0020636
-24.5764 11.2406 -0.617925 -0.365754 0.930705 -0.00349219
-24.5848 11.2423 0.357309 -0.363762 0.93148 -0.00469096
-24.5846 11.2457 1.38711 -0.365252 0.930906 -0.000784939
-24.6002 11.2408 2.46558 -0.367052 0.930198 -0.00209945
-24.6007 11.2422 2.99457 -0.367748 0.92992 -0.0032585
-25.4889 10.8889 2.83708 -0.371623 0.928382 -0.00178245
-25.446 10.9041 1.66005 -0.371348 0.928492 -0.00199308
-25.4572 10.897 0.580186 -0.372664 0.927963 -0.00256151
-25.4563 10.8942 -0.388573 -0.370116 0.928979 -0.00356582
-25.4569 10.891 -1.60764 -0.369408 0.929267 -0.000924306
-25.4691 10.8848 -2.6227 -0.366884 0.930266 -0.00133822
-25.4684 10.885 -2.68928 -0.366772 0.93031 -0.0010819
-26.3567 10.5315 -2.94326 -0.370258 0.928929 -0.000456318
-26.3265 10.5446 -1.85327 -0.371159 0.928569 -0.000662115
-26.34 10.5406 -0.582211 -0.371444 0.928454 -0.00168796
-26.3456 10.5399 0.509379 -0.372892 0.927873 -0.00163982
-26.3077 10.5577 1.4881 -0.374231 0.927332 -0.00243915
-26.3487 10.5436 2.6444 -0.373772 0.92752 -0.00130774
-26.3571 10.5405 2.83569 -0.37415 0.927367 -0.00154651
-27.2128 10.193 2.85689 -0.37752 0.925999 -0.00197225
-27.1659 10.2099 1.81587 -0.377577 0.925976 -0.00189239
-27.2142 10.1888 0.818263 -0.375603 0.92678 -0.000564204
-27.2058 10.1927 -0.299573 -0.375018 0.927017 -0.000505944
-27.2021 10.1932 -1.5565 -0.373914 0.927464 -4.56158e-05
-27.2331 10.1806 -2.87505 -0.371942 0.928256 0.000203243
-28.09 9.83489 -2.64382 -0.375394 0.926865 0.000343861
-28.0711 9.84143 -1.28206 -0.376953 0.926232 0.000177037
-28.0651 9.84388 -0.259429 -0.377767 0.9259 -0.000728475
-28.0841 9.83534 0.709209 -0.377396 0.92605 0.00164575
-28.0408 9.85305 1.87978 -0.377782 0.925893 -0.00102496
-28.0755 9.83992 2.86729 -0.379523 0.92518 -0.00180204
1.51293 15.6353 -4.21681 -0.0299596 0.999544 0.00373938
2.76358 15.6789 -4.24573 -0.0360484 0.99935 -0.000545179
4.15731 15.7346 -4.23241 -0.0437196 0.999043 -0.00150858
5.6779 15.8108 -4.23896 -0.0521703 0.998635 -0.00158201
6.94146 15.88 -4.24082 -0.0557063 0.998447 0.000672256
8.20073 15.9516 -4.26015 -0.0597984 0.99821 0.00109629
9.50541 16.0324 -4.26111 -0.0643957 0.99792 0.00308653
11.0231 16.144 -4.24175 -0.076644 0.997058 0.000840181
12.3512 16.2645 -4.28829 -0.0943853 0.995454 -0.0124699
13.7643 16.3998 -4.27267 -0.101675 0.994669 -0.0170182
15.1856 16.5411 -4.26719 -0.0931101 0.995463 -0.0195944
16.5809 16.6614 -4.29481 -0.0774107 0.996543 -0.0298203
17.9606 16.7026 -4.29435 -0.006391 0.999352 -0.0351307
19.3852 16.651 -4.30577 0.0839462 0.996186 -0.0237957
20.8485 16.367 -4.29837 0.350986 0.936376 0.00300157
22.1661 15.7846 -4.29462 0.464136 0.884426 -0.0476442
23.4131 14.997 -3.91149 0.656765 0.753065 0.0300398
23.4572 14.891 -2.62166 0.726206 0.685762 -0.0430977
23.4732 14.9315 -1.33981 0.753893 0.656956 -0.00650303
23.4407 15.0089 -0.0505292 0.739047 0.671 0.00343213
23.3656 14.9987 1.26323 0.748231 0.662042 0.0379224
23.2991 14.9997 2.53718 0.73135 0.673765 0.105682
23.1424 15.0208 4.01332 0.682992 0.728229 0.0189113
22.1287 15.8139 4.31208 0.537103 0.84259 0.0316124
20.9806 16.3144 4.25032 0.305624 0.952116 -0.00596958
19.7082 16.617 4.19979 0.175197 0.984469 0.0112463
18.4563 16.7622 4.22678 0.0562529 0.998136 0.0130832
17.204 16.7593 4.28925 -0.0240665 0.999605 0.00573667
15.918 16.6949 4.2504 -0.0718103 0.997391 -0.00214916
14.666 16.5897 4.22053 -0.0961039 0.995345 -0.00713091
13.4349 16.464 4.19589 -0.108682 0.993998 -0.0118376
12.1438 16.3207 4.18754 -0.109325 0.993889 -0.0152342
10.7652 16.1725 4.18605 -0.103813 0.994453 -0.0169095
9.43556 16.0422 4.19177 -0.0849411 0.99634 -0.00798894
8.13613 15.9392 4.19369 -0.0762797 0.997071 -0.000318898
6.56221 15.8347 4.2225 -0.0630747 0.997983 0.00711637
5.14108 15.7532 4.17853 -0.052644 0.998504 0.0143712
3.79718 15.6885 4.19926 -0.0436393 0.999006 0.00874671
2.33126 15.6289 4.22872 -0.0397682 0.999162 0.00960344
1.04005 15.5866 4.21261 -0.0278194 0.999565 0.00979568
-0.242073 15.5533 4.23573 -0.0242723 0.999678 0.00740517
-1.54715 15.5237 4.14282 -0.0234044 0.999713 0.00510302
-2.83777 15.4921 4.19044 -0.0261056 0.999652 0.00365287
-4.25957 15.4514 4.24006 -0.0309841 0.999518 0.0018537
-5.6198 15.4025 4.23289 -0.0427052 0.999081 0.00365047
-7.10127 15.3322 4.23024 -0.0537629 0.998534 0.00475674
-8.39485 15.2544 4.18482 -0.0679322 0.997676 0.00463881
-9.83907 15.1394 4.2124 -0.0882068 0.996102 0.000219091
-11.3372 14.9791 4.26609 -0.113828 0.993476 0.00669589
-12.7673 14.7809 4.19923 -0.161051 0.986875 0.010154
-14.164 14.537 4.16191 -0.192192 0.981346 0.00149077
-15.5387 14.2449 4.17486 -0.215493 0.9765 -0.00152573
-16.7622 13.9533 4.15359 -0.251335 0.967845 -0.00238859
-17.9819 13.6109 4.1952 -0.287187 0.957868 0.00331334
-19.3321 13.1825 4.23279 -0.313434 0.949586 -0.0067952
-20.5365 12.7742 4.27691 -0.336162 0.941774 -0.00685495
-21.7736 12.33 4.27804 -0.341394 0.939882 -0.00758921
-22.991 11.8736 4.27224 -0.351658 0.936107 -0.0056154
-24.1732 11.415 4.24971 -0.365603 0.930764 -0.00308793
-25.5683 10.8615 4.22214 -0.37216 0.92816 -0.00411572
-26.9781 10.2916 4.20665 -0.377097 0.926169 -0.00287677
-28.1713 9.80342 4.18996 -0.380474 0.92479 -0.00177628
-29.4071 9.29336 4.20983 -0.382193 0.924081 -0.00152272
-29.9425 9.07105 3.28018 -0.382501 0.923954 -0.000535965
-29.9343 9.07481 2.00197 -0.381089 0.924538 2.58131e-05
-29.9865 9.05472 0.65179 -0.380945 0.924597 0.00108505
-29.9236 9.0839 -1.01316 -0.380908 0.92461 0.00206062
-30.0004 9.0556 -2.46799 -0.379552 0.925167 0.00255222
-29.8928 9.10358 -3.81975 -0.378414 0.925632 0.00263118
-28.6431 9.61272 -4.22651 -0.375595 0.926782 0.00187744
-27.4123 10.1091 -4.25126 -0.373002 0.92783 0.000843663
-26.1469 10.6139 -4.27617 -0.368859 0.929485 -0.000497731
-24.9168 11.0985 -4.29849 -0.363427 0.931623 0.000288254
-23.6072 11.6053 -4.28467 -0.356531 0.93428 -0.00234652
-22.2503 12.1184 -4.29127 -0.350166 0.936679 -0.00192782
-21.0759 12.5472 -4.28663 -0.332784 0.94299 -0.00498526
-19.6664 13.0315 -4.31834 -0.319589 0.947544 -0.00481722
-18.4382 13.4309 -4.29582 -0.301278 0.953512 -0.00145629
-17.085 13.8339 -4.2451 -0.270262 0.962749 -0.00634373
-15.8394 14.1557 -4.18641 -0.235921 0.971728 -0.00922789
-14.6075 14.4407 -4.20719 -0.21972 0.975549 -0.00522492
-13.3433 14.6992 -4.22471 -0.170381 0.985368 -0.00294947
-12.0099 14.9154 -4.21533 -0.138986 0.990287 0.00377823
-10.6317 15.0836 -4.23939 -0.0962702 0.99535 -0.00209159
-9.39978 15.1968 -4.22942 -0.0783264 0.996914 0.00459732
-7.8652 15.3062 -4.2577 -0.0647486 0.997897 0.0027774
-6.55338 15.3819 -4.27136 -0.0543433 0.998522 -0.000469003
-5.17629 15.4446 -4.28822 -0.0366069 0.999329 -0.00103103
-3.88358 15.489 -4.24809 -0.0303813 0.999535 0.00262327
-2.52173 15.5273 -4.23419 -0.0267109 0.999638 0.00312192
-1.16301 15.5626 -4.19414 -0.0259706 0.999651 0.00480155
0.361622 15.6028 -4.26352 -0.0266001 0.999634 0.00494484
1.00104 15.6202 -4.23668 -0.0288636 0.999576 0.00384085
1.09482 15.6288 -5.48625 -0.025463 0.999667 0.00419344
2.45538 15.6678 -5.45239 -0.0297301 0.999555 0.00243967
3.76888 15.715 -5.48187 -0.0392618 0.999226 -0.00219321
5.17411 15.7803 -5.47993 -0.0533571 0.998553 -0.006233
6.58681 15.8573 -5.47551 -0.0587993 0.998265 -0.00306974
8.02099 15.9425 -5.47909 -0.0601857 0.998186 -0.00113026
9.36228 16.0257 -5.47978 -0.063969 0.997951 0.00132034
10.623 16.1133 -5.49296 -0.0778157 0.996965 -0.00206796
11.8538 16.21 -5.48527 -0.0829251 0.996494 -0.0110672
13.1715 16.3203 -5.52191 -0.0875099 0.99599 -0.018577
14.5491 16.4571 -5.5082 -0.100292 0.994724 -0.0213736
15.8211 16.5779 -5.51271 -0.0804455 0.99658 -0.0159648
17.0649 16.6594 -5.52797 -0.0394819 0.999073 -0.0171552
18.5696 16.6825 -5.51951 0.00674889 0.999965 -0.00357376
19.9661 16.5826 -5.50894 0.158247 0.982359 0.0948647
21.281 16.2219 -5.54476 0.347177 0.936801 0.0431785
22.426 15.6878 -5.50269 0.463384 0.883056 0.0735623
23.5549 14.9847 -5.5056 0.650821 0.74872 0.0812871
24.3173 14.0874 -5.0223 0.858961 0.511867 -0.00690855
24.2657 14.0594 -3.54432 0.809603 0.560154 0.145186
24.2641 13.9304 -2.30937 0.813736 0.580711 0.0207804
24.2127 13.9767 -0.974075 0.809652 0.586904 0.00198623
24.142 14.0379 0.313372 0.833517 0.550901 0.041039
24.1111 14.0413 1.74712 0.857178 0.513902 0.0282428
23.9883 13.9959 3.00002 0.843577 0.528299 0.0738271
23.9654 13.9851 4.2523 0.844943 0.534419 -0.000327154
23.797 14.2725 5.38066 0.822534 0.563552 0.00992562
22.9015 15.2582 5.51849 0.664482 0.746611 -0.0320483
21.8381 15.9974 5.55258 0.441462 0.88985 -0.0665921
20.4389 16.4802 5.467 0.218552 0.975816 -0.00427393
19.1328 16.7035 5.41865 0.121844 0.992446 -0.0126424
17.7661 16.7742 5.51174 0.00369648 0.999851 -0.016664
16.3327 16.7347 5.4898 -0.0683254 0.997497 -0.0141513
15.0986 16.6341 5.43835 -0.0858046 0.996296 -0.00558737
13.7018 16.5062 5.43349 -0.0934591 0.995574 -0.00982312
12.3159 16.3628 5.43717 -0.105216 0.99423 -0.0208755
10.8211 16.2005 5.4164 -0.110969 0.993628 -0.0196876
9.46446 16.0552 5.44144 -0.104081 0.994534 -0.00777852
7.73683 15.9069 5.42507 -0.0773531 0.996939 0.0113669
6.39762 15.8107 5.46348 -0.0662096 0.997649 0.0176953
5.11251 15.7395 5.40401 -0.0507324 0.998681 0.0078735
3.56807 15.6689 5.43634 -0.0403569 0.999152 0.00814967
2.07885 15.6113 5.44235 -0.033394 0.999426 0.00548719
0.84015 15.572 5.48383 -0.0282056 0.999595 0.00318629
-0.462071 15.5402 5.47106 -0.0215411 0.999742 0.0071409
-1.89485 15.5099 5.36069 -0.0219421 0.999749 0.00451904
-3.1848 15.48 5.43263 -0.0269844 0.999633 0.00218145
-4.46044 15.4436 5.44518 -0.0320192 0.999483 0.00108894
-5.82906 15.3919 5.45224 -0.0439056 0.999034 -0.000576248
-7.37605 15.3134 5.47554 -0.0566967 0.998391 -0.000564011
-8.9814 15.2133 5.42364 -0.0701991 0.997514 -0.00515871
-10.3278 15.0972 5.48246 -0.105966 0.994367 -0.00220943
-11.7598 14.9259 5.48209 -0.135749 0.990731 -0.00500445
-13.0851 14.734 5.40164 -0.155836 0.987734 -0.00382426
-14.5472 14.4661 5.39979 -0.204015 0.978791 -0.0183871
-15.9676 14.1502 5.41219 -0.229766 0.973087 -0.017526
-17.4493 13.7722 5.43127 -0.273531 0.961801 -0.00839181
-18.6803 13.4005 5.45377 -0.299805 0.953973 -0.00706354
-20.0676 12.9466 5.48733 -0.322682 0.946478 -0.00654397
-21.314 12.5091 5.50198 -0.340998 0.939983 -0.0100299
-22.6431 12.0123 5.46776 -0.354255 0.935123 -0.00698526
-23.9743 11.498 5.44515 -0.36332 0.931654 -0.00441386
-25.2549 10.9924 5.45699 -0.37232 0.928098 -0.00340495
-26.4447 10.5124 5.45945 -0.376222 0.926527 -0.00219085
-27.8044 9.95648 5.43021 -0.379766 0.925081 -0.00197558
-29.0184 9.4563 5.43853 -0.381442 0.924392 -0.00146277
-30.2001 8.96627 5.44099 -0.384168 0.923262 -0.00137587
-31.0495 8.61099 4.8541 -0.385495 0.922709 -0.00074288
-31.0893 8.59443 3.51679 -0.384922 0.922949 0.000763469
-31.0459 8.61373 2.06794 -0.384054 0.923309 0.0015787
-31.1033 8.59285 0.783821 -0.382864 0.923802 0.00217477
-31.067 8.61137 -0.732702 -0.382495 0.923954 0.00249852
-31.0915 8.60594 -2.19207 -0.380643 0.924715 0.00359448
-31.0785 8.61619 -3.45857 -0.38021 0.924894 0.00332737
-31.055 8.6315 -4.87608 -0.379208 0.925304 0.00376202
-30.2263 8.97274 -5.44746 -0.378279 0.925682 0.00412572
-28.918 9.50476 -5.48244 -0.37541 0.926855 0.0028232
-27.6204 10.0278 -5.48348 -0.372659 0.927965 0.00222858
-26.3635 10.5282 -5.49518 -0.368283 0.929713 -0.000154681
-25.1429 11.0099 -5.52073 -0.366594 0.930381 -0.00065431
-23.9648 11.4677 -5.52513 -0.357601 0.933874 0.000175898
-22.5541 12.002 -5.48925 -0.350502 0.936561 -0.0016267
-21.2998 12.4649 -5.51186 -0.339208 0.940702 -0.00103859
-19.8131 12.9807 -5.54758 -0.318685 0.94786 0.000394847
-18.5998 13.3769 -5.50917 -0.297014 0.954855 0.0054909
-17.3187 13.7669 -5.4982 -0.273978 0.961708 0.00681464
-16.0555 14.1095 -5.44088 -0.238037 0.971102 0.0144835
-14.8335 14.3929 -5.43495 -0.216122 0.976337 0.00731004
-13.4333 14.6795 -5.46215 -0.174076 0.984729 0.00170192
-12.0981 14.9017 -5.4713 -0.15396 0.98807 0.00119273
-10.7328 15.0741 -5.47774 -0.103315 0.994626 0.00614555
-9.41273 15.1974 -5.48696 -0.0836633 0.99649 0.00273526
-8.06228 15.2962 -5.46635 -0.0649455 0.997877 0.00427434
-6.67304 15.3784 -5.49312 -0.052045 0.998637 0.0037322
-5.40818 15.4347 -5.50038 -0.0386134 0.999254 3.24963e-05
-3.9463 15.487 -5.47498 -0.0320789 0.999485 0.000270927
-2.66599 15.5274 -5.47301 -0.031124 0.99951 0.00335034
-1.33336 15.565 -5.42133 -0.0268382 0.999617 0.00677209
0.0937167 15.6029 -5.49032 -0.025272 0.999654 0.00732555
0.927249 15.6246 -5.48762 -0.0259256 0.999651 0.00505419
0.852315 15.6307 -6.70667 -0.0218898 0.999685 0.0122637
-0.389695 15.5996 -6.71975 -0.0268915 0.999608 0.0078286
-1.71494 15.5659 -6.66908 -0.0343372 0.999279 0.0130215
-2.95897 15.5194 -6.71495 -0.0372226 0.999294 -0.0011188
-4.27089 15.4734 -6.69838 -0.0239303 0.999654 -0.00905913
-5.53971 15.4306 -6.73343 -0.037511 0.999294 0.00196373
-6.79878 15.3796 -6.7352 -0.0497198 0.998701 0.0093561
-8.32362 15.2836 -6.6902 -0.0635822 0.997966 0.00428258
-9.63235 15.1903 -6.74061 -0.0774597 0.996865 0.0155086
-11.059 15.0551 -6.6871 -0.112991 0.993117 0.030515
-12.3702 14.8826 -6.72841 -0.148596 0.98824 0.0331722
-13.6903 14.6442 -6.71731 -0.187457 0.982198 0.012099
-15.04 14.3647 -6.69362 -0.217473 0.975916 0.016772
-16.4935 14.0211 -6.69954 -0.254824 0.966579 0.0238696
-17.8978 13.6112 -6.75763 -0.290773 0.956581 0.0196467
-19.2393 13.1795 -6.7601 -0.321312 0.946855 0.0149559
-20.5184 12.7431 -6.72528 -0.327721 0.944772 0.00171102
-21.9138 12.2419 -6.70916 -0.344191 0.938898 0.00145482
-23.1092 11.7956 -6.69279 -0.353269 0.935513 0.0040253
-24.465 11.2763 -6.76754 -0.362799 0.931856 0.00433798
-25.6285 10.8193 -6.72704 -0.367398 0.930059 0.0030546
-27.1704 10.2095 -6.70346 -0.365907 0.930649 -0.000475503
-28.4745 9.68892 -6.72085 -0.374371 0.927271 0.00399869
-29.6267 9.22323 -6.72084 -0.376526 0.926393 0.00494821
-30.8363 8.73008 -6.71465 -0.379185 0.925306 0.00521781
-31.9951 8.25425 -6.67098 -0.380277 0.924858 0.00514216
-32.2155 8.15844 -5.46941 -0.379112 0.925345 0.00328359
-32.2133 8.1531 -4.18762 -0.379788 0.925055 0.00577466
-32.2353 8.13783 -2.9 -0.381252 0.924461 0.00439622
-32.2236 8.13649 -1.53883 -0.381074 0.924535 0.00414649
-32.2155 8.1339 -0.186034 -0.384107 0.923286 0.00177091
-32.2207 8.12735 1.33721 -0.38396 0.923337 0.00485926
-32.1781 8.14063 2.66469 -0.386788 0.922167 0.00195732
-32.2092 8.12639 3.9089 -0.385896 0.922542 0.000241152
-32.2141 8.12355 5.17561 -0.387029 0.922067 0.00100962
-32.0384 8.1983 6.44668 -0.387972 0.921669 -0.00209729
-30.9874 8.63984 6.72288 -0.384694 0.92304 -0.00244324
-29.6879 9.18244 6.67521 -0.383478 0.923541 -0.00371951
-28.396 9.716 6.68128 -0.381048 0.924553 -0.00205032
-27.0047 10.2871 6.65419 -0.378799 0.925477 -0.00181694
-25.8552 10.7574 6.70274 -0.37743 0.926024 -0.00435593
-24.4862 11.3048 6.70114 -0.365824 0.930666 -0.00580649
-23.1857 11.8132 6.69286 -0.36206 0.932091 -0.0108583
-22.022 12.2603 6.68116 -0.350475 0.936443 -0.0154086
-20.6838 12.7527 6.74765 -0.335714 0.941809 -0.0165234
-19.337 13.2099 6.69395 -0.306619 0.951602 -0.0207623
-18.1194 13.5903 6.702 -0.292474 0.956191 -0.0125717
-16.9271 13.9334 6.68783 -0.252119 0.96749 -0.0176271
-15.5161 14.277 6.68851 -0.218422 0.97565 -0.0181121
-14.1249 14.5672 6.67735 -0.183134 0.982585 -0.0314492
-12.895 14.7809 6.67004 -0.160996 0.986438 -0.0319372
-11.6414 14.9616 6.71631 -0.121918 0.992299 -0.0211037
-10.115 15.1359 6.71176 -0.0927877 0.995344 -0.0218669
-8.81033 15.2341 6.70004 -0.0695373 0.997541 -0.00870717
-7.55165 15.3109 6.68719 -0.0535341 0.998542 -0.00677738
-6.07737 15.3816 6.67488 -0.0452159 0.998974 -0.00251497
-4.5807 15.4428 6.64432 -0.037923 0.999273 -0.00390297
-3.16934 15.4808 6.66774 -0.0177801 0.999828 -0.00496144
-1.82113 15.5065 6.59593 -0.0202305 0.99979 0.00293088
-0.203402 15.5376 6.73286 -0.0189148 0.999805 0.00543045
1.1191 15.5712 6.70879 -0.0324214 0.999381 0.0112593
2.47414 15.6171 6.67278 -0.033612 0.999419 0.00547213
3.95764 15.6777 6.65896 -0.0512247 0.99867 0.00361961
5.4659 15.7426 6.65431 -0.0314061 0.999378 0.0145871
6.84882 15.821 6.70223 -0.0756552 0.995687 0.0467657
8.13231 15.9263 6.6536 -0.0878482 0.996045 0.0132366
9.44536 16.0541 6.69758 -0.102601 0.994718 0.00169711
10.6899 16.2131 6.67256 -0.123089 0.992235 -0.0178425
12.024 16.3961 6.69773 -0.126122 0.989422 -0.0716756
13.3695 16.486 6.65801 -0.030039 0.999467 -0.0115236
14.6889 16.5952 6.69833 -0.0947771 0.994468 0.045154
15.9679 16.7268 6.69658 -0.0985363 0.994254 -0.041826
17.2812 16.8134 6.74176 -0.032401 0.997693 -0.0553958
18.846 16.7693 6.65355 0.06877 0.996578 -0.0458517
20.2538 16.6129 6.69757 0.219701 0.965403 -0.137112
21.6829 16.1695 6.74707 0.470641 0.867905 -0.155462
22.8232 15.483 6.72733 0.633015 0.761688 -0.128384
23.7383 14.5006 6.70444 0.813591 0.572511 -0.0977361
24.3325 13.4032 6.64866 0.908027 0.411235 -0.0571852
24.4951 12.92 5.48457 0.912567 0.408184 -0.0200056
24.5137 12.8927 4.0164 0.921529 0.387979 0.0159681
24.5798 12.9383 2.71677 0.93191 0.345802 0.109116
24.7333 12.9526 1.40073 0.892919 0.44227 0.0841601
24.807 12.964 0.151327 0.860325 0.505821 0.0588271
24.9097 12.9536 -1.14143 0.843695 0.535001 0.0441009
24.9331 12.9182 -2.50756 0.836484 0.54797 -0.00265572
24.892 12.999 -4.08374 0.881113 0.472088 0.0267863
24.9468 13.0018 -5.55084 0.902835 0.425629 0.0610598
24.8751 13.401 -6.70708 0.894995 0.41961 0.145104
24.2356 14.4689 -6.79372 0.753478 0.595069 0.277697
23.2583 15.4056 -6.73887 0.489526 0.854792 0.17145
22.1353 16.0013 -6.73653 0.371393 0.919419 0.127204
20.8937 16.4347 -6.76281 0.3048 0.94916 0.0783994
19.6038 16.6575 -6.73335 0.0670164 0.997539 0.0202255
18.0745 16.6868 -6.73407 -0.0300041 0.9993 0.0135913
16.8224 16.6388 -6.73193 -0.0509805 0.998697 -0.00235671
15.3766 16.5361 -6.74442 -0.0877852 0.996047 0.0135808
14.0791 16.3717 -6.73708 -0.105204 0.992492 -0.0574105
12.7558 16.2614 -6.76822 -0.0682599 0.997411 -0.0225811
11.3119 16.1619 -6.70858 -0.0614095 0.998018 0.00271719
10.0114 16.0657 -6.70097 -0.0738406 0.997258 -0.00106787
8.76881 15.9899 -6.70717 -0.0640888 0.997799 0.0170235
7.51125 15.9087 -6.70273 -0.0594351 0.998218 -0.00516291
6.07684 15.8202 -6.70475 -0.0751214 0.997074 0.0050747
4.81528 15.7504 -6.71045 -0.0369269 0.99924 -0.0112518
3.53059 15.6967 -6.69976 -0.0397731 0.99911 -0.0140012
2.20165 15.6603 -6.67706 -0.0262728 0.999653 -7.95336e-05
1.05887 15.635 -6.70648 -0.0211357 0.999723 0.0100149
