22.9789 16.4262 2.71031 0.47785 0.878435 0.00324355
22.9921 16.4508 1.56131 0.464407 0.885486 0.00956067
23.0335 16.4818 0.552048 0.433063 0.898589 0.0701652
23.068 16.4749 -0.738932 0.484707 0.874525 -0.0162774
23.0786 16.5168 -1.7082 0.458867 0.886993 0.0514298
23.0653 16.598 -2.72439 0.489264 0.87176 -0.00500132
22.2079 16.9617 -2.93025 0.307041 0.951469 0.00159965
22.2235 16.9221 -1.9312 0.32917 0.944071 0.0152564
22.2196 16.8929 -0.873884 0.36032 0.931509 0.0484613
22.1784 16.8638 0.141238 0.367982 0.929279 0.0304756
22.1461 16.8469 1.14115 0.327825 0.944617 -0.0149017
22.128 16.8569 2.41687 0.300281 0.953755 0.012259
22.1316 16.8457 2.89685 0.310048 0.947262 0.0716845
21.2015 17.0951 2.95015 0.220969 0.974074 0.0461721
21.1998 17.1191 1.81671 0.203689 0.979035 -0.000477878
21.2783 17.1276 0.663732 0.221767 0.97437 0.0354855
21.3019 17.1812 -0.512024 0.23176 0.972658 0.0142199
21.3272 17.1981 -1.658 0.22032 0.975263 0.0175038
21.283 17.2093 -2.6495 0.22856 0.973367 -0.0175626
21.2828 17.2082 -2.71081 0.220179 0.974844 -0.0320852
20.3304 17.3508 -2.93469 0.0501681 0.998723 0.00193218
20.3743 17.3392 -1.65392 0.105593 0.994347 0.00950286
20.3725 17.3334 -0.668127 0.1198 0.992578 0.00554078
20.3338 17.2923 0.512019 0.134255 0.990243 0.0282718
20.2937 17.2967 1.58391 0.183832 0.98293 0.00678915
20.272 17.2861 2.83655 0.165877 0.985737 0.0268463
20.2698 17.2837 2.91399 0.173536 0.98441 0.0274666
19.3236 17.3843 2.88045 0.0841373 0.99637 0.0129342
19.3492 17.3902 1.80284 0.052699 0.998153 -0.0179379
19.3736 17.3949 0.79376 0.0524669 0.998597 0.00611157
19.4402 17.4038 -0.362276 0.031787 0.999477 0.000150789
19.424 17.4079 -1.43781 0.0506883 0.998531 0.00526285
19.4123 17.3794 -2.54902 0.0162225 0.99986 0.000320646
19.4089 17.38 -2.67757 0.0170672 0.999832 0.00623302
18.466 17.3876 -2.73387 -0.0308227 0.99943 -0.0137325
18.4911 17.4031 -1.7552 -0.0124241 0.999751 -0.015657
18.4979 17.4204 -0.714367 0.0098767 0.99983 -0.0152565
18.4597 17.4326 0.397381 0.0124801 0.999885 -0.00142314
18.3731 17.4212 1.45412 0.00682275 0.999938 0.0072629
18.3562 17.416 2.69788 0.00481525 0.999929 0.01087
18.3677 17.4127 2.97332 -0.00596848 0.999766 0.0171329
17.4251 17.3814 2.97249 -0.0387602 0.999243 0.00317335
17.4191 17.3833 1.9023 -0.055104 0.998445 0.00847198
17.491 17.3937 0.788941 -0.0600799 0.998182 0.0040451
17.5462 17.3926 -0.178359 -0.0500654 0.998649 -0.0123425
17.5511 17.383 -1.47868 -0.0282257 0.999565 -0.00851988
17.5065 17.3537 -2.73928 -0.0588659 0.998023 -0.02133
17.4997 17.3511 -2.87514 -0.0579286 0.998201 -0.0154228
16.5483 17.2815 -2.8767 -0.0918012 0.995719 -0.0107931
16.5907 17.3015 -1.85281 -0.0956357 0.995154 -0.0202396
16.6111 17.3136 -0.822088 -0.101052 0.994828 -0.00991782
16.5709 17.3195 0.166821 -0.0818006 0.996639 -0.00328843
16.4985 17.3151 1.2335 -0.0967618 0.995304 0.000680608
16.4687 17.3147 2.39319 -0.0992667 0.995053 -0.00386314
16.4589 17.3162 2.77084 -0.0897964 0.995884 -0.00158697
15.4992 17.2163 2.90397 -0.106582 0.994302 -0.00172065
15.5169 17.2155 1.86684 -0.117451 0.993064 0.00499969
15.5993 17.226 0.5386 -0.116229 0.993154 -0.00724724
15.6332 17.2173 -0.494981 -0.110285 0.993834 -0.00979408
15.6342 17.2062 -1.56051 -0.115689 0.993217 -0.0105687
15.6214 17.1919 -2.7502 -0.107185 0.994202 -0.00779957
15.6141 17.1902 -2.85643 -0.108232 0.99409 -0.00811152
14.6693 17.0784 -2.97523 -0.125378 0.99208 -0.00669485
14.7058 17.0888 -1.97839 -0.122622 0.992428 -0.00704289
14.6944 17.1003 -0.848451 -0.128531 0.99166 -0.0093576
14.666 17.1041 0.312168 -0.128292 0.991724 -0.00496423
14.5998 17.1006 1.35072 -0.129387 0.991581 -0.00503939
14.5838 17.1043 2.34484 -0.127246 0.991855 -0.00569653
14.5622 17.1068 2.93462 -0.122915 0.992385 -0.00698297
13.6149 16.9822 2.93547 -0.136098 0.990645 -0.010014
13.6257 16.9748 1.83919 -0.136953 0.990555 -0.00660293
13.7102 16.9782 0.624419 -0.136272 0.990659 -0.00503191
13.7337 16.9764 -0.479383 -0.133366 0.99105 -0.00566118
13.7485 16.9714 -1.47084 -0.126684 0.991895 -0.0097434
13.7289 16.9607 -2.53613 -0.129446 0.991564 -0.00671501
13.7203 16.9576 -2.82711 -0.129044 0.991608 -0.00783824
12.7739 16.8352 -2.90743 -0.124156 0.99225 -0.00465313
12.7943 16.8431 -1.69511 -0.129012 0.991627 -0.00556554
12.7977 16.8489 -0.54279 -0.130377 0.991453 -0.00481905
12.7754 16.8504 0.521575 -0.133008 0.991101 -0.00532601
12.7023 16.8474 1.84107 -0.135855 0.990708 -0.00637408
12.6621 16.8505 2.80955 -0.129464 0.991539 -0.00949474
12.6603 16.8507 2.86198 -0.131101 0.991315 -0.0101696
11.6893 16.7223 2.80311 -0.12338 0.992234 -0.0157764
11.7658 16.7213 1.51223 -0.128867 0.991651 -0.00467774
11.827 16.728 0.451758 -0.122627 0.992446 -0.0037849
11.8489 16.7285 -0.710433 -0.116702 0.993161 -0.00340352
11.8403 16.723 -1.6907 -0.123803 0.992295 -0.00487653
11.8345 16.7177 -2.68748 -0.120157 0.992753 -0.00188228
11.8349 16.7177 -2.74882 -0.120469 0.992717 -0.000881002
10.8819 16.6075 -2.81004 -0.104299 0.994525 0.000390055
10.8999 16.6159 -1.5647 -0.106193 0.994321 -0.00661291
10.9078 16.6202 -0.542372 -0.11356 0.993526 0.00178012
10.8994 16.6181 0.432416 -0.114454 0.993428 0.000451249
10.7992 16.6071 1.70278 -0.0930196 0.995659 -0.00293303
10.7408 16.6097 2.80429 -0.110202 0.993859 -0.00987395
9.80038 16.5146 2.88427 -0.0845395 0.996414 -0.000348152
9.85303 16.5205 1.85478 -0.0879773 0.996122 0.000840466
9.92823 16.5274 0.866942 -0.0889516 0.996034 -0.00216648
9.92969 16.5262 -0.306017 -0.0917885 0.995778 0.000835107
9.94811 16.5225 -1.30314 -0.0907807 0.995786 -0.0124047
9.9356 16.5153 -2.4064 -0.0849488 0.996385 -0.000290772
9.94395 16.5163 -2.86589 -0.0862446 0.996259 0.00501912
8.99844 16.4419 -2.79427 -0.0722496 0.997382 0.00204081
8.99652 16.4416 -1.70241 -0.0757564 0.997123 -0.00272286
8.99692 16.4462 -0.700559 -0.0763923 0.997066 -0.0048187
8.98886 16.4455 0.361604 -0.0846162 0.996413 -0.00081496
8.94907 16.4422 1.46727 -0.0778273 0.996964 -0.00218728
8.87437 16.4371 2.48799 -0.0820814 0.996624 -0.000613858
8.8661 16.4363 2.66301 -0.0829663 0.996551 0.00110941
7.92171 16.3627 2.85471 -0.0707105 0.997485 0.00434527
7.95663 16.3691 1.83604 -0.0668275 0.997764 0.0008664
8.03894 16.3787 0.670157 -0.0636585 0.997964 0.00328928
8.05127 16.3788 -0.524373 -0.0642635 0.997929 -0.00290555
8.04171 16.3747 -1.59346 -0.0616919 0.998094 -0.00145045
8.02323 16.3749 -2.58689 -0.0618361 0.998075 0.00405299
8.03367 16.3772 -2.90927 -0.063817 0.99795 0.00484542
7.087 16.3196 -2.92855 -0.0604164 0.998171 0.00219683
7.07792 16.3177 -1.91768 -0.0570468 0.998371 0.00133048
7.06597 16.3179 -0.668695 -0.0578863 0.998322 -0.000510313
7.05449 16.3165 0.495339 -0.0564152 0.998404 0.00243924
7.00107 16.3095 1.71243 -0.0612881 0.998112 0.00403331
6.97091 16.3003 2.93383 -0.0611148 0.998109 0.00656761
6.02767 16.2437 2.94409 -0.0584635 0.998251 0.00857675
6.0433 16.2524 1.96252 -0.0567531 0.998364 0.0069822
6.07659 16.2599 0.954288 -0.0542794 0.998521 0.0030941
6.07616 16.2623 -0.0582637 -0.0537916 0.998551 0.00153942
6.1464 16.2662 -1.24524 -0.0550127 0.998485 -0.000807653
6.15352 16.2659 -2.22181 -0.05501 0.998486 0.000151109
6.14909 16.2658 -2.75931 -0.0549447 0.998489 0.00038785
5.21023 16.2146 -2.88487 -0.0540011 0.998541 -0.000265061
5.2109 16.2157 -1.85062 -0.0523366 0.998629 -0.00061535
5.17108 16.214 -0.861354 -0.0515878 0.998668 0.000103151
5.14422 16.2111 0.24269 -0.0488124 0.998806 0.00221491
5.09832 16.2052 1.37316 -0.0512814 0.998664 0.00636754
5.06287 16.195 2.40049 -0.0524963 0.998571 0.00982828
5.05661 16.1913 2.77597 -0.0542697 0.998485 0.00904834
4.12652 16.1459 2.80103 -0.0473353 0.998824 0.0102607
4.14446 16.1564 1.50421 -0.0492652 0.998771 0.00529989
4.15231 16.1618 0.442632 -0.0470855 0.998881 0.00426005
4.20836 16.1665 -0.599527 -0.0492632 0.998786 0.000766983
4.25638 16.1685 -1.7409 -0.0477048 0.998861 -0.000285996
4.2743 16.1681 -2.65728 -0.0465519 0.998911 -0.00291181
3.29672 16.1247 -2.7739 -0.0418166 0.999125 -0.000422916
3.30406 16.1251 -1.61515 -0.0430251 0.999073 0.00031052
3.23356 16.1212 -0.354764 -0.041603 0.999131 0.00131064
3.16898 16.1147 0.937958 -0.0446301 0.998995 0.00417066
3.20085 16.1107 1.9765 -0.0444322 0.998987 0.00718692
3.17318 16.1023 2.85421 -0.0418812 0.999094 0.0075744
2.22052 16.0633 2.95132 -0.0365774 0.99929 0.00893406
2.24652 16.0752 1.71349 -0.0354415 0.999347 0.00700188
2.2559 16.0814 0.440153 -0.0370836 0.999301 0.00470434
2.29854 16.0847 -0.668733 -0.0363503 0.999338 -0.00109362
2.34771 16.088 -1.65074 -0.0349544 0.999389 0.000825371
2.36839 16.0898 -2.64833 -0.0334458 0.99944 0.000862598
1.40855 16.0585 -2.8596 -0.0320447 0.999485 0.00124753
1.4113 16.0575 -1.77868 -0.03009 0.999546 0.00143934
1.36475 16.0537 -0.753402 -0.0310941 0.999513 0.00265508
1.28817 16.0493 0.445085 -0.0293057 0.999566 0.00221483
1.3081 16.0449 1.45184 -0.0305191 0.999524 0.00414085
1.25781 16.0362 2.6331 -0.0294739 0.999538 0.00728666
0.321009 16.0133 2.46409 -0.0251902 0.999665 0.00597565
0.370302 16.02 1.42157 -0.0253227 0.999668 0.00475483
0.335362 16.0236 0.173247 -0.0249362 0.999687 0.00210933
0.43992 16.0283 -0.853578 -0.0250054 0.999686 0.00187198
0.465064 16.0307 -1.87502 -0.0248336 0.999691 0.000485951
0.418345 16.0303 -2.83429 -0.0268471 0.999638 0.00138268
-0.562541 16.0065 -2.93779 -0.0217921 0.999762 0.00085093
-0.501623 16.0072 -1.74057 -0.023049 0.999733 0.00126619
-0.539076 16.0041 -0.51152 -0.0228183 0.999737 0.00218752
-0.61676 15.9999 0.504506 -0.0226742 0.99974 0.00251839
-0.545651 15.9978 1.53833 -0.0219567 0.999749 0.00443487
-0.677104 15.9877 2.86723 -0.0212759 0.999757 0.00562564
-1.67095 15.9674 2.80206 -0.0210422 0.999767 0.00479392
-1.49086 15.9768 1.57677 -0.0219284 0.999752 0.00399294
-1.57178 15.9792 0.369661 -0.0215527 0.999765 0.00219549
-1.42423 15.9845 -0.701472 -0.0216917 0.999763 0.00183058
-1.51586 15.984 -1.70191 -0.0212741 0.999772 0.00182608
-1.49796 15.9859 -2.71212 -0.0202974 0.999793 0.00137877
-2.5972 15.964 -2.92533 -0.0206717 0.999785 0.00187469
-2.57562 15.9624 -1.79903 -0.0213102 0.999771 0.00188613
-2.40605 15.9636 -0.648403 -0.0207062 0.999783 0.00223172
-2.4122 15.9605 0.509591 -0.022167 0.999747 0.00386381
-2.53085 15.9541 1.55888 -0.0220025 0.999751 0.00378211
-2.55546 15.9494 2.57889 -0.0225614 0.999735 0.00447207
-3.4587 15.9275 2.86309 -0.0237825 0.99971 0.00378003
-3.51834 15.9299 1.86124 -0.0242873 0.999696 0.00412073
-3.51235 15.9353 0.623441 -0.0248511 0.99968 0.00477474
-3.53593 15.9389 -0.500584 -0.0236961 0.999716 0.00248043
-3.57542 15.9398 -1.49578 -0.0246439 0.999694 0.00207478
-3.55143 15.9417 -2.69554 -0.0250127 0.999687 0.000208512
-3.52894 15.9423 -2.81846 -0.0249351 0.999689 0.000746482
-4.43007 15.9189 -2.81276 -0.0272151 0.999628 0.00187761
-4.42191 15.9189 -1.53818 -0.0264164 0.999649 0.000687148
-4.62202 15.9109 -0.458798 -0.0278225 0.999603 0.00436151
-4.6229 15.9067 0.560762 -0.0292695 0.999559 0.00492579
-4.58194 15.903 1.67006 -0.0290707 0.99957 0.00391502
-4.38583 15.9035 2.95659 -0.0270945 0.999627 0.00334086
-5.43749 15.874 2.81263 -0.0325171 0.999466 0.00303632
-5.53238 15.8738 1.72166 -0.031609 0.999492 0.00402244
-5.65275 15.8741 0.418033 -0.0386452 0.999248 0.00315648
-5.57081 15.8818 -0.582051 -0.0342233 0.999413 0.00148797
-5.37882 15.8897 -1.66417 -0.0341454 0.999415 0.00210855
-5.35926 15.8911 -2.82609 -0.0345533 0.999403 0.000242989
-5.35893 15.8911 -2.86927 -0.0337075 0.99943 0.000755909
-6.29762 15.8572 -2.6926 -0.0365145 0.999331 -0.0022357
-6.3403 15.8552 -1.55363 -0.0375499 0.999291 0.0026603
-6.55784 15.8402 -0.325902 -0.0420204 0.999106 0.00463694
-6.57891 15.8362 0.792326 -0.0457819 0.99895 0.00150965
-6.47939 15.8382 1.90242 -0.0431664 0.999064 0.002944
-6.43086 15.8376 2.65512 -0.0418863 0.99911 0.00483442
-7.38539 15.7928 2.91125 -0.0518079 0.998628 0.00631808
-7.46571 15.7926 1.62487 -0.0487793 0.998809 0.000560287
-7.52693 15.7893 0.607062 -0.0505522 0.998721 0.000346813
-7.45487 15.7982 -0.551132 -0.0516678 0.998637 0.00737887
-7.30226 15.8115 -1.53715 -0.0495137 0.998765 0.00401966
-7.24675 15.8151 -2.66187 -0.0526844 0.998593 -0.0037036
-7.25799 15.8127 -2.9883 -0.0483621 0.998813 -0.00587431
-8.22325 15.7563 -2.88622 -0.064462 0.997908 -0.00497885
-8.23724 15.7577 -1.67928 -0.0663977 0.997793 0.00046518
-8.38794 15.744 -0.548553 -0.0579205 0.998304 0.00551218
-8.45854 15.7367 0.739506 -0.0570861 0.998368 0.00120033
-8.38892 15.7396 1.79914 -0.0629897 0.998008 0.00318205
-8.34855 15.7377 2.82412 -0.0635889 0.997957 0.00593694
-9.30558 15.6706 2.89037 -0.0754341 0.99711 0.00895316
-9.33673 15.6778 1.7655 -0.0731282 0.997282 0.0088735
-9.41054 15.6747 0.585457 -0.0714141 0.99744 0.00170661
-9.33268 15.6827 -0.539941 -0.0718409 0.997399 0.00578078
-9.20275 15.6937 -1.60129 -0.0722409 0.997381 -0.00341874
-9.16173 15.6943 -2.60922 -0.067611 0.997707 -0.00294234
-10.1121 15.6244 -2.98192 -0.092329 0.995725 0.002213
-10.1495 15.6178 -1.77717 -0.0951054 0.995464 0.00246236
-10.3116 15.597 -0.553359 -0.0947222 0.995492 0.00073185
-10.35 15.5974 0.51027 -0.0984086 0.995124 -0.00652304
-10.3154 15.6034 1.52926 -0.0935117 0.995591 0.00630216
-10.2461 15.5938 2.77212 -0.0933496 0.9955 0.0160254
-10.2454 15.5936 2.79481 -0.0911328 0.995814 0.00585845
-11.1992 15.4995 2.71103 -0.104327 0.994457 0.0129629
-11.2887 15.5008 1.56478 -0.115626 0.993281 0.0042495
-11.2884 15.4977 0.442028 -0.111704 0.993726 -0.00532927
-11.2265 15.5033 -0.66767 -0.114906 0.993376 0.00107266
-11.1169 15.5221 -1.78781 -0.107438 0.994196 0.00466379
-11.0549 15.5325 -2.87884 -0.106949 0.994255 0.00253701
-12.0065 15.4119 -2.63799 -0.144345 0.989511 -0.00341704
-12.1123 15.3961 -1.40987 -0.141551 0.989925 0.00266797
-12.1963 15.3843 -0.236972 -0.154756 0.987935 -0.00582322
-12.2285 15.3819 0.833444 -0.127894 0.99175 -0.00723543
-12.2158 15.3791 1.81831 -0.137789 0.990409 0.00999047
-12.152 15.3774 2.79928 -0.132125 0.991164 0.0116497
-13.1079 15.2319 2.77019 -0.167177 0.985891 0.00838504
-13.1588 15.2246 1.71751 -0.1709 0.985282 -0.00311012
-13.1504 15.2249 0.697972 -0.174028 0.984735 0.00323143
-13.1255 15.2345 -0.515642 -0.172621 0.984931 0.00272985
-13.049 15.2494 -1.55016 -0.168295 0.985732 0.00242694
-12.9424 15.2671 -2.612 -0.162165 0.986748 -0.0051559
-12.9418 15.2671 -2.62073 -0.161757 0.986828 -0.00213645
-13.9001 15.1012 -2.72492 -0.176697 0.984264 0.000744721
-13.9709 15.0801 -1.60249 -0.189776 0.981723 0.0118338
-14.0449 15.0593 -0.466811 -0.189067 0.981957 0.00258184
-14.0853 15.0519 0.53442 -0.190366 0.981712 -0.00104383
-14.0893 15.0554 1.7519 -0.183109 0.983075 -0.00572549
-14.075 15.0597 2.69717 -0.17902 0.983842 0.00243688
-15.03 14.8572 2.79318 -0.222949 0.974737 0.00854494
-15.0448 14.8566 1.5618 -0.219057 0.975706 0.00302124
-14.996 14.8661 0.533466 -0.208044 0.978082 -0.00816975
-14.9699 14.8705 -0.451078 -0.20808 0.97811 0.0018501
-14.9099 14.8888 -1.60208 -0.209559 0.97778 0.00555852
-14.8581 14.9165 -2.72395 -0.205335 0.978482 0.0182483
-14.8576 14.9164 -2.82756 -0.212046 0.97716 -0.00912526
-15.7993 14.6927 -2.86272 -0.240486 0.970629 0.00657868
-15.8241 14.6849 -1.86743 -0.232701 0.972536 0.00397606
-15.8706 14.6715 -0.569764 -0.224972 0.974345 0.00477679
-15.9502 14.6454 0.568257 -0.2436 0.969862 0.00505289
-15.9753 14.638 1.7491 -0.240629 0.970614 -0.000476181
-15.9526 14.6434 2.73605 -0.227155 0.973839 -0.00108315
-16.8777 14.4166 2.85546 -0.249474 0.968377 -0.0028692
-16.8528 14.4207 1.82353 -0.249154 0.968451 -0.00392989
-16.8844 14.4069 0.585161 -0.254029 0.967173 -0.0025727
-16.7932 14.4302 -0.702535 -0.262 0.965067 -0.000528125
-16.7608 14.4412 -1.89813 -0.263069 0.964777 0.000983002
-16.7208 14.4534 -2.90592 -0.265492 0.964109 -0.00243252
-17.6245 14.2028 -2.77541 -0.271191 0.962523 -0.0020844
-17.6557 14.1934 -1.75187 -0.271177 0.962528 -0.00170325
-17.7079 14.179 -0.74983 -0.281449 0.959573 -0.00233715
-17.7775 14.1632 0.295719 -0.282857 0.959147 -0.00536895
-17.7751 14.1652 1.32644 -0.275784 0.961192 0.00310291
-17.7673 14.1711 2.38609 -0.281591 0.959523 -0.00471039
-17.7769 14.1706 2.73328 -0.283507 0.958947 -0.00661749
-18.6872 13.8979 2.87409 -0.296793 0.954917 -0.00419642
-18.6791 13.8973 1.81313 -0.29529 0.955395 -0.00434414
-18.6975 13.8869 0.764217 -0.297925 0.954582 -0.00308764
-18.6431 13.8987 -0.475344 -0.296369 0.955021 -0.00631162
-18.6041 13.9046 -1.52227 -0.300152 0.953888 -0.00108694
-18.5418 13.9252 -2.69967 -0.307247 0.951629 -0.000130344
-19.4405 13.6298 -2.9269 -0.319033 0.94774 -0.00241866
-19.4802 13.6204 -1.84298 -0.311743 0.950134 -0.00778814
-19.5345 13.6105 -0.742087 -0.306395 0.951889 -0.00545583
-19.58 13.5997 0.339456 -0.316378 0.948617 -0.00488157
-19.5844 13.6065 1.3448 -0.316992 0.948389 -0.00856594
-19.574 13.615 2.3677 -0.306998 0.951698 -0.0014979
-19.5598 13.621 2.94976 -0.311424 0.950235 -0.00829934
-20.4905 13.3043 2.80122 -0.331615 0.943345 -0.0114379
-20.4944 13.2978 1.79285 -0.337375 0.941355 -0.00538796
-20.4885 13.2928 0.653529 -0.333608 0.942696 -0.00472341
-20.4733 13.2951 -0.333941 -0.332697 0.943019 -0.00285165
-20.3943 13.315 -1.38517 -0.331554 0.943387 -0.00942649
-20.3629 13.3197 -2.54404 -0.322943 0.946379 -0.0078874
-20.3522 13.3214 -2.72846 -0.325799 0.945388 -0.00985069
-21.2722 12.9985 -2.62822 -0.33654 0.941647 -0.00646893
-21.3038 12.9923 -1.41708 -0.342822 0.939395 -0.00309656
-21.3605 12.9751 -0.311077 -0.341695 0.939803 -0.00365638
-21.3901 12.97 0.67375 -0.34292 0.939356 -0.00398486
-21.3923 12.9757 1.93038 -0.339357 0.940633 -0.00663774
-21.364 12.9917 2.82793 -0.33942 0.94062 -0.00522684
-22.2744 12.6578 2.91574 -0.350558 0.936527 -0.00470336
-22.2554 12.6577 1.80263 -0.351597 0.936131 -0.00580451
-22.2736 12.6446 0.715887 -0.349518 0.936924 -0.00294209
-22.2476 12.65 -0.427552 -0.345044 0.938571 -0.0049009
-22.1947 12.6645 -1.68433 -0.3507 0.93648 -0.00372891
-22.1337 12.6818 -2.83713 -0.344869 0.938642 -0.0037266
-22.1306 12.6828 -2.91777 -0.347006 0.937854 -0.0035422
-23.0331 12.3445 -2.88302 -0.356106 0.934432 -0.00498773
-23.0726 12.3341 -1.90062 -0.353751 0.935333 -0.0034954
-23.1352 12.3138 -0.848414 -0.354949 0.93488 -0.00315757
-23.1576 12.3113 0.261453 -0.354085 0.935197 -0.00551613
-23.1604 12.314 1.32076 -0.353911 0.935269 -0.00427526
-23.1696 12.3148 2.32772 -0.356743 0.93419 -0.00462514
-23.1572 12.3235 2.98226 -0.35714 0.934034 -0.00567027
-24.0235 11.9864 2.81974 -0.364576 0.931169 -0.00283601
-24.0431 11.9756 1.74274 -0.363436 0.931616 -0.000631584
-24.0523 11.9691 0.623834 -0.361864 0.932218 -0.00495284
-24.0355 11.9692 -0.58756 -0.362409 0.932008 -0.00411634
-23.9629 11.9935 -1.79845 -0.360986 0.932566 -0.00301807
-23.9399 11.9996 -2.664 -0.359359 0.933199 -0.00118576
-24.8275 11.6565 -2.90282 -0.36158 0.93234 -0.00101811
-24.8514 11.649 -1.78466 -0.363449 0.931613 -0.000922626
-24.9071 11.6282 -0.780208 -0.364818 0.931073 -0.00328057
-24.9168 11.6299 0.498493 -0.366231 0.930512 -0.00449551
-24.9308 11.6271 1.6954 -0.367306 0.930099 -0.00138823
-24.9144 11.6367 2.90636 -0.366398 0.930457 -0.00139418
-24.9134 11.6372 2.97306 -0.366951 0.930239 -0.00124005
-25.7983 11.2857 2.98449 -0.372246 0.928133 -0.00111187
-25.8046 11.2815 1.89842 -0.369412 0.929263 -0.00191718
-25.8163 11.2739 0.74678 -0.370898 0.928668 -0.00295298
-25.7987 11.2783 -0.287289 -0.368264 0.929717 -0.00270349
-25.7663 11.2889 -1.29156 -0.367773 0.929915 -0.000671266
-25.7101 11.3105 -2.47456 -0.367434 0.930049 -0.000304481
-25.705 11.3127 -2.97295 -0.36599 0.930618 -0.000836848
-26.6089 10.9541 -2.85478 -0.370399 0.928872 0.000776243
-26.6128 10.9526 -1.82411 -0.370984 0.928639 -0.000556977
-26.6904 10.9226 -0.643859 -0.370743 0.928735 -0.000596666
-26.6983 10.9205 0.547639 -0.372368 0.928084 -0.000546799
-26.6899 10.9262 1.84172 -0.375604 0.926779 -0.00134354
-26.6812 10.9305 2.69878 -0.375189 0.926948 -0.00087689
-27.5635 10.5732 2.8904 -0.376063 0.926593 -0.00120153
-27.5675 10.5702 1.75044 -0.375737 0.926726 -0.000920135
-27.5824 10.564 0.775615 -0.374271 0.927319 0.000290108
-27.567 10.571 -0.370953 -0.373907 0.927466 0.000125674
-27.5264 10.5869 -1.55084 -0.372587 0.927997 -0.000203511
-27.5014 10.5973 -2.70446 -0.372412 0.928067 5.61557e-05
-27.4978 10.5987 -2.87381 -0.37234 0.928096 0.00074784
-28.3771 10.2453 -2.92756 -0.373599 0.927589 0.00127224
-28.419 10.2269 -1.69976 -0.374556 0.927203 0.00132625
-28.4459 10.2154 -0.692191 -0.375275 0.926913 0.000729085
-28.475 10.203 0.464831 -0.377332 0.926078 0.00073847
-28.4366 10.2175 1.50066 -0.377172 0.926143 0.000654074
-28.4226 10.2232 2.55673 -0.377258 0.926108 -0.000397872
-28.427 10.2216 2.9002 -0.37748 0.926017 -0.000882151
-0.601805 16.0103 -4.21903 -0.0237216 0.9997 0.00589423
-2.06446 15.9784 -4.22401 -0.0203303 0.999786 0.00387706
-3.41507 15.9465 -4.24164 -0.0244336 0.999701 0.000873166
-5.01775 15.9027 -4.1985 -0.0311027 0.999516 0.000143219
-6.33539 15.8525 -4.20249 -0.0466407 0.998911 -0.000554818
-7.76171 15.7791 -4.25984 -0.057377 0.998345 0.0034006
-9.02064 15.7004 -4.23921 -0.0677387 0.997701 0.00196726
-10.2866 15.5986 -4.23534 -0.0888375 0.996044 -0.0022576
-11.5547 15.4688 -4.21101 -0.123472 0.992311 -0.00373603
-12.9268 15.2707 -4.17689 -0.162371 0.986728 -0.00169108
-14.4506 14.9959 -4.24663 -0.195525 0.980678 -0.00010401
-15.7067 14.7215 -4.22351 -0.22114 0.975211 0.00748663
-17.1553 14.3315 -4.15039 -0.267839 0.963446 0.0055388
-18.4388 13.9473 -4.26315 -0.294229 0.955705 -0.00757219
-19.7612 13.5157 -4.2773 -0.315059 0.949072 -0.000454513
-21.153 13.0324 -4.25428 -0.336503 0.941681 -0.0015677
-22.3486 12.5976 -4.22849 -0.345324 0.938479 -0.00263281
-23.5284 12.1542 -4.21355 -0.352903 0.93566 -0.00068622
-24.813 11.661 -4.17222 -0.363943 0.93142 -0.00139463
-26.0235 11.1857 -4.22685 -0.367289 0.930105 -0.0016177
-27.3953 10.6412 -4.3127 -0.371962 0.928248 0.000586437
-28.6041 10.1562 -4.24934 -0.372948 0.92785 0.0017144
-29.8964 9.63394 -4.22619 -0.376154 0.926553 0.00274126
-30.2884 9.47131 -3.0741 -0.377499 0.926006 0.00264333
-30.3777 9.43042 -1.66227 -0.378097 0.925761 0.00304205
-30.3522 9.4374 -0.151769 -0.379338 0.925257 0.00138904
-30.347 9.43704 1.28448 -0.380857 0.924632 0.0018279
-30.3034 9.45303 2.70506 -0.381508 0.924365 0.000681316
-30.2075 9.49236 3.99728 -0.381557 0.924345 -4.14405e-05
-29.0174 9.98236 4.22762 -0.379188 0.925319 -0.000834531
-27.8528 10.4578 4.19889 -0.377373 0.92606 -0.00136614
-26.6228 10.9563 4.19261 -0.374745 0.927126 -0.00207342
-25.3755 11.4563 4.24505 -0.370045 0.929012 -0.00186737
-24.0306 11.9885 4.22127 -0.366383 0.930459 -0.00312166
-22.6619 12.5181 4.24319 -0.355104 0.934815 -0.00477752
-21.455 12.9671 4.26875 -0.340462 0.94023 -0.007075
-20.2185 13.4059 4.28088 -0.31664 0.94853 -0.0025488
-18.9626 13.8141 4.15871 -0.301728 0.953316 -0.0121581
-17.5388 14.2478 4.13843 -0.270587 0.962552 -0.0055601
-16.2859 14.571 4.17024 -0.241238 0.970465 -0.0015748
-14.9998 14.8674 4.1781 -0.217062 0.976144 -0.0047056
-13.7452 15.1215 4.18792 -0.168454 0.985705 0.00188131
-12.3548 15.3394 4.17249 -0.142127 0.989828 0.00273772
-10.997 15.5138 4.13311 -0.103874 0.994587 -0.000176664
-9.68513 15.6357 4.16445 -0.0814941 0.996636 0.00503256
-8.3984 15.7246 4.1505 -0.0620931 0.998055 0.005574
-7.15532 15.7958 4.20002 -0.049525 0.998739 0.00695837
-5.64474 15.8595 4.16019 -0.0369292 0.999302 0.00561062
-4.34855 15.8997 4.21227 -0.0276598 0.999616 0.00172837
-2.79721 15.9374 4.19075 -0.0217318 0.999758 0.00326503
-1.4262 15.9653 4.14903 -0.0194331 0.999799 0.00500862
-0.161728 15.9901 4.15223 -0.0207422 0.999756 0.00760203
1.14902 16.0195 4.17851 -0.0240998 0.99966 0.00996652
2.5179 16.063 4.19152 -0.0390765 0.999189 0.00967278
3.98028 16.1241 4.14034 -0.0431728 0.998949 0.0153656
5.27183 16.1867 4.17011 -0.05458 0.998377 0.0161909
6.50974 16.2598 4.23806 -0.0669756 0.997703 0.0101354
7.84882 16.3527 4.23502 -0.0750874 0.997164 0.00441953
9.16663 16.4636 4.19701 -0.0870545 0.996201 -0.00202288
10.6547 16.6181 4.18094 -0.114429 0.993383 -0.00984267
12.0745 16.7906 4.15428 -0.127153 0.99181 -0.0118734
13.538 16.9868 4.18683 -0.132913 0.991043 -0.0127353
14.921 17.1596 4.17336 -0.119479 0.992781 -0.0104503
16.2988 17.2963 4.16529 -0.0925923 0.995689 -0.00185933
17.682 17.3855 4.24546 -0.0433453 0.998977 0.0108422
18.9542 17.3801 4.25639 0.0521055 0.99823 0.0286515
20.4633 17.2114 4.21699 0.15532 0.987801 0.0109122
21.6743 16.9243 4.25818 0.295033 0.955182 0.0197356
23.0403 16.301 4.17706 0.543918 0.83826 0.028896
24.1283 15.4609 4.07943 0.679007 0.731524 0.053515
24.3931 15.2313 2.81788 0.736115 0.676315 0.0270818
24.4622 15.2667 1.56391 0.749086 0.658701 0.0331602
24.5194 15.2747 0.264748 0.75155 0.655451 0.0427429
24.562 15.2532 -1.03975 0.779309 0.625363 0.0391935
24.6472 15.2289 -2.27957 0.781267 0.623469 0.0300457
24.6809 15.2811 -3.66266 0.694127 0.710913 0.111763
24.0152 15.964 -4.26838 0.656565 0.7522 0.0537131
22.8803 16.6673 -4.23449 0.437018 0.899401 0.00940884
21.6598 17.0843 -4.25438 0.249415 0.968153 -0.0208539
20.3621 17.329 -4.24393 0.0923328 0.993957 -0.0318019
19.0754 17.3771 -4.24105 0.0122287 0.999236 -0.0324016
17.7194 17.3474 -4.24105 -0.0359331 0.999059 -0.0226711
16.3193 17.2474 -4.25241 -0.100233 0.994845 -0.0125615
14.9313 17.0927 -4.24311 -0.119987 0.99266 -0.0151436
13.6379 16.932 -4.26673 -0.125008 0.992078 -0.0123239
12.2172 16.7633 -4.19083 -0.117812 0.99302 -0.00418216
10.8087 16.6062 -4.17618 -0.0962711 0.995338 0.0057508
9.33365 16.473 -4.22571 -0.079719 0.99681 0.00385765
8.09179 16.3862 -4.24434 -0.0658745 0.997819 0.00406785
6.65827 16.2957 -4.24459 -0.0609716 0.998137 0.00215302
5.32471 16.2178 -4.22729 -0.0559284 0.998419 -0.00493719
3.92281 16.1478 -4.20569 -0.042588 0.99908 -0.00394634
2.41092 16.0931 -4.14872 -0.0355585 0.999365 0.00210597
1.16799 16.0549 -4.187 -0.026659 0.999626 0.00604545
-0.13849 16.0216 -4.22185 -0.0248601 0.999666 0.00701649
-0.184582 16.0297 -5.47366 -0.0253085 0.99965 0.00773743
1.11103 16.0617 -5.44979 -0.0226327 0.999715 0.00755485
2.56064 16.0978 -5.43124 -0.0253318 0.999672 0.00362325
3.99463 16.147 -5.42861 -0.0408774 0.999156 -0.00265146
5.2606 16.2087 -5.47375 -0.0542487 0.99852 -0.00361569
6.80491 16.3035 -5.44588 -0.0672904 0.997733 0.000640864
8.22911 16.4019 -5.52187 -0.0713955 0.997423 0.00681425
9.52352 16.4997 -5.46363 -0.0822528 0.996553 0.00926037
10.9832 16.6314 -5.44505 -0.096869 0.995275 0.00667027
12.3121 16.7642 -5.45005 -0.103206 0.994577 -0.0128522
13.6359 16.9118 -5.53311 -0.118471 0.992747 -0.0203858
14.8801 17.0663 -5.47477 -0.128307 0.991433 -0.0239323
16.2155 17.2154 -5.51222 -0.100348 0.994918 -0.00816174
17.577 17.316 -5.47781 -0.046388 0.998875 -0.00899551
18.8265 17.3528 -5.47354 -0.00713643 0.999851 0.00226164
20.3444 17.2993 -5.49858 0.0816824 0.996351 0.0225029
21.7589 17.0534 -5.47627 0.260448 0.965238 0.0209475
23.1978 16.5365 -5.48562 0.4948 0.865616 0.018099
24.4666 15.5598 -5.50162 0.690432 0.717803 0.080195
25.2791 14.5382 -5.43162 0.841989 0.539163 0.0142745
25.4064 14.2989 -4.23188 0.869982 0.492687 0.0114673
25.3793 14.2534 -2.94026 0.849228 0.521001 0.0454956
25.3391 14.2431 -1.52146 0.827034 0.562087 0.00764065
25.2421 14.2773 -0.179554 0.835952 0.542284 0.0843211
25.1756 14.2474 1.13941 0.871754 0.488361 0.0337599
25.1142 14.2374 2.47068 0.8811 0.470392 0.0303366
25.0127 14.2286 3.97917 0.901203 0.428163 0.0671287
24.8195 14.5026 5.33773 0.878032 0.478473 -0.0111068
24.0384 15.4672 5.40935 0.655726 0.754308 0.0244999
22.9953 16.3225 5.44518 0.542397 0.834996 -0.000391206
21.7944 16.8539 5.48943 0.299484 0.952811 0.0410025
20.5938 17.17 5.44949 0.16633 0.985889 0.0188391
19.2283 17.3419 5.48595 0.0950797 0.995365 0.00559099
17.7665 17.3768 5.464 -0.0174733 0.999825 -0.00633974
16.4326 17.3174 5.4105 -0.0769105 0.99698 -0.00371127
15.1647 17.1926 5.42176 -0.105079 0.994443 -0.00574135
13.9155 17.0482 5.42949 -0.124415 0.992166 -0.0108177
12.678 16.8888 5.4438 -0.130047 0.991373 -0.0163625
11.4187 16.7251 5.41353 -0.126597 0.991826 -0.015973
10.1808 16.5752 5.42676 -0.110808 0.99384 -0.00179182
8.6785 16.4186 5.47248 -0.0889105 0.996033 0.00363355
7.38625 16.3066 5.4879 -0.0766999 0.996948 0.0135887
6.04205 16.2143 5.46569 -0.0630862 0.997927 0.0126434
4.51319 16.1321 5.40107 -0.0475425 0.998832 0.00863088
3.13938 16.0735 5.41976 -0.0394096 0.999139 0.0128879
1.83607 16.029 5.43079 -0.0288488 0.999553 0.00749532
0.374364 15.9906 5.39986 -0.0214454 0.99974 0.00760514
-0.885426 15.9673 5.36649 -0.0170864 0.999831 0.00674508
-2.31568 15.9426 5.41697 -0.0180145 0.999827 0.00454267
-3.82026 15.9113 5.4369 -0.0243248 0.999702 0.00219179
-5.32518 15.8668 5.41426 -0.0338874 0.999423 5.55339e-05
-6.70431 15.8131 5.44311 -0.0449782 0.998984 -0.000105733
-8.30411 15.7291 5.41364 -0.058714 0.998268 -0.00319192
-9.72296 15.6347 5.43183 -0.0806523 0.996698 -0.00938394
-11.0426 15.5124 5.38141 -0.100028 0.994972 -0.00496659
-12.3119 15.3519 5.41415 -0.141452 0.989848 -0.0138052
-13.6952 15.1352 5.43436 -0.167874 0.985701 -0.0145376
-15.1397 14.848 5.41505 -0.22112 0.9752 -0.0090116
-16.6517 14.488 5.40963 -0.245247 0.969383 -0.0110978
-17.9482 14.1359 5.3911 -0.279723 0.960033 -0.00938678
-19.2331 13.7406 5.42105 -0.306739 0.951774 -0.00608129
-20.4626 13.3288 5.50325 -0.323034 0.946348 -0.00766693
-21.712 12.8833 5.49131 -0.347221 0.937747 -0.00817862
-23.0608 12.3736 5.46532 -0.360939 0.932575 -0.00477561
-24.2943 11.8917 5.46139 -0.367183 0.930131 -0.00504099
-25.4922 11.4144 5.47485 -0.372268 0.928115 -0.00419328
-26.7368 10.9133 5.44429 -0.375179 0.92695 -0.00228111
-28.0393 10.3837 5.45334 -0.377694 0.925929 -0.00160634
-29.2289 9.89675 5.43882 -0.380346 0.924843 -0.00183268
-30.5571 9.34914 5.44491 -0.382324 0.924027 -0.00165782
-31.4596 8.97403 4.90929 -0.383661 0.923473 -0.000924443
-31.4716 8.96953 3.48251 -0.382976 0.923758 0.000745058
-31.4745 8.97086 1.9819 -0.381833 0.92423 0.00139929
-31.4805 8.97108 0.693153 -0.381543 0.924348 0.00224089
-31.5251 8.95714 -0.743722 -0.379899 0.925024 0.00273555
-31.4793 8.98121 -2.19453 -0.379205 0.925305 0.00367137
-31.4319 9.00589 -3.45513 -0.378139 0.925742 0.00370663
-31.4385 9.00822 -4.69701 -0.377277 0.926092 0.00404714
-30.7198 9.30374 -5.44645 -0.376379 0.926459 0.00366522
-29.4607 9.81387 -5.51844 -0.373785 0.927514 0.00165108
-28.1433 10.3426 -5.48229 -0.371837 0.928295 0.00226076
-26.9286 10.8257 -5.55808 -0.367711 0.929939 -0.00105992
-25.5854 11.3559 -5.40441 -0.366028 0.930602 -0.00181504
-24.3533 11.8369 -5.42687 -0.361147 0.932505 -0.00261869
-23.1015 12.3143 -5.485 -0.351947 0.936019 -0.000463753
-21.8686 12.7728 -5.46106 -0.345974 0.938243 -0.000217557
-20.6987 13.1943 -5.5145 -0.330194 0.94391 0.00186851
-19.4978 13.6036 -5.49819 -0.316568 0.948568 -0.000304369
-18.1597 14.0352 -5.45751 -0.300738 0.9537 0.00341099
-16.8474 14.4246 -5.43174 -0.269033 0.963105 0.00421814
-15.6311 14.7368 -5.45031 -0.223872 0.974551 -0.011348
-14.2463 15.038 -5.48156 -0.202146 0.979304 0.00856918
-12.7434 15.2969 -5.42371 -0.157106 0.987579 -0.00220076
-11.4636 15.4722 -5.47308 -0.123236 0.992343 -0.00829966
-10.0899 15.6158 -5.48027 -0.0916001 0.995795 0.000582743
-8.69584 15.7251 -5.49559 -0.0614494 0.998104 0.00334008
-7.32708 15.8052 -5.51359 -0.0536668 0.998558 0.00040389
-6.06569 15.8647 -5.44318 -0.0369693 0.999315 0.00152589
-4.48575 15.9179 -5.46219 -0.0292063 0.999571 -0.00113475
-3.09342 15.9537 -5.47904 -0.0258052 0.999666 -0.00144118
-1.83926 15.9876 -5.47262 -0.0269015 0.999632 0.00354317
-0.555348 16.0203 -5.46806 -0.0251111 0.999653 0.00799667
-0.593142 16.029 -6.6976 -0.0268255 0.999608 0.00796155
0.76627 16.0668 -6.72032 -0.0279436 0.999522 0.0132097
2.15533 16.0905 -6.69871 -0.0183601 0.999827 0.00228342
3.63779 16.1264 -6.67808 -0.0333775 0.999414 -0.00697108
4.96024 16.1771 -6.69475 -0.0531688 0.998347 -0.0199583
6.4559 16.2758 -6.712 -0.0795919 0.996821 0.00105907
7.73131 16.3701 -6.71276 -0.0767627 0.997037 0.00121657
9.09348 16.4758 -6.71856 -0.0781994 0.996893 0.00937338
10.3578 16.5774 -6.69381 -0.0803008 0.996757 0.00513903
11.6069 16.6891 -6.72128 -0.0877733 0.996137 -0.00070149
12.933 16.8027 -6.74832 -0.0946098 0.995345 -0.0178907
14.2442 16.9404 -6.7038 -0.153514 0.985336 -0.0705708
15.7121 17.166 -6.74698 -0.122481 0.992139 0.00625739
16.9543 17.2689 -6.7149 -0.0633131 0.997721 0.0188712
18.378 17.3353 -6.72583 -0.0347139 0.999324 -0.000760208
19.6723 17.3334 -6.71426 0.0559082 0.997803 0.0209843
20.9385 17.2693 -6.75262 0.110831 0.990775 0.0772087
22.2558 16.9493 -6.67448 0.315906 0.946599 0.0530092
23.4624 16.4746 -6.74327 0.499482 0.853743 0.14664
24.5539 15.6678 -6.72615 0.698473 0.650052 0.276635
25.3339 14.6694 -6.75144 0.817366 0.56439 0.0897615
25.9308 13.3457 -6.61409 0.934673 0.353746 0.034296
25.9773 13.1498 -5.38686 0.90315 0.429208 0.00649121
25.9374 13.1837 -4.14598 0.911378 0.411272 0.0156788
25.9437 13.1829 -2.88288 0.88335 0.46802 -0.0249855
25.9415 13.1909 -1.53995 0.90144 0.432395 0.0185779
25.8218 13.2094 -0.303733 0.92789 0.358009 0.104152
25.7378 13.1512 1.01286 0.903154 0.424092 0.0646987
25.6018 13.1124 2.42955 0.952237 0.271498 0.139253
25.504 13.0801 3.93968 0.9379 0.344822 0.0165743
25.4571 13.1046 5.36157 0.93283 0.357705 0.0409727
25.3305 13.5168 6.64401 0.932646 0.346776 -0.0977918
24.7188 14.7925 6.69429 0.873229 0.471692 -0.122376
23.8983 15.7232 6.68502 0.649923 0.75039 -0.11366
22.8173 16.5039 6.68565 0.478377 0.869761 -0.118368
21.6727 16.9928 6.71978 0.320998 0.940731 -0.109075
20.4606 17.2479 6.65065 0.120957 0.984521 -0.119373
19.1834 17.3635 6.68891 0.032483 0.998764 -0.031804
17.7368 17.4089 6.68654 0.00150978 0.998744 -0.0491781
16.1414 17.3196 6.67781 -0.0814446 0.99608 -0.034041
14.8146 17.1547 6.64824 -0.133164 0.990944 0.00807315
13.3052 16.9932 6.67029 -0.0742608 0.997002 -0.021389
11.8358 16.8203 6.67509 -0.147831 0.987849 -0.0475554
10.5698 16.6257 6.68848 -0.133929 0.990982 0.00401766
9.08439 16.4451 6.7049 -0.100067 0.994931 0.00995412
7.66953 16.3096 6.68882 -0.0880675 0.995835 0.0232842
6.33465 16.2113 6.71681 -0.073122 0.996984 0.0251958
4.81139 16.1373 6.6658 -0.0490911 0.998788 0.00330251
3.53699 16.0745 6.64943 -0.0511596 0.998623 0.0116062
2.14351 16.0245 6.7009 -0.0250688 0.999645 0.00886731
0.771463 15.9894 6.64081 -0.0232206 0.999615 0.0151643
-0.549474 15.9643 6.63078 -0.0168518 0.999836 0.00659582
-2.15739 15.9397 6.64396 -0.013795 0.999873 0.0077194
-3.79853 15.9165 6.66072 -0.0201643 0.999762 -0.00828913
-5.32761 15.8675 6.65546 -0.0370157 0.999314 -0.00120869
-6.95145 15.804 6.71374 -0.0434383 0.999053 -0.00242483
-8.43296 15.7299 6.65077 -0.057239 0.998293 -0.0115768
-9.87918 15.6355 6.656 -0.0732222 0.997144 -0.0179329
-11.3954 15.4901 6.66635 -0.113065 0.993417 -0.0184066
-12.6375 15.3241 6.66345 -0.142431 0.989585 -0.0208201
-13.9246 15.1092 6.6535 -0.176256 0.983972 -0.0270787
-15.4131 14.8127 6.65171 -0.217015 0.975774 -0.027623
-16.8388 14.4612 6.659 -0.248182 0.968455 -0.0223556
-18.0621 14.1188 6.66691 -0.284724 0.9583 -0.024158
-19.5293 13.6642 6.67298 -0.310036 0.950359 -0.0260869
-20.7551 13.2454 6.69813 -0.334755 0.942125 -0.0171766
-22.1675 12.725 6.70873 -0.35367 0.93529 -0.0122253
-23.6195 12.1641 6.69841 -0.364857 0.931034 -0.00726256
-24.9461 11.6402 6.69697 -0.371084 0.928564 -0.00805519
-26.3224 11.0863 6.68895 -0.376321 0.926463 -0.00688228
-27.7111 10.5206 6.69767 -0.377972 0.925812 -0.0028505
-28.9417 10.0174 6.68399 -0.379259 0.925288 -0.00237948
-30.2251 9.48912 6.69269 -0.382363 0.924009 -0.00237242
-31.5403 8.94347 6.68163 -0.383974 0.92334 -0.00245991
-32.5623 8.51634 6.29345 -0.385666 0.922635 -0.00240216
-32.6117 8.49435 4.78005 -0.385416 0.922742 0.00148817
-32.5687 8.51395 3.33077 -0.385652 0.922641 0.00257355
-32.6124 8.49933 2.08625 -0.382341 0.924016 0.00310153
-32.6166 8.50139 0.748839 -0.382134 0.924103 0.00252144
-32.6869 8.47858 -0.687473 -0.381025 0.924551 0.00509675
-32.6006 8.52268 -2.32206 -0.378901 0.925427 0.00426643
-32.5959 8.53272 -3.84874 -0.376798 0.926288 0.00375901
-32.5926 8.53997 -5.17497 -0.377932 0.925819 0.00511499
-32.5397 8.56873 -6.50799 -0.376612 0.926365 0.00337862
-31.1849 9.12073 -6.68689 -0.376967 0.926216 0.00438509
-29.8245 9.67188 -6.72027 -0.373415 0.927658 0.00336318
-28.4378 10.2284 -6.70566 -0.37218 0.928153 0.00383909
-27.0862 10.7618 -6.76467 -0.366589 0.930382 -0.000827425
-25.86 11.2464 -6.67692 -0.367245 0.930124 0.000583443
-24.5334 11.7677 -6.71833 -0.363326 0.931658 0.00138295
-23.2639 12.2538 -6.73074 -0.353617 0.93539 0.00062669
-21.7612 12.8148 -6.69411 -0.346934 0.937882 0.0036006
-20.5787 13.2381 -6.74747 -0.32993 0.943998 0.00336801
-19.2797 13.6835 -6.70704 -0.322241 0.946612 0.00920316
-18.0283 14.0878 -6.71085 -0.296978 0.954682 0.019653
-16.7484 14.4642 -6.68202 -0.273062 0.961831 0.016935
-15.4068 14.8063 -6.72671 -0.228472 0.973291 0.0183847
-13.995 15.1045 -6.71609 -0.183062 0.982563 0.0324765
-12.7354 15.3237 -6.69546 -0.158539 0.986858 0.0302391
-11.2502 15.5209 -6.70662 -0.104881 0.993791 0.0365591
-10.006 15.6375 -6.72386 -0.0761438 0.996938 0.0177946
-8.73935 15.7301 -6.71816 -0.0621844 0.997908 0.0144246
-7.40419 15.8071 -6.76146 -0.0558665 0.99842 0.0036019
-5.8193 15.8754 -6.71173 -0.0383687 0.999263 0.000208598
-4.36937 15.918 -6.72566 -0.0219649 0.999748 -0.00282721
-3.04904 15.9518 -6.69605 -0.0291836 0.999564 -0.00435324
-1.74425 15.9963 -6.71226 -0.0361272 0.999307 0.00783226
-0.85138 16.022 -6.69955 -0.0259812 0.999625 0.00860197
