25.0054 16.1359 3.3251 0.693685 0.719604 0.0247991
24.9869 16.1975 2.32802 0.713428 0.69812 0.0479459
25.004 16.2589 1.34373 0.660671 0.74798 0.0628625
25.0089 16.3284 0.312758 0.651942 0.757796 0.0228214
25.0265 16.3117 -0.925807 0.690072 0.723107 -0.00724527
25.0942 16.2966 -2.15693 0.733348 0.677545 0.0379869
25.0871 16.2642 -3.14845 0.628155 0.77486 -0.0663538
25.0853 16.2607 -3.19077 0.616938 0.782401 -0.0845435
24.332 16.8025 -3.17834 0.538608 0.842239 -0.0215723
24.3344 16.8364 -2.07908 0.456769 0.88952 0.00587975
24.2818 16.8637 -1.06842 0.489404 0.870661 -0.0420286
24.2306 16.9114 -0.0564328 0.519959 0.853841 -0.0239384
24.2637 16.838 1.19545 0.53218 0.842386 0.0841007
24.2486 16.783 2.33421 0.576934 0.813759 0.0699965
24.2722 16.6958 3.32165 0.483077 0.873117 0.0449667
24.2643 16.7008 3.53596 0.482068 0.876129 -0.000398014
23.4509 17.149 3.36821 0.457037 0.88921 0.0195956
23.3907 17.227 2.04831 0.365138 0.929213 0.0539808
23.4032 17.2555 1.05148 0.347684 0.937287 0.0239507
23.4007 17.2896 0.0743002 0.362023 0.931583 0.0330558
23.4156 17.3049 -0.930952 0.356175 0.933162 -0.0323636
23.4663 17.2649 -1.89305 0.384511 0.922302 -0.00563644
23.5002 17.2598 -3.03199 0.412311 0.909937 0.00173266
23.507 17.2542 -3.26085 0.348553 0.936925 -0.0253481
22.6294 17.5666 -3.1693 0.220398 0.974569 -0.0375562
22.5655 17.5822 -2.05261 0.248684 0.968455 0.0120266
22.5172 17.5792 -0.90157 0.249257 0.968437 0.000853371
22.5324 17.5653 0.47087 0.281847 0.959415 0.00905911
22.5027 17.5498 1.67025 0.279355 0.958856 0.0440042
22.5504 17.5121 2.73119 0.321076 0.946698 -0.0197047
22.5913 17.5037 3.31769 0.331704 0.942597 -0.0226227
21.6689 17.7362 3.54479 0.187206 0.982035 -0.000117114
21.6113 17.7478 2.30921 0.172598 0.984646 -4.85717e-05
21.5825 17.7651 1.23531 0.167681 0.985467 0.021271
21.577 17.7999 0.117259 0.167003 0.985784 0.0184533
21.6137 17.7825 -1.0316 0.16503 0.985486 -0.0346269
21.6398 17.7805 -2.18775 0.168131 0.9856 -0.00608856
21.6902 17.74 -3.32293 0.146362 0.98884 -0.0232085
21.6928 17.7388 -3.41786 0.159151 0.987015 -0.0175193
20.7323 17.8684 -3.66979 0.129873 0.991439 -0.0133905
20.7195 17.8992 -2.5574 0.111319 0.993258 -0.0191024
20.6755 17.9 -1.36964 0.0998966 0.994918 -0.00228195
20.6379 17.9183 -0.17635 0.0896458 0.99571 -0.0172692
20.6486 17.8937 0.871631 0.104046 0.994348 0.0198327
20.6727 17.8799 1.82455 0.109092 0.993981 0.00998996
20.7079 17.8764 2.82928 0.11069 0.99373 -5.88668e-05
20.7357 17.8809 3.39724 0.100818 0.994638 -0.0157257
19.7884 17.9463 3.41826 0.051448 0.998611 -0.00449542
19.7553 17.9514 2.35081 0.0579833 0.998308 0.0042618
19.7191 17.9609 1.36059 0.066114 0.997652 0.0176836
19.7085 17.9723 0.377012 0.0698061 0.997542 0.00599031
19.7039 17.974 -0.579566 0.0421049 0.9989 0.0181065
19.7454 17.9622 -1.85118 0.0449357 0.99856 -0.0290408
19.7849 17.9512 -2.968 0.0424098 0.998996 -0.0112188
19.8 17.9369 -3.60055 0.0384964 0.999154 -0.0100476
18.8641 17.9606 -3.51265 0.0121907 0.999849 9.44256e-05
18.8103 17.9803 -2.52049 0.000491295 0.999891 -0.0143444
18.762 17.9868 -1.30678 0.000605857 0.999858 -0.0134856
18.7543 17.9986 -0.0757349 -0.00417216 0.999912 -0.0126217
18.7416 17.9936 1.13619 -0.0087326 0.999885 0.0065348
18.8139 17.9876 2.13061 0.0151113 0.999787 -0.0140662
18.834 17.9854 3.09244 0.00694194 0.999931 -0.000131976
18.8345 17.9817 3.50764 0.00667368 0.999945 0.00376448
17.9142 17.9767 3.6008 -0.0186119 0.999746 -0.0023306
17.9019 17.9745 2.59423 -0.0421886 0.999086 0.00424696
17.8303 17.9796 1.61993 -0.0437421 0.999007 -0.00116479
17.8056 17.9793 0.487579 -0.0527905 0.998585 0.00499041
17.8092 17.9749 -0.684753 -0.0703476 0.997495 -0.00688836
17.8467 17.9604 -1.85033 -0.0549784 0.998389 -0.0140244
17.8602 17.9435 -2.81811 -0.0537854 0.998297 -0.0225838
17.9212 17.9324 -3.5152 -0.0549842 0.998382 -0.0038034
16.9387 17.8712 -3.38106 -0.0717448 0.997282 -0.0166349
16.8867 17.8901 -2.27635 -0.0990731 0.994976 -0.0141078
16.8658 17.8978 -1.26136 -0.0930384 0.995642 -0.00608951
16.873 17.9035 -0.275197 -0.0939928 0.995571 -0.00210786
16.872 17.9111 0.889173 -0.0818532 0.996638 -0.00344878
16.9121 17.9144 2.16368 -0.0838902 0.996473 -0.0019675
16.9637 17.9229 3.14936 -0.0829239 0.996542 -0.00517701
16.98 17.9257 3.50821 -0.0910331 0.995846 0.00140396
16.0329 17.8218 3.42654 -0.124797 0.992169 0.00349881
16.0063 17.8239 2.30265 -0.128701 0.991647 0.00559908
15.9423 17.8232 1.30695 -0.125256 0.991946 0.00141462
15.9235 17.803 0.305831 -0.133365 0.990875 -0.0174971
15.9294 17.7942 -0.782801 -0.130552 0.991426 -0.00388086
15.9087 17.7878 -1.83951 -0.133453 0.991019 -0.00847844
15.9741 17.7814 -2.99045 -0.112484 0.993483 -0.0183149
16.0014 17.7777 -3.3889 -0.112089 0.99356 -0.0165734
15.0503 17.6548 -3.41911 -0.136423 0.990548 -0.0141736
15.0099 17.6593 -2.38249 -0.14098 0.989988 -0.00675081
14.9639 17.6606 -1.16798 -0.140965 0.989976 -0.00877954
14.9639 17.668 0.0328598 -0.147347 0.989058 -0.00634343
14.9992 17.6804 1.14443 -0.151997 0.988338 -0.00879211
15.0552 17.6913 2.22658 -0.14738 0.989075 -0.00295386
15.1031 17.7029 3.42272 -0.133981 0.99096 -0.00218305
14.1739 17.5677 3.55823 -0.147818 0.988988 -0.00719186
14.1485 17.5539 2.53844 -0.154537 0.987977 -0.00453104
14.0907 17.5393 1.4191 -0.155895 0.987767 -0.00298697
14.0439 17.529 0.326433 -0.153661 0.988119 -0.00282669
14.0408 17.5268 -0.862649 -0.147434 0.989061 -0.00420046
14.0524 17.5238 -1.99966 -0.144329 0.989526 -0.00269373
14.0997 17.5231 -3.08495 -0.142248 0.989794 -0.0085201
14.1075 17.5226 -3.27128 -0.142131 0.989802 -0.00948174
13.1947 17.3905 -3.40378 -0.141595 0.989888 -0.00844773
13.1367 17.3892 -2.39586 -0.143893 0.98959 0.00225848
13.1244 17.3876 -1.39859 -0.147951 0.988993 -0.00162224
13.1002 17.3836 -0.232733 -0.152099 0.98836 0.00311415
13.1364 17.3898 0.970935 -0.151897 0.988395 -0.00116963
13.235 17.4085 2.31236 -0.155732 0.987774 -0.00701841
13.2398 17.4182 3.32762 -0.155484 0.987768 -0.0118077
13.2413 17.42 3.4537 -0.155388 0.987773 -0.0125844
12.3365 17.2839 3.55895 -0.142703 0.989649 -0.0151925
12.3153 17.2685 2.57932 -0.144571 0.98946 -0.00824504
12.2643 17.2575 1.62213 -0.148151 0.988965 -8.14498e-05
12.2 17.2476 0.650688 -0.129093 0.991629 0.00235466
12.1878 17.2509 -0.514558 -0.139883 0.990155 0.00513945
12.179 17.2505 -1.52527 -0.140377 0.990094 -0.00202178
12.2068 17.2566 -2.50849 -0.135351 0.990792 0.000388723
12.2585 17.2583 -3.44438 -0.134149 0.990935 -0.00712769
11.3202 17.1336 -3.38428 -0.116014 0.993233 -0.00498726
11.2575 17.1301 -2.35632 -0.119337 0.99285 -0.00199271
11.2378 17.1271 -1.1249 -0.125003 0.992154 0.00191116
11.2569 17.126 0.097944 -0.129222 0.991608 0.00384169
11.3063 17.1301 1.11421 -0.127509 0.99183 0.00355504
11.3724 17.1296 2.30269 -0.139287 0.990211 -0.00445003
11.4088 17.1503 3.3307 -0.134889 0.990752 -0.0147084
11.4152 17.1544 3.54497 -0.134881 0.990771 -0.0133208
10.4588 17.0305 3.33927 -0.112899 0.993568 -0.00870855
10.4308 17.0218 2.22608 -0.100302 0.994956 0.00119168
10.3834 17.0223 1.11017 -0.101486 0.994827 0.00328785
10.3198 17.0181 0.0341131 -0.106803 0.994273 0.00382061
10.3045 17.0169 -0.948699 -0.111067 0.993792 -0.00645339
10.3002 17.0156 -2.01156 -0.113314 0.993533 0.00628241
10.3482 17.0198 -3.19271 -0.117109 0.993114 -0.00316218
10.3842 17.0232 -3.489 -0.116921 0.993137 -0.00277332
9.40016 16.922 -3.30952 -0.0893473 0.996 -0.00135839
9.36641 16.9206 -2.09713 -0.0930033 0.995661 -0.00174195
9.35813 16.9196 -1.09994 -0.0910414 0.995847 -0.000664123
9.39243 16.9232 0.211651 -0.0985518 0.995132 -0.000288472
9.45563 16.9281 1.20764 -0.0967021 0.995299 0.00426007
9.49421 16.9259 2.47284 -0.101382 0.994846 0.00190777
9.52792 16.9327 3.54413 -0.0957534 0.995352 -0.00997594
8.61532 16.8496 3.55559 -0.0876398 0.996143 -0.00252721
8.5413 16.8426 2.41217 -0.0785462 0.996901 0.00425254
8.52081 16.8444 1.29596 -0.0796352 0.996821 0.00244192
8.4614 16.8415 0.250431 -0.0795198 0.996833 -2.83999e-06
8.4112 16.8371 -0.864446 -0.0793016 0.996845 0.000309653
8.3804 16.8335 -1.91203 -0.078819 0.996886 0.00108427
8.45483 16.8404 -2.93057 -0.0723367 0.997379 0.00161097
8.47621 16.8428 -3.47621 -0.0820188 0.996629 0.00161115
7.55269 16.7763 -3.45805 -0.06715 0.997742 0.0010783
7.47114 16.769 -2.23743 -0.0637518 0.997965 0.00105001
7.44716 16.7672 -1.03402 -0.0644147 0.997922 -0.000627406
7.51452 16.7729 -0.0468508 -0.0705527 0.997506 -0.00155879
7.55766 16.7739 0.919179 -0.0705835 0.997496 0.00446414
7.59557 16.7721 2.03032 -0.0698738 0.997551 0.00302855
7.63437 16.7707 3.08884 -0.0730448 0.997322 0.00336111
7.67045 16.7724 3.52919 -0.0737039 0.997273 0.00356553
6.71897 16.7054 3.42538 -0.0684739 0.997614 0.00832321
6.68327 16.7077 2.4616 -0.0664984 0.997774 0.00486437
6.63965 16.7105 1.49687 -0.0621004 0.998045 0.00705393
6.59058 16.713 0.414983 -0.0634208 0.997978 0.00430146
6.52188 16.7098 -0.621515 -0.0592977 0.99824 -0.00111638
6.51637 16.7091 -1.62063 -0.0608847 0.998145 0.000290856
6.56001 16.7117 -2.79204 -0.0602079 0.998184 3.7564e-05
6.60185 16.7147 -3.37729 -0.0589751 0.998259 0.000900897
5.65147 16.6595 -3.53696 -0.0552181 0.998473 -0.00131894
5.60494 16.6572 -2.54201 -0.0545004 0.998513 0.000383539
5.57767 16.6554 -1.57177 -0.0532107 0.998583 -0.00010704
5.59558 16.6566 -0.47309 -0.0576935 0.998333 0.000312824
5.63894 16.6562 0.511417 -0.0574746 0.99834 0.0036518
5.70571 16.6538 1.48206 -0.0595268 0.998185 0.00910056
5.75765 16.6486 2.733 -0.0585631 0.998265 0.00609413
5.7912 16.6457 3.37903 -0.0569704 0.998317 0.0108427
4.85923 16.5929 3.4829 -0.0518998 0.998622 0.00720455
4.8167 16.5978 2.46897 -0.0471805 0.998858 0.00754388
4.78212 16.6054 1.40727 -0.0498122 0.998727 0.00783896
4.69582 16.6058 0.4445 -0.0512856 0.998674 0.00436621
4.6508 16.6069 -0.70496 -0.0495836 0.998768 0.00158157
4.63525 16.6066 -1.67711 -0.0492136 0.998788 0.000572063
4.65461 16.6074 -2.65585 -0.0477693 0.998858 -0.00100345
4.68443 16.6079 -3.41591 -0.0504865 0.998725 -0.000344627
3.73958 16.5654 -3.47962 -0.039828 0.999207 0.000123952
3.7227 16.5649 -2.23273 -0.0437861 0.999039 0.000246819
3.71001 16.5621 -1.26811 -0.0451419 0.998979 0.00168826
3.7222 16.5607 -0.197345 -0.0459928 0.998941 0.00123661
3.79715 16.5587 1.12319 -0.0460255 0.998931 0.0041814
3.85884 16.5554 2.20352 -0.0462102 0.998907 0.00700678
3.91653 16.5495 3.21324 -0.0449935 0.998939 0.00980395
3.92229 16.5487 3.32335 -0.0433419 0.999023 0.00831894
2.99899 16.5098 3.45573 -0.0397841 0.999183 0.00712954
2.9331 16.5139 2.30896 -0.0401763 0.999179 0.00520588
2.84517 16.5162 1.35423 -0.0372883 0.999291 0.00522384
2.79452 16.52 0.260298 -0.0368495 0.999314 0.00343187
2.7564 16.5214 -0.773327 -0.0388204 0.999245 0.0013965
2.79259 16.5256 -1.97723 -0.0396202 0.999213 0.00176986
2.81043 16.5281 -2.94547 -0.0345145 0.999402 0.00211975
2.81345 16.5299 -3.57298 -0.0344154 0.999403 0.00310045
1.84742 16.4974 -3.39192 -0.0308022 0.99952 0.00286174
1.87256 16.4951 -2.21175 -0.0321713 0.999477 0.00340353
1.81065 16.4907 -1.03363 -0.0303253 0.999531 0.00373708
1.80905 16.4871 -0.0326629 -0.0322444 0.999469 0.00457751
1.88418 16.4851 0.92989 -0.0344328 0.999395 0.00488062
1.94677 16.4803 1.98652 -0.0310493 0.99949 0.0073512
2.0415 16.4763 3.0798 -0.0302755 0.999519 0.00661184
2.05752 16.4755 3.3009 -0.0293134 0.999545 0.00703768
1.12516 16.449 3.49512 -0.020513 0.999768 0.00650722
1.00065 16.4531 2.40236 -0.0231338 0.999717 0.0055787
0.975337 16.4575 1.34684 -0.0240566 0.999696 0.00517077
0.881303 16.4613 0.229859 -0.0245989 0.99969 0.0033474
0.865532 16.4631 -0.880761 -0.0265542 0.999643 0.00278254
0.930735 16.4674 -1.90123 -0.0273706 0.999623 0.00213029
0.901941 16.4685 -2.91803 -0.0260984 0.999658 0.00104039
0.880823 16.4684 -3.33787 -0.0296565 0.999553 0.00379209
-0.0673008 16.4449 -3.3815 -0.019338 0.999805 0.00385356
-0.0296941 16.4459 -2.38291 -0.0209783 0.99978 0.000285796
-0.0187297 16.4442 -1.36008 -0.0212276 0.99977 0.0029649
-0.132859 16.4387 -0.189511 -0.0221512 0.999752 0.00199596
0.00781196 16.4387 1.00396 -0.0190755 0.999808 0.00420949
0.04369 16.4352 2.05087 -0.0175179 0.999841 0.00322969
0.105227 16.4312 3.10917 -0.0165758 0.999839 0.00681218
0.133088 16.429 3.50174 -0.0164982 0.999844 0.00626088
-0.880324 16.4129 3.4968 -0.0152292 0.999873 0.0047754
-0.919982 16.4168 2.49393 -0.0152001 0.999875 0.00425713
-0.948434 16.4201 1.5303 -0.0162379 0.999863 0.00328373
-0.942326 16.4235 0.514779 -0.0166856 0.99986 0.00130031
-1.0885 16.4227 -0.580918 -0.0157803 0.999873 0.0021639
-0.892068 16.4289 -1.72487 -0.0175805 0.999843 0.00236787
-0.982734 16.4279 -2.82203 -0.0166226 0.999862 0.000333569
-0.981137 16.4294 -3.49861 -0.0155981 0.99987 0.00410471
-1.8841 16.4162 -3.5681 -0.0153164 0.99988 0.00228581
-1.96541 16.4131 -2.40014 -0.0141512 0.999899 0.000972224
-1.89579 16.4122 -1.19781 -0.014545 0.999892 0.00211398
-2.0546 16.4076 -0.14061 -0.0145449 0.999891 0.00243049
-1.93415 16.4064 0.940818 -0.0155252 0.999874 0.00329832
-1.94238 16.4021 2.181 -0.0159859 0.999866 0.00360405
-1.92752 16.3978 3.30643 -0.0153423 0.999873 0.00431797
-1.92794 16.3971 3.48041 -0.0153159 0.999872 0.00452747
-2.95196 16.3801 3.43872 -0.0178979 0.999829 0.0047389
-3.2876 16.3791 2.3164 -0.0175949 0.999836 0.0042169
-2.86568 16.3901 1.44428 -0.0159178 0.999865 0.00412291
-2.86568 16.3943 0.246158 -0.0154365 0.999876 0.00308451
-2.88503 16.3972 -0.811723 -0.0145106 0.999891 0.00254111
-2.88341 16.3995 -1.81932 -0.0161066 0.999869 0.00168453
-2.87202 16.4005 -2.99289 -0.0166355 0.99986 -0.000228645
-2.88224 16.3999 -3.41776 -0.0165719 0.999861 0.000355871
-4.03229 16.3779 -3.50871 -0.0199025 0.999801 0.000789738
-3.93314 16.3806 -2.38027 -0.0208493 0.999782 -0.000700657
-3.92167 16.3808 -1.30367 -0.0192425 0.999814 0.00124967
-4.01646 16.377 -0.332603 -0.020613 0.999784 0.00273883
-4.1426 16.371 0.653159 -0.0204843 0.99978 0.00440088
-4.32534 16.3623 1.65413 -0.0215415 0.999759 0.00386
-4.41084 16.3556 2.70668 -0.0242201 0.999687 0.00626638
-4.30855 16.3541 3.34395 -0.0229207 0.999727 0.00443635
-5.1038 16.3342 3.39666 -0.0265702 0.999629 0.00605329
-5.33251 16.3338 2.4478 -0.0264128 0.999623 0.00740301
-5.32543 16.3389 1.27424 -0.0295353 0.999554 0.00402137
-5.15503 16.3484 0.262208 -0.0260084 0.999647 0.00522055
-4.98831 16.3569 -0.680277 -0.0237413 0.99971 0.00400432
-4.94533 16.3583 -1.79192 -0.025285 0.999678 -0.000488667
-5.00218 16.3567 -2.93212 -0.0294887 0.999565 0.000423659
-5.07721 16.3536 -3.56575 -0.02606 0.999659 -0.00153509
-6.04791 16.3249 -3.49515 -0.0315372 0.999502 -0.00128762
-6.02008 16.3263 -2.50262 -0.0303721 0.999538 -0.000718418
-5.95112 16.3281 -1.29682 -0.0310458 0.999517 0.00130501
-6.05193 16.3222 -0.328841 -0.0368716 0.999311 0.00431802
-6.2149 16.3127 0.626394 -0.0356172 0.999364 0.00156949
-6.28118 16.3072 1.66472 -0.0396448 0.999204 0.00445564
-6.20025 16.3036 2.67374 -0.0366088 0.999301 0.00730466
-6.02755 16.3058 3.41984 -0.0343686 0.999388 0.00620409
-6.95147 16.2704 3.46528 -0.0384262 0.999246 0.00547699
-7.16891 16.2692 2.13825 -0.041904 0.999111 0.00379968
-7.20297 16.27 1.05408 -0.0468147 0.998903 0.0012485
-7.11704 16.2768 0.100152 -0.0477106 0.998838 0.00681571
-6.96048 16.2909 -0.995478 -0.0394228 0.999209 0.00530808
-6.9575 16.2937 -2.16297 -0.0391183 0.999233 0.000304065
-7.01658 16.2872 -3.28271 -0.0396686 0.999205 -0.00342717
-7.01729 16.2869 -3.4139 -0.0404865 0.999178 -0.000126157
-7.96221 16.2435 -3.49587 -0.0496676 0.998756 -0.004336
-7.97548 16.2474 -2.53466 -0.0505146 0.998723 -0.000957564
-7.91121 16.2525 -1.5481 -0.0574849 0.998341 -0.00163734
-7.99763 16.2404 -0.594455 -0.0528087 0.998558 0.00958528
-8.09099 16.2278 0.443349 -0.0546693 0.998495 0.00420195
-8.1094 16.2238 1.79297 -0.0544846 0.998511 0.00253923
-7.99672 16.2268 2.79874 -0.0520449 0.998629 0.00485285
-7.90127 16.2278 3.36144 -0.0500601 0.998726 0.00632583
-8.82281 16.174 3.52157 -0.0595118 0.998205 0.00665413
-8.97402 16.1709 2.42996 -0.0620221 0.998065 0.00444104
-9.05383 16.17 1.22122 -0.0629495 0.998013 0.0015603
-9.03059 16.1748 0.256796 -0.0657245 0.997816 0.00666548
-8.9357 16.1865 -0.694357 -0.0621516 0.998058 0.00400182
-8.8992 16.1914 -1.7291 -0.0656596 0.99784 -0.00194185
-8.91775 16.1881 -2.78675 -0.0651487 0.997875 -0.00105496
-8.91491 16.1888 -3.35088 -0.0635792 0.997968 0.00416131
-9.87574 16.1212 -3.21525 -0.0820233 0.996607 0.00635245
-9.89804 16.1188 -2.1801 -0.0815523 0.996667 -0.00202194
-9.86185 16.121 -1.21211 -0.0851818 0.996358 0.00370655
-9.96593 16.1106 -0.147808 -0.0732221 0.997315 0.000887051
-9.99336 16.1053 1.0499 -0.0768797 0.997029 -0.000708771
-9.91444 16.1072 2.25518 -0.0713179 0.997437 0.00555627
-9.79552 16.1077 3.21413 -0.0710843 0.997457 0.004741
-10.7269 16.0283 3.3476 -0.0979441 0.995182 0.0043517
-10.8406 16.0257 2.32203 -0.091742 0.995718 0.011185
-10.9269 16.019 1.31289 -0.103999 0.994572 -0.00263884
-10.9149 16.0212 0.125412 -0.102081 0.994776 -0.000238845
-10.8491 16.0295 -0.83614 -0.0935874 0.995594 0.00580211
-10.8164 16.0357 -1.82499 -0.0948966 0.995487 -0.000156469
-10.8386 16.0372 -2.88931 -0.0937529 0.995565 0.00771683
-10.8373 16.04 -3.43044 -0.105918 0.994373 -0.00193999
-11.7877 15.9363 -3.41484 -0.114969 0.993355 -0.00282452
-11.7815 15.9315 -2.43352 -0.116358 0.993172 -0.0018224
-11.772 15.9317 -1.2656 -0.113483 0.993492 0.00888438
-11.8199 15.9246 -0.310704 -0.121899 0.992534 0.00403366
-11.8637 15.9168 0.786533 -0.121209 0.992626 -0.00106157
-11.8211 15.9228 1.77463 -0.132364 0.9912 0.00144072
-11.7139 15.9284 2.91492 -0.129147 0.991519 0.0143693
-11.6725 15.9274 3.38564 -0.134093 0.990934 0.00677724
-12.5977 15.8033 3.43528 -0.134514 0.990907 0.00229619
-12.6881 15.7992 2.38123 -0.14492 0.989415 0.00733213
-12.8036 15.7918 1.1986 -0.151049 0.988511 0.0051816
-12.778 15.7956 0.209786 -0.1551 0.987815 -0.00299415
-12.773 15.796 -0.747018 -0.144624 0.989456 0.00498133
-12.7219 15.8115 -1.94484 -0.15224 0.988309 0.00580721
-12.7192 15.8091 -3.16069 -0.142438 0.989796 0.0032632
-12.7134 15.8116 -3.36077 -0.141804 0.989835 0.0105569
-13.6399 15.6612 -3.49447 -0.17096 0.985261 0.00575122
-13.6943 15.6478 -2.40036 -0.173327 0.984862 0.0011813
-13.6999 15.6395 -1.18333 -0.17877 0.983889 0.00209836
-13.7262 15.6323 -0.117554 -0.178699 0.983902 -0.00155817
-13.7498 15.6268 0.914301 -0.180051 0.983652 0.00311524
-13.6835 15.6364 1.98253 -0.17844 0.98395 0.000793553
-13.558 15.6563 3.10906 -0.174073 0.984731 4.33373e-05
-13.5408 15.6587 3.53041 -0.167097 0.985936 0.000953224
-14.4707 15.4881 3.61052 -0.2141 0.976808 -0.0026151
-14.5469 15.4772 2.58785 -0.199424 0.97975 -0.00144754
-14.6398 15.4616 1.52877 -0.188602 0.981979 0.00731419
-14.6592 15.4592 0.302123 -0.192963 0.981203 -0.00184863
-14.6306 15.4564 -0.870407 -0.202352 0.979257 -0.0100758
-14.6484 15.4553 -1.91623 -0.206038 0.978531 0.00469589
-14.5947 15.4747 -2.98057 -0.20954 0.977728 -0.0103503
-14.5525 15.4824 -3.50377 -0.210336 0.977598 0.00202539
-15.4685 15.2776 -3.57515 -0.217493 0.976057 -0.000531947
-15.5771 15.2495 -2.40906 -0.23513 0.97196 0.000148168
-15.5716 15.249 -1.17191 -0.224339 0.974498 -0.00429725
-15.5697 15.256 -0.190843 -0.229264 0.973335 -0.00454709
-15.5731 15.2582 0.914575 -0.241909 0.970233 0.00903191
-15.4785 15.2654 2.30687 -0.229017 0.973412 0.00454279
-15.4072 15.2812 3.45337 -0.219735 0.975559 0.00131889
-15.3989 15.2829 3.58457 -0.219275 0.975662 -0.000546518
-16.3235 15.0672 3.45486 -0.235923 0.97177 -0.00176961
-16.3825 15.0517 2.2368 -0.232953 0.972478 0.00378902
-16.4686 15.0303 1.24551 -0.25108 0.967963 -0.00260156
-16.4899 15.0238 0.168305 -0.258058 0.966127 0.000210857
-16.4857 15.0227 -0.880633 -0.261306 0.965244 -0.00474997
-16.4992 15.0168 -1.8574 -0.262883 0.964822 0.003035
-16.4589 15.031 -2.98733 -0.261433 0.965217 -0.00259629
-16.423 15.0392 -3.37571 -0.256995 0.966404 -0.0020604
-17.3226 14.7952 -3.43687 -0.26469 0.964333 -0.000983718
-17.4047 14.7713 -2.38031 -0.268772 0.963172 0.00583765
-17.4005 14.7723 -1.25983 -0.261738 0.965133 -0.00286965
-17.3972 14.7795 -0.0175479 -0.267181 0.963606 -0.00877412
-17.3888 14.7878 1.00289 -0.269778 0.962918 -0.00238001
-17.3138 14.813 2.19456 -0.253674 0.967287 -0.00235937
-17.2504 14.8337 3.32271 -0.253099 0.967437 -0.000994586
-17.2494 14.8339 3.37388 -0.254391 0.967101 0.000828825
-18.1647 14.575 3.44592 -0.286301 0.958136 -0.00262965
-18.2134 14.5561 2.48611 -0.284936 0.95853 -0.00545793
-18.2943 14.5274 1.45632 -0.288964 0.957329 -0.00298284
-18.3194 14.5143 0.0223428 -0.28641 0.958072 -0.0081854
-18.3008 14.5133 -0.999816 -0.284163 0.958752 -0.00585901
-18.3083 14.51 -2.02859 -0.300698 0.953715 -0.00238509
-18.2578 14.5277 -2.98211 -0.290852 0.956756 -0.00289033
-18.2161 14.5382 -3.41195 -0.294601 0.955617 -0.0024129
-19.1093 14.2542 -3.59428 -0.311466 0.950233 -0.00549286
-19.187 14.231 -2.51361 -0.303931 0.952694 0.00079356
-19.2126 14.2253 -1.52641 -0.302238 0.95321 -0.00585208
-19.2166 14.2334 -0.352382 -0.305423 0.952184 -0.00775994
-19.2103 14.2444 0.83682 -0.308212 0.951282 -0.00819177
-19.1422 14.2711 1.82573 -0.300034 0.953916 -5.14222e-05
-19.0863 14.2895 2.93146 -0.303182 0.952932 -0.00121393
-19.0688 14.2955 3.4527 -0.303804 0.952733 -0.00163874
-19.9675 14.0046 3.51781 -0.313629 0.949541 -0.00278163
-19.9955 13.9952 2.56478 -0.311349 0.950291 0.00307334
-20.0672 13.9664 1.26448 -0.324427 0.945877 -0.0064643
-20.1146 13.9437 0.164968 -0.321158 0.947017 0.000699718
-20.1144 13.9373 -0.800192 -0.318025 0.948003 -0.0122658
-20.1021 13.9308 -1.8489 -0.319875 0.947429 -0.00747718
-20.0598 13.9384 -2.87547 -0.324165 0.945984 -0.00543657
-20.0209 13.9492 -3.44483 -0.323506 0.946219 -0.00370852
-20.9116 13.6399 -3.47198 -0.334098 0.942522 -0.00549992
-20.9892 13.6212 -2.35193 -0.33333 0.942766 -0.00890449
-20.9988 13.6259 -1.15332 -0.336016 0.941841 -0.0053034
-21.0175 13.6242 -0.0868123 -0.341592 0.939845 -0.00237545
-20.9814 13.6425 0.873811 -0.337707 0.941238 -0.00489623
-20.9393 13.6626 1.92951 -0.339596 0.940552 -0.00565515
-20.8722 13.6918 3.14356 -0.34348 0.939151 0.00359951
-20.8748 13.6886 3.58187 -0.341979 0.939697 0.00453457
-21.7597 13.3665 3.55511 -0.345988 0.938234 0.00163689
-21.8021 13.3511 2.42188 -0.346326 0.938108 -0.0032295
-21.8815 13.3144 1.20596 -0.347474 0.937675 -0.0052093
-21.8912 13.3048 0.0289021 -0.345674 0.938338 -0.00552061
-21.8979 13.2961 -1.25974 -0.345932 0.938253 -0.00361059
-21.8484 13.3095 -2.22255 -0.346207 0.938137 -0.00631457
-21.8001 13.3216 -3.39111 -0.341956 0.93969 -0.0056419
-21.7923 13.3236 -3.51749 -0.338896 0.940812 -0.00465953
-22.6886 12.9906 -3.44066 -0.350733 0.936471 -0.00289015
-22.7538 12.9722 -2.05264 -0.3533 0.935501 -0.004073
-22.7628 12.9741 -0.944846 -0.353814 0.935308 -0.00385266
-22.7941 12.9669 0.00784344 -0.354504 0.935039 -0.00528543
-22.7507 12.9866 0.97 -0.352802 0.935689 -0.00370549
-22.6959 13.0126 2.13745 -0.355415 0.934695 -0.00501476
-22.6517 13.0325 3.28939 -0.356003 0.934482 -0.00194782
-23.5395 12.6937 3.50014 -0.360417 0.932777 -0.0044349
-23.558 12.6839 2.5358 -0.362229 0.932086 -0.00242248
-23.6027 12.6645 1.52833 -0.357997 0.933719 -0.00240342
-23.6561 12.6404 0.45703 -0.357446 0.933925 -0.00415377
-23.6498 12.6378 -0.504228 -0.360806 0.932623 -0.00557903
-23.6384 12.6377 -1.61785 -0.360047 0.932927 -0.00373548
-23.5826 12.6528 -2.87955 -0.356383 0.934332 -0.00353419
-23.5734 12.655 -3.41004 -0.356614 0.934249 -0.00246807
-24.4475 12.3197 -3.62234 -0.360771 0.932653 -0.000889164
-24.4945 12.3038 -2.4863 -0.359774 0.933036 -0.00259345
-24.5112 12.3006 -1.44988 -0.36218 0.932103 -0.00236899
-24.5161 12.3017 -0.351342 -0.364309 0.931273 -0.00316362
-24.5061 12.3104 0.760521 -0.365668 0.930738 -0.00374635
-24.4614 12.3294 1.75224 -0.366478 0.930426 0.000608239
-24.4277 12.3454 2.90037 -0.364738 0.931108 -0.0021393
-24.4239 12.348 3.49592 -0.365867 0.930656 -0.00443253
-25.3032 12.0016 3.56643 -0.36677 0.93031 -0.00160376
-25.3053 11.9991 2.60401 -0.369021 0.929421 -0.000618629
-25.3448 11.9807 1.58127 -0.368451 0.929646 -0.00142735
-25.3948 11.959 0.431633 -0.368491 0.929629 -0.00220554
-25.3937 11.9571 -0.674841 -0.366086 0.930577 -0.002676
-25.3968 11.9541 -1.76344 -0.365385 0.930856 -0.00119865
-25.3394 11.9745 -2.80698 -0.364667 0.931134 -0.00272444
-25.3239 11.9784 -3.52894 -0.363778 0.931482 -0.00239164
-26.1883 11.6388 -3.66554 -0.366063 0.930589 -0.00173115
-26.2126 11.6311 -2.69957 -0.367546 0.930004 -0.00176433
-26.2656 11.6121 -1.62756 -0.366761 0.930314 -0.00137239
-26.271 11.6114 -0.60628 -0.367423 0.930052 -0.00168538
-26.2771 11.6099 0.41948 -0.36885 0.929488 -0.000487862
-26.2391 11.626 1.6357 -0.37026 0.928926 -0.00182649
-26.2104 11.6391 2.64251 -0.370605 0.92879 -0.00104613
-26.1973 11.645 3.25249 -0.37058 0.9288 -0.00114441
-27.076 11.2928 3.25477 -0.373156 0.927768 -0.000942887
-27.0835 11.2888 2.21261 -0.373351 0.927689 -0.000962713
-27.1276 11.2704 1.25309 -0.372537 0.928017 -4.79405e-05
-27.1477 11.2625 0.1313 -0.371232 0.92854 0.000365451
-27.154 11.2596 -0.934022 -0.370933 0.928659 -0.000905013
-27.1436 11.2628 -1.92041 -0.370289 0.928917 -0.000173652
-27.101 11.2788 -2.99159 -0.368681 0.929554 -0.00168345
-27.1163 11.2722 -3.4215 -0.369135 0.929376 -0.000521303
-27.9767 10.9298 -3.64207 -0.370424 0.928863 4.52144e-07
-27.9885 10.9253 -2.5187 -0.371433 0.92846 -0.000340751
-28.0376 10.9059 -1.47087 -0.372335 0.928098 -0.000221951
-28.0263 10.9101 -0.450254 -0.373326 0.9277 0.00105293
-27.9815 10.9274 0.686071 -0.373859 0.927486 0.000433687
-27.9675 10.9328 1.81335 -0.373982 0.927436 8.46361e-05
-27.9497 10.9402 2.87521 -0.374034 0.927414 -0.000839192
-27.9577 10.9375 3.37785 -0.375451 0.926842 -0.000723458
-28.8255 10.5858 3.2383 -0.376615 0.92637 -0.000213845
-28.8315 10.5832 2.10135 -0.375781 0.926709 0.000411937
-28.8552 10.5745 0.910518 -0.37553 0.92681 0.000936128
-28.8893 10.5622 -0.198812 -0.374526 0.927215 0.00135206
-28.9099 10.5551 -1.22216 -0.373901 0.927468 0.00100448
-28.8752 10.5699 -2.317 -0.372892 0.927874 0.000608641
-28.8573 10.5781 -3.52611 -0.371907 0.928269 0.000968563
-29.7203 10.2318 -3.52392 -0.373382 0.927676 0.00185965
-29.7298 10.2262 -2.52877 -0.374019 0.927419 0.00170426
-29.7497 10.2163 -1.51271 -0.375315 0.926896 0.00175112
-29.7593 10.2106 -0.461531 -0.375642 0.926763 0.00199057
-29.7472 10.2136 0.621838 -0.376356 0.926474 0.00136833
-29.7162 10.2244 1.61454 -0.376525 0.926404 0.00188205
-29.6877 10.2352 2.60815 -0.377297 0.926091 0.000419703
-29.706 10.227 3.4957 -0.378125 0.925755 -0.000254523
-13.1975 15.715 4.64956 -0.158712 0.987269 -7.13993e-05
-11.8941 15.8949 4.64009 -0.130762 0.991407 -0.00105254
-10.6886 16.0305 4.60525 -0.0974419 0.995241 -0.000649618
-9.64256 16.1167 4.62202 -0.0695272 0.997545 -0.0029191
-8.45423 16.1893 4.63595 -0.0573518 0.998351 0.00136856
-7.20887 16.2532 4.61335 -0.0440982 0.999027 -4.88463e-05
-5.95956 16.2998 4.61939 -0.0341742 0.999414 0.00204213
-4.7912 16.3349 4.60618 -0.0257289 0.999666 0.0024396
-3.72693 16.3609 4.64379 -0.0216079 0.999761 0.00284654
-2.50633 16.3823 4.65399 -0.0160042 0.999865 0.00374407
-1.38071 16.3995 4.6291 -0.0144436 0.999881 0.00540306
-0.212249 16.4169 4.66134 -0.0163754 0.999852 0.00529392
1.15631 16.4412 4.6323 -0.0191549 0.99978 0.00858189
2.34084 16.4723 4.67201 -0.0356469 0.999323 0.00819445
3.51155 16.5181 4.60092 -0.0386982 0.999189 0.0111046
4.87265 16.5787 4.57415 -0.0509421 0.998605 0.0138853
6.10025 16.6487 4.59585 -0.0654052 0.997758 0.0135673
7.2009 16.7262 4.64395 -0.0724482 0.997299 0.0120738
8.32942 16.8214 4.64084 -0.09332 0.995602 0.00817863
9.41343 16.9236 4.6217 -0.105668 0.994401 -0.000501788
10.5143 17.0489 4.68964 -0.12398 0.992262 -0.00624713
11.6373 17.1987 4.73138 -0.142098 0.989744 -0.0145532
12.707 17.3569 4.65376 -0.151738 0.988261 -0.0177888
13.9095 17.541 4.66598 -0.146833 0.989029 -0.0161219
15.1379 17.7149 4.6663 -0.129679 0.991479 -0.0102435
16.3498 17.8627 4.63094 -0.108595 0.993989 0.00240136
17.6822 17.9681 4.66607 -0.0377214 0.999243 5.06445e-05
18.8465 17.9797 4.65757 0.0253183 0.999647 -0.00806154
20.0405 17.9397 4.62228 0.0457495 0.99894 -0.00482083
21.1343 17.8365 4.6406 0.134524 0.990843 -0.00264144
22.4004 17.5684 4.62394 0.319445 0.946276 0.047294
23.5371 17.0724 4.6406 0.431195 0.902217 -0.00606799
24.6841 16.3532 4.63913 0.634854 0.770418 0.0579481
25.4756 15.5668 4.62378 0.781033 0.619255 0.026883
25.7808 15.1496 3.67012 0.857993 0.510885 0.0513582
25.7928 15.2016 2.61262 0.845832 0.531485 0.0394862
25.8835 15.1548 1.33991 0.868772 0.489014 -0.0258989
25.8754 15.1348 0.0337327 0.861815 0.506308 0.0134626
25.9413 15.1515 -1.34116 0.828563 0.556874 0.05751
25.9809 15.1809 -2.41798 0.838117 0.544455 0.00609823
26.0287 15.2036 -3.48145 0.791596 0.588151 0.130609
25.9371 15.3252 -4.59308 0.816408 0.577181 0.0182618
25.1928 16.185 -4.6991 0.674585 0.735823 0.0579541
24.1171 16.969 -4.6576 0.475573 0.87961 -0.0054349
23.1428 17.3746 -4.70099 0.332616 0.942986 0.00905707
21.9628 17.6729 -4.7265 0.197479 0.980214 -0.00632516
20.7877 17.8648 -4.70381 0.13702 0.990246 0.00677081
19.6214 17.9529 -4.72997 0.0627658 0.997653 0.024944
18.4131 17.9574 -4.73897 -0.0153301 0.999777 0.0115215
17.3725 17.9072 -4.72875 -0.0768424 0.99693 -0.000536362
16.0217 17.7669 -4.70419 -0.126916 0.991813 -0.0141492
14.6689 17.5833 -4.6568 -0.136923 0.990473 -0.0147091
13.3341 17.3974 -4.63355 -0.140149 0.990013 -0.0149743
12.159 17.2343 -4.67981 -0.132744 0.9911 -0.00984676
11.0849 17.097 -4.70005 -0.119088 0.99288 0.000352441
9.8706 16.9672 -4.69945 -0.0999639 0.994986 0.0019748
8.65001 16.8589 -4.67106 -0.0817136 0.996654 -0.00134141
7.55022 16.7766 -4.65941 -0.0702337 0.99753 0.00103942
6.18478 16.6877 -4.6684 -0.060112 0.99818 -0.00405404
4.81952 16.6102 -4.70342 -0.054031 0.998533 -0.00206276
3.75415 16.5633 -4.67477 -0.0414614 0.999135 -0.00245479
2.60539 16.5252 -4.63998 -0.0334206 0.99944 0.00162627
1.32254 16.4891 -4.66047 -0.0247 0.99966 0.00837063
0.14605 16.4597 -4.6719 -0.0232957 0.999667 0.0111168
-0.90325 16.4384 -4.66619 -0.0208281 0.999748 0.00815608
-1.98541 16.4177 -4.63693 -0.0172584 0.999847 0.00202428
-3.03598 16.3977 -4.66799 -0.0200523 0.999798 -0.00102928
-4.08215 16.376 -4.67868 -0.02093 0.999778 -0.0025228
-5.24847 16.3471 -4.65526 -0.0278064 0.999613 -0.000532998
-6.51167 16.3088 -4.68018 -0.0363372 0.999329 -0.00193164
-7.61856 16.2612 -4.68267 -0.0485438 0.998819 0.00178351
-8.96165 16.1914 -4.69249 -0.0561114 0.998416 0.00386696
-10.1589 16.1055 -4.67382 -0.0780773 0.996939 0.00397488
-11.2747 15.9948 -4.64135 -0.110353 0.993885 0.00372946
-12.3166 15.8686 -4.63615 -0.127002 0.991887 0.00551419
-13.5262 15.6803 -4.64196 -0.178231 0.983975 -0.00505282
-14.6173 15.4681 -4.66437 -0.209316 0.977842 0.00277835
-15.7158 15.2299 -4.63754 -0.228282 0.973527 0.00490462
-17.0086 14.8838 -4.65263 -0.269737 0.962928 0.00345431
-18.064 14.5775 -4.6767 -0.291239 0.95661 -0.0085609
-19.3413 14.1726 -4.70544 -0.313922 0.949418 -0.00567253
-20.6325 13.7346 -4.69217 -0.324581 0.945854 -0.0019669
-21.6813 13.3592 -4.71956 -0.341568 0.939857 -0.000619169
-22.8814 12.9148 -4.68232 -0.350977 0.936378 -0.00317869
-23.9156 12.5214 -4.69045 -0.356741 0.9342 -0.00236548
-25.0668 12.0765 -4.70949 -0.364035 0.931383 -0.00220575
-26.0907 11.6757 -4.70274 -0.36535 0.930868 -0.00202583
-27.101 11.2776 -4.72155 -0.36808 0.929793 -0.000697285
-28.2058 10.8389 -4.68877 -0.369781 0.929119 0.000571241
-29.1709 10.4544 -4.68435 -0.37088 0.928679 0.00167221
-30.4449 9.94288 -4.61618 -0.373511 0.927621 0.00279894
-31.1084 9.67311 -4.03807 -0.374962 0.927034 0.00346561
-31.1628 9.64716 -2.92138 -0.375608 0.926774 0.00286202
-31.1203 9.66062 -1.68928 -0.376762 0.926306 0.00268308
-31.118 9.6578 -0.390129 -0.377298 0.926088 0.0027956
-31.0906 9.66535 0.80145 -0.378644 0.925539 0.00261033
-31.1037 9.6569 2.00694 -0.379289 0.925275 0.00229815
-31.114 9.65021 3.06034 -0.380746 0.924679 0.00131659
-31.0865 9.66039 4.18791 -0.380938 0.9246 0.000120007
-30.2939 9.98669 4.67412 -0.380135 0.92493 -0.00096646
-28.9744 10.5261 4.65397 -0.377181 0.926139 -0.0011024
-27.7562 11.0207 4.63026 -0.374934 0.92705 -0.00135712
-26.6839 11.4525 4.61928 -0.372543 0.928012 -0.00211209
-25.5348 11.912 4.63803 -0.369309 0.929296 -0.00449185
-24.4126 12.3575 4.62272 -0.366736 0.930309 -0.00524251
-23.3416 12.777 4.65303 -0.361482 0.932355 -0.00663854
-22.0279 13.2707 4.68191 -0.348014 0.937473 -0.00543567
-21.037 13.6315 4.65471 -0.335768 0.941924 -0.00539467
-19.7423 14.0817 4.64019 -0.325249 0.945621 -0.00339385
-18.3928 14.5084 4.62949 -0.288329 0.957513 -0.00552696
-17.1585 14.8603 4.63171 -0.254356 0.967105 -0.00277146
-16.023 15.1446 4.65196 -0.234761 0.972023 -0.0059108
-14.8845 15.4029 4.67068 -0.211913 0.977245 -0.00909476
-13.7468 15.6215 4.6725 -0.168304 0.985722 0.00513604
-13.3581 15.6876 4.65386 -0.167487 0.985865 0.00408824
-13.3824 15.6907 5.69919 -0.16228 0.986697 -0.00971074
-14.7711 15.4403 5.72093 -0.205904 0.978354 -0.0150896
-15.8872 15.1849 5.70518 -0.226585 0.973914 -0.0121408
-16.9534 14.9205 5.69134 -0.250707 0.968038 -0.00694656
-17.9844 14.6401 5.72416 -0.272941 0.962014 -0.00562442
-19.121 14.2951 5.69627 -0.30692 0.951581 -0.0121743
-20.3684 13.8725 5.70782 -0.329172 0.944138 -0.0157491
-21.4352 13.4969 5.70651 -0.340028 0.940331 -0.0117967
-22.4745 13.1111 5.7343 -0.352109 0.9359 -0.0105443
-23.4847 12.7263 5.70917 -0.36246 0.931989 -0.00444473
-24.775 12.2196 5.69719 -0.369668 0.929149 -0.00520027
-25.952 11.7495 5.70743 -0.371395 0.928466 -0.00396615
-27.0172 11.3216 5.68219 -0.373741 0.92753 -0.00230573
-28.0287 10.9123 5.69335 -0.37571 0.926735 -0.00182658
-29.1033 10.4752 5.70208 -0.377273 0.926101 -0.00144431
-30.1548 10.0456 5.71209 -0.378838 0.925462 -0.00140285
-31.2189 9.60789 5.70008 -0.381053 0.924552 -0.00143443
-32.0463 9.26483 5.14044 -0.38236 0.924011 -0.00182111
-32.078 9.25121 3.99232 -0.383081 0.923714 0.00118835
-32.1018 9.24393 2.94535 -0.381517 0.924357 0.00299709
-32.075 9.25949 1.60986 -0.38007 0.924953 0.002987
-32.0824 9.26076 0.396372 -0.379368 0.925239 0.00349742
-32.0976 9.25915 -0.789207 -0.378423 0.925626 0.00345603
-32.0977 9.26379 -1.92955 -0.377234 0.926109 0.00408786
-32.138 9.25291 -3.22817 -0.376025 0.926602 0.00378195
-32.0768 9.2836 -4.4283 -0.374411 0.927251 0.00471761
-32.0215 9.31133 -5.52118 -0.374001 0.927416 0.00470463
-30.8732 9.77433 -5.65948 -0.373167 0.927756 0.00383785
-29.5787 10.2935 -5.73785 -0.370828 0.928695 0.00343062
-28.6052 10.6815 -5.74676 -0.369396 0.92927 0.0021049
-27.5937 11.0821 -5.75105 -0.366998 0.930222 0.000171867
-26.3583 11.5686 -5.72876 -0.365639 0.930756 -0.0010723
-25.2615 11.9986 -5.77761 -0.364317 0.931274 -0.00141373
-24.209 12.4067 -5.75862 -0.359405 0.93318 -0.00183624
-23.2165 12.7866 -5.74241 -0.353691 0.935359 -0.00140901
-22.1846 13.1726 -5.74694 -0.347559 0.937655 0.00239269
-21.0244 13.596 -5.74123 -0.334959 0.942218 -6.56832e-05
-19.898 13.9851 -5.75669 -0.323199 0.94633 -0.00147493
-18.6452 14.3964 -5.74766 -0.301981 0.953302 0.00144774
-17.6317 14.7076 -5.7275 -0.285421 0.958402 0.000247135
-16.4169 15.0517 -5.70205 -0.266969 0.963672 0.0076756
-15.1089 15.3647 -5.73246 -0.22226 0.974981 -0.00358551
-14.0492 15.5863 -5.73736 -0.180554 0.983512 0.00855822
-12.914 15.7838 -5.71149 -0.160241 0.98699 0.0130311
-11.5518 15.9696 -5.69912 -0.119181 0.992693 0.0176826
-10.5009 16.0817 -5.75413 -0.0910841 0.995836 0.0032812
-9.33116 16.17 -5.76941 -0.066175 0.997794 0.00313597
-8.26327 16.2306 -5.74703 -0.0509633 0.9987 0.00100703
-7.08294 16.2851 -5.74432 -0.0369785 0.999315 0.00101237
-5.9217 16.3259 -5.73519 -0.031022 0.999518 -0.000760524
-4.86885 16.3564 -5.7399 -0.0244059 0.999702 0.000890349
-3.70915 16.3814 -5.76165 -0.0206991 0.999784 -0.00206336
-2.52881 16.4074 -5.73829 -0.0237489 0.999717 -0.00133233
-1.37654 16.4351 -5.70391 -0.0244301 0.999679 0.00664936
-0.279366 16.461 -5.73106 -0.0237878 0.999672 0.00943
0.91055 16.4891 -5.7328 -0.0229447 0.999685 0.0101602
2.10098 16.516 -5.69148 -0.0204332 0.999761 0.00678184
3.21453 16.5447 -5.73954 -0.0296477 0.999548 -0.0021628
4.34363 16.5836 -5.76037 -0.0426295 0.999042 -0.00678156
5.6146 16.6494 -5.76497 -0.0572981 0.998334 -0.00673482
6.73411 16.7194 -5.71987 -0.0655605 0.997844 -0.00283245
7.89367 16.8035 -5.74589 -0.0782468 0.996931 0.00225649
9.08487 16.8989 -5.72388 -0.0851904 0.996361 0.00255501
10.1803 16.9996 -5.74209 -0.0957397 0.995406 -0.0011046
11.3032 17.1209 -5.73826 -0.113282 0.993523 -0.00830398
12.5858 17.2804 -5.72681 -0.127167 0.991829 -0.00985698
14.0335 17.475 -5.71284 -0.136805 0.990257 -0.02597
15.3472 17.6614 -5.77443 -0.135634 0.990636 -0.0154747
16.4564 17.8069 -5.77659 -0.125234 0.992026 -0.0141745
17.6106 17.9169 -5.79755 -0.0696009 0.997507 -0.0115303
18.7393 17.9668 -5.76599 -0.0162859 0.999857 2.28522e-05
19.9092 17.9585 -5.75688 0.0324071 0.999329 0.0154731
21.1304 17.8616 -5.76007 0.122338 0.990588 0.0556972
22.315 17.6733 -5.77231 0.201155 0.974796 0.0891224
23.6113 17.2568 -5.7197 0.379748 0.920219 0.0936159
24.6931 16.684 -5.74049 0.546026 0.832858 0.084711
25.5564 15.9375 -5.77048 0.741242 0.664988 0.0839501
26.2015 14.9557 -5.78585 0.896988 0.440893 0.0307216
26.5306 14.2359 -4.97324 0.93523 0.353323 -0.0136707
26.5111 14.227 -3.82888 0.90666 0.421375 0.0164084
26.4939 14.2435 -2.55523 0.892905 0.450226 0.00139379
26.4462 14.2336 -1.31614 0.886679 0.457432 0.0669825
26.3664 14.2288 -0.279592 0.889647 0.450795 0.0727127
26.3238 14.2017 0.992555 0.914235 0.403965 0.0292068
26.2552 14.2543 2.10077 0.927393 0.369562 0.0578824
26.2206 14.1937 3.25571 0.947496 0.3156 0.0506255
26.1749 14.132 4.33075 0.935385 0.349332 0.0546463
26.0519 14.3269 5.54188 0.935068 0.353716 0.022794
25.549 15.3808 5.7385 0.865815 0.497097 0.0253742
24.5846 16.4299 5.69447 0.610161 0.787209 -0.0670527
23.7018 16.9996 5.70105 0.438987 0.897441 -0.0360687
22.4533 17.5081 5.68642 0.305323 0.951966 -0.0230461
21.3529 17.8023 5.68595 0.197104 0.98003 0.0260573
19.997 17.9373 5.6903 0.0682163 0.997666 0.0022273
18.9262 17.9888 5.70604 0.0224309 0.999712 -0.00779852
17.5588 17.9671 5.70306 -0.05621 0.998274 -0.0119251
16.2743 17.8562 5.69184 -0.0984509 0.995104 -0.00852771
14.8575 17.6899 5.73409 -0.13145 0.991126 -0.018291
13.6068 17.5129 5.69215 -0.144899 0.989253 -0.0195204
12.5754 17.3584 5.7239 -0.150728 0.988342 -0.0214573
11.2807 17.1577 5.77344 -0.144589 0.989487 0.000112013
10.2509 17.0183 5.70387 -0.119282 0.99286 -0.000174045
8.97957 16.8743 5.69755 -0.0986256 0.99508 0.00915726
7.93397 16.7734 5.71666 -0.0919458 0.995664 0.0137409
6.85624 16.6858 5.70388 -0.0759108 0.996989 0.0157675
5.75415 16.6117 5.66303 -0.0623844 0.997853 0.0194248
4.58807 16.5534 5.64819 -0.04609 0.998892 0.00947087
3.29365 16.4989 5.68986 -0.0399908 0.999156 0.00939189
1.94755 16.4535 5.72159 -0.0275551 0.999591 0.00763688
0.782296 16.4266 5.69386 -0.0190157 0.999783 0.00849511
-0.33858 16.4075 5.73845 -0.0157255 0.999849 0.00734038
-1.67876 16.3899 5.6956 -0.0135343 0.999894 0.00522667
-3.00436 16.3699 5.69467 -0.0167532 0.999849 0.00469479
-4.43913 16.3419 5.69273 -0.02537 0.999678 -6.25476e-05
-5.61671 16.3089 5.69453 -0.0306925 0.999526 0.00227938
-6.74862 16.2699 5.70312 -0.0360119 0.99935 -0.00125791
-8.00256 16.2152 5.70158 -0.0512616 0.998683 -0.00157447
-9.15379 16.1514 5.69077 -0.0592884 0.998228 -0.00497438
-10.236 16.0771 5.67912 -0.0762618 0.997051 -0.00850544
-11.6392 15.936 5.6867 -0.119648 0.992809 -0.00395275
-12.7333 15.7916 5.69493 -0.140294 0.990054 -0.010553
-13.2446 15.7132 5.69935 -0.159657 0.987137 -0.00805453
-13.1699 15.7431 6.7293 -0.153603 0.987915 -0.018168
-11.8958 15.9245 6.75587 -0.136934 0.990346 -0.0215164
-10.851 16.0408 6.71982 -0.0963112 0.995019 -0.025581
-9.71393 16.1262 6.72064 -0.0676577 0.997568 -0.0166017
-8.62933 16.1956 6.79973 -0.0560445 0.998203 -0.0205336
-7.44256 16.2486 6.77134 -0.0387652 0.999193 -0.0104667
-6.08638 16.2928 6.76044 -0.0306204 0.999528 -0.00213887
-4.94976 16.3294 6.7838 -0.0359378 0.999345 0.00153487
-3.86894 16.3578 6.78001 -0.0128812 0.999903 -0.00239495
-2.79136 16.3702 6.78766 -0.00841502 0.999944 0.00642248
-1.68865 16.3813 6.77773 -0.00930659 0.999906 0.00993011
-0.484465 16.3962 6.80489 -0.0155288 0.99981 0.0115495
0.677859 16.4137 6.79926 -0.0169278 0.999791 0.0112341
1.77221 16.4389 6.76749 -0.0277951 0.999555 0.0108359
2.91197 16.4727 6.77124 -0.0353691 0.999283 0.0132626
4.00315 16.5205 6.72996 -0.0476003 0.998862 -0.000987564
5.14357 16.5693 6.73637 -0.0433212 0.999014 0.00974122
6.28023 16.6187 6.75336 -0.073506 0.996851 0.0295535
7.49086 16.7123 6.76342 -0.0827416 0.996204 0.0268577
8.74168 16.8326 6.78459 -0.0996812 0.994751 0.0224711
10.0733 16.981 6.7515 -0.123738 0.992044 0.0231392
11.3232 17.1427 6.80847 -0.149251 0.988178 0.032793
12.5247 17.3736 6.78604 -0.177199 0.983613 -0.00503798
13.6106 17.5317 6.72393 -0.136293 0.990609 -0.0108314
14.7015 17.6868 6.79469 -0.141218 0.989534 -0.0294846
15.9504 17.8479 6.7528 -0.101654 0.99364 -0.0483224
17.1606 17.9558 6.75333 -0.0613498 0.996637 -0.0482175
18.2057 17.9971 6.78215 -0.0371886 0.99919 -0.014064
19.3375 17.9935 6.77377 0.039503 0.998825 -0.0171377
20.6311 17.9009 6.75518 0.104834 0.993187 -0.0508338
21.7632 17.7281 6.73655 0.211338 0.97501 -0.0677437
22.9878 17.3593 6.74269 0.413624 0.903224 -0.0876056
23.9594 16.9063 6.77177 0.499903 0.860151 -0.0625345
24.8867 16.2169 6.75282 0.631234 0.774147 -0.0452114
25.6127 15.3988 6.79506 0.8231 0.554392 -0.122577
26.0834 14.3838 6.78336 0.957453 0.276794 -0.0774886
26.3531 13.3158 6.68607 0.972201 0.227653 -0.0207831
26.4317 13.1872 5.50275 0.950796 0.306099 0.0475161
26.4979 13.1394 4.36143 0.952765 0.301515 0.0352768
26.5187 13.1693 3.28163 0.960701 0.277538 -0.000121325
26.5727 13.2764 2.06328 0.959356 0.272517 0.0732243
26.6778 13.1844 0.978678 0.954916 0.288783 0.0671984
26.7526 13.2448 -0.10868 0.94407 0.317069 0.090482
26.8808 13.248 -1.42905 0.922207 0.376108 0.0858489
26.913 13.256 -2.51673 0.923529 0.383089 0.018189
26.9351 13.2492 -3.91154 0.925465 0.378042 -0.0141325
26.8895 13.2611 -4.98633 0.953679 0.29673 -0.0493595
26.855 13.2494 -6.1363 0.957473 0.288517 -0.00132567
26.6327 13.9799 -6.798 0.95144 0.307494 0.00878364
26.2361 15.1876 -6.81171 0.910327 0.393834 0.105177
25.5679 16.0656 -6.8016 0.750106 0.630253 0.197958
24.5308 16.895 -6.79368 0.568314 0.815261 0.111217
23.5036 17.4256 -6.77657 0.344915 0.930877 0.119842
22.4135 17.742 -6.85597 0.248225 0.961095 0.121137
21.3927 17.9142 -6.79903 0.0810883 0.990143 0.112118
20.3024 17.9577 -6.80612 0.00486631 0.999768 0.00816687
18.9682 17.9818 -6.79239 -0.0270205 0.999259 0.0158564
17.8107 17.9254 -6.84366 -0.0564366 0.998399 0.00386723
16.523 17.8 -6.83462 -0.124961 0.990836 0.0512318
15.2919 17.6355 -6.83842 -0.156465 0.987575 -0.0134071
14.0518 17.4462 -6.77443 -0.141334 0.989372 -0.0337296
12.9997 17.311 -6.80017 -0.120072 0.992295 -0.0303764
11.9525 17.1959 -6.78862 -0.115082 0.993237 0.0138279
10.7753 17.0487 -6.76289 -0.104539 0.99407 -0.0298669
9.49062 16.9357 -6.80377 -0.0857207 0.996316 0.00209742
8.36892 16.8432 -6.79536 -0.0806797 0.996739 0.00121816
7.20165 16.7506 -6.7944 -0.076496 0.997058 -0.00305563
5.78102 16.6466 -6.80551 -0.0789992 0.996763 -0.0124557
4.73343 16.586 -6.83978 -0.0314193 0.999212 -0.0238819
3.51428 16.5499 -6.82752 -0.0256501 0.999656 -0.00531196
2.37858 16.5241 -6.7759 -0.0138895 0.999887 -0.00273294
1.08937 16.5054 -6.79661 -0.0147192 0.9998 0.0131864
-0.0865119 16.4778 -6.79616 -0.0260574 0.999566 0.01375
-1.18615 16.4476 -6.81196 -0.0271512 0.999585 0.00959225
-2.52027 16.4049 -6.8419 -0.0314228 0.999491 -0.00512708
-3.57807 16.3799 -6.82373 -0.0178135 0.999828 -0.00516164
-4.87625 16.3568 -6.77009 -0.0207054 0.999784 0.00107933
-5.93426 16.3264 -6.81947 -0.0326422 0.999466 0.000818655
-7.29469 16.2802 -6.81711 -0.0381395 0.999258 0.00366282
-8.3359 16.2318 -6.81687 -0.048149 0.998782 0.0105528
-9.44312 16.1694 -6.81463 -0.0717495 0.997325 0.0138705
-10.6886 16.0705 -6.8159 -0.0849406 0.996289 0.0123603
-11.783 15.9611 -6.7621 -0.129476 0.991352 0.0202472
-12.9314 15.8002 -6.80331 -0.156302 0.98722 0.0278378
-14.0097 15.6121 -6.79065 -0.190956 0.981305 0.0238117
-15.0606 15.3955 -6.79882 -0.223317 0.974202 0.0323262
-16.156 15.1315 -6.78155 -0.248839 0.967981 0.0330431
-17.3493 14.8005 -6.81756 -0.276935 0.960694 0.0193223
-18.345 14.5049 -6.80109 -0.303653 0.952621 0.0175379
-19.411 14.1533 -6.81527 -0.317877 0.948086 0.00932803
-20.4533 13.7968 -6.81653 -0.32958 0.944119 0.00393786
-21.4494 13.4467 -6.79536 -0.337924 0.941168 0.00259559
-22.5236 13.0486 -6.80738 -0.350413 0.936592 0.00248739
-23.7623 12.5796 -6.81666 -0.355769 0.934569 0.00289944
-24.7527 12.1955 -6.83553 -0.362411 0.932017 -0.000858788
-25.7591 11.8029 -6.81357 -0.364478 0.931212 -0.000325039
-26.9687 11.3281 -6.77902 -0.365173 0.930939 -0.00085372
-28.0927 10.8869 -6.81329 -0.366306 0.930492 0.00203121
-29.1751 10.4582 -6.7814 -0.36984 0.929087 0.0040133
-30.2385 10.034 -6.77525 -0.370858 0.928681 0.00392691
-31.4383 9.55274 -6.81517 -0.373331 0.927686 0.0048122
-32.5557 9.10198 -6.76332 -0.374526 0.927205 0.00460873
-33.1042 8.87657 -5.76495 -0.372883 0.92786 0.00573452
-33.0615 8.88496 -4.42031 -0.375484 0.92681 0.00596377
-33.0976 8.86361 -3.10034 -0.375197 0.926921 0.00659472
-33.0688 8.86742 -1.92925 -0.378202 0.925711 0.00475805
-33.0743 8.85959 -0.695092 -0.378456 0.925611 0.00402708
-33.0676 8.85733 0.378552 -0.378599 0.925545 0.00543881
-33.0401 8.86352 1.44556 -0.380646 0.924715 0.00320748
-33.0563 8.85242 2.50449 -0.380479 0.924777 0.00473798
-33.0974 8.83007 3.63912 -0.382616 0.923898 0.00413224
-33.0377 8.85286 4.68582 -0.383645 0.923481 0.000217649
-33.0657 8.84325 5.79516 -0.383446 0.92356 -0.00227445
-32.6128 9.03476 6.74161 -0.38296 0.923758 -0.00361865
-31.5147 9.48901 6.77799 -0.382267 0.924048 -0.0027204
-30.5479 9.88718 6.7511 -0.379207 0.925302 -0.00425144
-29.4546 10.3338 6.78553 -0.377941 0.925829 -0.000779596
-28.3289 10.7931 6.76203 -0.37751 0.926004 -0.00194776
-27.0612 11.3086 6.77749 -0.375102 0.926973 -0.00436199
-25.8639 11.7903 6.78435 -0.373312 0.927691 -0.00516212
-24.8607 12.1918 6.78482 -0.371483 0.928416 -0.00664978
-23.7331 12.637 6.76313 -0.364464 0.931186 -0.00758361
-22.7124 13.0328 6.76322 -0.359906 0.932874 -0.0139003
-21.5996 13.4525 6.75179 -0.342646 0.939184 -0.0228142
-20.4496 13.8664 6.78663 -0.33216 0.942807 -0.0280208
-19.4273 14.2164 6.76311 -0.321317 0.946452 -0.031373
-18.4054 14.5352 6.79016 -0.281999 0.958988 -0.0285833
-17.3697 14.8283 6.75516 -0.263862 0.964129 -0.026652
-16.1691 15.1444 6.76324 -0.248892 0.968182 -0.0260113
-15.1162 15.3876 6.75253 -0.208334 0.977613 -0.0293321
-14.0757 15.5873 6.76865 -0.174622 0.984268 -0.026884
-13.3386 15.7155 6.7497 -0.160879 0.986758 -0.0202962
