27.0418 16.9146 -3.57739 0.766997 0.641627 0.0053197
27.0741 16.8326 -2.59445 0.765957 0.639485 0.0655656
27.0549 16.7705 -1.29689 0.794769 0.606586 0.0188465
27.0799 16.6816 -0.288524 0.803937 0.59277 0.0480043
27.0725 16.6298 0.730679 0.778524 0.62376 0.0694149
27.0942 16.5886 1.8397 0.77184 0.635565 0.00876705
27.081 16.5889 3.04274 0.797612 0.603129 0.00701064
27.0808 16.5874 3.17453 0.799198 0.600872 -0.00608749
26.4833 17.2994 3.56525 0.729862 0.683215 0.0177085
26.4816 17.327 2.47374 0.699958 0.713789 0.00408259
26.4611 17.318 1.42601 0.714867 0.698944 -0.0209285
26.4319 17.3189 0.421564 0.713176 0.697744 0.0384258
26.4438 17.4233 -0.649929 0.636413 0.766016 0.0710482
26.3847 17.4661 -1.72284 0.624902 0.780356 -0.0150401
26.3395 17.4963 -2.8469 0.589896 0.806077 0.0357281
26.3409 17.5417 -3.43748 0.594171 0.802113 0.050708
25.5476 18.0282 -3.41297 0.462053 0.8862 0.0326506
25.5645 18.0082 -2.41261 0.498381 0.866766 -0.00228385
25.6255 17.97 -1.30495 0.395667 0.917634 0.0371542
25.6457 17.9066 -0.281527 0.466745 0.884114 0.0204577
25.7034 17.8898 0.977163 0.508884 0.860477 0.0123354
25.7611 17.9316 2.26164 0.539427 0.838021 -0.0814356
25.7515 17.9085 3.26541 0.569273 0.820118 0.0572741
25.7493 17.8991 3.41033 0.565428 0.821775 0.0700843
24.9062 18.3233 3.37958 0.309431 0.949887 0.0440558
24.9086 18.314 2.26904 0.334967 0.940366 -0.0581805
24.8401 18.2751 1.09494 0.363501 0.931214 -0.0258339
24.7694 18.3162 -0.138526 0.362275 0.931262 0.00874289
24.7314 18.3264 -1.40019 0.309293 0.949443 0.030455
24.7064 18.3922 -2.50661 0.329489 0.944145 0.00300969
24.6507 18.4146 -3.6783 0.342698 0.939134 -0.0196716
23.7491 18.6853 -3.64532 0.252344 0.967561 -0.011381
23.7986 18.6607 -2.50173 0.22061 0.973681 0.0568487
23.8041 18.6034 -1.39381 0.220068 0.974808 0.0288832
23.8503 18.5804 -0.155885 0.249689 0.968263 -0.011017
23.9382 18.5566 0.95401 0.271077 0.96175 -0.0284754
24.0169 18.5853 1.93939 0.219607 0.975171 -0.0220204
24.0125 18.5912 2.92963 0.224475 0.974413 0.0114126
24.0089 18.5838 3.54673 0.250708 0.966906 0.0333838
23.0782 18.7844 3.25873 0.177991 0.983931 0.00454108
23.0611 18.7706 2.26966 0.17407 0.984027 -0.0256749
23.0271 18.7546 1.23441 0.168059 0.985079 -0.0363004
22.9329 18.7622 -0.153118 0.175922 0.984349 0.0100422
22.8727 18.8012 -1.24189 0.176784 0.983676 0.0335852
22.8578 18.8317 -2.27979 0.176203 0.983876 0.026321
22.8303 18.8758 -3.52622 0.17049 0.984999 0.00703975
22.8233 18.8758 -3.62026 0.187894 0.98213 -0.0100641
21.901 18.9904 -3.40456 0.111225 0.993767 -0.00445182
21.922 18.9704 -2.38952 0.12593 0.991868 0.0182546
21.9264 18.9459 -1.21463 0.111582 0.993619 0.014841
22.0146 18.9142 -0.0468325 0.14655 0.989169 0.00559788
22.0748 18.8949 0.979117 0.107568 0.994111 0.0128831
22.1048 18.8968 2.10546 0.0977979 0.995144 -0.0109138
22.1366 18.9043 3.18324 0.0940022 0.995497 -0.0121936
22.1319 18.9085 3.5831 0.0934161 0.995591 -0.00841592
21.216 18.998 3.62325 0.0821858 0.99661 0.000194363
21.172 18.987 2.63644 0.0912421 0.995745 -0.0118753
21.1459 18.9852 1.35279 0.0883598 0.996084 0.00306556
21.0846 19.008 0.30953 0.0827144 0.99626 0.0228853
21.0011 19.027 -0.966776 0.0721294 0.997382 0.00479035
20.9759 19.0484 -2.02082 0.0566169 0.99828 0.0151736
20.9699 19.0542 -3.07473 0.0315375 0.999495 -0.0038184
20.9432 19.0523 -3.64776 0.041976 0.999116 0.00186594
19.9632 19.0789 -3.67429 0.00707712 0.99994 0.00806999
20.0167 19.0745 -2.64225 0.00355739 0.99997 -0.00222674
20.029 19.0781 -1.51049 0.00771898 0.999905 0.0102141
20.0608 19.0693 -0.489574 0.0167306 0.999852 -0.00388872
20.147 19.0638 0.476146 0.0385559 0.99922 0.000779659
20.2151 19.0425 1.81095 0.0527056 0.998341 0.0116013
20.2393 19.0479 3.04381 0.0357404 0.999224 -0.0162921
20.2568 19.0571 3.63851 0.0340714 0.999284 -0.0128123
19.3118 19.0672 3.61 -0.0028473 0.999959 -0.00804902
19.2542 19.0568 2.59035 -0.00123952 0.999981 -0.00604021
19.2482 19.0634 1.60241 0.00021625 0.999768 0.0215592
19.1844 19.0714 0.453565 -0.0122335 0.999925 7.00465e-06
19.1035 19.0746 -0.573037 -0.00807333 0.999947 -0.00577974
19.0629 19.0689 -1.65083 -0.0173856 0.999845 0.00200783
19.0715 19.0633 -2.69711 -0.020424 0.999746 -0.00945192
19.0366 19.0662 -3.61965 -0.0240029 0.999649 0.0112095
18.0828 19.0131 -3.60926 -0.0816407 0.996639 0.00671136
18.098 19.0238 -2.38299 -0.0764657 0.997015 -0.0104414
18.1048 19.0452 -1.17466 -0.0475817 0.99872 -0.0154496
18.222 19.0578 0.119945 -0.0261304 0.999646 0.00363521
18.2682 19.0498 1.21866 -0.0367505 0.999208 -0.000782188
18.3348 19.042 2.34948 -0.0366202 0.999321 0.00361693
18.3541 19.0436 3.4008 -0.0318015 0.999438 -0.00867777
17.4046 18.9925 3.49655 -0.0692476 0.997565 -0.0080549
17.3803 18.9903 2.39503 -0.0750201 0.997115 0.011265
17.3303 18.9898 1.24937 -0.109947 0.99385 0.013143
17.291 18.9856 0.192298 -0.099193 0.995049 -0.00483852
17.1995 18.9685 -0.84012 -0.108872 0.993996 -0.0108439
17.1404 18.9487 -2.02793 -0.110257 0.993841 -0.0110047
17.0926 18.9277 -3.07403 -0.102158 0.994686 -0.0108304
17.0926 18.9258 -3.45959 -0.0956274 0.995417 0.000138795
16.1643 18.8233 -3.4741 -0.125008 0.992149 -0.00244833
16.1925 18.834 -2.47864 -0.125834 0.991925 -0.013494
16.2583 18.8588 -1.34964 -0.112639 0.993531 -0.0142019
16.3093 18.8666 -0.202036 -0.130798 0.991404 0.00154241
16.3827 18.8827 1.083 -0.125945 0.99198 -0.00591718
16.4335 18.8837 2.12022 -0.122924 0.992416 1.68701e-05
16.4408 18.897 3.08877 -0.121004 0.992604 -0.00602169
16.4445 18.8973 3.33156 -0.116803 0.993155 0.00019592
15.503 18.7557 3.29924 -0.158851 0.987294 -0.0040821
15.4763 18.746 2.109 -0.159929 0.987122 -0.0023158
15.453 18.7471 1.09007 -0.168431 0.985703 -0.00439743
15.3949 18.7325 -0.137013 -0.161963 0.986786 -0.00222952
15.3413 18.7242 -1.26093 -0.163551 0.986468 -0.00926692
15.2659 18.7019 -2.22462 -0.153072 0.988145 -0.0116573
15.2298 18.6884 -3.28673 -0.150489 0.98859 -0.00658518
15.2285 18.6869 -3.5147 -0.150793 0.98855 -0.00542793
14.3005 18.5383 -3.53088 -0.165779 0.986158 -0.00321269
14.3536 18.5522 -2.52715 -0.163901 0.986453 -0.006726
14.3862 18.561 -1.26564 -0.171924 0.98511 0.000355175
14.4598 18.5738 -0.286259 -0.170561 0.985347 -9.47159e-05
14.5165 18.584 0.844943 -0.172602 0.98499 -0.00152766
14.538 18.5871 1.8298 -0.17223 0.985055 -0.000383398
14.5669 18.596 2.83252 -0.168198 0.985714 -0.00882081
14.587 18.6057 3.55286 -0.170201 0.985368 -0.00901208
13.6383 18.4366 3.55225 -0.177577 0.984081 -0.00717134
13.6338 18.4276 2.41267 -0.178219 0.983975 -0.00465922
13.6145 18.4227 1.30197 -0.176216 0.984351 -0.000207703
13.5497 18.4103 0.182832 -0.177484 0.984118 0.00209955
13.4775 18.4001 -0.790814 -0.175356 0.984504 0.00139686
13.4361 18.3941 -2.02976 -0.175195 0.984534 0.000699995
13.3655 18.3806 -3.03586 -0.169815 0.985474 -0.0020292
13.3686 18.3805 -3.50278 -0.168371 0.985723 -0.00142294
12.4276 18.2222 -3.43019 -0.164289 0.986409 -0.00248847
12.4666 18.2259 -2.30933 -0.166434 0.986044 0.00384975
12.5196 18.2357 -1.28129 -0.164617 0.98635 0.00379514
12.5962 18.2459 -0.143686 -0.168398 0.985716 0.0022005
12.6786 18.2576 0.86077 -0.17258 0.984993 0.00138323
12.687 18.2577 1.97837 -0.172 0.985096 0.000382986
12.7072 18.2623 2.97264 -0.17107 0.985203 -0.00801903
12.7013 18.266 3.52357 -0.178689 0.983878 -0.00727452
11.7729 18.1146 3.36422 -0.1544 0.987989 0.00551844
11.7445 18.1022 2.14771 -0.160162 0.987088 -0.00230595
11.7486 18.1019 1.12725 -0.15145 0.988464 0.000727701
11.672 18.0937 -0.0848638 -0.155753 0.987781 0.00552352
11.5832 18.0804 -1.28937 -0.162464 0.986695 0.00569725
11.5412 18.0766 -2.29017 -0.158582 0.987343 0.00239327
11.4937 18.0716 -3.35535 -0.158809 0.987306 0.00237035
11.4892 18.0712 -3.4639 -0.157409 0.987526 -0.00101165
10.5547 17.9375 -3.52271 -0.134907 0.990857 -0.00149475
10.5852 17.9391 -2.33736 -0.137052 0.990541 0.00643453
10.6501 17.9329 -1.17806 -0.135229 0.990658 0.0170232
10.7573 17.9513 0.0952376 -0.131301 0.991252 -0.0133465
10.8349 17.9651 1.26089 -0.124061 0.992272 -0.00206612
10.8324 17.9648 2.46745 -0.136351 0.990636 -0.00325489
10.8418 17.969 3.51592 -0.144096 0.989491 0.0117168
9.91492 17.8494 3.3755 -0.123617 0.992287 0.00913582
9.88841 17.8524 2.25045 -0.115617 0.99329 -0.000902669
9.89761 17.8483 1.00247 -0.114572 0.993386 -0.00654181
9.80056 17.8292 -0.00552606 -0.105112 0.994441 -0.00117538
9.73106 17.8241 -1.04877 -0.101102 0.994876 -0.00044087
9.64569 17.8192 -2.15646 -0.109624 0.993949 0.00428101
9.62077 17.8191 -3.36858 -0.119011 0.99289 0.00162733
9.61848 17.8189 -3.48675 -0.120415 0.992722 0.00125425
8.66282 17.7145 -3.43201 -0.0968203 0.995298 0.00014765
8.67519 17.7153 -2.18028 -0.100103 0.994939 -0.0019965
8.78898 17.7302 -1.08871 -0.0950591 0.995471 6.51097e-05
8.82382 17.7323 -0.127616 -0.091748 0.995777 0.00252659
8.93923 17.7419 1.01534 -0.0960621 0.995351 -0.00547859
8.94136 17.7468 2.14786 -0.0954545 0.99543 0.00061431
8.96946 17.7421 3.18044 -0.103425 0.994607 0.0045956
8.96903 17.7393 3.52554 -0.0976945 0.995191 0.00709259
8.045 17.6488 3.47418 -0.0966922 0.995299 0.00531437
7.99057 17.6519 2.51295 -0.0881359 0.996018 0.0133737
7.99353 17.6582 1.45471 -0.0864588 0.996243 -0.00200981
7.90812 17.6492 0.377421 -0.0802692 0.996772 0.00113714
7.8336 17.6451 -0.791 -0.0842964 0.996439 -0.00146445
7.73315 17.6332 -1.98778 -0.079122 0.996861 -0.00235398
7.71157 17.6308 -2.97354 -0.0821646 0.996613 -0.00210694
7.71124 17.6303 -3.58749 -0.0841308 0.996453 -0.00185436
6.74947 17.5588 -3.44433 -0.0682802 0.997661 -0.00290463
6.77436 17.5639 -2.33178 -0.0700017 0.997547 -0.000745116
6.84235 17.5687 -1.11189 -0.0683135 0.997662 -0.00181069
6.93119 17.5747 -0.150063 -0.066715 0.997769 0.00193946
7.03308 17.5832 1.01901 -0.0690724 0.9976 -0.00473127
7.05096 17.576 2.15794 -0.0754888 0.997113 0.00799071
7.08725 17.5701 3.15345 -0.071569 0.997401 0.00825845
7.0799 17.5672 3.5205 -0.0727451 0.997332 0.00600021
6.11707 17.4999 3.49772 -0.0662315 0.997774 0.00712189
6.0748 17.505 2.33333 -0.0661821 0.997771 0.00854614
6.08696 17.517 1.10248 -0.0647371 0.997867 0.00836595
6.00995 17.5141 0.104778 -0.0642756 0.997932 0.000106168
5.92801 17.509 -0.85482 -0.0655631 0.997846 -0.00128194
5.84976 17.5047 -1.93613 -0.0577934 0.998326 0.00216377
5.77771 17.4996 -3.11535 -0.0616811 0.998094 -0.00164944
5.78986 17.4992 -3.53052 -0.0616238 0.998092 -0.00390203
4.82888 17.4473 -3.40033 -0.0518398 0.998654 -0.001768
4.84303 17.4491 -2.27132 -0.0546252 0.998507 0.000132656
4.91881 17.4492 -1.09566 -0.0543851 0.998511 0.00412897
5.02594 17.4531 -0.114307 -0.0577879 0.998328 0.000374807
5.12108 17.4567 0.892597 -0.0560109 0.998415 0.00412208
5.12378 17.4517 1.91255 -0.0523731 0.998607 0.00617936
5.13472 17.4423 3.13209 -0.0519887 0.998618 0.0077459
5.16233 17.4424 3.43556 -0.0569533 0.998355 0.00622783
4.20103 17.3939 3.39694 -0.0423481 0.999074 0.00762709
4.18336 17.4008 2.30596 -0.0488591 0.998767 0.00877517
4.15498 17.4048 1.30297 -0.0477926 0.998854 0.0024829
4.11846 17.4054 0.263513 -0.0444631 0.999007 0.00279526
4.01585 17.4025 -0.760542 -0.0457018 0.998951 0.00162947
3.92046 17.4032 -1.91542 -0.0444711 0.998993 0.00590112
3.865 17.4046 -3.19892 -0.0409714 0.999159 0.00177215
3.89343 17.4063 -3.54265 -0.0417689 0.999126 0.00125806
2.92215 17.3697 -3.2093 -0.036104 0.999335 0.00519348
2.95005 17.3655 -2.17221 -0.0364979 0.999308 0.00703083
2.991 17.3612 -1.19107 -0.0363273 0.999332 0.00405916
3.14401 17.3633 0.0848822 -0.0417222 0.999125 0.0026674
3.22985 17.3628 1.29198 -0.043499 0.999045 0.00403931
3.22787 17.3599 2.58696 -0.0399772 0.999196 0.00288123
3.24439 17.3563 3.18632 -0.0405378 0.999151 0.00721481
2.2973 17.3217 3.46098 -0.0296799 0.999546 0.00481984
2.25781 17.3259 2.37645 -0.0278738 0.999607 0.00307979
2.27284 17.3278 1.24369 -0.0299181 0.999534 0.00451848
2.20721 17.3318 0.220565 -0.0299016 0.999522 0.00655907
2.05586 17.3317 -0.921675 -0.0261772 0.999653 0.00269156
1.9973 17.3337 -2.05168 -0.0295205 0.999535 0.00758796
1.98669 17.3409 -3.18925 -0.0279152 0.999602 0.00397743
1.99606 17.3427 -3.52544 -0.0290596 0.999566 0.00464777
1.0242 17.3167 -3.44922 -0.0211391 0.999764 0.00498271
1.06474 17.3111 -2.23898 -0.0193024 0.999793 0.00618919
1.10336 17.3089 -1.21306 -0.0241271 0.999706 0.00257197
1.17731 17.3077 -0.217821 -0.0229266 0.999732 0.00314423
1.27988 17.3055 0.882734 -0.0227025 0.999727 0.00545511
1.28475 17.3015 1.96518 -0.0203696 0.99978 0.00458989
1.31692 17.2965 3.21073 -0.0250954 0.999666 0.00597647
1.31908 17.2947 3.52491 -0.0228029 0.999722 0.00454237
0.331082 17.2791 3.49558 -0.00975217 0.999942 0.0045111
0.28627 17.2843 2.3446 -0.0112231 0.999924 0.00509059
0.325275 17.2885 1.35152 -0.0107302 0.999939 0.0022001
0.302285 17.2914 0.243905 -0.0128891 0.999915 0.00216962
0.17647 17.2915 -1.00815 -0.0140032 0.999901 0.00139177
0.138036 17.2948 -2.18229 -0.0172963 0.999838 0.00494245
0.108753 17.2997 -3.16575 -0.01428 0.999882 0.00569531
0.106046 17.2998 -3.19322 -0.0133982 0.999896 0.00526432
-0.770962 17.2898 -3.26722 -0.00816751 0.999947 0.00623548
-0.76363 17.2833 -1.98854 -0.00809119 0.999961 0.0034648
-0.73476 17.28 -0.887967 -0.00302549 0.999991 0.00244434
-0.635453 17.2812 0.178279 -0.00711103 0.999974 0.000430541
-0.637074 17.2794 1.14252 -0.00784438 0.999966 0.0023743
-0.70765 17.2751 2.31186 -0.0063124 0.999971 0.00418645
-0.704783 17.2704 3.45928 -0.00593248 0.999974 0.00403541
-1.69813 17.2653 3.4873 -0.00427182 0.999976 0.00546756
-1.69813 17.2707 2.32109 -0.00343681 0.999986 0.00385225
-1.69813 17.2743 1.11928 -0.00385778 0.999988 0.00300375
-1.69813 17.2766 -0.0164913 -0.00329457 0.999992 0.00192842
-1.69813 17.2775 -1.00164 -0.00230799 0.999997 0.000600831
-1.69813 17.2784 -2.03961 -0.000524359 0.999993 0.00366492
-1.69813 17.2826 -3.09203 -0.00108978 0.999991 0.00398916
-1.69813 17.2838 -3.4014 -0.00187094 0.999987 0.00470232
-2.68391 17.2827 -3.57589 -0.00171711 0.999995 0.00269325
-2.69105 17.2801 -2.57132 -0.000300689 0.999995 0.00317154
-2.82283 17.2772 -1.50097 0.00060824 0.999997 0.00246078
-2.6619 17.2751 -0.457609 -0.000628988 0.999999 0.000914119
-2.67843 17.2743 0.50337 -0.000401982 0.999999 0.00146649
-2.76013 17.27 1.67185 -0.00188672 0.99999 0.00413799
-2.89126 17.264 2.84516 -0.00335152 0.99998 0.00524455
-3.03565 17.26 3.43262 -0.00455661 0.999968 0.00651091
-3.92336 17.2555 3.39029 -0.00664799 0.999952 0.00720178
-3.77801 17.2634 2.37908 -0.00454028 0.999976 0.00519332
-3.66218 17.271 1.1418 -0.00469357 0.999971 0.00599818
-3.67089 17.2737 0.0747428 -0.00120621 0.999998 0.00124971
-3.78065 17.2758 -0.979347 -0.00147897 0.999993 0.00334732
-3.734 17.2794 -2.06139 -0.000898676 0.999995 0.00274985
-3.72699 17.2804 -3.28443 -0.00177009 0.999998 0.00120567
-3.71441 17.2806 -3.45918 -0.00280464 0.999995 0.000865283
-4.68245 17.2751 -3.53397 -0.00958471 0.999951 -0.00186491
-4.71313 17.2777 -2.44081 -0.0023743 0.999991 -0.00160683
-4.77838 17.2736 -1.33201 -0.00672613 0.999969 0.00415517
-4.67623 17.2707 -0.301712 -0.00609808 0.999977 0.00300948
-4.63095 17.2661 0.97858 -0.00716418 0.999967 0.00386949
-4.69065 17.2607 2.03169 -0.00733892 0.999946 0.00719712
-4.7885 17.2504 3.13151 -0.0107132 0.999904 0.00882522
-4.79406 17.2497 3.2144 -0.0110535 0.999894 0.00941394
-5.68137 17.2358 3.36045 -0.017401 0.99979 0.0107313
-5.65544 17.2481 2.27044 -0.0147257 0.999813 0.0125389
-5.59282 17.2564 1.31001 -0.0120477 0.999914 0.00494291
-5.60705 17.26 0.1978 -0.0176406 0.999839 0.00318002
-5.71813 17.2597 -0.904824 -0.0192953 0.999809 0.00288818
-5.7348 17.2661 -2.15147 -0.0200675 0.999777 0.00647036
-5.65842 17.2644 -3.55539 -0.0147282 0.999882 -0.0040869
-5.65766 17.2644 -3.57385 -0.0160497 0.999862 -0.00417552
-6.6113 17.2439 -3.54836 -0.0240604 0.999695 -0.00547377
-6.69362 17.2454 -2.50011 -0.0294129 0.999566 0.00120522
-6.7108 17.2417 -1.53602 -0.0223106 0.999739 0.00480748
-6.64064 17.2384 -0.522482 -0.0262235 0.999655 0.00163264
-6.55368 17.2376 0.602588 -0.024934 0.999679 0.004434
-6.54312 17.2337 1.57041 -0.0301453 0.99953 0.00536713
-6.60041 17.2219 2.82743 -0.0245849 0.999666 0.00797659
-6.61046 17.216 3.46511 -0.0242438 0.999673 0.00804238
-7.54183 17.1902 3.47778 -0.0329438 0.999423 0.00829952
-7.50879 17.1982 2.336 -0.0309178 0.999508 0.00500395
-7.48823 17.2044 1.21123 -0.0353823 0.999366 0.00405942
-7.58031 17.2065 0.235433 -0.0361239 0.999332 0.00510148
-7.62877 17.2118 -0.776118 -0.0305941 0.999503 0.00751654
-7.68131 17.2125 -1.74976 -0.0316109 0.999496 -0.000233312
-7.64272 17.2146 -2.78177 -0.0377743 0.999286 -0.000323944
-7.58949 17.2161 -3.50076 -0.0399343 0.9992 9.79703e-06
-8.59186 17.1716 -3.37672 -0.0510182 0.998697 -0.00104074
-8.62802 17.1696 -2.36762 -0.0528224 0.998602 0.000171121
-8.61102 17.1709 -1.3402 -0.0600497 0.998193 0.00132136
-8.57252 17.1697 -0.360236 -0.0432074 0.999048 0.00589684
-8.48388 17.1694 0.668032 -0.0524186 0.998616 0.0034059
-8.43537 17.163 1.75434 -0.0435996 0.999044 0.0031106
-8.48626 17.157 3.02425 -0.0437873 0.999033 0.00402586
-8.44709 17.1564 3.51161 -0.0448149 0.998973 0.00649416
-9.40995 17.1054 3.3809 -0.062137 0.998063 0.00272255
-9.40258 17.1082 2.31792 -0.0579581 0.998304 0.00388986
-9.40989 17.1152 1.09564 -0.0637189 0.997953 0.00534172
-9.46562 17.1154 0.135281 -0.063961 0.99794 0.0035694
-9.55643 17.1124 -0.946167 -0.0618696 0.998084 0.00099661
-9.57365 17.1127 -2.07304 -0.0666193 0.997778 0.000656893
-9.53701 17.1195 -3.13886 -0.0624097 0.998042 -0.00218754
-9.52197 17.1202 -3.63387 -0.060214 0.998185 5.95372e-05
-10.5086 17.0467 -3.6265 -0.0870651 0.996183 -0.00552548
-10.5314 17.0436 -2.50476 -0.0875291 0.996074 0.0131685
-10.5185 17.0398 -1.43584 -0.0811791 0.996698 -0.00148272
-10.4633 17.0451 -0.396238 -0.0833189 0.996521 0.00107275
-10.4118 17.0449 0.646751 -0.087257 0.996119 0.0115038
-10.3452 17.043 1.66058 -0.0880526 0.996106 0.00431947
-10.3385 17.0372 2.82793 -0.0865296 0.996247 0.00100243
-10.3602 17.0373 3.55723 -0.0858851 0.996287 -0.00566811
-11.293 16.9481 3.30335 -0.112488 0.993649 -0.00262662
-11.2966 16.9547 2.13642 -0.11479 0.993368 0.00664123
-11.3363 16.9568 1.09443 -0.105066 0.994417 0.00190698
-11.3838 16.9529 0.0252638 -0.117958 0.992987 0.00696965
-11.4417 16.9508 -1.18219 -0.107855 0.994152 0.000226839
-11.4728 16.9475 -2.4228 -0.106003 0.994318 0.00507132
-11.4404 16.9584 -3.61707 -0.106985 0.994257 -0.00247862
-12.3826 16.8452 -3.34692 -0.132491 0.991158 0.00712693
-12.4086 16.8351 -2.32201 -0.124378 0.992232 -0.00104806
-12.3802 16.835 -1.25036 -0.140194 0.990111 0.00436108
-12.3419 16.8379 -0.0742265 -0.138301 0.990333 0.00634819
-12.2973 16.8402 1.09089 -0.126814 0.991906 -0.0062274
-12.2346 16.8404 2.25356 -0.1325 0.991155 0.007446
-12.1939 16.8433 3.34282 -0.12777 0.991799 -0.00307934
-12.1955 16.8433 3.44493 -0.127805 0.991796 -0.00269346
-13.1504 16.7111 3.60611 -0.147294 0.98909 -0.00231474
-13.1669 16.7111 2.45416 -0.139825 0.990142 0.00825292
-13.1762 16.7141 1.4378 -0.159976 0.987118 0.000588736
-13.2696 16.6972 0.332714 -0.161498 0.986859 -0.00152461
-13.3151 16.6896 -0.801787 -0.164054 0.986422 0.00615583
-13.3437 16.697 -1.79521 -0.164466 0.986297 0.013007
-13.3331 16.7057 -2.82947 -0.14242 0.98977 0.00791988
-13.3097 16.7133 -3.38602 -0.148168 0.988953 0.00395555
-14.26 16.5495 -3.43615 -0.177236 0.984164 0.000418104
-14.2679 16.5451 -2.2736 -0.190596 0.981631 0.00831343
-14.2654 16.5307 -1.27658 -0.182421 0.983153 0.00979503
-14.2611 16.5281 -0.210695 -0.178937 0.983853 0.00313214
-14.1603 16.5514 0.766059 -0.164603 0.986354 -0.00194416
-14.0933 16.559 1.83332 -0.170734 0.985307 0.00325331
-14.0914 16.5651 2.98162 -0.164556 0.986356 -0.00433136
-14.0954 16.5652 3.4572 -0.171924 0.985101 -0.000297449
-15.0289 16.3896 3.39336 -0.19864 0.979989 -0.00524439
-15.0245 16.3839 2.26985 -0.189078 0.981925 -0.0044808
-15.0826 16.374 1.13977 -0.191909 0.981411 0.00130107
-15.1866 16.3539 -0.178595 -0.203449 0.97908 -0.0013672
-15.1763 16.3577 -1.30085 -0.199049 0.979987 0.00208436
-15.1829 16.36 -2.35032 -0.212381 0.977137 0.00957257
-15.1749 16.3637 -3.45947 -0.215075 0.976574 -0.00348314
-16.1154 16.1436 -3.33195 -0.243835 0.969809 -0.00317034
-16.1178 16.1446 -2.25651 -0.248766 0.968559 0.00165045
-16.101 16.1532 -1.07924 -0.231252 0.972892 -0.000596323
-16.1132 16.1475 -0.0655179 -0.230017 0.973169 0.00235927
-16.0382 16.1621 0.97458 -0.227787 0.973707 0.00200592
-15.9506 16.1826 2.21261 -0.223194 0.974768 -0.003427
-15.9535 16.1888 3.26501 -0.223388 0.974717 -0.00280231
-15.9559 16.1881 3.38457 -0.226 0.974126 -0.000343609
-16.8657 15.9722 3.42143 -0.243474 0.969894 -5.14548e-05
-16.8817 15.9642 2.40193 -0.252234 0.967555 -0.0139609
-16.9364 15.9404 1.3829 -0.256824 0.966435 -0.00668986
-17.0221 15.9174 0.249803 -0.261459 0.965211 0.00134957
-17.0353 15.9098 -0.746965 -0.258955 0.965863 -0.00715345
-17.0251 15.9066 -1.73402 -0.260957 0.965336 -0.00504114
-17.0566 15.8975 -2.76529 -0.27061 0.962689 -0.000936749
-17.0253 15.9082 -3.53136 -0.271276 0.962492 0.00417556
-17.9552 15.6443 -3.46251 -0.274527 0.961545 0.00785981
-17.9658 15.6388 -2.43873 -0.276719 0.960951 -0.000237251
-17.9348 15.6527 -1.34999 -0.281236 0.959571 -0.00983307
-17.9332 15.6613 -0.365942 -0.284092 0.958788 -0.00412855
-17.8989 15.6742 0.748817 -0.275143 0.961403 0.000401174
-17.8312 15.6967 1.80323 -0.277988 0.960495 -0.0124117
-17.8094 15.7166 2.83423 -0.280924 0.959676 -0.00982173
-17.7946 15.7267 3.56024 -0.281835 0.959384 -0.012069
-18.709 15.453 3.54529 -0.303306 0.952816 -0.0120672
-18.7238 15.4372 2.4343 -0.30013 0.953857 -0.00887606
-18.7812 15.4108 1.3665 -0.301728 0.953367 -0.0071078
-18.8494 15.3862 0.283151 -0.295536 0.955305 -0.00203691
-18.8303 15.3841 -0.810788 -0.300303 0.953815 -0.00740217
-18.8504 15.373 -1.90179 -0.293677 0.955904 -0.000751296
-18.8559 15.3681 -3.02831 -0.315731 0.948828 -0.00621736
-18.8389 15.3721 -3.62354 -0.316026 0.948749 -0.001791
-19.7542 15.0637 -3.56215 -0.327084 0.944982 -0.00391295
-19.7696 15.0697 -2.37154 -0.317956 0.948055 -0.00892573
-19.7481 15.0821 -1.38125 -0.316012 0.948745 -0.00447752
-19.7311 15.0928 -0.387438 -0.318141 0.948009 -0.00765927
-19.7367 15.0998 0.698722 -0.314734 0.949149 -0.0075893
-19.6969 15.1213 1.71764 -0.305163 0.952277 -0.00662653
-19.6368 15.1493 2.74321 -0.309759 0.950766 -0.00968082
-19.6201 15.1596 3.27316 -0.308056 0.951346 -0.00653303
-20.5056 14.8608 3.53627 -0.332193 0.943134 -0.011143
-20.5445 14.8417 2.46414 -0.327239 0.944923 -0.00263119
-20.5971 14.8144 1.44686 -0.331576 0.943346 -0.0122874
-20.6317 14.7955 0.443451 -0.333449 0.942746 -0.00626578
-20.6258 14.7857 -0.601016 -0.326837 0.944897 -0.0186412
-20.6452 14.7717 -1.56905 -0.33263 0.943012 -0.00757732
-20.6783 14.7511 -2.63503 -0.330415 0.943815 -0.00621235
-20.6432 14.7569 -3.57971 -0.331537 0.943421 -0.00591244
-21.5628 14.4315 -3.46782 -0.334612 0.942343 -0.00469173
-21.5805 14.4311 -2.26763 -0.337695 0.941243 -0.00494556
-21.5359 14.4567 -1.17639 -0.337883 0.941132 -0.0102572
-21.5286 14.4691 -0.202645 -0.344555 0.938745 -0.00635374
-21.4979 14.4878 1.00472 -0.339138 0.940709 -0.00690017
-21.446 14.5172 2.25627 -0.343367 0.939188 -0.00468781
-21.4097 14.5351 3.33915 -0.342715 0.939431 -0.00348698
-22.315 14.1973 3.18095 -0.35371 0.935351 -0.00251507
-22.354 14.1788 2.11348 -0.35298 0.935614 -0.0048644
-22.3827 14.1615 0.92687 -0.348873 0.937123 -0.00917063
-22.4261 14.1367 -0.148048 -0.351411 0.936217 -0.00285336
-22.4464 14.1253 -1.19308 -0.348119 0.937412 -0.00773754
-22.4606 14.1083 -2.45835 -0.350476 0.936544 -0.0071026
-22.4582 14.1048 -3.39006 -0.345474 0.938414 -0.00476114
-23.3465 13.7694 -3.61145 -0.352877 0.935656 -0.00503482
-23.3555 13.7703 -2.62106 -0.356355 0.934335 -0.00512472
-23.3294 13.7876 -1.50553 -0.357885 0.93375 -0.00531999
-23.3327 13.7921 -0.227916 -0.359389 0.93318 -0.00382735
-23.2758 13.8207 0.992062 -0.360176 0.932877 -0.00380507
-23.2498 13.8351 2.09886 -0.360371 0.932799 -0.00429934
-23.2154 13.8542 3.41157 -0.360425 0.932783 -0.00259552
-23.2145 13.8547 3.52767 -0.36155 0.932351 -0.00181557
-24.0981 13.5105 3.55373 -0.364155 0.931329 -0.00404426
-24.1133 13.5005 2.47727 -0.364256 0.931293 -0.00311491
-24.1585 13.4799 1.39885 -0.362793 0.931865 -0.0030855
-24.1907 13.4629 0.0834041 -0.361172 0.93249 -0.0039333
-24.2274 13.4439 -1.07965 -0.360764 0.932651 -0.00346847
-24.2463 13.4317 -2.26663 -0.359462 0.933153 -0.00353532
-24.2364 13.4313 -3.38072 -0.358373 0.933568 -0.0044214
-24.2398 13.4293 -3.52057 -0.358295 0.933596 -0.00479362
-25.1206 13.0898 -3.51656 -0.361327 0.932432 -0.00366552
-25.1258 13.091 -2.51218 -0.362237 0.932081 -0.00304371
-25.1226 13.0954 -1.52536 -0.36421 0.931315 -0.00194805
-25.0869 13.112 -0.56261 -0.364378 0.931247 -0.0025843
-25.0543 13.1275 0.683632 -0.363931 0.931424 -0.00191819
-25.0494 13.1323 1.65345 -0.365654 0.930748 -0.00235763
-25.0189 13.1473 2.87608 -0.365319 0.930879 -0.00234551
-25.0061 13.1539 3.35777 -0.366067 0.930582 -0.00305281
-25.9079 12.7972 3.59177 -0.368042 0.929809 -0.00107937
-25.9267 12.7888 2.59284 -0.368897 0.929469 -0.00126866
-25.9429 12.7794 1.20048 -0.366405 0.930454 -0.00155017
-25.9562 12.7728 0.210874 -0.366552 0.930395 -0.00208967
-25.9842 12.7597 -0.773245 -0.366233 0.930522 -0.00122197
-26.0095 12.7467 -2.09595 -0.364965 0.931019 -0.00207809
-26.0405 12.7324 -3.08317 -0.364304 0.931278 -0.00189645
-26.0206 12.7394 -3.46405 -0.363912 0.931431 -0.00215163
-26.9004 12.3949 -3.59808 -0.364779 0.931093 -0.00153287
-26.8864 12.4018 -2.50583 -0.365658 0.930748 -0.00153096
-26.8721 12.4094 -1.13972 -0.366668 0.930351 -0.000990464
-26.8384 12.4241 -0.08332 -0.367395 0.930065 -0.000747101
-26.834 12.427 1.04503 -0.368139 0.929771 -0.000659633
-26.8187 12.4341 2.00675 -0.36961 0.929187 -0.000778391
-26.8064 12.44 3.17607 -0.36926 0.929326 -0.000888372
-26.803 12.4415 3.28117 -0.369297 0.929311 -0.000780843
-27.6771 12.093 3.21858 -0.370948 0.928653 -0.000406599
-27.6997 12.0836 2.25188 -0.37014 0.928976 -8.35157e-05
-27.7087 12.0798 1.18261 -0.369497 0.929232 -0.000165994
-27.72 12.0753 0.0219261 -0.368997 0.92943 -8.55028e-05
-27.7504 12.0631 -0.966807 -0.367465 0.930037 -0.000368687
-27.7866 12.0482 -2.12465 -0.366668 0.930352 -6.71107e-05
-27.7676 12.0551 -3.11487 -0.36556 0.930787 -0.00110257
-27.7741 12.052 -3.57207 -0.365661 0.930747 -0.00117453
-28.6632 11.7025 -3.45034 -0.366103 0.930574 0.000135224
-28.6748 11.6976 -2.2412 -0.36786 0.929881 0.000389284
-28.6489 11.7076 -1.27002 -0.36879 0.929513 0.00062263
-28.6083 11.7229 -0.302483 -0.368682 0.929555 0.000903968
-28.5877 11.7302 0.690046 -0.370138 0.928977 0.000660282
-28.5711 11.7361 1.69015 -0.370615 0.928786 0.000444285
-28.5699 11.7364 2.72042 -0.371428 0.928462 -8.18606e-05
-28.5607 11.7401 3.29454 -0.371509 0.928429 -0.000193779
-29.4565 11.3814 3.51189 -0.372303 0.928111 0.000169857
-29.4618 11.3798 2.35648 -0.371705 0.928351 0.000647987
-29.4672 11.3784 1.37292 -0.371408 0.928469 0.000955016
-29.4984 11.3677 0.227216 -0.370811 0.928707 0.00173059
-29.4905 11.3723 -0.831795 -0.370282 0.928918 0.00119795
-29.5511 11.3505 -2.141 -0.369142 0.929372 0.00148289
-29.5356 11.3584 -3.43623 -0.367582 0.92999 0.0011706
-29.5348 11.3588 -3.52365 -0.367319 0.930094 0.00105849
-30.4192 11.0082 -3.31921 -0.368713 0.929542 0.00154568
-30.4204 11.0053 -2.30111 -0.369614 0.929183 0.00221629
-30.3881 11.0152 -1.06753 -0.370185 0.928955 0.00249533
-30.3525 11.0271 -0.0856095 -0.37156 0.928406 0.0021457
-30.3578 11.0223 1.23254 -0.371748 0.928332 0.00152905
-30.3306 11.0311 2.63527 -0.372441 0.928055 0.000959615
-30.3332 11.0293 3.35599 -0.373322 0.927702 0.000348614
-13.8645 16.6024 4.64553 -0.165818 0.986152 2.64512e-05
-12.5945 16.7958 4.64047 -0.13424 0.990908 -0.00702175
-11.3261 16.9477 4.61991 -0.111626 0.993733 -0.00465423
-9.94615 17.0677 4.65701 -0.0648752 0.997882 0.00424698
-8.78381 17.1328 4.64701 -0.0469819 0.998893 0.00228943
-7.59023 17.1822 4.63107 -0.0326927 0.999458 0.00391053
-6.41065 17.2101 4.66761 -0.0189246 0.999793 0.00750617
-5.33875 17.2296 4.66082 -0.0141875 0.999868 0.00789066
-4.20085 17.2435 4.6498 -0.00981459 0.999927 0.00710452
-2.93283 17.2521 4.66549 -0.00537327 0.99996 0.00714843
-1.81482 17.2583 4.63353 -0.00522622 0.999966 0.0064073
-0.721774 17.2644 4.63916 -0.00625147 0.999968 0.00502744
0.385196 17.2747 4.63923 -0.0128205 0.99991 0.00325588
1.47948 17.2944 4.65498 -0.0210375 0.999774 0.00293941
2.59675 17.3269 4.63709 -0.0320005 0.999478 0.0043852
3.94506 17.3727 4.56151 -0.0370432 0.99928 0.00775379
5.34248 17.4395 4.65627 -0.057823 0.99818 0.0171169
6.47485 17.5113 4.68017 -0.0713842 0.997334 0.014857
7.71213 17.6071 4.64793 -0.0900668 0.995873 0.0109464
8.82095 17.7164 4.62134 -0.100591 0.994824 0.0139137
10.1452 17.8689 4.61845 -0.126859 0.991846 0.0108669
11.5311 18.0707 4.61961 -0.16418 0.986426 0.00112042
12.8116 18.2959 4.60202 -0.178982 0.983822 -0.00673525
13.9136 18.4998 4.6386 -0.180591 0.983449 -0.0144321
15.2099 18.7218 4.61037 -0.154555 0.987757 -0.0209323
16.56 18.921 4.61371 -0.123803 0.99212 -0.013804
17.9604 19.0365 4.63381 -0.0560046 0.998387 -0.00934783
19.2385 19.0712 4.69044 -0.00841601 0.999956 -0.00139962
20.5707 19.0432 4.68668 0.0533818 0.998414 0.00451781
21.9882 18.9256 4.67442 0.0975673 0.995221 -0.00180683
23.1674 18.7395 4.66753 0.19762 0.980184 0.012355
24.2488 18.4793 4.68655 0.307146 0.951662 0.00107543
25.3054 18.0673 4.65211 0.480401 0.876856 0.0158293
26.2745 17.4815 4.66814 0.597439 0.79704 0.0224976
27.0629 16.6914 4.64093 0.774366 0.632396 -0.0126375
27.5938 15.7452 4.57415 0.923044 0.3823 -0.0394522
27.6956 15.5489 3.1462 0.945115 0.325404 0.0289828
27.7033 15.5176 1.75491 0.911281 0.409591 -0.0411788
27.7249 15.5289 0.54076 0.897652 0.437816 0.0502897
27.8089 15.545 -0.631073 0.904677 0.422052 0.0477955
27.8395 15.5464 -1.93179 0.911061 0.410703 0.0355787
27.8652 15.5269 -3.06483 0.920703 0.387499 0.0463751
27.8682 15.5914 -4.15091 0.931563 0.363256 0.0150845
27.4538 16.379 -4.67608 0.844848 0.533214 -0.0289805
26.737 17.2343 -4.67199 0.639336 0.768749 -0.0110693
25.8494 17.872 -4.72121 0.48191 0.875919 -0.0138013
24.8452 18.3295 -4.73805 0.377785 0.925878 0.0006862
23.8282 18.6635 -4.70595 0.245811 0.969227 0.00628889
22.7456 18.8796 -4.68208 0.150999 0.988271 -0.0137905
21.618 19.0019 -4.71889 0.0773847 0.997 0.00163012
20.5357 19.0737 -4.76932 0.0422273 0.999036 0.0111916
19.38 19.0788 -4.74925 -0.0179821 0.999822 -0.000387408
18.139 19.0226 -4.71761 -0.0824857 0.996586 -0.00317488
16.9423 18.9168 -4.70798 -0.0988863 0.995074 0.00360637
15.5736 18.7362 -4.70133 -0.151837 0.9884 0.00323649
14.3676 18.5443 -4.67545 -0.162879 0.986638 -0.00405972
13.2427 18.3551 -4.67997 -0.167476 0.985852 -0.00678304
12.1347 18.1687 -4.70653 -0.159745 0.987146 -0.00278128
10.9669 17.9891 -4.71725 -0.134438 0.990904 -0.00566205
9.8179 17.8388 -4.71146 -0.120194 0.992734 -0.00542986
8.46734 17.6937 -4.70195 -0.0945968 0.995508 -0.00382718
7.35467 17.5996 -4.67572 -0.0790201 0.996848 -0.00699513
6.10432 17.5115 -4.67532 -0.0594497 0.99817 -0.0110849
4.83388 17.447 -4.66432 -0.0463868 0.998918 1.7916e-05
3.52409 17.395 -4.67337 -0.034376 0.999403 0.00267864
2.41355 17.3611 -4.60717 -0.0270085 0.99962 0.00546903
1.32433 17.332 -4.6349 -0.0242994 0.999676 0.00759988
0.0710538 17.3091 -4.65019 -0.0136114 0.999878 0.00756572
-1.21106 17.2947 -4.70291 -0.0105148 0.999932 0.00489927
-2.30097 17.2872 -4.69 -0.00404033 0.999989 0.0024134
-3.65532 17.2795 -4.68306 -0.00485474 0.999987 -0.00112597
-4.88574 17.2705 -4.66708 -0.0116823 0.999916 -0.00481299
-6.38576 17.2433 -4.65763 -0.0219853 0.999745 -0.00462995
-7.607 17.2115 -4.71407 -0.0293906 0.999558 -0.00446534
-8.7629 17.1642 -4.6934 -0.0501394 0.998723 0.00569154
-9.93003 17.0882 -4.73486 -0.074341 0.997226 0.00306967
-11.2259 16.9782 -4.72483 -0.0947962 0.995492 0.00291068
-12.413 16.8475 -4.67883 -0.132925 0.9911 0.00267353
-13.6139 16.6673 -4.63823 -0.162719 0.98662 0.00927072
-14.7078 16.4689 -4.68111 -0.194273 0.980868 0.0120843
-15.8494 16.2227 -4.69132 -0.225945 0.97412 -0.00234389
-17.0422 15.9107 -4.70574 -0.263042 0.964755 0.00757799
-18.1392 15.592 -4.68398 -0.297077 0.954813 -0.00472524
-19.355 15.1985 -4.68516 -0.317175 0.948349 -0.00237789
-20.418 14.8325 -4.69037 -0.331308 0.943518 -0.00261514
-21.4914 14.4506 -4.65073 -0.340734 0.940136 -0.00599552
-22.708 14.004 -4.6606 -0.350636 0.93649 -0.00636947
-23.9733 13.5258 -4.69025 -0.356937 0.934124 -0.00274339
-25.0862 13.0978 -4.71905 -0.360066 0.93292 -0.00365939
-26.3417 12.6104 -4.69703 -0.363092 0.931747 -0.00338717
-27.4262 12.187 -4.74477 -0.364695 0.931126 -0.000793262
-28.5959 11.7288 -4.70002 -0.364825 0.931076 5.82413e-05
-29.7902 11.2594 -4.67308 -0.366313 0.93049 0.00181067
-30.9267 10.8107 -4.64642 -0.367541 0.930002 0.00309272
-31.8098 10.4583 -4.00621 -0.36915 0.929361 0.00408047
-31.8335 10.4441 -2.81237 -0.370072 0.928996 0.00362714
-31.8479 10.4343 -1.73966 -0.37091 0.928664 0.00312099
-31.8131 10.444 -0.590827 -0.372138 0.928171 0.00361479
-31.7808 10.4521 0.596146 -0.373426 0.927654 0.00335558
-31.8344 10.4265 1.83681 -0.374206 0.927342 0.00250516
-31.8478 10.4182 3.18373 -0.37496 0.92704 0.00139943
-31.7662 10.4504 4.37164 -0.375232 0.926931 0.000448815
-30.505 10.9603 4.65378 -0.373899 0.927469 -0.000494661
-29.3023 11.4435 4.68787 -0.372506 0.92803 -0.000586766
-28.2861 11.8508 4.65274 -0.371825 0.928303 -0.000712756
-27.1835 12.2914 4.66824 -0.370618 0.928785 -0.00114811
-25.9706 12.7743 4.64463 -0.369892 0.929071 -0.00263524
-24.7042 13.2767 4.66225 -0.366829 0.930281 -0.00367591
-23.5017 13.7478 4.64505 -0.363398 0.931625 -0.00411816
-22.4637 14.1474 4.66921 -0.355056 0.934827 -0.00573451
-21.3507 14.5651 4.6625 -0.34538 0.938439 -0.00613904
-20.2447 14.9622 4.62708 -0.325191 0.945642 -0.00178358
-19.1865 15.3118 4.62811 -0.306187 0.951919 -0.00991245
-18.0831 15.6535 4.65035 -0.277523 0.960657 -0.002519
-17.0068 15.9366 4.66655 -0.239812 0.970755 -0.0111646
-15.7182 16.2451 4.60605 -0.22269 0.974866 -0.000471564
-14.4647 16.5005 4.62172 -0.166343 0.986065 0.00251831
-14.1229 16.5584 4.62602 -0.167611 0.985852 0.00161424
-14.1426 16.5549 5.69727 -0.166425 0.985944 -0.0105859
-13.0755 16.7326 5.73699 -0.150934 0.988474 -0.0113862
-11.9072 16.8927 5.69901 -0.112815 0.99343 -0.011123
-10.8008 17.0006 5.74643 -0.0805389 0.996745 0.00183251
-9.65855 17.0845 5.6888 -0.0601187 0.998187 0.00171173
-8.47355 17.1441 5.72206 -0.0398507 0.999205 0.000973442
-7.31145 17.1846 5.69128 -0.0219647 0.999746 0.0049478
-6.18198 17.2083 5.74639 -0.0182287 0.999817 0.00576313
-5.04764 17.2268 5.69985 -0.0140085 0.999886 0.00560178
-3.83677 17.2392 5.71827 -0.00592487 0.999967 0.00561401
-2.5508 17.2473 5.71653 -0.00616835 0.99996 0.00640836
-1.43973 17.2533 5.70701 -0.00579438 0.999963 0.00627343
-0.202875 17.2628 5.70707 -0.00977973 0.999933 0.00600865
1.0213 17.281 5.68391 -0.0204259 0.999777 0.00499782
2.16174 17.3089 5.72762 -0.0287974 0.999575 0.00462337
3.39728 17.3465 5.66435 -0.0306731 0.999516 0.00519006
4.61704 17.3882 5.68945 -0.0411046 0.999059 0.0138258
5.83067 17.4503 5.74883 -0.0624878 0.99789 0.0175657
7.0322 17.5346 5.75103 -0.0764485 0.996821 0.022407
8.21735 17.6375 5.69836 -0.0924195 0.995543 0.0176103
9.60387 17.7833 5.69175 -0.118479 0.992792 0.0179649
10.7724 17.9346 5.708 -0.145667 0.988786 0.0284904
11.9123 18.1216 5.66426 -0.1777 0.983622 0.0247214
13.0839 18.3533 5.72273 -0.196971 0.980343 -0.0113911
14.229 18.5811 5.69558 -0.179227 0.983423 -0.0252122
15.5334 18.7975 5.69514 -0.16026 0.986677 -0.0273822
16.6982 18.9525 5.66354 -0.111692 0.99325 -0.0284901
17.8786 19.0534 5.69452 -0.0500223 0.99834 -0.0284363
18.9614 19.0825 5.72718 -0.00720202 0.999778 -0.0197887
20.2646 19.0645 5.74455 0.0359344 0.999128 -0.0175216
21.4259 18.9937 5.7218 0.092099 0.995023 -0.0192944
22.6046 18.8408 5.74839 0.157205 0.987215 -0.00135036
23.7105 18.6174 5.73463 0.237775 0.970843 -0.0270192
24.9785 18.2374 5.71327 0.373762 0.926012 -0.0114758
25.9318 17.7537 5.7104 0.532331 0.845017 -0.0135563
26.8565 16.9647 5.71575 0.739141 0.671169 -0.0435645
27.562 15.8409 5.72951 0.895275 0.430942 0.055575
27.9001 14.7855 5.65336 0.95432 0.297281 -0.0268969
27.9347 14.5893 4.56521 0.975553 0.217677 0.0078071
27.9848 14.5411 3.42271 0.980611 0.185797 0.0622652
28.0716 14.5141 2.09063 0.973371 0.218224 0.0692768
28.1107 14.5783 0.650166 0.959947 0.276984 0.0409484
28.1876 14.5718 -0.533237 0.945762 0.321564 0.0435917
28.233 14.5434 -1.63871 0.936883 0.347513 0.0371681
28.2492 14.573 -2.72861 0.936887 0.349556 0.00689705
28.225 14.5648 -3.80594 0.947031 0.319957 -0.0270201
28.226 14.5743 -5.02502 0.947543 0.319552 0.00252548
27.957 15.3601 -5.75041 0.939434 0.341804 0.0246916
27.4659 16.4261 -5.73921 0.855304 0.507798 0.045471
26.6241 17.3555 -5.76651 0.634053 0.765192 0.111471
25.6922 17.9925 -5.7828 0.462618 0.882398 0.0805485
24.6629 18.4293 -5.76924 0.356867 0.932449 0.0530449
23.3519 18.7779 -5.74764 0.186737 0.981945 0.011776
22.2622 18.9444 -5.72956 0.15225 0.988158 0.011752
21.0793 19.0535 -5.79607 0.0802829 0.996641 0.0160795
19.7538 19.0943 -5.81056 -0.0067453 0.999644 0.0242523
18.6732 19.058 -5.77483 -0.0521634 0.998493 0.000993955
17.5528 18.9787 -5.76583 -0.0742568 0.997228 0.00355865
16.331 18.8451 -5.7809 -0.130833 0.991393 0.00414363
14.9529 18.6374 -5.76401 -0.168692 0.985633 -0.00755556
13.8617 18.4497 -5.7572 -0.162868 0.986564 -0.0128248
12.7331 18.2622 -5.75602 -0.163451 0.986534 -0.00548025
11.5121 18.0627 -5.78114 -0.157065 0.987525 -0.0111355
10.4432 17.909 -5.76933 -0.136995 0.990481 -0.0133564
9.04962 17.7448 -5.75342 -0.0970632 0.995269 -0.0038988
7.70666 17.6209 -5.73349 -0.0890424 0.996023 -0.00321039
6.48859 17.5295 -5.71891 -0.0655524 0.99782 -0.00760802
5.34274 17.4635 -5.73062 -0.0453095 0.998858 -0.0150022
4.096 17.4153 -5.74399 -0.0338335 0.999425 -0.00196354
2.9336 17.3799 -5.71417 -0.0258224 0.999663 0.0027391
1.75927 17.3501 -5.70457 -0.023526 0.999709 0.00526304
0.619041 17.3253 -5.69221 -0.017734 0.999827 0.00503423
-0.600705 17.307 -5.7467 -0.0119891 0.999924 0.00287238
-1.77788 17.293 -5.74662 -0.0105849 0.999939 0.00311284
-2.92112 17.2828 -5.72981 -0.00739252 0.99997 -0.00228876
-4.20185 17.2734 -5.75322 -0.00922525 0.999956 -0.0018247
-5.35612 17.2585 -5.74479 -0.0175036 0.999836 -0.00382807
-6.47925 17.2354 -5.73063 -0.0233992 0.999703 -0.00677291
-7.73977 17.2024 -5.76884 -0.0332055 0.999434 -0.00259259
-9.05194 17.1494 -5.75523 -0.053712 0.998504 -0.00255141
-10.4749 17.05 -5.79235 -0.0803302 0.996764 0.00278807
-11.9008 16.914 -5.77392 -0.105496 0.994419 -0.00131249
-13.0993 16.759 -5.69222 -0.133869 0.99095 0.00965591
-14.3063 16.5572 -5.72306 -0.185464 0.982629 0.00499872
-15.4757 16.3139 -5.77681 -0.218538 0.975784 0.00912674
-16.8286 15.9762 -5.70538 -0.254977 0.966925 0.00611174
-18.001 15.6323 -5.73816 -0.291044 0.956709 0.00095584
-19.1137 15.2759 -5.73777 -0.311265 0.950322 -0.00127217
-20.2723 14.8826 -5.75724 -0.330381 0.943844 -0.00138362
-21.3591 14.4955 -5.74058 -0.338112 0.941106 0.000638157
-22.4088 14.1114 -5.73045 -0.3468 0.937933 -1.20515e-05
-23.4667 13.7158 -5.75038 -0.353549 0.935415 -0.00128595
-24.5216 13.3115 -5.78433 -0.358864 0.933389 -0.00123079
-25.5824 12.9018 -5.72096 -0.361513 0.932361 -0.00350986
-26.6673 12.4805 -5.74794 -0.362815 0.931859 -0.00203496
-27.8598 12.016 -5.79992 -0.363388 0.931638 -0.000609883
-29.0861 11.5374 -5.71956 -0.364259 0.931297 0.00123734
-30.1034 11.1384 -5.73043 -0.365807 0.930687 0.00239204
-31.2349 10.6929 -5.70104 -0.36702 0.930203 0.00432145
-32.2441 10.294 -5.70821 -0.36745 0.930032 0.00451521
-32.7913 10.0737 -4.95021 -0.368607 0.929573 0.00480748
-32.8239 10.0539 -3.6787 -0.369215 0.929329 0.00530309
-32.8307 10.0444 -2.40112 -0.370925 0.928651 0.00469523
-32.8098 10.0475 -1.31822 -0.371605 0.928378 0.004826
-32.78 10.0533 -0.0588742 -0.372818 0.927892 0.00479677
-32.7813 10.0464 1.11602 -0.374764 0.927102 0.00566528
-32.7999 10.0339 2.38786 -0.376349 0.926475 0.00255123
-32.8288 10.0198 3.50856 -0.376472 0.926427 0.00161737
-32.8242 10.0212 4.63219 -0.376203 0.926537 -0.000355196
-32.3145 10.2287 5.67672 -0.376359 0.926473 -0.00152393
-31.2103 10.6762 5.68807 -0.374858 0.927082 -0.00108215
-30.0819 11.1312 5.74781 -0.373163 0.927766 -0.000607464
-29.0554 11.5436 5.71141 -0.372468 0.928044 -0.00159525
-28.0071 11.9636 5.72922 -0.371452 0.928452 -0.00110868
-26.9283 12.3947 5.7299 -0.371076 0.928602 -0.00124183
-25.7854 12.8509 5.70686 -0.370191 0.928953 -0.00201511
-24.6819 13.2901 5.7158 -0.36747 0.930028 -0.00330165
-23.5983 13.7156 5.70109 -0.364589 0.931154 -0.00515308
-22.5959 14.1033 5.71764 -0.356864 0.934129 -0.00709034
-21.4801 14.5258 5.7119 -0.346201 0.938085 -0.0118183
-20.2115 14.9814 5.71112 -0.334862 0.942173 -0.0128375
-19.0516 15.3661 5.68941 -0.299705 0.953995 -0.00828405
-17.9401 15.6964 5.72688 -0.269159 0.963071 -0.00505065
-16.7393 16.0117 5.73651 -0.233613 0.972196 -0.0125112
-15.4049 16.3105 5.67119 -0.210364 0.977449 -0.0141301
-14.3762 16.5166 5.69642 -0.168643 0.985468 -0.0190024
-14.1719 16.5772 6.73922 -0.178016 0.983632 -0.0276533
-13.0306 16.7612 6.76274 -0.143683 0.989106 -0.0320226
-11.8909 16.9107 6.75179 -0.110224 0.993075 -0.0378149
-10.6467 17.0243 6.83502 -0.0722554 0.997317 -0.0117267
-9.45369 17.1034 6.74062 -0.0604503 0.998076 -0.0137184
-8.31049 17.1524 6.80054 -0.0338351 0.999397 -0.00776393
-7.01061 17.1885 6.78722 -0.0149356 0.99986 -0.00644973
-5.76441 17.2107 6.78089 -0.0184583 0.999814 0.00561102
-4.62323 17.2301 6.77378 -0.00773603 0.999967 0.00226202
-3.21696 17.237 6.77406 -0.00509938 0.99997 0.00571049
-2.1261 17.2429 6.76359 -0.00494024 0.999983 0.00219874
-1.01514 17.2456 6.76958 -0.00518286 0.999911 0.0120909
0.195206 17.2589 6.75828 -0.0112442 0.999827 0.0142329
1.286 17.279 6.73403 -0.0312406 0.999411 0.0118151
2.50264 17.313 6.79465 -0.0317284 0.999475 0.00647338
3.77468 17.3528 6.73596 -0.0253728 0.999662 0.00305779
4.88546 17.3836 6.76754 -0.0359426 0.999232 0.0156279
5.96219 17.4362 6.80678 -0.0630033 0.997719 0.0242236
7.15165 17.5202 6.79505 -0.0794484 0.99648 0.0267481
8.27159 17.6183 6.77508 -0.0963409 0.994963 0.0277013
9.35724 17.7261 6.76411 -0.1056 0.993924 0.0301107
10.6245 17.8781 6.77615 -0.134276 0.990021 0.0427041
11.7546 18.0632 6.76137 -0.180023 0.982993 0.0362496
12.8585 18.3172 6.77025 -0.234292 0.971605 -0.00900344
14.0765 18.5857 6.75218 -0.197201 0.978954 -0.0477201
15.1496 18.7705 6.76734 -0.168323 0.985058 -0.0363593
16.4312 18.9703 6.79427 -0.126785 0.990894 -0.0442062
17.5201 19.0731 6.74058 -0.0512124 0.99746 -0.0473292
18.7894 19.1039 6.78319 -0.00571471 0.999345 -0.0355368
20.0379 19.1013 6.76453 0.0212936 0.998805 -0.0415526
21.1787 19.0415 6.80008 0.0680261 0.997089 -0.034439
22.2809 18.903 6.80132 0.170442 0.98506 -0.00281728
23.4935 18.6893 6.75909 0.200281 0.978404 -0.0506253
24.6364 18.409 6.76192 0.344624 0.935251 -0.0700677
25.7455 17.8877 6.78248 0.401202 0.915591 -0.0260199
26.7069 17.2607 6.76569 0.739856 0.655022 -0.153181
27.3783 16.3484 6.80119 0.864011 0.487249 -0.117704
27.7754 15.339 6.78219 0.954773 0.290853 -0.0616596
28.097 14.1343 6.74708 0.982528 0.184289 -0.0217437
28.216 13.5203 5.96814 0.974288 0.225215 -0.00635662
28.1594 13.5058 4.79497 0.982257 0.174507 -0.0654549
28.1516 13.5424 3.63707 0.983687 0.164669 0.071806
28.2584 13.498 2.52386 0.972023 0.222206 0.0761267
28.3368 13.5642 1.24229 0.970084 0.226324 0.0859046
28.4392 13.5772 0.000113921 0.964153 0.25981 0.0497718
28.5201 13.5325 -1.46572 0.95996 0.274593 0.0554185
28.5491 13.5787 -2.64416 0.963344 0.268041 -0.0050197
28.5336 13.5691 -3.83112 0.958662 0.282954 -0.0298864
28.4977 13.5503 -4.96267 0.973253 0.221422 -0.0567338
28.48 13.5427 -6.0898 0.97663 0.211466 0.0383984
28.366 14.1884 -6.77592 0.976778 0.208772 0.0480092
28.0096 15.4447 -6.79429 0.92619 0.344444 0.153397
27.5635 16.4567 -6.8036 0.827375 0.486976 0.277217
26.7771 17.4097 -6.82507 0.696572 0.677011 0.237481
25.5405 18.155 -6.8281 0.373019 0.915574 0.150168
24.4014 18.6065 -6.79883 0.296394 0.937302 0.18327
23.3103 18.8082 -6.80171 0.181185 0.982761 0.0365975
22.2084 18.9912 -6.78711 0.117528 0.990272 0.0739564
20.9201 19.097 -6.82121 0.0495374 0.996306 0.0701126
19.6062 19.1231 -6.8364 -0.018928 0.998903 0.042349
18.3352 19.0577 -6.83619 -0.0775588 0.996574 0.0287263
17.1565 18.954 -6.82313 -0.09719 0.994443 0.0402413
15.8614 18.7801 -6.84317 -0.136339 0.990488 0.0181399
14.5288 18.5508 -6.79946 -0.185255 0.982653 -0.00510336
13.1012 18.313 -6.79453 -0.150475 0.988564 -0.00956547
11.8231 18.0957 -6.83258 -0.168867 0.985465 -0.0165767
10.5272 17.8886 -6.85025 -0.134833 0.988173 -0.0725341
9.08911 17.7352 -6.81005 -0.095936 0.995218 -0.0183841
7.98003 17.6365 -6.8108 -0.0875608 0.996089 -0.0117962
6.69596 17.5323 -6.78734 -0.070325 0.997357 -0.0182363
5.4923 17.4521 -6.79772 -0.0532855 0.998008 -0.0336193
4.32223 17.416 -6.81904 -0.0262791 0.999527 -0.0159024
3.11615 17.3882 -6.81459 -0.0249337 0.999676 0.00506418
2.04639 17.3615 -6.78779 -0.022366 0.999738 0.00485723
0.913149 17.3371 -6.76998 -0.0197329 0.999792 0.00513872
-0.23458 17.3156 -6.78915 -0.0166078 0.999858 0.00280459
-1.37323 17.2994 -6.81922 -0.0114739 0.999933 0.00130018
-2.69047 17.2792 -6.81512 -0.0126246 0.999419 -0.0315971
-3.78895 17.2758 -6.8022 0.000596586 0.999966 -0.00209154
-4.90486 17.2636 -6.80955 -0.0191772 0.999814 -0.00090287
-6.02957 17.2386 -6.77663 -0.0223044 0.9997 -0.0101283
-7.19231 17.2148 -6.84088 -0.0218591 0.999757 0.00294668
-8.47801 17.1727 -6.83898 -0.0360587 0.999341 -0.0033378
-10.0332 17.0993 -6.83849 -0.0682038 0.997489 0.0178685
-11.4623 16.9808 -6.84951 -0.0860584 0.996049 0.0215493
-12.6478 16.8405 -6.81729 -0.131217 0.991085 0.0230278
-13.8236 16.6651 -6.76396 -0.162506 0.986366 0.0239336
-15.1398 16.4089 -6.8167 -0.199986 0.979597 0.0198913
-16.2147 16.1549 -6.83605 -0.249496 0.968046 0.0236835
-17.3332 15.843 -6.77376 -0.28637 0.957975 0.0150064
-18.5621 15.4648 -6.80156 -0.309634 0.950664 0.0190415
-19.6416 15.105 -6.81822 -0.322302 0.946571 0.0111466
-20.9157 14.6563 -6.80534 -0.337456 0.941339 0.00182934
-21.947 14.2839 -6.81386 -0.344904 0.938622 0.00525494
-22.9923 13.8988 -6.8122 -0.346847 0.937907 0.00523384
-24.0553 13.4908 -6.82406 -0.359313 0.933217 0.000385582
-25.2525 13.0257 -6.82374 -0.362706 0.931892 -0.00448288
-26.2607 12.6347 -6.7575 -0.361219 0.93247 -0.00454997
-27.3248 12.2231 -6.82443 -0.361327 0.932439 -0.000232572
-28.3702 11.8172 -6.80882 -0.361358 0.932424 -0.00250701
-29.7111 11.296 -6.80554 -0.365946 0.93061 0.00658867
-30.76 10.8828 -6.77151 -0.36534 0.930873 0.00158429
-31.9499 10.416 -6.79987 -0.369262 0.929307 0.00566248
-33.0286 9.99089 -6.80887 -0.363627 0.931506 0.00715046
-33.7477 9.70258 -6.24437 -0.36765 0.929948 0.00556643
-33.8151 9.66862 -5.01599 -0.367968 0.929821 0.00563461
-33.8102 9.66203 -3.77673 -0.368699 0.929525 0.00650114
-33.8087 9.65329 -2.3561 -0.371377 0.928468 0.00504105
-33.7944 9.65262 -1.2318 -0.372256 0.928109 0.00622269
-33.7624 9.65808 0.0678713 -0.372346 0.928081 0.00493256
-33.7523 9.6531 1.20462 -0.375342 0.926861 0.00688452
-33.7744 9.638 2.27041 -0.377927 0.925828 0.00373737
-33.7932 9.62669 3.5975 -0.377489 0.926012 0.00198037
-33.7941 9.62513 4.73056 -0.378974 0.925406 0.00107177
-33.7702 9.63502 5.81355 -0.37919 0.925319 -0.000278662
-33.3817 9.7964 6.64849 -0.379708 0.925097 -0.00408966
-32.1326 10.3053 6.79298 -0.376103 0.92657 -0.00374194
-31.0196 10.7545 6.75876 -0.373977 0.927437 -0.00128303
-29.881 11.2133 6.8191 -0.373445 0.927651 -0.00159962
-28.5929 11.7306 6.74818 -0.37125 0.92853 -0.00225524
-27.36 12.2235 6.78107 -0.371046 0.928614 -0.00113921
-26.1839 12.6935 6.78157 -0.371244 0.928535 -0.000762769
-25.0564 13.1442 6.77791 -0.370971 0.928641 -0.00246407
-23.9594 13.5809 6.78481 -0.368019 0.929794 -0.00668082
-22.8456 14.0158 6.75013 -0.360097 0.932877 -0.00835101
-21.6722 14.4641 6.7917 -0.354041 0.93516 -0.0113227
-20.4643 14.9065 6.76823 -0.327608 0.944656 -0.0170194
-19.2752 15.3113 6.76244 -0.300084 0.953278 -0.0344533
-17.985 15.6995 6.76736 -0.271266 0.962207 -0.0209705
-16.8078 16.0106 6.79985 -0.244295 0.9695 -0.0197198
-15.6316 16.2909 6.75052 -0.216817 0.975691 -0.0310251
-14.5822 16.5019 6.75706 -0.179104 0.983516 -0.0244061
