27.8569 17.1167 3.52079 0.805202 0.59137 -0.00370108
27.8656 17.0952 2.52311 0.770326 0.637479 -0.00692811
27.8891 17.0424 1.55135 0.833694 0.551651 -0.0247576
27.8968 16.9767 0.317241 0.73587 0.675631 -0.0141437
27.9157 16.9612 -0.721865 0.780717 0.623962 0.0146624
27.9908 16.9652 -1.70763 0.731554 0.671384 0.115497
28.0443 17.0388 -2.84918 0.77377 0.630489 0.0524231
28.0487 17.0747 -3.17532 0.785928 0.616893 0.0348193
27.3352 17.7292 -3.56558 0.631731 0.773415 0.0521516
27.3622 17.6724 -2.41332 0.600092 0.799765 0.0162859
27.3367 17.6481 -1.40971 0.670186 0.740939 0.0430931
27.2394 17.6634 -0.322525 0.676991 0.735313 0.023868
27.2415 17.6999 0.993569 0.653034 0.754867 -0.0609796
27.2422 17.8057 2.16721 0.726261 0.684847 -0.029657
27.1887 17.7561 3.37699 0.594254 0.797695 0.0667781
27.1858 17.7611 3.58347 0.604274 0.79672 -0.00784736
26.4085 18.3164 3.61923 0.46762 0.882418 0.043713
26.4747 18.3487 2.60354 0.487107 0.872916 0.0143512
26.5014 18.3271 1.49457 0.478688 0.877844 -0.0148065
26.4965 18.2768 0.27274 0.568261 0.822348 -0.0278384
26.5236 18.2571 -0.735997 0.548378 0.834919 0.0452992
26.5797 18.2341 -1.97526 0.58373 0.81166 0.00854242
26.5751 18.265 -3.10818 0.516919 0.852974 0.0696966
26.5783 18.2794 -3.3406 0.504106 0.861756 0.056943
25.737 18.7386 -3.52908 0.438125 0.898166 0.035776
25.7582 18.7049 -2.55238 0.42989 0.902865 -0.00454138
25.731 18.7166 -1.49003 0.400309 0.916299 0.0119834
25.6594 18.7212 -0.331859 0.457201 0.887966 -0.0321895
25.6628 18.7433 0.672201 0.376874 0.925876 -0.00969628
25.6266 18.7529 1.86942 0.360902 0.932531 -0.00521618
25.6006 18.7412 2.85706 0.358943 0.932419 0.0372916
25.5628 18.7187 3.45288 0.392658 0.916683 0.0731867
24.6467 19.0293 3.6026 0.258449 0.963299 0.0724202
24.7118 19.0578 2.53161 0.244616 0.969557 0.0096724
24.7275 19.056 1.54992 0.254284 0.96708 -0.00592619
24.7568 19.0462 0.488932 0.249391 0.968351 0.00317637
24.798 19.0501 -0.591434 0.217996 0.975871 0.0123249
24.8523 19.0314 -1.70123 0.322956 0.945888 0.0305668
24.8709 19.0577 -2.80713 0.282578 0.959123 0.0151775
24.8504 19.0758 -3.52033 0.301026 0.953615 -0.000664654
23.9448 19.29 -3.422 0.185721 0.982571 -0.00489634
23.955 19.2684 -2.31418 0.180412 0.982958 0.0349457
23.8774 19.2643 -1.22169 0.159939 0.98694 0.0190095
23.833 19.2459 0.0138701 0.188869 0.981975 0.00518276
23.8029 19.2452 0.99013 0.177456 0.9841 -0.00107257
23.8137 19.2655 2.15269 0.180493 0.983277 -0.0199647
23.7341 19.25 3.49203 0.191402 0.980023 0.0509039
23.7273 19.2481 3.59016 0.195843 0.979878 0.0273628
22.7989 19.4007 3.24997 0.138024 0.990113 0.0221116
22.846 19.4007 2.09921 0.114894 0.993377 -3.92636e-05
22.8752 19.4003 0.864575 0.131685 0.991225 0.00330974
22.8894 19.3972 -0.152831 0.147546 0.988924 0.0012029
22.9481 19.4008 -1.23021 0.126458 0.991889 0.0127935
23.0024 19.4034 -2.22253 0.134092 0.990902 0.0108018
23.0049 19.4314 -3.42951 0.116698 0.993003 0.0175625
22.0526 19.5241 -3.42768 0.09115 0.995772 0.0110927
22.0346 19.5125 -2.4239 0.0982642 0.995068 0.0135837
22.0097 19.5035 -1.44658 0.093663 0.995566 0.0083908
21.9391 19.4967 -0.298911 0.0779104 0.996806 0.0152606
21.9281 19.4932 0.717972 0.0807156 0.99673 0.0036313
21.8866 19.4976 2.04618 0.0829868 0.996492 0.0105173
21.8442 19.488 3.09607 0.0815631 0.996608 0.00605987
21.8364 19.4874 3.42382 0.083914 0.996468 -0.00127735
20.8708 19.5624 3.45339 0.0728461 0.997338 -0.00299736
20.934 19.5541 2.06775 0.0556289 0.99845 0.000357514
20.9635 19.5599 0.972064 0.0527881 0.998535 0.0109399
20.9778 19.5578 -0.0336416 0.0625802 0.998026 -0.00123237
21.0415 19.5636 -1.15717 0.0349451 0.999333 0.0100513
21.0773 19.5801 -2.56635 0.0544374 0.998434 0.0129082
21.0923 19.5802 -3.52793 0.0335766 0.99941 0.00548553
20.1219 19.5989 -3.46525 0.0102355 0.999876 -0.00958762
20.1094 19.6053 -2.36808 0.0153334 0.999879 0.000220676
20.0823 19.5944 -1.38115 -0.000608509 0.999928 0.0103677
20.0383 19.5896 -0.267401 0.0143835 0.99983 -0.00662516
20.0161 19.5972 0.775753 0.0294156 0.999504 0.0104705
19.9626 19.5845 1.83503 0.0186313 0.999567 0.0178153
19.9014 19.586 2.97603 0.00549357 0.999984 -0.000713186
19.887 19.5924 3.50442 0.0195956 0.999756 -0.0101128
18.9386 19.5855 3.45317 -0.0233021 0.99959 -0.0150189
18.9833 19.5746 2.42212 -0.0227938 0.999724 -0.00555436
19.0317 19.5836 1.16145 -0.0268763 0.999596 0.00658111
19.0703 19.5799 0.164564 -0.0179834 0.999833 -0.000237744
19.1114 19.5799 -0.903014 -0.0116412 0.99993 -0.000386562
19.1559 19.5896 -1.88373 -0.0179861 0.99973 0.0146701
19.1819 19.5958 -2.87824 -0.0160863 0.999845 -0.00714378
19.1771 19.5942 -3.51515 -0.0168572 0.999825 0.00427192
18.2348 19.547 -3.14609 -0.0630938 0.99785 0.0126517
18.203 19.551 -1.91603 -0.0485365 0.998755 0.00160264
18.1524 19.5522 -0.86382 -0.0810122 0.996713 -3.4374e-05
18.1054 19.5515 0.325302 -0.0603707 0.998093 -0.00321222
18.0454 19.5443 1.32245 -0.068542 0.99756 -0.00583221
18.0157 19.5373 2.43201 -0.0473332 0.998843 -0.0085385
17.9898 19.5459 3.51032 -0.0766074 0.996968 -0.0133682
17.9898 19.546 3.51558 -0.0787472 0.996817 -0.012402
17.0369 19.4697 3.39365 -0.0802506 0.996719 -0.0105143
17.068 19.4642 2.28487 -0.101411 0.994713 -0.0132037
17.1001 19.4638 1.03694 -0.10547 0.994284 -0.0165883
17.1716 19.4616 -0.106654 -0.0922254 0.995703 -5.23369e-06
17.1907 19.4635 -1.17465 -0.102511 0.994715 -0.00251957
17.2672 19.4747 -2.26538 -0.108277 0.994118 -0.00162936
17.2932 19.4657 -3.28959 -0.0953948 0.995425 -0.00242926
16.3464 19.3488 -3.48436 -0.136455 0.99064 -0.00354905
16.326 19.3537 -2.40275 -0.140379 0.990051 -0.00954302
16.2429 19.3526 -1.38386 -0.140908 0.990022 0.000328105
16.1982 19.3461 -0.108884 -0.121456 0.992552 -0.00225629
16.1622 19.348 0.914545 -0.131571 0.991227 -0.0121737
16.1132 19.3438 2.1848 -0.132168 0.991188 -0.00665806
16.1031 19.3556 3.33971 -0.130349 0.991437 -0.00701084
16.1014 19.356 3.508 -0.131358 0.99133 -0.00193112
15.157 19.203 3.54152 -0.171647 0.985115 -0.00840728
15.1572 19.1935 2.46721 -0.169822 0.985455 -0.00513077
15.2069 19.2064 1.49174 -0.182905 0.98311 -0.00437373
15.225 19.2019 0.503054 -0.178404 0.983943 -0.00513944
15.2714 19.2036 -0.574145 -0.165725 0.986171 -0.00117608
15.3214 19.2053 -1.57806 -0.174501 0.984567 -0.0128435
15.3902 19.2096 -2.7601 -0.158629 0.987286 -0.00759022
15.3912 19.2061 -3.4478 -0.154107 0.988051 7.37822e-05
14.4631 19.0535 -3.39149 -0.183704 0.982974 -0.00260485
14.4149 19.0428 -2.20553 -0.181098 0.983465 0.000832325
14.3342 19.0298 -0.997378 -0.184168 0.982879 -0.00563758
14.3072 19.0297 0.173289 -0.190718 0.981625 -0.0042817
14.2666 19.0262 1.15764 -0.188009 0.982166 -0.00159728
14.2448 19.0268 2.33798 -0.18361 0.982975 -0.00685357
14.216 19.0311 3.33932 -0.183925 0.982878 -0.0105301
14.2197 19.0334 3.52291 -0.186671 0.982362 -0.0106623
13.2835 18.851 3.26147 -0.192775 0.981208 -0.00814812
13.3235 18.848 2.19099 -0.189615 0.981802 -0.0103944
13.3556 18.8457 1.15384 -0.193666 0.981047 -0.00511707
13.333 18.8401 0.0552073 -0.187244 0.982312 0.0013438
13.3987 18.8528 -1.20333 -0.185304 0.982681 -1.43155e-05
13.454 18.8629 -2.22735 -0.185029 0.982732 0.00137238
13.521 18.878 -3.30742 -0.184332 0.982862 0.00199802
13.5316 18.8807 -3.66927 -0.184073 0.982911 0.00177738
12.5856 18.7065 -3.54636 -0.175216 0.984508 0.00573002
12.5444 18.6918 -2.48733 -0.180114 0.983638 0.00301057
12.4558 18.6781 -1.21888 -0.179107 0.983826 -0.00250273
12.402 18.6695 -0.168613 -0.173535 0.984828 -0.000459431
12.4068 18.6666 0.935553 -0.172952 0.984891 0.00579169
12.3984 18.6722 2.10828 -0.171569 0.985168 -0.00274341
12.3377 18.6674 3.1094 -0.170043 0.985382 -0.0103521
12.3286 18.6704 3.54976 -0.178467 0.983908 -0.00522401
11.3958 18.5078 3.43966 -0.17151 0.985149 -0.000153556
11.4375 18.5065 2.12967 -0.16632 0.986064 -0.00361952
11.4703 18.5112 1.10827 -0.159427 0.987207 -0.0016101
11.4532 18.5049 0.0998379 -0.164562 0.986343 -0.00374186
11.4714 18.5041 -0.887024 -0.166868 0.985959 -0.0027092
11.5541 18.518 -1.91328 -0.161457 0.98688 0.000213103
11.6004 18.5306 -3.03796 -0.155504 0.987813 0.0064786
11.6475 18.5424 -3.61477 -0.159897 0.987102 0.00382313
10.679 18.3887 -3.4795 -0.146762 0.989167 -0.00323007
10.6101 18.3748 -2.2326 -0.143413 0.989652 0.00439551
10.5328 18.3543 -1.08134 -0.144709 0.98939 0.0100015
10.5108 18.3608 -0.0843025 -0.140638 0.98996 -0.0141215
10.5235 18.3692 0.985273 -0.135434 0.990782 -0.00254245
10.4911 18.365 2.11027 -0.136014 0.990695 0.000257964
10.4359 18.3577 3.47295 -0.136266 0.990658 0.00364695
9.50131 18.2301 3.52549 -0.129696 0.991541 0.00475228
9.53719 18.2419 2.4457 -0.123304 0.992354 0.0051728
9.55532 18.2446 1.42869 -0.120973 0.992642 -0.00422899
9.59405 18.2428 0.386905 -0.121159 0.992618 -0.00542342
9.58745 18.2402 -0.786947 -0.111921 0.993711 -0.00199099
9.63605 18.2419 -1.95948 -0.114684 0.993399 -0.00171897
9.70417 18.2522 -2.94228 -0.126558 0.991959 -0.000136085
9.72335 18.2539 -3.35056 -0.127572 0.991817 -0.00502519
8.73796 18.1349 -3.37555 -0.0992327 0.995061 -0.00186703
8.71545 18.1362 -2.32713 -0.102844 0.994655 -0.00523826
8.65025 18.1362 -1.17973 -0.103186 0.994658 -0.00292611
8.64472 18.1371 -0.0675811 -0.0989658 0.995086 0.00118875
8.61348 18.1389 1.32135 -0.0970111 0.995249 -0.00638677
8.59202 18.1346 2.36086 -0.101424 0.994772 0.0118327
8.57048 18.1215 3.42233 -0.103078 0.99463 0.0092158
7.61244 18.0288 3.40969 -0.0834918 0.996448 0.0107785
7.63884 18.0425 2.27759 -0.0912859 0.995763 0.0110388
7.63453 18.0456 1.21299 -0.0904488 0.995898 -0.00225335
7.68441 18.0473 0.0141981 -0.0846884 0.996407 0.000298054
7.71117 18.0486 -1.07348 -0.0826347 0.996554 -0.00708235
7.75524 18.0466 -2.22377 -0.0840697 0.996432 -0.00254365
7.78429 18.0482 -3.3238 -0.0860108 0.996293 -0.00170882
7.78976 18.0483 -3.53114 -0.0856444 0.996322 -0.00252841
6.82315 17.9742 -3.49453 -0.068236 0.997663 -0.00299028
6.778 17.9753 -2.26387 -0.0681001 0.997675 0.00122383
6.77269 17.974 -1.28508 -0.0714026 0.997441 0.000588484
6.72406 17.9719 -0.0597907 -0.0728875 0.99734 -0.000519976
6.67479 17.9697 1.27045 -0.0760282 0.997087 0.00607597
6.695 17.9654 2.26649 -0.0765792 0.997047 0.00573649
6.69222 17.9564 3.30668 -0.0739929 0.997186 0.012024
5.7512 17.89 3.39981 -0.0634655 0.99796 0.00665143
5.74204 17.8963 2.32544 -0.0686252 0.997619 0.0066246
5.73657 17.9016 1.26965 -0.0689859 0.997605 0.00510561
5.74477 17.9045 0.294164 -0.0641106 0.99794 -0.00184474
5.77522 17.9085 -0.929728 -0.0620534 0.998072 0.00162103
5.81335 17.9139 -1.95543 -0.0598323 0.998204 0.00235927
5.83323 17.9146 -3.02559 -0.0612684 0.998119 -0.00148385
5.85453 17.9144 -3.46647 -0.0616099 0.998092 -0.00397936
4.88879 17.8631 -3.26032 -0.0505967 0.998716 -0.00243945
4.85287 17.8619 -2.20436 -0.0542987 0.998521 0.00232748
4.82392 17.8554 -1.10614 -0.0511771 0.998679 0.00437574
4.79695 17.8499 0.186187 -0.0516012 0.998663 0.00292575
4.76006 17.8429 1.34684 -0.053933 0.998529 0.0054822
4.81092 17.8381 2.53699 -0.0570625 0.998363 0.00396446
4.80113 17.8335 3.47381 -0.0549666 0.99847 0.00609953
3.89834 17.791 3.36292 -0.039431 0.999209 0.00519553
3.86732 17.7944 2.35328 -0.0427861 0.999066 0.00598552
3.81213 17.7974 1.36087 -0.0422132 0.999097 0.00489735
3.81835 17.8014 0.11446 -0.0448119 0.998981 0.00399854
3.83155 17.807 -1.12788 -0.0433048 0.999036 0.00590171
3.86372 17.8163 -2.13094 -0.0431849 0.999055 0.00401975
3.91121 17.8199 -3.2003 -0.0407116 0.99917 0.000911751
3.92519 17.8208 -3.3884 -0.0402979 0.999186 0.001599
2.93625 17.7843 -3.23333 -0.0329449 0.999442 0.00549113
2.88071 17.7769 -2.24627 -0.0375623 0.999281 0.00503719
2.86967 17.7708 -1.20846 -0.0353914 0.999363 0.00454923
2.85197 17.7628 -0.0472484 -0.0303038 0.999526 0.00401694
2.8572 17.7583 1.25257 -0.0315511 0.999468 0.00819926
2.94712 17.759 2.56799 -0.0375703 0.999293 0.00110358
2.98936 17.7566 3.43106 -0.0344414 0.999399 0.00395061
2.06382 17.728 3.52256 -0.0230825 0.999721 0.00490527
1.99341 17.7315 2.2881 -0.0229976 0.999733 0.000276854
1.87576 17.7307 1.24082 -0.0196539 0.999792 0.0048756
1.87285 17.7376 0.220998 -0.0200562 0.999783 0.00565713
1.90035 17.744 -0.938252 -0.0198897 0.999799 0.0025768
1.89963 17.7475 -1.9505 -0.0224878 0.999735 0.00481886
1.95785 17.7559 -3.29914 -0.0217163 0.999749 0.00548732
1.96394 17.7565 -3.39363 -0.0248082 0.999664 0.00674438
0.977168 17.7358 -3.40521 -0.0160618 0.999867 0.00284755
0.890306 17.7306 -2.39823 -0.0139006 0.999892 0.0046885
0.926534 17.7264 -1.21042 -0.0160709 0.999862 0.00383105
0.897228 17.7216 0.0165763 -0.0105617 0.999928 0.00529747
0.870602 17.7156 1.0449 -0.013285 0.999907 0.00319916
1.04875 17.7117 2.32587 -0.0147448 0.99988 0.00390952
1.15564 17.7092 3.34331 -0.0134451 0.999904 0.00327446
1.1564 17.7087 3.47319 -0.0144498 0.999891 0.00293338
0.233184 17.6989 3.29699 -0.00644889 0.999975 0.00305394
0.0180515 17.7037 2.02688 -0.00604876 0.999971 0.00464307
-0.0613371 17.7073 0.967985 -0.00614446 0.999972 0.00382002
-0.0876827 17.7127 -0.236169 -0.00569253 0.999978 0.00308055
-0.0384672 17.7152 -1.32524 -0.00999792 0.999941 0.00386796
-0.141168 17.7178 -2.309 -0.0107882 0.99993 0.00490133
-0.0276112 17.7236 -3.49691 -0.00822167 0.99996 0.00333352
-0.0267857 17.7237 -3.51906 -0.00717237 0.999965 0.0042745
-1.16312 17.7183 -3.49642 -0.00259298 0.999988 0.00402458
-1.13823 17.7143 -2.44404 -0.00112865 0.999995 0.00284801
-1.13104 17.7117 -1.44924 0.00096687 0.999996 0.00246658
-1.13301 17.7097 -0.19653 0.0029805 0.999993 0.0019415
-1.16312 17.7068 0.818307 0.00254467 0.999983 0.00522914
-1.11106 17.701 1.9919 0.00122398 0.999993 0.00348798
-1.04804 17.6957 3.08996 0.00153888 0.999984 0.00540885
-1.16312 17.6929 3.59814 0.000152726 0.999987 0.00464602
-2.06796 17.6953 3.47142 0.00280058 0.999975 0.00635047
-2.1212 17.7028 2.35205 0.00358728 0.999979 0.0053271
-2.13363 17.7084 1.13829 0.00494787 0.999979 0.00414782
-2.17051 17.7132 -0.041878 0.00493248 0.999981 0.00373436
-2.14016 17.7152 -1.2672 0.00507891 0.999986 0.00104192
-2.16377 17.7176 -2.37373 0.00621115 0.999978 0.0024884
-2.10249 17.7195 -3.33728 0.00552534 0.999983 0.00203908
-2.10681 17.7198 -3.48104 0.00522222 0.999983 0.00262174
-3.04365 17.7257 -3.55319 0.0058881 0.999982 0.00105683
-3.1232 17.7249 -2.33815 0.00809646 0.999966 0.00181085
-3.00083 17.7211 -1.18928 0.00828604 0.999963 0.00236157
-3.10593 17.7193 -0.12466 0.00737355 0.99997 0.00228233
-3.12596 17.7167 0.863519 0.00748606 0.999963 0.00412537
-3.08318 17.7088 2.16173 0.00592579 0.999961 0.00647872
-3.13825 17.7007 3.2583 0.00337442 0.999967 0.00741274
-3.13156 17.6987 3.52918 0.00321807 0.999967 0.0075172
-4.11022 17.7049 3.20374 0.00170032 0.999937 0.0111009
-4.06336 17.7137 2.19582 0.00513672 0.999966 0.00644917
-4.07317 17.721 1.16034 0.00509597 0.999968 0.0061687
-4.05117 17.7259 0.0539216 0.00679046 0.999974 0.00221752
-3.95646 17.7278 -1.03236 0.00672564 0.999972 0.00313132
-4.05854 17.7316 -2.21006 0.00535691 0.999985 0.00136041
-3.99346 17.7316 -3.48862 0.00647835 0.999978 -0.00118813
-4.96738 17.7349 -3.40058 -0.00110887 0.999986 -0.00504787
-4.98964 17.736 -2.16542 0.000688274 0.999991 0.00393981
-4.92547 17.7316 -0.997532 0.00137406 0.999996 0.00242922
-5.0158 17.7299 0.103349 0.0037569 0.999988 0.00313084
-5.03603 17.726 1.20213 0.00200449 0.999958 0.00723456
-5.04683 17.7148 2.18558 -0.000979547 0.999937 0.011068
-5.04164 17.705 3.20497 -0.0025747 0.999939 0.0106406
-5.07246 17.7014 3.50977 -0.00344079 0.999918 0.0121884
-6.03826 17.6971 3.37245 -0.0104501 0.999883 0.0111228
-6.01714 17.7101 2.11662 -0.0127617 0.99986 0.00984617
-5.99096 17.7194 0.933912 -0.015273 0.999848 0.00841922
-5.92482 17.7258 -0.135795 -0.0104496 0.999942 0.000620717
-5.88302 17.7256 -1.10566 -0.0118133 0.999928 0.00206817
-5.93096 17.7297 -2.38632 -0.0116544 0.999922 0.00453456
-5.93017 17.7297 -3.28761 -0.00979798 0.999924 -0.00743959
-6.86277 17.7139 -3.58286 -0.017709 0.999841 -0.00227586
-6.86171 17.7166 -2.54403 -0.0189697 0.99982 0.000686121
-6.84541 17.7146 -1.55599 -0.0128876 0.99991 0.00361395
-6.88814 17.7075 -0.0927774 -0.0234206 0.999712 0.00379355
-6.91804 17.7019 0.94357 -0.0214151 0.999746 0.00697383
-6.96162 17.693 1.99755 -0.0220046 0.999707 0.00991965
-6.97321 17.6862 2.99465 -0.0226617 0.999715 0.00735369
-6.99801 17.6818 3.45937 -0.0216632 0.999734 0.00793773
-7.95548 17.6584 3.43254 -0.0268323 0.999608 0.00805307
-7.93889 17.6659 2.388 -0.0330878 0.999426 0.00394507
-7.88149 17.6723 1.22369 -0.0374756 0.999272 0.00648688
-7.87471 17.6791 0.182928 -0.0364278 0.999314 0.00640224
-7.79132 17.6915 -0.99015 -0.0309807 0.999464 0.00772551
-7.80132 17.6908 -2.16065 -0.0325928 0.999468 0.00118238
-7.81851 17.6904 -3.4746 -0.0367412 0.999322 3.8129e-05
-8.77432 17.6493 -3.37713 -0.0483583 0.998828 -0.00212566
-8.76789 17.6503 -2.38385 -0.0498244 0.998757 0.00130895
-8.7377 17.6527 -1.34695 -0.0582541 0.998299 0.00100957
-8.79752 17.6448 -0.0571437 -0.0539703 0.998529 0.00515183
-8.82561 17.6381 0.945596 -0.0498921 0.998732 0.00613278
-8.86543 17.629 2.08248 -0.0473582 0.998863 0.0048698
-8.91594 17.6233 3.11265 -0.0496588 0.998763 0.00263796
-8.91358 17.6224 3.47456 -0.0509685 0.998679 0.0061845
-9.87345 17.5676 3.31708 -0.0639972 0.997942 -0.00136833
-9.81616 17.5742 2.15366 -0.0654764 0.997808 0.00959669
-9.78019 17.5835 1.15291 -0.0608102 0.998132 0.00580736
-9.75145 17.5892 0.0597199 -0.0649638 0.997881 0.00350799
-9.71762 17.5944 -0.966199 -0.0593794 0.998235 0.000790925
-9.7103 17.5954 -2.11691 -0.0653674 0.99786 -0.00103024
-9.71196 17.5985 -3.20943 -0.0612091 0.998119 -0.00102843
-9.71011 17.5988 -3.34766 -0.0586196 0.998279 9.93295e-05
-10.6565 17.5303 -3.44312 -0.0926399 0.995691 -0.00418491
-10.656 17.5247 -2.26429 -0.0848846 0.996341 0.0098741
-10.6585 17.5245 -1.25188 -0.0807591 0.996726 -0.00355599
-10.7032 17.521 0.0604294 -0.0851036 0.996371 0.00107749
-10.7471 17.5073 1.21923 -0.0850074 0.996349 0.00785432
-10.769 17.4992 2.24057 -0.0845343 0.996398 0.00648314
-10.8355 17.4899 3.24982 -0.0886472 0.996046 -0.00153346
-10.8347 17.4916 3.48615 -0.0860067 0.996278 -0.00547759
-11.768 17.3943 3.4602 -0.110685 0.993855 -0.00115422
-11.7279 17.4035 2.46263 -0.114071 0.99345 0.00645505
-11.6963 17.4169 1.46756 -0.110801 0.99377 0.0104503
-11.6888 17.4163 0.304875 -0.117998 0.99299 0.00393143
-11.6056 17.4335 -0.812402 -0.118142 0.992988 -4.61234e-05
-11.608 17.4327 -2.01924 -0.100875 0.994892 -0.00385881
-11.5977 17.4378 -2.99706 -0.10749 0.994163 0.00886611
-11.6016 17.4382 -3.57471 -0.107191 0.994233 -0.00313456
-12.5371 17.3235 -3.28368 -0.134752 0.99084 0.0083736
-12.5416 17.3185 -2.27458 -0.124163 0.992257 -0.00217386
-12.55 17.3117 -1.00714 -0.142692 0.989758 0.00256719
-12.6242 17.3006 0.0262484 -0.144507 0.989504 -0.000421857
-12.6355 17.2995 1.11694 -0.130147 0.991451 -0.00732339
-12.6806 17.2836 2.16956 -0.135002 0.990819 0.00721402
-12.6896 17.2793 3.36353 -0.130872 0.991397 -0.000593993
-12.693 17.2792 3.52804 -0.133046 0.991107 -0.000943526
-13.6311 17.1434 3.36932 -0.15324 0.988178 -0.000119962
-13.6186 17.1451 2.22984 -0.165993 0.986127 0.000292223
-13.5677 17.1546 1.05052 -0.164036 0.986453 0.000502677
-13.5845 17.1486 -0.277721 -0.164836 0.986317 -0.00040646
-13.5051 17.1689 -1.39913 -0.163564 0.98646 0.0119898
-13.4838 17.1829 -2.36979 -0.153271 0.988103 0.00601847
-13.4802 17.1883 -3.58546 -0.152942 0.988234 0.00117688
-14.4271 17.0224 -3.62683 -0.195518 0.980684 0.00210004
-14.4126 17.0223 -2.26926 -0.189981 0.981753 0.00808419
-14.4806 16.9953 -0.904578 -0.178298 0.98397 0.00347432
-14.5413 16.9814 0.105553 -0.181704 0.983326 -0.00217695
-14.512 16.9924 1.09874 -0.191245 0.981541 0.00120181
-14.5506 16.9845 2.38284 -0.190475 0.981636 -0.0104684
-14.5719 16.9856 3.47092 -0.181495 0.983349 -0.00530655
-15.5185 16.7963 3.42734 -0.213951 0.976833 -0.00452017
-15.4643 16.8009 2.34161 -0.216575 0.976248 -0.00544446
-15.479 16.8002 1.10559 -0.219062 0.975673 0.00515617
-15.4571 16.8053 -0.120469 -0.219291 0.975649 0.004289
-15.3742 16.824 -1.20704 -0.201442 0.979485 -0.00227985
-15.3367 16.8332 -2.22395 -0.211605 0.977302 0.00994496
-15.3616 16.8309 -3.48973 -0.211219 0.977411 -0.00193961
-16.2978 16.6115 -3.63033 -0.236967 0.971508 0.000432229
-16.2917 16.6132 -2.4983 -0.245077 0.969501 0.0022663
-16.3141 16.6081 -1.49832 -0.252689 0.967517 -0.00758771
-16.3673 16.5969 -0.469275 -0.239346 0.97092 -0.000310256
-16.4234 16.5808 0.597819 -0.234958 0.971994 0.000823917
-16.4181 16.5829 1.57518 -0.223386 0.974721 -0.0040004
-16.421 16.5892 2.74252 -0.222444 0.974903 -0.00886408
-16.4301 16.5903 3.30039 -0.228529 0.973535 -0.000162794
-17.3653 16.357 3.27773 -0.251305 0.9679 0.00256366
-17.3588 16.3502 2.24375 -0.256242 0.966512 -0.0139563
-17.3372 16.3444 1.16475 -0.256374 0.966558 -0.00587399
-17.3471 16.3408 0.142724 -0.262131 0.965027 0.000327313
-17.2665 16.3579 -0.936841 -0.2588 0.965918 -0.00483932
-17.2312 16.3625 -1.9094 -0.262934 0.964803 -0.00397136
-17.2078 16.3736 -3.03847 -0.266122 0.963917 0.00659219
-17.2201 16.3722 -3.32624 -0.265461 0.964103 0.00581632
-18.1287 16.1143 -3.41595 -0.284259 0.958745 -0.00166019
-18.1253 16.1102 -2.29217 -0.27468 0.96152 0.00547822
-18.184 16.0956 -1.05191 -0.28547 0.958358 -0.00664478
-18.2406 16.086 -0.0434383 -0.286544 0.958061 -0.00105406
-18.2646 16.0813 1.14251 -0.278933 0.960308 -0.00016115
-18.2773 16.0895 2.27373 -0.284306 0.958629 -0.0131417
-18.2815 16.0965 3.2594 -0.28573 0.958268 -0.00892643
-18.2835 16.0966 3.33106 -0.285088 0.958449 -0.010045
-19.2031 15.8109 3.34161 -0.302066 0.953256 -0.0076393
-19.1856 15.8076 2.27038 -0.299989 0.953911 -0.00779814
-19.1764 15.8009 0.97888 -0.302145 0.95325 -0.00472031
-19.1543 15.805 -0.10383 -0.304431 0.952498 -0.00548482
-19.0889 15.8192 -1.12711 -0.297982 0.954564 -0.0037537
-19.0348 15.8337 -2.43546 -0.295396 0.955371 0.0018257
-19.0329 15.8301 -3.41236 -0.316519 0.948574 0.0048229
-19.0436 15.8271 -3.51649 -0.315896 0.948781 0.00483068
-19.9673 15.5147 -3.47266 -0.331511 0.943428 -0.00396125
-19.9556 15.5276 -2.44196 -0.329121 0.944258 -0.00745548
-20.0033 15.5159 -1.27851 -0.323941 0.946058 -0.00435711
-20.0889 15.4957 -0.130998 -0.317462 0.948241 -0.00755733
-20.1055 15.5002 1.1052 -0.315516 0.948886 -0.00806837
-20.12 15.5041 2.10734 -0.316508 0.948565 -0.00636473
-20.1094 15.5175 3.26344 -0.314742 0.949142 -0.00775629
-20.1054 15.5201 3.46122 -0.313093 0.949703 -0.00605055
-20.9963 15.209 3.53141 -0.341735 0.939787 -0.00425882
-21.0204 15.1941 2.48757 -0.335153 0.942163 -0.000346028
-20.9937 15.1912 1.19048 -0.33794 0.941114 -0.00887816
-20.9589 15.1974 -0.132262 -0.341669 0.93977 -0.00872557
-20.9083 15.2023 -1.14009 -0.331471 0.943429 -0.0079242
-20.8839 15.2009 -2.31161 -0.335494 0.942006 -0.00797088
-20.8682 15.1991 -3.41454 -0.336066 0.941818 -0.00602106
-21.8023 14.8617 -3.50716 -0.346581 0.938003 -0.00555135
-21.7776 14.8776 -2.27501 -0.343762 0.93904 -0.00514917
-21.8054 14.8773 -1.23476 -0.343058 0.939252 -0.0107541
-21.8636 14.8668 0.0671554 -0.347797 0.937546 -0.00669542
-21.8821 14.8688 1.17103 -0.34752 0.937614 -0.00915547
-21.8915 14.8725 2.28664 -0.351684 0.936111 -0.00364376
-21.9245 14.8677 3.56648 -0.354624 0.934988 -0.00628305
-22.8292 14.523 3.53172 -0.359556 0.933114 -0.00392873
-22.7846 14.5339 2.45993 -0.358155 0.933654 -0.00349495
-22.7769 14.5329 1.48691 -0.358771 0.933417 -0.00404918
-22.768 14.5286 0.436865 -0.352402 0.935814 -0.00786719
-22.7307 14.5373 -0.782254 -0.356133 0.934426 -0.0035166
-22.709 14.538 -1.75927 -0.351825 0.935991 -0.0113639
-22.6793 14.5403 -2.86015 -0.353257 0.93551 -0.00557627
-22.6978 14.5308 -3.34358 -0.354238 0.935136 -0.00594484
-23.5787 14.1962 -3.51606 -0.354003 0.935225 -0.00600921
-23.5735 14.2052 -2.3639 -0.35682 0.934156 -0.00553095
-23.6391 14.1864 -1.15744 -0.359521 0.933123 -0.00501003
-23.6489 14.1873 -0.0461142 -0.36091 0.932592 -0.00410279
-23.6614 14.1883 1.00265 -0.362468 0.931987 -0.00424466
-23.6675 14.1929 2.40544 -0.364022 0.931378 -0.00469776
-23.7006 14.185 3.39004 -0.365721 0.930716 -0.0037303
-23.7007 14.1853 3.5489 -0.365372 0.930859 -0.00219348
-24.5798 13.84 3.55624 -0.366255 0.930509 -0.00327353
-24.5604 13.8426 2.31176 -0.36486 0.931055 -0.00353716
-24.5564 13.8404 1.21205 -0.363943 0.931414 -0.00360999
-24.5482 13.839 0.00367599 -0.36321 0.931702 -0.00307142
-24.5259 13.844 -0.977023 -0.361485 0.932371 -0.00357253
-24.4747 13.8592 -2.05724 -0.36044 0.932773 -0.00427955
-24.464 13.8592 -3.14633 -0.359472 0.933146 -0.00420423
-24.4653 13.8568 -3.50706 -0.359773 0.933025 -0.00534471
-25.3774 13.504 -3.5239 -0.361294 0.932442 -0.00430112
-25.363 13.5136 -2.48026 -0.361973 0.932181 -0.00362741
-25.3968 13.5037 -1.48424 -0.363805 0.931472 -0.00233968
-25.4233 13.4967 -0.254208 -0.364442 0.931223 -0.00225209
-25.4392 13.4931 0.859668 -0.364829 0.93107 -0.00273549
-25.4387 13.4966 1.85355 -0.365808 0.930685 -0.00302501
-25.4455 13.4972 3.03624 -0.366737 0.930322 -0.00215697
-25.4525 13.4952 3.2773 -0.367462 0.930036 -0.00199012
-26.3507 13.1395 3.46352 -0.368643 0.929571 -0.000848748
-26.3228 13.1494 2.44224 -0.368296 0.929706 -0.00196633
-26.3206 13.1479 1.44577 -0.366422 0.930447 -0.00184408
-26.3068 13.1518 0.474115 -0.366072 0.930585 -0.00161243
-26.2888 13.1561 -0.96796 -0.365229 0.930917 -0.00133577
-26.2764 13.1585 -2.06081 -0.363863 0.93145 -0.00231447
-26.2681 13.159 -3.1024 -0.363088 0.931752 -0.00232333
-26.2695 13.157 -3.66259 -0.362644 0.931923 -0.00287288
-27.1593 12.8105 -3.64828 -0.363398 0.931633 -0.00144343
-27.146 12.8179 -2.35352 -0.363988 0.931402 -0.00165643
-27.1709 12.8096 -1.28399 -0.365313 0.930884 -0.0009873
-27.1934 12.8019 -0.211096 -0.365795 0.930695 -0.000810736
-27.1915 12.8037 0.903845 -0.366727 0.930328 -0.000674614
-27.2083 12.798 1.9419 -0.368012 0.929821 -0.000851602
-27.2262 12.7918 2.97198 -0.368868 0.929481 -0.000806397
-27.2138 12.797 3.37122 -0.369218 0.929343 -0.000578472
-28.099 12.4457 3.49417 -0.368918 0.929462 -0.000155047
-28.1203 12.437 2.41848 -0.368546 0.929609 -0.000313311
-28.0686 12.4574 1.22277 -0.367361 0.930079 -0.000371638
-28.0824 12.4521 0.206997 -0.366911 0.930256 -0.000261694
-28.0744 12.4553 -0.967954 -0.365502 0.930811 -0.000219554
-28.0381 12.469 -2.2111 -0.364791 0.931089 -0.00036117
-28.0209 12.475 -3.2204 -0.363881 0.931444 -0.00143844
-28.0367 12.4684 -3.50137 -0.36377 0.931488 -0.00133624
-28.9329 12.1188 -3.66105 -0.363429 0.931622 -2.53551e-05
-28.9188 12.1239 -2.55559 -0.36532 0.930882 0.000384993
-28.9503 12.111 -1.35513 -0.365686 0.930738 -6.83258e-06
-28.9536 12.1091 -0.30974 -0.366956 0.930238 0.000736596
-28.9697 12.1016 0.670229 -0.367793 0.929907 0.00130186
-28.9895 12.0927 1.81089 -0.368277 0.929716 0.000849177
-29.01 12.0839 2.86491 -0.369114 0.929384 0.000130052
-29.0007 12.0875 3.46617 -0.369282 0.929317 0.000298846
-29.8805 11.7377 3.35973 -0.36962 0.929183 0.000683085
-29.8955 11.7327 2.2563 -0.369327 0.929298 0.00125854
-29.8647 11.7462 1.27452 -0.368735 0.929534 0.00106957
-29.8394 11.7586 0.0180333 -0.368086 0.929789 0.00206061
-29.8388 11.7602 -0.979741 -0.366954 0.930238 0.00169124
-29.8148 11.7716 -2.00548 -0.366799 0.930299 0.00166224
-29.8048 11.7776 -3.36321 -0.36426 0.931297 0.00107839
-29.7854 11.7856 -3.67811 -0.364245 0.931303 0.000923759
-30.6977 11.4269 -3.29666 -0.365784 0.930698 0.00147682
-30.696 11.4242 -2.00081 -0.366326 0.930483 0.00260104
-30.7265 11.4094 -0.901751 -0.368056 0.9298 0.00256131
-30.7251 11.4073 0.180333 -0.368809 0.929503 0.00226857
-30.745 11.3966 1.26864 -0.369609 0.929185 0.00216384
-30.7803 11.3801 2.35693 -0.370369 0.928884 0.00123771
-30.7432 11.394 3.3205 -0.370297 0.928913 0.000660149
-14.0196 17.0803 4.63851 -0.164833 0.986321 0.000927193
-12.8394 17.2637 4.60824 -0.144027 0.98954 -0.00504586
-11.4551 17.4313 4.61319 -0.11157 0.993738 -0.00446132
-10.3161 17.538 4.63521 -0.0709539 0.997445 0.00216685
-9.25334 17.599 4.63787 -0.0458689 0.998943 0.00298095
-7.93976 17.652 4.60962 -0.0313113 0.999477 0.00526106
-6.75329 17.6752 4.623 -0.0126113 0.999886 0.00826638
-5.67958 17.686 4.62357 -0.00650378 0.999934 0.00948867
-4.49504 17.6909 4.60889 -0.00113862 0.999946 0.0101162
-3.22194 17.6899 4.62479 0.0015452 0.999964 0.00835166
-1.90559 17.6879 4.64815 0.000582918 0.999976 0.00697052
-0.74053 17.6879 4.69868 -0.00146742 0.999983 0.00566268
0.522446 17.6967 4.67504 -0.0119815 0.999924 0.00284653
1.64685 17.7149 4.60242 -0.0215258 0.999765 0.000707799
2.90485 17.7496 4.6035 -0.0289636 0.999573 0.00367405
4.11817 17.7909 4.61216 -0.040445 0.999146 0.00840999
5.32312 17.851 4.60962 -0.0583695 0.998209 0.0130802
6.48601 17.9268 4.60722 -0.0754188 0.997066 0.0130848
7.73964 18.0292 4.60325 -0.0938787 0.995547 0.00856511
8.79531 18.1359 4.62983 -0.112382 0.993596 0.011674
9.9903 18.2802 4.65523 -0.126195 0.991897 0.0144294
11.0946 18.448 4.61441 -0.165331 0.986203 0.0083372
12.2581 18.6609 4.63307 -0.18629 0.982463 0.00788507
13.3499 18.8759 4.60304 -0.195859 0.98059 -0.00894436
14.4393 19.0892 4.57334 -0.185191 0.982603 -0.0133877
15.5346 19.2775 4.61315 -0.155572 0.987664 -0.0175596
16.6361 19.4355 4.61342 -0.12455 0.992098 -0.0147651
17.9556 19.5585 4.59152 -0.0654192 0.997681 -0.0187492
19.1925 19.6085 4.57398 -0.0112308 0.999691 -0.017112
20.2722 19.596 4.6517 0.050649 0.998684 -0.00760444
21.6769 19.5072 4.63704 0.0794487 0.996747 -0.0134853
22.7633 19.3753 4.64164 0.132753 0.991041 0.0142291
23.9038 19.1753 4.67078 0.240824 0.970101 0.0294474
25.0626 18.8705 4.66258 0.267217 0.963485 -0.0112955
26.1705 18.4056 4.71248 0.461911 0.885171 -0.0551166
27.1611 17.7999 4.65673 0.613278 0.788961 -0.0376621
27.943 17.0604 4.6689 0.786863 0.614982 0.00282783
28.4833 15.9872 4.58562 0.929526 0.368371 -0.0027737
28.5896 15.7158 3.27845 0.953152 0.300845 0.0314716
28.6212 15.7037 2.00368 0.94432 0.326351 0.0354452
28.6185 15.7309 0.881564 0.913806 0.406017 -0.00908807
28.6554 15.7084 -0.358977 0.905592 0.421799 0.0206804
28.7 15.7029 -1.4353 0.943101 0.331066 0.0309275
28.7592 15.7069 -2.54466 0.931708 0.358853 0.0552958
28.804 15.7286 -3.76164 0.953869 0.299224 0.0159948
28.6719 16.158 -4.63414 0.947307 0.319936 -0.00301838
28.0845 17.1184 -4.65449 0.785831 0.61705 0.0271438
27.2158 17.9559 -4.65679 0.623417 0.772955 0.117596
25.9915 18.7079 -4.71441 0.462095 0.883219 0.0750628
24.8498 19.0807 -4.66063 0.259217 0.965731 0.0111993
23.6971 19.3339 -4.71304 0.196073 0.980236 0.0263066
22.3634 19.5084 -4.67911 0.075592 0.997107 0.00706517
21.1513 19.5748 -4.63027 0.0393846 0.998979 0.0207101
20.0455 19.6039 -4.67059 0.0077399 0.999922 0.00930528
18.8043 19.5915 -4.65707 -0.0378893 0.999054 0.0102278
17.3454 19.4741 -4.6659 -0.0956301 0.995408 0.00126598
16.022 19.3067 -4.71467 -0.137746 0.990396 0.011888
14.9675 19.1373 -4.76692 -0.167602 0.985825 0.000769187
13.6815 18.9077 -4.76368 -0.179225 0.983807 -0.0016096
12.5473 18.6983 -4.7558 -0.179978 0.983664 -0.00355861
11.3817 18.4933 -4.67132 -0.168745 0.985634 -0.00675954
10.3128 18.3286 -4.64046 -0.146831 0.989156 -0.00317696
9.09594 18.1693 -4.66771 -0.119264 0.992851 -0.00445899
7.99533 18.0607 -4.7095 -0.0963703 0.995344 -0.00140098
6.66213 17.9566 -4.70649 -0.0685024 0.997624 -0.0061329
5.33517 17.8832 -4.67094 -0.0450775 0.998967 -0.00556205
4.2743 17.8371 -4.63859 -0.0402556 0.999182 0.00390202
2.81913 17.7881 -4.59594 -0.0285561 0.999585 0.00380368
1.72668 17.7588 -4.62073 -0.0254949 0.999657 0.00591304
0.528656 17.7356 -4.62445 -0.0117412 0.999913 0.0060777
-0.678976 17.7253 -4.64531 -0.00740065 0.999953 0.00619711
-1.87953 17.7211 -4.65886 0.000412585 0.999992 0.00160254
-3.07663 17.7245 -4.64652 0.00292206 0.999993 -0.00208377
-4.25271 17.7283 -4.66066 0.00197339 0.999979 -0.00610234
-5.59281 17.7246 -4.65017 -0.00757718 0.999947 -0.00690036
-6.79424 17.7105 -4.68701 -0.0157157 0.99984 -0.00774547
-8.06364 17.6795 -4.6768 -0.035622 0.999343 -0.0039577
-9.48712 17.608 -4.7274 -0.0627808 0.998026 0.00137128
-10.7066 17.5214 -4.72383 -0.0845895 0.996366 -5.81524e-05
-12.0672 17.3879 -4.7019 -0.109055 0.993996 0.00854723
-13.436 17.198 -4.69806 -0.157126 0.987544 0.00777708
-14.6726 16.9812 -4.69807 -0.18803 0.9821 0.0110477
-16.0072 16.6969 -4.71425 -0.230067 0.973117 -0.00317749
-17.3537 16.3418 -4.68775 -0.262878 0.96482 0.00423217
-18.4191 16.0246 -4.65933 -0.295787 0.955238 -0.000484876
-19.6737 15.6156 -4.66416 -0.32336 0.946245 -0.00729233
-20.8835 15.1869 -4.68908 -0.338767 0.940859 -0.00455748
-21.8925 14.8194 -4.67283 -0.344804 0.938623 -0.00983586
-22.9261 14.4345 -4.66032 -0.352616 0.935739 -0.00733023
-23.9471 14.0482 -4.68122 -0.354554 0.935017 -0.00589111
-25.1005 13.605 -4.69862 -0.359389 0.933176 -0.00478037
-26.1872 13.1847 -4.74765 -0.361342 0.932423 -0.00426185
-27.2995 12.7534 -4.7327 -0.361544 0.932352 -0.00252108
-28.4994 12.2873 -4.68583 -0.362113 0.932134 -3.47341e-05
-29.6804 11.8275 -4.71442 -0.363706 0.931514 0.000456031
-30.9286 11.3399 -4.71049 -0.364113 0.931351 0.00268593
-31.9226 10.9505 -4.5852 -0.364909 0.931034 0.00411431
-32.1811 10.8439 -3.56874 -0.366475 0.930419 0.00404424
-32.1734 10.8422 -2.47225 -0.36764 0.929959 0.00398449
-32.2003 10.8273 -1.39229 -0.368908 0.929459 0.00350731
-32.1848 10.8276 0.0138487 -0.369704 0.929141 0.00391564
-32.195 10.8187 1.16245 -0.371129 0.928576 0.00317692
-32.1624 10.8275 2.41139 -0.372504 0.928027 0.00253574
-32.1337 10.8363 3.74327 -0.372687 0.927956 0.000976703
-31.6399 11.0342 4.57067 -0.372434 0.928059 0.000415738
-30.5731 11.4611 4.65491 -0.370788 0.928718 0.000374497
-29.2109 12.0038 4.66643 -0.369844 0.929094 -0.000163017
-28.0434 12.468 4.64427 -0.369623 0.929182 -6.82518e-05
-26.8196 12.9546 4.65423 -0.369249 0.92933 -0.00077598
-25.7847 13.366 4.66695 -0.369174 0.929358 -0.00188076
-24.6339 13.8223 4.66208 -0.367662 0.929956 -0.00249665
-23.4767 14.2765 4.63953 -0.362931 0.931806 -0.00422447
-22.4636 14.6672 4.64782 -0.358256 0.933616 -0.00357204
-21.3033 15.1022 4.64697 -0.342369 0.939549 -0.00549683
-20.2517 15.4783 4.6842 -0.317253 0.948329 -0.00448497
-19.2 15.8243 4.66037 -0.306634 0.95178 -0.00946104
-17.8305 16.2381 4.60363 -0.265884 0.963961 -0.00430487
-16.6864 16.5284 4.61947 -0.235969 0.971717 -0.00840025
-15.3345 16.8389 4.60881 -0.212359 0.977192 -0.000557395
-14.4441 17.0089 4.62958 -0.165671 0.98618 0.00135811
-14.5298 16.9977 5.69218 -0.173419 0.984644 -0.0142428
-13.4303 17.1829 5.70041 -0.157402 0.987438 -0.01053
-12.304 17.3419 5.68093 -0.120068 0.992633 -0.0150672
-11.1125 17.4684 5.69445 -0.0922083 0.995686 0.00287649
-10.0531 17.5525 5.70472 -0.0671702 0.997692 0.00359104
-8.86473 17.6151 5.71119 -0.0390268 0.999237 -0.00165504
-7.69672 17.6523 5.66026 -0.0206784 0.999772 0.00427852
-6.55821 17.6686 5.69996 -0.010341 0.999916 0.0072497
-5.38831 17.6778 5.67886 -0.00493034 0.999962 0.0071392
-4.26975 17.6821 5.67332 -0.00139848 0.99997 0.00760111
-2.91954 17.6814 5.6989 0.000956161 0.999975 0.00699757
-1.79439 17.6804 5.70937 0.000736492 0.999975 0.00706823
-0.728476 17.6818 5.74015 -0.00407031 0.999976 0.0056524
0.606462 17.6935 5.72688 -0.014873 0.999875 0.00528753
1.76159 17.7153 5.68719 -0.0210729 0.999771 0.00365775
2.93361 17.7462 5.68892 -0.0274009 0.99962 0.00301978
4.24347 17.7872 5.67189 -0.0345903 0.999354 0.0095701
5.33164 17.8363 5.6658 -0.0557273 0.998325 0.0141131
6.39993 17.9046 5.7026 -0.0736104 0.997106 0.0183681
7.53988 17.9967 5.66232 -0.0886426 0.995938 0.0152389
8.66828 18.0999 5.72037 -0.108273 0.993851 0.0227257
9.74477 18.2253 5.74595 -0.120927 0.992278 0.0274772
10.8571 18.383 5.66482 -0.161245 0.98595 0.0425416
11.9036 18.5805 5.7025 -0.196995 0.979787 0.0327843
13.009 18.8096 5.70533 -0.208022 0.9781 -0.00572231
14.0553 19.0329 5.65633 -0.198396 0.979902 -0.0193169
15.191 19.2437 5.70003 -0.175551 0.984318 -0.0172508
16.2867 19.4097 5.69185 -0.127277 0.991498 -0.0268773
17.5297 19.5482 5.67068 -0.0945786 0.995399 -0.0153296
18.8493 19.6226 5.6403 -0.0165674 0.999555 -0.0235615
19.9217 19.6249 5.7346 0.017878 0.999631 -0.019834
21.0298 19.573 5.68972 0.0655316 0.997749 -0.0140996
22.2632 19.4517 5.69387 0.121952 0.992457 -0.0060375
23.375 19.2868 5.74868 0.173346 0.984838 -0.00662316
24.7621 18.9844 5.72475 0.230038 0.970948 -0.0657282
25.9802 18.5765 5.76046 0.368135 0.925947 -0.0842424
27.0275 17.9949 5.74032 0.638953 0.754373 -0.150525
27.8563 17.1606 5.73972 0.794081 0.6072 0.0244115
28.4186 16.2016 5.75159 0.913881 0.403479 -0.038843
28.8181 15.0442 5.60735 0.957246 0.288962 -0.0104223
28.8898 14.7232 4.46124 0.972246 0.232675 -0.0128183
28.8925 14.7045 3.3418 0.978531 0.205118 0.0119399
28.9339 14.7157 2.27698 0.979259 0.194208 0.0571367
28.9761 14.723 1.09282 0.971589 0.235596 0.0111359
28.9923 14.7181 -0.0390726 0.970312 0.241027 0.0178012
29.0133 14.7258 -1.12755 0.976898 0.211752 0.0266791
29.0806 14.7016 -2.44635 0.965659 0.253982 0.0511789
29.082 14.707 -3.64657 0.971058 0.238553 -0.000788762
29.0877 14.761 -4.79271 0.975487 0.218676 0.0242147
28.9436 15.3876 -5.69943 0.960768 0.273847 0.0197366
28.4757 16.5876 -5.7528 0.892785 0.447376 0.0432792
27.6752 17.6129 -5.70944 0.688475 0.711323 0.141144
26.5359 18.5157 -5.75334 0.502598 0.853837 0.100193
25.2824 19.0167 -5.72879 0.255558 0.964084 0.0693554
24.2404 19.2702 -5.75576 0.189773 0.980451 0.0465593
23.1688 19.4383 -5.74766 0.144044 0.989437 0.0151753
21.8505 19.5654 -5.72637 0.0639835 0.997183 0.0391443
20.7057 19.6207 -5.72738 0.0306223 0.999008 0.0289453
19.5092 19.6251 -5.74012 -0.0230771 0.999456 0.0183315
18.2758 19.5601 -5.71217 -0.0765218 0.997044 0.00687368
16.8701 19.4295 -5.74648 -0.116519 0.993097 0.0112223
15.7492 19.2699 -5.78415 -0.158942 0.987287 0.00114465
14.4229 19.0416 -5.82612 -0.178839 0.983877 -0.00183925
13.3309 18.8416 -5.80471 -0.181694 0.983354 -0.00173847
12.2846 18.647 -5.81061 -0.181384 0.98341 -0.00200428
11.2337 18.4557 -5.73741 -0.166055 0.985889 -0.0161246
9.97029 18.2684 -5.70211 -0.130634 0.991316 -0.0148088
8.71048 18.1236 -5.75609 -0.0978405 0.995106 -0.0118589
7.57299 18.0183 -5.76261 -0.0851165 0.99632 -0.00702399
6.27902 17.9252 -5.75347 -0.0640946 0.997903 -0.00887202
5.09104 17.8653 -5.72986 -0.0443901 0.998953 -0.0104971
3.66267 17.8191 -5.68634 -0.0316832 0.999494 0.00265786
2.29149 17.7781 -5.65787 -0.0260044 0.999659 0.00238672
1.11559 17.7522 -5.70836 -0.0196007 0.999803 0.00320374
-0.114715 17.7344 -5.71656 -0.0123633 0.999916 0.00346179
-1.27717 17.725 -5.73694 -0.00539205 0.999981 0.0019908
-2.5901 17.7211 -5.71642 4.35365e-05 0.999997 -0.00255227
-3.88615 17.7234 -5.71917 0.00240028 0.999992 -0.00322534
-4.98719 17.7209 -5.72521 -0.00519424 0.999968 -0.00615012
-6.20876 17.7099 -5.73035 -0.0133859 0.999876 -0.00823506
-7.27813 17.6904 -5.7484 -0.0205797 0.999756 -0.00798599
-8.39188 17.6589 -5.76769 -0.0318885 0.999456 -0.00836949
-9.489 17.6068 -5.7892 -0.0604232 0.998172 5.34333e-05
-10.5807 17.5331 -5.78679 -0.0764127 0.997071 0.00311457
-12.0107 17.4002 -5.76339 -0.104358 0.99454 -0.000203656
-13.0768 17.262 -5.73005 -0.138964 0.990256 0.00859104
-14.2912 17.0628 -5.75884 -0.178194 0.983934 0.00838591
-15.4008 16.8413 -5.78125 -0.218725 0.975754 0.00794202
-16.732 16.5163 -5.75336 -0.255331 0.966802 0.0069074
-17.9748 16.1596 -5.73759 -0.291309 0.956617 -0.00115174
-19.0857 15.8062 -5.72633 -0.31453 0.949235 0.00293517
-20.28 15.3985 -5.74579 -0.334881 0.942239 -0.0061305
-21.3626 15.0086 -5.76509 -0.341369 0.939929 -0.000434854
-22.4878 14.5928 -5.728 -0.349641 0.936866 -0.00478281
-23.6608 14.1513 -5.79202 -0.353587 0.935398 -0.000878082
-24.8468 13.6976 -5.72311 -0.357847 0.933773 -0.00364731
-25.9321 13.2788 -5.79818 -0.360549 0.932731 -0.00403476
-26.9415 12.8887 -5.77503 -0.360368 0.932804 -0.00330243
-28.1747 12.412 -5.72624 -0.361027 0.932554 -0.00172356
-29.236 12.0017 -5.75492 -0.36132 0.93244 0.00180612
-30.2904 11.5918 -5.74891 -0.362568 0.931953 0.00276316
-31.318 11.1913 -5.78071 -0.363708 0.931506 0.00377207
-32.5516 10.7092 -5.72018 -0.363674 0.931517 0.00419514
-33.1349 10.477 -4.97723 -0.364598 0.931148 0.00551481
-33.1707 10.4545 -3.57134 -0.365586 0.930755 0.0063928
-33.1487 10.4552 -2.27736 -0.368869 0.929467 0.00520028
-33.1584 10.4447 -1.02154 -0.369707 0.929137 0.00464745
-33.151 10.4416 0.16555 -0.370937 0.928645 0.00494729
-33.1529 10.4335 1.54873 -0.372256 0.928119 0.00443011
-33.1346 10.4365 2.64813 -0.373441 0.927648 0.00327402
-33.0919 10.4503 3.98034 -0.374202 0.927346 0.00111875
-33.0869 10.4519 5.072 -0.373801 0.927509 1.38434e-05
-32.4303 10.7167 5.65723 -0.373977 0.927435 -0.00211536
-31.4421 11.114 5.68224 -0.371878 0.928281 -0.00118148
-30.2675 11.5834 5.72433 -0.370667 0.928766 -0.000522998
-29.1902 12.0125 5.7403 -0.369563 0.929205 -0.000771313
-28.1053 12.4434 5.71542 -0.369159 0.929366 0.00039379
-26.8753 12.933 5.72706 -0.369873 0.929082 -0.000532753
-25.8535 13.3398 5.70096 -0.37012 0.928984 -0.000571575
-24.66 13.8151 5.71961 -0.368964 0.929438 -0.00293586
-23.4533 14.291 5.71156 -0.363682 0.931504 -0.00592787
-22.3823 14.7043 5.7466 -0.356628 0.934227 -0.00606653
-21.3047 15.108 5.71701 -0.342848 0.939348 -0.00827093
-20.2629 15.4815 5.73736 -0.332595 0.943022 -0.00933164
-19.0273 15.8903 5.71051 -0.295689 0.955239 -0.00907509
-17.666 16.2886 5.64865 -0.258363 0.965979 -0.00745466
-16.4505 16.5891 5.6854 -0.222489 0.974885 -0.00958809
-14.9673 16.9143 5.70259 -0.201429 0.979399 -0.0064505
-14.8495 16.9371 5.70157 -0.188553 0.981996 -0.0110797
-14.8668 16.956 6.75884 -0.187857 0.981953 -0.0216973
-13.71 17.1633 6.74943 -0.159295 0.986574 -0.0358283
-12.4109 17.3469 6.72777 -0.12334 0.991938 -0.0288746
-11.3515 17.4601 6.76147 -0.0953365 0.99495 -0.0309281
-10.1912 17.5506 6.77477 -0.0698439 0.997495 -0.0102669
-8.69566 17.6295 6.78917 -0.0347568 0.999301 -0.0129493
-7.59247 17.6545 6.75374 -0.0123309 0.999791 -0.0152836
-6.35076 17.6602 6.78317 -0.00527159 0.999891 0.0135914
-5.21137 17.6772 6.75323 -0.0183284 0.999801 0.00187129
-4.08712 17.6767 6.73424 0.00854851 0.999936 0.00480664
-2.72215 17.6737 6.75027 -0.000686988 0.999982 0.00545951
-1.63595 17.6689 6.75942 0.00791125 0.999935 0.00766823
-0.417177 17.6705 6.7802 -0.0122339 0.999803 0.0155317
0.918821 17.6911 6.77501 -0.0172916 0.999738 0.0147782
2.14725 17.7236 6.76164 -0.026175 0.999657 0.000156705
3.43406 17.7551 6.79245 -0.0212566 0.999743 0.00648222
4.73213 17.7915 6.73909 -0.0336446 0.999332 0.0138975
5.8366 17.8507 6.75601 -0.0566106 0.998128 0.0224012
7.06622 17.9318 6.76806 -0.0798981 0.996316 0.0310714
8.21449 18.0282 6.74739 -0.086743 0.995586 0.0354925
9.28411 18.1279 6.80174 -0.109526 0.993205 0.0373224
10.573 18.2899 6.77089 -0.123619 0.989865 0.0698968
11.6742 18.4949 6.75874 -0.227783 0.972336 0.0426261
12.9151 18.7987 6.80724 -0.241095 0.970362 -0.0163059
14.1897 19.0886 6.75617 -0.199803 0.978997 -0.0362087
15.347 19.3013 6.75982 -0.180747 0.982988 -0.0325917
16.6363 19.4807 6.7629 -0.111678 0.99233 -0.0529969
17.7748 19.5942 6.75908 -0.0696136 0.997225 -0.0262474
19.0115 19.6509 6.72995 -0.00571433 0.999566 -0.028517
20.3382 19.64 6.82073 0.0421443 0.99865 -0.0265382
21.6605 19.5344 6.72781 0.105502 0.994052 -0.0260715
22.7951 19.386 6.75661 0.168547 0.985557 -0.00979617
23.9326 19.227 6.80014 0.132128 0.990294 -0.0305398
25.3206 18.9393 6.7476 0.261188 0.957579 -0.11142
26.3666 18.6212 6.82279 0.296095 0.938278 -0.178771
27.3104 17.9627 6.78889 0.699828 0.670919 -0.244923
28.0786 17.009 6.76168 0.837403 0.515528 -0.180189
28.5601 15.9963 6.79231 0.956886 0.28227 -0.0685033
28.9038 14.8421 6.74175 0.95698 0.286671 -0.0393764
29.1492 13.7107 6.30077 0.985478 0.156486 0.0595079
29.1237 13.7089 5.02493 0.982846 0.164005 -0.0801282
29.0722 13.6883 3.75463 0.994102 0.0852214 0.0442265
29.1351 13.6496 2.69015 0.981179 0.190978 0.0285474
29.1577 13.6681 1.597 0.983746 0.172977 0.0479059
29.207 13.68 0.43435 0.978591 0.200828 0.044551
29.1946 13.6988 -0.657536 0.981584 0.188163 0.00535611
29.2463 13.7132 -1.812 0.9804 0.195102 0.0270222
29.2727 13.6773 -3.00314 0.987189 0.158354 0.0194168
29.2873 13.6782 -4.17765 0.986696 0.162329 0.00863381
29.286 13.6995 -5.51601 0.986997 0.160605 -0.00614148
29.2709 13.8658 -6.6108 0.990648 0.135179 0.00605211
29.0676 15.0353 -6.78337 0.966822 0.252018 0.0416756
28.7001 16.2679 -6.79749 0.953009 0.298289 0.0526171
28.0478 17.4098 -6.77619 0.76434 0.634827 0.109485
27.2403 18.2179 -6.79811 0.611597 0.763946 0.205757
26.1796 18.7648 -6.80922 0.40494 0.910962 0.0746241
25.1783 19.118 -6.7559 0.305015 0.949757 0.0673359
23.9128 19.3668 -6.841 0.137351 0.989361 0.04583
22.7775 19.5127 -6.78347 0.112263 0.993226 0.0259353
21.6528 19.6217 -6.80353 0.053382 0.997558 0.0446882
20.5801 19.6566 -6.82177 0.0137139 0.999424 0.0293225
19.3172 19.647 -6.81683 -0.0277319 0.999112 0.0301322
18.2305 19.5845 -6.80176 -0.0796948 0.996395 0.0279986
16.8486 19.4438 -6.83968 -0.122486 0.992153 0.0245898
15.4588 19.2351 -6.84965 -0.159852 0.986997 0.0165979
14.3239 19.0235 -6.86002 -0.190457 0.981649 0.00177793
12.8703 18.7567 -6.84874 -0.186693 0.982158 0.0225893
11.6517 18.5134 -6.8445 -0.201383 0.979436 -0.0120046
10.4387 18.2932 -6.73624 -0.158391 0.986415 -0.0435661
9.04819 18.1403 -6.81421 -0.0932682 0.995323 -0.0245057
7.74736 18.0227 -6.82465 -0.0902297 0.9958 -0.0155142
6.61173 17.9327 -6.8028 -0.0721483 0.997136 -0.0225635
5.35839 17.8594 -6.79567 -0.0308648 0.999023 -0.0293454
4.27745 17.8389 -6.75416 -0.0285202 0.999584 -0.00144304
2.96927 17.799 -6.76026 -0.0350776 0.999361 -0.00443586
1.77445 17.7696 -6.76515 -0.0170742 0.999843 0.00217396
0.698502 17.7484 -6.77991 -0.0178125 0.999836 0.00331186
-0.482597 17.7303 -6.78371 -0.0162367 0.999863 -0.00121696
-1.69337 17.7193 -6.77512 -0.00589716 0.999958 -0.00691055
-3.05438 17.714 -6.7967 -0.000881138 0.99997 -0.00763143
-4.14715 17.7196 -6.80005 0.0072416 0.999945 -0.00624134
-5.28384 17.7133 -6.82233 -0.012615 0.999907 0.00038399
-6.43675 17.6979 -6.81537 -0.0164117 0.999851 -0.00519797
-7.59051 17.6762 -6.81589 -0.0219676 0.999745 -0.0047693
-8.70438 17.6463 -6.82104 -0.0237943 0.999706 -0.003237
-9.87253 17.5984 -6.83476 -0.060038 0.997972 0.0210111
-11.0502 17.5126 -6.85 -0.0822343 0.99634 0.0232953
-12.4598 17.3676 -6.82792 -0.120757 0.992333 0.0242238
-13.5367 17.2113 -6.82105 -0.159362 0.986775 0.0292834
-14.8144 16.9857 -6.82713 -0.191205 0.981245 0.0235931
-16.1938 16.6722 -6.83352 -0.246757 0.968641 0.029065
-17.4037 16.3402 -6.8294 -0.281389 0.959401 0.0185799
-18.6341 15.9608 -6.80417 -0.306 0.95192 0.0118258
-19.7113 15.597 -6.80991 -0.328628 0.944418 0.00882677
-20.9536 15.1557 -6.83368 -0.337781 0.941222 -0.00212296
-21.9939 14.7759 -6.79931 -0.346757 0.937937 0.00348262
-23.0755 14.3717 -6.82 -0.352267 0.935875 0.00664909
-24.2831 13.9104 -6.84384 -0.357877 0.933765 -0.00273612
-25.3135 13.514 -6.79729 -0.360947 0.932578 -0.00396326
-26.354 13.1108 -6.82824 -0.360541 0.932729 -0.00498438
-27.4002 12.7081 -6.82709 -0.357626 0.93386 -0.00306937
-28.4685 12.2971 -6.79502 -0.358578 0.933498 -0.00105841
-29.4689 11.9148 -6.76142 -0.359992 0.932943 0.00411016
-30.5326 11.5007 -6.81507 -0.362554 0.931958 0.00289863
-31.7023 11.0458 -6.81004 -0.36443 0.931213 0.00566614
-32.842 10.6006 -6.79265 -0.360628 0.932701 0.00275136
-34.0627 10.1239 -6.49786 -0.363086 0.931738 0.00568936
-34.1349 10.0878 -5.22071 -0.363945 0.931403 0.00566115
-34.1528 10.071 -3.89398 -0.363624 0.931514 0.00760722
-34.1476 10.0615 -2.68853 -0.368857 0.929455 0.00758982
-34.1527 10.0517 -1.47324 -0.369232 0.929316 0.00625555
-34.1392 10.0506 -0.411446 -0.37 0.929019 0.00488116
-34.1046 10.0569 0.742643 -0.371551 0.928388 0.00673933
-34.0756 10.0604 1.99937 -0.372802 0.927894 0.00554504
-34.0928 10.0475 3.14357 -0.375116 0.926974 0.00280854
-34.0639 10.057 4.24608 -0.374962 0.927039 0.00114799
-34.0923 10.0442 5.47587 -0.376549 0.926397 0.000561063
-33.9723 10.0931 6.61456 -0.381013 0.924567 -0.00201734
-32.8732 10.5408 6.77366 -0.375686 0.926743 -0.00240974
-31.8744 10.943 6.76626 -0.3695 0.929224 -0.0026128
-30.7291 11.3999 6.81263 -0.372388 0.928076 -0.000135794
-29.574 11.861 6.76797 -0.369304 0.929306 -0.00190327
-28.3278 12.3547 6.78358 -0.369031 0.929416 0.00125342
-27.0182 12.8758 6.79568 -0.37067 0.928765 0.000392447
-25.9439 13.3042 6.75991 -0.370115 0.928986 -0.000227979
-24.9269 13.7103 6.7947 -0.371066 0.928606 -0.000598948
-23.658 14.2166 6.78028 -0.368569 0.929588 -0.00441289
-22.6401 14.6134 6.77624 -0.358097 0.933657 -0.00676397
-21.4817 15.0506 6.76426 -0.351821 0.936024 -0.00853843
-20.4374 15.4334 6.76916 -0.333037 0.9425 -0.0279202
-19.3441 15.8116 6.81742 -0.303631 0.952142 -0.0339018
-18.2035 16.1547 6.75499 -0.279384 0.959888 -0.0229843
-17.0596 16.461 6.76314 -0.244165 0.969544 -0.0191279
-15.9576 16.7264 6.82514 -0.224827 0.973964 -0.0291173
-15.0645 16.9177 6.75757 -0.196407 0.980168 -0.0251565
