28.9174 17.0281 3.23208 -0.8145 -0.579605 -0.0233178
28.9032 17.0922 2.27678 -0.82666 -0.556255 -0.0724025
28.9172 17.147 1.09684 -0.874059 -0.485535 0.0164837
28.8861 17.1572 0.0363894 -0.856762 -0.515294 0.0182024
28.8954 17.0901 -1.10831 -0.857654 -0.512768 0.038112
28.9172 17.0575 -2.05767 -0.872757 -0.487908 -0.0152817
28.9227 17.0859 -3.21929 -0.886002 -0.462208 -0.0301628
28.9255 17.0909 -3.31485 -0.88331 -0.465881 -0.0521123
28.3672 17.7988 -3.49175 -0.755561 -0.653412 -0.0114601
28.3767 17.8149 -2.28123 -0.741735 -0.66881 -0.0230445
28.3494 17.8327 -1.25553 -0.769241 -0.637976 0.0350466
28.3667 17.9189 -0.0630802 -0.794408 -0.604157 0.0602275
28.3953 17.9007 1.06178 -0.757958 -0.651971 -0.0205542
28.37 17.8344 2.09368 -0.753262 -0.652523 -0.0815877
28.3444 17.7643 3.10897 -0.752367 -0.657737 -0.036269
28.3577 17.7398 3.59889 -0.738105 -0.674684 -0.00140925
27.7053 18.407 3.59129 -0.555619 -0.830948 -0.0271481
27.6841 18.4463 2.35215 -0.611168 -0.788625 -0.0441673
27.7459 18.5382 1.15383 -0.601244 -0.793164 -0.076324
27.6867 18.5306 -0.179753 -0.618371 -0.778059 0.110641
27.6809 18.4762 -1.31979 -0.607333 -0.791588 0.00305343
27.6967 18.4587 -2.28324 -0.631632 -0.773472 -0.0527235
27.6823 18.4505 -3.34314 -0.64315 -0.763428 0.0594579
27.6715 18.4434 -3.55174 -0.644848 -0.762618 0.00943225
26.9 18.9582 -3.62724 -0.464185 -0.881763 -0.0493563
26.91 18.9455 -2.43523 -0.431847 -0.901141 -0.0365227
26.876 18.9464 -1.36339 -0.433612 -0.901039 0.000747681
26.89 18.9806 -0.413375 -0.415464 -0.907915 0.0553797
26.9189 19.0153 0.669867 -0.371639 -0.927925 0.00357073
26.9091 18.9452 1.78094 -0.401074 -0.914053 -0.0587172
26.8946 18.9136 2.79157 -0.459413 -0.885663 -0.0477845
26.8998 18.8995 3.28554 -0.433047 -0.901111 -0.0197383
26.0402 19.2478 3.27556 -0.343639 -0.938688 -0.0210729
26.0304 19.2759 2.27652 -0.34435 -0.938351 -0.0247986
26.0394 19.3137 1.09883 -0.300684 -0.953358 -0.0262854
26.0512 19.3347 0.075749 -0.29243 -0.956223 0.00319273
26.0223 19.3299 -1.20849 -0.373378 -0.927662 0.00518523
26.0347 19.294 -2.1677 -0.351006 -0.93585 0.0128301
26.0452 19.306 -3.12158 -0.346514 -0.93785 -0.0188774
26.0584 19.3147 -3.56756 -0.339319 -0.938336 -0.0579881
25.1687 19.606 -3.53021 -0.270401 -0.961538 -0.0145938
25.1433 19.5834 -2.31612 -0.248039 -0.968612 -0.00201061
25.146 19.5984 -1.15692 -0.204414 -0.978856 0.00586203
25.1588 19.5871 -0.13345 -0.220933 -0.975225 -0.0111717
25.1471 19.5784 0.902889 -0.221747 -0.974994 -0.0145243
25.1481 19.554 2.00342 -0.259382 -0.965242 -0.0320574
25.1375 19.5475 3.03112 -0.288539 -0.956968 -0.0307953
25.1506 19.5274 3.47148 -0.282109 -0.958861 -0.0310327
24.2501 19.7515 3.46066 -0.182858 -0.981937 -0.0432583
24.2456 19.762 2.1941 -0.189615 -0.981588 0.0229547
24.2458 19.7482 1.1569 -0.163721 -0.986462 -0.00929191
24.2868 19.7544 0.0296829 -0.167418 -0.985745 -0.016516
24.2224 19.7784 -0.915074 -0.160152 -0.986901 -0.00706629
24.232 19.7862 -2.01303 -0.174748 -0.984441 0.0092396
24.244 19.7754 -2.96119 -0.179668 -0.983726 -0.000844093
24.2378 19.7855 -3.63104 -0.162965 -0.986278 -0.0233095
23.3059 19.9231 -3.38067 -0.150484 -0.988494 -0.00356542
23.3256 19.9169 -2.32933 -0.119867 -0.992783 0.00364277
23.2977 19.9178 -1.1703 -0.128235 -0.991549 -0.0165986
23.3424 19.899 -0.106882 -0.121948 -0.99253 0.00348029
23.3385 19.8922 0.872185 -0.132265 -0.991051 -0.00934121
23.3156 19.8984 2.09383 -0.10738 -0.994161 0.00991899
23.3327 19.8991 3.08857 -0.110574 -0.993851 -0.00507201
23.3132 19.8927 3.47052 -0.133246 -0.990814 -0.0221917
22.3975 19.9884 3.38964 -0.0860719 -0.996277 -0.00464986
22.395 19.9949 2.38602 -0.0901367 -0.995909 -0.00519834
22.4128 19.9912 1.1214 -0.0783876 -0.9969 0.00327672
22.4303 19.9937 0.166137 -0.0822936 -0.996595 -0.00500101
22.3946 20.0114 -0.782305 -0.0853273 -0.996188 -0.018099
22.3892 20.0184 -1.80701 -0.0899861 -0.995938 -0.00286817
22.3997 20.0215 -2.8128 -0.0934263 -0.995612 -0.00534928
22.3752 20.0326 -3.65491 -0.101794 -0.994781 -0.00532489
21.46 20.0915 -3.52227 -0.0551788 -0.998475 0.000985188
21.4521 20.0911 -2.50374 -0.0526056 -0.998607 -0.00391936
21.4622 20.0827 -1.21726 -0.0383895 -0.999181 -0.012771
21.4887 20.0633 -0.237956 -0.0533401 -0.998517 -0.0108448
21.4661 20.0611 0.735279 -0.0704018 -0.997484 -0.00220586
21.4572 20.0602 1.98507 -0.0621482 -0.998036 -0.00724971
21.4697 20.0659 2.99525 -0.0698882 -0.997541 -0.000347925
21.4776 20.0633 3.56206 -0.072612 -0.997348 -0.00443302
20.56 20.1096 3.50592 -0.0290364 -0.999526 0.0041551
20.5325 20.1012 2.55487 -0.0257465 -0.999648 0.00618856
20.5415 20.0996 1.47979 -0.0233855 -0.9997 -0.00648981
20.561 20.1068 0.286674 -0.0228966 -0.999736 0.00110591
20.5672 20.1132 -0.905473 -0.0370806 -0.999255 -0.0106733
20.5411 20.1186 -2.09704 -0.0197703 -0.999792 -0.0034781
20.5152 20.1221 -3.22987 -0.0179097 -0.999823 -0.00580044
20.5216 20.1229 -3.37978 -0.0177619 -0.999815 -0.00728289
19.5843 20.1254 -3.35758 0.0177432 -0.999738 -0.0138199
19.5951 20.1249 -2.09807 0.0195975 -0.999778 0.00102509
19.6265 20.1228 -0.787884 0.0150651 -0.999875 -0.00437564
19.64 20.1205 0.373364 0.0179684 -0.99982 0.00593304
19.6184 20.1201 1.37162 0.0165875 -0.999847 -0.000471519
19.6231 20.1094 2.33976 -0.000818609 -0.999941 -0.00994264
19.6304 20.1144 3.33462 0.0054631 -0.999847 0.0161689
19.6355 20.1166 3.50441 0.00243325 -0.999915 0.0127717
18.6975 20.0881 3.29122 0.0402308 -0.99911 0.0122478
18.683 20.0874 2.0796 0.037136 -0.999292 -0.005074
18.696 20.0979 1.05818 0.0442027 -0.998968 -0.00717489
18.7122 20.0996 -0.0622406 0.0348258 -0.999389 0.00120092
18.6774 20.0967 -1.09875 0.0334328 -0.999437 -0.00276323
18.6442 20.0946 -2.07193 0.0436589 -0.999022 -0.00269932
18.667 20.0972 -3.34114 0.0440842 -0.999024 -0.00204319
18.6731 20.0975 -3.5138 0.0428345 -0.999082 -0.000711219
17.7391 20.0437 -3.17114 0.0852852 -0.99633 0.00683942
17.7121 20.0472 -2.11121 0.0570561 -0.998288 0.0105623
17.738 20.0499 -0.983115 0.0783512 -0.996887 -0.00218315
17.79 20.0546 0.048477 0.0598012 -0.998209 -0.00113102
17.749 20.0455 1.09774 0.0846783 -0.996337 -0.00431453
17.7202 20.0356 2.11365 0.0543111 -0.998504 -0.00501641
17.7471 20.0335 3.14959 0.0646812 -0.997792 0.0150902
17.7767 20.0412 3.52796 0.0705344 -0.997426 0.00954457
16.8485 19.957 3.51946 0.109884 -0.993937 0.00384834
16.7544 19.9504 2.42035 0.130626 -0.991257 -0.00988593
16.8262 19.9517 1.25004 0.11564 -0.99321 0.00560256
16.8767 19.9594 0.204413 0.13093 -0.991389 0.000836628
16.8349 19.9533 -0.788066 0.124955 -0.992159 -0.00258409
16.7765 19.9493 -1.85075 0.124724 -0.992184 0.000550166
16.7841 19.9468 -2.80656 0.134026 -0.99087 0.00242993
16.8243 19.9445 -3.51432 0.134217 -0.990913 -0.00872748
15.87 19.8035 -3.34312 0.159121 -0.98724 0.000645761
15.8415 19.8066 -2.18815 0.159766 -0.987107 0.00933629
15.934 19.8288 -0.863541 0.153523 -0.988138 0.000807226
15.9635 19.8348 0.210936 0.141073 -0.989994 0.00273358
15.8777 19.8307 1.47135 0.150117 -0.988542 -0.00149623
15.8441 19.8236 2.60819 0.148897 -0.988837 0.0054637
15.928 19.8402 3.2964 0.14193 -0.989855 0.00610135
15.0537 19.6879 3.52606 0.185155 -0.982686 0.0059629
14.906 19.658 2.46253 0.183907 -0.982926 0.00587756
14.9569 19.666 1.46989 0.182752 -0.983156 -0.00229168
15.0696 19.6834 0.316369 0.189112 -0.981942 0.00506036
15.0203 19.6669 -1.0537 0.188988 -0.981961 0.00595922
14.9268 19.6452 -2.37129 0.180988 -0.983485 -0.000259492
14.9636 19.654 -3.53185 0.168989 -0.985612 -0.00306908
14.0474 19.479 -3.34862 0.198309 -0.980123 -0.0013718
14.0139 19.4666 -2.33867 0.198489 -0.980074 -0.00748797
14.0909 19.4819 -1.33246 0.19659 -0.980471 0.00518357
14.1672 19.504 -0.0698272 0.197434 -0.980297 0.0051472
14.1289 19.5011 0.899322 0.199109 -0.979977 0.000637045
13.9776 19.4724 1.86861 0.199367 -0.979916 0.00423572
14.0526 19.4932 2.895 0.195254 -0.980732 0.00627566
14.1447 19.5145 3.5322 0.19015 -0.981733 0.00615205
13.2276 19.3276 3.38818 0.201547 -0.979478 0.00116488
12.9782 19.2727 2.40502 0.1993 -0.979917 0.00652549
13.1636 19.304 1.35283 0.19918 -0.97995 0.00500409
13.2433 19.3156 0.293606 0.198767 -0.98004 0.00351859
13.2304 19.3087 -0.655651 0.196203 -0.980559 0.00305437
13.177 19.2963 -1.60901 0.200182 -0.979758 0.000790128
13.0904 19.2798 -2.79716 0.201805 -0.979416 -0.0041951
13.1549 19.2953 -3.49805 0.20047 -0.979698 -0.00200585
12.2386 19.1101 -3.2131 0.191977 -0.981355 -0.00935213
12.2078 19.0997 -2.27438 0.194473 -0.980906 0.000955045
12.3037 19.122 -1.27863 0.195002 -0.980799 0.00286267
12.3212 19.1306 -0.327941 0.18837 -0.982082 0.00539014
12.3332 19.1378 0.647049 0.184541 -0.982819 0.00241601
12.2445 19.1207 1.58003 0.187959 -0.982129 0.00817485
12.0967 19.1013 2.66734 0.180893 -0.983484 0.00440628
12.3455 19.1502 3.50787 0.19584 -0.980635 0.00143618
11.2642 18.946 3.55666 0.168937 -0.985571 -0.0103208
11.2178 18.9396 2.43121 0.175848 -0.984383 0.00818168
11.2642 18.9406 1.17188 0.165736 -0.986167 -0.00195064
11.2864 18.9423 0.19036 0.17875 -0.983891 0.00252132
11.2642 18.9313 -0.922318 0.172332 -0.985033 0.00329233
11.2642 18.9276 -2.11259 0.163538 -0.986485 -0.00248874
11.2723 18.9375 -3.11646 0.166958 -0.985932 -0.00768184
11.2642 18.9384 -3.49948 0.16982 -0.985461 -0.00289795
10.367 18.7894 -3.48555 0.15558 -0.987796 0.00728767
10.3596 18.7881 -2.54331 0.155774 -0.987784 -0.00364005
10.3451 18.7805 -1.36756 0.138335 -0.990368 -0.00576281
10.346 18.7815 -0.385919 0.142937 -0.989692 0.00445956
10.3383 18.7853 0.575268 0.154399 -0.988005 0.00236788
10.3093 18.784 1.55098 0.152649 -0.988277 0.00186662
10.2567 18.7774 2.80942 0.16018 -0.987039 0.00852782
10.3063 18.7862 3.2317 0.143711 -0.989562 -0.0100154
9.4711 18.6631 3.56238 0.139685 -0.989999 -0.019755
9.29737 18.6417 2.45068 0.13456 -0.990901 -0.0028536
9.33104 18.6398 1.07739 0.133002 -0.991087 0.00743167
9.34356 18.6436 -0.265296 0.125367 -0.992109 0.000678394
9.43487 18.6541 -1.2572 0.133717 -0.991019 -0.00098449
9.29705 18.6402 -2.23764 0.129049 -0.99162 0.00151946
9.23615 18.6256 -3.26991 0.128372 -0.991708 0.00548638
9.2474 18.6259 -3.5177 0.126522 -0.991956 0.0039153
8.3279 18.5143 -3.55186 0.107676 -0.994182 0.0022665
8.31371 18.52 -2.56671 0.105135 -0.994373 0.0123466
8.42208 18.5377 -1.6202 0.110579 -0.993864 0.001503
8.45439 18.5391 -0.419809 0.110481 -0.993875 -0.00142509
8.36271 18.5283 0.760617 0.101562 -0.994824 -0.00297696
8.33749 18.5289 1.86048 0.102168 -0.994765 0.000793253
8.39051 18.526 2.83341 0.107039 -0.994208 -0.00871407
8.52022 18.5378 3.42628 0.111476 -0.993712 -0.00885555
7.59777 18.4387 3.52259 0.0917514 -0.995713 -0.0107223
7.42317 18.433 2.56334 0.0818095 -0.996606 -0.00864801
7.40117 18.4389 1.51004 0.0858032 -0.996295 -0.0046228
7.4454 18.4409 0.377187 0.0900745 -0.995934 0.0007334
7.52862 18.4488 -0.627923 0.0888569 -0.996044 -0.0008533
7.47553 18.4399 -1.66126 0.0871242 -0.99619 0.00393593
7.38124 18.4279 -2.73146 0.0890929 -0.995993 0.00641919
7.38774 18.4264 -3.50639 0.0857062 -0.996312 0.00411593
6.46868 18.3575 -3.53443 0.0648279 -0.997885 0.00440739
6.47045 18.3622 -2.58976 0.0657616 -0.997826 0.00437104
6.55425 18.37 -1.64203 0.0662292 -0.997797 -0.00201817
6.57374 18.3701 -0.498655 0.0689733 -0.997615 0.00277982
6.49052 18.3682 0.668892 0.0707063 -0.997495 0.00188302
6.49616 18.3623 1.96483 0.075619 -0.997107 -0.00771148
6.54877 18.3588 2.99434 0.0774276 -0.996946 -0.0100008
6.62684 18.3577 3.54184 0.0769084 -0.996933 -0.0144733
5.66411 18.2951 3.29589 0.061031 -0.998114 -0.00567691
5.59269 18.2933 2.33004 0.0686135 -0.997623 -0.00472593
5.58891 18.3018 1.36896 0.068284 -0.997595 -0.0119047
5.60529 18.3052 0.172146 0.0615679 -0.998076 -0.00040093
5.64585 18.3095 -0.892284 0.060104 -0.99819 -0.00215331
5.58895 18.308 -2.00637 0.0560986 -0.99842 -0.00190017
5.53655 18.304 -3.04884 0.0600253 -0.998192 0.00259888
5.55578 18.3033 -3.55883 0.0546385 -0.998499 0.00362439
4.61938 18.2572 -3.46501 0.043416 -0.999054 0.00245382
4.67771 18.2611 -2.36455 0.051973 -0.998648 -0.000541984
4.6752 18.2577 -1.26991 0.0479148 -0.998849 -0.00235939
4.67777 18.2573 -0.044224 0.0492168 -0.998781 -0.00254552
4.63896 18.2511 0.901629 0.0488692 -0.99875 -0.00918811
4.66251 18.241 1.89088 0.0559395 -0.998391 -0.00923125
4.73548 18.2401 3.02172 0.0545788 -0.998504 -0.00159232
4.75478 18.2389 3.54338 0.0537581 -0.998548 -0.00317
3.80642 18.1966 3.38154 0.0349015 -0.99939 -0.00115439
3.75617 18.1971 2.1508 0.0396623 -0.999197 -0.00382698
3.70358 18.2023 1.19148 0.0459085 -0.998885 -0.0107541
3.7316 18.2131 0.0732448 0.0464351 -0.998917 -0.00208699
3.76308 18.216 -0.886557 0.0408297 -0.999163 0.00150996
3.73173 18.2194 -2.02869 0.0393624 -0.999183 -0.00917793
3.69595 18.2208 -3.20125 0.0361487 -0.999346 -0.000174283
3.70033 18.221 -3.38653 0.0361919 -0.999344 -0.000593156
2.78783 18.1925 -3.42283 0.025472 -0.999664 -0.00416021
2.79779 18.1881 -2.35048 0.0316411 -0.999485 -0.00533054
2.81043 18.1845 -1.40846 0.0288476 -0.999577 -0.00371052
2.81738 18.1814 -0.457541 0.0285828 -0.999586 -0.00317378
2.78399 18.1746 0.496724 0.0343368 -0.999349 -0.0110452
2.78792 18.1631 1.75715 0.0284451 -0.999573 -0.00653436
2.86464 18.1659 2.71083 0.0288527 -0.999579 -0.000271952
2.88245 18.1654 3.35246 0.0318386 -0.999492 -0.000971731
1.9675 18.1421 3.24434 0.0185732 -0.999817 -0.00438835
1.9171 18.1431 2.22915 0.0160739 -0.999866 0.000585326
1.85471 18.1472 1.24855 0.0168401 -0.999809 -0.00986706
1.8552 18.1564 0.168848 0.0169285 -0.999839 -0.00590194
1.88019 18.1609 -0.912577 0.0175532 -0.999842 -0.00294504
1.86872 18.1631 -2.06623 0.020158 -0.99979 -0.0033195
1.8851 18.1691 -3.03428 0.0249433 -0.999668 -0.00641026
1.85634 18.1714 -3.55568 0.0230026 -0.999727 -0.00407493
0.939636 18.1537 -3.49866 0.0147459 -0.999867 -0.00677435
0.94258 18.1491 -2.49914 0.00825583 -0.999957 -0.00431795
0.949965 18.1467 -1.3813 0.0157954 -0.999871 -0.00243335
0.948166 18.1434 -0.372157 0.0141846 -0.999896 -0.00248154
0.916988 18.1364 0.925667 0.0115793 -0.999904 -0.0075496
0.978022 18.1307 2.01957 0.010994 -0.999937 -0.000765685
1.03122 18.1284 3.0151 0.0119888 -0.999921 -0.00376695
1.06042 18.1262 3.61167 0.0128728 -0.999907 -0.00411827
0.115465 18.1192 3.46803 0.00286594 -0.999986 -0.00451504
0.0838657 18.1241 2.40733 0.00258405 -0.999987 -0.00428765
0.00265134 18.129 1.17817 -0.00264454 -0.999993 -0.00241296
0.0258051 18.1328 -0.0931368 0.00876249 -0.999953 -0.00373489
0.031926 18.1363 -1.03869 0.00545932 -0.999975 -0.0041584
0.0262126 18.1412 -2.07226 0.00554597 -0.999977 -0.00380419
0.0187726 18.1461 -3.2094 0.0036999 -0.999983 -0.00430295
0.0177339 18.1469 -3.37112 0.00555879 -0.999976 -0.0034909
-0.904781 18.1473 -3.42048 -0.00530702 -0.99998 -0.00349809
-0.897334 18.1433 -2.24395 -0.00707423 -0.999972 -0.00245246
-0.90781 18.139 -1.05449 -0.00844162 -0.999947 -0.00527525
-0.915546 18.1361 -0.0545982 -0.00978917 -0.999947 -0.00320936
-0.900825 18.1334 0.936606 -0.00814362 -0.999961 -0.00323932
-0.866848 18.1291 2.10081 -0.00687926 -0.999961 -0.00544586
-0.808973 18.1196 3.31366 -0.00592287 -0.99996 -0.00660417
-0.802801 18.1181 3.57354 -0.00537009 -0.999969 -0.00583214
-1.72272 18.125 3.59451 -0.00895304 -0.999929 -0.00791588
-1.77313 18.1343 2.49941 -0.0110025 -0.999902 -0.00867045
-1.82585 18.1412 1.2918 -0.0122236 -0.999921 -0.00277606
-1.83321 18.1444 0.329712 -0.016499 -0.999854 -0.00427736
-1.8228 18.1496 -0.886169 -0.0162538 -0.999861 -0.00367921
-1.83678 18.1534 -2.09295 -0.0119894 -0.999925 -0.00169955
-1.82699 18.1539 -3.26684 -0.0135504 -0.999908 -0.000625264
-1.827 18.1541 -3.43255 -0.0134344 -0.999908 -0.0015986
-2.74909 18.1676 -3.58738 -0.0153044 -0.999883 -8.45937e-06
-2.75193 18.1673 -2.56023 -0.0166285 -0.999861 -0.000523695
-2.75965 18.166 -1.30536 -0.0171654 -0.999851 -0.00171691
-2.74926 18.1627 -0.292777 -0.0179359 -0.999832 -0.00379294
-2.7494 18.1581 0.859174 -0.0176448 -0.999835 -0.00427914
-2.7337 18.1525 1.80785 -0.0165562 -0.999834 -0.00760179
-2.68493 18.1436 2.78666 -0.0145984 -0.999854 -0.00882552
-2.65908 18.1375 3.45537 -0.0141241 -0.999857 -0.00924935
-3.58339 18.1501 3.49857 -0.0137722 -0.999851 -0.0103437
-3.6105 18.1606 2.49583 -0.0158315 -0.999835 -0.0089176
-3.67436 18.1709 1.40609 -0.0142278 -0.999861 -0.00864314
-3.67773 18.1769 0.278388 -0.0158229 -0.999868 -0.00354058
-3.69613 18.1815 -0.833241 -0.0170366 -0.999853 -0.00119374
-3.67726 18.1829 -2.0724 -0.0169665 -0.999856 -0.000671094
-3.68116 18.1828 -3.14322 -0.0156056 -0.999878 0.000712475
-3.70046 18.1826 -3.58956 -0.0145532 -0.999889 0.00322346
-4.60858 18.1955 -3.46943 -0.00952153 -0.999928 0.00585134
-4.59223 18.1972 -2.42577 -0.0145421 -0.999882 -0.00360642
-4.60842 18.1926 -1.11623 -0.00936559 -0.999953 -0.00123864
-4.62186 18.1918 -0.147977 -0.0116536 -0.999918 -0.00538784
-4.59731 18.1863 0.841195 -0.0111904 -0.999925 -0.00495735
-4.56792 18.1765 1.97376 -0.00794993 -0.999919 -0.00995216
-4.51357 18.1684 2.9556 -0.00793928 -0.999913 -0.0103115
-4.5073 18.1624 3.44301 -0.00854042 -0.999884 -0.0126457
-5.43676 18.1691 3.44831 -0.00214802 -0.999916 -0.0127157
-5.44522 18.1778 2.50215 -0.00588528 -0.999942 -0.0090251
-5.5057 18.1867 1.51036 -0.00145262 -0.999967 -0.00799721
-5.51101 18.1956 0.362018 -0.00273287 -0.999964 -0.00797681
-5.5341 18.1989 -0.595255 0.00480038 -0.999988 0.00117821
-5.51589 18.2001 -1.61388 0.00404072 -0.999989 -0.00234033
-5.51909 18.2031 -2.55843 0.00287313 -0.999986 -0.00440871
-5.53901 18.1984 -3.56797 -0.00119253 -0.999956 0.00928667
-6.42508 18.1967 -3.52551 0.00466732 -0.999964 0.00670057
-6.4479 18.1995 -2.45147 0.00406378 -0.999984 -0.00350852
-6.43956 18.1944 -1.2746 0.00630766 -0.999976 -0.00279553
-6.43959 18.1936 -0.271642 0.0119124 -0.999927 0.00207303
-6.41817 18.1906 0.740854 0.00724183 -0.999928 -0.00935065
-6.41247 18.1834 1.8146 0.0131431 -0.999883 -0.00778916
-6.37185 18.176 2.77942 0.00375534 -0.999938 -0.010468
-6.35936 18.1715 3.20351 0.00466591 -0.999934 -0.0103292
-7.27412 18.1602 3.31474 0.0172622 -0.999816 -0.00833553
-7.32182 18.1668 2.14647 0.0185027 -0.999792 -0.00816042
-7.34358 18.1751 0.991382 0.0223093 -0.999734 -0.0047272
-7.34879 18.1794 0.0221015 0.0225362 -0.999738 -0.00377779
-7.36231 18.1845 -1.20138 0.0160645 -0.999863 -0.00398255
-7.35232 18.1879 -2.215 0.0210326 -0.999765 -0.00522047
-7.35913 18.1879 -3.16768 0.0137861 -0.999899 0.00334358
-6.60272 18.1887 -4.71629 0.00392027 -0.999964 0.00743234
-7.82008 18.1734 -4.68954 0.0207253 -0.999755 0.00774366
-8.40433 18.1578 -3.85486 0.0413056 -0.999145 0.00164535
-8.50043 18.1564 -2.69706 0.0415358 -0.999136 0.00096966
-8.50606 18.1578 -1.46476 0.0378661 -0.999266 -0.000826314
-8.45506 18.1514 -0.304383 0.034168 -0.999399 -0.00564872
-8.47641 18.1443 0.888121 0.0321068 -0.999462 -0.00671286
-8.55165 18.1351 2.11125 0.0331895 -0.999447 -0.00183535
-8.64234 18.1292 3.28948 0.0319793 -0.999476 -0.00433536
-8.56156 18.1219 4.52027 0.0337758 -0.999412 -0.0054705
-7.37725 18.1487 4.5902 0.0126559 -0.999881 -0.00810281
-6.13643 18.1564 4.53102 0.00152508 -0.999901 -0.013645
-4.98554 18.1512 4.62533 -0.00637744 -0.999907 -0.0120961
-3.88069 18.1407 4.65334 -0.0112449 -0.999868 -0.0116869
-2.57644 18.1253 4.68796 -0.0112384 -0.999891 -0.00957626
-1.39963 18.1147 4.68787 -0.00677168 -0.999945 -0.00799344
-0.296445 18.1131 4.66839 0.00567054 -0.999965 -0.00617008
0.778161 18.1206 4.66246 0.00925962 -0.999949 -0.00393568
1.98977 18.1378 4.65458 0.0195788 -0.9998 -0.00405026
3.11759 18.1662 4.63571 0.0291772 -0.99955 -0.00689838
4.25285 18.2057 4.64969 0.0407651 -0.999115 -0.00922461
5.48054 18.2683 4.67506 0.0587636 -0.998182 -0.0134153
6.70161 18.3487 4.68749 0.0777228 -0.996821 -0.017037
8.05985 18.4708 4.66241 0.0987574 -0.995012 -0.0140515
9.24306 18.609 4.66687 0.134451 -0.990719 -0.0199335
10.3641 18.772 4.66834 0.158726 -0.986883 -0.0273357
11.7004 19.016 4.61998 0.192462 -0.981162 -0.0167374
12.8436 19.2498 4.65544 0.206242 -0.978498 -0.000509021
13.919 19.4769 4.62935 0.202434 -0.979282 0.0038562
14.9555 19.6801 4.59287 0.182758 -0.98303 0.0126835
16.1676 19.8765 4.60884 0.139877 -0.990077 0.0134582
17.217 20.01 4.59125 0.10062 -0.994773 0.0165979
18.4063 20.0968 4.66007 0.0532685 -0.998398 0.0168924
19.7112 20.1365 4.68796 0.00599865 -0.999894 0.0126739
20.9957 20.0844 4.71808 -0.0511994 -0.998648 0.00893943
22.0816 20.0047 4.70137 -0.0946563 -0.995423 -0.0131266
23.4221 19.8595 4.63727 -0.137088 -0.990333 -0.0164852
24.66 19.6146 4.63207 -0.20894 -0.977529 -0.0030661
25.8201 19.3092 4.65981 -0.310291 -0.949589 0.0438483
26.8065 18.9571 4.67553 -0.366639 -0.926618 0.0833822
27.7618 18.3734 4.72384 -0.673096 -0.736213 0.0377217
28.6893 17.3224 4.68279 -0.797655 -0.602878 0.012782
29.209 16.3369 4.5941 -0.933957 -0.356167 -0.0194269
29.4229 15.845 3.39744 -0.948461 -0.305445 -0.0774396
29.5198 15.8676 2.12073 -0.951187 -0.305406 -0.0335309
29.4958 15.8836 0.922512 -0.956684 -0.290487 0.0193086
29.4502 15.8987 -0.283565 -0.932939 -0.359064 0.0202186
29.4189 15.8773 -1.44875 -0.959025 -0.282359 0.00401001
29.4471 15.8524 -2.50092 -0.946526 -0.32105 -0.0278811
29.4664 15.8724 -3.66636 -0.957917 -0.286137 -0.0209399
29.3426 16.4002 -4.67497 -0.95801 -0.280951 -0.0541296
28.8536 17.331 -4.68688 -0.79285 -0.608612 -0.0310964
28.1674 18.1278 -4.70535 -0.678384 -0.732614 -0.0551541
27.1499 18.9055 -4.70978 -0.531777 -0.846339 -0.0300754
26.1391 19.3649 -4.70609 -0.317436 -0.946691 -0.0360937
24.7757 19.7064 -4.68354 -0.19627 -0.980128 -0.0115337
23.705 19.8864 -4.69598 -0.144909 -0.989359 -0.0051965
22.6499 20.0132 -4.74024 -0.103252 -0.994493 -0.0157168
21.5296 20.0958 -4.72315 -0.0485422 -0.998727 -0.00931388
20.3715 20.1292 -4.68466 -0.00786134 -0.999911 -0.00963997
19.2962 20.122 -4.67675 0.0123751 -0.999851 -0.00240147
18.2216 20.0786 -4.7148 0.0458091 -0.998945 -0.00318018
16.8673 19.9577 -4.64944 0.119915 -0.992717 -0.00662275
15.7758 19.7947 -4.63169 0.161802 -0.986783 -0.00651832
14.4743 19.5565 -4.61701 0.188682 -0.982037 -0.000763405
13.3894 19.343 -4.63205 0.195095 -0.980784 0.000208461
12.2431 19.1165 -4.65895 0.188097 -0.98215 0.000657616
10.9181 18.872 -4.64638 0.167225 -0.985888 0.00578932
9.6664 18.6762 -4.66654 0.139446 -0.990211 0.00603207
8.41737 18.5193 -4.68021 0.107344 -0.994208 0.00518439
7.3616 18.4156 -4.70992 0.0772399 -0.996973 0.00552951
6.3165 18.3431 -4.67789 0.0600856 -0.998177 0.00573317
5.06744 18.2773 -4.64937 0.0461163 -0.998932 0.0012547
3.98909 18.2336 -4.68337 0.040051 -0.999187 -0.00461411
2.80786 18.1988 -4.7445 0.0247473 -0.999691 -0.00239376
1.71432 18.173 -4.71708 0.0203081 -0.999782 -0.00462914
0.243566 18.1533 -4.67068 0.0103634 -0.999929 -0.00576419
-1.18881 18.1519 -4.71749 -0.00239956 -0.999997 -1.80916e-05
-2.55096 18.163 -4.70563 -0.012441 -0.999916 0.00355916
-3.76034 18.1791 -4.69419 -0.0134133 -0.999893 0.00581368
-4.82735 18.1883 -4.68452 -0.00774493 -0.99995 0.00616992
-5.8771 18.1912 -4.68747 0.00182031 -0.999987 0.00480446
-6.47016 18.1892 -4.71336 0.00378107 -0.999972 0.00634262
-6.32191 18.1823 -5.75143 0.00799802 -0.999929 0.00876372
-5.19418 18.1834 -5.76772 -0.00348222 -0.999966 0.00732727
-4.12613 18.1765 -5.75046 -0.0110955 -0.99991 0.00750739
-3.0795 18.1632 -5.74084 -0.0125118 -0.999888 0.00823233
-2.00358 18.153 -5.76179 -0.00352795 -0.999964 0.00770799
-0.755343 18.1521 -5.79809 0.00377253 -0.99999 0.00184213
0.310399 18.1581 -5.73472 0.00856426 -0.999961 -0.00183206
1.41161 18.1713 -5.73677 0.0163917 -0.999862 -0.00244145
2.52354 18.194 -5.79972 0.0250664 -0.999679 -0.00250536
3.71705 18.2282 -5.75143 0.0299312 -0.999551 -0.000880746
4.83013 18.2661 -5.73216 0.0386071 -0.999246 0.00354521
5.91796 18.3119 -5.7285 0.0529158 -0.998585 0.0051664
7.18144 18.3926 -5.78662 0.0706432 -0.997464 0.00869247
8.4641 18.5181 -5.73408 0.113923 -0.99345 0.00862708
9.609 18.6601 -5.76013 0.143639 -0.989352 0.0201648
10.8186 18.8457 -5.70957 0.165569 -0.986124 0.0120922
12.085 19.079 -5.72686 0.189142 -0.981904 0.00944838
13.1803 19.2999 -5.692 0.19919 -0.979959 0.00099102
14.3851 19.5404 -5.70974 0.190558 -0.98166 -0.00216408
15.6339 19.7648 -5.67051 0.164033 -0.986416 0.008647
16.7502 19.9325 -5.72396 0.12729 -0.991714 -0.0144435
18.0632 20.0697 -5.76516 0.0858914 -0.996225 -0.0124868
19.4133 20.1407 -5.73144 0.0270213 -0.999479 -0.01747
20.4821 20.1461 -5.7458 -0.0134606 -0.999724 -0.0191933
21.6073 20.1069 -5.77776 -0.0486867 -0.998635 -0.0188788
22.7636 20.0151 -5.77302 -0.107115 -0.994035 -0.0169403
23.9337 19.8684 -5.75063 -0.145311 -0.989262 -0.0152914
25.1167 19.6573 -5.74103 -0.205149 -0.97838 -0.0261115
26.2284 19.3737 -5.76909 -0.312192 -0.949463 -0.0198513
27.2735 18.869 -5.73242 -0.537542 -0.831434 -0.140377
28.2606 18.1019 -5.7441 -0.678004 -0.727848 -0.0969856
28.9513 17.2776 -5.75045 -0.831577 -0.553658 -0.0347864
29.4894 16.2022 -5.71846 -0.952133 -0.293546 -0.0775286
29.7495 15.0394 -5.6811 -0.981489 -0.189737 -0.0260262
29.759 14.8452 -4.65795 -0.984757 -0.172746 -0.0184973
29.7364 14.8594 -3.56455 -0.972245 -0.231222 -0.0346127
29.7094 14.8284 -2.33602 -0.981078 -0.193014 0.00223627
29.7111 14.8664 -0.873585 -0.973206 -0.228286 0.0172957
29.7426 14.8602 0.619828 -0.974201 -0.224498 0.0229397
29.7644 14.8633 1.85083 -0.975424 -0.220175 0.0077454
29.7261 14.8421 2.90678 -0.980967 -0.190952 -0.0345352
29.6942 14.8408 4.16093 -0.970145 -0.239491 -0.0139887
29.6761 14.875 5.32056 -0.960611 -0.277838 -0.00466691
29.3421 15.9331 5.7002 -0.942173 -0.333982 -0.018307
28.891 16.9749 5.71295 -0.858496 -0.509503 0.0535401
28.1446 18.0542 5.767 -0.769086 -0.631659 0.0964221
27.3164 18.7551 5.73446 -0.513055 -0.85336 0.0924772
26.2788 19.222 5.74092 -0.316315 -0.946049 0.0702481
25.2572 19.513 5.72673 -0.245462 -0.967182 0.0656231
24.1452 19.7319 5.68335 -0.177393 -0.983972 0.0152484
22.757 19.9387 5.72111 -0.110134 -0.993824 0.0114513
21.6484 20.0519 5.75778 -0.101164 -0.994799 0.0118483
20.5676 20.1261 5.75762 -0.0432007 -0.998715 0.0237487
19.5226 20.1481 5.76344 -0.000214841 -0.999928 0.0113055
18.2004 20.1078 5.6829 0.0550142 -0.998024 0.0301203
17.0376 20.0093 5.68626 0.12606 -0.991776 0.0197444
15.8352 19.8433 5.68914 0.143724 -0.989387 0.0204772
14.6198 19.6316 5.67962 0.191197 -0.981242 0.0227598
13.2702 19.3434 5.71128 0.218987 -0.975676 0.00712948
12.2439 19.1145 5.69208 0.218397 -0.975818 -0.00771166
11.0025 18.855 5.6786 0.191054 -0.980565 -0.044221
9.8628 18.6659 5.72363 0.148648 -0.988224 -0.0357553
8.68393 18.5166 5.70651 0.109882 -0.993618 -0.024872
7.39525 18.3908 5.72024 0.0915632 -0.995604 -0.019681
6.25848 18.303 5.75771 0.0668816 -0.997648 -0.0147155
5.1396 18.2361 5.70632 0.0518114 -0.998525 -0.0161281
4.0386 18.1877 5.72658 0.0364869 -0.999289 -0.00870814
2.80899 18.152 5.69886 0.0237987 -0.999704 -0.00503794
1.55136 18.1261 5.70293 0.0153926 -0.999868 -0.00497238
0.46958 18.1124 5.68665 0.00933212 -0.999929 -0.00735265
-0.599875 18.1043 5.74349 0.00338755 -0.999944 -0.0100266
-1.84956 18.1079 5.75523 -0.00783272 -0.999921 -0.00979715
-3.03555 18.1201 5.71512 -0.0123163 -0.999854 -0.011822
-4.08634 18.1329 5.71969 -0.0100989 -0.999912 -0.00851573
-5.16393 18.1394 5.68481 -0.00462612 -0.999939 -0.00998516
-6.52398 18.1424 5.56678 0.00186984 -0.999913 -0.0128467
-7.81331 18.1347 5.7198 0.0119999 -0.999912 -0.00476763
-9.0317 18.1053 5.74642 0.0379659 -0.999246 0.000736706
-9.76174 18.0739 5.14313 0.0475473 -0.998865 -0.00278936
-9.6948 18.0825 3.82298 0.0475085 -0.998862 -0.00420732
-9.6424 18.0882 2.54751 0.0480966 -0.998837 -0.00192477
-9.55092 18.098 1.34805 0.0461966 -0.998915 -0.00469462
-9.49827 18.1057 0.0425252 0.0481402 -0.998832 -0.0040909
-9.52973 18.1083 -1.02645 0.0480333 -0.998843 -0.00244044
-9.55077 18.1086 -2.17533 0.0490259 -0.998797 0.000134379
-9.53345 18.1106 -3.24219 0.0474124 -0.998874 0.00158595
-9.42186 18.1133 -4.44418 0.0491398 -0.99879 0.00182338
-9.36147 18.113 -5.54983 0.0486299 -0.99881 0.00372529
-8.32443 18.1501 -5.75641 0.0292606 -0.999533 0.00877024
-7.08574 18.1745 -5.76038 0.0141895 -0.999855 0.00943425
-6.59424 18.1798 -5.7588 0.00993528 -0.999909 0.00901253
-6.60103 18.1719 -6.80138 0.0115961 -0.999932 0.00103692
-7.84057 18.156 -6.80558 0.0184217 -0.999821 0.00146522
-8.9878 18.1278 -6.78835 0.0254302 -0.999672 -0.0029099
-10.1539 18.0787 -6.81254 0.0534077 -0.998472 -0.0141796
-10.5905 18.0474 -5.91888 0.0609477 -0.998127 0.00525364
-10.5268 18.0568 -4.85063 0.0525463 -0.998614 0.00291745
-10.591 18.0516 -3.6077 0.0699379 -0.997538 -0.00440049
-10.6102 18.0477 -2.38247 0.0632386 -0.997998 -0.00102054
-10.5794 18.0528 -1.17962 0.0588048 -0.998259 0.00434025
-10.5651 18.0509 0.251619 0.0564679 -0.998382 -0.00423153
-10.5849 18.0448 1.34684 0.0548062 -0.998489 -0.00392859
-10.6996 18.0322 2.64403 0.0545794 -0.998491 -0.00597764
-10.7416 18.0246 3.81252 0.0647782 -0.997893 -0.00328397
-10.8358 18.013 4.90221 0.0727353 -0.997339 -0.0048903
-10.8276 18.0107 6.30721 0.0653272 -0.997845 0.0037591
-9.79811 18.0787 6.78624 0.0527871 -0.998533 0.0118065
-8.52171 18.1268 6.77619 0.0252857 -0.999606 0.0120474
-7.30626 18.1322 6.79505 -0.00967868 -0.999881 -0.0113455
-6.10471 18.1242 6.66927 -0.000628581 -0.999741 -0.0227142
-4.82009 18.1349 6.78638 -0.000178252 -0.999956 0.00689122
-3.75731 18.1245 6.81085 -0.0261031 -0.999619 -0.000375744
-2.62745 18.1008 6.78352 -0.0145642 -0.999754 -0.0165122
-1.50329 18.0915 6.80761 -0.0089175 -0.999753 -0.0203085
-0.201751 18.0936 6.77883 0.00741756 -0.999823 -0.0173082
0.857082 18.1055 6.74889 0.0181211 -0.999736 -0.0122589
2.1528 18.134 6.78469 0.0205598 -0.999788 -0.00133239
3.42356 18.1603 6.78051 0.0216811 -0.999735 -0.00741224
4.5288 18.1932 6.79052 0.0337223 -0.999338 -0.0135704
5.61006 18.2474 6.78547 0.0631252 -0.997892 -0.0150139
6.65964 18.314 6.78384 0.069604 -0.997148 -0.0266362
7.71037 18.3939 6.77099 0.0781156 -0.996573 -0.0259108
8.83729 18.489 6.77671 0.0903375 -0.994254 -0.0574279
10.0518 18.6355 6.7805 0.137647 -0.9859 -0.0951357
11.2927 18.8708 6.71446 0.212 -0.975638 -0.0560312
12.471 19.1585 6.76786 0.243779 -0.969827 0.00256682
13.8237 19.4849 6.76745 0.230507 -0.972978 0.0130679
14.8593 19.7004 6.76286 0.176234 -0.984047 0.0237322
15.978 19.8924 6.78705 0.15197 -0.987606 0.0362753
17.3089 20.076 6.74853 0.109475 -0.992941 0.0378908
18.3627 20.1506 6.77565 0.0594802 -0.997716 0.0320019
19.4195 20.1752 6.79248 -0.00570902 -0.999446 0.0324959
20.6645 20.1484 6.79154 -0.0509704 -0.997819 0.0418425
21.9457 20.0416 6.79505 -0.0962433 -0.994705 0.0360076
23.0641 19.9133 6.76932 -0.135332 -0.990677 0.0156405
24.1482 19.7537 6.766 -0.166507 -0.985805 0.0215329
25.2379 19.5715 6.74655 -0.212983 -0.973307 0.0756128
26.469 19.2402 6.76626 -0.308684 -0.944822 0.10928
27.4688 18.8194 6.77543 -0.460896 -0.845631 0.268228
28.4385 17.9812 6.78461 -0.755306 -0.603234 0.254127
29.0238 17.0331 6.74735 -0.878571 -0.437417 0.190247
29.4484 15.9385 6.76763 -0.948887 -0.25906 0.180281
29.7042 14.8973 6.7495 -0.982723 -0.154667 0.058996
29.8751 13.9331 6.50364 -0.985803 -0.166811 -0.0133635
29.9054 13.813 5.46864 -0.986687 -0.158367 -0.0257003
29.9139 13.8162 4.35112 -0.977796 -0.209528 -0.00351555
29.9185 13.822 3.19445 -0.981147 -0.193175 -0.00588468
29.9015 13.801 1.94629 -0.996261 -0.0823794 -0.0247528
29.9275 13.8163 0.869777 -0.984797 -0.17111 -0.0286829
29.9319 13.8043 -0.269992 -0.984593 -0.171983 0.0298852
29.9069 13.8161 -1.33475 -0.985636 -0.167539 0.0188974
29.8921 13.7923 -2.48488 -0.986486 -0.163695 0.00700511
29.9173 13.8243 -3.77899 -0.988687 -0.149221 -0.0151838
29.9388 13.8002 -4.97248 -0.991476 -0.12959 -0.0134183
29.9677 13.7917 -6.1103 -0.991808 -0.123406 -0.0328197
29.875 14.5769 -6.81601 -0.987847 -0.150327 -0.0395053
29.6378 15.8889 -6.79965 -0.962585 -0.243997 -0.112662
29.3131 16.8899 -6.79036 -0.90464 -0.387837 -0.157179
28.6762 17.9051 -6.81497 -0.746968 -0.647878 -0.149309
27.8122 18.7193 -6.791 -0.573218 -0.786905 -0.226189
26.702 19.2632 -6.79721 -0.398178 -0.91243 -0.0944709
25.6869 19.5886 -6.82273 -0.221045 -0.965705 -0.136167
24.6612 19.793 -6.79033 -0.151546 -0.987066 -0.0518524
23.3479 19.9739 -6.80176 -0.124212 -0.991859 -0.0278487
22.2982 20.0923 -6.82902 -0.0912758 -0.99466 -0.0432279
21.0245 20.1591 -6.78776 -0.0240597 -0.998841 -0.0416909
19.7535 20.1663 -6.79169 0.0100896 -0.99948 -0.0306037
18.6311 20.1358 -6.83822 0.0720523 -0.99676 -0.0344063
17.5316 20.036 -6.80042 0.0980005 -0.994672 -0.0319999
16.2668 19.8748 -6.79444 0.148445 -0.988022 -0.0421491
14.885 19.6439 -6.7887 0.187019 -0.981906 -0.0293837
13.612 19.3909 -6.74186 0.198284 -0.980111 -0.00742572
12.5579 19.1666 -6.8225 0.208391 -0.977985 0.00753993
11.3388 18.9176 -6.77769 0.19816 -0.97991 0.0211969
10.1488 18.7 -6.82597 0.14315 -0.987357 0.0680048
9.01879 18.5649 -6.81822 0.11002 -0.993716 0.0201053
7.96566 18.4505 -6.81327 0.093192 -0.995554 0.0136541
6.56401 18.3353 -6.79346 0.06351 -0.99765 0.0256799
5.10019 18.268 -6.77893 0.026094 -0.999418 0.0184307
3.83061 18.2326 -6.79514 0.0297282 -0.999557 -0.00099741
2.63708 18.1942 -6.83418 0.0306427 -0.999489 0.00880231
1.53398 18.1737 -6.81856 0.0126259 -0.999919 0.00107975
0.426334 18.1597 -6.77965 0.0143063 -0.999894 0.000884052
-0.730568 18.1426 -6.84648 0.00915812 -0.999868 0.0114707
-1.9234 18.1397 -6.83072 0.00262516 -0.999876 0.0155039
-3.04224 18.1476 -6.78767 -0.0119348 -0.999737 0.0195696
-4.32006 18.1713 -6.79571 -0.0167927 -0.999852 0.00377648
-5.45836 18.1798 -6.81471 0.00291398 -0.999979 -0.00299787
-6.32477 18.1751 -6.80832 0.0121656 -0.999923 0.00218741
