-20.7168 15.7619 -3.5608 0.333746 -0.942647 0.00459717
-20.7259 15.7743 -2.36332 0.335704 -0.941872 0.0132727
-20.7625 15.777 -1.41221 0.3352 -0.942017 0.0156593
-20.8425 15.7604 -0.390217 0.343017 -0.939284 0.00748324
-20.7645 15.7979 0.795267 0.343311 -0.939158 0.0106744
-20.6457 15.8436 1.86508 0.331898 -0.943301 0.00519203
-20.6456 15.8493 3.01092 0.329774 -0.944037 0.00644918
-20.69 15.8362 3.35162 0.335012 -0.94217 0.00822204
-21.4865 15.5487 3.52816 0.344522 -0.938777 0.00127732
-21.4085 15.5754 2.37576 0.351687 -0.936084 0.00706567
-21.4973 15.5317 1.13634 0.349285 -0.936979 0.00733344
-21.6325 15.4727 0.10355 0.350446 -0.936567 0.00543883
-21.6312 15.4671 -0.867723 0.344438 -0.93878 0.00737957
-21.5307 15.4928 -1.86139 0.347122 -0.937737 0.0124263
-21.5027 15.489 -2.94522 0.342689 -0.939387 0.0105001
-21.507 15.4842 -3.1989 0.344691 -0.938639 0.0120249
-22.3068 15.1874 -3.43076 0.347953 -0.937469 0.00901184
-22.3064 15.1996 -2.34857 0.349435 -0.9369 0.0106442
-22.3855 15.1817 -1.24451 0.354574 -0.934972 0.0100956
-22.4712 15.1553 -0.325034 0.353427 -0.935447 0.00511946
-22.3713 15.199 0.616101 0.352009 -0.935978 0.00588993
-22.1948 15.2753 1.88557 0.356073 -0.934435 0.00615326
-22.2139 15.2727 2.9289 0.356126 -0.934421 0.00535699
-22.2979 15.2437 3.50796 0.357595 -0.933862 0.00529536
-23.0619 14.9494 3.2824 0.363637 -0.931535 0.0031988
-22.95 14.987 2.31494 0.360547 -0.932736 0.00308463
-23.0464 14.9459 1.26429 0.360506 -0.932744 0.00469924
-23.2994 14.8417 0.162957 0.357976 -0.933715 0.00465246
-23.2 14.8748 -0.875401 0.358494 -0.933506 0.00681253
-23.1177 14.8988 -1.89315 0.357257 -0.933967 0.00848861
-23.0774 14.9041 -2.97163 0.355506 -0.934632 0.00882364
-23.0831 14.898 -3.39991 0.354524 -0.935013 0.00796167
-23.8672 14.5995 -3.44237 0.35636 -0.934319 0.0073859
-23.9102 14.5916 -2.20746 0.359778 -0.933009 0.00719824
-23.9252 14.5923 -1.25033 0.361222 -0.932462 0.00562835
-24.1322 14.5179 -0.0415526 0.363171 -0.931717 0.00326493
-23.9788 14.5813 0.860806 0.363419 -0.931617 0.0040581
-23.7688 14.6667 1.74644 0.36334 -0.931648 0.0039642
-23.8008 14.6591 2.85499 0.364662 -0.931134 0.00340466
-23.9496 14.6032 3.54177 0.366057 -0.93059 0.00230213
-24.7426 14.2901 3.18291 0.366513 -0.93041 0.00233539
-24.5541 14.3614 2.18187 0.365112 -0.930957 0.00334086
-24.7608 14.2757 0.882266 0.364459 -0.931212 0.0036226
-24.9232 14.2091 -0.00199796 0.36398 -0.931401 0.00335858
-24.7263 14.282 -0.954689 0.363299 -0.931663 0.00415338
-24.659 14.3033 -1.91761 0.36238 -0.932019 0.00465344
-24.7266 14.272 -2.88072 0.36086 -0.932605 0.00528355
-24.6527 14.2971 -3.41204 0.35967 -0.933062 0.00572007
-25.5986 13.9308 -3.55898 0.361089 -0.93252 0.0045624
-25.5772 13.9438 -2.54014 0.362585 -0.931944 0.00347554
-25.5986 13.9407 -1.17407 0.363133 -0.931731 0.00337455
-25.635 13.9297 -0.229712 0.36453 -0.931188 0.00270169
-25.5986 13.9465 0.682779 0.364882 -0.93105 0.00245516
-25.5956 13.9506 1.78943 0.365935 -0.930637 0.00267281
-25.5986 13.9518 2.82839 0.366869 -0.930271 0.00183931
-25.5986 13.9524 3.24739 0.367452 -0.930042 0.00140425
-26.4943 13.5986 3.37681 0.367319 -0.930094 0.00107898
-26.4907 13.599 2.29601 0.366774 -0.930309 0.00107029
-26.4541 13.6118 1.22621 0.36628 -0.930503 0.00154573
-26.4231 13.6221 0.229099 0.364985 -0.931011 0.00220729
-26.4514 13.6089 -0.696744 0.364319 -0.931272 0.00190029
-26.5378 13.5723 -1.94507 0.362123 -0.932126 0.00297523
-26.4489 13.6036 -2.96097 0.362311 -0.932052 0.00317393
-26.3934 13.6236 -3.46092 0.361126 -0.932511 0.00329152
-27.2378 13.2961 -3.5919 0.361096 -0.932526 0.00224394
-27.3648 13.2494 -2.52739 0.361862 -0.93223 0.00179237
-27.3127 13.2713 -1.47846 0.363344 -0.931655 0.000852914
-27.271 13.2888 -0.476878 0.364386 -0.931247 0.0012259
-27.2602 13.2944 0.717374 0.365783 -0.930699 0.00120075
-27.3509 13.2597 1.76527 0.366044 -0.930597 0.000650977
-27.3099 13.2766 2.77271 0.366475 -0.930428 0.000223478
-27.3312 13.2686 3.45502 0.36736 -0.930079 0.000103182
-28.1561 12.9431 3.56312 0.366915 -0.930255 -0.000127872
-28.1506 12.9454 2.58481 0.366509 -0.930415 0.000109949
-28.1593 12.9418 1.63737 0.365843 -0.930676 0.000327816
-28.1022 12.9637 0.600605 0.365097 -0.930969 0.000252681
-28.0972 12.9656 -0.365602 0.364298 -0.931282 -3.38104e-05
-28.1202 12.9567 -1.3656 0.363732 -0.931504 0.000139184
-28.154 12.9432 -2.49403 0.362291 -0.932064 0.000768152
-28.0835 12.9691 -3.48477 0.361063 -0.93254 0.00167171
-28.9067 12.6507 -3.34732 0.360765 -0.932656 0.000756149
-28.9663 12.6275 -2.40068 0.362101 -0.932139 -0.000415495
-28.9378 12.6379 -1.3405 0.36314 -0.931735 -0.000453801
-28.9166 12.6452 -0.306807 0.364485 -0.931209 -0.00068831
-28.9442 12.6336 0.971837 0.365847 -0.930675 -0.000474128
-28.9541 12.6291 2.24391 0.366163 -0.930551 -0.000300884
-28.9649 12.6244 3.38604 0.366789 -0.930304 -0.000344537
-28.9698 12.6224 3.49177 0.366771 -0.930311 -0.000566247
-29.7924 12.2981 3.62214 0.366525 -0.930408 -0.000574975
-29.7489 12.3162 2.40698 0.366326 -0.930486 -0.000725987
-29.7609 12.3127 1.10736 0.365611 -0.930767 -0.00134779
-29.7554 12.3163 0.10836 0.364465 -0.931216 -0.00111534
-29.7496 12.3203 -0.922966 0.363964 -0.931411 -0.0017486
-29.7859 12.308 -1.83555 0.363509 -0.931589 -0.00170914
-29.7497 12.3237 -2.77975 0.362269 -0.932073 -0.00107404
-29.7026 12.3428 -3.65133 0.361325 -0.93244 -0.000611588
-30.5178 12.0263 -3.63338 0.362216 -0.932092 -0.00195125
-30.5358 12.0175 -2.71647 0.363005 -0.931785 -0.00201683
-30.6035 11.9887 -1.81511 0.363506 -0.931588 -0.00256818
-30.5677 12 -0.770086 0.364537 -0.931185 -0.0026554
-30.5564 12.0014 0.471904 0.365324 -0.930878 -0.00213184
-30.5463 12.0034 1.42717 0.366506 -0.930414 -0.00149618
-30.5587 11.9969 2.46596 0.366983 -0.930227 -0.00110967
-30.5958 11.9814 3.43854 0.36797 -0.929837 -0.000613624
-30.5967 11.981 3.44942 0.367932 -0.929852 -0.000732691
-31.3665 11.6765 3.15141 0.369257 -0.929326 -0.00121638
-31.3565 11.6819 2.23483 0.367949 -0.929844 -0.00191286
-31.3579 11.6839 1.2317 0.367008 -0.930215 -0.00226409
-31.3803 11.6779 0.262564 0.366299 -0.930492 -0.00297931
-31.3909 11.6776 -0.843158 0.365125 -0.930953 -0.00310736
-31.3856 11.6832 -1.81314 0.364631 -0.931146 -0.00336597
-31.33 11.7088 -3.00542 0.363584 -0.931557 -0.00284682
-31.3198 11.7135 -3.23059 0.363121 -0.931738 -0.0025999
-28.0698 12.9721 -4.73916 0.359064 -0.933309 0.00244454
-26.8379 13.4467 -4.75492 0.359486 -0.933142 0.0038745
-25.7515 13.8658 -4.71396 0.359921 -0.93297 0.00482931
-24.3794 14.3939 -4.66422 0.358166 -0.933639 0.00590103
-23.2625 14.8203 -4.69014 0.356141 -0.934407 0.00690448
-21.8865 15.3338 -4.67848 0.34546 -0.93842 0.00492243
-20.5669 15.8122 -4.67351 0.338848 -0.940825 0.00550174
-19.3582 16.2298 -4.4707 0.322113 -0.946691 0.00413591
-19.083 16.3262 -3.39941 0.319315 -0.947606 0.00737931
-19.017 16.3593 -2.00115 0.306355 -0.951901 0.00547498
-19.0578 16.3593 -0.732919 0.303611 -0.952744 0.0100048
-19.1723 16.3309 0.361344 0.299028 -0.954231 0.00448487
-19.1027 16.3576 1.42965 0.302547 -0.953134 0.000709839
-19.0301 16.3863 2.73171 0.308378 -0.951242 0.00651159
-19.0105 16.4022 3.85462 0.312013 -0.950036 0.00883722
-19.6575 16.1953 4.58253 0.315339 -0.948941 0.00797081
-20.8172 15.7955 4.65434 0.340413 -0.940273 0.0012771
-21.8216 15.4269 4.69868 0.34858 -0.937274 0.00284394
-23.1013 14.9382 4.66026 0.360508 -0.932754 0.00205761
-24.4831 14.3953 4.67601 0.367587 -0.929984 0.00298154
-25.5793 13.9618 4.63147 0.367916 -0.929858 0.00100386
-26.7274 13.5073 4.679 0.368144 -0.929769 0.000530546
-27.7277 13.1117 4.66647 0.367396 -0.930064 -0.000335074
-28.9061 12.6468 4.67622 0.366583 -0.930385 -0.000368846
-30.1579 12.1532 4.67869 0.366978 -0.930229 -0.00048184
-31.2869 11.7069 4.62783 0.369044 -0.929412 -8.37248e-05
-32.3774 11.2728 4.27162 0.370794 -0.928715 0.000172454
-32.4204 11.2573 3.07656 0.370446 -0.928852 -0.00212481
-32.4437 11.2526 1.76352 0.369399 -0.929262 -0.00416283
-32.4633 11.2495 0.637325 0.367162 -0.930149 -0.00391644
-32.4897 11.2444 -0.45956 0.366506 -0.930405 -0.00456431
-32.4432 11.2684 -1.74823 0.365352 -0.930861 -0.00390189
-32.4255 11.2806 -2.88249 0.363857 -0.931444 -0.00430199
-32.3895 11.3013 -4.22037 0.362171 -0.932099 -0.00484907
-31.3053 11.7238 -4.70666 0.361552 -0.932346 -0.00319617
-30.2291 12.14 -4.73154 0.359756 -0.933045 -0.00188247
-29.2298 12.5256 -4.68182 0.359882 -0.932998 -0.000166438
-28.2517 12.9022 -4.73443 0.358229 -0.933631 0.0019807
-28.183 12.9262 -5.78643 0.357944 -0.93374 0.00237428
-29.319 12.4915 -5.72974 0.35749 -0.933916 -0.00102092
-30.3535 12.0941 -5.7643 0.359348 -0.9332 -0.00266083
-31.3756 11.6999 -5.76457 0.360486 -0.93276 -0.00312299
-32.4688 11.2776 -5.72801 0.359942 -0.932967 -0.0039261
-33.3894 10.92 -5.36155 0.360561 -0.932714 -0.00636542
-33.4172 10.9022 -4.26569 0.3625 -0.931962 -0.00632717
-33.4267 10.8904 -3.07343 0.364474 -0.931187 -0.00692412
-33.4362 10.879 -1.83851 0.365352 -0.930856 -0.00501498
-33.4748 10.8577 -0.724015 0.365798 -0.930678 -0.00549119
-33.4463 10.8627 0.357061 0.367028 -0.93019 -0.00610211
-33.4205 10.8659 1.44949 0.369698 -0.929136 -0.00551264
-33.4406 10.8516 2.69316 0.37096 -0.928641 -0.00372903
-33.4332 10.8506 3.74802 0.372329 -0.928098 -0.00211462
-33.4208 10.855 4.91696 0.371741 -0.928336 -9.87906e-05
-32.7564 11.1218 5.67449 0.371358 -0.928488 0.0014124
-31.6766 11.5527 5.67832 0.369209 -0.929346 0.000882215
-30.6241 11.9689 5.74478 0.367002 -0.93022 -0.00020734
-29.518 12.4049 5.74385 0.366452 -0.930437 -0.000584607
-28.3528 12.8639 5.73951 0.366941 -0.930244 -0.000947086
-27.2116 13.3153 5.73422 0.368016 -0.929819 -0.00109543
-26.029 13.7842 5.70976 0.369119 -0.929382 -0.000933046
-24.744 14.295 5.71072 0.36861 -0.929581 0.00211821
-23.7214 14.6999 5.7341 0.366365 -0.930459 0.00440823
-22.6142 15.13 5.68021 0.358201 -0.933618 0.00696733
-21.3303 15.613 5.763 0.347837 -0.937507 0.00804344
-20.2589 16.0006 5.68717 0.337919 -0.941104 0.011547
-18.9459 16.439 5.6551 0.299877 -0.953934 0.00860913
-18.1218 16.6861 5.18503 0.278405 -0.96046 0.0024187
-17.9861 16.7208 4.0191 0.27353 -0.961857 0.00339556
-18.0277 16.7008 2.64991 0.295918 -0.955194 0.00603785
-18.078 16.6747 1.42105 0.291377 -0.956598 0.00372483
-18.1631 16.6464 0.364907 0.288772 -0.957391 0.00361498
-18.0586 16.6718 -0.719262 0.293665 -0.955849 0.0104667
-17.9641 16.6896 -1.97581 0.292729 -0.956194 0.000718578
-18.0758 16.6546 -3.04445 0.296222 -0.955118 0.000845782
-18.088 16.6452 -4.23348 0.306083 -0.951988 0.00526034
-18.267 16.584 -5.40929 0.304053 -0.952654 0.000283703
-19.4605 16.1926 -5.66421 0.320493 -0.947243 -0.00123912
-20.611 15.7919 -5.74176 0.336102 -0.941822 0.000477964
-21.8002 15.36 -5.73329 0.345156 -0.938539 0.00234119
-22.9722 14.9224 -5.73605 0.351849 -0.936049 0.00331866
-24.2034 14.4549 -5.73721 0.358007 -0.933705 0.00518506
-25.4543 13.9747 -5.73933 0.359179 -0.933256 0.00479117
-26.7091 13.4917 -5.78978 0.358899 -0.933366 0.0043847
-27.7907 13.0766 -5.79351 0.357798 -0.933794 0.00293483
-27.9961 12.9978 -5.79053 0.358195 -0.933644 0.00238706
-28.0067 12.9906 -6.84412 0.355414 -0.934706 0.00236559
-29.1558 12.5537 -6.81053 0.355164 -0.934804 0.000434941
-30.1698 12.1682 -6.80228 0.358039 -0.933697 -0.0040706
-31.1788 11.7792 -6.84427 0.360588 -0.932719 -0.00328499
-32.2001 11.3854 -6.81 0.359384 -0.933181 -0.00386956
-33.4279 10.9139 -6.76992 0.358373 -0.933561 -0.00559278
-34.3633 10.552 -6.5049 0.359389 -0.933169 -0.00594794
-34.4655 10.5051 -5.44087 0.36016 -0.932856 -0.00797263
-34.4138 10.5167 -4.34884 0.360757 -0.932638 -0.00635183
-34.4165 10.5032 -3.17226 0.365218 -0.93086 -0.0105487
-34.4102 10.4963 -2.00515 0.367331 -0.930069 -0.00619798
-34.4267 10.4841 -0.75636 0.364592 -0.931156 -0.0044255
-34.4353 10.4705 0.355002 0.366214 -0.930445 -0.0124691
-34.4221 10.4658 1.72457 0.369609 -0.929169 -0.00586922
-34.4597 10.4416 2.95993 0.372145 -0.928159 -0.00512405
-34.443 10.4449 4.28244 0.373658 -0.927566 -0.00104002
-34.4313 10.4488 5.5495 0.374328 -0.927296 -0.000627199
-34.2097 10.5397 6.64724 0.377503 -0.926003 0.00285699
-33.2371 10.9315 6.77126 0.371466 -0.928445 0.000795437
-32.2009 11.3465 6.7516 0.370464 -0.928839 0.00389963
-31.0647 11.7953 6.76751 0.366068 -0.930587 0.00101617
-30.0133 12.2092 6.79785 0.366907 -0.930258 -0.000408281
-29.0124 12.603 6.77911 0.365639 -0.930755 -0.00151495
-27.9002 13.0402 6.78466 0.367803 -0.929899 -0.00261713
-26.9212 13.4291 6.79929 0.369076 -0.929399 -0.000857038
-25.9122 13.8303 6.75942 0.370175 -0.928962 -0.000335089
-24.68 14.3216 6.76554 0.370438 -0.928857 0.000524508
-23.6357 14.7379 6.80611 0.369655 -0.929156 0.00488835
-22.4568 15.1973 6.7554 0.353318 -0.935485 0.00573865
-21.2846 15.6425 6.78793 0.352822 -0.935431 0.0197914
-20.0081 16.1065 6.75477 0.34103 -0.939726 0.0247621
-18.8592 16.4819 6.7676 0.287806 -0.957488 0.0196263
-17.7295 16.8064 6.7858 0.261262 -0.965237 0.00765452
-17.0698 16.9805 5.60993 0.258913 -0.9659 -0.00036849
-16.9756 17.0043 4.27971 0.264708 -0.964327 0.000532403
-16.9742 17.0029 3.18666 0.260571 -0.965449 0.000186848
-17.0253 16.9857 2.13638 0.263418 -0.964677 0.00276002
-17.0754 16.9702 1.03744 0.266859 -0.963733 -0.00145395
-17.0503 16.9716 -0.345544 0.279036 -0.960232 0.00971384
-16.8817 17.0074 -1.53149 0.268801 -0.963144 0.00999039
-17.0299 16.9706 -2.68494 0.274382 -0.961596 -0.00573436
-17.081 16.9613 -3.92291 0.289287 -0.957239 -0.00260082
-17.1618 16.9356 -5.04741 0.294732 -0.955561 0.00584793
-17.1902 16.9252 -6.1559 0.295446 -0.955341 -0.00581295
-17.7593 16.7527 -6.8135 0.298313 -0.954277 -0.0186796
-19.0825 16.3265 -6.68832 0.314865 -0.949069 -0.0111627
-20.0677 15.9846 -6.85484 0.331126 -0.943583 -0.00277576
-21.1222 15.6053 -6.80241 0.341108 -0.940018 -0.00341724
-22.2023 15.209 -6.81534 0.352137 -0.935947 0.00138207
-23.296 14.7977 -6.79134 0.353066 -0.935597 -0.00102288
-24.2846 14.4181 -6.81716 0.357964 -0.933726 0.00418587
-25.3121 14.0239 -6.78193 0.358001 -0.933702 0.00603849
-26.4642 13.5807 -6.82183 0.359854 -0.932995 0.00493022
-27.4699 13.1949 -6.83896 0.356266 -0.934372 0.00466744
-27.853 13.0491 -6.85206 0.35588 -0.934527 0.00305656
