29.8281 17.2163 -3.52802 -0.927932 -0.369963 0.0264767
29.8546 17.1818 -2.21684 -0.90052 -0.434218 -0.0102025
29.8836 17.0838 -0.889352 -0.891917 -0.451647 0.0131741
29.9054 17.0308 0.150774 -0.900616 -0.434439 -0.010649
29.9381 16.9869 1.32686 -0.900568 -0.434642 0.00117596
29.9428 16.9798 1.47843 -0.902333 -0.430914 0.010002
29.4568 17.7626 3.4306 -0.801487 -0.596762 0.0376076
29.4803 17.712 2.40894 -0.78465 -0.6196 -0.0201717
29.4233 17.7714 1.35727 -0.800096 -0.599307 0.0253971
29.3976 17.8056 0.160424 -0.790895 -0.611698 -0.0131094
29.3804 17.8677 -1.0084 -0.795574 -0.604441 -0.00162477
29.3609 17.9447 -2.12537 -0.806384 -0.590118 -0.0113475
29.3304 17.9778 -3.20042 -0.770705 -0.637164 0.00593898
29.3047 18.0167 -3.65476 -0.759279 -0.650484 -0.0191302
28.6683 18.691 -3.55234 -0.655006 -0.754385 0.00067838
28.6914 18.6363 -2.5306 -0.627997 -0.777344 -0.0361206
28.7536 18.5647 -1.53001 -0.628628 -0.774649 -0.0688193
28.7635 18.509 -0.417108 -0.669535 -0.740845 0.0250485
28.7629 18.4846 0.605246 -0.704134 -0.709835 -0.0138268
28.8096 18.4339 1.60333 -0.710143 -0.704013 -0.00787132
28.8264 18.4322 2.96237 -0.704816 -0.705916 0.0458052
28.8497 18.4604 3.40793 -0.711854 -0.697358 0.0834012
28.1085 19.0179 3.26843 -0.536759 -0.839501 0.0342128
28.0982 18.9828 2.02713 -0.599225 -0.800503 -0.0105715
28.0679 19.0775 0.878696 -0.573045 -0.819275 -0.0200218
28.0401 19.0433 -0.148029 -0.581405 -0.812314 0.0274866
28.0074 19.0636 -1.20469 -0.469234 -0.881708 -0.0354631
27.9511 19.147 -2.39739 -0.54266 -0.838116 -0.0555106
27.8964 19.1976 -3.42766 -0.443445 -0.895958 0.0247252
27.0668 19.5742 -3.60116 -0.341181 -0.93903 -0.0225496
27.1063 19.5493 -2.55819 -0.3575 -0.933549 -0.0260738
27.1715 19.4956 -1.18332 -0.400202 -0.913816 -0.0419548
27.2379 19.501 0.0528499 -0.423203 -0.904243 0.0303997
27.2858 19.4912 1.14344 -0.374544 -0.926257 -0.0406751
27.2767 19.4457 2.19598 -0.406369 -0.913055 0.0223387
27.284 19.4518 3.204 -0.417969 -0.907849 -0.0175849
27.2833 19.4484 3.30284 -0.399436 -0.915987 -0.0374182
26.4138 19.7808 3.54425 -0.299832 -0.953777 0.0193638
26.4079 19.7813 2.31094 -0.345536 -0.937911 -0.0181279
26.4133 19.8081 1.2492 -0.286219 -0.95746 -0.0316006
26.3858 19.8264 0.0062005 -0.320754 -0.946934 0.0205044
26.3138 19.8461 -1.13237 -0.345615 -0.937407 0.00178482
26.2418 19.8469 -2.14499 -0.314828 -0.948697 0.0292753
26.1952 19.8699 -3.2555 -0.287272 -0.957353 -0.0222122
26.2004 19.8825 -3.6007 -0.331331 -0.942002 -0.0477795
25.3169 20.141 -3.49148 -0.259634 -0.965394 -0.0245896
25.3475 20.1116 -2.32541 -0.240229 -0.970497 -0.0194758
25.4024 20.113 -1.32914 -0.256637 -0.96621 -0.0123365
25.4878 20.0789 -0.076683 -0.254097 -0.967122 0.0104471
25.5244 20.0588 1.10277 -0.255868 -0.966544 -0.0098333
25.5241 20.0407 2.27695 -0.238987 -0.970881 -0.0162206
25.5344 20.0244 3.30283 -0.224778 -0.974287 -0.00293893
25.5258 20.0294 3.54128 -0.229495 -0.97325 0.00966957
24.6242 20.2337 3.36631 -0.194735 -0.9807 0.00469059
24.59 20.2405 2.25087 -0.196774 -0.980433 -0.00499211
24.6088 20.2451 1.14031 -0.183644 -0.982643 -0.0262012
24.6054 20.258 0.132282 -0.169309 -0.985364 -0.0165393
24.5199 20.2808 -0.854319 -0.169576 -0.985511 -0.000664425
24.45 20.3043 -2.08461 -0.165338 -0.986206 -0.00667449
24.4183 20.3129 -3.31493 -0.162184 -0.986566 -0.0118626
24.4132 20.3171 -3.57699 -0.158254 -0.987234 -0.0146494
23.5227 20.4453 -3.57153 -0.143868 -0.989467 -0.000124038
23.5288 20.4508 -2.34398 -0.13022 -0.991365 -0.00906732
23.5874 20.4269 -1.21799 -0.12495 -0.991985 -0.0184115
23.6494 20.4069 -0.0155892 -0.136808 -0.990457 -0.00819703
23.6871 20.387 1.13525 -0.146972 -0.989051 -0.0133211
23.6819 20.3899 2.36437 -0.131884 -0.991256 0.0027756
23.6816 20.3936 3.35318 -0.133272 -0.990935 -0.0100973
23.6823 20.3909 3.49329 -0.14307 -0.989623 -0.0109517
22.7685 20.4866 3.38172 -0.0826262 -0.996573 -0.00203366
22.7626 20.4915 2.12296 -0.0961581 -0.995296 0.00183095
22.7612 20.4885 1.06911 -0.0982251 -0.995106 -0.00675299
22.712 20.5016 -0.0410246 -0.0793268 -0.996804 -0.00821585
22.6732 20.5177 -1.03934 -0.0870221 -0.996094 -0.0149066
22.6099 20.545 -2.10779 -0.0837752 -0.996409 -0.0098682
22.6046 20.5574 -3.10681 -0.0724409 -0.997198 0.00592693
22.6124 20.5499 -3.37053 -0.102651 -0.994174 0.0260064
21.6738 20.6017 -3.52352 -0.0425555 -0.99905 0.00210941
21.7013 20.6056 -2.33219 -0.0557999 -0.998426 -0.0053444
21.7285 20.5882 -1.28524 -0.0625384 -0.997872 -0.0184178
21.7873 20.5661 -0.125826 -0.0459267 -0.998817 -0.0126879
21.8194 20.5581 0.988345 -0.0656074 -0.997837 0.00392434
21.8349 20.5609 2.07995 -0.0540544 -0.99852 -0.00246022
21.8535 20.5572 3.10382 -0.0749821 -0.997179 -0.00348022
21.8506 20.5566 3.52528 -0.0725128 -0.997366 -0.000820774
20.9301 20.6054 3.37494 -0.0331165 -0.999434 0.00265157
20.9393 20.6013 2.2772 -0.0425271 -0.999067 0.00412609
20.8784 20.6062 1.14983 -0.0399472 -0.999167 -0.00387786
20.8498 20.6037 -0.025026 -0.0206616 -0.999749 -0.000756065
20.7711 20.62 -1.27617 -0.0228311 -0.999662 -0.0124116
20.7559 20.6335 -2.437 0.00204809 -0.999873 -0.0152602
20.7483 20.6386 -3.20798 0.00531985 -0.999984 0.000179156
19.838 20.6343 -3.46736 0.0274613 -0.999477 -0.01701
19.8149 20.6234 -2.19835 0.014101 -0.999895 -0.00330681
19.8256 20.6204 -1.1796 0.00301938 -0.999972 -0.00683252
19.8895 20.6209 -0.0702556 0.0105782 -0.999918 0.00117356
19.9176 20.6269 0.967897 -0.0158766 -0.999865 0.00429591
19.9847 20.6262 1.9642 -0.0239554 -0.999707 -0.0029316
19.9666 20.6239 3.05181 -0.0150707 -0.999853 0.00405077
19.99 20.6275 3.35772 -0.014413 -0.999772 0.0156705
19.0282 20.6107 3.5061 0.0379682 -0.999272 0.00355053
19.022 20.6083 2.50412 0.0256029 -0.999514 -0.00724597
18.9708 20.615 1.35438 0.0437328 -0.999015 0.00755567
18.9654 20.6053 0.342827 0.0381361 -0.999192 0.0125958
18.923 20.5954 -0.885828 0.0295928 -0.999548 0.000623676
18.8786 20.5967 -1.89368 0.0372438 -0.999305 -0.000901017
18.9159 20.6037 -3.31883 0.0482592 -0.998791 -0.0087292
18.9156 20.6045 -3.46176 0.0402273 -0.999178 -0.00463295
17.9989 20.5569 -3.23127 0.0756117 -0.997083 -0.00866255
17.963 20.5534 -2.12098 0.0933713 -0.995623 0.00061368
17.9981 20.5569 -1.06754 0.079183 -0.99683 -0.00730931
18.0387 20.5601 -0.0227781 0.0550465 -0.998472 0.0044444
18.0081 20.5642 1.03472 0.0579593 -0.998319 -0.000807944
18.0788 20.5651 2.02225 0.0603879 -0.998162 -0.00508887
18.1043 20.5614 3.14922 0.0688992 -0.997606 0.00569649
18.0828 20.562 3.52068 0.0630703 -0.997974 0.00667983
17.1749 20.4931 3.50178 0.0816053 -0.996659 -0.00305999
17.1289 20.495 2.25494 0.0987535 -0.99496 -0.0128795
17.0724 20.4842 1.19591 0.108549 -0.994076 -0.00488203
17.0978 20.4906 0.124197 0.0792563 -0.996783 0.011921
17.0792 20.4809 -1.03524 0.08759 -0.996154 -0.00213248
17.0177 20.4642 -2.0508 0.100623 -0.994819 0.014439
17.086 20.4698 -3.17969 0.110607 -0.993833 -0.00435247
17.087 20.4699 -3.1938 0.107326 -0.994216 -0.0030724
16.2059 20.3595 -3.48792 0.159358 -0.987189 -0.00785711
16.0984 20.3435 -2.49138 0.127421 -0.99183 0.00603967
16.1171 20.3563 -1.40592 0.15297 -0.988166 0.00845006
16.1766 20.372 -0.283111 0.151999 -0.988357 0.000900251
16.1256 20.3644 0.735873 0.158233 -0.987375 -0.00655133
16.1702 20.369 1.82408 0.152367 -0.988309 0.00319221
16.2405 20.384 3.04714 0.149524 -0.988756 0.00188686
16.2694 20.3867 3.44163 0.140501 -0.990061 -0.00076505
15.3415 20.2428 3.45379 0.193092 -0.981132 0.00978471
15.2489 20.2176 2.41165 0.179597 -0.9837 0.00732635
15.1593 20.1995 1.1901 0.181476 -0.983394 0.000632531
15.1861 20.2047 0.190549 0.183444 -0.983018 0.00492048
15.2739 20.2178 -0.910217 0.182416 -0.983221 0.000280942
15.1314 20.1945 -1.90984 0.176741 -0.984063 0.0158602
15.2041 20.1984 -2.94161 0.173323 -0.984863 0.00176907
15.3019 20.2118 -3.35492 0.16099 -0.986936 -0.000189866
14.3829 20.0429 -3.56304 0.183963 -0.982907 0.00716237
14.2779 20.0271 -2.51376 0.202221 -0.979314 -0.0054122
14.1894 20.0066 -1.47852 0.204136 -0.978942 -0.000867751
14.345 20.0393 -0.469395 0.1969 -0.980394 0.00761836
14.2172 20.0212 0.675814 0.204615 -0.978813 0.00454932
14.2601 20.0287 1.72984 0.196412 -0.980511 -0.00119288
14.2535 20.0307 3.0696 0.192313 -0.981326 -0.00146043
14.4041 20.06 3.5401 0.190848 -0.981609 0.00350958
13.3375 19.8377 3.26582 0.212927 -0.977065 -0.00242455
13.3291 19.8347 2.2679 0.211113 -0.977458 0.00276916
13.3375 19.8328 1.06282 0.2133 -0.976981 0.00257796
13.3375 19.828 0.0476956 0.209166 -0.977856 0.00643116
13.3375 19.8238 -1.09608 0.210124 -0.977672 0.00236735
13.3375 19.8228 -2.22099 0.21777 -0.975998 0.00207276
13.3375 19.8233 -3.21016 0.217428 -0.976073 0.000302171
13.3375 19.822 -3.63123 0.214517 -0.976712 0.0035887
12.3372 19.6046 -3.37825 0.204037 -0.978961 -0.00151565
12.4634 19.63 -2.22984 0.204725 -0.978809 0.00274117
12.3194 19.6051 -0.934775 0.210941 -0.977485 0.00508641
12.4518 19.6384 0.0826175 0.20969 -0.977763 0.00262216
12.2157 19.5936 1.28028 0.203735 -0.979026 -0.00044198
12.2063 19.5961 2.42189 0.200544 -0.979685 -0.000489993
12.1233 19.575 3.52475 0.211104 -0.977441 -0.00660538
11.2445 19.3974 3.46625 0.19567 -0.980622 -0.00925639
11.209 19.3948 2.47193 0.191784 -0.981432 0.00260722
11.285 19.4064 1.34742 0.19182 -0.981425 -0.00244233
11.5039 19.4428 0.146023 0.193882 -0.981007 0.00557682
11.4566 19.431 -1.0071 0.193363 -0.981125 0.0021093
11.4944 19.4349 -2.06741 0.195043 -0.980788 0.00362852
11.4482 19.425 -3.22214 0.181978 -0.983294 -0.000660629
11.4563 19.4255 -3.59109 0.18153 -0.983381 -0.000285736
10.4929 19.2514 -3.44789 0.170371 -0.985325 0.0103287
10.5308 19.2614 -2.39177 0.171348 -0.985184 -0.00429475
10.5666 19.2594 -1.29783 0.173655 -0.984711 -0.00355481
10.5758 19.2683 -0.136708 0.173369 -0.984793 0.00857677
10.4228 19.2501 0.868738 0.174396 -0.98466 0.00547772
10.312 19.2302 1.89972 0.167273 -0.985902 -0.0033961
10.3238 19.2299 3.06974 0.161105 -0.986896 -0.00198781
10.3986 19.2405 3.45091 0.171488 -0.985106 -0.0103205
9.48441 19.0977 3.33233 0.141654 -0.989868 -0.00977638
9.41311 19.0931 2.35147 0.140555 -0.990072 0.00132848
9.42145 19.0922 1.21388 0.142123 -0.989847 0.00116162
9.58748 19.1085 0.151458 0.1594 -0.987206 0.00247185
9.64514 19.1144 -0.838256 0.147889 -0.988998 -0.00300695
9.60351 19.1134 -2.15577 0.145343 -0.989358 -0.00162088
9.5343 19.094 -3.4904 0.151357 -0.98846 0.00601807
8.56426 18.9581 -3.55312 0.127118 -0.991848 0.00300234
8.66182 18.9832 -2.37284 0.123434 -0.992255 0.0138245
8.73164 18.9942 -1.27294 0.123266 -0.992373 -0.00148345
8.67759 18.9873 -0.0940441 0.123437 -0.992352 0.00112133
8.53912 18.9717 1.05412 0.131957 -0.991247 0.00388907
8.51561 18.9699 2.22306 0.129032 -0.991637 0.00144244
8.57022 18.9733 3.2004 0.126221 -0.991931 -0.0103753
7.69577 18.8677 3.49599 0.0945028 -0.995489 -0.00646788
7.62418 18.8683 2.32959 0.102174 -0.994728 -0.00862506
7.62105 18.8714 1.02999 0.104388 -0.994523 -0.00409128
7.74524 18.882 0.0453545 0.0975652 -0.995229 -0.000466812
7.81076 18.8888 -0.993675 0.0979574 -0.995166 0.00450058
7.7687 18.8809 -2.00201 0.110537 -0.993849 0.00573068
7.65405 18.8606 -3.0087 0.0930011 -0.995619 0.00783017
7.62362 18.8562 -3.4517 0.0892778 -0.995994 0.00494984
6.66463 18.7754 -3.48705 0.0706197 -0.997493 0.00365854
6.78717 18.7878 -2.40185 0.0730498 -0.997275 0.00841409
6.87692 18.7992 -1.24198 0.0853276 -0.996337 0.00561361
6.84896 18.7991 -0.139588 0.0872794 -0.996173 0.00468599
6.73731 18.7921 0.92314 0.0880358 -0.996114 -0.00213636
6.71393 18.786 2.11364 0.0828032 -0.996561 -0.00320444
6.79841 18.7843 3.37281 0.0823399 -0.996562 -0.00913633
5.88771 18.713 3.35734 0.0647654 -0.997888 -0.00481094
5.81412 18.7158 2.28998 0.0723087 -0.997354 -0.00752705
5.84318 18.7253 1.18756 0.0692144 -0.99759 -0.00493237
5.8985 18.7276 0.0533637 0.0686338 -0.997639 0.00249368
5.93644 18.7294 -1.10853 0.0640851 -0.997936 -0.000806101
5.86751 18.7273 -2.23284 0.0623504 -0.998053 0.000420145
5.75581 18.7195 -3.23697 0.0559879 -0.998421 0.00446023
5.7383 18.7176 -3.44774 0.0553443 -0.998467 0.00128134
4.79763 18.6696 -3.48542 0.0457125 -0.998952 0.00210621
4.91932 18.6762 -2.36816 0.0513119 -0.998678 -0.00300238
5.00013 18.6745 -1.15428 0.0481227 -0.998828 -0.00334918
4.95542 18.6732 -0.149677 0.0499863 -0.99875 0.000879426
4.94528 18.6678 0.882188 0.0486224 -0.998807 -0.00447336
4.92935 18.658 2.2012 0.0548562 -0.998478 -0.00566193
4.95042 18.6559 3.23723 0.0565077 -0.9984 -0.00192927
4.96008 18.6561 3.46499 0.055459 -0.99846 -0.00162395
4.01933 18.6094 3.44666 0.0374066 -0.999285 -0.00122142
4.01214 18.6134 2.35534 0.0393619 -0.999218 -0.00369012
4.01012 18.6246 0.974336 0.0433851 -0.998992 -0.0109043
4.00628 18.6304 -0.0464759 0.0428449 -0.999081 -0.00140416
4.04318 18.632 -1.43337 0.0419237 -0.999117 -0.000708121
3.96232 18.6346 -2.60898 0.0378479 -0.999278 -0.00306893
3.89786 18.6337 -3.32283 0.0372591 -0.999303 -0.0020683
2.94973 18.6054 -3.37915 0.026908 -0.99963 -0.00398808
3.10342 18.6044 -2.09943 0.024169 -0.999699 -0.00421618
3.1171 18.6013 -1.04948 0.0239011 -0.999707 -0.00346708
3.0661 18.5969 0.104901 0.0284877 -0.999591 -0.000624653
3.06209 18.5849 1.20021 0.0350498 -0.999333 -0.0102473
3.09136 18.5808 2.37168 0.0289437 -0.999581 -0.000468804
3.10461 18.5806 3.30937 0.0302327 -0.999543 -0.000440399
2.1874 18.5568 3.22619 0.0171115 -0.999843 -0.00454272
2.15601 18.5552 1.8858 0.0204932 -0.999764 0.0072165
2.13438 18.5665 0.801329 0.0158362 -0.999813 -0.0108226
2.15227 18.5765 -0.344471 0.0163505 -0.999857 -0.00417185
2.16853 18.582 -1.73809 0.018349 -0.999828 -0.00219831
2.06213 18.5855 -3.09189 0.0156315 -0.999857 -0.00571888
1.99342 18.5878 -3.60177 0.0149878 -0.999876 -0.00439822
1.07267 18.5757 -3.47483 0.0086864 -0.999947 -0.0053496
1.21918 18.5686 -2.2028 0.00953342 -0.999944 -0.00383046
1.24088 18.5668 -1.13717 0.0137875 -0.9999 -0.00315792
1.22271 18.5615 -0.0175282 0.0137802 -0.999885 -0.00638697
1.21684 18.5522 1.01604 0.00818551 -0.999916 -0.0100544
1.243 18.5457 2.37227 0.0110165 -0.999937 -0.00188329
1.28135 18.5429 3.43039 0.0125391 -0.999919 -0.0023943
1.27951 18.5425 3.59628 0.0124836 -0.999916 -0.00336827
0.358591 18.5361 3.6183 0.00495752 -0.999984 -0.00287079
0.307853 18.5406 2.52442 -0.002211 -0.999989 -0.00418564
0.274975 18.5466 1.24495 -0.00636394 -0.999966 -0.00502727
0.302295 18.5574 -0.0977088 -0.00196129 -0.999922 -0.012252
0.273062 18.5609 -1.16963 0.00243425 -0.999994 -0.00057709
0.257093 18.5635 -2.32573 0.00430559 -0.999983 -0.00390891
0.141676 18.5681 -3.3199 0.00212438 -0.99998 -0.00589281
-0.80049 18.5725 -3.65088 -0.00887047 -0.999941 -0.0062887
-0.686544 18.5693 -2.50149 -0.0117764 -0.999928 0.00184941
-0.649474 18.5677 -1.42672 -0.0114397 -0.999914 -0.00638489
-0.625336 18.5622 -0.433574 -0.00620266 -0.999974 -0.003478
-0.632093 18.5578 0.599408 -0.010053 -0.999936 -0.004912
-0.613422 18.5513 1.89484 -0.0131344 -0.999896 -0.0058413
-0.605064 18.5411 2.95298 -0.00941005 -0.999905 -0.0084853
-0.586182 18.5369 3.61806 -0.00418565 -0.999974 -0.00585343
-1.51536 18.5525 3.29943 -0.0165174 -0.999816 -0.00971259
-1.54297 18.564 2.07349 -0.0190005 -0.999794 -0.00704634
-1.55877 18.5701 0.791876 -0.01703 -0.999842 -0.00450876
-1.57009 18.5783 -0.487767 -0.020745 -0.99975 -0.00741222
-1.58077 18.5831 -1.50645 -0.0182265 -0.999828 -0.00334483
-1.65187 18.5854 -2.66734 -0.0190876 -0.999816 0.00173113
-1.74041 18.5865 -3.57101 -0.0225081 -0.999746 0.000242408
-2.65276 18.6063 -3.30095 -0.0211625 -0.999771 0.00277221
-2.55695 18.6061 -2.09499 -0.025137 -0.999684 -0.000854778
-2.49675 18.6036 -1.09322 -0.0261359 -0.999655 -0.00196772
-2.48151 18.596 0.203609 -0.0258522 -0.99965 -0.00555869
-2.48847 18.5909 1.23162 -0.0274497 -0.999611 -0.00499048
-2.47529 18.5818 2.34343 -0.0266587 -0.999601 -0.00929869
-2.42543 18.5699 3.41731 -0.0250803 -0.999622 -0.0112988
-2.41767 18.568 3.56661 -0.0256059 -0.999602 -0.011802
-3.35497 18.5953 3.26178 -0.026806 -0.999572 -0.0116887
-3.38197 18.6075 2.19831 -0.0276896 -0.999573 -0.009385
-3.40658 18.6178 1.00143 -0.0285032 -0.999578 -0.00563619
-3.40293 18.6236 -0.180117 -0.0282506 -0.999591 -0.00438721
-3.43384 18.629 -1.41341 -0.028389 -0.999592 -0.00302026
-3.47225 18.6308 -2.00099 -0.02806 -0.999604 0.00112905
-4.61417 18.6524 0.593986 -0.0254015 -0.99966 -0.00586159
-4.58929 18.643 1.76379 -0.0238027 -0.999643 -0.012067
-4.60063 18.6322 2.90699 -0.021449 -0.999727 -0.00926721
-4.68423 18.6188 4.03581 -0.0219106 -0.999665 -0.013783
-3.87615 18.5922 4.6023 -0.0243241 -0.999626 -0.0125022
-2.34048 18.5559 4.61797 -0.022657 -0.999692 -0.0101048
-1.27844 18.5374 4.68143 -0.0139686 -0.99987 -0.00798757
-0.144051 18.5309 4.71297 0.00272234 -0.999967 -0.00763916
1.20978 18.5396 4.68097 0.0100105 -0.999949 -0.000654406
2.47887 18.5581 4.63992 0.0222934 -0.999735 -0.00363345
3.78236 18.5973 4.60616 0.0347801 -0.999356 -0.008627
5.06321 18.6539 4.61319 0.0547426 -0.998382 -0.0153674
6.20644 18.7218 4.6172 0.0681753 -0.99763 -0.00827692
7.28643 18.8155 4.61373 0.0921608 -0.995672 -0.0114779
8.37505 18.9271 4.61198 0.108359 -0.993799 -0.0246554
9.58896 19.0931 4.61289 0.156236 -0.987372 -0.0255053
10.7434 19.2897 4.63839 0.183989 -0.982874 -0.00971544
11.9223 19.5222 4.65633 0.202566 -0.979113 -0.0174671
12.99 19.7578 4.64461 0.215276 -0.976548 -0.00262317
14.1941 20.0226 4.64526 0.204642 -0.978784 0.0101428
15.2633 20.2345 4.62254 0.178118 -0.983923 0.0127513
16.445 20.419 4.61549 0.130719 -0.991263 0.00525161
17.5021 20.5349 4.64783 0.08866 -0.995874 0.016992
18.6429 20.6076 4.62944 0.0527729 -0.998455 0.0152702
19.8099 20.6345 4.61765 0.0165597 -0.999843 0.00540316
21.2114 20.5935 4.63645 -0.0476652 -0.99886 -0.00118008
22.3763 20.5152 4.61777 -0.0882298 -0.996078 -0.00664668
23.5394 20.4044 4.67246 -0.104051 -0.994567 0.00320974
24.7536 20.2266 4.68067 -0.189593 -0.981758 0.00669004
25.8352 19.9762 4.66553 -0.260294 -0.964572 0.0418653
27.0839 19.5553 4.60548 -0.330665 -0.942686 0.0287177
28.0413 19.0939 4.65077 -0.507931 -0.858277 0.0727283
28.9645 18.4684 4.69017 -0.646076 -0.76146 0.0278213
29.6844 17.5883 4.70421 -0.852451 -0.513969 0.0578438
30.1339 16.6045 4.64239 -0.946456 -0.320359 -0.0338774
30.3131 16.0678 3.84579 -0.97552 -0.219198 -0.00922987
30.3068 16.057 2.457 -0.966684 -0.255307 0.00128597
30.2987 15.9787 1.23752 -0.967612 -0.249547 0.03812
30.2846 15.9587 0.170733 -0.970154 -0.242168 0.0124776
30.2776 15.9724 -0.950306 -0.973015 -0.221393 0.0586804
30.2723 15.9879 -2.19952 -0.972203 -0.233846 -0.011221
30.2201 16.0172 -3.30776 -0.959651 -0.276976 0.0463923
30.1775 16.1103 -4.48813 -0.960169 -0.278987 -0.014885
29.8358 17.1556 -4.70801 -0.912507 -0.400603 -0.0432188
29.3143 18.1033 -4.74785 -0.751091 -0.654466 -0.0582932
28.1845 19.0733 -4.7183 -0.525573 -0.846094 -0.0883978
27.074 19.6471 -4.68632 -0.388774 -0.918975 -0.065638
25.7274 20.0714 -4.70434 -0.252362 -0.965489 -0.0642991
24.3441 20.3427 -4.74173 -0.161144 -0.986931 -0.000899514
23.279 20.4845 -4.69567 -0.103663 -0.994588 -0.00650825
21.9947 20.5908 -4.69166 -0.0591588 -0.998218 -0.00564803
20.808 20.6408 -4.63757 -0.0195501 -0.999606 -0.01998
19.6334 20.635 -4.63332 0.0220001 -0.999719 0.00162774
18.5551 20.5938 -4.6594 0.0474268 -0.998862 -0.00429967
17.4573 20.5154 -4.66223 0.104065 -0.994552 -0.00425749
16.4056 20.3843 -4.65049 0.133942 -0.99085 0.0164218
15.1125 20.175 -4.67032 0.179134 -0.983803 0.0037681
13.7602 19.9077 -4.72649 0.204115 -0.978941 0.00270871
12.3429 19.6053 -4.70747 0.208876 -0.977936 0.0032881
11.036 19.3439 -4.65667 0.190389 -0.981707 0.00199097
9.8548 19.1361 -4.63568 0.153022 -0.988193 0.00419226
8.78063 18.9795 -4.67243 0.130093 -0.991488 0.00415381
7.32274 18.8208 -4.70912 0.0929161 -0.995654 0.00601495
6.23682 18.7444 -4.70828 0.0577966 -0.998322 0.00348667
4.98435 18.6792 -4.70718 0.0416132 -0.999129 0.000709861
3.78476 18.6341 -4.6504 0.0318308 -0.999482 -0.00386902
2.71548 18.6066 -4.67171 0.0206824 -0.999779 -0.00377781
1.45198 18.5839 -4.71051 0.0125756 -0.999916 -0.00292043
0.226434 18.5724 -4.7469 0.0036105 -0.999988 0.000194415
-0.928975 18.575 -4.7445 -0.00773452 -0.999955 0.00535198
-2.00183 18.5874 -4.7393 -0.0167499 -0.999826 0.0081714
-3.10444 18.6087 -4.74633 -0.0234941 -0.999687 0.00855687
-4.29241 18.6384 -4.55787 -0.0232249 -0.999691 0.00883461
-4.48082 18.6505 -3.56715 -0.0241391 -0.999679 0.00761624
-4.52679 18.6573 -2.39258 -0.0232206 -0.999729 0.00187219
-4.54542 18.6573 -1.06581 -0.0218247 -0.99976 -0.00163094
-4.5747 18.6542 0.0412913 -0.0259227 -0.99965 -0.00531478
-4.57657 18.6535 0.179987 -0.0260352 -0.999647 -0.00529327
-5.63942 18.6781 -0.00708142 -0.0155836 -0.999869 -0.0033887
-5.67531 18.672 1.08162 -0.0189312 -0.999795 -0.00724284
-5.66575 18.6615 2.28117 -0.0204554 -0.999739 -0.0101066
-5.74434 18.6489 3.46035 -0.0185064 -0.999735 -0.0136979
-5.80557 18.6334 4.58318 -0.0168341 -0.999738 -0.01551
-5.56649 18.6147 5.66889 -0.0129481 -0.999864 -0.0102149
-4.32434 18.5909 5.67661 -0.0236182 -0.999678 -0.00926154
-3.06717 18.5592 5.66013 -0.0238538 -0.999608 -0.0146166
-1.79603 18.5332 5.70247 -0.0156138 -0.999803 -0.0119867
-0.696451 18.5211 5.79262 -0.000291811 -0.999931 -0.0116979
0.377122 18.5255 5.76737 0.00682387 -0.999947 -0.00766547
1.67423 18.5396 5.71661 0.0132669 -0.999894 -0.00566366
2.84321 18.5617 5.68895 0.0224126 -0.999727 -0.00652637
3.97356 18.5942 5.69891 0.0324192 -0.999442 -0.00808948
5.22436 18.6496 5.71065 0.053431 -0.998494 -0.011837
6.40812 18.7258 5.70504 0.0739653 -0.9972 -0.0109721
7.61402 18.8267 5.71265 0.0935488 -0.995262 -0.0265095
8.78909 18.9456 5.6794 0.118443 -0.99237 -0.0297264
9.96498 19.1194 5.6756 0.153231 -0.987646 -0.032266
11.0113 19.3107 5.72595 0.207676 -0.977583 -0.0346521
12.1102 19.5461 5.73063 0.222322 -0.974951 -0.00600016
13.2775 19.8233 5.7309 0.236994 -0.971506 -0.00210548
14.493 20.0988 5.72501 0.214213 -0.97661 0.0186051
15.687 20.3288 5.67862 0.160079 -0.986674 0.0229468
16.9341 20.4946 5.71966 0.112827 -0.993488 0.0158364
18.2118 20.609 5.70648 0.0701922 -0.997258 0.0213628
19.6158 20.6564 5.71284 0.0083715 -0.999367 0.0339413
20.8118 20.632 5.67676 -0.0369602 -0.998671 0.0358279
22.0243 20.5553 5.69779 -0.0875468 -0.996017 0.0168639
23.3893 20.4252 5.7256 -0.101516 -0.994786 0.00975425
24.585 20.2564 5.78234 -0.144317 -0.989521 0.00402962
25.6636 20.0631 5.6944 -0.226159 -0.973173 0.0374724
26.7956 19.7281 5.68289 -0.308997 -0.950207 0.0402381
27.8912 19.2623 5.69765 -0.498 -0.865301 0.0553323
28.8432 18.6442 5.73621 -0.634685 -0.767792 0.0607717
29.7203 17.6568 5.76257 -0.837164 -0.53558 0.0888524
30.2195 16.3188 5.73223 -0.956403 -0.278948 0.0785263
30.4479 15.2173 5.62655 -0.986032 -0.163241 -0.00418903
30.5023 15.0207 4.37078 -0.987934 -0.153916 -0.0137218
30.5186 15.0172 2.9449 -0.989161 -0.146515 -0.00562139
30.5322 14.9635 1.70847 -0.994476 -0.104264 -0.00113279
30.512 14.9373 0.516489 -0.979302 -0.201219 0.0207973
30.485 14.9334 -0.831516 -0.982503 -0.184472 0.0255035
30.4703 14.941 -1.94145 -0.991201 -0.122887 0.042976
30.441 14.9715 -3.16376 -0.98998 -0.139329 0.0223243
30.4278 14.991 -4.27032 -0.990101 -0.139927 0.0106823
30.4333 15.0816 -5.53994 -0.984961 -0.17008 -0.0296654
30.2408 16.1394 -5.73061 -0.966526 -0.239867 -0.0727372
29.8388 17.2092 -5.76593 -0.89054 -0.450495 -0.0606771
29.2559 18.2264 -5.79546 -0.815106 -0.570693 -0.0975139
28.332 19.0953 -5.7765 -0.598767 -0.788531 -0.138291
27.3773 19.5985 -5.74781 -0.420482 -0.904652 -0.0612722
26.3546 19.9619 -5.71784 -0.263628 -0.963013 -0.0389128
25.1238 20.2275 -5.79284 -0.179013 -0.983607 -0.0217281
24.0328 20.4028 -5.79699 -0.134796 -0.99083 -0.00900712
22.7989 20.5413 -5.74033 -0.0848723 -0.996303 -0.013245
21.641 20.6242 -5.75139 -0.0495123 -0.998602 -0.018474
20.5775 20.661 -5.69414 -0.026425 -0.999555 -0.0128456
19.3606 20.6478 -5.69381 0.0309101 -0.999267 -0.0225167
18.177 20.586 -5.75065 0.073274 -0.99695 -0.0266816
17.0713 20.4809 -5.70456 0.123654 -0.992291 -0.00786319
16.0097 20.3292 -5.74734 0.158201 -0.987259 -0.0168183
14.823 20.1174 -5.72832 0.185229 -0.982686 0.0039146
13.4971 19.8495 -5.77904 0.207176 -0.978302 -0.000756225
12.1868 19.5685 -5.75521 0.205696 -0.978591 0.00550381
11.1381 19.3524 -5.72155 0.189134 -0.981864 0.0124648
9.75988 19.1149 -5.71827 0.146966 -0.989115 0.00729197
8.68716 18.968 -5.73352 0.123529 -0.992268 0.0120089
7.59689 18.84 -5.77482 0.10004 -0.99496 -0.00249113
6.51899 18.7554 -5.76121 0.0628659 -0.997986 0.0080905
5.33114 18.6927 -5.77458 0.0401988 -0.999191 0.00137461
4.10947 18.6472 -5.73368 0.035122 -0.999383 0.000316522
2.87011 18.6128 -5.74697 0.0241641 -0.999705 -8.02554e-05
1.8128 18.5903 -5.75304 0.0183907 -0.999828 0.000763377
0.508384 18.5735 -5.804 0.00890028 -0.999957 0.00231863
-0.577439 18.5667 -5.79156 -0.000133561 -0.999983 0.00519742
-1.65113 18.5732 -5.79281 -0.0104827 -0.999903 0.00910215
-2.76041 18.5896 -5.8195 -0.0197503 -0.999749 0.0105419
-3.91434 18.6178 -5.79231 -0.0255704 -0.999635 0.00860088
-5.23727 18.6498 -5.66041 -0.0212405 -0.999746 0.00751047
-5.63859 18.6651 -4.69674 -0.0181418 -0.999807 0.00752251
-5.55949 18.6734 -3.52953 -0.0195663 -0.99977 0.00876717
-5.6062 18.6793 -2.32955 -0.0155453 -0.999879 0.000368504
-5.59678 18.6781 -0.999307 -0.0156822 -0.999876 -0.00131603
-5.62828 18.6782 -0.414245 -0.0144167 -0.999896 -0.000634923
-6.66474 18.6917 -0.38852 -0.0116003 -0.999925 -0.00329363
-6.7271 18.6896 0.675484 -0.00640123 -0.999962 -0.00599176
-6.75421 18.6794 2.0198 -0.00996338 -0.999907 -0.00924344
-6.79993 18.667 3.38311 -0.0146512 -0.99983 -0.0107819
-6.90232 18.6497 4.53603 -0.00812999 -0.999802 -0.0181313
-7.0005 18.6298 5.75001 -0.00972448 -0.999823 -0.0161232
-6.73444 18.6079 6.72023 -0.00295352 -0.999721 -0.0232583
-5.56056 18.6032 6.79823 0.000792825 -0.999917 -0.012314
-4.41126 18.5874 6.77858 -0.0361515 -0.999301 0.00463755
-3.23112 18.546 6.77361 -0.0280975 -0.999421 -0.0191675
-2.1121 18.5184 6.7852 -0.0206389 -0.999537 -0.0223668
-0.909454 18.5064 6.81408 0.00529357 -0.999751 -0.02048
0.397206 18.5133 6.80974 0.00625072 -0.999899 -0.0127783
1.49137 18.5299 6.78305 0.0225027 -0.999728 -0.00488984
2.58341 18.5502 6.7781 0.0146795 -0.999883 -0.00394329
3.67054 18.573 6.76588 0.0310824 -0.999432 -0.0122269
4.81198 18.6163 6.78705 0.0444176 -0.998844 -0.0182881
5.93254 18.6789 6.79434 0.0639916 -0.997808 -0.0168577
7.12545 18.7632 6.76544 0.0748347 -0.997027 -0.0180198
8.45967 18.8662 6.78569 0.0679042 -0.996968 -0.0357105
9.76713 19.0094 6.74714 0.179753 -0.978777 -0.0910626
10.9083 19.2429 6.79142 0.208665 -0.976567 -0.0526672
12.0904 19.5257 6.78473 0.238471 -0.971 -0.0170265
13.1832 19.7992 6.79411 0.24069 -0.970601 -0.0011414
14.5939 20.1605 6.81554 0.20346 -0.977846 0.0478714
15.7963 20.3745 6.75611 0.155618 -0.986972 0.0361449
16.9851 20.5368 6.79557 0.123386 -0.9914 0.0427789
18.0573 20.6409 6.78879 0.0751229 -0.996233 0.040892
19.2637 20.6952 6.79644 0.00708358 -0.999102 0.0415692
20.5947 20.685 6.74698 -0.0149457 -0.998904 0.0433787
21.8287 20.593 6.78904 -0.0921229 -0.995547 0.0197072
22.9548 20.4829 6.7671 -0.110904 -0.993632 0.0181135
24.4313 20.2888 6.83064 -0.13866 -0.990191 0.0171079
25.5888 20.0936 6.79585 -0.173629 -0.984493 0.0244492
26.798 19.7762 6.77383 -0.265009 -0.961931 0.0656846
27.9583 19.3204 6.76304 -0.44685 -0.867134 0.219138
29.0368 18.623 6.78793 -0.651681 -0.746377 0.134968
29.7091 17.7559 6.8001 -0.856265 -0.507135 0.0815157
30.1585 16.7866 6.79523 -0.942036 -0.319069 0.0723873
30.4131 15.4288 6.80212 -0.990485 -0.13682 0.0145564
30.5802 14.1357 6.74519 -0.993 -0.11785 0.00392712
30.6094 13.9396 5.6964 -0.993959 -0.106368 -0.0257804
30.6389 13.9595 4.41689 -0.991955 -0.124737 -0.0215753
30.6524 13.9603 3.2651 -0.992969 -0.117759 -0.00749256
30.6289 13.9299 2.14612 -0.997308 -0.0687378 0.0213217
30.6448 13.9147 0.918389 -0.991813 -0.127567 -0.0055625
30.6202 13.8935 -0.386142 -0.995943 -0.0878901 0.019225
30.5845 13.8924 -1.70945 -0.995195 -0.0949201 0.0220101
30.5716 13.9174 -2.76859 -0.993684 -0.11196 -0.00610994
30.567 13.9315 -4.06509 -0.992105 -0.124226 0.0170134
30.5919 13.8994 -5.15078 -0.992874 -0.117129 -0.0205524
30.6353 13.9811 -6.44842 -0.994305 -0.0976037 -0.0427898
30.5061 15.0179 -6.84861 -0.987687 -0.144809 -0.0574966
30.2658 16.4045 -6.77162 -0.943186 -0.281852 -0.154187
29.8598 17.4723 -6.7995 -0.896157 -0.386673 -0.208303
29.2974 18.3583 -6.86577 -0.748383 -0.645806 -0.151086
28.4651 19.2122 -6.82415 -0.609916 -0.746154 -0.261253
27.2828 19.7639 -6.82399 -0.346488 -0.924584 -0.154061
25.9866 20.1102 -6.79332 -0.188411 -0.980715 -0.0515094
24.6612 20.3365 -6.85288 -0.14671 -0.98876 -0.0287882
23.5433 20.4845 -6.80988 -0.120232 -0.992505 -0.0218522
22.478 20.6017 -6.81743 -0.105008 -0.993959 -0.0318732
21.4009 20.6647 -6.81703 -0.0335743 -0.998904 -0.0325922
20.0555 20.6887 -6.81756 0.00503056 -0.999706 -0.023688
18.9757 20.6691 -6.78421 0.03256 -0.998726 -0.0381955
17.9096 20.595 -6.83425 0.0919635 -0.995102 -0.0353895
16.7441 20.4702 -6.76488 0.125445 -0.991424 -0.0317738
15.6567 20.2924 -6.82847 0.171704 -0.984475 -0.0363427
14.6024 20.0944 -6.81595 0.206916 -0.97791 -0.0289617
13.5415 19.8667 -6.84109 0.210718 -0.97748 -0.0101915
12.3159 19.5859 -6.80692 0.224164 -0.974443 0.0145142
11.1233 19.328 -6.78611 0.21142 -0.977176 0.0206882
10.0459 19.1233 -6.78492 0.168905 -0.983993 0.0561789
8.8219 18.9711 -6.79808 0.120815 -0.992583 0.0135371
7.63393 18.8391 -6.83727 0.0920733 -0.995713 0.00880259
6.51913 18.7469 -6.82668 0.0703118 -0.997386 0.0140276
5.19124 18.6804 -6.8444 0.0433286 -0.998979 0.0126986
4.09454 18.6451 -6.78502 0.0310239 -0.999517 0.0016256
2.78856 18.6087 -6.81661 0.0264704 -0.999646 0.00275442
1.70662 18.5867 -6.81585 0.0166905 -0.999853 0.00394621
0.575762 18.5711 -6.83664 0.010559 -0.999937 0.00369785
-0.521174 18.5593 -6.81579 0.0123561 -0.999873 0.00878647
-1.81204 18.5592 -6.85262 -0.00533911 -0.999796 0.0194785
-3.1078 18.5852 -6.84986 -0.037324 -0.999196 0.0112457
-4.3538 18.6229 -6.83614 -0.0274607 -0.999607 0.00560449
-5.5274 18.6508 -6.79457 -0.0180836 -0.999832 -0.00167072
-6.69304 18.6604 -6.7349 -0.00214131 -0.999991 0.00206291
-6.86426 18.6702 -5.61702 -0.00382951 -0.999906 0.0131654
-6.62412 18.6888 -4.06338 -0.0146188 -0.999828 0.0112133
-6.66883 18.6959 -2.90297 -0.0168835 -0.999854 0.00255346
-6.65463 18.6958 -1.58426 -0.0157253 -0.999875 -0.00150603
-6.67048 18.6928 -0.569935 -0.0127521 -0.999908 -0.00437682
