-21.8623 15.8903 -1.14561 0.34672 -0.937929 0.00860075
-21.9692 15.8583 -0.023017 0.351659 -0.936106 0.00638829
-21.9722 15.8657 1.01617 0.351749 -0.936059 0.00810919
-21.9932 15.8667 2.18462 0.352003 -0.935975 0.0066026
-21.987 15.8695 2.26135 0.351185 -0.93627 0.00801534
-22.6269 15.635 3.3466 0.360883 -0.932604 0.00342358
-22.8017 15.5606 2.29452 0.35606 -0.934439 0.00625532
-22.7771 15.5618 1.10804 0.355408 -0.934665 0.0093424
-22.7697 15.5574 0.0161658 0.353147 -0.935541 0.00683714
-22.682 15.5834 -0.992961 0.356719 -0.934183 0.0067828
-22.5175 15.6334 -2.08894 0.35152 -0.936127 0.0100406
-22.4459 15.6469 -3.33126 0.350606 -0.936477 0.0092548
-22.4446 15.6458 -3.50372 0.350192 -0.936635 0.00896714
-23.2245 15.3535 -3.46781 0.355445 -0.934656 0.00876148
-23.277 15.3436 -2.38238 0.356384 -0.934297 0.00880571
-23.4373 15.2929 -1.24577 0.358001 -0.933691 0.00757206
-23.5682 15.251 -0.0689518 0.359544 -0.933103 0.00686369
-23.5753 15.2553 1.22012 0.363588 -0.931552 0.0038417
-23.5796 15.2594 2.43018 0.363424 -0.93161 0.00511616
-23.4113 15.33 3.5504 0.366169 -0.930545 0.00264901
-24.2457 15.0012 3.45282 0.366854 -0.930276 0.00196471
-24.4329 14.9249 2.41662 0.366268 -0.930504 0.00303582
-24.3634 14.9478 1.31594 0.3646 -0.931154 0.00428359
-24.3311 14.9549 0.21969 0.36491 -0.931029 0.00513628
-24.3402 14.9456 -0.805153 0.363959 -0.931398 0.00567307
-24.1388 15.0169 -1.82075 0.362082 -0.932119 0.00713801
-24.0552 15.0411 -2.86838 0.359691 -0.933046 0.00682515
-24.032 15.0446 -3.54744 0.357524 -0.933874 0.00743921
-24.8983 14.7108 -3.62805 0.359841 -0.932995 0.00591851
-24.9209 14.7092 -2.45329 0.361282 -0.932441 0.00539225
-25.0103 14.6802 -1.48728 0.362768 -0.931863 0.00555214
-25.2184 14.6047 -0.405916 0.36372 -0.931499 0.00405425
-25.0679 14.6676 0.571979 0.36547 -0.930813 0.00420326
-25.226 14.61 1.76412 0.366861 -0.930271 0.00306036
-25.1057 14.6608 2.96602 0.367844 -0.929885 0.00203208
-25.0213 14.6955 3.57785 0.367925 -0.929854 0.00144727
-25.834 14.3736 3.3964 0.36743 -0.93005 0.00168062
-26.076 14.2766 2.48878 0.366773 -0.930309 0.00152718
-25.9318 14.3314 1.43309 0.366352 -0.930475 0.00162805
-25.8159 14.374 0.416665 0.364974 -0.931014 0.00262558
-25.9995 14.2987 -0.628801 0.363522 -0.931582 0.00274452
-25.8669 14.3468 -1.58894 0.362098 -0.932131 0.00407506
-25.9368 14.3142 -2.77416 0.361157 -0.932493 0.00467948
-25.8185 14.3554 -3.64074 0.360406 -0.93278 0.00532007
-26.9168 13.9326 -3.62862 0.358742 -0.93343 0.00343604
-26.9168 13.9357 -2.66471 0.360267 -0.932842 0.00350918
-26.9168 13.9397 -1.48042 0.360852 -0.93262 0.00230458
-26.9168 13.9415 -0.385283 0.362764 -0.931879 0.00183321
-26.9168 13.9442 0.70503 0.364226 -0.931308 0.00182477
-26.9168 13.9453 1.78817 0.364404 -0.931241 0.000674706
-26.8995 13.9533 3.16312 0.365852 -0.930672 0.00134355
-26.9168 13.9466 3.19657 0.366193 -0.930538 0.00131998
-28.093 13.4852 3.38292 0.364365 -0.931256 -0.000291215
-27.8474 13.5815 2.27623 0.364363 -0.931257 0.000208924
-27.7588 13.6155 1.22363 0.364023 -0.93139 0.00083836
-27.9301 13.5477 -0.184131 0.362491 -0.931987 0.000442705
-27.7357 13.6224 -1.26679 0.361035 -0.932552 0.000885316
-27.8426 13.5798 -2.34648 0.359007 -0.933333 0.00199688
-27.7164 13.6257 -3.44651 0.358043 -0.933702 0.00238665
-27.69 13.6355 -3.56439 0.358034 -0.933705 0.00243976
-28.4794 13.3326 -3.61854 0.357371 -0.933962 0.00102176
-28.5752 13.2974 -2.52833 0.358965 -0.933351 0.000108907
-28.5084 13.3234 -1.42287 0.361117 -0.93252 0.000265588
-28.7245 13.2396 -0.292704 0.361266 -0.932463 1.36039e-05
-28.6167 13.281 0.861006 0.362105 -0.932137 -4.57067e-05
-28.6858 13.2541 1.84708 0.363381 -0.931641 -1.61626e-05
-28.8969 13.1711 3.07716 0.363765 -0.931491 -0.000553344
-28.9067 13.167 3.45138 0.363889 -0.931442 -0.000810149
-29.6542 12.8753 3.52898 0.363307 -0.931669 -0.000984657
-29.6331 12.8845 2.5497 0.363148 -0.931731 -0.000941627
-29.4848 12.9431 1.44191 0.362487 -0.931989 -0.000627477
-29.475 12.9478 0.478542 0.361603 -0.932331 -0.00115771
-29.4892 12.9433 -0.502817 0.360877 -0.932612 -0.00156938
-29.2838 13.0244 -1.78047 0.359867 -0.933003 -0.000724974
-29.3222 13.0102 -2.85086 0.358801 -0.933414 0.000150006
-29.2875 13.0237 -3.4208 0.357275 -0.933999 0.000151504
-30.0873 12.7172 -3.25033 0.357711 -0.933831 -0.00137561
-30.071 12.7215 -2.05741 0.359046 -0.933319 -0.00138542
-30.2254 12.6593 -0.873578 0.360326 -0.932824 -0.00213238
-30.2772 12.6371 0.2022 0.361646 -0.932314 -0.00156337
-30.3069 12.6237 1.23953 0.362267 -0.932073 -0.00153676
-30.4007 12.5855 2.27991 0.363415 -0.931627 -0.00118555
-30.4299 12.5731 3.27331 0.363291 -0.931675 -0.000835155
-30.4013 12.5839 3.60666 0.36324 -0.931695 -0.000953069
-31.1726 12.2831 3.3549 0.364235 -0.931307 -0.00108444
-31.1659 12.2875 2.16766 0.36369 -0.931518 -0.00199517
-31.0936 12.3183 0.90853 0.362202 -0.932097 -0.00212903
-31.0702 12.3302 -0.076251 0.361722 -0.932281 -0.00295979
-30.9751 12.3707 -1.22392 0.360783 -0.932645 -0.00301988
-30.879 12.4107 -2.25316 0.359584 -0.933109 -0.00261377
-30.8708 12.4167 -3.32211 0.358623 -0.933481 -0.00194145
-30.8721 12.4169 -3.58754 0.358048 -0.933699 -0.00275196
-31.6608 12.1135 -3.38 0.358263 -0.933613 -0.00377962
-31.6887 12.0991 -2.33371 0.360346 -0.932812 -0.00362092
-31.7411 12.0751 -1.46613 0.360679 -0.932681 -0.00402031
-32.738 11.7018 -3.88956 0.358606 -0.933477 -0.00466439
-32.7929 11.6732 -2.52217 0.360141 -0.932883 -0.0052699
-32.7367 11.6878 -1.1007 0.36158 -0.932329 -0.00470089
-32.7729 11.6656 0.352831 0.364083 -0.931349 -0.00569407
-32.7752 11.6588 1.58783 0.365535 -0.930788 -0.00415659
-32.7496 11.6647 2.6942 0.366866 -0.93027 -0.0026356
-32.7364 11.668 3.91255 0.368062 -0.9298 -0.00118778
-32.1421 11.9017 4.61268 0.366541 -0.930401 -0.00110283
-31.1116 12.3053 4.70543 0.363823 -0.931467 -0.00108363
-29.964 12.7531 4.69623 0.363399 -0.931632 -0.00140985
-28.8769 13.1775 4.64807 0.363766 -0.93149 -0.000929474
-27.8486 13.5805 4.61516 0.365291 -0.930893 -0.000658273
-26.709 14.0293 4.63061 0.367132 -0.930169 0.000183304
-25.6924 14.431 4.60669 0.368223 -0.929737 0.000188677
-24.5728 14.8744 4.66015 0.368144 -0.929767 0.00189015
-23.4317 15.3245 4.6905 0.365268 -0.930901 0.00105494
-22.2625 15.7787 4.62057 0.358015 -0.93371 0.00103019
-21.262 16.1549 4.50097 0.343949 -0.938988 0.00131577
-21.0311 16.2332 3.32385 0.344084 -0.938881 0.0104365
-20.9776 16.2427 2.17433 0.340615 -0.94018 0.00653095
-20.9387 16.2459 0.696196 0.344677 -0.938675 0.00926265
-20.8865 16.254 -0.544414 0.342635 -0.939432 0.00832007
-20.9017 16.2304 -1.93218 0.339019 -0.940676 0.0139313
-20.887 16.2198 -3.35468 0.339826 -0.940452 0.00818633
-21.0783 16.144 -4.54235 0.343325 -0.939204 0.00486456
-22.254 15.7085 -4.64119 0.348372 -0.937344 0.00485321
-23.4006 15.2766 -4.6865 0.354955 -0.934849 0.00799598
-24.4294 14.8838 -4.69978 0.358958 -0.93333 0.00660105
-25.5416 14.4559 -4.73625 0.35877 -0.933409 0.00563528
-26.7029 14.0101 -4.71239 0.357996 -0.933712 0.00442548
-27.7986 13.5908 -4.72159 0.356741 -0.934199 0.00275726
-28.906 13.1686 -4.69036 0.356473 -0.934305 0.000817651
-30.0315 12.7397 -4.66884 0.355772 -0.934572 -0.000774014
-31.2295 12.2833 -4.70473 0.357399 -0.933946 -0.00324291
-32.4012 11.8345 -4.59682 0.357388 -0.933948 -0.00375772
-32.711 11.7136 -4.17648 0.358512 -0.933513 -0.00473189
-33.7128 11.3302 -4.42114 0.358627 -0.933463 -0.00580326
-33.4608 11.4351 -5.64417 0.356878 -0.934128 -0.00652745
-32.2171 11.9103 -5.74491 0.356422 -0.93431 -0.0052953
-31.1412 12.3198 -5.74885 0.355145 -0.934807 -0.00285479
-30.0435 12.7363 -5.70912 0.354842 -0.934926 -0.00092261
-28.7363 13.2314 -5.73824 0.354868 -0.934915 0.00161877
-27.6135 13.6577 -5.79213 0.355305 -0.934743 0.00368075
-26.3805 14.1289 -5.73962 0.357057 -0.934071 0.00458541
-25.3514 14.5228 -5.76584 0.357868 -0.933752 0.0061011
-24.263 14.9401 -5.75079 0.35762 -0.933847 0.00606734
-23.2162 15.3388 -5.75718 0.354637 -0.934987 0.00554406
-21.9964 15.7988 -5.68879 0.351426 -0.936203 0.00462744
-20.958 16.1829 -5.72493 0.342414 -0.939542 0.0034421
-19.9022 16.5638 -5.56999 0.333806 -0.942637 0.00292422
-19.8201 16.5977 -4.42339 0.334959 -0.942221 0.00473711
-19.94 16.5643 -2.86897 0.334668 -0.942302 0.00796686
-19.8888 16.5937 -1.73181 0.333759 -0.942603 0.0101888
-19.879 16.6102 -0.535641 0.329428 -0.944145 0.00815214
-19.9463 16.5996 0.657314 0.331916 -0.94326 0.00958705
-19.9865 16.5969 2.05587 0.333646 -0.942664 0.00805666
-20.0294 16.5919 3.42173 0.32957 -0.944117 0.00498993
-20.0475 16.5895 4.61311 0.331218 -0.943542 0.0041887
-20.2924 16.5112 5.62877 0.334595 -0.942302 0.010591
-21.5133 16.066 5.66238 0.350759 -0.936411 0.00975485
-22.6181 15.6453 5.70753 0.360485 -0.932742 0.00654337
-23.731 15.2092 5.72496 0.366567 -0.930386 0.00315436
-24.829 14.7748 5.68955 0.368802 -0.929507 0.00140654
-25.9685 14.3219 5.67912 0.369701 -0.92915 -0.00083622
-27.1094 13.8701 5.70547 0.366953 -0.930238 -0.00131453
-28.1272 13.4697 5.66095 0.365457 -0.930827 -0.00167047
-29.1924 13.0528 5.69847 0.364026 -0.931388 -0.0011369
-30.4211 12.5734 5.74786 0.36289 -0.93183 -0.00157419
-31.4859 12.1581 5.74967 0.363942 -0.931421 -0.000630618
-32.5061 11.7574 5.6831 0.366665 -0.930353 2.95649e-05
-33.5856 11.3296 5.56445 0.369292 -0.929313 -0.000630664
-33.7359 11.2706 4.51158 0.370035 -0.929017 -0.00130288
-33.729 11.2764 3.2122 0.36942 -0.929258 -0.00280312
-33.757 11.2694 2.09825 0.368014 -0.929808 -0.00481718
-33.7644 11.2726 0.989512 0.366294 -0.930466 -0.00785619
-33.7042 11.3049 -0.175839 0.363486 -0.93158 -0.00604711
-33.7162 11.3089 -1.39579 0.361853 -0.932214 -0.00628841
-33.781 11.2912 -2.51592 0.361484 -0.932356 -0.00647493
-33.7428 11.3135 -3.60535 0.359316 -0.933199 -0.00557301
-33.7375 11.3185 -4.0602 0.358641 -0.933456 -0.00603362
-34.7214 10.9413 -4.13968 0.358614 -0.933449 -0.00819361
-34.7535 10.9175 -2.95333 0.361076 -0.932499 -0.00829281
-34.7333 10.9159 -1.78611 0.36366 -0.931499 -0.00768611
-34.6666 10.9352 -0.708549 0.360606 -0.932701 -0.0051658
-34.7518 10.8897 0.397964 0.364348 -0.931166 -0.0129669
-34.7189 10.8919 1.49584 0.368428 -0.929632 -0.00668376
-34.7301 10.8804 2.71389 0.368861 -0.929471 -0.00502687
-34.7071 10.8843 4.14012 0.371092 -0.928594 -0.00146403
-34.711 10.8802 5.3365 0.371854 -0.928284 -0.00322384
-34.6443 10.9058 6.51663 0.374729 -0.927129 0.00291907
-33.5473 11.3465 6.81417 0.369078 -0.929392 0.00322397
-32.5371 11.747 6.72101 0.367372 -0.930072 0.00170361
-31.3531 12.2101 6.79239 0.363237 -0.931697 2.32879e-05
-30.1958 12.6588 6.79805 0.362875 -0.931827 -0.00416794
-29.1257 13.0777 6.75093 0.36383 -0.931465 -0.000941819
-27.9723 13.5276 6.7391 0.361505 -0.93236 -0.00313236
-26.9113 13.9456 6.7689 0.367832 -0.929885 -0.00366322
-25.695 14.4291 6.72295 0.371462 -0.928441 -0.00330561
-24.6378 14.8509 6.74364 0.370283 -0.928919 -0.000265974
-23.3861 15.3496 6.76428 0.368565 -0.929595 0.00357816
-22.1822 15.8236 6.72857 0.361878 -0.932111 0.0146331
-21.1259 16.2293 6.77848 0.347906 -0.937293 0.0199563
-19.9491 16.6477 6.74101 0.327758 -0.944546 0.0202068
-18.9904 16.9625 6.17519 0.30351 -0.952817 0.00186513
-19.0419 16.9396 4.9644 0.321963 -0.94673 0.00647891
-19.0333 16.9421 3.86069 0.331247 -0.943528 -0.00501388
-19.0125 16.9461 2.58778 0.335591 -0.941963 0.00873965
-18.9751 16.9439 1.45284 0.324269 -0.945887 0.0121092
-18.9252 16.9486 0.322571 0.323211 -0.946285 0.00883421
-18.8921 16.9508 -0.776508 0.324995 -0.945692 0.00513998
-18.888 16.942 -1.8948 0.326664 -0.945111 0.00748958
-18.9304 16.9168 -3.31299 0.329692 -0.944064 0.00682692
-18.833 16.9432 -4.53858 0.327966 -0.944675 0.00522261
-18.8206 16.9397 -6.00868 0.324699 -0.945769 0.00835828
-19.4277 16.7287 -6.78561 0.329909 -0.944012 0.000161697
-20.7299 16.2645 -6.82606 0.344537 -0.938753 -0.00564168
-21.9715 15.8045 -6.78506 0.350709 -0.936482 -0.000321692
-22.9798 15.4232 -6.82434 0.354572 -0.935018 0.0044332
-24.1915 14.9613 -6.80159 0.358605 -0.933482 0.00373721
-25.299 14.5352 -6.79596 0.357716 -0.9338 0.00745327
-26.4241 14.1063 -6.7868 0.356173 -0.934401 0.00593664
-27.5906 13.6633 -6.85187 0.353534 -0.935419 0.00232065
-28.7909 13.2088 -6.78737 0.354591 -0.935021 0.00128554
-30.0601 12.7314 -6.7942 0.345743 -0.938318 -0.0011511
-31.1597 12.3164 -6.81129 0.361162 -0.932501 -0.00201754
-32.4574 11.8243 -6.78941 0.353218 -0.935528 -0.00455923
-33.4954 11.4289 -6.80633 0.35635 -0.934342 -0.0044153
-34.4847 11.0514 -6.67397 0.355495 -0.934665 -0.00492133
-34.7606 10.9389 -5.69944 0.356423 -0.934277 -0.00948221
-34.7073 10.9498 -4.55362 0.358098 -0.933657 -0.00709993
-34.714 10.9464 -4.43539 0.358118 -0.93365 -0.0070227
