30.4611 17.3076 -3.45183 -0.919146 -0.393575 -0.00521867
30.4402 17.3341 -2.35725 -0.914383 -0.40423 -0.0219603
30.4419 17.3292 -1.33846 -0.912185 -0.404966 0.0623319
30.4334 17.3508 -0.308524 -0.907717 -0.417637 -0.0304
30.4284 17.4136 0.773978 -0.918484 -0.391842 0.0494966
30.4519 17.478 1.73212 -0.905186 -0.423581 0.0348865
30.4658 17.4956 2.71536 -0.900275 -0.434651 -0.0134001
30.4565 17.4867 3.21055 -0.872569 -0.485554 0.0465067
29.9748 18.2585 3.50186 -0.784156 -0.619822 -0.0098838
29.9807 18.2751 2.51473 -0.765452 -0.643485 0.00182443
29.9747 18.2405 1.33612 -0.776704 -0.627185 0.0389798
29.9895 18.1833 0.31904 -0.822877 -0.567783 0.0202923
29.9922 18.1606 -0.769857 -0.84422 -0.533932 -0.0387294
30.0286 18.1438 -1.72369 -0.829301 -0.547601 -0.00189751
30.0359 18.1265 -2.76739 -0.84865 -0.528806 0.0111101
30.0432 18.1106 -3.51781 -0.855994 -0.516901 0.00809411
29.46 18.8137 -3.62819 -0.695281 -0.718439 0.000605741
29.4423 18.8496 -2.51612 -0.720031 -0.692137 0.0184379
29.4271 18.8935 -1.23302 -0.75711 -0.651243 0.0456352
29.4063 18.8691 -0.0862678 -0.655848 -0.754446 -0.000881373
29.3438 18.8794 0.948979 -0.693453 -0.711887 -0.109101
29.3181 18.9422 2.09483 -0.674257 -0.738247 0.0191261
29.3482 18.9432 3.07595 -0.702218 -0.711314 -0.028232
29.3611 18.92 3.27824 -0.708162 -0.705505 -0.0260234
28.5956 19.4592 3.47263 -0.512394 -0.858597 -0.0127694
28.5622 19.5171 2.45146 -0.43868 -0.898595 -0.00198307
28.5896 19.4661 1.41215 -0.502565 -0.864436 0.0045946
28.6353 19.4317 0.464691 -0.538173 -0.842713 0.0134817
28.6653 19.4197 -0.739951 -0.566619 -0.822588 -0.0360613
28.7003 19.4681 -1.72988 -0.586143 -0.81004 0.00614508
28.7559 19.4032 -2.97933 -0.54639 -0.837259 0.00721597
28.7517 19.3935 -3.5563 -0.583064 -0.811081 0.0449564
27.9416 19.8533 -3.5204 -0.455782 -0.890091 0.000160101
27.9325 19.9249 -2.42451 -0.491321 -0.868335 0.0484157
27.8926 19.8941 -1.25989 -0.409497 -0.910046 -0.0641604
27.8615 19.8542 -0.203358 -0.421026 -0.905529 -0.0506877
27.7962 19.8926 0.866751 -0.418023 -0.907953 -0.00325054
27.7584 19.9116 1.81158 -0.437056 -0.899331 -0.0128703
27.7539 19.8912 2.99265 -0.393743 -0.918971 -0.019391
27.7559 19.8789 3.5324 -0.421254 -0.906324 0.00444795
26.8916 20.214 3.52961 -0.326209 -0.945239 0.0104016
26.8862 20.2216 2.34396 -0.334702 -0.941973 -0.0256964
26.9158 20.2325 1.27845 -0.326733 -0.94502 -0.0135248
26.9755 20.2287 0.337006 -0.320903 -0.947007 -0.00860295
27.0334 20.2259 -0.801118 -0.345324 -0.938167 -0.0181021
27.071 20.2752 -2.15131 -0.291422 -0.955362 -0.0326212
27.0597 20.241 -3.22834 -0.323981 -0.94605 0.0049654
27.0603 20.2391 -3.686 -0.323269 -0.946304 0.00115533
26.1495 20.5112 -3.54579 -0.27135 -0.962457 -0.000732979
26.1767 20.5093 -2.57901 -0.278514 -0.9604 0.00784189
26.1727 20.4978 -1.442 -0.241733 -0.969937 -0.0280503
26.1285 20.4851 -0.483931 -0.262344 -0.964656 -0.0178732
26.0853 20.4952 0.534363 -0.254644 -0.967003 -0.00207606
26.0163 20.5112 1.57419 -0.222933 -0.97464 -0.0144248
25.9803 20.4832 2.70036 -0.275169 -0.961179 -0.0204147
25.9931 20.4738 3.54062 -0.256712 -0.966364 0.0154868
25.076 20.6956 3.58243 -0.206226 -0.978367 -0.00132768
25.0609 20.6818 2.35164 -0.188951 -0.981848 0.0130679
25.1515 20.6896 1.08898 -0.158721 -0.987213 -0.0147066
25.2101 20.6891 0.0951122 -0.192013 -0.981372 -0.00611996
25.263 20.6993 -0.949113 -0.188156 -0.981637 -0.0248157
25.2623 20.7068 -2.05562 -0.187151 -0.982239 -0.00182264
25.2467 20.7054 -3.00297 -0.18322 -0.983052 0.00620365
25.2101 20.7201 -3.42809 -0.188425 -0.981885 -0.0199656
24.3022 20.8674 -3.55266 -0.134493 -0.990898 -0.00548103
24.3317 20.8589 -2.58229 -0.136352 -0.990633 -0.00638383
24.3722 20.8507 -1.612 -0.139119 -0.990201 -0.010517
24.3512 20.8303 -0.530251 -0.130174 -0.991317 -0.0128114
24.2594 20.8322 0.724837 -0.127432 -0.991745 -0.0135721
24.1822 20.8347 1.71171 -0.153242 -0.988113 -0.0122498
24.1247 20.8326 2.66455 -0.153701 -0.988065 -0.0101913
24.1459 20.8387 3.44928 -0.132468 -0.99115 -0.00689378
23.2112 20.9524 3.30629 -0.0975345 -0.995221 0.00464058
23.2295 20.9478 2.27112 -0.101864 -0.994781 -0.00573682
23.2835 20.9525 1.22912 -0.0968798 -0.995248 -0.00750319
23.3839 20.9465 0.146181 -0.101582 -0.994807 -0.000937131
23.4271 20.9456 -0.838573 -0.105707 -0.994266 -0.01615
23.4574 20.959 -1.78827 -0.101395 -0.994698 -0.0162856
23.39 20.9816 -2.79886 -0.112921 -0.993496 -0.0139663
23.3594 20.9871 -3.52435 -0.124127 -0.992215 -0.0047528
22.4454 21.0742 -3.48706 -0.0728141 -0.997302 -0.00740039
22.4932 21.055 -2.45448 -0.0809541 -0.996488 -0.0197863
22.5102 21.0382 -1.31791 -0.0873542 -0.996108 -0.0111666
22.4772 21.0302 -0.319932 -0.0757303 -0.997128 0.000934486
22.3588 21.0385 0.832806 -0.0666087 -0.997776 0.00179985
22.2981 21.0383 1.93988 -0.063796 -0.997913 -0.00891996
22.2938 21.0318 2.96739 -0.0762343 -0.997068 -0.00121878
22.2934 21.0322 3.05278 -0.0725156 -0.99736 0.00383537
21.3763 21.0903 3.38619 -0.0500298 -0.99871 0.00861804
21.3731 21.0848 2.37556 -0.0406724 -0.999148 0.00540689
21.3683 21.086 1.31788 -0.0416917 -0.999089 -0.00621125
21.4574 21.0925 0.338495 -0.0348817 -0.999345 0.00309163
21.5787 21.0915 -0.640445 -0.0416372 -0.999041 -0.0120868
21.6013 21.1094 -1.82089 -0.0555123 -0.998288 -0.0157571
21.5509 21.1289 -2.93571 -0.0668219 -0.997631 -0.0159839
21.5166 21.1318 -3.39627 -0.0463245 -0.998874 -0.0017875
20.5935 21.153 -3.56064 -0.00376204 -0.999939 -0.00921891
20.6699 21.1446 -2.37763 -0.000345815 -0.99988 -0.0154917
20.6687 21.131 -1.43236 -0.00505917 -0.999963 -0.00687201
20.5938 21.1177 -0.0507989 -0.0311721 -0.99947 -0.00729649
20.476 21.1184 0.91363 -0.028517 -0.999589 -0.00298413
20.4063 21.1141 1.90046 -0.0202789 -0.99979 -0.00295914
20.4365 21.119 2.91736 -0.0225877 -0.999661 0.0126207
20.4402 21.1271 3.55409 -0.0288564 -0.999538 0.0076148
19.5139 21.1259 3.35043 0.0139129 -0.999842 0.0110442
19.4511 21.1163 2.2034 0.0183045 -0.999803 0.00761432
19.506 21.1256 1.11916 0.0279351 -0.999588 -0.00520025
19.6131 21.1301 0.148893 0.0337322 -0.999399 0.00710784
19.7378 21.1273 -0.956291 0.0139334 -0.999825 -0.00455158
19.7534 21.1332 -1.96834 0.0199805 -0.999753 -0.00748717
19.6603 21.1373 -3.05313 0.0230952 -0.999681 -0.00817641
19.6476 21.1435 -3.40787 0.0284383 -0.99942 -0.0186804
18.6437 21.107 -3.54443 0.0432015 -0.999047 -0.00616326
18.8227 21.1074 -2.34361 0.0437731 -0.999003 -0.00539054
18.8333 21.1033 -1.34842 0.0346656 -0.999382 -0.00580971
18.7273 21.097 -0.225158 0.0434226 -0.999034 -0.000969721
18.6124 21.0913 0.80233 0.0515773 -0.998667 -0.00106091
18.5054 21.0855 2.08219 0.0523879 -0.99858 0.00936949
18.5655 21.102 3.13071 0.0512096 -0.998662 0.00641284
18.5843 21.1035 3.54266 0.0490493 -0.998793 0.00170659
17.6584 21.0439 3.51342 0.0812658 -0.996665 -0.00725185
17.602 21.037 2.49924 0.10054 -0.994923 0.00436412
17.608 21.0307 1.55173 0.0682424 -0.997663 -0.0020888
17.7069 21.0376 0.492425 0.0734999 -0.997294 -0.00159026
17.824 21.0456 -0.565662 0.0843441 -0.996398 -0.00329132
17.9537 21.0646 -1.54416 0.0571969 -0.998336 0.00442535
17.8869 21.0601 -2.51062 0.0986463 -0.995112 -0.00387631
17.6844 21.0464 -3.49186 0.107862 -0.99415 -0.00527172
16.7037 20.9366 -3.56119 0.122902 -0.992332 -0.00982727
16.9679 20.9645 -2.4896 0.116555 -0.993183 0.00117919
17.0134 20.9806 -1.52551 0.0908761 -0.995812 0.00977921
16.8529 20.966 -0.348286 0.102174 -0.99451 0.0158771
16.7719 20.9591 0.741877 0.11311 -0.993512 -0.0115775
16.6617 20.9399 1.74669 0.105478 -0.994416 -0.00274444
16.7518 20.947 2.97152 0.119269 -0.992837 0.000388547
16.7574 20.9511 3.45111 0.119159 -0.99286 0.00324642
15.8962 20.8389 3.29844 0.144463 -0.989296 0.020563
15.7432 20.8068 2.16745 0.154096 -0.988044 0.00484948
15.8741 20.8318 0.995866 0.162336 -0.98667 -0.0112873
15.829 20.8291 -0.0799961 0.160722 -0.986991 0.00336314
15.9951 20.8501 -1.16309 0.161317 -0.986879 0.00531877
16.0163 20.8411 -2.43752 0.131033 -0.99136 0.00592765
15.766 20.798 -3.43267 0.16106 -0.986929 -0.00554273
14.8731 20.6431 -3.43603 0.187507 -0.982201 0.0105711
14.8629 20.6486 -2.20242 0.178815 -0.983833 0.00948636
14.8587 20.6495 -1.14684 0.191841 -0.981417 -0.00301672
14.8644 20.6525 0.00461748 0.191772 -0.981429 0.0044534
14.8759 20.6559 1.22401 0.190519 -0.981678 0.00239627
14.8207 20.6499 2.32025 0.193148 -0.981161 0.00405555
14.8671 20.6632 3.26729 0.194123 -0.980951 0.00718099
14.907 20.6734 3.57803 0.194372 -0.9809 0.0074162
13.9062 20.4664 3.54328 0.213039 -0.977034 -0.00335541
13.9161 20.4663 2.54352 0.211173 -0.977429 0.00591244
13.9763 20.4744 1.58997 0.21517 -0.976557 0.00598817
13.9958 20.4777 0.61711 0.214471 -0.976695 0.00572977
13.9411 20.4576 -0.543884 0.215637 -0.976472 0.00121687
13.9829 20.4675 -1.90207 0.212812 -0.977093 -0.000294193
13.9502 20.4626 -2.9033 0.210554 -0.977572 0.000647185
13.9297 20.4559 -3.42367 0.20099 -0.97954 0.00967825
13.0027 20.2395 -3.22943 0.231515 -0.97283 -0.000660759
13.1745 20.28 -2.2747 0.232345 -0.972629 0.00272463
13.0205 20.2455 -1.32678 0.229553 -0.973286 0.0032443
12.9087 20.223 -0.360735 0.223422 -0.974716 0.00331551
13.0376 20.2564 0.581112 0.228092 -0.973632 0.00368238
13.0248 20.2594 1.76896 0.227235 -0.973809 0.00609955
12.9691 20.2504 2.71239 0.230639 -0.97303 0.00423098
12.9579 20.2499 3.474 0.232108 -0.972689 -0.000497338
12.0548 20.0389 3.37383 0.222973 -0.974814 -0.00365789
12.0506 20.035 2.28313 0.221732 -0.975083 0.00661588
12.1455 20.0497 1.19452 0.226586 -0.973988 0.00243686
12.0366 20.0239 0.24253 0.223338 -0.974741 -0.00010008
12.0779 20.0287 -0.873004 0.221144 -0.975222 0.00445352
12.252 20.0656 -1.95492 0.218374 -0.975856 0.00416776
12.1637 20.0436 -2.92424 0.221901 -0.975068 -0.00177357
12.0829 20.0259 -3.53914 0.222434 -0.974947 0.000816828
11.2052 19.8378 -3.32827 0.197132 -0.980371 0.00332965
11.3155 19.8584 -2.34002 0.213618 -0.97691 0.00363793
11.2377 19.8455 -1.20251 0.209509 -0.977803 0.00180372
11.1436 19.8269 -0.103651 0.210625 -0.977567 0.000736851
11.1896 19.845 0.90932 0.20601 -0.978499 0.00943286
11.1481 19.8402 1.94665 0.194007 -0.980993 0.00267011
11.1528 19.8437 3.03613 0.203978 -0.978968 -0.00378304
11.1624 19.8448 3.48366 0.206552 -0.978413 -0.0051056
10.274 19.6641 3.42093 0.195813 -0.980619 -0.00514751
10.2556 19.6679 2.15354 0.180297 -0.983612 0.000586177
10.2599 19.6626 0.90363 0.189989 -0.981777 0.00418289
10.2678 19.6525 -0.395783 0.175128 -0.984424 0.0154492
10.3608 19.6698 -1.45246 0.176608 -0.984165 -0.0105089
10.3446 19.6729 -2.41719 0.18627 -0.982457 -0.00548444
10.2867 19.66 -3.39243 0.179223 -0.983712 0.0137547
9.37516 19.5015 -3.27175 0.153368 -0.988111 0.00725408
9.42876 19.5185 -2.24649 0.150469 -0.988593 -0.00316265
9.43813 19.5132 -1.19867 0.160872 -0.986972 -0.00251362
9.35896 19.4983 -0.226971 0.134151 -0.990957 -0.00146048
9.35101 19.5037 0.764306 0.140771 -0.989995 0.0096434
9.336 19.5105 2.03522 0.155565 -0.987825 0.00138354
9.3512 19.5079 3.01023 0.156783 -0.987561 -0.0118426
9.36828 19.5058 3.5204 0.167502 -0.985814 -0.00994967
8.43062 19.3701 3.46841 0.130543 -0.991364 -0.010012
8.43009 19.3761 2.43413 0.132692 -0.991136 -0.00440642
8.38963 19.3702 1.4722 0.131889 -0.99114 -0.00267099
8.42204 19.3754 0.446373 0.126699 -0.991927 0.00488853
8.4883 19.3829 -0.729164 0.124631 -0.9922 -0.00261223
8.52336 19.3895 -1.76116 0.128283 -0.991737 0.000935943
8.47936 19.3776 -2.77745 0.129932 -0.991425 0.0139534
8.41881 19.3625 -3.56581 0.140848 -0.990025 0.00355389
7.50145 19.2599 -3.6139 0.0896612 -0.99597 -0.00161118
7.54455 19.2674 -2.65799 0.102933 -0.994639 0.0092115
7.55934 19.2706 -1.47909 0.121294 -0.992614 0.0015332
7.5695 19.2771 -0.537275 0.0988579 -0.995101 -0.000833548
7.49683 19.2701 0.411373 0.0980513 -0.99518 0.00146474
7.4461 19.2646 1.60381 0.106 -0.994364 -0.00185804
7.50084 19.2636 2.7678 0.100751 -0.994878 -0.00758507
7.50746 19.2618 3.41888 0.0934391 -0.995612 -0.00344484
6.59241 19.1782 3.37547 0.081874 -0.996614 -0.00749294
6.56825 19.1823 2.35876 0.0830197 -0.996539 -0.00385768
6.53759 19.1827 1.15637 0.0768792 -0.99704 -0.000143583
6.61954 19.1886 -0.140889 0.0885621 -0.996066 0.00308712
6.65397 19.1871 -1.18701 0.0833125 -0.996513 0.00229139
6.62844 19.1819 -2.1614 0.0754695 -0.997135 0.00249426
6.57397 19.1778 -3.10719 0.0714183 -0.997446 0.000275871
6.56533 19.1773 -3.58099 0.0707151 -0.997496 -0.000506839
5.63776 19.1144 -3.47034 0.0526413 -0.998613 -0.000531752
5.68021 19.1163 -2.48303 0.0642583 -0.99793 0.0025431
5.74615 19.1218 -1.30443 0.0681993 -0.997671 0.00114155
5.68735 19.118 -0.215463 0.0702965 -0.997525 0.000714693
5.6398 19.1183 0.973112 0.0672554 -0.997725 -0.00178004
5.63251 19.1119 1.91787 0.0739854 -0.99724 -0.00626429
5.64833 19.1065 2.89824 0.0735161 -0.997275 -0.00608447
5.65456 19.1048 3.44983 0.0653096 -0.997858 -0.00225527
4.73473 19.0484 3.49718 0.0559419 -0.998433 -0.00115827
4.71754 19.0495 2.3783 0.0551105 -0.998458 -0.00520251
4.72484 19.0561 1.38416 0.0551787 -0.998425 -0.0100381
4.73068 19.0641 0.409016 0.0472995 -0.998862 -0.00589893
4.79487 19.0699 -0.530192 0.0475336 -0.998868 -9.79245e-05
4.78414 19.0682 -1.72156 0.0421361 -0.999111 -9.93942e-05
4.74312 19.0699 -2.72536 0.0390507 -0.999227 -0.00398759
4.72819 19.0714 -3.42338 0.0383599 -0.999249 -0.00471358
3.78761 19.0419 -3.38866 0.0300739 -0.999545 -0.0024895
3.85518 19.0374 -2.13093 0.0288361 -0.999572 -0.00486034
3.84471 19.0301 -1.19016 0.0361997 -0.99932 -0.00650903
3.83871 19.0283 0.00944838 0.0406789 -0.999171 -0.000663859
3.80417 19.0165 1.2587 0.0388859 -0.99916 -0.0127472
3.78279 19.0092 2.21782 0.0372172 -0.999305 -0.00184968
3.78869 19.0065 3.33032 0.0317487 -0.999496 -0.000388867
3.79151 19.0066 3.48104 0.0320921 -0.999485 0.000140475
2.85772 18.9792 3.55103 0.0286612 -0.999583 -0.0031797
2.8567 18.9799 2.4735 0.0280735 -0.999606 -9.85761e-05
2.88678 18.9848 1.28888 0.0327035 -0.999379 -0.0130253
2.90418 18.9997 0.317948 0.0227488 -0.999738 -0.00251827
2.92448 19.0029 -0.665816 0.0199178 -0.999784 -0.00597077
2.91852 19.0104 -1.90029 0.0224842 -0.999738 -0.00420075
2.85876 19.0148 -3.06187 0.0222816 -0.999737 -0.00549499
2.85285 19.017 -3.58743 0.0200886 -0.999792 -0.00342538
1.92065 19.0004 -3.45297 0.0131042 -0.999904 -0.00328382
1.97568 18.993 -2.37028 0.0142835 -0.999874 -0.0066827
2.00689 18.9897 -1.32005 0.0121539 -0.99992 -0.00309842
1.99289 18.9843 -0.234457 0.0106346 -0.999926 -0.00583864
1.97668 18.9743 0.729922 0.0155532 -0.999814 -0.0114113
1.95193 18.9615 1.9839 0.0139077 -0.99989 -0.000527572
1.93033 18.9622 2.95745 0.0128253 -0.999917 -0.000189422
1.93806 18.9608 3.50796 0.0145654 -0.999889 -0.00315912
1.01466 18.9519 3.54315 0.00775403 -0.999964 -0.003525
1.00134 18.9547 2.58196 0.00491984 -0.999983 -0.00135351
1.02351 18.957 1.58887 0.00244401 -0.999983 -0.00520005
1.04053 18.9671 0.522044 0.00350314 -0.99988 -0.0150569
1.04485 18.9771 -0.446661 0.000770328 -0.999976 -0.00534718
1.09028 18.9808 -1.44297 0.0081725 -0.999963 -0.00256479
1.01875 18.9863 -2.64649 0.00376153 -0.999961 -0.00780927
0.959268 18.9919 -3.62624 0.00396374 -0.999985 -0.000761139
0.0456152 18.9916 -3.40165 -0.00514081 -0.999986 -0.00120143
0.1104 18.9866 -2.13873 -0.0128695 -0.99989 -0.00729062
0.141645 18.9808 -1.18424 -0.00115836 -0.999993 -0.00249347
0.116189 18.9761 -0.0304469 -0.0080013 -0.999893 -0.0122099
0.10336 18.9657 1.10896 -0.0111471 -0.9999 -0.00866138
0.103835 18.9573 2.3626 -0.0085878 -0.999898 -0.0110159
0.07248 18.9531 3.43523 -0.00232857 -0.999993 -0.00290144
0.0728175 18.953 3.51669 -0.00159245 -0.999995 -0.00249416
-0.842761 18.9614 3.38866 -0.0152902 -0.999861 -0.00640372
-0.833706 18.97 2.27624 -0.0186338 -0.999771 -0.0104807
-0.847812 18.9781 1.2991 -0.017525 -0.999829 -0.00583607
-0.815492 18.985 0.195885 -0.0174874 -0.999819 -0.00722163
-0.788639 18.9917 -1.03468 -0.0194968 -0.999776 -0.00674305
-0.801294 18.9991 -1.97592 -0.01971 -0.999795 -0.00462499
-0.853628 19.0003 -3.02437 -0.0202524 -0.999792 0.00219106
-0.879254 19 -3.36073 -0.0200775 -0.999794 0.00279669
-1.80505 19.021 -3.4547 -0.0291968 -0.999573 0.000653819
-1.73638 19.0203 -2.27546 -0.0213382 -0.999767 -0.00130169
-1.72862 19.0167 -1.15754 -0.0324373 -0.999471 -0.00213594
-1.71478 19.008 -0.129043 -0.033728 -0.999361 -0.0117392
-1.76792 19.0001 1.00247 -0.0288071 -0.999557 -0.00696226
-1.79581 18.9905 2.2375 -0.0290733 -0.999521 -0.0101621
-1.77303 18.9819 3.36483 -0.0305144 -0.999513 -0.00641568
30.8837 16.1096 0.617719 -0.966075 -0.254627 0.038364
30.9526 16.1221 1.78938 -0.967366 -0.248719 0.0366914
30.982 16.0974 3.03026 -0.962401 -0.270361 0.0213762
30.9459 16.2387 4.41989 -0.980412 -0.19677 -0.00744745
30.6242 17.2179 4.62334 -0.923236 -0.376847 0.0231153
30.0293 18.2537 4.6191 -0.808994 -0.581694 0.0846172
29.1675 19.0916 4.68097 -0.574405 -0.818515 -0.00845686
28.1063 19.7587 4.70922 -0.464416 -0.884748 0.0391667
27.0654 20.2119 4.6657 -0.306483 -0.948593 0.0602917
26.0192 20.4905 4.65118 -0.248421 -0.968329 0.0241949
24.7574 20.7511 4.68746 -0.178393 -0.983872 0.00898071
23.4323 20.9265 4.63212 -0.120804 -0.992649 -0.0070511
22.3247 21.0328 4.61583 -0.0823125 -0.996601 -0.00337767
21.0476 21.1132 4.64055 -0.0435977 -0.999043 0.00340984
19.7829 21.1484 4.65417 0.0048767 -0.999617 0.0204765
18.575 21.1189 4.62997 0.0551528 -0.998249 0.0188226
17.3725 21.0338 4.57726 0.0930718 -0.995418 0.019483
16.251 20.9056 4.59052 0.136001 -0.990555 0.00407798
15.1699 20.7324 4.65793 0.18636 -0.982425 0.0105266
13.93 20.4721 4.69905 0.217267 -0.976089 0.00460297
12.8148 20.2111 4.64228 0.23004 -0.973135 -0.00940709
11.6649 19.9404 4.64362 0.218311 -0.97573 -0.0168172
10.4998 19.695 4.64566 0.196712 -0.980194 -0.0228702
9.30059 19.4796 4.64919 0.159284 -0.986983 -0.0208627
8.24221 19.3306 4.65282 0.117064 -0.992803 -0.0242362
6.79421 19.1806 4.62606 0.0937444 -0.99553 -0.0108962
5.51746 19.0861 4.61363 0.0607071 -0.998081 -0.0122165
4.44477 19.027 4.62834 0.0469977 -0.998879 -0.00568202
3.03454 18.9809 4.66723 0.0251161 -0.999673 -0.00440378
1.77518 18.9551 4.65819 0.01202 -0.999914 -0.00259343
0.499103 18.9463 4.70464 0.00246358 -0.999989 -0.00396609
-0.617863 18.9483 4.68819 -0.00668432 -0.999935 -0.00910099
-1.79167 18.9698 4.64176 -0.0277031 -0.999558 -0.0106853
-2.99629 19.0089 4.51786 -0.0355088 -0.999287 -0.0124181
-3.18213 19.0297 3.42124 -0.0386746 -0.999188 -0.0113251
-3.14305 19.0414 2.10956 -0.0420916 -0.99909 -0.00681704
-3.09938 19.0508 0.887027 -0.0413461 -0.999107 -0.0086792
-3.08333 19.0595 -0.519671 -0.0382607 -0.999246 -0.0064873
-3.01591 19.0611 -1.78349 -0.0375991 -0.999293 -0.000693287
-3.08419 19.0621 -2.89168 -0.0342576 -0.99941 0.00231559
-3.13868 19.0569 -4.38032 -0.0358793 -0.999341 0.00547016
-1.92248 19.0182 -4.63843 -0.0279841 -0.999565 0.00925741
-0.481641 18.9931 -4.68031 -0.00663346 -0.999965 0.00480197
0.639099 18.9893 -4.72236 0.000629758 -0.999997 0.0022543
1.92079 19.0027 -4.66059 0.0164651 -0.999864 -0.00105125
3.13852 19.0262 -4.65499 0.0215803 -0.999765 -0.00180182
4.26739 19.0582 -4.6487 0.0351234 -0.999368 -0.00253065
5.78359 19.1262 -4.67619 0.0597465 -0.998191 -0.00520644
6.91616 19.2036 -4.69489 0.0821568 -0.996585 0.00217039
8.01181 19.3161 -4.6914 0.107753 -0.994176 0.00173568
9.16795 19.458 -4.66432 0.159399 -0.987199 0.00538044
10.4812 19.6853 -4.69429 0.18903 -0.981962 0.0038115
11.7835 19.959 -4.63625 0.212883 -0.977067 0.00446712
12.9193 20.2176 -4.67442 0.225669 -0.974192 0.00485847
13.9838 20.4538 -4.6839 0.208825 -0.977894 0.0106019
15.1353 20.6887 -4.64732 0.186024 -0.982438 0.00530947
16.2404 20.8664 -4.66918 0.139547 -0.990071 0.0167725
17.5123 21.0327 -4.64223 0.0953708 -0.995401 0.00456722
18.5931 21.1101 -4.63569 0.0462345 -0.998906 -0.00680382
19.6857 21.1503 -4.68218 0.0190328 -0.99965 -0.011695
20.8622 21.1614 -4.72316 -0.015984 -0.999717 -0.0131616
21.9971 21.1108 -4.63628 -0.0551545 -0.998411 -0.0112839
23.0902 21.0267 -4.67935 -0.097498 -0.995086 -0.00443327
24.314 20.8747 -4.7124 -0.158356 -0.987106 -0.0230701
25.4089 20.681 -4.70669 -0.191997 -0.981332 0.00917912
26.6385 20.3946 -4.73689 -0.278066 -0.958256 -0.0471141
27.7126 19.9959 -4.74569 -0.443632 -0.895788 -0.026589
28.7142 19.4456 -4.77459 -0.523951 -0.847304 -0.0785937
29.8028 18.5189 -4.74019 -0.750633 -0.648588 -0.0622165
30.4616 17.3969 -4.69253 -0.90755 -0.409183 -0.046959
30.8541 16.2698 -4.55655 -0.946966 -0.320671 -0.0141613
30.9057 16.1404 -3.11629 -0.958567 -0.28459 0.0120362
30.8749 16.1165 -1.98246 -0.968184 -0.246969 -0.0364557
30.8887 16.1136 -0.500359 -0.977101 -0.212216 0.0154152
30.8742 16.1033 0.121392 -0.963973 -0.265097 0.0218966
31.1274 15.0801 -0.0113508 -0.98029 -0.192482 0.0304701
31.1539 15.1124 1.20163 -0.980972 -0.191052 0.0288467
31.17 15.0604 2.40802 -0.989407 -0.144896 0.00888217
31.1605 15.0754 3.78709 -0.988432 -0.151389 -0.00740244
31.1514 15.0992 4.97648 -0.989636 -0.143512 -0.00477894
31.0356 15.7335 5.6671 -0.984265 -0.170831 0.0451569
30.7679 16.8128 5.73213 -0.958943 -0.270185 0.078396
30.3172 17.9651 5.68596 -0.886737 -0.45131 0.098237
29.5236 18.8777 5.71694 -0.656686 -0.753169 0.0358411
28.6427 19.5142 5.73314 -0.493949 -0.865186 0.0743235
27.6516 20.0202 5.76737 -0.408346 -0.910867 0.0579101
26.3744 20.4421 5.69314 -0.246049 -0.968436 0.0390493
25.1288 20.6892 5.74219 -0.149638 -0.988503 0.0211836
23.9311 20.8618 5.68031 -0.133166 -0.991088 0.00219544
22.7685 20.9963 5.64866 -0.0997084 -0.994949 0.0114673
21.5351 21.1081 5.72765 -0.0790308 -0.9965 0.0249303
20.4147 21.1595 5.70845 -0.0353165 -0.99875 0.0353028
19.2193 21.1718 5.72349 0.0214165 -0.998941 0.0366793
17.8593 21.0977 5.65351 0.0762286 -0.996878 0.0205614
16.6987 20.98 5.65443 0.116207 -0.993053 0.0184602
15.5889 20.8259 5.69884 0.165602 -0.985741 0.0223537
14.4132 20.5888 5.77768 0.22792 -0.973553 0.0157338
13.2818 20.321 5.72283 0.246045 -0.96924 -0.00228664
11.8361 19.9593 5.70182 0.228203 -0.97344 -0.0165557
10.6691 19.7017 5.71064 0.194628 -0.980164 -0.035696
9.42594 19.4729 5.68822 0.158483 -0.987019 -0.0259855
8.15929 19.3006 5.70232 0.108327 -0.993895 -0.0205393
7.01018 19.1841 5.7041 0.0890648 -0.995864 -0.0160168
5.78712 19.0906 5.69598 0.0647118 -0.997844 -0.0108471
4.34586 19.0181 5.68266 0.0422799 -0.999062 -0.00897463
3.1747 18.9783 5.72123 0.0258911 -0.999642 -0.00540385
1.96529 18.9551 5.72269 0.0152731 -0.999864 -0.00619239
0.824941 18.9409 5.75939 0.0069519 -0.999946 -0.00736252
-0.416762 18.9393 5.73341 -0.00528269 -0.999878 -0.0146226
-1.63489 18.9537 5.67886 -0.022181 -0.999647 -0.0145926
-2.84629 18.9864 5.70757 -0.0330496 -0.999228 -0.0210493
-3.90764 19.0284 5.57466 -0.0409706 -0.999017 -0.0168285
-4.30422 19.0624 4.36983 -0.040358 -0.999078 -0.0146292
-4.25136 19.0761 3.18017 -0.0414205 -0.999083 -0.0108126
-4.20181 19.0874 1.99453 -0.0444946 -0.998947 -0.0111688
-4.18637 19.0978 0.81806 -0.044407 -0.998989 -0.00698507
-4.12064 19.1028 -0.542971 -0.0440202 -0.999012 -0.00588546
-4.05985 19.1038 -1.70333 -0.0433022 -0.999061 -0.000175808
-4.1882 19.1042 -3.1048 -0.0402505 -0.999181 0.00419993
-4.28953 19.0999 -4.40658 -0.0396036 -0.999189 0.00729564
-4.15971 19.0841 -5.47878 -0.0398766 -0.999115 0.0133186
-3.06778 19.0371 -5.74556 -0.0357116 -0.999256 0.0143811
-1.95815 19.0066 -5.70182 -0.0221987 -0.999656 0.0139389
-0.711118 18.9856 -5.73224 -0.00431983 -0.999888 0.0141352
0.413311 18.9857 -5.78617 0.0054153 -0.999969 0.00572604
1.7383 18.999 -5.75765 0.0139228 -0.999898 0.000644673
2.94512 19.0225 -5.72807 0.0221765 -0.999752 0.00111816
4.10595 19.0542 -5.70813 0.0346377 -0.999396 -0.000217926
5.25225 19.1002 -5.70633 0.0464166 -0.998915 0.00363935
6.36166 19.1619 -5.74254 0.0641191 -0.997937 0.00317875
7.4368 19.2494 -5.77127 0.100603 -0.994855 0.00979434
8.78404 19.4059 -5.72271 0.13142 -0.991283 -0.00922344
9.87738 19.5671 -5.75761 0.159039 -0.987181 0.0121776
11.0541 19.7902 -5.74359 0.203817 -0.978892 0.0139361
12.2653 20.0604 -5.70666 0.223213 -0.974722 0.00890988
13.5962 20.3658 -5.77565 0.222767 -0.974859 0.00507477
14.772 20.6088 -5.70929 0.202605 -0.979074 -0.0109493
15.8689 20.8161 -5.75152 0.157495 -0.987059 -0.0301633
17.0826 20.9977 -5.72166 0.124915 -0.991769 -0.0281037
18.2679 21.1122 -5.70391 0.0672537 -0.997335 -0.0270207
19.5336 21.1728 -5.72261 0.0266965 -0.999203 -0.0295922
20.7299 21.1831 -5.78234 -0.0306953 -0.999373 -0.0151841
21.8066 21.1392 -5.73999 -0.0579754 -0.998054 -0.0227799
23.0385 21.0415 -5.723 -0.0872727 -0.996062 -0.0154177
24.3039 20.8994 -5.79029 -0.130011 -0.991332 -0.0186705
25.3847 20.7193 -5.78325 -0.182933 -0.982348 -0.0390776
26.6439 20.4361 -5.80276 -0.287083 -0.95646 -0.0391827
27.9554 19.933 -5.79881 -0.443979 -0.893611 -0.0595292
29.2958 19.1231 -5.83168 -0.647341 -0.739128 -0.166217
30.0161 18.3018 -5.76879 -0.81242 -0.570622 -0.0872772
30.5568 17.3636 -5.79241 -0.906303 -0.412565 -0.0681512
30.8878 16.3178 -5.74937 -0.957447 -0.280085 -0.0647208
31.1118 15.1333 -5.32116 -0.989725 -0.141269 -0.0198217
31.097 15.0986 -3.95213 -0.987991 -0.153649 -0.0140514
31.0945 15.0922 -2.68086 -0.990773 -0.134897 -0.0066676
31.1158 15.0404 -1.53422 -0.993798 -0.110264 0.014414
31.1197 15.0853 -0.168089 -0.986365 -0.160805 0.0337398
31.257 14.0226 -0.219455 -0.995206 -0.0941595 0.026456
31.2257 14.0103 -1.50539 -0.994344 -0.102455 0.0272031
31.22 14.022 -2.95687 -0.994401 -0.105233 -0.00943853
31.2231 14.0584 -4.06347 -0.995183 -0.0972597 -0.0123112
31.2419 14.0507 -5.24748 -0.995054 -0.0945626 -0.0279015
31.2923 14.0412 -6.49493 -0.996344 -0.076732 -0.0367467
31.1956 15.0579 -6.76041 -0.989249 -0.125834 -0.0737711
30.993 16.2997 -6.80848 -0.968947 -0.229373 -0.0899316
30.6109 17.5107 -6.83856 -0.916794 -0.339678 -0.209875
29.9552 18.6466 -6.83872 -0.750648 -0.599159 -0.276785
29.1094 19.5278 -6.82894 -0.578886 -0.742823 -0.323549
27.8262 20.1395 -6.82154 -0.351278 -0.924177 -0.147142
26.5471 20.532 -6.84997 -0.215492 -0.970243 -0.0996037
25.1637 20.7924 -6.84736 -0.16475 -0.985813 -0.0294857
24.0586 20.9499 -6.8301 -0.126134 -0.991714 -0.0243444
22.9663 21.0732 -6.79212 -0.0985852 -0.994773 -0.0254227
21.8804 21.1625 -6.80416 -0.0514405 -0.997676 -0.0446736
20.7239 21.2083 -6.83926 -0.0287633 -0.998922 -0.0353351
19.4196 21.206 -6.79042 0.0197219 -0.998791 -0.0440984
18.3231 21.1584 -6.78106 0.0650525 -0.996107 -0.0592292
17.1405 21.0407 -6.76708 0.109309 -0.992985 -0.0447913
15.812 20.8373 -6.8359 0.174837 -0.983937 -0.0353864
14.726 20.6322 -6.78202 0.208461 -0.977396 -0.0315321
13.4116 20.3297 -6.81714 0.228492 -0.973488 -0.00994007
12.1788 20.0336 -6.76821 0.234897 -0.971987 0.00504635
11.1067 19.7842 -6.81287 0.220706 -0.975134 0.0200322
9.8083 19.5203 -6.84384 0.179749 -0.98206 0.0568699
8.56388 19.3686 -6.75586 0.120134 -0.992658 0.0140348
7.41734 19.2381 -6.81008 0.0998944 -0.994915 0.00352638
6.31339 19.1528 -6.79376 0.0664112 -0.997733 0.0108904
5.06415 19.089 -6.7636 0.0461702 -0.998927 0.00239281
3.85498 19.0436 -6.80389 0.0306378 -0.999526 0.00308396
2.61689 19.01 -6.81208 0.0228169 -0.999702 0.00854329
1.49887 18.9902 -6.83058 0.0162121 -0.999845 0.00674417
0.432578 18.9784 -6.83376 0.00717337 -0.999941 0.008092
-0.656069 18.9715 -6.83872 0.00467192 -0.999903 0.0130036
-1.98008 18.9889 -6.78884 -0.0228485 -0.999576 0.0180183
-3.2187 19.0249 -6.81304 -0.0399023 -0.999044 0.0167293
-4.58159 19.0872 -6.80383 -0.0443614 -0.998893 0.0156382
-5.27232 19.1258 -6.1622 -0.0439916 -0.998953 0.0124302
-5.35031 19.1393 -5.00439 -0.0432958 -0.999035 0.00734172
-5.348 19.1486 -3.83613 -0.0425365 -0.999063 0.00802589
-5.17911 19.1512 -2.50417 -0.0452129 -0.998962 0.00556333
-5.15825 19.1537 -1.17123 -0.047547 -0.998868 -0.00130653
-5.14484 19.1482 0.00432876 -0.0485317 -0.9988 -0.00649511
-5.23223 19.1426 1.28963 -0.0484223 -0.998779 -0.00964542
-5.27091 19.1315 2.36971 -0.0456339 -0.998859 -0.0140709
-5.37982 19.118 3.53546 -0.0398728 -0.999097 -0.0146785
-5.39298 19.1004 4.79472 -0.0397052 -0.999073 -0.0165338
-5.31307 19.08 6.02289 -0.0392364 -0.999147 -0.0128758
-4.32095 19.0234 6.72316 -0.0500909 -0.998521 -0.0210473
-3.1219 18.9734 6.76604 -0.0348714 -0.998971 -0.0288185
-1.869 18.939 6.78606 -0.0245651 -0.999463 -0.021586
-0.452384 18.9226 6.79133 -0.001503 -0.999846 -0.0172819
0.665539 18.93 6.81279 0.0128369 -0.999845 -0.0119618
1.84138 18.9473 6.76235 0.0173292 -0.999834 -0.00503207
2.92463 18.9667 6.76684 0.022153 -0.999714 -0.00904031
4.29853 19.003 6.75574 0.0340246 -0.999349 -0.011532
5.50803 19.06 6.76673 0.0553513 -0.998357 -0.0148107
6.90456 19.1584 6.75266 0.0765485 -0.99687 -0.0196971
8.04477 19.2476 6.78457 0.0868251 -0.995616 -0.0346503
9.1622 19.3697 6.7584 0.132086 -0.987945 -0.0732753
10.4437 19.6068 6.77323 0.202366 -0.977761 -0.0540318
11.5094 19.8534 6.7771 0.249017 -0.968212 -0.0228173
12.7241 20.1648 6.70374 0.2517 -0.967662 -0.0166662
14.0651 20.545 6.82306 0.283186 -0.958913 0.0168218
15.552 20.8464 6.78052 0.182764 -0.982637 0.0319388
16.6947 21.0185 6.7607 0.144777 -0.988551 0.0407151
17.8584 21.1403 6.73562 0.0750428 -0.996094 0.0463514
18.9278 21.2097 6.78861 0.02312 -0.998544 0.0483002
19.998 21.2124 6.77173 -0.0105718 -0.999281 0.036154
21.0958 21.1689 6.77582 -0.075252 -0.996678 0.0292059
22.1837 21.0711 6.75179 -0.092974 -0.995471 0.0197546
23.4049 20.9458 6.72737 -0.0914764 -0.99569 0.0131128
24.7986 20.7682 6.80244 -0.137571 -0.989187 0.05083
25.8976 20.5947 6.77835 -0.188021 -0.981515 0.0282388
26.962 20.3439 6.79165 -0.253373 -0.964928 0.0674215
28.0037 19.9956 6.80947 -0.370199 -0.911035 0.178839
28.9679 19.49 6.75808 -0.559762 -0.812607 0.155106
29.825 18.8071 6.76565 -0.715415 -0.670847 0.191446
30.5765 17.6983 6.7675 -0.926966 -0.324385 0.188179
30.9391 16.5335 6.77115 -0.965063 -0.234257 0.117357
31.1599 15.1848 6.71328 -0.990361 -0.134765 0.028567
31.2787 14.1188 6.55754 -0.995802 -0.0911828 0.00454209
31.2833 14.0519 5.4114 -0.993057 -0.11756 -0.00394629
31.2877 14.0543 4.2011 -0.994384 -0.105798 0.00238652
31.3068 14.0216 2.89562 -0.993696 -0.111022 -0.0150474
31.2942 14.0723 1.56202 -0.992818 -0.118516 0.0162938
31.2765 14.0272 0.475058 -0.993915 -0.10556 0.0308201
31.2623 14.0244 -0.0166036 -0.995207 -0.0941466 0.0264447
