-23.5465 15.7953 3.47662 0.367942 -0.929846 0.00219997
-23.6292 15.7585 2.49275 0.367132 -0.930156 0.00495464
-23.638 15.7503 1.5833 0.366451 -0.930426 0.00459463
-23.6095 15.7554 0.442977 0.364344 -0.931243 0.00618622
-23.5735 15.7619 -0.433784 0.362461 -0.931969 0.00739936
-23.6587 15.7219 -1.29004 0.362481 -0.931953 0.00842695
-23.7469 15.677 -2.37814 0.361093 -0.932484 0.00915972
-23.6163 15.7191 -3.24134 0.358984 -0.933294 0.00958346
-23.6059 15.7221 -3.33557 0.358658 -0.93342 0.00956235
-24.3292 15.4415 -3.52602 0.359608 -0.933066 0.00837588
-24.4796 15.3904 -2.664 0.361888 -0.932188 0.0079304
-24.5267 15.3788 -1.8323 0.363469 -0.931574 0.00770629
-24.3771 15.4442 -0.953804 0.365156 -0.930922 0.00681515
-24.3256 15.4719 0.162567 0.366652 -0.930341 0.00565505
-24.3767 15.4565 1.04283 0.366836 -0.930275 0.00442233
-24.4595 15.4286 2.06845 0.367261 -0.930107 0.00442073
-24.3809 15.4626 2.90448 0.368772 -0.929515 0.00311001
-24.3111 15.4917 3.33121 0.368924 -0.929457 0.00205911
-25.0498 15.1986 3.49093 0.369071 -0.9294 0.00161754
-25.2402 15.1204 2.42579 0.368201 -0.929741 0.00295067
-25.1701 15.1452 1.5689 0.368103 -0.929778 0.00365561
-25.0898 15.1725 0.486271 0.366745 -0.930312 0.00430035
-25.0638 15.1782 -0.438923 0.365341 -0.93086 0.00502195
-25.2286 15.1081 -1.38536 0.363496 -0.931575 0.00626262
-25.3094 15.0704 -2.34511 0.362114 -0.93211 0.00659217
-25.1349 15.1324 -3.16797 0.360951 -0.932559 0.00693506
-25.0727 15.1533 -3.61831 0.360948 -0.932563 0.00650345
-25.8252 14.8631 -3.57804 0.360531 -0.932727 0.00602862
-25.9923 14.8038 -2.65858 0.361299 -0.932435 0.00532164
-26.1013 14.7661 -1.8035 0.361588 -0.932326 0.00473236
-25.8404 14.8719 -0.902101 0.363337 -0.931646 0.00459611
-25.8163 14.8866 0.287162 0.364275 -0.931282 0.00423783
-25.8915 14.8607 1.39625 0.364895 -0.931043 0.00317772
-26.0481 14.801 2.30499 0.366175 -0.930545 0.00145144
-25.878 14.8699 3.21089 0.367939 -0.929847 0.00214929
-25.7999 14.9016 3.57733 0.367806 -0.929901 0.0017114
-26.5749 14.596 3.47652 0.365828 -0.930682 0.00120676
-26.8311 14.4939 2.66684 0.364831 -0.931073 0.00141757
-26.6059 14.581 1.73313 0.364745 -0.931107 0.000885049
-26.7162 14.5365 0.875844 0.363335 -0.931656 0.00222483
-26.5141 14.6125 -0.00880607 0.363826 -0.931461 0.00341178
-26.6863 14.5418 -1.08321 0.362649 -0.931919 0.00347812
-26.7739 14.5036 -2.28331 0.359794 -0.933024 0.00373859
-26.6664 14.5411 -3.1607 0.358987 -0.933335 0.00378923
-26.6087 14.5612 -3.62734 0.358025 -0.933701 0.00446493
-27.4935 14.2237 -3.39407 0.357026 -0.93409 0.00276611
-27.4935 14.226 -2.47869 0.357644 -0.933856 0.00204527
-27.4935 14.2294 -1.2876 0.360109 -0.932908 0.00176865
-27.4935 14.2307 -0.37383 0.361148 -0.932506 0.00197125
-27.4935 14.2327 0.61326 0.36158 -0.93234 0.00152046
-27.4935 14.2343 1.49984 0.362323 -0.932052 0.00132549
-27.4935 14.2353 2.57186 0.362432 -0.93201 0.000296694
-27.4935 14.2362 3.32441 0.364054 -0.931377 0.000590687
-28.2269 13.9498 3.55657 0.362677 -0.931915 -0.000160863
-28.3851 13.8887 2.71066 0.36177 -0.932267 2.59053e-05
-28.3769 13.8916 1.76883 0.36135 -0.93243 0.000710303
-28.2743 13.9302 0.798378 0.360735 -0.932668 0.000859881
-28.2711 13.9303 -0.351918 0.359554 -0.933124 0.000724132
-28.2831 13.925 -1.48052 0.358675 -0.933462 0.000964372
-28.2922 13.9205 -2.32405 0.357116 -0.934059 0.00108072
-28.2704 13.9278 -3.21996 0.356345 -0.934354 0.000828836
-28.2648 13.9299 -3.29392 0.355976 -0.934493 0.00158326
-29.0036 13.6491 -3.31654 0.353932 -0.935271 -0.000508034
-29.0863 13.6176 -2.36426 0.355427 -0.934704 -0.000290352
-29.0758 13.6212 -1.2899 0.357314 -0.933984 0.000442973
-29.047 13.632 -0.452396 0.358492 -0.933532 1.14463e-05
-28.9676 13.6628 0.397351 0.359012 -0.933333 0.000199399
-29.1432 13.5956 1.53396 0.359612 -0.933102 0.000243628
-29.1547 13.591 2.39389 0.35999 -0.932956 -0.000791146
-29.0268 13.6395 3.52595 0.361026 -0.932555 -0.000667034
-29.8417 13.3249 3.50619 0.359828 -0.933018 -0.00131612
-29.9198 13.2961 2.29963 0.359584 -0.933112 -0.000929739
-29.8918 13.3075 1.33996 0.359109 -0.933295 -0.000369803
-29.7574 13.3595 0.164402 0.357768 -0.933811 0.000201975
-29.8354 13.3305 -0.753909 0.357002 -0.934103 -0.0010416
-29.8407 13.3299 -1.60695 0.356058 -0.934463 -0.0013255
-29.8293 13.3355 -2.57337 0.354707 -0.934976 -0.00152008
-29.7711 13.359 -3.6291 0.353537 -0.93542 -0.00102715
-30.5499 13.0643 -3.57332 0.354037 -0.93523 -0.0018849
-30.5728 13.0536 -2.61544 0.354823 -0.93493 -0.0022558
-30.605 13.0391 -1.74858 0.355497 -0.934675 -0.00207072
-30.6027 13.0379 -0.885557 0.357054 -0.934081 -0.0022306
-30.5502 13.056 0.136178 0.358082 -0.933689 -0.00108233
-30.6125 13.0308 1.0461 0.358447 -0.933549 -0.00121528
-30.6774 13.0043 2.21015 0.359323 -0.933212 -0.00128083
-30.6235 13.0239 3.31743 0.3596 -0.933105 -0.00128823
-30.623 13.024 3.38239 0.359461 -0.933159 -0.00150684
-31.3818 12.7308 3.56515 0.36032 -0.932828 -0.00118413
-31.4244 12.7158 2.5252 0.360256 -0.932852 -0.00163678
-31.3969 12.7284 1.54984 0.359506 -0.933141 -0.00170156
-31.3388 12.7525 0.586574 0.358359 -0.933581 -0.00244552
-31.3345 12.7566 -0.317829 0.357375 -0.933957 -0.00260276
-31.3723 12.7455 -1.43112 0.356596 -0.934252 -0.00340619
-31.342 12.7609 -2.40394 0.355229 -0.934773 -0.0034891
-31.3342 12.7668 -3.31367 0.354429 -0.935075 -0.00375937
-31.3382 12.7662 -3.50357 0.353955 -0.935255 -0.00376262
-21.9928 16.3627 -1.27605 0.355297 -0.934684 0.0112077
-22.0514 16.3249 -2.49567 0.355322 -0.934681 0.0108311
-22.0204 16.3216 -3.74624 0.353499 -0.935389 0.00925269
-22.6344 16.0803 -4.67662 0.355155 -0.93477 0.00838113
-23.6864 15.6786 -4.69346 0.358045 -0.933665 0.00858791
-24.8896 15.2157 -4.7243 0.359399 -0.933158 0.00696241
-26.1414 14.7346 -4.72344 0.357902 -0.933741 0.00587163
-27.287 14.2979 -4.69441 0.35521 -0.934783 0.00269955
-28.3188 13.9068 -4.69425 0.35315 -0.935564 0.00193666
-29.3904 13.503 -4.70699 0.352349 -0.935868 -3.93625e-05
-30.4876 13.0902 -4.69409 0.352096 -0.935963 -0.00148985
-31.5349 12.6962 -4.67836 0.352325 -0.93587 -0.00375433
-32.5547 12.3114 -4.64663 0.353325 -0.935486 -0.00527935
-33.0933 12.101 -3.49674 0.354459 -0.935055 -0.00554288
-33.057 12.1074 -2.31741 0.356289 -0.934354 -0.00636462
-32.9948 12.1251 -1.24434 0.357263 -0.933992 -0.00469446
-32.9796 12.1239 0.0138999 0.359366 -0.933183 -0.0049858
-33.0148 12.105 1.12523 0.361136 -0.932502 -0.00449161
-33.0317 12.0926 2.53213 0.36348 -0.931597 -0.00316555
-33.0182 12.0953 3.63433 0.363821 -0.931466 -0.00237994
-32.7044 12.2159 4.58891 0.364593 -0.931164 -0.00220141
-31.7043 12.6041 4.67733 0.360444 -0.932779 -0.00205106
-30.4743 13.079 4.66595 0.360061 -0.932927 -0.00170501
-29.4857 13.4607 4.63377 0.360335 -0.932821 -0.00168127
-28.1695 13.971 4.63682 0.362932 -0.931814 -0.0011038
-27.1515 14.3697 4.64435 0.365238 -0.930913 -0.00160146
-26.0823 14.7907 4.67449 0.36762 -0.929976 0.000331769
-24.8705 15.2711 4.63463 0.369034 -0.929416 0.000574992
-23.6323 15.7629 4.66748 0.369035 -0.929415 0.000790302
-22.6553 16.1486 4.60253 0.364736 -0.931109 0.00187414
-22.1252 16.3526 3.74855 0.355635 -0.934618 0.00349506
-22.1333 16.3416 2.61731 0.356386 -0.934301 0.00847034
-22.0604 16.3608 1.44967 0.357367 -0.933942 0.00636461
-21.994 16.3746 0.121408 0.356943 -0.934094 0.00774006
-22.0068 16.3594 -1.08221 0.354514 -0.935008 0.00887901
-21.043 16.7199 -1.2392 0.349675 -0.936807 0.0109612
-21.0404 16.7066 -2.41405 0.351657 -0.936061 0.0112562
-21.0058 16.7062 -3.50171 0.350878 -0.936346 0.0118419
-20.9535 16.7127 -4.73356 0.349051 -0.937063 0.00873572
-21.4336 16.5258 -5.72631 0.350579 -0.936514 0.00597632
-22.4948 16.1242 -5.77122 0.355073 -0.934807 0.00758977
-23.5448 15.7239 -5.73574 0.357072 -0.93405 0.00704944
-24.6714 15.2913 -5.76883 0.358885 -0.93335 0.00762112
-25.711 14.8926 -5.7661 0.357803 -0.933771 0.00697729
-26.8508 14.4586 -5.73793 0.354185 -0.935156 0.00571329
-27.9139 14.057 -5.71304 0.35289 -0.93566 0.00283134
-29.1505 13.5922 -5.74062 0.350806 -0.936446 0.00214806
-30.2507 13.181 -5.73798 0.350249 -0.936656 -0.00140517
-31.3518 12.7688 -5.73186 0.350745 -0.936464 -0.0035325
-32.4572 12.3539 -5.72131 0.352268 -0.935881 -0.00582606
-33.7937 11.8492 -5.60664 0.3537 -0.93534 -0.00593371
-34.0739 11.7352 -4.4244 0.354445 -0.935052 -0.00685745
-34.0881 11.7217 -3.32666 0.355805 -0.934531 -0.00732322
-34.0427 11.7311 -2.25989 0.357234 -0.933988 -0.00702206
-33.974 11.7494 -1.18882 0.358136 -0.933644 -0.00681669
-33.9857 11.7366 -0.0315226 0.35934 -0.933186 -0.00626543
-34.0205 11.7151 1.01867 0.362792 -0.931852 -0.00576422
-34.0232 11.7074 2.0723 0.364375 -0.93124 -0.0047682
-34.0021 11.7101 3.44729 0.365283 -0.930891 -0.00335135
-34.0069 11.7041 4.62519 0.366953 -0.930236 -0.00239486
-33.553 11.8807 5.68677 0.365715 -0.930725 -0.00202636
-32.3905 12.3355 5.71542 0.362656 -0.931923 0.000184176
-31.1923 12.7999 5.77015 0.360495 -0.932761 -0.000878176
-30.1031 13.2202 5.71063 0.359978 -0.932958 -0.00226288
-28.9236 13.6757 5.71582 0.361088 -0.932527 -0.00261552
-27.6179 14.1845 5.67611 0.36474 -0.931098 -0.00457367
-26.6212 14.5765 5.70877 0.367581 -0.929987 -0.00303139
-25.6336 14.9683 5.69712 0.369156 -0.929367 -0.000546367
-24.4738 15.4296 5.69574 0.369848 -0.929092 0.000591127
-23.4913 15.821 5.72317 0.370217 -0.928943 0.00217178
-22.4591 16.2288 5.71816 0.364011 -0.931386 0.0039857
-21.4975 16.6033 5.58165 0.359869 -0.932989 0.00399496
-21.1093 16.7437 4.62466 0.351954 -0.935987 0.00748624
-21.1505 16.7187 3.36389 0.352094 -0.935943 0.00638514
-21.1107 16.7255 2.1088 0.351392 -0.936208 0.00616811
-21.0484 16.7403 1.02802 0.35079 -0.936413 0.00857748
-20.9743 16.7543 -0.408762 0.351063 -0.93632 0.00776596
-20.9992 16.7399 -0.952986 0.350507 -0.936495 0.0109692
-20.0061 17.1047 -0.957824 0.343159 -0.939272 0.00113798
-20.0255 17.1032 0.162067 0.334239 -0.942412 0.0119887
-20.0696 17.107 1.49646 0.34376 -0.938959 0.013624
-20.1368 17.0932 2.6235 0.348833 -0.937157 0.00721466
-20.1262 17.1049 3.87244 0.347958 -0.937494 0.00529645
-20.0831 17.129 5.1947 0.344761 -0.938682 0.00327245
-20.0782 17.1338 6.25237 0.335594 -0.941989 0.00570129
-20.9414 16.826 6.73347 0.344563 -0.938713 0.00849756
-21.9944 16.4201 6.76823 0.366399 -0.930409 0.00953877
-23.0585 15.9965 6.81957 0.376119 -0.926521 0.00961
-24.2228 15.5296 6.76206 0.370792 -0.928716 -0.000468896
-25.2178 15.1319 6.74388 0.371387 -0.928477 -0.00147332
-26.3565 14.6779 6.78497 0.370274 -0.928914 -0.00390339
-27.5144 14.2196 6.74076 0.368353 -0.929665 -0.00621601
-28.5993 13.7957 6.80416 0.358363 -0.933554 -0.0072247
-29.681 13.3807 6.74263 0.360026 -0.932939 -0.00238103
-30.7498 12.9694 6.80438 0.358261 -0.93362 -0.00159938
-31.9324 12.5126 6.77288 0.361519 -0.932363 -0.0018013
-33.0572 12.078 6.79273 0.362253 -0.932061 0.0057134
-34.171 11.6401 6.76761 0.369143 -0.929359 0.00342074
-34.9618 11.3209 6.23962 0.372596 -0.927991 -0.000144697
-35.0125 11.3062 4.85186 0.366719 -0.930326 -0.00314496
-34.9791 11.3233 3.80163 0.367514 -0.930008 -0.00432455
-35.0281 11.3102 2.56729 0.366203 -0.930524 -0.00460223
-35.0366 11.3159 1.24615 0.364883 -0.931021 -0.00775379
-35.0012 11.3415 0.153533 0.359908 -0.932867 -0.0150225
-34.9825 11.3615 -1.08825 0.359456 -0.933137 -0.0068991
-35.0066 11.3628 -2.33238 0.357535 -0.933865 -0.0080278
-35.0485 11.3571 -3.47579 0.355983 -0.93445 -0.00890794
-35.0651 11.3611 -4.60721 0.354123 -0.935173 -0.00700554
-35.0407 11.3786 -5.75806 0.353909 -0.935257 -0.00656851
-34.7068 11.5129 -6.7548 0.356086 -0.93443 -0.00662618
-33.5197 11.96 -6.76834 0.353263 -0.935518 -0.00338959
-32.4514 12.3625 -6.79042 0.347452 -0.937689 -0.00398117
-31.4521 12.7334 -6.79662 0.356826 -0.934169 -0.0014792
-30.4243 13.1195 -6.787 0.345899 -0.938253 -0.00423063
-29.1826 13.5775 -6.77331 0.348714 -0.937222 0.00378024
-28.0898 13.9886 -6.77977 0.350557 -0.93654 0.00144074
-26.9461 14.4165 -6.76853 0.351398 -0.936181 0.0091882
-25.9334 14.7991 -6.79678 0.355731 -0.934551 0.00836314
-24.7518 15.2519 -6.82093 0.360574 -0.932703 0.00711613
-23.5658 15.7091 -6.77996 0.357081 -0.93406 0.00508787
-22.4306 16.1411 -6.85778 0.354842 -0.934909 0.00560364
-21.4421 16.5156 -6.80806 0.351937 -0.936003 0.0061329
-20.4204 16.8992 -6.79206 0.348726 -0.937217 -0.00214547
-19.9059 17.0921 -5.90513 0.346716 -0.937951 0.00589524
-19.9235 17.0926 -4.82673 0.343127 -0.93926 0.00734559
-19.9745 17.0877 -3.76795 0.344279 -0.938724 0.016402
-20.0223 17.087 -2.51296 0.351357 -0.936186 0.0101868
-20.0246 17.0963 -1.36718 0.345426 -0.938424 0.00583756
-20.0207 17.0985 -1.18312 0.344402 -0.938815 0.00368533
