30.885 18.38 2.92808 -0.873195 -0.486451 -0.0291359
30.8844 18.4143 1.69234 -0.863381 -0.504352 -0.00587908
30.8438 18.376 0.574433 -0.830295 -0.55143 0.0793976
30.8044 18.3185 -0.380788 -0.846063 -0.528404 0.06815
30.7563 18.309 -1.47871 -0.869887 -0.492899 -0.01651
30.7611 18.3745 -2.65599 -0.887776 -0.445019 -0.107832
30.7663 18.3803 -2.70252 -0.852937 -0.505948 -0.0951186
30.1966 19.0977 -2.94236 -0.728652 -0.684543 -0.00161092
30.2136 19.054 -1.96462 -0.747457 -0.662038 -0.0280991
30.2498 19.0361 -0.941583 -0.74648 -0.663762 0.0467633
30.2587 19.0912 0.0573802 -0.772589 -0.627513 0.0962084
30.31 19.1328 1.07595 -0.712779 -0.697634 0.0693094
30.3229 19.1208 2.03532 -0.68369 -0.729426 0.0021294
30.3268 19.1314 2.85191 -0.664517 -0.744005 -0.0632467
29.6132 19.6996 2.95545 -0.538694 -0.840142 -0.0560654
29.605 19.7131 1.93853 -0.565427 -0.82466 -0.013212
29.6139 19.7587 0.881115 -0.552474 -0.830363 -0.0610826
29.5919 19.6787 -0.364967 -0.674841 -0.732258 0.0496996
29.587 19.6741 -1.34328 -0.615803 -0.787637 -0.00504983
29.5433 19.6787 -2.42063 -0.582234 -0.812603 0.0237094
29.5152 19.6937 -2.90713 -0.602415 -0.798129 -0.00909359
28.7151 20.184 -3.10106 -0.464634 -0.885449 -0.000637781
28.7715 20.1638 -2.0289 -0.476097 -0.87904 0.0238489
28.8232 20.1401 -0.964107 -0.432936 -0.901397 -0.00271569
28.8268 20.1955 0.283275 -0.41053 -0.910778 0.0440441
28.8056 20.2207 1.26803 -0.44273 -0.896152 -0.0199723
28.8145 20.1821 2.33234 -0.460492 -0.887439 0.0171419
28.8181 20.1727 2.98022 -0.501546 -0.864736 -0.0251923
27.9865 20.5424 2.78103 -0.360348 -0.93281 0.0013898
27.9727 20.564 1.8196 -0.349204 -0.936397 -0.0336664
27.9803 20.5567 0.540985 -0.319574 -0.946883 0.0333163
27.9918 20.5198 -0.427197 -0.340913 -0.939504 0.0330157
27.9677 20.5228 -1.47342 -0.355055 -0.933911 -0.0345566
27.8779 20.5811 -2.42581 -0.344492 -0.938453 -0.0197796
27.8422 20.6042 -3.10852 -0.373452 -0.925633 0.0503621
26.9667 20.8633 -2.94478 -0.255937 -0.966456 0.0213331
27.0395 20.8459 -1.936 -0.243506 -0.969838 -0.0108864
27.1053 20.8024 -0.831762 -0.300379 -0.953785 0.00806727
27.126 20.8102 0.308459 -0.266532 -0.963555 0.0207736
27.0822 20.8288 1.39657 -0.247225 -0.968958 0.00106435
27.1115 20.8093 2.52251 -0.237583 -0.971194 -0.0177557
27.1369 20.7952 2.94205 -0.239582 -0.970752 -0.00474031
26.2218 21.0176 2.6878 -0.222496 -0.974817 -0.00312596
26.1889 21.0476 1.72504 -0.190908 -0.981564 8.13177e-05
26.2102 21.0324 0.749033 -0.214247 -0.976635 0.0168121
26.2089 21.0211 -0.50953 -0.20657 -0.978339 -0.0132323
26.1601 21.0521 -1.48203 -0.222667 -0.974681 -0.0203435
26.0997 21.0817 -2.57274 -0.207865 -0.977554 -0.0070777
26.0757 21.0861 -2.82071 -0.219656 -0.975308 0.0114026
25.1589 21.25 -2.97418 -0.147978 -0.988841 -0.0111676
25.2236 21.234 -1.87381 -0.157217 -0.987236 -0.0234165
25.2878 21.2127 -0.832941 -0.155542 -0.987803 -0.00719407
25.311 21.2013 0.24897 -0.151563 -0.988398 -0.00290344
25.271 21.2042 1.32513 -0.139647 -0.990111 -0.0133081
25.2697 21.1959 2.44871 -0.159618 -0.987119 -0.00591615
25.3132 21.1956 2.79841 -0.158935 -0.987178 0.0118372
24.3794 21.3262 2.82324 -0.120408 -0.992513 0.0204188
24.3337 21.3336 1.71058 -0.128751 -0.991656 0.000928775
24.3996 21.3298 0.443343 -0.120794 -0.992651 -0.00726668
24.4015 21.3361 -0.591374 -0.120157 -0.992596 -0.0165413
24.3317 21.3607 -1.59188 -0.128751 -0.991606 -0.0117745
24.242 21.3822 -2.61898 -0.125351 -0.992091 -0.00655096
24.2225 21.3861 -2.82827 -0.125774 -0.992038 -0.0063908
23.3084 21.4962 -2.85658 -0.108362 -0.994094 -0.00587745
23.3979 21.472 -1.82257 -0.103075 -0.994528 -0.0168452
23.4926 21.4442 -0.830761 -0.102021 -0.994627 -0.0175538
23.4839 21.4389 0.282236 -0.0994117 -0.995035 -0.00246391
23.405 21.4442 1.37973 -0.104432 -0.994517 0.00298298
23.4352 21.4412 2.45418 -0.107354 -0.994211 0.0028767
23.4871 21.4372 2.91897 -0.103938 -0.994581 0.0011574
22.5683 21.5234 2.78583 -0.0767853 -0.997044 0.00169981
22.474 21.5355 1.69685 -0.0785474 -0.996876 -0.000716535
22.5213 21.5274 0.625732 -0.0754491 -0.997139 -4.52397e-05
22.6018 21.5234 -0.386622 -0.0781363 -0.996863 -0.00934672
22.5181 21.5477 -1.55081 -0.0864657 -0.996107 -0.0169644
22.3946 21.5745 -2.49982 -0.0832297 -0.996245 -0.0233175
22.3403 21.5866 -3.02677 -0.0768018 -0.996892 -0.0126846
21.4232 21.6431 -2.89452 -0.0608221 -0.998051 -0.0139048
21.587 21.6199 -1.73835 -0.0593685 -0.998122 -0.0139647
21.6828 21.5962 -0.530958 -0.0685551 -0.997511 -0.0149685
21.5947 21.5924 0.5262 -0.0635511 -0.99797 -0.00244942
21.5375 21.5917 1.77534 -0.035607 -0.999355 -0.00464035
21.6398 21.5862 2.73216 -0.0482316 -0.998828 0.00290698
21.6516 21.5857 2.83855 -0.0518203 -0.998651 -0.000923386
20.7393 21.623 2.89906 -0.0258114 -0.999572 0.0133672
20.5847 21.6227 1.80199 -0.0233579 -0.999726 -0.00115601
20.6819 21.626 0.582871 -0.0321931 -0.999475 -0.00357583
20.7546 21.6329 -0.378701 -0.0404471 -0.999013 -0.0183557
20.7118 21.6533 -1.38676 -0.0404612 -0.999066 -0.0151368
20.5692 21.682 -2.45879 -0.0167268 -0.999275 -0.0273082
20.4952 21.6949 -3.01183 0.00142497 -0.998863 0.0228495
19.6127 21.6776 -2.75541 0.0152047 -0.999875 -0.00279693
19.7691 21.66 -1.53541 0.00877224 -0.999608 -0.0261619
19.8291 21.6441 -0.44103 -0.00593597 -0.999845 -0.0165321
19.7726 21.6484 0.534931 -0.014374 -0.999847 -0.0067036
19.6201 21.6368 1.83212 0.000386199 -0.999976 -0.00328725
19.8295 21.6425 2.89383 -0.000770582 -0.999838 0.00914295
18.9032 21.6286 2.89111 0.0217779 -0.999646 0.0140363
18.6686 21.607 1.83893 0.0581458 -0.998302 0.00143305
18.8286 21.6185 0.67691 0.0559073 -0.998431 -0.00293256
18.941 21.6303 -0.358622 0.0215421 -0.999654 -0.014912
18.8266 21.643 -1.64626 0.0336248 -0.9993 -0.0101803
18.6327 21.6534 -2.83716 0.0516243 -0.998577 -0.0118852
18.6284 21.6533 -2.85575 0.0570692 -0.998336 -0.000355956
17.6787 21.5822 -2.87111 0.101219 -0.99479 0.0102404
17.8631 21.5962 -1.81589 0.0893794 -0.995752 -0.0215999
17.9834 21.5855 -0.794206 0.0895572 -0.995935 -0.00833675
17.9829 21.5695 0.183651 0.0684137 -0.997632 -0.00694815
17.7935 21.5558 1.14821 0.0748518 -0.997181 -0.00280653
17.7507 21.55 2.0862 0.0684206 -0.997557 0.00919765
17.979 21.5814 2.87929 0.0794899 -0.996544 0.0232041
17.0698 21.4945 2.82573 0.10033 -0.994942 0.00493107
16.7509 21.4578 1.79652 0.113719 -0.993492 -0.00312021
17.0098 21.4948 0.675329 0.0866397 -0.996204 -0.00489251
17.0411 21.4932 -0.280366 0.0950076 -0.99522 0.0185772
16.9008 21.4853 -1.36364 0.100571 -0.994902 -0.007248
16.8438 21.4796 -2.47573 0.128364 -0.9917 0.00465743
16.705 21.4571 -2.99614 0.143244 -0.989654 0.00805204
15.8474 21.3268 -2.78452 0.172487 -0.984981 0.00774696
15.84 21.331 -1.81448 0.166139 -0.986048 0.0088145
15.8157 21.337 -0.755506 0.1584 -0.987246 0.00410829
15.8117 21.3359 0.198276 0.164391 -0.986383 0.00488399
15.9353 21.3551 1.19139 0.157492 -0.987445 -0.012076
15.9212 21.3482 2.14454 0.14913 -0.988815 0.00175029
15.8138 21.3354 2.86138 0.150148 -0.988635 0.00732428
14.587 21.1245 2.87573 0.20548 -0.978584 0.00400004
14.66 21.1411 1.90448 0.204084 -0.978901 0.00766061
14.8495 21.1702 0.835443 0.18819 -0.982056 0.0111023
14.8972 21.1619 -0.363306 0.20775 -0.978092 0.0130052
14.9052 21.155 -1.42368 0.199795 -0.979834 -0.000364456
14.8924 21.1536 -2.39737 0.207217 -0.97828 0.00536159
14.8879 21.1507 -3.0575 0.202707 -0.979233 -0.00229091
13.7246 20.9005 -2.8969 0.231902 -0.97271 -0.00751562
13.7644 20.9084 -1.77078 0.233085 -0.972455 0.00141589
13.9725 20.9587 -0.810214 0.218187 -0.975847 0.00729399
13.8786 20.9492 0.221597 0.224502 -0.974344 0.0154616
13.5102 20.8765 1.28999 0.246246 -0.969168 0.00862271
13.4007 20.8518 2.23069 0.237013 -0.971498 0.00405428
13.3982 20.8514 2.96157 0.241914 -0.970295 -7.28354e-05
12.4761 20.619 2.91109 0.244448 -0.969662 0.000484297
12.4876 20.6186 1.72301 0.247253 -0.968939 0.00472228
12.6896 20.6648 0.740885 0.246294 -0.969141 0.00936647
13.0016 20.7282 -0.415675 0.237592 -0.971328 0.00839745
12.8778 20.6943 -1.39139 0.240823 -0.970568 0.000628673
12.7448 20.6617 -2.48026 0.244614 -0.969618 -0.000517895
12.7924 20.6733 -2.98 0.241749 -0.970338 0.000757191
11.8518 20.441 -2.90327 0.235632 -0.971837 -0.0029851
11.8498 20.4388 -1.91608 0.235508 -0.971869 -0.00228924
12.0011 20.4781 -0.850031 0.241038 -0.970479 0.00842946
11.8708 20.4548 0.209581 0.239971 -0.970745 0.00820072
11.6429 20.4038 1.2528 0.23703 -0.971486 0.00546259
11.5646 20.3922 2.23073 0.233201 -0.972404 0.00694286
11.6033 20.4047 2.7613 0.23238 -0.972619 0.00331341
10.7157 20.2018 2.80033 0.214043 -0.976819 -0.0018713
10.695 20.1953 1.68715 0.193191 -0.981157 0.00276344
10.8223 20.2126 0.675048 0.214876 -0.976563 0.0123715
11.0097 20.2458 -0.370414 0.214193 -0.976779 0.00493593
10.9463 20.2314 -1.67789 0.208975 -0.977914 -0.00360801
10.9103 20.2272 -2.75259 0.210443 -0.977597 -0.000256621
10.0174 20.0486 -2.94979 0.179436 -0.983635 0.0147781
10.0332 20.0489 -1.87284 0.171064 -0.985208 -0.00971632
10.0754 20.0478 -0.658554 0.187504 -0.982208 0.0102157
9.97888 20.0419 0.343004 0.185519 -0.98257 0.0117786
9.83809 20.0253 1.29487 0.185074 -0.982671 0.0101601
9.80266 20.0207 2.31788 0.187516 -0.982241 -0.00101694
9.86239 20.0287 2.9469 0.173779 -0.984735 -0.008108
8.92428 19.8695 2.6258 0.163501 -0.986539 -0.00297561
8.93311 19.8681 1.64919 0.161775 -0.986822 0.00326976
9.03959 19.8758 0.430246 0.15878 -0.987245 0.00530539
9.1167 19.8865 -0.727347 0.144596 -0.98946 -0.00777516
9.0963 19.8923 -1.97708 0.136066 -0.990699 -0.000999447
9.09376 19.8889 -2.90163 0.166761 -0.985713 0.023643
8.15187 19.7565 -2.82173 0.120986 -0.992439 0.020645
8.14212 19.7665 -1.72553 0.120155 -0.992755 -0.000533387
8.17548 19.7562 -0.575611 0.123929 -0.992173 -0.0144952
8.10987 19.7405 0.539506 0.122878 -0.992414 -0.00275753
8.05165 19.7364 1.51225 0.116258 -0.993204 0.00129103
8.07202 19.7432 2.79028 0.132885 -0.991117 -0.00449076
8.08136 19.7441 2.92762 0.130633 -0.991429 -0.00207818
7.19358 19.6401 2.94928 0.0857088 -0.996317 0.000793014
7.13926 19.6402 1.88948 0.0924265 -0.995707 -0.00443031
7.16071 19.6418 0.835932 0.0860051 -0.996291 0.00250921
7.23639 19.6528 -0.249097 0.0915154 -0.99578 -0.00684278
7.22868 19.6565 -1.22731 0.101172 -0.994863 0.000218279
7.18686 19.653 -2.20567 0.105205 -0.994407 0.00587494
7.22396 19.6543 -2.85206 0.0820016 -0.996625 0.000654062
6.2871 19.58 -2.82604 0.0703393 -0.997523 0.000171042
6.24328 19.5689 -1.76339 0.072817 -0.997308 -0.00799371
6.26938 19.5665 -0.803988 0.0926202 -0.995698 -0.00246798
6.28377 19.568 0.453808 0.0814781 -0.996673 0.000147062
6.22455 19.5627 1.42218 0.078471 -0.996912 -0.000734979
6.27156 19.5641 2.47602 0.0821907 -0.996614 -0.00233675
6.28421 19.5636 2.89072 0.0842867 -0.996428 -0.00513132
5.35698 19.4898 2.99313 0.0641005 -0.997943 0.00110023
5.31807 19.494 1.73133 0.0719368 -0.997392 -0.00408452
5.34459 19.4961 0.436556 0.0632165 -0.997941 -0.00510183
5.34902 19.5011 -0.7961 0.052035 -0.998643 -0.000380076
5.34057 19.5062 -1.76282 0.0669563 -0.997711 -0.00916944
5.37023 19.5177 -2.96737 0.0686926 -0.997637 0.00146654
5.37047 19.5176 -3.06112 0.0680116 -0.997682 0.00214169
4.45553 19.4768 -3.04825 0.0351777 -0.999376 -0.00266476
4.43076 19.463 -1.83334 0.0374328 -0.999238 -0.0093367
4.43119 19.4564 -0.799068 0.0458482 -0.998942 -0.00364186
4.45104 19.454 0.178218 0.0421205 -0.999086 -0.00608312
4.41806 19.4443 1.16658 0.0423476 -0.99908 -0.00396689
4.43428 19.4436 2.32323 0.048381 -0.998812 -0.00441543
4.46703 19.4418 2.8859 0.0485268 -0.99882 0.00154282
3.52624 19.4068 2.6735 0.0296564 -0.999558 0.00105224
3.51086 19.4074 1.40748 0.0372079 -0.999285 -0.00667626
3.53768 19.4181 0.306269 0.0319598 -0.99944 -0.00842084
3.52217 19.423 -0.911608 0.0220932 -0.999712 -0.00875815
3.51926 19.4379 -2.07589 0.0263473 -0.999593 -0.0107031
3.53139 19.4472 -2.93266 0.0317624 -0.999457 -0.00799699
2.61459 19.4233 -2.91609 0.0160383 -0.999861 -0.00448319
2.60747 19.4151 -1.89585 0.0178529 -0.999777 -0.0107353
2.6062 19.4025 -0.875832 0.0133836 -0.999866 -0.00914028
2.60644 19.395 0.283696 0.0194321 -0.99978 -0.00754435
2.6062 19.3813 1.28241 0.0199188 -0.999713 -0.0121436
2.60894 19.3812 2.4319 0.017091 -0.999854 0.000183492
2.61457 19.3813 2.64774 0.0178457 -0.99984 0.000468169
1.72049 19.3689 2.87348 0.00959782 -0.999952 5.19468e-05
1.69328 19.369 1.75983 0.00705636 -0.999973 -0.00201509
1.66839 19.3737 0.770534 0.00278471 -0.999959 -0.00844796
1.69167 19.3877 -0.310463 0.00522655 -0.999932 -0.0103786
1.69374 19.397 -1.32874 0.0069591 -0.999918 -0.0107486
1.70448 19.4061 -2.39027 0.00799628 -0.999935 -0.00776977
1.71509 19.4106 -2.94975 0.01548 -0.999849 -0.00764015
0.797415 19.4051 -2.84985 -0.00258146 -0.99998 -0.00419536
0.770349 19.3961 -1.62875 -0.00223849 -0.999962 -0.00847023
0.775026 19.3869 -0.476878 -0.00201915 -0.999964 -0.00818687
0.771572 19.3755 0.484004 0.000294814 -0.999937 -0.0111357
0.774603 19.3684 1.55417 -0.00267611 -0.99999 -0.00349151
0.80475 19.3654 2.60506 -0.0015133 -0.999995 -0.00291808
0.805513 19.3653 2.63062 -0.00149226 -0.999996 -0.00242246
-0.0993792 19.3718 2.89632 -0.0196855 -0.999796 -0.00271968
-0.134357 19.3779 1.82964 -0.00939438 -0.999914 -0.00707777
-0.134068 19.3828 0.799073 -0.0206973 -0.999748 -0.00804287
-0.11719 19.3927 -0.199681 -0.0159828 -0.999834 -0.00873945
-0.128869 19.3986 -1.19039 -0.0110812 -0.999918 -0.00638213
-0.12462 19.4091 -2.26724 -0.0188811 -0.999777 -0.00948522
-0.134087 19.4131 -2.82869 -0.0132343 -0.999911 0.00154744
20.561 21.6858 -4.29185 -0.0194237 -0.999603 -0.0170458
19.1442 21.6665 -4.24389 0.0374713 -0.999293 -0.000696098
17.8473 21.5866 -4.20209 0.0847885 -0.996394 0.00263616
16.4677 21.4326 -4.23172 0.14281 -0.989648 -0.00382552
15.2247 21.2229 -4.28582 0.18524 -0.982669 -0.00128158
13.9048 20.9387 -4.28747 0.218151 -0.975858 0.0105455
12.6919 20.6488 -4.23738 0.238257 -0.971202 0.000395844
11.339 20.3235 -4.24004 0.227603 -0.973736 -0.00585976
10.0481 20.0481 -4.26612 0.182536 -0.983072 0.0156883
8.64672 19.8093 -4.30399 0.156914 -0.987592 0.00629103
7.37793 19.6657 -4.29058 0.0986982 -0.995072 -0.00944937
5.84281 19.5463 -4.30635 0.064351 -0.997926 0.00180362
4.36091 19.4768 -4.31411 0.0356897 -0.99936 0.00041408
3.085 19.4371 -4.24944 0.0254469 -0.999672 0.000848193
1.51459 19.4108 -4.21226 0.0118745 -0.999928 0.00183521
0.00630003 19.4117 -4.22316 -0.00900418 -0.999953 0.00316295
-1.26932 19.4306 -4.23329 -0.0233022 -0.999677 0.00818256
-1.87819 19.4558 -3.18958 -0.0408099 -0.999167 -0.000296809
-1.96899 19.4573 -1.87538 -0.0432216 -0.999057 -0.00367164
-1.93037 19.4495 -0.369341 -0.044022 -0.998995 -0.00844406
-1.84064 19.4367 0.965933 -0.046341 -0.998923 -0.00017296
-1.92121 19.4295 2.38965 -0.0449399 -0.998942 -0.00971956
-1.96521 19.4201 3.67021 -0.0351316 -0.9993 -0.0128451
-0.932811 19.3801 4.21775 -0.0254517 -0.99955 -0.0141385
0.403115 19.3648 4.23981 -0.00428952 -0.999971 -0.00623284
1.80517 19.3666 4.24243 0.0114354 -0.999931 0.000486313
3.31368 19.3979 4.23197 0.0287952 -0.999581 -0.00188832
4.68028 19.4497 4.22092 0.0573209 -0.998282 -0.012118
6.0901 19.536 4.25572 0.072112 -0.997358 -0.00844089
7.42267 19.6536 4.22606 0.102168 -0.994679 -0.0111669
8.83829 19.8309 4.2289 0.149939 -0.988363 -0.0205069
10.1311 20.0647 4.20487 0.207929 -0.978035 -0.0106733
11.5924 20.3966 4.24141 0.231986 -0.972644 -0.00958585
13.086 20.7719 4.23004 0.237111 -0.971449 -0.000980339
14.5924 21.1184 4.23451 0.208674 -0.977956 0.00750106
15.8956 21.3609 4.21557 0.163388 -0.986376 0.01885
17.3236 21.5535 4.22643 0.107221 -0.994066 0.0164301
18.6842 21.6445 4.16778 0.0288591 -0.999356 0.021333
20.1098 21.6592 4.20525 -0.0104163 -0.999636 0.0219687
21.5198 21.6017 4.23572 -0.0625901 -0.997997 0.00914629
22.8116 21.5053 4.23216 -0.0923272 -0.995727 -0.000920994
24.086 21.369 4.22314 -0.122199 -0.992505 -0.00144174
25.4709 21.1709 4.22338 -0.174675 -0.984541 -0.00162216
26.8285 20.876 4.23772 -0.254549 -0.966387 -0.00503411
28.3141 20.3733 4.21672 -0.360053 -0.932878 -0.00271722
29.4975 19.7313 4.24341 -0.577776 -0.810277 0.0371114
30.4883 18.8747 4.2776 -0.714305 -0.697085 -0.0506658
31.2409 17.6637 4.29012 -0.914187 -0.403205 -0.0364013
31.5848 16.6776 3.63419 -0.970809 -0.235697 -0.0390887
31.6093 16.6982 2.2434 -0.971208 -0.230248 0.00524504
31.5894 16.6779 0.989086 -0.970361 -0.239644 0.0297717
31.5395 16.6783 -0.260805 -0.97771 -0.200597 0.0618629
31.4625 16.6434 -1.50866 -0.973839 -0.22607 0.0218929
31.4566 16.666 -2.83985 -0.976778 -0.21021 -0.00828481
31.3988 16.9388 -4.1485 -0.967307 -0.25326 -0.00557061
30.7288 18.4176 -4.27015 -0.844789 -0.533788 0.0335035
29.8969 19.4217 -4.27368 -0.696225 -0.717463 -0.0226399
28.7693 20.1957 -4.32408 -0.455297 -0.889374 -0.0328353
27.5565 20.6824 -4.31015 -0.329006 -0.943625 -0.0357048
26.3332 21.0181 -4.2668 -0.223936 -0.974593 -0.00463102
24.9377 21.2917 -4.2839 -0.147769 -0.988998 0.00634055
23.553 21.4768 -4.25788 -0.106885 -0.994249 -0.00663041
22.0973 21.6195 -4.28131 -0.0757854 -0.997017 -0.0124189
21.0347 21.6723 -4.29305 -0.033203 -0.999305 -0.0160451
20.8712 21.7043 -5.54386 -0.038928 -0.999033 -0.0194474
22.1767 21.6319 -5.51454 -0.0746211 -0.997088 -0.0149788
23.7629 21.4753 -5.49784 -0.111328 -0.993519 -0.0214308
25.0519 21.2942 -5.51691 -0.155669 -0.987223 -0.0311927
26.411 21.0343 -5.44845 -0.221241 -0.974578 -0.0353585
27.6119 20.7274 -5.54573 -0.302694 -0.950688 -0.064771
28.8316 20.2476 -5.52199 -0.43567 -0.894555 -0.0834609
29.9239 19.5024 -5.49256 -0.637596 -0.765648 -0.0775454
30.7022 18.525 -5.49251 -0.842373 -0.538545 -0.0192746
31.2985 17.3495 -5.5087 -0.955721 -0.292114 -0.00884932
31.6 16.1411 -5.49637 -0.990417 -0.134135 -0.0309763
31.6729 15.4589 -4.53986 -0.992574 -0.121248 -0.00892949
31.6583 15.4573 -3.29342 -0.989287 -0.145831 -0.00305211
31.6761 15.4535 -2.01911 -0.987599 -0.155504 0.0200225
31.7369 15.4691 -0.470946 -0.988622 -0.137787 0.058493
31.7975 15.4874 0.818629 -0.992735 -0.115492 0.0333216
31.8047 15.4889 2.12093 -0.993142 -0.115372 -0.0160932
31.7812 15.4782 3.37661 -0.991666 -0.127042 -0.0204383
31.7664 15.4826 4.7172 -0.987953 -0.154274 0.00488598
31.6512 16.2274 5.46985 -0.982067 -0.188473 0.00404716
31.346 17.4387 5.51644 -0.961169 -0.271497 0.0407645
30.7118 18.7158 5.51991 -0.821768 -0.566381 0.0479432
29.8129 19.5759 5.47065 -0.604192 -0.791197 0.0781028
28.7351 20.2256 5.44773 -0.465504 -0.882714 0.0637647
27.5095 20.6843 5.44943 -0.294429 -0.955225 0.0287837
26.288 21.004 5.4701 -0.219205 -0.975265 0.0266325
25.0518 21.2347 5.44038 -0.141977 -0.989808 -0.00065544
23.6679 21.4199 5.47105 -0.115376 -0.993277 0.0051731
22.4087 21.5474 5.44299 -0.0952597 -0.995406 0.00960632
21.0659 21.6504 5.47877 -0.0541347 -0.998241 0.0238525
19.6557 21.6943 5.42266 0.00206088 -0.999537 0.0285977
18.3349 21.655 5.39918 0.0580599 -0.997637 0.036356
17.0078 21.5443 5.4648 0.125624 -0.991668 0.0271317
15.683 21.3506 5.45403 0.168853 -0.985371 0.0228474
14.425 21.0959 5.47681 0.20476 -0.978694 0.0152094
13.2017 20.8013 5.45525 0.249162 -0.968461 -7.88142e-05
11.9587 20.4769 5.47184 0.254738 -0.966998 -0.00481892
10.5029 20.1266 5.42642 0.211172 -0.977169 -0.0218478
9.09769 19.853 5.44821 0.176595 -0.984174 -0.0146518
7.75323 19.6759 5.4812 0.106679 -0.994131 -0.0179476
6.18908 19.532 5.45917 0.0755424 -0.997035 -0.0131982
4.90462 19.4516 5.47564 0.0506167 -0.998685 -0.00620762
3.51335 19.3977 5.45882 0.0290398 -0.999565 -0.00476254
2.20655 19.3706 5.48149 0.0163687 -0.999847 -0.00604022
0.948117 19.355 5.50785 0.00940394 -0.999949 -0.00312884
-0.441238 19.3608 5.45828 -0.0103387 -0.999933 -0.00503614
-1.75084 19.3859 5.48871 -0.0277476 -0.999486 -0.0160263
-3.08871 19.4434 5.28294 -0.0475189 -0.998654 -0.0207825
-3.26897 19.476 3.93117 -0.0542712 -0.998398 -0.0159852
-3.1234 19.4899 2.44651 -0.054845 -0.99841 -0.0128955
-3.05373 19.5006 1.06419 -0.0599284 -0.998177 -0.00596043
-3.15577 19.5108 -0.452609 -0.0559119 -0.998429 -0.0030047
-3.18983 19.5149 -2.01004 -0.0533305 -0.998577 0.000132096
-3.08998 19.5085 -3.44662 -0.049667 -0.998762 0.000339801
-3.03864 19.4983 -4.70697 -0.0570225 -0.998229 0.0168923
-2.12429 19.4444 -5.50997 -0.033894 -0.999251 0.0186606
-0.593756 19.4082 -5.45087 -0.011858 -0.999866 0.0111997
0.938801 19.4033 -5.43989 0.00420823 -0.999985 0.00354516
2.21384 19.4173 -5.43035 0.0194355 -0.999801 0.00438239
3.76291 19.4549 -5.51639 0.0328086 -0.999451 0.0011423
5.04892 19.5055 -5.53492 0.0443348 -0.999002 -0.00455793
6.4167 19.5885 -5.47933 0.0787971 -0.99688 0.000133309
7.82326 19.7188 -5.54748 0.110474 -0.993875 -0.000800667
9.17747 19.8845 -5.54842 0.13623 -0.990624 0.00638134
10.6126 20.1494 -5.49311 0.208049 -0.978093 0.00588256
11.8956 20.4512 -5.47385 0.234928 -0.972005 0.00348205
13.1816 20.7649 -5.50043 0.233796 -0.972282 0.00255924
14.4656 21.0558 -5.53723 0.211621 -0.977348 0.00270975
15.7261 21.3106 -5.50928 0.175137 -0.98414 -0.028145
17.2135 21.5424 -5.45506 0.125819 -0.991643 -0.02604
18.5811 21.654 -5.44027 0.0583875 -0.997757 -0.0322333
19.9085 21.7095 -5.49618 0.0219617 -0.999474 -0.0220659
20.7683 21.7071 -5.5408 -0.0243752 -0.999462 -0.0217988
20.8356 21.7353 -6.76305 -0.0200743 -0.999222 -0.0332309
22.0846 21.6604 -6.73538 -0.0925011 -0.995132 -0.0323304
23.3506 21.5403 -6.72971 -0.0963077 -0.995214 -0.0164784
24.8425 21.3604 -6.76484 -0.138154 -0.990117 -0.0240475
26.3002 21.1116 -6.69094 -0.21015 -0.976675 -0.0429609
27.6284 20.8039 -6.75402 -0.237502 -0.967579 -0.0850831
28.9258 20.3516 -6.72606 -0.412126 -0.890277 -0.192492
30.0604 19.6232 -6.72172 -0.690736 -0.669072 -0.266326
30.8726 18.4635 -6.73622 -0.848099 -0.502333 -0.166473
31.391 17.2817 -6.74117 -0.941765 -0.31001 -0.127072
31.7232 15.7365 -6.71538 -0.99097 -0.111765 -0.0727789
31.8466 14.4688 -6.63876 -0.996152 -0.0796181 -0.0365166
31.8283 14.2273 -5.29471 -0.995273 -0.0941333 -0.0236767
31.8007 14.2106 -4.04149 -0.997651 -0.0654657 -0.0189846
31.8034 14.2302 -2.75969 -0.995699 -0.088694 0.0257387
31.8335 14.2432 -1.46299 -0.99603 -0.0852452 0.0253894
31.8661 14.2545 -0.175655 -0.996273 -0.0780066 0.0364939
31.9149 14.2691 1.09135 -0.996474 -0.0793885 0.0257635
31.9205 14.2818 2.63531 -0.996286 -0.08466 -0.0135409
31.9075 14.2503 3.91412 -0.997431 -0.0709342 -0.00833073
31.8985 14.2464 5.48121 -0.996335 -0.0852764 -0.00641548
31.8467 14.8142 6.6925 -0.996703 -0.0810414 -0.00331259
31.7301 16.2387 6.68653 -0.993332 -0.0979892 0.0578563
31.4301 17.4852 6.73078 -0.951878 -0.296251 0.0739903
30.8588 18.6862 6.73834 -0.845576 -0.518481 0.114019
29.8251 19.7531 6.66564 -0.561969 -0.811128 0.14984
28.5291 20.4433 6.68512 -0.356982 -0.922304 0.124998
27.2368 20.8284 6.6796 -0.266219 -0.96169 0.0632755
25.9049 21.1286 6.71207 -0.197465 -0.979444 0.0359978
24.3823 21.3595 6.70044 -0.125549 -0.991406 0.0359357
22.8384 21.516 6.67994 -0.10603 -0.994344 0.00545371
21.5445 21.6453 6.71624 -0.083379 -0.996308 0.0203196
19.9893 21.7379 6.66772 -0.0161602 -0.998446 0.0490965
18.5583 21.7127 6.65803 0.0454847 -0.998105 0.0408752
17.17 21.6051 6.71474 0.121952 -0.991323 0.0484664
15.6763 21.3786 6.67919 0.181771 -0.982519 0.0401307
14.3579 21.1216 6.7287 0.206928 -0.976871 0.0538942
13.0792 20.7698 6.68024 0.266449 -0.963734 0.0148887
11.8202 20.4237 6.7143 0.257193 -0.965945 -0.0282415
10.5981 20.1168 6.65544 0.224835 -0.973075 -0.050658
9.25391 19.8364 6.69253 0.178336 -0.98297 -0.0397425
7.90574 19.652 6.7259 0.098603 -0.994033 -0.0436233
6.54737 19.5451 6.69517 0.0759377 -0.996956 -0.0163685
5.13977 19.4501 6.71541 0.0621531 -0.998002 -0.0105076
3.88568 19.401 6.69085 0.0285354 -0.999559 -0.00827098
2.45794 19.3685 6.71332 0.019355 -0.999801 -0.00475274
0.948704 19.3482 6.75888 0.00954862 -0.999936 -0.00598196
-0.356447 19.3478 6.71278 -0.00366975 -0.99993 -0.0112607
-1.60485 19.3602 6.72201 -0.0259962 -0.999412 -0.0223719
-3.06602 19.4034 6.68164 -0.0377642 -0.998753 -0.0321605
-4.37162 19.4881 6.36466 -0.0730255 -0.996744 -0.0339194
-4.47399 19.5255 5.00305 -0.0607888 -0.997933 -0.0207854
-4.44788 19.5508 3.5948 -0.0620201 -0.997927 -0.0171885
-4.35148 19.5667 2.18833 -0.0628577 -0.997806 -0.0205773
-4.28027 19.5802 0.854415 -0.0698066 -0.997533 -0.00677283
-4.35034 19.5871 -0.504811 -0.0722481 -0.997386 -0.00133669
-4.40292 19.5933 -1.84069 -0.073455 -0.997298 0.000400329
-4.36111 19.585 -3.38177 -0.0625549 -0.99804 0.00117582
-4.31939 19.5751 -4.78328 -0.0690164 -0.99721 0.0279886
-4.33781 19.5471 -6.25723 -0.0695183 -0.997326 0.0225183
-3.28056 19.4669 -6.70941 -0.0576165 -0.997986 0.0259978
-1.78711 19.407 -6.74888 -0.0295532 -0.999222 0.0261205
-0.540998 19.3879 -6.69598 -0.00570327 -0.999845 0.0166841
0.745165 19.3907 -6.69594 0.0093496 -0.999888 0.0116089
2.18564 19.4076 -6.69489 0.0135822 -0.999873 0.00828195
3.66421 19.447 -6.74104 0.035899 -0.999335 0.00619379
4.91481 19.4976 -6.75793 0.0514532 -0.998624 0.00824712
6.32129 19.579 -6.72468 0.0704735 -0.997488 0.00701879
7.58265 19.6822 -6.75042 0.103908 -0.994416 0.0156155
8.88125 19.8361 -6.75162 0.123672 -0.992221 0.0142374
10.2508 20.0549 -6.74014 0.189594 -0.98128 0.0277278
11.914 20.4521 -6.72398 0.242426 -0.970163 0.00313192
13.1924 20.7717 -6.72767 0.236403 -0.971621 -0.00796065
14.6193 21.1134 -6.7642 0.230087 -0.972809 -0.0264381
15.8392 21.3743 -6.71774 0.177229 -0.983045 -0.0464811
17.1536 21.5802 -6.70834 0.125488 -0.991354 -0.0383393
18.6558 21.7073 -6.68369 0.0489831 -0.997408 -0.0498194
20.1185 21.7465 -6.74893 0.00131004 -0.999497 -0.0260505
20.7021 21.7372 -6.7679 -0.0145598 -0.999449 -0.0295467
