-24.4562 15.9492 3.44335 0.371897 -0.928271 0.00238122
-24.4757 15.9384 2.42022 0.371616 -0.92838 0.00334787
-24.3245 15.9937 1.29499 0.370435 -0.928848 0.00443194
-24.2671 16.0115 0.413775 0.368937 -0.929436 0.00591971
-24.3424 15.9726 -0.777664 0.366928 -0.930213 0.00819198
-24.4687 15.9132 -1.84349 0.364926 -0.930995 0.00884456
-24.5027 15.8897 -2.91694 0.3639 -0.931395 0.00894281
-24.5002 15.8884 -3.15944 0.363301 -0.931627 0.00918346
-25.2706 15.5847 -3.55095 0.361545 -0.932321 0.00787449
-25.2957 15.5827 -2.6351 0.362051 -0.932126 0.00774312
-25.2396 15.6123 -1.72184 0.363984 -0.931378 0.00714481
-25.1346 15.6597 -0.8115 0.366129 -0.930538 0.00674805
-25.0433 15.702 0.171784 0.367587 -0.929975 0.00508563
-25.068 15.6966 1.1673 0.370001 -0.929022 0.00417078
-25.2026 15.6469 2.16635 0.370217 -0.92894 0.00307133
-25.262 15.6258 3.08314 0.371181 -0.928557 0.00261807
-25.1892 15.6561 3.56237 0.371399 -0.928471 0.00197062
-25.978 15.3414 3.31538 0.368414 -0.92966 0.00166057
-25.9929 15.3336 2.18963 0.366951 -0.930239 0.00155003
-25.8292 15.3947 1.00699 0.366169 -0.930543 0.00323434
-25.8348 15.3889 0.0609076 0.366161 -0.930542 0.00418998
-25.9493 15.3398 -0.907281 0.364039 -0.931368 0.0054743
-26.055 15.2922 -1.97755 0.36219 -0.932085 0.00596698
-26.0296 15.2948 -3.01879 0.361375 -0.93239 0.00762235
-26.0333 15.2895 -3.57661 0.359936 -0.932956 0.0062558
-26.7779 15.0043 -3.43105 0.357056 -0.934072 0.00447948
-26.8231 14.992 -2.45493 0.359747 -0.933041 0.00402759
-26.7922 15.0082 -1.61508 0.361636 -0.932307 0.00472238
-26.696 15.0499 -0.606094 0.362512 -0.931973 0.00315794
-26.6822 15.0583 0.358854 0.363994 -0.931398 0.00238419
-26.6064 15.0905 1.48652 0.364668 -0.931133 0.00258931
-26.8689 14.9895 2.35966 0.363849 -0.931458 0.00073728
-26.7473 15.038 3.22511 0.365065 -0.930981 0.00103735
-26.6645 15.071 3.53852 0.366303 -0.930495 0.00120615
-27.5354 14.7304 3.59944 0.362881 -0.931835 -0.000215184
-27.6582 14.6823 2.3628 0.36104 -0.93255 0.000742743
-27.3487 14.8014 1.55649 0.3599 -0.93299 0.0011941
-27.6051 14.7011 0.749947 0.360413 -0.93279 0.00216009
-27.5778 14.7083 -0.418644 0.36002 -0.932941 0.0027757
-27.5778 14.7061 -1.29544 0.35757 -0.933885 0.00130878
-27.589 14.6989 -2.34061 0.355546 -0.934656 0.00198084
-27.5698 14.7032 -3.34539 0.353808 -0.935313 0.00299292
-28.3868 14.3951 -3.39417 0.351835 -0.93606 0.00199647
-28.4162 14.3859 -2.39624 0.353291 -0.935512 0.00176213
-28.4975 14.3558 -1.42727 0.354573 -0.935028 0.000527561
-28.5076 14.3525 -0.531414 0.355059 -0.934844 0.000200517
-28.3984 14.3961 0.574263 0.356805 -0.934178 0.0013772
-28.4008 14.3958 1.60353 0.358783 -0.93342 0.00118349
-28.4066 14.3941 2.55425 0.359033 -0.933325 -0.000254682
-28.3848 14.4015 3.53815 0.358974 -0.933347 -0.00122507
-29.1329 14.1148 3.33825 0.356899 -0.934142 -0.00114548
-29.2661 14.065 2.44251 0.356481 -0.934302 -0.00115173
-29.2925 14.0551 1.55862 0.355992 -0.934489 -0.000466774
-29.3314 14.0405 0.608343 0.35497 -0.934878 -0.000212559
-29.3226 14.0436 -0.440097 0.353932 -0.935271 0.000109824
-29.344 14.0358 -1.53333 0.352864 -0.935674 -0.000842196
-29.3791 14.0233 -2.4709 0.352014 -0.935995 -0.000111969
-29.2835 14.0588 -3.19144 0.350895 -0.936414 0.000177513
-29.9666 13.8039 -3.56237 0.349809 -0.93682 -0.00155097
-30.1526 13.7329 -2.58267 0.350681 -0.936493 -0.00198455
-30.1208 13.7432 -1.69019 0.351421 -0.936216 -0.00182216
-30.0063 13.7854 -0.751484 0.352712 -0.935731 -0.00134058
-30.1377 13.735 0.198659 0.354112 -0.935203 -0.000616579
-30.1259 13.7387 1.12554 0.354857 -0.93492 -0.000905689
-30.1149 13.742 1.99466 0.355238 -0.934776 -0.000949253
-29.9638 13.7983 3.02511 0.355443 -0.934697 -0.00130339
-29.9155 13.816 3.48361 0.35586 -0.934538 -0.00134792
-30.717 13.5112 3.41837 0.355848 -0.934542 -0.0018008
-30.8382 13.4664 2.531 0.355504 -0.934674 -0.00138784
-30.9115 13.4399 1.65095 0.354884 -0.93491 -0.00114602
-30.9024 13.4446 0.760138 0.354621 -0.935009 -0.00153314
-30.8515 13.4651 -0.11553 0.353063 -0.935598 -0.00175851
-30.785 13.4921 -1.00716 0.35286 -0.935675 -0.00167205
-30.8735 13.4615 -2.08648 0.351514 -0.93618 -0.00241933
-30.8785 13.4622 -2.95169 0.350206 -0.936668 -0.0027972
-30.8351 13.4792 -3.28105 0.349666 -0.936872 -0.00205603
-31.5829 13.2006 -3.44841 0.349932 -0.936766 -0.00416049
-31.6377 13.1768 -2.56881 0.351178 -0.936299 -0.00415626
-31.5977 13.1881 -1.62374 0.351638 -0.936129 -0.00352752
-31.5942 13.185 -0.339241 0.353256 -0.935523 -0.00269847
-31.6606 13.1572 0.640908 0.35477 -0.93495 -0.00257556
-31.6926 13.143 1.63472 0.355723 -0.934589 -0.00200695
-31.6154 13.1704 2.66337 0.356444 -0.934315 -0.00171209
-31.5352 13.1998 3.37821 0.356542 -0.934278 -0.0014127
-22.8825 16.546 -0.781431 0.363105 -0.931682 0.0111084
-22.9217 16.5432 0.341879 0.365712 -0.930698 0.00746505
-22.9069 16.5578 1.56803 0.367453 -0.930028 0.0051419
-22.9193 16.559 2.67271 0.366651 -0.930347 0.00472873
-22.906 16.5693 3.82675 0.368561 -0.929599 0.0027871
-23.7669 16.2279 4.58886 0.371689 -0.928356 0.00169747
-24.8197 15.8055 4.65701 0.372238 -0.928137 0.000637372
-26.0483 15.315 4.70235 0.36915 -0.929369 -0.000398976
-27.3072 14.8196 4.67314 0.363871 -0.931447 -0.00201993
-28.7159 14.2723 4.65062 0.35949 -0.933145 -0.00225849
-29.7284 13.8852 4.6205 0.356353 -0.934348 -0.00247366
-30.8216 13.4688 4.64703 0.35579 -0.934564 -0.00197836
-31.8926 13.0611 4.65354 0.35593 -0.93451 -0.00229021
-32.9936 12.639 4.52861 0.359768 -0.93304 -0.00198239
-33.2833 12.5297 3.35362 0.359317 -0.933213 -0.00189782
-33.2518 12.5466 1.94839 0.357314 -0.933976 -0.00393305
-33.3386 12.5186 0.870727 0.357009 -0.934089 -0.00469935
-33.2984 12.5404 -0.364678 0.354631 -0.934991 -0.00525869
-33.2879 12.5508 -1.47768 0.353095 -0.935574 -0.00505811
-33.3061 12.5512 -2.62475 0.352012 -0.935973 -0.00637305
-33.3137 12.5563 -3.86494 0.350336 -0.936607 -0.00564971
-32.5962 12.8284 -4.58023 0.349194 -0.937034 -0.00548202
-31.5735 13.2087 -4.60377 0.348495 -0.937302 -0.00406898
-30.4863 13.6124 -4.65153 0.347989 -0.937496 -0.00211619
-29.3576 14.0316 -4.66162 0.34853 -0.937298 -0.000114569
-28.2756 14.4347 -4.66462 0.349913 -0.936781 0.00131559
-27.0798 14.8844 -4.67173 0.354306 -0.935121 0.00388786
-25.8729 15.3441 -4.70592 0.356598 -0.934242 0.00539933
-24.7421 15.78 -4.72043 0.360354 -0.932784 0.00768201
-23.6177 16.2161 -4.66917 0.360824 -0.932582 0.00982491
-22.7894 16.5419 -4.14865 0.360422 -0.932736 0.00994763
-22.7785 16.5585 -3.02451 0.360515 -0.932687 0.0111772
-22.8014 16.5648 -1.83643 0.36079 -0.932575 0.0115727
-22.8679 16.5483 -1.06872 0.363168 -0.931662 0.010763
-21.8773 16.9342 -0.91997 0.360051 -0.932855 0.0119485
-21.9435 16.9222 0.202236 0.359555 -0.933057 0.0111529
-21.926 16.9404 1.35013 0.362286 -0.932032 0.00807836
-21.9427 16.9408 2.5247 0.363947 -0.931401 0.00583639
-21.8888 16.9697 3.81282 0.363394 -0.931626 0.00424991
-21.9308 16.9572 4.93613 0.365709 -0.930728 0.00160465
-22.6415 16.6785 5.65717 0.367999 -0.929823 0.00154436
-23.7907 16.2192 5.68104 0.373288 -0.927715 -0.000602981
-24.9506 15.753 5.72356 0.371912 -0.928268 -0.000899502
-26.1778 15.2631 5.74218 0.369778 -0.929117 -0.00231536
-27.3506 14.7992 5.73237 0.365177 -0.930925 -0.00447177
-28.5896 14.3177 5.69366 0.359479 -0.933131 -0.00634374
-29.8543 13.8337 5.68759 0.35635 -0.934345 -0.0037582
-30.886 13.442 5.72157 0.355566 -0.934649 -0.00194707
-32.0661 12.9924 5.73082 0.356407 -0.934329 -0.00161499
-33.1223 12.5875 5.68471 0.359313 -0.933214 -0.00144117
-34.2023 12.1688 5.34018 0.363967 -0.931412 2.66566e-05
-34.2652 12.1469 4.18608 0.363451 -0.931609 -0.00270193
-34.2495 12.1584 2.73569 0.362318 -0.932047 -0.0036047
-34.2797 12.1553 1.35814 0.35966 -0.933058 -0.00696332
-34.2821 12.1653 -0.0977266 0.35597 -0.934471 -0.00695311
-34.2777 12.176 -1.3138 0.353907 -0.935255 -0.00693998
-34.287 12.1828 -2.67382 0.352865 -0.935646 -0.00728772
-34.3112 12.1825 -3.79042 0.351199 -0.936265 -0.00813858
-34.3349 12.183 -5.0674 0.349985 -0.93673 -0.00684643
-33.5461 12.4817 -5.68488 0.349254 -0.937005 -0.00662168
-32.4999 12.8703 -5.66545 0.347938 -0.937496 -0.00638429
-31.2916 13.3172 -5.69414 0.346567 -0.938016 -0.00420427
-30.2459 13.7034 -5.73154 0.345697 -0.938345 -0.00120327
-29.1206 14.1189 -5.73701 0.347542 -0.937663 0.00142282
-27.9981 14.5362 -5.72948 0.350189 -0.936677 0.00186445
-26.6918 15.0262 -5.74667 0.353261 -0.935513 0.0047761
-25.6736 15.4126 -5.78964 0.356795 -0.934149 0.00790616
-24.6367 15.8112 -5.77979 0.359613 -0.933057 0.00914187
-23.3588 16.305 -5.74403 0.360191 -0.932831 0.00944455
-22.2515 16.7321 -5.69316 0.358435 -0.933493 0.0106975
-21.7875 16.9194 -4.89098 0.358106 -0.933625 0.0102116
-21.7724 16.9412 -3.47211 0.35836 -0.933524 0.0105246
-21.7975 16.9453 -2.34257 0.359309 -0.933138 0.0122653
-21.8692 16.9338 -1.16875 0.359069 -0.933222 0.0128751
-20.8906 17.3127 -0.942965 0.358654 -0.933321 0.0166715
-20.9734 17.2962 0.233897 0.358235 -0.933547 0.0125237
-20.9308 17.3234 1.31126 0.359102 -0.933272 0.00694487
-20.9654 17.318 2.42774 0.358478 -0.933516 0.0064461
-20.8846 17.3581 3.70058 0.360864 -0.932604 0.00471088
-20.9395 17.344 5.06091 0.363149 -0.931724 0.00349801
-20.948 17.3435 6.15683 0.359376 -0.933187 0.00336912
-21.9477 16.9585 6.77257 0.368158 -0.929736 0.00707099
-23.2358 16.4448 6.74755 0.378556 -0.925526 0.00898817
-24.2492 16.0325 6.76167 0.373096 -0.927786 -0.00360523
-25.2905 15.6147 6.7899 0.372036 -0.928215 -0.00258258
-26.5664 15.1051 6.76206 0.369787 -0.929106 -0.00428841
-27.5841 14.7023 6.77914 0.368264 -0.929702 -0.0059342
-28.6676 14.28 6.76981 0.356182 -0.934371 -0.00919796
-29.7868 13.8553 6.77008 0.349661 -0.936845 -0.00597987
-31.2148 13.3158 6.79433 0.355839 -0.934546 -0.000318925
-32.3557 12.8804 6.79103 0.354366 -0.935103 -0.00181049
-33.3932 12.4841 6.73274 0.358655 -0.933446 0.00675337
-34.4415 12.0757 6.73138 0.363919 -0.93143 0.000802005
-35.2601 11.7522 6.19719 0.370489 -0.928836 -0.00102541
-35.2488 11.7586 4.9498 0.366627 -0.930365 -0.00242102
-35.3042 11.7439 3.4912 0.365101 -0.930947 -0.00624868
-35.2511 11.7712 2.28557 0.36392 -0.931407 -0.00656934
-35.2595 11.7793 1.09835 0.361186 -0.932443 -0.00968988
-35.2698 11.788 -0.0327066 0.35741 -0.933895 -0.00984181
-35.3214 11.7808 -1.39008 0.355151 -0.934771 -0.00838885
-35.2582 11.8157 -2.58397 0.353409 -0.935433 -0.00818698
-35.2841 11.8168 -3.74937 0.351696 -0.936065 -0.00958511
-35.3092 11.8176 -4.89292 0.349663 -0.936849 -0.00703731
-35.2526 11.8492 -6.32698 0.349932 -0.936751 -0.00665537
-34.454 12.1516 -6.80453 0.34927 -0.936988 -0.00801047
-33.4101 12.5401 -6.77744 0.348568 -0.937256 -0.00718574
-32.1771 12.9955 -6.7918 0.344871 -0.93864 -0.00415807
-31.058 13.4075 -6.77357 0.344643 -0.938723 -0.00454886
-29.9539 13.8114 -6.79703 0.342585 -0.939485 -0.00172195
-28.8166 14.2302 -6.78211 0.34805 -0.937474 0.00183659
-27.7786 14.6134 -6.8255 0.34582 -0.938285 0.00538826
-26.5964 15.0521 -6.84315 0.350766 -0.936405 0.0100327
-25.4754 15.4777 -6.82437 0.357449 -0.933878 0.00995745
-24.3411 15.9152 -6.82916 0.360517 -0.93271 0.0088676
-23.198 16.3571 -6.79731 0.359887 -0.932962 0.00794754
-22.1071 16.7759 -6.79055 0.357299 -0.933947 0.00893346
-20.8242 17.2706 -6.52147 0.354142 -0.935149 0.00780109
-20.7797 17.3004 -5.20867 0.356765 -0.934137 0.0103063
-20.7889 17.31 -4.11774 0.356452 -0.934215 0.0135278
-20.8052 17.3214 -2.63903 0.356832 -0.934121 0.00943193
-20.8565 17.3177 -1.40763 0.356353 -0.934212 0.0160521
-20.8681 17.3166 -1.23215 0.357405 -0.933802 0.016512
