31.8263 17.5859 -3.31804 -0.928386 -0.36831 0.0344433
31.856 17.6411 -2.38241 -0.94204 -0.331842 0.0494124
31.8575 17.6641 -1.36935 -0.94899 -0.309621 0.0490295
31.9326 17.6915 -0.298683 -0.956961 -0.282606 0.0479265
31.9501 17.7009 0.663778 -0.950964 -0.304753 0.0157151
31.9555 17.7133 1.63171 -0.955963 -0.29194 0.0287142
31.9316 17.7356 2.84519 -0.919601 -0.391707 -0.023884
31.9231 17.7422 3.24514 -0.926631 -0.374887 0.00937098
31.5396 18.5833 3.37808 -0.87011 -0.492373 -0.0163923
31.5922 18.5458 2.15735 -0.886004 -0.46323 -0.00200126
31.5718 18.5647 1.13873 -0.882931 -0.46872 0.0179464
31.5356 18.5165 0.116309 -0.817512 -0.573992 0.0463529
31.514 18.4963 -0.890802 -0.837686 -0.544755 0.0388501
31.4846 18.4723 -1.88858 -0.854959 -0.517159 -0.0364232
31.4924 18.4701 -2.96073 -0.900988 -0.429809 0.0541703
31.4777 18.4219 -3.50607 -0.845098 -0.530859 0.0505767
30.9903 19.2026 -3.46822 -0.784214 -0.618152 0.0455656
30.981 19.227 -2.49352 -0.719421 -0.694376 -0.0136272
30.9797 19.2044 -1.47272 -0.75752 -0.652546 -0.0151643
30.963 19.2204 -0.25556 -0.775859 -0.627351 0.0440319
31.0314 19.3059 0.932272 -0.703227 -0.704122 0.0968162
31.0873 19.3231 2.01227 -0.775192 -0.630947 0.0120262
31.0673 19.3772 3.20019 -0.794369 -0.599041 0.0690791
31.0668 19.3776 3.24714 -0.764612 -0.626355 -0.0929261
30.3555 19.9474 3.42512 -0.607882 -0.792346 -0.0362097
30.3773 19.9428 2.46603 -0.612363 -0.790469 0.00311202
30.3859 19.9282 1.52187 -0.58722 -0.809288 -0.0140793
30.3471 19.9291 0.566248 -0.611732 -0.788777 0.060121
30.3317 19.8811 -0.59702 -0.680451 -0.731966 -0.0337344
30.3499 19.8813 -1.63505 -0.701149 -0.712776 0.0173044
30.3356 19.8591 -2.79215 -0.637277 -0.77035 0.0160103
30.3538 19.8489 -3.52313 -0.65013 -0.759534 -0.0202859
29.6195 20.3669 -3.60983 -0.504855 -0.863001 0.0163857
29.6169 20.3862 -2.6418 -0.483757 -0.875039 0.0168037
29.6212 20.4252 -1.66836 -0.514508 -0.85698 -0.00369828
29.6033 20.4424 -0.723821 -0.581657 -0.813046 -0.0250637
29.5932 20.4478 0.219411 -0.43594 -0.899879 -0.0131747
29.6058 20.4275 1.44849 -0.490807 -0.870682 -0.0304026
29.6082 20.4389 2.46625 -0.494282 -0.869218 0.0112168
29.5832 20.4361 3.51928 -0.472776 -0.880927 -0.0212248
28.7652 20.8607 3.29677 -0.44402 -0.895842 -0.0168287
28.7959 20.8455 2.13036 -0.402403 -0.914887 -0.0128671
28.7387 20.8537 0.921017 -0.395383 -0.918346 0.0172723
28.7756 20.8322 -0.29839 -0.375106 -0.926961 -0.00244694
28.7851 20.8205 -1.30131 -0.395855 -0.917988 -0.023416
28.7993 20.8153 -2.37328 -0.40973 -0.911785 0.0276786
28.8064 20.7907 -3.36568 -0.408655 -0.912649 0.00153709
27.9477 21.1191 -3.59656 -0.349433 -0.935962 0.0430378
27.9523 21.1528 -2.47914 -0.299079 -0.954174 -0.00809861
27.9278 21.1526 -1.3922 -0.299858 -0.953304 -0.0360088
27.8915 21.161 -0.319532 -0.314361 -0.94928 -0.00626923
27.9015 21.1684 0.621219 -0.335654 -0.94192 0.0101111
27.8891 21.1757 1.76389 -0.289788 -0.956883 -0.0197875
27.9052 21.1548 2.85379 -0.273096 -0.961818 -0.0179986
27.9013 21.1415 3.5742 -0.277794 -0.960512 -0.0141434
27.0261 21.3906 3.28614 -0.221144 -0.975217 -0.0050846
26.9896 21.418 2.03593 -0.235502 -0.971598 -0.0216271
26.9838 21.427 0.898254 -0.219832 -0.975438 0.00252195
27.0179 21.4074 -0.0499121 -0.203126 -0.979055 0.00396203
27.0466 21.3973 -1.12113 -0.249779 -0.968292 -0.00120122
27.0658 21.4043 -2.13934 -0.232943 -0.972349 0.00811824
27.0569 21.3764 -3.10538 -0.237592 -0.970841 0.0317839
27.0626 21.3653 -3.38312 -0.240807 -0.970128 0.0289341
26.1622 21.5812 -3.41085 -0.211024 -0.977413 0.00685738
26.1495 21.5935 -2.46082 -0.19211 -0.981111 0.0212281
26.1468 21.5942 -1.38034 -0.177241 -0.984038 -0.0152366
26.1063 21.5888 -0.216003 -0.185768 -0.982541 0.0100004
26.0777 21.6107 0.768963 -0.170795 -0.985261 0.00934263
26.0919 21.6112 1.72176 -0.172181 -0.985006 -0.00887338
26.1092 21.59 2.85812 -0.175869 -0.984336 -0.00586352
26.1249 21.5875 3.26131 -0.163709 -0.986503 -0.00345126
25.2055 21.7368 3.32986 -0.150998 -0.988469 0.000340978
25.2284 21.7399 2.31836 -0.140893 -0.989951 -0.0109159
25.1942 21.7517 1.38023 -0.12837 -0.991713 -0.00499087
25.1853 21.7517 0.290775 -0.126437 -0.991925 0.00811617
25.2211 21.7392 -0.647223 -0.141405 -0.989898 -0.00777577
25.2289 21.7498 -1.72309 -0.153172 -0.988161 -0.00686411
25.2436 21.7494 -2.72489 -0.150736 -0.988574 -0.000824959
25.2723 21.7433 -3.65898 -0.15714 -0.987538 0.00102299
24.3615 21.876 -3.5731 -0.129715 -0.991472 -0.0100767
24.3331 21.878 -2.2524 -0.130756 -0.991414 -0.000697974
24.3057 21.8748 -1.30339 -0.13463 -0.990858 -0.00872879
24.2772 21.8704 -0.166155 -0.122021 -0.992473 -0.00523584
24.2765 21.8666 0.842437 -0.116936 -0.993136 -0.00225206
24.3006 21.8605 1.94143 -0.120374 -0.992708 -0.00557885
24.3035 21.8587 3.14668 -0.114389 -0.99339 0.00682
24.2758 21.8617 3.50217 -0.115201 -0.993341 4.64834e-05
23.3682 21.9586 3.41186 -0.100063 -0.994981 0.000603494
23.4226 21.954 2.38692 -0.0961416 -0.99536 -0.00326176
23.371 21.9634 1.14169 -0.0915519 -0.995776 -0.00437253
23.3721 21.9678 0.164451 -0.0984097 -0.99511 -0.0083542
23.3775 21.975 -0.844452 -0.0882061 -0.996024 -0.0122965
23.4107 21.984 -1.95276 -0.101797 -0.994783 -0.00639655
23.4142 21.9871 -2.89716 -0.106969 -0.994212 -0.00988526
23.4114 21.992 -3.32019 -0.111295 -0.993754 -0.00773406
22.4838 22.0824 -3.39857 -0.0904346 -0.995826 -0.0121673
22.4669 22.0668 -2.35604 -0.0775725 -0.996838 -0.0159706
22.4633 22.0543 -1.38685 -0.0705632 -0.997394 -0.0150039
22.4544 22.0429 -0.282441 -0.0698706 -0.997525 -0.00768695
22.4761 22.0367 0.791854 -0.0684828 -0.997637 -0.00532579
22.507 22.0297 1.75007 -0.0710415 -0.997473 0.000179358
22.4934 22.0318 2.69488 -0.0766122 -0.997051 0.00440198
22.4447 22.0382 3.46538 -0.0695887 -0.997502 0.0102712
21.5307 22.0935 3.53009 -0.0507913 -0.998599 0.0128998
21.5889 22.0875 2.56239 -0.0576266 -0.998335 0.00183596
21.6123 22.0892 1.35931 -0.058193 -0.998259 -0.00873753
21.5352 22.097 0.346656 -0.0540955 -0.998534 -0.000168582
21.5378 22.1003 -0.713089 -0.0546141 -0.998453 -0.00897862
21.5334 22.1158 -1.73049 -0.0569863 -0.998235 -0.0167363
21.5284 22.1385 -2.80995 -0.0582493 -0.998071 -0.0212847
21.5455 22.1471 -3.42982 -0.0569826 -0.99823 -0.0170122
20.6188 22.1885 -3.45158 -0.018927 -0.999811 0.00162379
20.6148 22.1696 -2.24333 -0.0361052 -0.99894 -0.0284014
20.6239 22.1386 -1.20107 -0.0273424 -0.999482 -0.0141634
20.609 22.138 -0.21151 -0.0290693 -0.999571 0.00282111
20.6304 22.133 0.746969 -0.020036 -0.999741 -0.0102818
20.7178 22.1253 1.72817 -0.0138807 -0.999903 -0.000271724
20.6637 22.1291 2.91132 -0.040252 -0.999178 0.00427662
20.62 22.1328 3.43885 -0.0103424 -0.999874 0.0111467
19.6924 22.143 3.31086 -0.0107056 -0.999922 0.00642208
19.8083 22.1384 2.33948 -0.0132146 -0.999913 0.000406795
19.7911 22.1363 1.28731 -0.00848031 -0.999938 -0.00168568
19.6503 22.1457 0.30623 0.00113757 -0.999941 -0.0106846
19.7006 22.1511 -0.732475 0.0023928 -0.999997 0.000763828
19.6907 22.1677 -1.90056 0.00171014 -0.999719 -0.0236282
19.6731 22.1856 -2.93005 0.0260967 -0.999534 -0.0155604
19.693 22.1956 -3.62454 0.0272642 -0.999605 -0.00664303
18.7482 22.1594 -3.26143 0.0427171 -0.999073 -0.00515834
18.7114 22.1433 -2.14887 0.0389245 -0.999135 -0.0145739
18.8021 22.1365 -1.1397 0.0321475 -0.999452 -0.00505757
18.7246 22.1256 -0.0475346 0.0439537 -0.998938 -0.0138239
18.7821 22.1192 0.879901 0.0398952 -0.999194 -0.00454145
18.9289 22.1244 1.91928 0.0199982 -0.999775 0.00702815
18.7789 22.1266 3.02181 0.0230275 -0.999726 0.00366267
18.7528 22.131 3.47023 0.0145121 -0.999825 0.0117963
17.8334 22.0932 3.51243 0.0563765 -0.998405 -0.00281822
17.9165 22.0857 2.49451 0.0584872 -0.998124 0.0159051
17.9747 22.0798 1.29275 0.047586 -0.998865 -0.00204487
17.7426 22.0747 0.121568 0.0503202 -0.998669 -0.010368
17.9218 22.0926 -0.970859 0.0632868 -0.997971 -0.00697042
17.777 22.0941 -1.95818 0.0785778 -0.996722 -0.0130867
17.8077 22.104 -2.99542 0.0920217 -0.995745 0.00436232
17.8158 22.1025 -3.34217 0.086116 -0.996195 0.0113433
16.9408 22.0159 -3.42002 0.113905 -0.993484 0.00145087
16.8718 22.0072 -2.36784 0.124986 -0.99215 -0.00401025
16.9415 22.0125 -1.41725 0.0966985 -0.995304 0.000872007
16.8931 22.0055 -0.503739 0.100452 -0.994927 -0.00538127
16.7808 21.9883 0.505798 0.110535 -0.993784 -0.00699591
17.1177 22.0092 1.46548 0.096819 -0.995287 -0.00436216
16.8828 22.0024 2.56867 0.111703 -0.993465 0.0189603
16.8853 22.006 3.51768 0.124456 -0.992041 0.014455
15.8985 21.8732 3.3099 0.160332 -0.98706 0.000917908
15.8985 21.8677 2.33687 0.155714 -0.987799 0.00241189
15.8985 21.8641 1.32482 0.160207 -0.987055 -0.00143923
15.8985 21.8704 0.262026 0.171461 -0.985128 -0.00931739
15.8985 21.876 -0.727909 0.161495 -0.986645 -0.0150978
15.8985 21.8747 -1.80052 0.177877 -0.983904 0.0170872
15.8985 21.87 -2.79807 0.167908 -0.985791 -0.00468401
15.8985 21.8708 -3.57868 0.173107 -0.984898 -0.0027012
14.9658 21.6942 -3.45211 0.207928 -0.978119 0.00151312
14.8172 21.6643 -2.45528 0.203639 -0.979041 0.00154105
14.9234 21.6841 -1.38674 0.201967 -0.979369 -0.00376355
14.9972 21.7043 -0.362479 0.199037 -0.979977 0.000667114
14.944 21.6948 0.578263 0.186626 -0.982417 0.00529663
15.0066 21.7094 1.51523 0.190256 -0.981727 0.000214363
14.8394 21.6809 2.59451 0.190672 -0.981562 0.0133861
14.8605 21.6916 3.50912 0.187062 -0.982345 0.00221501
13.9089 21.4807 3.38309 0.222826 -0.97485 -0.00411493
14.0341 21.5059 2.04163 0.232484 -0.972555 0.00857106
14.0914 21.5145 1.02199 0.233601 -0.972321 0.00415668
14.0943 21.5092 0.0137479 0.227412 -0.973725 0.0113575
14.0108 21.4833 -1.27415 0.217284 -0.976106 -0.00235964
13.9501 21.4692 -2.21299 0.236287 -0.971648 0.00814199
14.0103 21.4792 -3.16419 0.226027 -0.974114 0.00365487
14.0564 21.4897 -3.42947 0.225192 -0.974309 -0.00228278
13.1908 21.2781 -3.55406 0.245308 -0.969438 0.00348121
13.0715 21.2509 -2.4169 0.248497 -0.968629 0.00145046
13.1187 21.2648 -1.32527 0.24903 -0.968494 0.00165236
13.1923 21.285 -0.164733 0.248068 -0.968718 0.00606247
13.214 21.3003 0.83201 0.245452 -0.969393 0.00517097
13.1515 21.2886 1.85051 0.245721 -0.969326 0.00405522
13.0035 21.2539 2.94308 0.253163 -0.967421 0.00192527
13.0188 21.2584 3.55698 0.25249 -0.967599 0.00125487
12.105 21.0205 3.61381 0.252083 -0.967703 0.00193292
12.148 21.0291 2.6407 0.253648 -0.967291 0.00316605
12.2945 21.0635 1.46267 0.254775 -0.966998 0.00201962
12.3134 21.0641 0.452227 0.251659 -0.967796 0.00553249
12.2604 21.0461 -0.60145 0.247461 -0.968895 0.00226333
12.198 21.027 -1.66103 0.24807 -0.968732 0.00436089
12.1996 21.0263 -2.61518 0.245503 -0.969393 -0.00209535
12.3032 21.0516 -3.54787 0.245383 -0.969421 0.00309845
11.4067 20.8266 -3.47689 0.233235 -0.972401 0.00359977
11.3136 20.8046 -2.26239 0.239423 -0.97091 -0.00139877
11.3386 20.81 -1.05905 0.246993 -0.969014 -0.000606198
11.4099 20.8302 0.089878 0.247695 -0.968837 0.0014109
11.394 20.8244 1.29494 0.241818 -0.970312 -0.00415719
11.3042 20.8069 2.30245 0.249023 -0.968443 0.0102313
11.202 20.7861 3.28353 0.248687 -0.968581 0.00163444
11.1984 20.7855 3.37404 0.250042 -0.968232 0.00176778
10.3236 20.5698 3.44211 0.236466 -0.971639 -0.000271383
10.3905 20.5893 2.30948 0.216162 -0.976355 -0.000988196
10.5025 20.6094 1.12664 0.215841 -0.976416 0.00494375
10.5059 20.6045 0.031505 0.234105 -0.972209 0.00200137
10.4205 20.58 -0.981908 0.23403 -0.972215 0.00430536
10.4312 20.5956 -2.06637 0.229709 -0.973241 -0.00592193
10.4879 20.6147 -3.38618 0.219708 -0.975564 -0.00198299
10.5186 20.6219 -3.56686 0.218945 -0.975734 -0.0024916
9.60071 20.4243 -3.52639 0.203547 -0.979061 0.00299351
9.55415 20.4116 -2.50376 0.197398 -0.980162 -0.0175071
9.55556 20.3957 -1.52718 0.186954 -0.982158 -0.0202737
9.56529 20.388 -0.470356 0.209955 -0.977674 0.00394505
9.60114 20.4093 0.512576 0.214106 -0.976795 0.00510743
9.53339 20.4027 1.71278 0.206066 -0.97853 0.00071077
9.45881 20.3857 2.82937 0.187688 -0.982208 -0.00584152
9.43176 20.3773 3.32914 0.180922 -0.983408 0.0113314
8.51056 20.22 3.35658 0.153926 -0.988076 0.000261072
8.59223 20.2248 2.20348 0.165939 -0.986121 0.00250417
8.63236 20.2344 1.22414 0.155934 -0.987758 -0.00254897
8.68814 20.2372 0.174621 0.151187 -0.98846 0.00941751
8.64577 20.2259 -0.831945 0.154684 -0.987876 -0.0112618
8.63912 20.235 -1.96351 0.17487 -0.984585 -0.00358129
8.68448 20.2456 -2.90243 0.174457 -0.98458 0.0059765
8.69944 20.2484 -3.32702 0.183921 -0.982939 -0.00121361
7.82755 20.1363 -3.52484 0.106179 -0.994321 -0.00677329
7.7583 20.1175 -2.37839 0.0959963 -0.995381 -0.00140001
7.73368 20.1096 -1.35761 0.099294 -0.995032 -0.00694409
7.76686 20.11 -0.292452 0.113807 -0.993475 0.0020159
7.75291 20.1168 0.716673 0.106605 -0.994207 0.010974
7.677 20.1029 1.83652 0.121877 -0.992479 -0.00441036
7.6296 20.091 2.92219 0.123691 -0.992306 0.00530482
7.59442 20.0903 3.55424 0.112507 -0.993602 0.00707232
6.70114 20.0028 3.59717 0.082742 -0.99657 -0.00157503
6.73028 20.0075 2.6 0.0724695 -0.997368 -0.00227226
6.76296 20.0141 1.59053 0.0793783 -0.996826 -0.00600407
6.8409 20.0225 0.604349 0.0826118 -0.996574 0.00399364
6.82355 20.0231 -0.508028 0.0813415 -0.99667 -0.00547577
6.81626 20.0275 -1.70398 0.0819057 -0.996622 -0.00599177
6.84854 20.0411 -2.91905 0.0857784 -0.996275 -0.00880406
6.89484 20.045 -3.54535 0.088465 -0.996063 -0.000311969
5.97066 19.977 -3.36762 0.0691829 -0.997604 -0.000803005
5.92481 19.9622 -2.1473 0.0664724 -0.997628 -0.0174845
5.89692 19.9505 -0.953979 0.0738343 -0.997267 -0.00179897
5.9267 19.9495 0.228665 0.0691523 -0.997605 -0.00100178
5.88863 19.9485 1.28335 0.070621 -0.997498 0.00318968
5.80968 19.9407 2.60412 0.0664996 -0.997785 -0.00187228
5.78689 19.9355 3.50573 0.0703161 -0.997502 -0.0065506
4.86782 19.8804 3.3045 0.0596446 -0.998217 -0.00130744
4.9174 19.8845 2.20674 0.0609804 -0.99813 -0.00406153
4.97553 19.8882 1.08288 0.0590706 -0.998251 0.00226676
4.97536 19.889 0.0704339 0.0537521 -0.998521 -0.008095
4.99857 19.8961 -1.11264 0.0504848 -0.998705 -0.00415924
5.02047 19.9048 -2.0887 0.0398015 -0.999148 -0.010901
5.04884 19.9186 -3.27807 0.0542685 -0.998487 -0.00885536
5.05664 19.9213 -3.541 0.0512848 -0.99866 -0.00528666
4.13366 19.8807 -3.45342 0.0337474 -0.999426 -0.00299084
4.09058 19.8721 -2.37854 0.0360128 -0.999297 -0.0104282
4.08268 19.8568 -1.26315 0.0450248 -0.998937 -0.00453619
4.08736 19.848 -0.0878151 0.0381817 -0.999218 -0.0102965
4.04361 19.8395 0.910122 0.0398954 -0.999185 -0.00543821
4.00109 19.8364 2.04201 0.0453895 -0.998969 0.000926001
3.95196 19.8356 3.08368 0.0439832 -0.999027 -0.00232416
3.97217 19.8347 3.52534 0.0419609 -0.999111 -0.00399286
3.06707 19.8015 3.46639 0.0325226 -0.99947 0.000618665
3.07783 19.7997 2.43981 0.0356779 -0.99936 0.00259782
3.11433 19.7995 1.50513 0.0361586 -0.999341 -0.00135304
3.14256 19.8169 0.562056 0.0209952 -0.99962 -0.0174688
3.16105 19.8289 -0.638693 0.0187002 -0.99979 -0.00834953
3.16127 19.8388 -1.94287 0.0154938 -0.999853 -0.0069511
3.19696 19.8514 -3.26825 0.031044 -0.999509 -0.00384
3.20952 19.8525 -3.53357 0.028905 -0.999578 -0.00278988
2.29421 19.833 -3.57222 0.0138715 -0.999899 -0.00323779
2.27283 19.8293 -2.53588 0.0125648 -0.999911 -0.00454674
2.24488 19.8238 -1.55545 0.0110592 -0.999916 -0.00676934
2.25741 19.8134 -0.291654 0.00987122 -0.999902 -0.00985325
2.23124 19.7954 0.805769 0.00811388 -0.999841 -0.0156797
2.17439 19.7857 1.78075 0.00339928 -0.999987 -0.00376524
2.14542 19.781 2.95967 0.00865392 -0.99995 -0.00507469
2.1563 19.7792 3.56414 0.0197594 -0.999801 -0.000942113
1.21306 19.7715 3.55814 -0.0025406 -0.999985 -0.00466832
1.24799 19.7781 2.60285 -0.000154136 -0.999977 -0.00634036
1.26703 19.7875 1.48336 -0.00501474 -0.999943 -0.00944712
1.31488 19.7995 0.485946 -0.00249738 -0.99979 -0.0202954
1.32732 19.8142 -0.626642 0.00131179 -0.999968 -0.00734366
1.34673 19.8199 -1.85853 0.00658019 -0.999972 -0.00341715
1.36728 19.8214 -2.83143 0.00446486 -0.999989 -0.000860731
1.39219 19.8235 -3.59424 0.00750975 -0.999968 -0.00272251
0.45645 19.8251 -3.5292 -0.00636019 -0.999951 0.00283998
0.448841 19.8236 -2.39842 -0.00748025 -0.99997 -0.00194553
0.407359 19.8225 -1.22097 -0.00848281 -0.999957 -0.00370276
0.384885 19.8145 -0.205105 -0.00707885 -0.999907 -0.0115918
0.390253 19.802 0.870882 -0.013152 -0.999838 -0.0122798
0.31937 19.794 1.88695 -0.0170109 -0.999665 -0.0186051
0.306116 19.7812 2.84564 -0.0154679 -0.999867 -0.00451973
0.299832 19.7817 3.46071 -0.0165536 -0.999862 -0.000111878
-0.598104 19.8033 3.24276 -0.0314406 -0.999444 -0.0110613
-0.609308 19.8097 2.26113 -0.0306565 -0.999412 -0.0136945
-0.55706 19.8198 1.31114 -0.0281135 -0.999587 -0.00498668
-0.54185 19.829 0.124563 -0.0292107 -0.999531 -0.00917838
-0.508682 19.841 -1.02257 -0.0280672 -0.999575 -0.0058596
-0.472353 19.8423 -2.05436 -0.0235222 -0.99972 -0.0024061
-0.47234 19.8371 -3.20154 -0.0157804 -0.999865 0.00317028
-0.459028 19.8364 -3.54131 -0.0138716 -0.999896 0.00379173
21.1348 22.1936 -4.65935 -0.030991 -0.999268 -0.0223853
22.3769 22.1093 -4.64973 -0.0913705 -0.995752 -0.0100338
23.6528 21.9783 -4.68418 -0.113265 -0.993429 -0.016287
24.7943 21.8251 -4.7375 -0.15401 -0.987792 -0.0233731
26.112 21.6022 -4.74416 -0.201392 -0.97914 -0.0227065
27.1645 21.3532 -4.71918 -0.249203 -0.967797 -0.0355631
28.2996 21.0165 -4.75574 -0.331829 -0.942085 -0.0459159
29.386 20.5369 -4.70001 -0.449976 -0.892251 -0.0339433
30.3547 19.8609 -4.66641 -0.666271 -0.745537 -0.0160598
31.0731 19.0673 -4.63921 -0.846811 -0.521043 -0.103236
31.7545 17.7948 -4.71061 -0.902615 -0.427585 -0.049239
32.0867 16.5672 -4.61639 -0.971235 -0.235899 -0.0238412
32.1319 16.4163 -3.56083 -0.979666 -0.197185 0.036417
32.1662 16.4447 -2.23172 -0.977117 -0.212282 0.013395
32.1875 16.4396 -1.15806 -0.979176 -0.201277 0.0264867
32.2349 16.4488 0.165997 -0.982184 -0.185412 0.0304915
32.2648 16.4284 1.45589 -0.984071 -0.177112 0.0153671
32.2709 16.436 2.57898 -0.986971 -0.160706 -0.00267786
32.2858 16.394 3.78924 -0.987325 -0.158598 0.00436211
32.1899 16.881 4.54662 -0.978676 -0.202706 -0.0213805
31.8675 17.9335 4.5977 -0.907798 -0.416125 0.0515113
31.3167 18.9166 4.6557 -0.818534 -0.57421 0.0144797
30.4781 19.7961 4.69295 -0.679209 -0.730331 0.0424879
29.4848 20.5004 4.68664 -0.491557 -0.870404 0.0225015
28.4724 20.9715 4.65465 -0.362896 -0.931173 0.0282699
27.3951 21.2863 4.63585 -0.269502 -0.962857 0.016544
26.0793 21.5818 4.63846 -0.199083 -0.979857 0.00115669
24.9878 21.7661 4.65163 -0.140732 -0.989827 0.01282
23.8023 21.9153 4.65966 -0.112187 -0.993686 0.00119996
22.7018 22.025 4.63957 -0.0867964 -0.99622 -0.00174961
21.5469 22.1112 4.61703 -0.0641032 -0.997778 0.0178922
20.4082 22.1577 4.59406 -0.0312889 -0.99935 0.0173136
19.2088 22.1588 4.56826 0.0225908 -0.999544 0.0182664
18.0876 22.1154 4.61691 0.0585384 -0.998007 0.022927
16.7467 22.006 4.59781 0.1147 -0.993189 0.0204237
15.5888 21.8374 4.58428 0.168325 -0.985507 0.0199524
14.2996 21.5756 4.62405 0.222436 -0.974866 0.0101575
13.2498 21.3187 4.66619 0.24043 -0.970648 0.00553286
12.1423 21.0311 4.67743 0.257041 -0.9664 -0.000844629
11.1167 20.7624 4.70131 0.250201 -0.968179 -0.00537801
9.86043 20.4685 4.64498 0.206857 -0.978353 -0.00394704
8.79651 20.2638 4.6476 0.165882 -0.985985 -0.017771
7.40282 20.0699 4.66197 0.11903 -0.992785 -0.0143731
6.19657 19.9556 4.65642 0.0695544 -0.997531 -0.00927584
5.12083 19.8863 4.63945 0.0576738 -0.998282 -0.0103131
3.99124 19.8298 4.67164 0.0436701 -0.999025 -0.00611341
2.8901 19.7968 4.6647 0.0243007 -0.999699 0.00339143
1.78277 19.7763 4.66436 0.00876047 -0.999937 0.00698268
0.583847 19.7727 4.65555 -0.00880496 -0.999908 -0.00956972
-0.636572 19.7867 4.63382 -0.0191874 -0.999711 -0.0141574
-1.8044 19.8322 4.36017 -0.0472299 -0.998747 -0.0165168
-1.83505 19.8515 3.20616 -0.0430924 -0.998999 -0.0110875
-1.84559 19.861 1.99394 -0.0480492 -0.998751 -0.0108209
-1.81651 19.8707 0.90829 -0.0434075 -0.999037 -0.00636048
-1.86109 19.8814 -0.266284 -0.0456843 -0.998922 -0.00821672
-1.75444 19.8825 -1.60385 -0.0494983 -0.998768 -0.00306928
-1.81443 19.887 -2.82326 -0.0479184 -0.998831 0.00563789
-1.81075 19.8774 -3.96117 -0.0457828 -0.998896 0.0103195
-1.16152 19.8434 -4.68008 -0.0343347 -0.999358 0.0101078
-0.041894 19.821 -4.72137 -0.0127373 -0.999871 0.00874175
1.28551 19.8193 -4.66808 0.00906419 -0.999922 0.00777744
2.46693 19.8367 -4.66806 0.018002 -0.999838 -0.000795752
3.76071 19.8683 -4.70558 0.0292632 -0.999566 0.00168683
4.86019 19.9114 -4.67508 0.0484656 -0.998825 0.000214163
6.05773 19.9839 -4.67282 0.0699612 -0.997549 -0.00101939
7.24478 20.0789 -4.6565 0.106764 -0.994276 0.0040693
8.31595 20.203 -4.61082 0.134079 -0.990293 -0.0345375
9.45578 20.3946 -4.59915 0.190304 -0.981724 -0.00121799
10.8559 20.6936 -4.73794 0.223092 -0.974729 0.0109771
12.0097 20.9701 -4.71334 0.247703 -0.968825 0.00383846
13.2896 21.2959 -4.67239 0.245552 -0.969374 0.00417124
14.5592 21.5975 -4.68445 0.227975 -0.973645 0.00646804
15.852 21.8701 -4.66408 0.173081 -0.984766 -0.00336797
16.9644 22.0282 -4.66325 0.115881 -0.993033 -0.00951116
18.2562 22.1436 -4.68538 0.0758372 -0.996958 -0.0179128
19.4322 22.2004 -4.70322 0.0233432 -0.999592 -0.0164736
20.6298 22.2084 -4.67656 -0.0134474 -0.999606 -0.0243708
20.725 22.2069 -4.6735 -0.0235147 -0.999462 -0.0213895
20.8161 22.2244 -5.72759 -0.0270608 -0.999395 -0.0214301
19.4042 22.2232 -5.74811 0.0274949 -0.999107 -0.0319517
18.2178 22.1631 -5.73356 0.0730943 -0.996754 -0.0307746
17.0171 22.0476 -5.72332 0.12083 -0.992279 -0.0279619
15.7109 21.8454 -5.72266 0.187594 -0.98189 -0.0255233
14.3445 21.5438 -5.76445 0.231605 -0.972804 -0.000176858
13.2853 21.2909 -5.73491 0.243122 -0.969994 -6.68135e-05
12.0199 20.9701 -5.783 0.24772 -0.96882 0.00468451
10.8101 20.664 -5.8015 0.23683 -0.971491 0.0106079
9.53078 20.3976 -5.66129 0.189939 -0.981578 0.0159552
8.25513 20.1991 -5.68484 0.142865 -0.98974 -0.00129664
6.91976 20.0482 -5.75215 0.0887066 -0.99604 -0.00533462
5.72738 19.9619 -5.7327 0.0660076 -0.997817 -0.00190409
4.47679 19.8975 -5.75529 0.0413729 -0.999138 4.46823e-05
3.24103 19.8537 -5.75961 0.0284172 -0.999583 0.00333961
2.04262 19.8251 -5.71013 0.0196869 -0.999774 0.0078626
0.933842 19.8098 -5.74829 0.00892521 -0.9999 0.0107877
-0.307213 19.8144 -5.78711 -0.0105268 -0.999872 0.0119613
-1.50668 19.8415 -5.71822 -0.0291043 -0.999488 0.0125964
-2.65388 19.885 -5.63424 -0.0472122 -0.998723 0.0171778
-2.9228 19.9279 -4.42663 -0.0621802 -0.997827 0.0204915
-2.90205 19.9405 -3.26713 -0.069119 -0.997479 0.0107987
-2.81609 19.9434 -2.09145 -0.0662574 -0.997709 -0.0108822
-2.87316 19.9391 -0.964771 -0.0626221 -0.998018 -0.00588312
-2.9203 19.9321 0.178182 -0.0525623 -0.998237 -0.0267619
-2.92302 19.9267 1.23451 -0.067226 -0.997704 0.00773774
-2.90873 19.9203 2.32163 -0.0657683 -0.997791 -0.00936214
-2.91213 19.9065 3.45751 -0.0631891 -0.99785 -0.0173416
-2.93841 19.8848 4.65929 -0.064578 -0.997667 -0.0221276
-2.53223 19.841 5.58739 -0.0412001 -0.998836 -0.025039
-1.46779 19.7973 5.69191 -0.0329403 -0.999349 -0.0145435
-0.37487 19.7741 5.71992 -0.0150096 -0.999843 -0.0086556
0.835235 19.7648 5.72186 0.0038223 -0.999972 -0.00582328
2.03679 19.7777 5.70143 0.0131564 -0.999903 -0.00466867
3.13927 19.8005 5.75141 0.0279532 -0.999601 -0.00406605
4.2176 19.8353 5.71668 0.0377244 -0.999232 -0.0105135
5.41515 19.8924 5.69295 0.0614513 -0.998018 -0.0105186
6.74537 19.9889 5.73342 0.0829276 -0.996467 -0.011577
8.03718 20.1333 5.74028 0.1362 -0.990583 -0.0139502
9.12693 20.3081 5.67088 0.193455 -0.98096 -0.0169368
10.2652 20.5498 5.72537 0.222539 -0.974899 -0.00681253
11.37 20.82 5.76526 0.248969 -0.968478 -0.00809564
12.4009 21.0987 5.75547 0.264546 -0.964367 -0.00331108
13.5969 21.4229 5.70863 0.260054 -0.96547 0.0151229
14.9464 21.7393 5.68016 0.19764 -0.979629 0.0352583
16.1494 21.9538 5.68596 0.148364 -0.988262 0.0349498
17.311 22.0947 5.68616 0.0899229 -0.994985 0.0416021
18.4549 22.1695 5.69982 0.0478232 -0.997725 0.047262
19.7253 22.1967 5.63292 0.000733174 -0.999309 0.0367982
20.8902 22.1701 5.69304 -0.0410144 -0.998628 0.0320405
22.1106 22.0876 5.70033 -0.0876574 -0.995934 0.017385
23.1724 21.9901 5.7227 -0.105271 -0.994436 0.00256291
24.5642 21.8318 5.7228 -0.124264 -0.992068 0.0188889
25.8484 21.6493 5.71893 -0.178569 -0.983633 0.0240846
26.9664 21.4207 5.71414 -0.212188 -0.976986 0.0217703
28.0562 21.1369 5.7122 -0.280915 -0.958213 0.0455211
29.106 20.737 5.73727 -0.417057 -0.907399 0.0518075
30.0714 20.2024 5.72752 -0.524782 -0.848377 0.0687537
30.8935 19.532 5.74326 -0.707428 -0.701925 0.0709798
31.5419 18.6089 5.71525 -0.854226 -0.51696 0.0516266
32.0196 17.6485 5.67596 -0.932687 -0.34433 0.0215239
32.2911 16.3484 5.6741 -0.985506 -0.162388 0.0487779
32.4068 15.3615 5.29271 -0.995873 -0.0905266 -0.00638339
32.4149 15.3263 4.03615 -0.993381 -0.114725 -0.0054538
32.4128 15.3743 2.71798 -0.992256 -0.123026 -0.012508
32.4399 15.3905 1.35651 -0.995179 -0.0927713 -0.00710024
32.4051 15.4138 0.293968 -0.990642 -0.133061 0.0282462
32.345 15.3678 -1.073 -0.99521 -0.0892116 0.0371396
32.3172 15.3979 -2.36145 -0.995872 -0.087125 0.0254396
32.2896 15.3195 -3.66929 -0.992149 -0.12327 0.00802355
32.2926 15.3592 -4.88378 -0.99232 -0.122711 0.00145683
32.2456 15.9281 -5.75019 -0.989738 -0.137386 -0.0392893
32.0325 17.0926 -5.79879 -0.963137 -0.251053 -0.0768703
31.5802 18.3395 -5.75689 -0.902457 -0.418991 -0.0781532
30.9135 19.4404 -5.69577 -0.756629 -0.627902 -0.181396
30.1414 20.1684 -5.71449 -0.627627 -0.76899 -0.119971
28.9033 20.8465 -5.7975 -0.381759 -0.918303 -0.103462
27.8234 21.2369 -5.77244 -0.278847 -0.95595 -0.0789946
26.7361 21.5036 -5.76275 -0.21564 -0.975739 -0.0378423
25.4826 21.7474 -5.79422 -0.158511 -0.986748 -0.0329837
24.0834 21.9432 -5.7553 -0.131631 -0.991 -0.0222355
22.9975 22.0613 -5.73032 -0.103441 -0.994584 -0.0101266
21.7147 22.1787 -5.69738 -0.0795302 -0.996498 -0.0256616
20.9198 22.2217 -5.72455 -0.032269 -0.999286 -0.0186314
20.9629 22.2554 -6.77297 -0.0302537 -0.997942 -0.0518669
22.1932 22.1589 -6.77674 -0.105176 -0.994335 -0.0153189
23.2537 22.0472 -6.80303 -0.102719 -0.994641 -0.011781
24.6011 21.8966 -6.85177 -0.113919 -0.993442 -0.00912144
25.6875 21.7402 -6.82925 -0.15236 -0.987551 -0.0380554
26.9665 21.5127 -6.82087 -0.200003 -0.977084 -0.0728161
28.2406 21.194 -6.82715 -0.285907 -0.955893 -0.0672678
29.4019 20.7894 -6.84984 -0.398468 -0.900113 -0.170625
30.4963 20.1622 -6.78585 -0.576388 -0.776319 -0.252621
31.2903 19.1443 -6.78556 -0.850197 -0.503578 -0.152264
31.7814 18.1579 -6.8026 -0.921142 -0.340191 -0.189073
32.1695 16.9312 -6.82057 -0.969566 -0.186961 -0.15129
32.3211 15.7259 -6.84069 -0.994982 -0.0889836 -0.045581
32.409 14.6213 -6.73258 -0.997959 -0.0546229 -0.0330708
32.406 14.3123 -5.77037 -0.998264 -0.0566006 -0.0151026
32.3932 14.2706 -4.67951 -0.99753 -0.0689496 -0.0124283
32.386 14.2416 -3.55591 -0.99884 -0.0479115 0.00107671
32.3986 14.3485 -2.37534 -0.998342 -0.0511117 0.0262491
32.432 14.3031 -1.17828 -0.998318 -0.0536021 0.0220639
32.4651 14.3585 -0.104233 -0.997649 -0.053591 0.0427103
32.5107 14.3237 1.02571 -0.997459 -0.0638206 0.0315307
32.5112 14.3289 2.36945 -0.996817 -0.0793752 -0.00738753
32.5109 14.2669 3.51332 -0.998401 -0.0550446 -0.0112117
32.5009 14.2638 4.61525 -0.997087 -0.0755275 -0.0106226
32.4849 14.2802 5.68203 -0.998721 -0.0318566 -0.0355853
32.4522 14.6052 6.69359 -0.998873 -0.0470051 -0.00627437
32.3997 15.661 6.75942 -0.998546 -0.0520013 0.00740627
32.2942 16.7615 6.73732 -0.979087 -0.170833 0.110377
32.0176 17.8414 6.75183 -0.921314 -0.34803 0.152089
31.4875 18.9187 6.76402 -0.847355 -0.477457 0.229936
30.7102 19.9258 6.77973 -0.664474 -0.72178 0.180138
29.6945 20.5506 6.79618 -0.429782 -0.896533 0.105459
28.5386 21.0446 6.76963 -0.30186 -0.942326 0.137673
27.5195 21.33 6.76891 -0.235172 -0.969099 0.0730339
26.3195 21.5848 6.78309 -0.196408 -0.979708 0.0399408
25.2093 21.7704 6.75481 -0.13481 -0.989802 0.0460142
23.8557 21.922 6.78611 -0.0909411 -0.99582 0.00585792
22.5924 22.053 6.77663 -0.107979 -0.994054 0.00990079
21.4024 22.1691 6.76195 -0.081864 -0.996344 0.0241531
20.16 22.2508 6.77029 -0.0252739 -0.997796 0.0608413
18.8802 22.2391 6.7446 0.0271033 -0.998078 0.0556906
17.5987 22.1694 6.78004 0.0889048 -0.99433 0.0552484
16.5289 22.0537 6.77085 0.13371 -0.989929 0.0438703
15.032 21.7918 6.7661 0.187684 -0.981581 0.0356761
13.971 21.545 6.78525 0.267167 -0.96349 0.0175555
12.9197 21.2486 6.79866 0.277608 -0.960553 0.0162424
11.8999 20.9447 6.78274 0.269264 -0.96231 -0.0381526
10.6793 20.6125 6.8031 0.249493 -0.967913 -0.0299748
9.42556 20.3221 6.73546 0.199882 -0.978376 -0.0487406
8.30381 20.1283 6.78515 0.148975 -0.988054 -0.0387502
7.00944 19.9913 6.81023 0.0684501 -0.99738 -0.0226456
5.86209 19.9118 6.81429 0.0679954 -0.997622 -0.011247
4.74801 19.845 6.7723 0.045588 -0.998805 -0.0176095
3.61062 19.8075 6.78007 0.0262098 -0.999629 -0.00734976
2.42252 19.7805 6.76581 0.0227089 -0.999736 -0.00358874
1.14714 19.7603 6.79784 0.011586 -0.999904 -0.00751187
0.00381519 19.7557 6.78147 -0.00918504 -0.999801 -0.0171921
-1.20363 19.7684 6.77504 -0.0192034 -0.999495 -0.024469
-2.42323 19.8051 6.7289 -0.0386433 -0.998786 -0.0303081
-3.58262 19.864 6.72297 -0.0612057 -0.996452 -0.0548438
-4.02569 19.9347 5.93034 -0.088601 -0.995603 -0.030402
-3.99333 19.9588 4.86392 -0.0822484 -0.996339 -0.0233016
-3.9749 19.9813 3.76239 -0.0878918 -0.996027 -0.0143234
-3.96621 19.9918 2.45062 -0.0721248 -0.99731 -0.0130309
-3.99967 19.9857 1.07285 -0.0872817 -0.994177 0.0627845
-3.99284 20.0073 -0.331704 -0.0636143 -0.997314 -0.0353443
-3.8921 20.0247 -1.53428 -0.105173 -0.994346 -0.0133235
-3.93797 20.0294 -2.68313 -0.0837408 -0.996474 0.0052361
-3.97241 20.0124 -4.04593 -0.0991454 -0.99486 0.0202454
-4.02005 19.9655 -5.32213 -0.0531971 -0.998387 0.00657643
-3.91025 19.955 -6.40699 -0.091149 -0.995655 0.0186542
-2.69511 19.8582 -6.79512 -0.0576762 -0.997805 0.0325284
-1.39151 19.816 -6.81012 -0.0236561 -0.999379 0.026087
-0.205677 19.796 -6.86143 -0.0075284 -0.999729 0.0214014
0.96741 19.7985 -6.80301 0.00946739 -0.999864 0.0135329
2.13967 19.8176 -6.78906 0.0192137 -0.999742 0.0121239
3.4137 19.853 -6.84364 0.0340392 -0.999374 0.00958834
4.47613 19.8932 -6.83027 0.0433416 -0.998992 0.0105445
5.79888 19.9642 -6.80553 0.0609973 -0.998135 0.00167771
6.99746 20.0531 -6.81988 0.0827786 -0.996529 0.00823387
8.11903 20.1731 -6.80054 0.120714 -0.992568 0.0154187
9.55979 20.3666 -6.7282 0.16847 -0.984561 0.0338364
10.8382 20.6602 -6.8498 0.2458 -0.96929 0.00774721
12.0178 20.9631 -6.82996 0.253102 -0.967405 0.00777563
13.0714 21.2417 -6.78799 0.262665 -0.96484 -0.00143261
14.4157 21.5916 -6.8426 0.247059 -0.96835 -0.033371
15.5089 21.8422 -6.81135 0.218494 -0.975025 -0.0396942
16.5938 22.0363 -6.77162 0.144091 -0.988254 -0.0482599
17.7727 22.1771 -6.78839 0.0795106 -0.994631 -0.0662302
18.9704 22.2455 -6.79906 0.0319509 -0.998706 -0.039469
20.0825 22.2678 -6.78559 -0.00824222 -0.999488 -0.0302645
20.773 22.2573 -6.7753 -0.0122699 -0.999238 -0.0367441
