-24.9487 16.2639 3.29849 0.372625 -0.927977 0.00269187
-25.039 16.2246 2.27872 0.372957 -0.927844 0.00293515
-25.1561 16.174 1.36237 0.372197 -0.928145 0.00411178
-25.2133 16.1468 0.284549 0.369167 -0.929356 0.00369033
-25.1841 16.1531 -0.674742 0.368117 -0.929753 0.00696763
-25.0784 16.1875 -1.57407 0.367278 -0.930078 0.00789551
-25.0461 16.1905 -2.56926 0.364628 -0.931104 0.00956106
-25.0582 16.1771 -3.43056 0.363906 -0.931396 0.00849786
-25.8288 15.8781 -3.44681 0.360877 -0.932581 0.00784401
-25.7954 15.8986 -2.53123 0.360701 -0.932654 0.00718595
-25.771 15.9147 -1.66573 0.363762 -0.931467 0.00674442
-25.9352 15.8567 -0.692335 0.364316 -0.93126 0.00533608
-25.9236 15.8665 0.464571 0.3665 -0.930409 0.00418205
-25.9089 15.8753 1.3563 0.367085 -0.930183 0.00261964
-25.7989 15.9212 2.22586 0.368733 -0.929533 0.00218985
-25.685 15.9692 3.16991 0.371157 -0.928567 0.00244247
-25.7006 15.9639 3.61733 0.37069 -0.928754 0.00209676
-26.4265 15.6746 3.47885 0.366497 -0.930419 0.000621989
-26.5474 15.6262 2.37465 0.365766 -0.930705 0.00168636
-26.6742 15.5743 1.41733 0.364436 -0.931226 0.00201285
-26.6205 15.5926 0.336553 0.363791 -0.931477 0.00248896
-26.7273 15.5482 -0.535453 0.362722 -0.931893 0.00260026
-26.4817 15.6391 -1.51884 0.361946 -0.932184 0.00512056
-26.5215 15.6179 -2.50702 0.360822 -0.932611 0.00649841
-26.6099 15.5776 -3.4614 0.357404 -0.933928 0.00629525
-26.6045 15.5794 -3.51355 0.356426 -0.93431 0.00506699
-27.3744 15.2868 -3.56643 0.352925 -0.935643 0.00392837
-27.3453 15.3009 -2.73256 0.356815 -0.934163 0.00458785
-27.1658 15.3736 -1.6626 0.357093 -0.934062 0.00340079
-27.4616 15.2626 -0.738041 0.361763 -0.932265 0.00313899
-27.3301 15.3163 0.152413 0.360194 -0.932871 0.0031946
-27.2991 15.3305 1.00583 0.361359 -0.932423 0.00277857
-27.5006 15.2546 2.00653 0.359133 -0.933286 0.000765171
-27.2027 15.3706 2.9161 0.363951 -0.931418 0.000277581
-27.1837 15.3781 3.3789 0.364549 -0.931183 -0.000798737
-28.1767 14.9942 3.11351 0.357449 -0.933929 -0.00248606
-28.2123 14.9812 2.11971 0.357304 -0.933988 0.000575575
-28.1702 14.9963 1.21121 0.357286 -0.933994 0.00137369
-27.9828 15.0661 0.386473 0.356535 -0.934276 0.00324407
-28.2449 14.9638 -0.558281 0.352411 -0.935844 0.00118526
-27.9966 15.0571 -1.46496 0.353462 -0.935447 0.000751429
-28.129 15.0059 -2.40325 0.351816 -0.936067 0.00182014
-28.1477 14.9957 -3.53203 0.35122 -0.936288 0.00311237
-28.1295 15.0023 -3.60794 0.35115 -0.936316 0.00191722
-28.9654 14.6916 -3.53746 0.348048 -0.937476 -0.000228078
-28.9495 14.6982 -2.57349 0.348764 -0.937209 0.00163993
-28.9141 14.7122 -1.53663 0.351442 -0.93621 0.000432435
-28.9581 14.6959 -0.507937 0.351673 -0.936123 0.000735564
-28.9587 14.6965 0.37831 0.35262 -0.935766 0.000902838
-28.9309 14.707 1.32894 0.352567 -0.935787 -0.000131905
-28.9524 14.6988 2.24657 0.353173 -0.935557 -0.000536606
-28.9684 14.6918 3.10942 0.354359 -0.935109 -0.00122425
-29.012 14.6747 3.47359 0.35468 -0.934987 -0.00141879
-29.7761 14.3854 3.59341 0.353387 -0.935475 -0.00190417
-29.7819 14.385 2.64926 0.352796 -0.935699 -0.00138978
-29.6729 14.4273 1.65313 0.352464 -0.935824 -0.00155072
-29.7176 14.4115 0.776224 0.351205 -0.936298 -0.000641256
-29.7762 14.3897 -0.13034 0.350103 -0.936711 -0.000299164
-29.7107 14.4143 -1.01555 0.349707 -0.936859 -0.000473416
-29.7673 14.3939 -1.98234 0.349311 -0.937007 -0.000657044
-29.9221 14.3372 -2.99532 0.346343 -0.938108 -0.00095682
-29.9019 14.3449 -3.21304 0.346188 -0.938165 -0.000991034
-30.6689 14.0623 -3.44753 0.345721 -0.938335 -0.00186881
-30.6499 14.0672 -2.50933 0.346274 -0.93813 -0.00240586
-30.453 14.1381 -1.35502 0.347798 -0.937568 -0.00159693
-30.5102 14.1157 -0.417025 0.348856 -0.937175 -0.0016422
-30.4915 14.1218 0.456714 0.350378 -0.936608 -0.000727498
-30.4111 14.1507 1.35089 0.350625 -0.936514 -0.00175249
-30.4868 14.1205 2.35775 0.350729 -0.936476 -0.0013236
-30.5152 14.1081 3.30651 0.351534 -0.936173 -0.00189226
-30.4986 14.1139 3.50326 0.351607 -0.936145 -0.00209493
-31.2523 13.8312 3.32973 0.351908 -0.936032 -0.00228506
-31.2116 13.8489 2.35095 0.35109 -0.936339 -0.0023783
-31.1751 13.8646 1.45967 0.350294 -0.936638 -0.00179264
-31.2223 13.8487 0.527211 0.349697 -0.936861 -0.00180234
-31.2638 13.8352 -0.547008 0.349203 -0.937045 -0.00193302
-31.2825 13.8304 -1.4322 0.347763 -0.93758 -0.0022916
-31.3832 13.7957 -2.32822 0.346511 -0.938041 -0.00306735
-31.4237 13.7844 -3.35125 0.344881 -0.938639 -0.00360858
-31.4139 13.7887 -3.55417 0.344332 -0.938843 -0.00307554
-32.1643 13.5129 -3.53631 0.345282 -0.938488 -0.00457081
-32.1566 13.5109 -2.52557 0.345942 -0.938247 -0.00408779
-32.0718 13.539 -1.66806 0.346631 -0.937996 -0.00338124
-32.0149 13.5557 -0.439914 0.348678 -0.937239 -0.00257524
-31.9743 13.5675 0.656211 0.349946 -0.936764 -0.00326575
-31.9572 13.5714 1.5901 0.351223 -0.936287 -0.00296309
-31.9648 13.5649 2.71362 0.351972 -0.936006 -0.00291208
-32.0034 13.549 3.1506 0.352777 -0.935704 -0.00258569
-23.57 16.7902 -1.0291 0.36858 -0.929523 0.0115961
-23.5975 16.7912 0.0990994 0.371671 -0.928331 0.00787475
-23.6397 16.7826 1.2147 0.372802 -0.927892 0.00591063
-23.6711 16.7761 2.26138 0.374642 -0.92716 0.00414041
-23.71 16.7653 3.54677 0.375336 -0.926884 0.00297838
-23.9796 16.6587 4.51917 0.375257 -0.926919 0.00205089
-24.956 16.2639 4.65439 0.375242 -0.926927 -0.000378828
-25.9264 15.8741 4.69422 0.371103 -0.928591 -0.000876863
-26.9607 15.4634 4.67736 0.366476 -0.930426 -0.00102464
-27.9911 15.0629 4.63465 0.359071 -0.933308 -0.00184472
-29.052 14.6567 4.64993 0.355111 -0.934813 -0.00446943
-30.0947 14.2625 4.66695 0.35244 -0.935828 -0.00336071
-31.1703 13.8585 4.66215 0.351389 -0.936226 -0.00267359
-32.4255 13.386 4.62691 0.352647 -0.935754 -0.001945
-33.453 12.9977 4.25431 0.355444 -0.934694 -0.00259335
-33.525 12.9736 3.10724 0.354755 -0.934955 -0.00289978
-33.5296 12.9771 1.86774 0.354003 -0.935234 -0.00441772
-33.5691 12.9692 0.771579 0.352241 -0.935889 -0.00611721
-33.5589 12.9805 -0.550607 0.350198 -0.936659 -0.0055368
-33.5488 12.9932 -2.00091 0.34864 -0.937235 -0.0063361
-33.5629 12.9954 -3.1739 0.346323 -0.938098 -0.00574448
-33.512 13.0215 -4.33988 0.345711 -0.938321 -0.00618187
-32.4619 13.4093 -4.64119 0.344231 -0.938873 -0.00476257
-31.4659 13.7737 -4.66652 0.343393 -0.939184 -0.00376763
-30.3521 14.1814 -4.68539 0.343921 -0.938997 -0.00137064
-29.2103 14.601 -4.69253 0.345425 -0.938445 0.000558394
-27.9601 15.0631 -4.68758 0.349387 -0.936974 0.00283903
-26.8005 15.4985 -4.62722 0.35468 -0.93497 0.00572983
-25.7988 15.8801 -4.64393 0.358476 -0.933514 0.00634926
-24.7807 16.2728 -4.64713 0.361958 -0.932144 0.00968697
-23.5938 16.738 -4.41073 0.364471 -0.931141 0.0116866
-23.5093 16.7882 -3.08535 0.365617 -0.930688 0.0119775
-23.5217 16.798 -1.96948 0.368034 -0.929741 0.0114901
-23.5451 16.7948 -1.45226 0.368471 -0.92957 0.0113206
-22.5802 17.1752 -1.56343 0.366539 -0.930303 0.0136134
-22.5821 17.1909 -0.325165 0.367199 -0.93005 0.0131237
-22.6373 17.1821 0.943284 0.370286 -0.928871 0.00933067
-22.6953 17.1696 2.2919 0.373834 -0.927478 0.00579296
-22.7178 17.1663 3.36032 0.374814 -0.927091 0.00424084
-22.7172 17.1709 4.63265 0.375783 -0.926704 0.0026394
-22.979 17.0662 5.66712 0.376097 -0.92658 0.000857232
-24.0121 16.6462 5.68064 0.376652 -0.926354 -0.00121953
-25.0791 16.2136 5.72533 0.374044 -0.927411 -0.000671203
-26.0687 15.8163 5.75414 0.370674 -0.92876 -0.00206509
-27.24 15.3521 5.72492 0.367673 -0.929954 -0.00133944
-28.2483 14.9594 5.6748 0.359728 -0.933042 -0.0046249
-29.4025 14.5189 5.74173 0.352979 -0.935616 -0.00526261
-30.6194 14.0618 5.72965 0.35101 -0.936365 -0.00362535
-31.776 13.6288 5.70634 0.351223 -0.93629 -0.00186587
-32.7967 13.2439 5.70538 0.354613 -0.935012 -0.0012295
-34.0349 12.7723 5.67054 0.35763 -0.933863 0.000867992
-34.4955 12.5979 4.69771 0.358425 -0.933554 -0.00281096
-34.5309 12.5888 3.49732 0.356803 -0.934174 -0.00331367
-34.5064 12.6037 2.24204 0.355641 -0.934605 -0.00551167
-34.5653 12.5903 1.03189 0.354611 -0.934977 -0.00826704
-34.5633 12.6018 -0.251188 0.35208 -0.935936 -0.00794779
-34.5499 12.6153 -1.30822 0.350118 -0.936672 -0.00796086
-34.5533 12.6231 -2.42484 0.348179 -0.937398 -0.00751018
-34.5769 12.6241 -3.70983 0.347608 -0.93761 -0.00739023
-34.5454 12.6443 -4.90109 0.346319 -0.938093 -0.00669787
-33.7645 12.937 -5.65859 0.345239 -0.938493 -0.00634025
-32.4024 13.4367 -5.69777 0.342828 -0.939382 -0.00549439
-31.3632 13.8154 -5.71597 0.342158 -0.939636 -0.0034728
-30.1811 14.2458 -5.76306 0.341958 -0.939714 -0.00152471
-29.0856 14.6456 -5.75801 0.342165 -0.939638 0.000872049
-27.9582 15.0596 -5.74039 0.347468 -0.937683 0.00394218
-26.8311 15.4807 -5.70708 0.352319 -0.935849 0.0072556
-25.4509 16.0035 -5.72516 0.356185 -0.934356 0.0105321
-24.466 16.3827 -5.7359 0.360831 -0.932575 0.0102661
-23.491 16.7618 -5.69561 0.362591 -0.931883 0.0110478
-22.5514 17.133 -5.33076 0.363395 -0.931555 0.012213
-22.5292 17.1563 -4.26132 0.364553 -0.931089 0.0132453
-22.5247 17.1769 -2.9445 0.365871 -0.930565 0.0136597
-22.5698 17.1763 -1.76661 0.366953 -0.930135 0.013963
-21.6136 17.5537 -1.6251 0.362113 -0.93203 0.013939
-21.6241 17.5677 -0.414567 0.367577 -0.929913 0.0121627
-21.6544 17.5707 0.693302 0.368311 -0.929603 0.0134742
-21.7145 17.5615 1.91575 0.371305 -0.928463 0.00944997
-21.7228 17.5675 3.17106 0.374826 -0.927074 0.00635592
-21.7548 17.5603 4.31381 0.375905 -0.926654 0.00279091
-21.6725 17.5956 5.35341 0.375383 -0.926867 -0.000933243
-21.9352 17.4917 6.69826 0.376777 -0.926301 0.00245313
-23.0046 17.058 6.79438 0.376625 -0.926347 0.00488304
-24.2623 16.5418 6.75171 0.379998 -0.92498 -0.00228859
-25.372 16.0928 6.81813 0.373256 -0.927725 -0.0024925
-26.4888 15.6457 6.80209 0.368472 -0.92963 -0.00391284
-27.4877 15.2499 6.79147 0.367831 -0.929877 -0.00545646
-28.4665 14.8658 6.78211 0.359802 -0.932977 -0.00985232
-29.5432 14.4589 6.78297 0.345029 -0.938581 -0.00435446
-30.53 14.0922 6.77732 0.350767 -0.93646 -0.00182433
-31.7641 13.6318 6.76623 0.348323 -0.937374 -0.000984698
-32.8744 13.2156 6.76334 0.353124 -0.935575 0.000985057
-33.9112 12.8205 6.76758 0.360641 -0.932687 0.00363128
-34.9449 12.4226 6.74458 0.359069 -0.933308 0.00227497
-35.4897 12.2098 5.88227 0.363801 -0.931476 -0.00017889
-35.5143 12.2054 4.50439 0.361545 -0.932344 -0.00438619
-35.4905 12.22 3.24159 0.360935 -0.932584 -0.00338631
-35.526 12.2132 2.17349 0.359885 -0.932957 -0.00855094
-35.5401 12.2213 0.840008 0.356905 -0.934078 -0.0107602
-35.5273 12.2393 -0.318955 0.353382 -0.935421 -0.010466
-35.5506 12.245 -1.68187 0.350112 -0.936663 -0.00918156
-35.5476 12.2576 -2.95271 0.348732 -0.93719 -0.00778931
-35.5827 12.2558 -4.22723 0.347621 -0.937599 -0.00825255
-35.5709 12.2691 -5.34547 0.346531 -0.938012 -0.00702548
-35.5118 12.2988 -6.42329 0.346573 -0.937998 -0.00683698
-34.6088 12.6346 -6.76997 0.346315 -0.938103 -0.00529788
-33.5801 13.0136 -6.7728 0.3447 -0.938668 -0.00922912
-32.5457 13.3906 -6.77392 0.343709 -0.93906 -0.00540341
-31.5503 13.753 -6.76499 0.335306 -0.942067 -0.00637491
-30.5027 14.1301 -6.77194 0.341207 -0.939988 -0.00066631
-29.4006 14.5307 -6.79801 0.339777 -0.940501 -0.00309906
-28.2694 14.9398 -6.79619 0.342674 -0.939425 0.00747333
-27.2142 15.3267 -6.80312 0.346879 -0.937833 0.011965
-26.0619 15.7593 -6.77983 0.353948 -0.935212 0.00997871
-25.0723 16.1356 -6.83189 0.358427 -0.933486 0.011521
-23.9756 16.5605 -6.79737 0.361424 -0.932337 0.0109566
-22.8585 16.9944 -6.80159 0.361529 -0.932291 0.0114092
-21.8678 17.3825 -6.69293 0.366078 -0.930497 0.0125434
-21.4767 17.5472 -5.71673 0.363275 -0.931589 0.0131958
-21.5289 17.5431 -4.57954 0.363856 -0.931355 0.0136379
-21.5448 17.5569 -3.38554 0.367702 -0.929805 0.0160493
-21.5624 17.5668 -2.12294 0.362633 -0.931852 0.0121715
-21.5672 17.5667 -1.97986 0.361931 -0.932123 0.0123196
