-26.2367 16.7283 -3.55949 0.357103 -0.933996 0.0113683
-26.2781 16.7261 -2.48899 0.361088 -0.932487 0.00903173
-26.3312 16.7148 -1.52161 0.363167 -0.931671 0.00994047
-26.36 16.7105 -0.646943 0.366733 -0.930295 0.00737346
-26.3207 16.732 0.485015 0.369726 -0.929135 0.00313622
-26.1874 16.7868 1.41958 0.370533 -0.928818 0.00136711
-26.22 16.7761 2.4589 0.371701 -0.92835 0.00172216
-26.2704 16.7565 3.2272 0.368884 -0.929473 -0.000754981
-27.0801 16.438 3.5515 0.36432 -0.931269 -0.00204859
-26.9662 16.4825 2.61835 0.361978 -0.932183 0.00163547
-26.9063 16.5031 1.74988 0.361289 -0.932451 0.00227219
-27.0197 16.458 0.893149 0.361934 -0.9322 0.00221303
-27.1093 16.4199 -0.172472 0.362139 -0.932121 0.00179265
-27.0881 16.4236 -1.02232 0.362629 -0.93191 0.00663212
-27.0809 16.4185 -2.10172 0.36098 -0.932531 0.00889115
-26.9831 16.4477 -3.14735 0.358424 -0.933515 0.00886629
-26.9774 16.4465 -3.46542 0.352627 -0.93573 0.00774124
-27.7026 16.1744 -3.51788 0.348176 -0.937413 0.00553117
-27.8333 16.1315 -2.56301 0.34849 -0.937297 0.00535664
-27.8571 16.1285 -1.39477 0.35195 -0.936011 0.00389085
-27.8173 16.1462 -0.504399 0.358704 -0.933439 0.0039973
-27.889 16.1213 0.458763 0.356211 -0.934402 0.00276606
-27.6761 16.205 1.52839 0.357387 -0.93395 0.00167537
-27.7454 16.1802 2.63842 0.355654 -0.934617 0.00062161
-27.9316 16.1081 3.50246 0.35851 -0.93352 -0.00335834
-27.9291 16.109 3.523 0.35875 -0.933427 -0.00345609
-28.6864 15.8201 3.58252 0.351715 -0.936102 -0.00268953
-28.6179 15.8495 2.6988 0.353673 -0.935365 -0.00187846
-28.4968 15.8945 1.55734 0.352522 -0.9358 0.00253987
-28.6457 15.836 0.591717 0.348853 -0.937176 0.00055485
-28.5055 15.887 -0.226592 0.350751 -0.936468 0.000833327
-28.5988 15.8515 -1.0834 0.346454 -0.938066 0.000804306
-28.5633 15.8628 -2.26249 0.346733 -0.93796 0.00201938
-28.4659 15.8943 -3.42257 0.343214 -0.939251 0.00339156
-28.4548 15.8982 -3.47477 0.343689 -0.939077 0.00335239
-29.3902 15.5587 -3.19109 0.340028 -0.940413 0.000621483
-29.3902 15.5589 -2.20883 0.344564 -0.938762 0.00133721
-29.3902 15.5601 -1.0007 0.344986 -0.938608 0.00054162
-29.3902 15.5609 -0.00139952 0.344714 -0.938707 0.000692445
-29.3902 15.561 0.989616 0.345292 -0.938495 -6.02252e-05
-29.3902 15.5604 1.96103 0.347544 -0.937662 0.000622301
-29.3902 15.559 2.82478 0.346245 -0.938143 -0.00130025
-29.3902 15.5577 3.47973 0.346509 -0.938045 -0.0017539
-30.0859 15.3018 3.30791 0.345136 -0.938551 -0.00170432
-30.3547 15.2049 2.35507 0.343033 -0.93932 -0.00236322
-30.2925 15.2308 1.27498 0.343619 -0.939105 -0.00251594
-30.2865 15.2339 0.364098 0.342216 -0.939621 -0.000412551
-30.2579 15.2449 -0.49947 0.340862 -0.940113 -0.000781162
-30.3788 15.202 -1.52095 0.338912 -0.940817 -0.000663101
-30.1412 15.2879 -2.58434 0.337855 -0.941198 -0.000689958
-30.1764 15.2762 -3.52644 0.335996 -0.941862 -0.00124002
-30.9335 15.0073 -3.58376 0.334479 -0.9424 -0.0023736
-31.0175 14.9746 -2.5149 0.335608 -0.941999 -0.00243467
-31.0937 14.9452 -1.48988 0.33748 -0.941331 -0.00184264
-30.9674 14.9885 -0.519697 0.338929 -0.940809 -0.00240416
-31.0434 14.9596 0.391523 0.340527 -0.940234 -0.000952194
-30.9727 14.9832 1.32023 0.341373 -0.939923 -0.00304172
-31.0436 14.9545 2.27941 0.340513 -0.940236 -0.00286272
-30.918 14.9976 3.32053 0.342011 -0.939694 -0.00194951
-31.6893 14.7174 3.23604 0.341811 -0.939765 -0.00272505
-31.7398 14.7031 1.96081 0.341638 -0.939826 -0.00319759
-31.7162 14.7142 1.10668 0.340606 -0.940202 -0.00260731
-31.7651 14.7002 -0.0248131 0.338153 -0.941088 -0.00253079
-31.7343 14.7141 -0.918582 0.336996 -0.941497 -0.00404838
-31.8339 14.6823 -1.9869 0.335491 -0.942039 -0.00292333
-31.7283 14.7235 -3.00911 0.334928 -0.942238 -0.00322503
-31.7186 14.7287 -3.54129 0.333912 -0.942598 -0.00332849
-32.5059 14.4498 -3.56544 0.334155 -0.942508 -0.00428157
-32.5269 14.438 -2.54631 0.33466 -0.942332 -0.0037377
-32.5454 14.427 -1.63324 0.336525 -0.941662 -0.00485394
-32.4721 14.4476 -0.45509 0.338255 -0.941043 -0.00458909
-32.522 14.4255 0.417443 0.340109 -0.940376 -0.00429212
-32.4725 14.4397 1.2668 0.340809 -0.940124 -0.00406113
-32.4817 14.4326 2.17598 0.342371 -0.939556 -0.00402355
-32.4562 14.4384 3.03145 0.343021 -0.939322 -0.00322828
-32.4546 14.4375 3.50454 0.343224 -0.939249 -0.00278494
-31.0835 14.9335 4.66176 0.34217 -0.939634 -0.00281912
-29.971 15.3408 4.61785 0.344619 -0.938738 -0.00288928
-28.9608 15.7161 4.67347 0.351102 -0.936331 -0.00157173
-27.8725 16.1279 4.66961 0.355166 -0.934801 -0.00179892
-26.7127 16.5763 4.61656 0.364886 -0.931049 -0.00191773
-25.6782 16.9925 4.57849 0.377339 -0.926069 -0.00301641
-24.8493 17.3343 4.1285 0.380059 -0.924962 0.000745649
-24.8421 17.3356 2.83553 0.379625 -0.92514 0.00102404
-24.8473 17.3299 1.5523 0.379817 -0.925048 0.0045344
-24.8426 17.3246 0.315879 0.376358 -0.926456 0.00584711
-24.7768 17.3351 -0.956142 0.370566 -0.92872 0.0126879
-24.7558 17.3264 -2.13424 0.370424 -0.928743 0.0148632
-24.7459 17.3136 -3.405 0.368713 -0.929448 0.0133027
-25.1416 17.1413 -4.66757 0.368158 -0.929701 0.0107969
-26.1451 16.7508 -4.71529 0.358047 -0.933682 0.00572528
-27.4797 16.2508 -4.67208 0.34736 -0.937721 0.00389058
-28.7017 15.8058 -4.62704 0.339236 -0.940701 0.000846106
-29.8668 15.3881 -4.66471 0.336261 -0.941768 -0.00135664
-30.9239 15.0134 -4.7014 0.333295 -0.94282 -0.00215953
-32.055 14.6139 -4.71056 0.333095 -0.942889 -0.00280389
-33.1288 14.2334 -4.67162 0.335265 -0.942116 -0.00388883
-33.9248 13.9466 -4.10248 0.336753 -0.941579 -0.00512082
-34.008 13.9099 -2.98206 0.338829 -0.940825 -0.00659046
-34.0019 13.904 -1.8136 0.340612 -0.940181 -0.00629448
-33.9838 13.9017 -0.631455 0.343305 -0.939195 -0.00737561
-33.955 13.9022 0.683267 0.343966 -0.938955 -0.00709884
-33.9659 13.8886 2.01969 0.346725 -0.937949 -0.00573836
-33.9737 13.8802 3.17625 0.347235 -0.937771 -0.00358007
-33.9069 13.9017 4.2709 0.347557 -0.937654 -0.00280134
-32.8909 14.275 4.64196 0.343024 -0.939325 -0.00197295
-31.8576 14.652 4.67481 0.342207 -0.939622 -0.00220576
-31.4581 14.7972 4.66608 0.341654 -0.939822 -0.00268831
-31.3523 14.8327 5.72512 0.341683 -0.939812 -0.00238298
-32.5815 14.386 5.71801 0.342556 -0.939495 -0.00193136
-33.7998 13.9381 5.67665 0.346076 -0.938205 -0.000186961
-34.8464 13.5487 5.45148 0.349563 -0.936908 0.000145277
-34.9504 13.5131 4.20054 0.349466 -0.936943 -0.00308718
-34.9837 13.5066 2.93542 0.34833 -0.937356 -0.00543012
-34.9753 13.517 1.80916 0.346822 -0.937907 -0.00670045
-34.9596 13.5337 0.470552 0.346573 -0.93799 -0.00788405
-34.9953 13.5302 -0.637429 0.345893 -0.938236 -0.00842505
-35.0118 13.5359 -1.79256 0.344428 -0.93876 -0.00991116
-35.0228 13.5427 -2.977 0.340985 -0.940031 -0.00837442
-34.9523 13.5786 -4.24191 0.337876 -0.941168 -0.00648665
-34.8416 13.626 -5.53212 0.336704 -0.941596 -0.00521997
-33.7655 14.0115 -5.73374 0.335727 -0.941947 -0.00476023
-32.6442 14.409 -5.74109 0.333424 -0.942768 -0.00410072
-31.5641 14.7903 -5.77417 0.33229 -0.943173 -0.00278478
-30.4394 15.1868 -5.73515 0.333473 -0.942759 -0.00149826
-29.2563 15.6067 -5.72865 0.335456 -0.942056 -0.000507875
-27.9858 16.0623 -5.69169 0.340757 -0.940132 0.00577468
-26.874 16.4678 -5.78771 0.344119 -0.938902 0.00673042
-25.7901 16.8778 -5.77265 0.360447 -0.932721 0.0104557
-24.6134 17.3345 -5.76234 0.364987 -0.930939 0.0116928
-23.7974 17.6628 -5.2761 0.367732 -0.929833 0.0135248
-23.723 17.7133 -3.95458 0.370327 -0.928783 0.0147979
-23.7638 17.7179 -2.56108 0.373638 -0.927463 0.0144091
-23.8002 17.7211 -1.44849 0.374224 -0.927223 0.0146136
-23.8424 17.7226 -0.273874 0.374971 -0.926904 0.0156392
-23.8783 17.7237 1.00563 0.380979 -0.92454 0.0089252
-23.8787 17.7317 2.08268 0.384628 -0.923059 0.00478908
-23.8523 17.7477 3.30499 0.386662 -0.922218 0.00240669
-23.8455 17.7518 4.57684 0.389422 -0.921052 -0.000809158
-24.2482 17.5803 5.59795 0.386554 -0.922251 -0.00486618
-25.2671 17.157 5.65163 0.381248 -0.924464 -0.00407737
-26.6986 16.5806 5.6669 0.364133 -0.931335 -0.00461402
-27.8488 16.1342 5.73693 0.359393 -0.933169 -0.00525869
-29.1526 15.6411 5.73065 0.348927 -0.937143 -0.00365809
-30.446 15.163 5.66849 0.343933 -0.938984 -0.00400886
-31.2154 14.8826 5.72073 0.342141 -0.939646 -0.00240174
-31.1933 14.8873 6.79366 0.337692 -0.941256 -0.0012866
-32.2542 14.5055 6.77172 0.342185 -0.939631 0.00177247
-33.3557 14.1019 6.76441 0.344054 -0.938939 -0.0032822
-34.4429 13.7039 6.78501 0.345087 -0.938545 0.00702256
-35.51 13.3036 6.77007 0.355282 -0.934732 0.00588054
-35.9732 13.1223 5.79933 0.358689 -0.933457 -0.000715103
-35.991 13.1197 4.62376 0.355918 -0.934493 -0.00664537
-35.9749 13.1317 3.47562 0.353616 -0.935369 -0.00625779
-35.9995 13.1305 2.35582 0.351632 -0.936111 -0.00713593
-35.9619 13.1549 1.16084 0.34956 -0.936878 -0.00809095
-35.9999 13.1514 -0.0342666 0.349964 -0.936709 -0.00990615
-36.0077 13.1655 -1.27422 0.345725 -0.938238 -0.0134867
-36.0376 13.1684 -2.42958 0.342583 -0.939422 -0.0111062
-36.0014 13.1935 -3.54035 0.342442 -0.939463 -0.0119466
-35.9619 13.2213 -4.79021 0.336329 -0.941711 -0.00747707
-35.9735 13.2217 -5.90858 0.339642 -0.940549 -0.00324704
-35.3662 13.445 -6.80135 0.33853 -0.94094 -0.00528671
-34.3545 13.8072 -6.76965 0.335114 -0.942167 -0.00441421
-33.3445 14.1668 -6.83114 0.334968 -0.942219 -0.00436429
-32.2521 14.5529 -6.80308 0.330405 -0.943805 -0.0074803
-31.0172 14.9839 -6.81047 0.332103 -0.943242 0.00107843
-29.8487 15.3965 -6.77942 0.328563 -0.944481 -0.000113798
-28.8019 15.7616 -6.74545 0.333026 -0.942781 0.0160371
-27.6856 16.1637 -6.77958 0.341151 -0.939959 0.0096437
-26.5261 16.5847 -6.8222 0.351385 -0.935972 0.0209768
-25.3619 17.027 -6.82992 0.35551 -0.934569 0.0139015
-24.1656 17.4934 -6.86195 0.364862 -0.930953 0.0142026
-22.9567 17.9736 -6.71598 0.372141 -0.928038 0.0156514
-22.7182 18.0866 -5.55689 0.36977 -0.929034 0.0128616
-22.7254 18.1031 -4.46665 0.371413 -0.928335 0.0157049
-22.7433 18.1152 -3.36646 0.372738 -0.927789 0.0165022
-22.7693 18.1232 -2.17714 0.370837 -0.928634 0.0101117
-22.803 18.1251 -1.08863 0.367989 -0.929616 0.0191712
-22.8331 18.1399 0.00458022 0.37655 -0.926159 0.0208545
-22.8632 18.1471 1.28409 0.383861 -0.923327 0.0108557
-22.8931 18.1474 2.62766 0.388016 -0.92162 0.00752827
-22.8769 18.1609 3.82015 0.389853 -0.920865 0.00481297
-22.8796 18.1643 4.91726 0.394684 -0.91881 0.000615575
-22.8817 18.1594 6.05132 0.394742 -0.91878 -0.00462068
-23.4711 17.8983 6.72949 0.394947 -0.918524 -0.0162546
-24.4993 17.4642 6.73105 0.388071 -0.92156 -0.0111549
-25.6558 16.9859 6.73575 0.374558 -0.927125 -0.0120533
-26.8761 16.5034 6.73885 0.357572 -0.933796 -0.0107544
-27.9561 16.0856 6.79585 0.364541 -0.931129 -0.00951274
-29.2924 15.5794 6.79125 0.344716 -0.938532 -0.0169407
-30.2985 15.2115 6.72795 0.34325 -0.939227 -0.00561504
-30.9634 14.9697 6.80946 0.339437 -0.940623 -0.00234465
