-26.6555 17.0781 -3.5887 0.35571 -0.934541 0.00991824
-26.6833 17.0744 -2.69894 0.35658 -0.934235 0.00727312
-26.6575 17.0926 -1.59345 0.360271 -0.932825 0.00631609
-26.5921 17.1222 -0.730859 0.360702 -0.93267 0.00454846
-26.6434 17.1062 0.348226 0.367243 -0.930123 0.00178692
-26.7216 17.0786 1.233 0.368393 -0.929658 0.00468873
-26.7167 17.0839 2.2568 0.365605 -0.93077 0.000165524
-26.6784 17.0986 3.25058 0.364971 -0.93101 -8.42176e-05
-26.6755 17.1001 3.3851 0.368242 -0.929729 0.00085597
-27.3918 16.823 3.36059 0.357692 -0.933837 -0.00193641
-27.4824 16.7872 2.11112 0.358517 -0.933517 0.00350293
-27.4606 16.7905 1.24245 0.360335 -0.932804 0.00563268
-27.3953 16.8137 0.386655 0.3602 -0.932874 0.00157514
-27.3227 16.8403 -0.600527 0.36048 -0.932758 0.00411701
-27.43 16.7936 -1.79178 0.35393 -0.935262 0.00375563
-27.4022 16.8019 -2.67274 0.355576 -0.934633 0.00513929
-27.3487 16.8167 -3.46961 0.352987 -0.935591 0.0077993
-28.0648 16.5502 -3.68862 0.344792 -0.938662 0.00567858
-28.1036 16.54 -2.80721 0.342892 -0.939364 0.00442437
-28.2016 16.508 -1.85857 0.343888 -0.939006 0.000971741
-28.0556 16.5629 -0.982889 0.348874 -0.937169 0.00146796
-28.1193 16.5381 -0.00964421 0.35025 -0.936655 -0.00147175
-28.1875 16.5127 1.02335 0.35277 -0.935702 0.00328286
-28.2682 16.4865 1.97857 0.349329 -0.936989 0.00460193
-28.1478 16.5337 3.08655 0.352015 -0.935987 -0.00255769
-28.1358 16.538 3.19039 0.350866 -0.936424 -0.00159124
-28.8762 16.2608 3.56158 0.348205 -0.937416 -0.00126372
-28.9938 16.2178 2.64 0.348807 -0.937193 0.00151118
-29.0459 16.1965 1.68755 0.344299 -0.938858 0.00115508
-28.9004 16.2491 0.777958 0.342803 -0.939407 0.000894225
-28.9275 16.2391 -0.0557967 0.343619 -0.939107 -0.00107125
-28.8469 16.27 -0.979982 0.339744 -0.940517 -0.000868071
-29.0148 16.2103 -2.01233 0.342259 -0.939605 -0.00119347
-28.779 16.2938 -2.98353 0.340162 -0.940364 0.00208676
-28.7903 16.2883 -3.59736 0.340002 -0.940417 0.00334046
-29.7485 15.9447 -3.55845 0.33523 -0.942135 0.00162626
-29.7485 15.946 -2.53254 0.337357 -0.941375 -0.00135598
-29.7485 15.9455 -1.54358 0.338097 -0.941111 -0.00038299
-29.7485 15.944 -0.648411 0.337027 -0.941491 -0.00240729
-29.7485 15.9414 0.453196 0.340178 -0.94036 -0.000938529
-29.7485 15.9404 1.41994 0.340203 -0.940351 -0.0010258
-29.7485 15.9393 2.27654 0.343795 -0.939044 -0.00070866
-29.7485 15.9391 3.23297 0.341129 -0.940015 -0.00190681
-29.7485 15.9385 3.50804 0.3434 -0.939183 -0.00103273
-30.5943 15.6329 3.24839 0.340098 -0.940388 -0.00164566
-30.4696 15.6789 2.38567 0.337752 -0.941234 -0.00148202
-30.4145 15.7008 1.3469 0.335023 -0.942208 -0.00191747
-30.5374 15.6589 0.440295 0.334764 -0.9423 -0.00209456
-30.5329 15.6628 -0.443311 0.336809 -0.941568 -0.00290417
-30.5742 15.65 -1.42573 0.335643 -0.941989 -0.000202128
-30.5656 15.654 -2.5836 0.334331 -0.942455 -0.00117691
-30.5129 15.6741 -3.61038 0.330753 -0.943717 -0.00053556
-31.2665 15.4113 -3.66077 0.328583 -0.944473 -0.00185045
-31.3834 15.3673 -2.52987 0.329978 -0.943985 -0.00264718
-31.3746 15.3683 -1.66236 0.330912 -0.94366 -0.00169906
-31.3154 15.3867 -0.757709 0.33256 -0.943077 -0.0031167
-31.2266 15.4156 0.112215 0.333183 -0.942858 -0.00271435
-31.1473 15.4405 1.30279 0.334647 -0.942341 -0.0021259
-31.1661 15.4308 2.17893 0.334928 -0.942238 -0.00328202
-31.3207 15.3726 3.1662 0.336149 -0.941803 -0.00317345
-31.3274 15.369 3.58308 0.336679 -0.941616 -0.00257373
-32.0573 15.1087 3.48672 0.335596 -0.941999 -0.00360634
-31.9293 15.1587 2.41814 0.335816 -0.94192 -0.00381504
-31.8661 15.1851 1.30703 0.334688 -0.942322 -0.00360501
-31.9641 15.1545 0.206025 0.333021 -0.942913 -0.00336598
-32.0597 15.1245 -0.766088 0.331866 -0.943318 -0.00397659
-32.1409 15.0997 -1.64687 0.331097 -0.943589 -0.00370979
-32.1529 15.0986 -2.57063 0.329698 -0.944081 -0.00323588
-32.1159 15.1144 -3.34842 0.328322 -0.94456 -0.00316327
-32.8678 14.853 -3.4942 0.329084 -0.944291 -0.00427615
-32.929 14.8272 -2.53059 0.332001 -0.943262 -0.0056914
-32.8929 14.8347 -1.55913 0.331813 -0.943333 -0.00464006
-32.7675 14.8727 -0.394056 0.334403 -0.942412 -0.00594337
-32.6477 14.909 0.674727 0.336111 -0.941809 -0.00505921
-32.6028 14.9208 1.64387 0.337676 -0.941258 -0.00290016
-32.7069 14.8798 2.61737 0.337904 -0.941174 -0.00348253
-32.7945 14.8446 3.57547 0.337338 -0.941374 -0.00419711
-33.4442 14.6073 4.64922 0.339149 -0.940727 -0.00320613
-32.2101 15.05 4.68862 0.337038 -0.941487 -0.0028018
-31.1043 15.4462 4.6591 0.338302 -0.941034 -0.00237478
-29.9085 15.8784 4.67065 0.343365 -0.939193 -0.00369394
-28.7738 16.2963 4.66268 0.349245 -0.93702 -0.00378111
-27.5547 16.757 4.64699 0.35873 -0.933441 -3.48552e-05
-26.3762 17.2198 4.66451 0.375657 -0.926754 -0.00160523
-25.3483 17.6386 4.08931 0.383219 -0.923655 0.00228272
-25.3166 17.6483 2.74945 0.379806 -0.925065 0.00137528
-25.2843 17.6564 1.62744 0.376165 -0.926542 0.00426133
-25.3039 17.6419 0.505781 0.374722 -0.927123 0.00513558
-25.2208 17.6632 -0.737366 0.36927 -0.929269 0.00987228
-25.2347 17.6425 -2.083 0.366822 -0.930237 0.0100103
-25.2431 17.6269 -3.3452 0.363664 -0.931446 0.0117032
-25.3763 17.5566 -4.51136 0.36273 -0.931794 0.0135881
-26.4527 17.1403 -4.73025 0.353266 -0.93546 0.0108293
-27.7763 16.6488 -4.71847 0.344261 -0.938847 0.00697487
-28.8445 16.2634 -4.74149 0.336642 -0.941628 0.00279545
-30.0546 15.8348 -4.76857 0.330469 -0.943816 0.000925316
-31.1346 15.459 -4.73928 0.32751 -0.944845 -0.00189412
-32.1771 15.0983 -4.70589 0.327446 -0.944865 -0.00297764
-33.4883 14.6414 -4.6939 0.330669 -0.943741 -0.00329537
-34.1542 14.4039 -3.96731 0.332502 -0.943085 -0.00571579
-34.1718 14.3898 -2.79444 0.333915 -0.94258 -0.00660648
-34.2254 14.3633 -1.64236 0.335606 -0.941979 -0.00655996
-34.2574 14.3393 -0.20921 0.33845 -0.940946 -0.00846117
-34.2112 14.3452 1.08612 0.339472 -0.940592 -0.00679519
-34.1595 14.3561 2.37139 0.340966 -0.940066 -0.00425285
-34.1955 14.3378 3.78561 0.34253 -0.939498 -0.00409584
-33.6537 14.5317 4.61582 0.341054 -0.940035 -0.00358682
-33.7653 14.4887 5.72791 0.340324 -0.940307 -0.00169625
-32.5264 14.9345 5.75147 0.337176 -0.94144 -0.00175652
-31.4387 15.3242 5.70484 0.337546 -0.941308 -0.00146316
-30.3262 15.7238 5.71203 0.340209 -0.940324 -0.00696341
-29.1835 16.1408 5.71378 0.345574 -0.938384 -0.00385772
-28.0289 16.5725 5.70485 0.353493 -0.93543 -0.00354644
-26.8951 17.012 5.70129 0.362991 -0.931775 -0.00523236
-25.8056 17.4456 5.73599 0.379808 -0.925014 -0.00968195
-24.7363 17.8875 5.67574 0.385976 -0.922472 -0.00736627
-24.3687 18.048 4.59818 0.390973 -0.920401 -0.00104085
-24.3857 18.0387 3.4883 0.389009 -0.921219 0.00526289
-24.327 18.0542 2.22964 0.385817 -0.922535 0.00833697
-24.3395 18.036 0.853676 0.378542 -0.925529 0.0100309
-24.243 18.0584 -0.536797 0.374887 -0.926978 0.0130724
-24.2387 18.045 -1.66672 0.373007 -0.927758 0.0113213
-24.2682 18.0162 -2.96377 0.372247 -0.928064 0.0113587
-24.214 18.0183 -4.27363 0.370397 -0.928715 0.0171565
-24.2882 17.969 -5.44242 0.365676 -0.930625 0.014769
-25.384 17.5343 -5.77447 0.363245 -0.931565 0.0154588
-26.5752 17.0816 -5.76534 0.347984 -0.93743 0.0113568
-27.7778 16.6416 -5.76823 0.337132 -0.941442 0.00538797
-29.1382 16.1557 -5.78532 0.335202 -0.94214 0.0032894
-30.195 15.7856 -5.79509 0.327874 -0.944721 0.000387432
-31.5066 15.3327 -5.78177 0.326221 -0.945292 -0.00145652
-32.7105 14.9163 -5.72334 0.328128 -0.944629 -0.00271089
-33.8267 14.5277 -5.76805 0.330024 -0.943964 -0.0040674
-35.0155 14.1102 -5.70581 0.331901 -0.943294 -0.00609108
-35.1629 14.051 -4.572 0.332275 -0.943161 -0.00639349
-35.1645 14.0419 -3.41686 0.33548 -0.94202 -0.00712832
-35.2015 14.0158 -1.98549 0.339284 -0.94064 -0.00912367
-35.2462 13.987 -0.772278 0.341817 -0.93971 -0.01027
-35.2414 13.9769 0.441368 0.342715 -0.939402 -0.00842348
-35.1559 13.9987 1.55416 0.344868 -0.938619 -0.00759744
-35.1617 13.9872 2.88107 0.346335 -0.938099 -0.00479172
-35.1946 13.9695 4.29381 0.346413 -0.938073 -0.00392151
-35.1107 13.9979 5.41511 0.345175 -0.938537 -0.00133388
-34.1436 14.3513 5.73576 0.342185 -0.939632 0.00038032
-33.9526 14.4208 6.78842 0.340321 -0.940309 0.00071393
-32.7204 14.8653 6.7893 0.338298 -0.941038 0.00126184
-31.6762 15.238 6.77181 0.334461 -0.942409 0.00125786
-30.5414 15.6399 6.77873 0.335293 -0.94208 -0.00785071
-29.4968 16.0137 6.77212 0.337765 -0.941128 -0.0138903
-28.2802 16.4701 6.79913 0.360285 -0.932803 -0.00828044
-27.2575 16.8653 6.76427 0.356305 -0.93432 -0.00838559
-26.0045 17.3502 6.77855 0.374027 -0.927201 -0.0195594
-24.9867 17.7692 6.7789 0.386901 -0.921981 -0.0160579
-23.9093 18.2305 6.72485 0.400118 -0.916327 -0.0149877
-23.3925 18.4659 5.75664 0.401574 -0.915813 -0.00491219
-23.4168 18.4562 4.52362 0.398162 -0.917314 0.000860722
-23.3516 18.4771 3.24464 0.39485 -0.918726 0.00605667
-23.36 18.4578 1.98776 0.389762 -0.920847 0.0111914
-23.333 18.4519 0.80246 0.386993 -0.921896 0.0182233
-23.2835 18.4506 -0.324872 0.378209 -0.925557 0.0171171
-23.2359 18.4481 -1.83767 0.36687 -0.93024 0.0076445
-23.2841 18.4137 -3.02767 0.376044 -0.926506 0.013344
-23.236 18.4113 -4.2411 0.374915 -0.926801 0.0218116
-23.2312 18.3899 -5.38031 0.365941 -0.930546 0.013049
-23.3066 18.3436 -6.53899 0.377989 -0.925663 0.016299
-24.3308 17.9263 -6.81057 0.369598 -0.928974 0.0201113
-25.4417 17.4909 -6.83054 0.354379 -0.934865 0.0209407
-26.5786 17.0632 -6.8125 0.35027 -0.936333 0.0230685
-27.7393 16.6438 -6.82911 0.331555 -0.943221 0.0192562
-28.8906 16.2366 -6.80366 0.328151 -0.944583 0.00853386
-30.2056 15.7807 -6.84586 0.326449 -0.945208 0.00357977
-31.2643 15.4186 -6.81082 0.324532 -0.945867 -0.00389777
-32.5402 14.9804 -6.81088 0.323928 -0.946068 -0.0046314
-33.9281 14.4967 -6.79764 0.329757 -0.944065 -0.00108164
-34.9679 14.135 -6.85583 0.331961 -0.943214 -0.0122125
-36.1446 13.7151 -6.56566 0.337753 -0.941228 -0.00345654
-36.1972 13.6909 -5.3328 0.333451 -0.942756 -0.00457686
-36.1804 13.6863 -3.97419 0.33576 -0.941862 -0.0119768
-36.1913 13.667 -2.79211 0.340849 -0.940053 -0.0110336
-36.2013 13.6502 -1.55886 0.339376 -0.940598 -0.00995471
-36.2141 13.6281 -0.383798 0.346898 -0.937806 -0.0134479
-36.1944 13.6221 0.908661 0.347428 -0.937665 -0.00878299
-36.1341 13.633 2.07409 0.348742 -0.937187 -0.0076815
-36.1528 13.6184 3.23429 0.348451 -0.937311 -0.00550485
-36.2005 13.5932 4.67241 0.351551 -0.936159 -0.00438995
-36.162 13.6033 5.79924 0.356779 -0.934172 -0.00180276
-35.711 13.7779 6.71924 0.354989 -0.934845 0.00696408
-34.444 14.2433 6.79435 0.340598 -0.940204 0.0027954
-34.4431 14.2436 6.79434 0.340633 -0.940194 0.00152205
