13.1113 22.8713 -2.35139 0.280137 -0.959702 0.0221918
13.1184 22.8626 -3.05604 0.282122 -0.95931 0.0109523
12.3242 22.6191 -3.56209 0.291025 -0.956642 0.00978786
12.2861 22.6211 -2.27077 0.299454 -0.953997 0.0145663
12.2539 22.6234 -1.25541 0.310538 -0.950536 0.00688219
12.3623 22.6568 -0.126526 0.299605 -0.954045 -0.00539881
12.4414 22.676 0.787021 0.28685 -0.957871 -0.00860347
12.4827 22.6762 1.85617 0.282869 -0.959138 -0.006289
12.4203 22.6542 2.90741 0.286363 -0.958117 0.00274214
12.3625 22.6407 3.60164 0.284705 -0.958566 0.00919724
11.5642 22.398 3.55168 0.296218 -0.955118 0.00169779
11.6277 22.4159 2.48316 0.289028 -0.95731 -0.00252592
11.6744 22.4343 1.53587 0.295739 -0.955265 -0.00272033
11.6143 22.4211 0.509673 0.292369 -0.956292 -0.00502116
11.4914 22.3854 -0.429148 0.295413 -0.955368 0.00135118
11.4021 22.3535 -1.33767 0.298104 -0.954509 0.00676664
11.4786 22.3635 -2.50904 0.299821 -0.953903 0.013222
11.5281 22.373 -3.59215 0.293485 -0.955939 0.00628201
10.6917 22.1237 -3.40051 0.285503 -0.958357 0.00633279
10.6625 22.1212 -2.40209 0.278166 -0.960453 0.0109187
10.583 22.1052 -1.35764 0.283367 -0.959007 0.000795972
10.6516 22.1296 -0.450692 0.283969 -0.958811 0.00661355
10.827 22.1813 0.529889 0.287775 -0.957693 -0.00256673
10.8665 22.1881 1.44527 0.288988 -0.957316 -0.0055473
10.8165 22.1674 2.37547 0.294964 -0.955499 -0.00400068
10.7581 22.1474 3.31204 0.298674 -0.954354 -0.000215088
10.7531 22.1459 3.37054 0.298768 -0.954322 0.00254115
9.91947 21.8952 3.52543 0.262719 -0.964538 0.0154558
9.98501 21.9193 2.37401 0.258126 -0.966102 -0.00344554
10.0697 21.9528 1.35144 0.255514 -0.966605 -0.0196592
9.97803 21.9365 0.294347 0.252774 -0.967493 0.00786503
9.73435 21.8666 -0.813366 0.272092 -0.962223 -0.00933269
9.78797 21.8867 -1.73097 0.260053 -0.965593 0.00179827
9.85796 21.9016 -2.85176 0.255775 -0.9667 0.00815425
9.8889 21.9066 -3.19954 0.252813 -0.96748 0.00827001
9.06171 21.6908 -3.47779 0.248152 -0.96871 0.00440791
9.03395 21.695 -2.56346 0.234954 -0.971999 -0.00371225
8.96791 21.6797 -1.63349 0.222286 -0.974974 -0.00155543
8.88376 21.6499 -0.638607 0.20106 -0.979575 -0.000870104
9.17557 21.7247 0.570513 0.255925 -0.966681 -0.00259241
9.20987 21.7311 1.58324 0.207135 -0.978292 -0.00587798
9.08109 21.6982 2.73304 0.210035 -0.977692 -0.00173486
9.09682 21.7056 3.59772 0.200935 -0.979601 -0.00208426
8.25559 21.5378 3.4991 0.168776 -0.985606 -0.00906561
8.0963 21.5099 2.58261 0.164297 -0.986398 -0.000864852
8.3006 21.5451 1.45521 0.175453 -0.984474 0.00508442
8.2931 21.5411 0.465033 0.179388 -0.983776 0.00205523
8.03622 21.49 -0.568638 0.168976 -0.985599 0.00216022
8.1717 21.5115 -1.64769 0.164324 -0.986386 0.00608634
8.13121 21.505 -2.56108 0.175749 -0.984432 -0.00199253
8.19433 21.5184 -3.27476 0.183325 -0.983049 0.000355787
7.11743 21.354 -3.51487 0.132894 -0.991108 0.00657168
7.13428 21.3521 -2.38374 0.121073 -0.99264 -0.0026349
7.36486 21.3836 -1.47651 0.137626 -0.990469 0.00255145
7.24292 21.3662 -0.520614 0.14341 -0.989659 0.00184505
7.17165 21.3601 0.374971 0.128508 -0.991695 0.004961
7.09256 21.3598 1.35809 0.138349 -0.990322 0.00763953
7.11108 21.3639 2.27141 0.139952 -0.990157 -0.00109307
7.16998 21.3696 3.2748 0.14155 -0.989893 -0.00795441
7.19043 21.3691 3.59406 0.143468 -0.989596 -0.0108112
6.28356 21.2559 3.47654 0.115359 -0.993267 -0.00949763
6.26835 21.2669 2.24969 0.104585 -0.994486 0.000144231
6.21887 21.2591 1.33565 0.0926134 -0.995671 0.00652256
6.2704 21.2567 0.137548 0.0849838 -0.996356 0.00484473
6.27046 21.2599 -0.954687 0.0981541 -0.995165 -0.00217533
6.26433 21.2585 -1.93288 0.0973112 -0.995253 -0.00130462
6.26677 21.2625 -3.07232 0.0999617 -0.994975 -0.00514032
6.27046 21.2586 -3.58565 0.0949421 -0.995371 0.00826552
5.38071 21.1895 -3.56883 0.0606072 -0.998157 -0.000489385
5.37315 21.183 -2.65724 0.0702463 -0.997506 -0.00630384
5.29666 21.1743 -1.71614 0.0835127 -0.996489 0.00590952
5.15549 21.1693 -0.664601 0.0786431 -0.99688 -0.00624616
5.25025 21.1784 0.339343 0.0699737 -0.997529 0.00387631
5.36745 21.1881 1.3196 0.0683886 -0.997656 -0.00155724
5.50936 21.1949 2.19163 0.0792458 -0.996807 -0.00814727
5.48316 21.1827 3.13183 0.0846345 -0.996352 -0.0105036
5.32603 21.166 3.59525 0.0732284 -0.997296 -0.00593155
4.51404 21.1209 3.40254 0.044404 -0.998998 -0.00549544
4.72146 21.1406 2.30366 0.058349 -0.998289 -0.00235132
4.56206 21.1357 1.4157 0.055912 -0.998425 -0.0046651
4.38942 21.1267 0.519631 0.053349 -0.998539 0.00744341
4.2747 21.1181 -0.506781 0.0455054 -0.99896 0.00200132
4.35686 21.1183 -1.57526 0.0398321 -0.999188 0.00464061
4.5006 21.1305 -2.49346 0.0429935 -0.999016 -0.010831
4.47628 21.1366 -3.57603 0.0521332 -0.998629 0.00157114
3.6348 21.1017 -3.25792 0.0317336 -0.999487 -0.0043517
3.58683 21.0937 -2.34187 0.0245788 -0.999658 -0.00882186
3.42116 21.0872 -1.11294 0.0283969 -0.99957 0.00703158
3.45103 21.0882 -0.0959098 0.0357837 -0.999357 0.00150087
3.58409 21.0898 0.844656 0.0347006 -0.999383 -0.00531806
3.80751 21.0954 1.72831 0.0446744 -0.999001 -0.00105972
3.79883 21.0926 2.81826 0.0439267 -0.999028 -0.00332468
3.61888 21.0833 3.54983 0.0369351 -0.999276 -0.00860098
2.7701 21.0548 3.59271 0.0245928 -0.999687 -0.00276123
2.96924 21.0632 2.63086 0.0346436 -0.999398 -0.00164845
2.90188 21.0611 1.63082 0.0285501 -0.999581 -0.00372828
2.6781 21.061 0.641179 0.0275439 -0.9996 -0.00647622
2.56453 21.0643 -0.522998 0.0200729 -0.999777 -0.00635685
2.61 21.0711 -1.82476 0.0141139 -0.999897 -0.00262062
2.74596 21.08 -2.87086 0.0204147 -0.999786 -0.0032339
2.72753 21.081 -3.49882 0.022167 -0.999752 -0.000352257
1.87183 21.065 -3.55186 0.0126047 -0.999904 0.000507553
1.8478 21.0635 -2.41378 0.0128658 -0.999916 -0.00141942
1.73219 21.0588 -1.45724 0.00685977 -0.999931 -0.00954936
1.70511 21.0486 -0.437517 0.00944008 -0.999898 -0.0107191
1.79901 21.0417 0.584995 0.0139968 -0.999878 -0.00688433
2.05294 21.0387 1.73647 0.0246982 -0.999689 -0.00337902
2.05058 21.0366 2.87175 0.0209418 -0.99978 0.000391804
1.97805 21.0353 3.2958 0.020065 -0.999798 0.00073848
1.08353 21.0229 3.56098 0.0101719 -0.999948 0.000282554
1.21263 21.024 2.62298 0.0099752 -0.99995 -0.000203305
1.10679 21.0259 1.42316 0.00399183 -0.999942 -0.00961704
0.903759 21.033 0.314685 0.0015944 -0.999974 -0.00427465
0.863231 21.0448 -0.619083 0.0035642 -0.999932 -0.0110654
0.91707 21.0543 -1.87713 0.00720974 -0.999974 3.07784e-05
1.00503 21.0578 -2.93104 0.00071601 -0.999998 -0.00185302
1.01656 21.0591 -3.56903 0.0037945 -0.999991 -0.000967265
0.163043 21.0611 -3.28699 -0.00713699 -0.999967 -0.00240305
0.131062 21.0593 -2.86066 -0.0162674 -0.999867 -0.000355727
-0.518069 21.031 4.62359 -0.0136155 -0.999888 -0.00582179
-0.930715 21.0547 3.51508 -0.0322906 -0.999426 -0.0095927
-0.934154 21.0584 2.14165 -0.0337826 -0.999425 0.00298551
-0.922776 21.0563 1.03755 -0.0246692 -0.999688 0.00333616
-0.915192 21.0592 -0.225894 -0.021484 -0.999736 -0.0080156
-0.88535 21.0691 -1.58909 -0.0209463 -0.999746 -0.00829299
-0.991479 21.0807 -2.84022 -0.0228738 -0.999734 -0.00288707
-0.976391 21.0807 -4.15102 -0.0176726 -0.999839 0.00257797
-0.154651 21.0659 -4.66279 -0.0140371 -0.999891 0.00391145
0.985238 21.0613 -4.6596 0.00229038 -0.999992 0.00230407
2.31789 21.0712 -4.68423 0.0133176 -0.999902 0.00110098
3.40822 21.0971 -4.71779 0.026948 -0.999592 -0.00813103
4.55458 21.1424 -4.70087 0.049645 -0.998747 -0.00490517
5.76146 21.2185 -4.71723 0.0785668 -0.996902 -0.00348475
6.93891 21.3282 -4.7114 0.12792 -0.991782 -0.00163663
8.01396 21.4897 -4.6834 0.165396 -0.986225 -0.00202963
9.1391 21.7099 -4.62952 0.218866 -0.97564 0.000853097
10.2418 21.9948 -4.6705 0.262526 -0.964923 0.000688794
11.3383 22.3067 -4.71324 0.286415 -0.958071 0.00757318
12.3774 22.6296 -4.67331 0.3 -0.95391 0.00735396
13.4606 22.9485 -4.6327 0.273464 -0.961875 -0.00375954
14.2309 23.1578 -3.80793 0.233236 -0.972417 0.00249771
14.1679 23.1515 -2.46629 0.252038 -0.967617 0.0138986
14.094 23.1436 -1.28052 0.243388 -0.969928 0.00150335
14.0662 23.1364 -0.0648459 0.253758 -0.967236 -0.00661562
14.163 23.1512 1.01712 0.257721 -0.966205 -0.0026168
14.2245 23.1601 2.50096 0.252017 -0.967703 -0.00362782
14.1733 23.1437 3.70272 0.241681 -0.970348 0.00317372
13.7073 23.0329 4.64052 0.252933 -0.967348 0.0160674
12.5207 22.6986 4.67065 0.290447 -0.956844 0.00952718
11.5085 22.3823 4.67741 0.294947 -0.95551 -0.00263887
10.4842 22.0681 4.61058 0.288191 -0.957554 0.0013861
9.45825 21.7924 4.66252 0.238687 -0.970995 -0.0140309
8.09853 21.4976 4.6729 0.168229 -0.985196 -0.029216
6.76059 21.3018 4.71585 0.113805 -0.993433 -0.0115378
5.66496 21.1887 4.74888 0.084873 -0.996362 -0.00175079
4.4602 21.1115 4.71281 0.0491462 -0.998775 -0.00564762
3.23751 21.0628 4.72137 0.0299523 -0.999541 -0.00454925
2.18116 21.0364 4.60998 0.0194787 -0.999802 -0.00411712
0.915812 21.0187 4.64149 0.000753958 -0.999917 -0.0114507
-0.0972434 21.0255 4.64962 -0.0105116 -0.999914 -0.0076178
-0.179886 21.0203 5.71864 -0.0114238 -0.999926 -0.00413629
0.977229 21.0134 5.70782 0.00454466 -0.999982 -0.00385194
2.17467 21.0268 5.7193 0.0178429 -0.999787 -0.0102698
3.5355 21.0675 5.77449 0.0358932 -0.999349 -0.00284753
4.61344 21.1126 5.75249 0.0551883 -0.998364 -0.00944588
5.77007 21.1927 5.78123 0.0821061 -0.996563 -0.00800171
7.09276 21.318 5.74186 0.104276 -0.994165 -0.0250276
8.21623 21.4872 5.72459 0.198574 -0.978108 -0.0596641
9.55345 21.797 5.70094 0.253354 -0.966844 -0.0317987
10.6392 22.1051 5.68966 0.293555 -0.95559 -0.0208399
11.8454 22.4894 5.73876 0.302878 -0.953017 -0.00390694
13.0175 22.8608 5.73539 0.280663 -0.959646 0.0144075
14.0822 23.1612 5.74253 0.265499 -0.963528 0.033472
14.9768 23.3694 5.27602 0.235477 -0.971456 0.0285361
15.1574 23.3849 4.01977 0.236852 -0.971465 0.00967969
15.2698 23.3994 2.96292 0.21195 -0.977205 -0.0114175
15.2758 23.4116 1.80274 0.198104 -0.980178 0.000342366
15.1515 23.3923 0.626669 0.230847 -0.972933 -0.00986592
15.0733 23.382 -0.757471 0.21249 -0.977147 0.00549427
15.1764 23.3964 -2.08518 0.210484 -0.977533 0.00972754
15.316 23.4048 -3.14461 0.214351 -0.976638 0.0108796
15.2545 23.3933 -4.25343 0.185494 -0.982605 -0.00811881
15.0548 23.3585 -5.42949 0.207997 -0.978054 -0.00633598
13.9497 23.0882 -5.71273 0.259074 -0.965818 0.00394936
12.7266 22.7317 -5.71315 0.295264 -0.955383 0.00179912
11.6315 22.3853 -5.78763 0.301855 -0.9533 0.0101222
10.5578 22.0638 -5.74192 0.27129 -0.96219 0.0233222
9.36122 21.7495 -5.73833 0.225231 -0.973741 0.0286873
8.07739 21.4968 -5.70892 0.156623 -0.987616 0.00913614
6.96808 21.3359 -5.77364 0.111575 -0.993722 0.00592887
5.70595 21.2159 -5.78591 0.0866988 -0.996213 0.00623965
4.49467 21.146 -5.77346 0.0475129 -0.998868 -0.000677431
3.42543 21.0993 -5.80007 0.031827 -0.999492 -0.000977892
2.35205 21.0718 -5.72651 0.0174766 -0.999835 0.0050313
1.11981 21.0565 -5.72708 0.00835389 -0.999919 0.00958241
0.0603839 21.0578 -5.72011 -0.00175968 -0.999954 0.0090539
-1.03541 21.0712 -5.72636 -0.0155916 -0.999821 0.0105434
-1.92571 21.0961 -5.25095 -0.024708 -0.999663 0.0080083
-2.08453 21.1115 -3.87889 -0.0361301 -0.99933 0.00584806
-2.03475 21.1131 -2.62111 -0.0405811 -0.999163 -0.00452549
-1.9392 21.0989 -1.43075 -0.0336358 -0.99938 -0.0103502
-2.00655 21.0884 -0.323092 -0.027733 -0.999558 -0.0105439
-1.99398 21.0878 0.815234 -0.0394434 -0.999147 0.0121989
-1.98213 21.0983 2.12291 -0.0448859 -0.998955 0.00605594
-1.98958 21.1002 3.19549 -0.0557015 -0.998387 -0.0109606
-2.00018 21.0886 4.26426 -0.044705 -0.998876 -0.015099
-1.92802 21.0683 5.37593 -0.0402451 -0.999107 -0.0128806
-0.800733 21.0315 5.70717 -0.020936 -0.999774 -0.00351283
-0.322014 21.0219 5.71599 -0.0149128 -0.999871 -0.00473809
-0.411533 21.0118 6.75837 -0.0139671 -0.999603 -0.0239024
0.701024 21.003 6.80489 -0.00144991 -0.999958 -0.00904359
1.95306 21.013 6.77059 0.0288228 -0.999515 -0.0116853
3.0575 21.0478 6.80034 0.0315985 -0.999497 -0.00101886
4.23958 21.0861 6.80581 0.0365837 -0.999302 -0.00725041
5.49083 21.1545 6.79114 0.0648424 -0.997782 -0.0147099
6.67384 21.2457 6.80694 0.0756371 -0.996527 -0.0311696
7.87261 21.3545 6.78671 0.129305 -0.988408 -0.0776674
9.25795 21.6645 6.77994 0.275368 -0.959557 -0.0513099
10.2846 21.9715 6.74101 0.289028 -0.956469 -0.0392936
11.5086 22.3719 6.77867 0.316445 -0.948521 -0.0128879
12.6418 22.7528 6.80964 0.31925 -0.94767 0.000550157
13.7113 23.0941 6.8343 0.289398 -0.956809 0.0254182
14.7841 23.3802 6.77844 0.218203 -0.975026 0.0412932
15.8916 23.6084 6.52426 0.189646 -0.981388 0.0299174
16.0275 23.6031 5.34911 0.207485 -0.97791 0.0252661
16.1352 23.601 4.27148 0.208405 -0.977267 0.0389097
16.3317 23.5952 3.04551 0.168718 -0.985214 0.0296271
16.2883 23.5943 1.64223 0.160823 -0.986949 -0.00765288
16.2077 23.5926 0.573549 0.169728 -0.985262 -0.0208967
16.1211 23.5951 -0.596029 0.196459 -0.980412 -0.0139576
16.1669 23.5974 -1.80095 0.191287 -0.981419 0.0146448
16.3424 23.6062 -2.88443 0.142066 -0.989723 0.0159896
16.3198 23.5879 -4.06015 0.168743 -0.985587 0.0118908
16.2456 23.5769 -5.2959 0.155922 -0.98758 -0.0193482
16.1169 23.5808 -6.47467 0.176025 -0.984079 -0.0244962
15.1347 23.3931 -6.76144 0.218927 -0.975157 -0.0331228
13.9899 23.1086 -6.79763 0.279838 -0.958451 -0.0541386
12.9481 22.8024 -6.78256 0.29525 -0.955379 -0.0025681
11.8329 22.4367 -6.84114 0.317104 -0.948302 0.0119446
10.7258 22.0837 -6.81078 0.285185 -0.956934 0.0541152
9.60502 21.7713 -6.79502 0.23438 -0.970803 0.0458489
8.47222 21.5338 -6.75151 0.182191 -0.982192 0.0412047
7.39364 21.3805 -6.80161 0.118674 -0.992766 0.0171653
6.25907 21.2561 -6.82612 0.0896872 -0.995873 0.0133275
5.10254 21.1786 -6.80231 0.0560044 -0.998414 -0.0055041
3.80569 21.1117 -6.85419 0.0467664 -0.998794 0.0149073
2.62904 21.0704 -6.78889 0.0254683 -0.999619 0.010558
1.48442 21.0483 -6.7869 0.0118447 -0.999806 0.0146652
0.334926 21.0438 -6.78852 -0.00302245 -0.999825 0.0183228
-0.965565 21.0556 -6.80534 -0.0140102 -0.999762 0.0167301
-2.30155 21.0868 -6.80957 -0.0339471 -0.999283 0.0167358
-3.05751 21.1234 -6.25903 -0.037454 -0.999214 0.0123225
-3.06143 21.1373 -4.87886 -0.0368088 -0.999197 0.0156137
-3.12579 21.1652 -3.58153 -0.0642409 -0.997686 0.0211197
-3.06089 21.1621 -2.16277 -0.0627443 -0.997962 -0.0114199
-3.00447 21.1421 -1.05463 -0.056794 -0.997904 -0.0276632
-3.08922 21.1121 0.0463871 -0.0088205 -0.999934 -0.00432306
-3.04985 21.1286 1.17767 -0.0336625 -0.999083 0.0240453
-3.03886 21.1612 2.38404 -0.0593606 -0.99809 0.0170223
-3.04272 21.164 3.56191 -0.0704669 -0.997388 -0.015205
-3.07762 21.1343 4.67971 -0.0481894 -0.998222 -0.0334016
-3.07085 21.1124 5.79096 -0.0426687 -0.998996 -0.0136142
-2.38718 21.0692 6.78514 -0.042445 -0.999016 -0.0128519
-1.15406 21.0261 6.78196 -0.0241966 -0.999575 -0.0162373
-0.543463 21.0143 6.75656 -0.0173017 -0.999632 -0.0207318
