11.129 22.7998 3.49909 0.308876 -0.951066 -0.00443844
11.1232 22.7943 2.61279 0.308413 -0.951241 0.00450966
11.0963 22.7822 1.39739 0.30933 -0.950952 0.00221811
11.0329 22.7634 0.3156 0.310033 -0.950726 -0.000662884
11.0575 22.7668 -0.909867 0.313263 -0.949646 0.00624375
11.0858 22.7633 -1.82815 0.321859 -0.946721 0.0109787
11.1634 22.7804 -2.79372 0.306311 -0.951924 0.00370885
11.202 22.7904 -3.31435 0.306285 -0.951922 0.00569126
10.431 22.544 -3.54495 0.289239 -0.957253 0.00277082
10.3654 22.527 -2.64505 0.280452 -0.959865 0.0017036
10.2806 22.5095 -1.44345 0.278369 -0.960397 0.0121001
10.24 22.5077 -0.55085 0.293294 -0.955948 0.011169
10.2476 22.5159 0.455487 0.292612 -0.956183 0.00728541
10.2949 22.5217 1.45368 0.310471 -0.950573 -0.00397741
10.3141 22.5333 2.55757 0.298287 -0.954398 0.0118931
10.3176 22.5387 3.4288 0.302775 -0.953051 -0.00249663
9.50214 22.2954 3.54841 0.280833 -0.959737 -0.00610781
9.52622 22.2971 2.58714 0.251275 -0.967841 0.011941
9.52978 22.2937 1.68385 0.263472 -0.964601 -0.0099891
9.44224 22.2845 0.482944 0.27088 -0.962526 -0.012878
9.46225 22.276 -0.802643 0.281706 -0.959483 -0.00525894
9.51276 22.2901 -1.95475 0.258765 -0.965928 -0.00319827
9.62289 22.3114 -3.25632 0.275893 -0.961188 0.000635352
9.62368 22.3116 -3.26966 0.275588 -0.961276 0.000106425
8.82104 22.1031 -3.57384 0.22133 -0.975197 -0.00113058
8.7826 22.0917 -2.5858 0.215634 -0.976401 0.00743419
8.64676 22.077 -1.63055 0.21233 -0.977121 0.00305066
8.6609 22.0829 -0.752014 0.198684 -0.979994 0.00195646
8.63451 22.0753 0.131158 0.18914 -0.98195 0.00037066
8.72935 22.1025 1.33821 0.21974 -0.975515 0.00201015
8.74355 22.1033 2.40699 0.214516 -0.9767 -0.00632216
8.67261 22.08 3.52025 0.228046 -0.973474 -0.00449698
8.67057 22.0793 3.59896 0.217549 -0.975997 0.00396282
7.81912 21.9065 3.48877 0.150717 -0.988459 -0.0128842
7.95173 21.9397 2.62099 0.187874 -0.982126 -0.00711581
7.87849 21.928 1.38399 0.157765 -0.987459 0.00428325
7.81592 21.9188 0.482905 0.170164 -0.985372 0.00433217
7.8613 21.9281 -0.75943 0.170774 -0.985209 -0.00679923
7.82839 21.9234 -1.77655 0.169258 -0.985348 0.0146125
8.00723 21.9374 -2.67784 0.176762 -0.984172 0.012588
7.93149 21.9184 -3.51084 0.177728 -0.984079 0.000797219
7.00542 21.7759 -3.45074 0.131941 -0.991209 0.00790396
7.20119 21.8122 -2.48306 0.134645 -0.990729 0.0128403
6.95204 21.7867 -1.6294 0.117524 -0.993028 0.00902825
7.07305 21.7989 -0.683584 0.146258 -0.989094 -0.00365524
6.96603 21.7833 0.440198 0.137283 -0.990511 0.00302371
6.99698 21.7918 1.42058 0.151241 -0.988483 0.00517109
7.19966 21.8221 2.33419 0.152325 -0.988317 -0.00435435
7.04233 21.7956 3.40408 0.140288 -0.989989 -0.0111896
6.10711 21.676 3.52367 0.110663 -0.993753 -0.0128361
6.10711 21.6855 2.41939 0.1022 -0.994749 -0.00546338
6.10711 21.6855 1.48061 0.0913242 -0.995794 0.00717747
6.10711 21.6817 0.232551 0.0801116 -0.996783 -0.00228556
6.10711 21.6935 -0.871465 0.0888058 -0.996027 0.00110952
6.10711 21.6888 -1.79382 0.10288 -0.994609 0.0105494
6.10711 21.678 -2.7413 0.110582 -0.993784 0.0128577
6.10711 21.6745 -3.48289 0.0846868 -0.996385 0.00450665
5.41761 21.6197 -3.46999 0.0573524 -0.998345 -0.00411697
5.23687 21.6048 -2.58942 0.0618328 -0.998046 -0.00895562
5.24707 21.6105 -1.63093 0.0716134 -0.99734 0.0133394
5.26928 21.6163 -0.73148 0.0899424 -0.995925 -0.0059359
5.24386 21.6154 0.210806 0.0699074 -0.997551 -0.000744255
5.25526 21.6152 1.13505 0.0710806 -0.997466 -0.00259668
5.30141 21.6136 2.02832 0.0749638 -0.997154 -0.00646713
5.16805 21.594 3.03959 0.0715366 -0.997356 -0.00957347
5.28354 21.5967 3.59441 0.0732029 -0.997275 -0.0090809
4.33154 21.5427 3.17136 0.0453135 -0.998949 -0.00689347
4.46666 21.5578 2.21375 0.0548804 -0.998487 -0.00338408
4.30126 21.553 1.17098 0.05991 -0.998186 -0.00587651
4.43943 21.562 0.0351315 0.0552484 -0.998422 -0.00436167
4.39551 21.5611 -1.17619 0.0527669 -0.998595 -0.00403677
4.434 21.5584 -2.26314 0.0444989 -0.999007 -0.00151278
4.58505 21.5706 -3.27218 0.0552985 -0.998461 -0.00317808
4.59266 21.5723 -3.51787 0.0571794 -0.998348 -0.00558971
3.75255 21.5333 -3.41758 0.0423536 -0.999097 -0.0030474
3.65232 21.5248 -2.51017 0.036703 -0.9993 -0.00387991
3.5811 21.5192 -1.42384 0.0419641 -0.999053 0.00653452
3.62144 21.5246 -0.506645 0.0410773 -0.999154 0.00133475
3.45885 21.5142 0.645153 0.0414902 -0.999106 -0.00815172
3.54853 21.5111 1.72565 0.0430616 -0.999071 -0.00132251
3.55687 21.5092 2.73421 0.0462982 -0.998924 -0.00246986
3.51235 21.5042 3.31999 0.0452032 -0.998964 -0.00508364
2.68409 21.472 3.53755 0.0306751 -0.999495 -0.00574863
2.74199 21.4797 2.37108 0.0328345 -0.999455 -0.00176401
2.67357 21.4798 1.43881 0.0310879 -0.999486 -0.0078554
2.65454 21.4856 0.477032 0.029777 -0.999538 -0.00605134
2.76491 21.4929 -0.508436 0.0315066 -0.999498 -0.00316587
2.76135 21.4942 -1.40136 0.0205479 -0.999787 -0.00181124
2.83071 21.4985 -2.49001 0.0231811 -0.999722 -0.00421778
2.8716 21.5028 -3.46865 0.0293587 -0.999569 -0.000732714
2.8619 21.5025 -3.56188 0.0292494 -0.999572 -0.000394786
2.03542 21.4808 -3.17887 0.025309 -0.99968 -0.000161133
1.98754 21.4794 -2.23551 0.0164828 -0.999863 -0.00123921
1.95187 21.4763 -1.24854 0.0225626 -0.999738 -0.00382436
1.90292 21.4693 -0.212104 0.0194673 -0.999789 -0.00614738
1.82602 21.4621 0.821038 0.0193993 -0.999795 -0.00422752
1.87272 21.4552 1.77568 0.0277855 -0.999609 -0.0031072
1.88153 21.4543 2.66053 0.0232237 -0.999725 0.00222886
1.84448 21.4529 3.44383 0.018312 -0.999818 -0.00203994
0.998129 21.4417 3.52484 -0.0061777 -0.99997 0.00449223
1.04726 21.4418 2.43916 0.0104269 -0.999937 -0.0014178
1.00996 21.4436 1.55222 0.00759115 -0.999924 -0.00931647
1.01456 21.451 0.622946 0.00815026 -0.999963 -0.00285776
1.06983 21.4588 -0.339483 0.00693587 -0.999929 -0.00965296
1.13821 21.4687 -1.5021 0.00930516 -0.999933 -0.00694002
1.20306 21.4678 -2.63473 0.0050036 -0.999987 7.07993e-05
1.21177 21.4695 -3.39585 0.00996088 -0.999947 -0.00266402
0.386444 21.4658 -3.12835 -0.00193243 -0.999996 0.000530775
0.355011 21.4634 -2.04639 -0.00369468 -0.999973 -0.00137315
0.308864 21.4634 -1.36538 -0.00594692 -0.999967 -0.0054936
8.8786 22.1165 -4.68565 0.218591 -0.975648 0.0138
7.7886 21.8987 -4.6979 0.164816 -0.986309 -0.00339067
6.54453 21.7213 -4.70976 0.117123 -0.99306 -0.0105199
5.12695 21.6101 -4.69946 0.0670281 -0.997736 -0.00382225
3.94128 21.5434 -4.66463 0.0466475 -0.998891 -0.00158813
2.76466 21.5013 -4.69496 0.031201 -0.999512 -0.00144973
1.55521 21.4762 -4.66646 0.0116374 -0.999927 -0.00289197
0.21469 21.4691 -4.72144 -0.00339663 -0.999985 -0.00141516
-0.682689 21.4796 -4.04099 -0.013263 -0.999909 0.00147144
-0.726098 21.4788 -2.7835 -0.0171696 -0.999848 -0.00290935
-0.742394 21.4731 -1.53279 -0.0126796 -0.999904 -0.00564228
-0.757363 21.4663 -0.289976 -0.0169226 -0.999833 -0.00681119
-0.768227 21.4618 0.811563 -0.0156643 -0.999866 0.00322161
-0.767279 21.4625 1.905 -0.0230452 -0.999728 -0.00254077
-0.6952 21.4625 3.15064 -0.0252332 -0.999661 -0.00422172
-0.62409 21.4507 4.43499 -0.0135403 -0.999859 -0.00988219
0.49001 21.4369 4.61186 -0.00543608 -0.999942 -0.00849721
1.77232 21.4496 4.63607 0.014635 -0.999887 -0.00327081
2.96101 21.4783 4.64423 0.0310449 -0.999517 0.000657476
4.12872 21.5233 4.66203 0.0461127 -0.998909 -0.00740152
5.34181 21.5955 4.69104 0.0733069 -0.99728 -0.00747418
6.70915 21.7325 4.69935 0.114718 -0.993255 -0.0166336
7.82941 21.8988 4.6237 0.157649 -0.98712 -0.0261642
8.96622 22.1452 4.68511 0.250377 -0.968146 -0.00203759
10.2492 22.5122 4.62458 0.293934 -0.955816 -0.00261531
11.338 22.8665 4.66423 0.315527 -0.948914 -0.00207195
12.3891 23.2182 4.6204 0.318336 -0.947974 0.00289404
12.5799 23.2761 3.61336 0.311173 -0.950323 0.00762417
12.6265 23.2831 2.4476 0.307601 -0.951496 0.00505094
12.7218 23.3119 1.20749 0.305631 -0.952148 -0.00188519
12.7841 23.3366 0.0437099 0.298448 -0.954405 -0.0050622
12.7859 23.3383 -1.31097 0.301703 -0.953393 0.00391723
12.8266 23.3368 -2.65173 0.302333 -0.95308 0.0152286
12.7936 23.3085 -3.86852 0.304337 -0.952493 0.0115517
11.9055 23.0134 -4.63976 0.317349 -0.948279 0.00755591
10.8285 22.6595 -4.67753 0.30641 -0.951839 0.00984329
9.59479 22.2997 -4.69278 0.265096 -0.964185 0.00843479
9.16994 22.1842 -4.68739 0.243448 -0.969617 0.0143036
9.2935 22.2028 -5.73806 0.232231 -0.972442 0.019295
8.23254 21.9617 -5.7646 0.188221 -0.981927 0.0122071
7.04595 21.7805 -5.75114 0.119548 -0.992702 0.00932053
5.79676 21.6563 -5.75991 0.0851728 -0.996357 0.00358912
4.64033 21.5838 -5.74797 0.0560232 -0.998427 -0.00154547
3.31299 21.5191 -5.75904 0.0377531 -0.999282 0.00316512
2.04369 21.4812 -5.69432 0.0205359 -0.999779 0.00279332
0.855753 21.467 -5.7739 -0.000640912 -0.999981 0.0055756
-0.219263 21.4703 -5.76316 -0.00934803 -0.999926 0.00741614
-1.33465 21.4837 -5.77349 -0.0164204 -0.999839 0.0068173
-1.75485 21.4944 -4.90286 -0.0171152 -0.999848 0.0032532
-1.75997 21.4987 -3.7439 -0.024544 -0.999687 0.00425849
-1.8064 21.5001 -2.5562 -0.0322199 -0.999463 -0.00556101
-1.80818 21.4962 -1.35411 -0.0310045 -0.99948 -0.00887305
-1.82781 21.487 -0.0710598 -0.0244703 -0.999676 -0.00696346
-1.80703 21.4868 1.03127 -0.0295927 -0.999525 0.00866008
-1.82066 21.4938 2.42353 -0.0344493 -0.999406 0.00031505
-1.74208 21.4854 3.64786 -0.0309953 -0.999492 -0.00738592
-1.81573 21.4729 4.71548 -0.0231715 -0.999702 -0.00772889
-1.33727 21.4537 5.63059 -0.0215158 -0.99973 -0.00878085
-0.231795 21.4328 5.68769 -0.00836699 -0.99994 -0.00703281
0.842424 21.4297 5.69289 0.00536464 -0.999973 -0.00464898
2.24677 21.4541 5.69003 0.0223753 -0.999736 -0.00503157
3.4076 21.4878 5.74326 0.0318645 -0.999479 -0.00453953
4.90746 21.5609 5.69555 0.0645579 -0.997773 -0.0167738
6.06286 21.6478 5.7671 0.0833062 -0.99639 -0.0163171
7.50634 21.812 5.70016 0.156399 -0.986732 -0.0435413
8.67826 22.0372 5.73284 0.242471 -0.968295 -0.049418
9.91253 22.3947 5.73978 0.28941 -0.956781 -0.0283943
11.0591 22.7677 5.71847 0.318772 -0.947723 -0.0140952
12.0974 23.1188 5.76235 0.324188 -0.945964 -0.00731585
13.2766 23.5129 5.69101 0.30985 -0.950772 0.00496794
13.6654 23.636 4.69536 0.305542 -0.952178 0.00115173
13.5897 23.6021 3.17666 0.310357 -0.950527 0.0126847
13.7109 23.6268 1.82583 0.298301 -0.954444 0.00491851
13.7685 23.6375 0.715652 0.290412 -0.956902 0.000195437
13.7994 23.6473 -0.540635 0.288238 -0.957558 0.00140124
13.7961 23.6455 -1.6365 0.279997 -0.959976 0.00659605
13.8239 23.6374 -3.01817 0.284843 -0.958442 0.0159264
13.8136 23.6268 -4.26976 0.294369 -0.955676 0.00495296
13.5846 23.5512 -5.55015 0.298004 -0.954559 0.00300358
12.419 23.1756 -5.70552 0.313334 -0.94962 0.00476973
11.2133 22.7746 -5.73994 0.308855 -0.951046 0.0109238
9.99622 22.3905 -5.74299 0.276902 -0.960398 0.030986
9.43473 22.2382 -5.73732 0.263316 -0.964274 0.028308
9.39124 22.1905 -6.8152 0.220786 -0.974654 0.0357415
10.6455 22.5539 -6.82518 0.321836 -0.945969 0.0355141
11.7654 22.9407 -6.77918 0.321869 -0.946668 0.0148024
13.0157 23.3748 -6.77554 0.310262 -0.950307 -0.0255258
14.1161 23.7203 -6.75873 0.284225 -0.958527 -0.0209087
14.8039 23.8995 -6.18341 0.261777 -0.964926 0.0112966
14.8504 23.932 -5.11499 0.274557 -0.961487 0.0117474
14.8125 23.9259 -3.99701 0.283095 -0.959086 0.00254363
14.8728 23.941 -2.90594 0.27569 -0.961236 6.72232e-05
14.8079 23.9435 -1.5882 0.28187 -0.959379 0.0110759
14.808 23.9487 -0.421982 0.283705 -0.958911 0.000439253
14.7816 23.9398 0.785197 0.277625 -0.96068 -0.0037125
14.7592 23.9522 2.07465 0.291266 -0.95603 0.0340967
14.636 23.9426 3.17834 0.312418 -0.949837 0.0141891
14.6879 23.9597 4.4422 0.296911 -0.954816 -0.0100601
14.6926 23.9551 5.63796 0.281159 -0.959656 -0.000989716
14.501 23.9057 6.69275 0.257036 -0.966246 0.0172003
13.3918 23.5616 6.78553 0.308364 -0.950815 0.0272679
12.0932 23.109 6.81371 0.334001 -0.942356 -0.0202059
11.0795 22.7552 6.73952 0.326693 -0.94491 -0.0202327
9.91355 22.3618 6.76862 0.296646 -0.954403 -0.0333828
8.76767 22.0056 6.82633 0.28837 -0.9552 -0.0640245
7.4237 21.7265 6.78806 0.100054 -0.992699 -0.0654047
6.25528 21.6381 6.83613 0.0749754 -0.996974 -0.0203478
5.16583 21.5605 6.77473 0.0726603 -0.997323 -0.00793278
4.05557 21.5028 6.79524 0.0303373 -0.999515 -0.00660962
2.75593 21.4646 6.77079 0.0328368 -0.99945 -0.00141122
1.65253 21.4317 6.75839 0.0158393 -0.9998 -0.0106588
0.402016 21.4193 6.74329 0.000505803 -0.999923 -0.0115507
-0.959808 21.4333 6.77197 -0.0152505 -0.999657 -0.0212215
-2.12801 21.4612 6.79134 -0.0417088 -0.998873 -0.01892
-2.84812 21.4889 6.16782 -0.0298869 -0.999496 -0.0107366
-2.87308 21.5033 5.05737 -0.0289039 -0.999398 -0.0191404
-2.82508 21.5388 3.85919 -0.0642751 -0.997507 -0.02868
-2.84589 21.5437 2.77862 -0.0638523 -0.997861 0.0138631
-2.86941 21.5238 1.56124 -0.0256223 -0.999463 0.0196907
-2.85856 21.5115 0.402223 -0.00842666 -0.999955 0.00379056
-2.86884 21.5237 -0.681946 -0.0418955 -0.999009 -0.0149941
-2.87471 21.5372 -1.76601 -0.041531 -0.999134 -0.00238275
-2.8557 21.5369 -2.97133 -0.0457184 -0.998914 0.000503041
-2.85367 21.5281 -4.09903 -0.0250582 -0.999595 0.0133832
-2.86994 21.5171 -5.18125 -0.0231967 -0.999717 0.00502895
-2.83477 21.5132 -6.33045 -0.0269429 -0.999602 0.00694269
-1.80622 21.4821 -6.86793 -0.0201422 -0.999699 0.0132891
-0.528593 21.4652 -6.85543 -0.0125696 -0.999875 0.00955603
0.61808 21.4593 -6.85984 -0.000392796 -0.999948 0.0097128
1.77968 21.466 -6.78987 0.0148458 -0.999814 0.011382
3.04408 21.5021 -6.84378 0.0370742 -0.999253 0.0107785
4.27021 21.5638 -6.78004 0.05788 -0.998312 -0.00305713
5.73521 21.6448 -6.82327 0.0539141 -0.998537 -0.00392015
6.87641 21.745 -6.78907 0.107287 -0.993966 0.0224995
8.00715 21.8859 -6.83526 0.159075 -0.985812 0.0528357
8.95777 22.0914 -6.80593 0.221602 -0.97462 0.0316999
