-27.6905 17.7194 2.43171 0.353605 -0.935394 0.00111875
-27.6367 17.7348 1.2639 0.356703 -0.934203 0.00527584
-27.6204 17.7367 0.197975 0.355615 -0.934629 0.0023667
-27.6248 17.7316 -0.929279 0.350686 -0.936484 0.00386637
-27.6566 17.7139 -1.95751 0.348793 -0.937188 0.00467021
-27.6753 17.6989 -2.82537 0.343584 -0.93906 0.0103068
-28.4267 17.4263 -2.9674 0.336262 -0.941744 0.00679102
-28.4117 17.4354 -2.02382 0.342859 -0.939373 0.00458022
-28.3705 17.4563 -0.861848 0.343065 -0.939304 0.001723
-28.4049 17.4411 0.183503 0.343933 -0.938992 -0.00198786
-28.3467 17.4646 1.13081 0.351115 -0.936325 0.00360376
-28.4699 17.4245 2.15856 0.345171 -0.93852 0.00608633
-28.3972 17.4537 3.02337 0.343837 -0.939029 1.36275e-06
-28.3596 17.4675 3.14903 0.343685 -0.939085 0.000244217
-29.1766 17.1689 3.09728 0.340691 -0.940172 0.000580464
-29.2472 17.1409 2.19429 0.339203 -0.940705 0.00363846
-29.1226 17.1828 1.33372 0.33768 -0.941257 0.00264541
-29.1537 17.1706 0.411278 0.33501 -0.942209 -0.00111331
-29.1784 17.1631 -0.450188 0.336775 -0.94157 0.00197829
-29.1204 17.1823 -1.40022 0.336033 -0.941841 0.00350295
-29.2097 17.1483 -2.57449 0.332629 -0.943052 0.000361876
-29.1745 17.1604 -3.23697 0.331324 -0.943511 0.00276178
-29.9823 16.8808 -3.13722 0.32368 -0.946165 -0.00123307
-29.9566 16.8887 -2.08712 0.326923 -0.945051 0.000222573
-29.945 16.8931 -1.22171 0.330349 -0.943858 -0.000897466
-29.9819 16.8791 -0.290467 0.32986 -0.944023 -0.00204872
-29.9501 16.8898 0.598618 0.331722 -0.943374 -0.0018909
-29.9748 16.8803 1.46693 0.330536 -0.943793 0.00026238
-29.9755 16.8814 2.43919 0.332411 -0.943132 0.00167181
-29.9037 16.9069 3.12901 0.332159 -0.943218 -0.00200779
-30.7384 16.6134 3.17358 0.331096 -0.943593 -0.00189489
-30.7525 16.6093 2.25092 0.32762 -0.944809 -0.000306308
-30.8522 16.5768 1.2009 0.323785 -0.946129 -0.00167848
-30.8033 16.5948 0.358347 0.322902 -0.946429 -0.00257484
-30.7654 16.6106 -0.655386 0.322879 -0.946438 -0.00187911
-30.7617 16.6132 -1.69329 0.321769 -0.946818 -0.000730867
-30.7583 16.6159 -2.70648 0.320894 -0.947114 -0.00124622
-30.7384 16.623 -3.13653 0.320112 -0.947377 -0.00132703
-31.6473 16.318 -3.05781 0.317555 -0.948237 -0.00227499
-31.6261 16.3226 -2.18049 0.318591 -0.94789 -0.00194521
-31.4518 16.3792 -1.24907 0.320376 -0.947287 -0.00252942
-31.5968 16.327 -0.224836 0.320279 -0.947317 -0.00335085
-31.5432 16.3419 0.646894 0.320278 -0.947319 -0.00287656
-31.5152 16.3494 1.56023 0.323584 -0.946195 -0.00263114
-31.7095 16.2794 2.65008 0.323608 -0.946186 -0.00326302
-31.7477 16.2649 3.02575 0.324519 -0.945871 -0.00397369
-32.515 16.0016 3.00675 0.324683 -0.945814 -0.00407996
-32.326 16.0713 1.94134 0.323995 -0.946047 -0.00435171
-32.2215 16.111 0.993072 0.322171 -0.946676 -0.00333908
-32.3049 16.0864 0.108616 0.320389 -0.94728 -0.00343249
-32.2825 16.097 -0.769498 0.320313 -0.947307 -0.0031145
-32.3044 16.0933 -1.81479 0.31882 -0.947808 -0.0035342
-32.4208 16.0583 -2.90421 0.317732 -0.948174 -0.00342226
-32.4197 16.0588 -2.92717 0.317617 -0.948213 -0.00354931
-33.1728 15.8063 -2.81747 0.318401 -0.947937 -0.00571891
-33.1087 15.8227 -1.95891 0.321128 -0.947023 -0.00486042
-33.0296 15.8449 -1.00254 0.322601 -0.946525 -0.00429989
-33.0291 15.8405 0.0257976 0.32415 -0.945993 -0.00489268
-32.9882 15.8492 0.950064 0.325196 -0.945633 -0.00492112
-33.0866 15.8103 1.81982 0.326578 -0.945156 -0.00514982
-33.1809 15.7751 2.32924 0.326915 -0.945045 -0.00400731
-34.2927 15.3822 3.48463 0.332471 -0.943089 -0.00679826
-33.6572 15.5986 4.38111 0.328782 -0.944394 -0.00466786
-32.5312 15.9894 4.36956 0.327062 -0.944996 -0.00375742
-31.2914 16.4175 4.34911 0.326029 -0.945354 -0.00323897
-30.0286 16.8586 4.37009 0.33297 -0.94293 -0.00351591
-28.8571 17.2813 4.39619 0.346115 -0.938152 -0.006837
-27.7259 17.7079 4.36074 0.358154 -0.933657 -0.00247991
-26.6636 18.1201 4.11264 0.371448 -0.928444 -0.00274225
-26.5576 18.1609 2.94974 0.364693 -0.931128 0.000471967
-26.4978 18.1821 1.77404 0.364913 -0.931019 0.00649266
-26.4631 18.1831 0.502445 0.363616 -0.931521 0.00660388
-26.4771 18.1688 -0.969474 0.36072 -0.932618 0.00945386
-26.4486 18.164 -2.24559 0.357605 -0.933798 0.0118279
-26.3913 18.168 -3.49435 0.35575 -0.934486 0.0132531
-27.1842 17.8629 -4.36152 0.34428 -0.938781 0.0121268
-28.3282 17.4508 -4.42157 0.332512 -0.943067 0.00772801
-29.4406 17.0648 -4.4184 0.323124 -0.946352 0.00293612
-30.7034 16.637 -4.40679 0.318301 -0.947989 -0.000787013
-32.0802 16.178 -4.41762 0.315583 -0.948892 -0.00345113
-33.4394 15.7236 -4.3513 0.318901 -0.94778 -0.00383531
-34.2878 15.4344 -3.72061 0.319851 -0.947454 -0.00508296
-34.3243 15.4139 -2.53514 0.322636 -0.946493 -0.00755991
-34.2713 15.4233 -1.26509 0.325212 -0.945612 -0.00699063
-34.2987 15.4021 0.120786 0.327542 -0.944811 -0.00700221
-34.2973 15.3935 1.35818 0.329182 -0.944243 -0.00667218
-34.3124 15.3807 2.54417 0.332069 -0.943237 -0.00578153
-34.3055 15.3807 3.05471 0.332799 -0.942978 -0.00609333
-35.4099 14.9886 2.98899 0.337752 -0.941218 -0.00566758
-35.4208 14.993 1.75522 0.337529 -0.941292 -0.00660387
-35.3974 15.0106 0.584858 0.335559 -0.941982 -0.00828978
-35.4045 15.0201 -0.632982 0.332709 -0.942979 -0.00975808
-35.395 15.0364 -1.82167 0.331136 -0.943516 -0.0111789
-35.4416 15.0341 -3.07307 0.32682 -0.945032 -0.0101205
-35.4261 15.0501 -4.36263 0.324598 -0.945835 -0.00563811
-34.9671 15.2115 -5.47012 0.321465 -0.94691 -0.00464832
-33.5864 15.6792 -5.50595 0.319542 -0.947561 -0.00447972
-32.3731 16.0842 -5.56516 0.315177 -0.949029 -0.00252266
-31.2623 16.4523 -5.55769 0.314339 -0.94931 -0.000898069
-30.0472 16.8564 -5.55994 0.316807 -0.948489 0.000992951
-28.928 17.2347 -5.60291 0.323571 -0.946193 0.00456759
-27.6606 17.6748 -5.57602 0.331298 -0.943466 0.010585
-26.308 18.1721 -5.55778 0.352033 -0.93581 0.018217
-25.3576 18.5451 -4.83172 0.363526 -0.931461 0.0139021
-25.2801 18.5953 -3.61566 0.363881 -0.93133 0.0146493
-25.3409 18.5911 -2.38287 0.363569 -0.931448 0.0148887
-25.3863 18.591 -1.10912 0.367817 -0.92982 0.0116976
-25.3176 18.6331 0.348972 0.372133 -0.928128 0.00973101
-25.376 18.6281 1.68296 0.375318 -0.926804 0.0129184
-25.4207 18.6208 2.98382 0.386141 -0.922424 0.0030652
-25.499 18.5938 4.29142 0.390165 -0.920731 0.00109257
-25.6088 18.5385 5.5 0.381797 -0.924091 -0.0168204
-26.7507 18.0756 5.5173 0.365566 -0.930751 -0.00780469
-28.0074 17.5899 5.54358 0.352644 -0.935731 -0.00708678
-29.1509 17.1692 5.58163 0.338413 -0.940951 -0.00878677
-30.3485 16.7411 5.53692 0.329112 -0.944287 -0.00282278
-31.5512 16.3238 5.52778 0.325643 -0.945487 -0.00340693
-32.7729 15.9027 5.53929 0.32708 -0.944995 -0.00168329
-33.9068 15.508 5.57646 0.33363 -0.942702 -0.0013674
-35.0144 15.1161 5.51231 0.337062 -0.941474 -0.00390224
-35.3687 14.994 4.40902 0.336627 -0.941617 -0.00619071
-35.3992 14.99 3.40311 0.337876 -0.941174 -0.00554859
-36.4928 14.5972 3.38328 0.33726 -0.941389 -0.00641486
-36.5205 14.5948 2.20149 0.338577 -0.940929 -0.00421249
-36.4705 14.62 1.0132 0.340201 -0.940325 -0.00717488
-36.5579 14.6061 -0.339214 0.336896 -0.941416 -0.0153909
-36.5264 14.639 -1.87083 0.332293 -0.943075 -0.0138279
-36.5149 14.6675 -3.33189 0.320657 -0.947095 -0.0134062
-36.5266 14.6745 -4.70914 0.324888 -0.945734 -0.00593761
-36.4802 14.6968 -5.96031 0.326726 -0.945104 -0.00530188
-35.8053 14.9349 -6.70536 0.324308 -0.945924 -0.00681571
-34.5528 15.358 -6.71614 0.319093 -0.947709 -0.00513022
-33.4188 15.7394 -6.72852 0.317734 -0.948176 -0.00286701
-32.2164 16.1409 -6.71984 0.3145 -0.949245 -0.00489681
-31.012 16.5347 -6.7497 0.31133 -0.950291 0.00382823
-29.8226 16.9302 -6.7151 0.315095 -0.949059 0.000954891
-28.5306 17.358 -6.77353 0.319855 -0.947329 0.0161026
-27.1647 17.8327 -6.71485 0.330781 -0.943499 0.0198423
-25.863 18.3144 -6.77859 0.354631 -0.934653 0.0255822
-24.5751 18.8187 -6.68041 0.368111 -0.929389 0.0270219
-24.2225 18.9859 -5.50271 0.372504 -0.927906 0.015058
-24.185 19.0218 -4.08855 0.371766 -0.928229 0.0134124
-24.1941 19.0375 -2.79692 0.368463 -0.929514 0.015431
-24.2526 19.0395 -1.33151 0.371814 -0.928188 0.0147929
-24.2364 19.0671 0.0336527 0.376982 -0.926025 0.0189388
-24.2876 19.0763 1.49404 0.388418 -0.921276 0.0195587
-24.3123 19.093 3.03088 0.394035 -0.918954 0.016025
-24.3925 19.0734 4.35364 0.402442 -0.915444 -0.00171658
-24.3228 19.0864 5.86178 0.400446 -0.916239 -0.012172
-25.0354 18.7562 6.75023 0.398271 -0.916886 -0.0261184
-26.2122 18.2638 6.71763 0.372325 -0.927673 -0.0273908
-27.3817 17.8152 6.68895 0.355546 -0.934618 -0.008741
-28.7571 17.2991 6.73738 0.343664 -0.939041 -0.00976326
-29.8783 16.8962 6.73265 0.331148 -0.943506 -0.0106726
-30.9816 16.5141 6.70573 0.326804 -0.94506 -0.00772564
-32.2643 16.0764 6.70125 0.317007 -0.948402 -0.00273725
-33.7993 15.5475 6.74857 0.330431 -0.943803 0.00712575
-35.0766 15.0946 6.75032 0.337702 -0.941247 0.00335704
-36.2473 14.6709 6.58221 0.343881 -0.938996 0.00566444
-36.5061 14.5781 5.3216 0.34238 -0.939539 -0.00642648
-36.4963 14.5915 4.04435 0.340543 -0.940199 -0.00734558
-36.5036 14.5921 3.57753 0.336864 -0.94152 -0.00779479
