-27.9844 18.0823 -2.45492 0.336719 -0.941555 0.00797322
-28.028 18.0766 -1.43627 0.3389 -0.940795 0.0066377
-27.9283 18.117 -0.217266 0.349153 -0.937064 0.000727638
-27.9643 18.106 0.879572 0.352364 -0.935858 0.00300954
-27.9529 18.1111 1.20972 0.352865 -0.93567 0.0029388
-28.4808 17.9215 2.99768 0.346983 -0.937865 0.00347922
-28.6335 17.8622 1.82973 0.342953 -0.939343 0.00383557
-28.6846 17.8418 0.825357 0.340377 -0.940284 0.00292025
-28.607 17.8696 -0.374122 0.333805 -0.942634 -0.00376134
-28.7419 17.8194 -1.50953 0.335564 -0.942004 0.00461438
-28.6347 17.8517 -2.81169 0.329174 -0.944251 0.00456438
-28.6065 17.8599 -3.00838 0.327134 -0.944944 0.00795401
-29.3199 17.6137 -3.24047 0.324331 -0.945938 0.00189478
-29.4896 17.5562 -2.11441 0.325846 -0.945422 0.00100682
-29.3298 17.6132 -1.02246 0.331603 -0.94341 0.00171709
-29.3798 17.5964 -0.0210337 0.327337 -0.944907 -0.00125755
-29.4567 17.5697 1.23783 0.327909 -0.944709 0.000580129
-29.1994 17.6605 2.58137 0.336919 -0.941533 -0.000858651
-29.2003 17.6595 2.9361 0.33884 -0.94084 -0.000128593
-30.1517 17.3271 2.91222 0.324321 -0.945946 1.4085e-05
-30.1851 17.3178 1.66063 0.323106 -0.946361 -0.00163205
-30.1365 17.3352 0.512529 0.323806 -0.946122 -0.00138399
-30.1025 17.3467 -0.609712 0.326667 -0.945139 0.000289573
-30.116 17.3426 -1.79753 0.319796 -0.947485 -0.00134827
-30.0999 17.3498 -2.83549 0.318464 -0.947935 -0.000645516
-30.1 17.3498 -3.09029 0.318082 -0.948063 -0.000605528
-30.8545 17.0982 -3.21282 0.314885 -0.949129 -0.00135108
-30.8957 17.0815 -1.98651 0.3166 -0.948552 -0.00345946
-30.9029 17.0747 -0.873777 0.314604 -0.949222 -0.000859283
-30.8957 17.0777 0.396438 0.319398 -0.947618 -0.00205691
-30.8957 17.0751 1.47767 0.32127 -0.946983 -0.00154165
-30.8821 17.0788 2.46595 0.321556 -0.94689 -0.00078473
-30.9683 17.0491 2.96401 0.321384 -0.946949 -0.000593785
-31.7245 16.7932 3.15356 0.319903 -0.947449 -0.00158186
-31.7294 16.7936 1.92995 0.317431 -0.948279 -0.00206089
-31.7964 16.7745 0.777929 0.316408 -0.948621 -0.00211658
-31.6271 16.8339 -0.521678 0.314134 -0.949377 -0.00176215
-31.8622 16.76 -1.67107 0.313313 -0.94964 -0.00437581
-31.8057 16.7833 -2.80142 0.312351 -0.949958 -0.00409605
-31.6982 16.8204 -3.17596 0.312337 -0.949965 -0.00310247
-32.5529 16.5388 -3.00888 0.311838 -0.950126 -0.00408739
-32.644 16.5032 -1.81768 0.312246 -0.949991 -0.00443903
-32.4926 16.5489 -0.787136 0.313683 -0.949519 -0.00398937
-32.5073 16.5392 0.288869 0.315502 -0.948919 -0.00329532
-32.4613 16.5499 1.6429 0.317148 -0.948369 -0.00364249
-32.3831 16.5724 2.83428 0.318254 -0.948002 -0.00269285
-32.4146 16.5609 3.13656 0.318154 -0.948035 -0.00288871
-33.1203 16.3253 2.74229 0.319764 -0.947488 -0.00409657
-33.1964 16.3043 1.55085 0.31726 -0.94833 -0.00413191
-33.2482 16.2926 0.268202 0.316959 -0.948425 -0.00511875
-33.2826 16.2869 -0.803972 0.315204 -0.949011 -0.0049406
-26.8425 18.495 -3.05819 0.350035 -0.936633 0.0139176
-27.0574 18.3982 -4.30148 0.342712 -0.939366 0.0115705
-28.1929 17.9928 -4.42387 0.327361 -0.944884 0.00537005
-29.4566 17.5639 -4.43683 0.31637 -0.948632 0.00280462
-30.8564 17.0998 -4.39646 0.312079 -0.950056 -0.000575702
-32.2633 16.6393 -4.34148 0.309716 -0.950822 -0.00367132
-33.6891 16.1717 -4.27878 0.31337 -0.949619 -0.00478328
-34.3197 15.9598 -3.48293 0.313374 -0.949615 -0.00525269
-34.3944 15.9253 -2.15674 0.317286 -0.948314 -0.00544581
-34.4197 15.9078 -0.794408 0.317758 -0.948142 -0.00746724
-34.4032 15.9035 0.403301 0.321029 -0.947049 -0.00619487
-34.4085 15.894 1.6711 0.322277 -0.946626 -0.00600099
-34.392 15.8914 3.05142 0.324489 -0.945874 -0.00532783
-34.1626 15.9644 4.17584 0.323607 -0.946185 -0.00334816
-32.9716 16.3694 4.32596 0.31935 -0.947631 -0.00346773
-31.5113 16.862 4.3488 0.320606 -0.947208 -0.00284001
-30.3329 17.2635 4.34089 0.324319 -0.945943 -0.00252046
-29.0498 17.7167 4.32727 0.335141 -0.942168 0.000354811
-27.5646 18.2668 4.29541 0.353882 -0.935274 -0.00544604
-26.8993 18.5236 3.43115 0.360088 -0.932918 -0.000164644
-26.8527 18.5397 2.13928 0.360095 -0.932907 0.00371248
-26.7752 18.5596 0.907159 0.359341 -0.933152 0.0100261
-26.7972 18.5403 -0.404659 0.35576 -0.934566 0.00445246
-26.845 18.5118 -1.61173 0.35126 -0.936223 0.0101184
-26.8335 18.5041 -2.68698 0.350859 -0.936339 0.012802
-25.7263 18.9256 -2.63771 0.358671 -0.933359 0.0140184
-25.7576 18.8942 -3.92443 0.356793 -0.934062 0.0150724
-25.8259 18.8468 -5.26994 0.357189 -0.933897 0.0158065
-26.992 18.4072 -5.57671 0.337164 -0.941365 0.0123173
-28.2108 17.9788 -5.60601 0.322151 -0.946664 0.00675293
-29.4329 17.5684 -5.60752 0.316583 -0.94856 0.00293152
-30.7067 17.1491 -5.57148 0.31047 -0.950583 0.00023459
-32.0264 16.7204 -5.4978 0.308159 -0.95133 -0.00307194
-33.3099 16.3027 -5.48537 0.310227 -0.950649 -0.00500313
-34.5629 15.8891 -5.53328 0.31521 -0.949005 -0.00561949
-35.4776 15.5816 -4.99365 0.31781 -0.948147 -0.00339875
-35.4645 15.5802 -3.73486 0.319924 -0.947418 -0.00665912
-35.4845 15.5611 -2.41119 0.320237 -0.947288 -0.0096621
-35.536 15.5297 -1.07754 0.322699 -0.94645 -0.00989874
-35.5196 15.5232 0.231668 0.325665 -0.945451 -0.00804573
-35.5163 15.5145 1.42787 0.32742 -0.944849 -0.00743649
-35.4785 15.517 2.81263 0.331152 -0.94355 -0.00722159
-35.5181 15.4952 4.07539 0.33096 -0.943629 -0.00524273
-35.3798 15.5364 5.35063 0.332574 -0.943055 -0.00623912
-33.9542 16.0322 5.4939 0.327563 -0.94482 -0.00402962
-32.7502 16.4395 5.53245 0.318687 -0.947855 -0.00295124
-31.5008 16.8606 5.52103 0.319514 -0.947566 -0.00541572
-30.2754 17.2783 5.53796 0.329652 -0.94408 -0.00452145
-29.1299 17.6842 5.51497 0.334281 -0.942449 -0.0068171
-27.8818 18.1368 5.51379 0.350443 -0.936493 -0.0107886
-26.6225 18.6219 5.50479 0.365492 -0.93073 -0.0103118
-25.8016 18.9624 4.67094 0.388154 -0.921588 -0.00309687
-25.8121 18.9569 3.47768 0.382314 -0.924027 0.00210637
-25.7363 18.978 1.92315 0.368958 -0.929373 0.0116571
-25.6843 18.9789 0.576126 0.36854 -0.929533 0.0112442
-25.732 18.9466 -0.756253 0.363848 -0.931395 0.0108802
-25.7256 18.9313 -2.26488 0.358376 -0.933481 0.0134173
-25.7258 18.9287 -2.43532 0.358589 -0.933398 0.0134713
-24.6252 19.3571 -2.56994 0.367852 -0.929805 0.0120382
-24.6153 19.3429 -3.77252 0.369355 -0.929187 0.0136644
-24.615 19.3237 -5.01697 0.369186 -0.929263 0.0130882
-24.7441 19.2468 -6.5582 0.37271 -0.927695 0.0210805
-25.8036 18.8235 -6.74839 0.354653 -0.934647 0.025591
-26.9801 18.3872 -6.75739 0.33406 -0.942171 0.0249797
-28.348 17.9171 -6.7573 0.315414 -0.948824 0.0150207
-29.7177 17.47 -6.76737 0.305334 -0.952241 0.00192368
-30.8711 17.0948 -6.75046 0.309928 -0.950748 0.00463963
-32.004 16.7331 -6.72128 0.308185 -0.951305 -0.00630062
-33.3471 16.2933 -6.70793 0.311205 -0.950337 0.0013839
-34.6033 15.883 -6.71066 0.316574 -0.94854 -0.00731524
-35.9923 15.418 -6.73867 0.319927 -0.947411 -0.00732026
-36.6501 15.189 -5.73173 0.322086 -0.9467 -0.00448254
-36.6483 15.1841 -4.45496 0.320698 -0.947174 -0.0035849
-36.6039 15.1918 -3.21403 0.318252 -0.947966 -0.00865673
-36.6472 15.1586 -1.8724 0.323894 -0.945981 -0.0143406
-36.6223 15.1497 -0.543891 0.328398 -0.944444 -0.013358
-36.6062 15.1378 0.763082 0.333267 -0.942771 -0.0108081
-36.6094 15.1236 2.09327 0.336509 -0.941643 -0.00811204
-36.6083 15.1144 3.31271 0.335714 -0.941929 -0.00807599
-36.6513 15.0843 4.79903 0.339974 -0.940388 -0.00921961
-36.5632 15.1067 6.34434 0.34364 -0.939097 -0.00186693
-35.4893 15.4948 6.72441 0.334694 -0.942327 -0.000307034
-34.321 15.9043 6.71998 0.32468 -0.945822 0.00170448
-33.0106 16.3511 6.7151 0.317414 -0.948276 0.00447492
-31.7548 16.7682 6.7333 0.314703 -0.949173 -0.00564245
-30.3175 17.2551 6.74241 0.325247 -0.945593 -0.008274
-29.0593 17.6967 6.70794 0.335164 -0.942105 -0.0101483
-27.6989 18.1917 6.71912 0.351097 -0.93629 -0.00942931
-26.4368 18.6672 6.7195 0.364526 -0.930477 -0.0362189
-25.1498 19.2055 6.70856 0.400623 -0.915769 -0.0285899
-24.7318 19.417 5.47758 0.404255 -0.914528 -0.0146808
-24.709 19.4342 4.06334 0.401037 -0.916021 0.00538113
-24.711 19.4159 2.7394 0.390279 -0.920545 0.0165361
-24.6316 19.4213 1.41741 0.380719 -0.92446 0.020671
-24.6039 19.4057 0.102911 0.37311 -0.927635 0.0168002
-24.6495 19.3642 -1.17825 0.363836 -0.931398 0.0110444
-24.6176 19.3645 -2.18753 0.366688 -0.93027 0.0116171
