35.3007 19.0638 -3.49268 -0.944173 -0.327147 -0.0335567
35.2786 19.0346 -2.14204 -0.95676 -0.290806 -0.000639845
35.2735 19.0717 -1.11106 -0.965197 -0.261309 -0.00958761
35.2727 19.0944 -0.208716 -0.96459 -0.262787 0.0218252
35.2749 19.1182 0.680279 -0.954406 -0.296654 0.0332383
35.2551 19.1872 1.80732 -0.963747 -0.266701 -0.00725205
35.2481 19.2846 2.7385 -0.966423 -0.255122 0.030361
35.2495 19.3444 3.32122 -0.954856 -0.295659 0.0228518
34.9369 20.0837 3.56662 -0.876742 -0.480758 0.00945749
34.9717 20.004 2.57526 -0.889238 -0.456219 -0.0214734
34.9979 19.8669 1.47623 -0.912817 -0.4055 0.0480886
34.9899 19.8468 0.503028 -0.911204 -0.411328 -0.0217665
35.0073 19.8403 -0.371295 -0.919642 -0.392389 -0.00885982
35.0284 19.821 -1.50004 -0.938331 -0.343749 0.00725238
35.0067 19.7739 -2.55057 -0.91868 -0.393497 0.0180324
35.0004 19.8002 -3.39653 -0.911251 -0.410088 -0.0283043
34.635 20.5183 -3.42596 -0.852046 -0.522342 -0.0140101
34.6586 20.4938 -2.41842 -0.820937 -0.569481 0.0166433
34.6702 20.5445 -1.47221 -0.889517 -0.456524 0.0184841
34.6399 20.5687 -0.30173 -0.848399 -0.527257 -0.0319618
34.628 20.5536 0.718909 -0.884764 -0.464204 -0.0052284
34.664 20.5782 1.59124 -0.894083 -0.445639 0.0445861
34.5968 20.7058 2.55504 -0.873676 -0.485232 -0.0348247
34.5453 20.7614 3.47179 -0.865557 -0.50072 0.00566919
34.068 21.4012 3.50937 -0.786604 -0.617153 -0.019203
34.1419 21.3569 2.55607 -0.785281 -0.617128 -0.0498555
34.2338 21.2502 1.55602 -0.793571 -0.606542 0.0334856
34.1806 21.2249 0.604846 -0.767962 -0.639502 0.017083
34.1691 21.2396 -0.315288 -0.76266 -0.64671 0.010386
34.2094 21.1793 -1.48385 -0.753027 -0.657862 0.0125149
34.2026 21.1659 -2.36497 -0.80858 -0.587408 -0.00683008
34.1998 21.1975 -3.23347 -0.805588 -0.590478 -0.0463554
34.1997 21.2072 -3.39366 -0.809866 -0.585793 -0.0306593
33.6778 21.8482 -3.42339 -0.747678 -0.66394 -0.012508
33.6707 21.8175 -2.4062 -0.760077 -0.648047 -0.0481461
33.6717 21.79 -1.41973 -0.748697 -0.662812 0.011513
33.6187 21.8712 -0.377372 -0.72419 -0.688651 0.0360849
33.6419 21.865 0.548649 -0.734827 -0.678246 0.000348775
33.7301 21.8338 1.47037 -0.722767 -0.688936 0.0284522
33.6049 21.9575 2.58178 -0.690548 -0.723124 -0.0130976
33.5581 21.9711 3.29192 -0.67546 -0.736103 -0.0436142
32.9437 22.5009 3.50041 -0.577576 -0.814513 -0.053735
33.0012 22.4925 2.53158 -0.587769 -0.807729 -0.031576
33.1641 22.3353 1.4385 -0.5983 -0.799557 0.0168861
33.0353 22.4419 0.580905 -0.539438 -0.841563 -0.0277894
32.9828 22.4685 -0.328421 -0.568143 -0.822335 0.0252058
33.1155 22.3569 -1.17626 -0.649396 -0.760289 0.015673
32.9891 22.4422 -2.01982 -0.627177 -0.77633 -0.0285283
33.1237 22.4137 -2.99104 -0.660908 -0.746029 0.008031
33.0354 22.4433 -3.58473 -0.608794 -0.791785 0.0492919
32.3018 22.9082 -3.40825 -0.500007 -0.865771 -0.0208102
32.3018 22.9047 -2.31917 -0.469552 -0.882895 -0.00321898
32.3018 22.9362 -1.13216 -0.500197 -0.865558 -0.00451302
32.3018 22.9235 -0.254252 -0.536014 -0.843613 -0.0140811
32.3018 22.891 0.804566 -0.507451 -0.861631 -0.00860876
32.3124 22.8883 1.73629 -0.505049 -0.860985 0.0590116
32.3018 22.9349 2.61408 -0.459321 -0.887673 0.0323477
32.3051 22.9376 3.33088 -0.520966 -0.853568 -0.00188004
31.331 23.4255 3.54688 -0.418423 -0.907924 -0.011402
31.5287 23.3241 2.64559 -0.431499 -0.901784 0.0210816
31.3391 23.3654 1.78646 -0.412042 -0.910631 -0.030423
31.4614 23.34 0.872216 -0.421081 -0.906607 -0.027247
31.4895 23.3427 0.0447942 -0.442591 -0.896697 0.000688437
31.4437 23.3627 -0.850768 -0.380695 -0.924691 0.00311836
31.4939 23.3339 -2.00318 -0.400532 -0.916095 0.0110308
31.5061 23.3125 -2.85149 -0.418579 -0.907507 0.00249932
31.5677 23.2919 -3.50428 -0.425047 -0.905108 0.00550289
30.8066 23.6044 -3.55572 -0.356717 -0.933866 -0.008505
30.7018 23.64 -2.6501 -0.335413 -0.941703 -0.00215988
30.6012 23.6852 -1.61724 -0.299157 -0.953789 -0.00690086
30.6314 23.6714 -0.713505 -0.316673 -0.948334 0.0146632
30.8062 23.6171 0.24595 -0.317894 -0.948013 0.00677588
30.5851 23.6896 1.14492 -0.305585 -0.952106 0.00302719
30.4995 23.6892 2.04497 -0.299909 -0.953445 -0.0191633
30.4732 23.6984 3.00329 -0.283679 -0.958864 0.00602807
30.4058 23.7229 3.45134 -0.266269 -0.963888 0.00344503
29.5646 23.9531 3.36297 -0.25394 -0.967199 -0.00493448
29.634 23.9388 2.47359 -0.234213 -0.972178 0.00168842
29.7315 23.9241 1.53439 -0.23336 -0.972316 -0.0119294
29.9299 23.8892 0.579896 -0.254851 -0.966695 -0.000447425
29.9157 23.8868 -0.293339 -0.26575 -0.963988 0.00069367
29.8195 23.9123 -1.57127 -0.234803 -0.971966 0.00773557
29.8919 23.8867 -2.48571 -0.262215 -0.964577 -0.00530551
30.0163 23.8559 -3.39305 -0.25767 -0.966038 -0.0169988
30.0253 23.855 -3.59331 -0.259966 -0.96558 -0.000475776
34.8217 20.3013 -4.68589 -0.891157 -0.448665 -0.0241096
34.1624 21.3136 -4.67874 -0.780836 -0.622437 -0.047594
33.4281 22.0966 -4.64788 -0.694758 -0.717906 -0.00441942
32.5073 22.7877 -4.67174 -0.506948 -0.861963 0.00483205
31.416 23.3615 -4.6645 -0.397524 -0.917568 -0.00666775
30.3602 23.7675 -4.66178 -0.289375 -0.956722 -0.00269843
29.1679 24.0882 -4.65862 -0.236616 -0.97138 -0.0152986
28.2977 24.2729 -4.19564 -0.183498 -0.982912 -0.0145097
28.2279 24.2659 -2.85251 -0.195475 -0.98063 -0.0124268
28.2341 24.2584 -1.58487 -0.194068 -0.980969 0.00563753
28.2333 24.2622 -0.423693 -0.192984 -0.981201 0.00146146
28.1808 24.2772 0.626907 -0.198417 -0.980112 -0.00339033
28.1381 24.2829 1.98841 -0.20485 -0.9787 0.00255809
28.1102 24.2896 3.29179 -0.192381 -0.981297 -0.00435269
28.2977 24.2522 4.41701 -0.192069 -0.98135 0.00637637
29.2722 24.0346 4.65268 -0.230759 -0.972918 0.0115837
30.4297 23.724 4.61864 -0.292136 -0.956215 0.0104561
31.4904 23.3446 4.64344 -0.420418 -0.906537 0.0333398
32.4831 22.8305 4.67879 -0.511559 -0.858182 0.0329735
33.4995 22.0918 4.68159 -0.630558 -0.773 0.0484617
34.2632 21.2556 4.70912 -0.812823 -0.577583 0.0755651
34.9238 20.2049 4.65497 -0.886407 -0.461452 0.0313358
35.3787 19.0569 4.615 -0.975718 -0.215024 0.0416374
35.5894 17.9875 4.54363 -0.983793 -0.178389 0.0181045
35.6309 17.6657 3.55314 -0.987972 -0.154062 -0.0132051
35.6285 17.6506 2.40721 -0.983791 -0.176257 0.0322929
35.6031 17.5976 0.986093 -0.987517 -0.154965 0.0214679
35.5928 17.5851 -0.3738 -0.989108 -0.147171 -0.00237403
35.575 17.6244 -1.59597 -0.984024 -0.177395 0.000318657
35.586 17.6694 -2.64857 -0.987712 -0.156149 -0.00579013
35.5819 17.6282 -3.80522 -0.995346 -0.0944862 0.0189435
35.4837 18.2249 -4.6539 -0.99121 -0.131387 0.0153938
35.2331 19.2557 -4.6959 -0.954563 -0.297997 -0.00266446
34.8888 20.1474 -4.6834 -0.91481 -0.402284 -0.0223871
34.9886 20.0515 -5.71866 -0.917753 -0.382451 -0.0931322
34.4302 21.0114 -5.74809 -0.814311 -0.579531 -0.013941
33.729 21.8188 -5.72606 -0.724891 -0.688621 -0.0156059
32.7279 22.6576 -5.7212 -0.594906 -0.797741 -0.0984426
31.6806 23.2847 -5.74784 -0.448151 -0.892506 -0.0504003
30.4239 23.7666 -5.70933 -0.32338 -0.944402 -0.059419
29.2183 24.1133 -5.75218 -0.24806 -0.967745 -0.0439881
28.0568 24.3484 -5.71674 -0.180544 -0.983422 -0.0135425
27.2333 24.4759 -5.19031 -0.157292 -0.987319 -0.0212829
27.196 24.4671 -4.06471 -0.165429 -0.986209 -0.00499511
27.1862 24.4579 -2.82018 -0.169975 -0.985355 -0.0135462
27.2005 24.4464 -1.74273 -0.172542 -0.985001 -0.00111336
27.2076 24.4517 -0.436624 -0.165784 -0.986138 0.00295862
27.1342 24.4632 0.65507 -0.160915 -0.986938 -0.00771274
27.1036 24.4614 1.75883 -0.155828 -0.987777 0.00351016
27.0658 24.4757 2.81878 -0.152356 -0.988311 0.00340677
27.1314 24.4666 4.30653 -0.167997 -0.985772 0.00546591
27.3141 24.4477 5.43917 -0.172296 -0.984926 0.00748245
28.279 24.2633 5.74709 -0.19903 -0.979905 0.0130842
29.4532 24.0064 5.71216 -0.255321 -0.96631 0.0320505
30.4923 23.7196 5.66892 -0.281904 -0.959119 0.0245382
31.5527 23.3502 5.68858 -0.341673 -0.939314 0.0295101
32.7593 22.7011 5.75159 -0.539416 -0.834643 0.111315
33.7689 21.9062 5.75254 -0.692504 -0.707498 0.137422
34.4812 21.1053 5.75518 -0.80927 -0.575905 0.111542
35.0345 20.1354 5.6987 -0.895641 -0.436702 0.0840831
35.4791 18.829 5.6783 -0.977454 -0.198043 0.0701052
35.6684 17.5666 5.66517 -0.992431 -0.109001 0.0565564
35.7584 16.6063 4.93817 -0.996641 -0.0818337 -0.00306713
35.7582 16.5945 3.74571 -0.997746 -0.0664306 0.00707666
35.744 16.6345 2.53968 -0.996987 -0.0774574 0.00426863
35.7383 16.5603 1.26125 -0.9962 -0.0869207 0.00537826
35.7404 16.5312 -0.0675257 -0.992887 -0.116671 0.0135043
35.718 16.567 -1.28631 -0.995498 -0.093068 0.00864333
35.7044 16.5776 -2.6621 -0.995703 -0.0912571 0.00361034
35.6798 16.5447 -3.92562 -0.997944 -0.0637148 0.00515726
35.6598 16.5623 -5.00195 -0.99709 -0.0692415 0.0296712
35.6285 17.1001 -5.7095 -0.998667 -0.050422 -0.0105299
35.5021 18.1673 -5.74995 -0.986322 -0.152344 -0.0565402
35.2519 19.268 -5.75214 -0.958058 -0.272008 -0.0854335
35.0822 19.7947 -5.73115 -0.942072 -0.321463 -0.0929693
35.1304 19.9227 -6.77472 -0.925319 -0.36129 -0.103716
35.4473 18.9237 -6.82886 -0.971167 -0.20992 -0.0981407
35.6105 17.8393 -6.80766 -0.986088 -0.145306 -0.0806974
35.6676 16.623 -6.78631 -0.998347 -0.0361539 -0.044572
35.6783 15.5358 -6.62293 -0.999937 0.00791328 -0.00465793
35.6933 15.4474 -5.37708 -0.999583 -0.013328 0.0245021
35.7236 15.4595 -4.26502 -0.999078 -0.0350936 0.0232138
35.7439 15.4702 -3.20172 -0.998878 -0.0425462 0.0204847
35.767 15.5067 -1.78631 -0.999199 -0.0361108 0.0172277
35.7857 15.4942 -0.67428 -0.99898 -0.042071 0.0160297
35.8054 15.49 0.403907 -0.99903 -0.0427375 0.00822478
35.8146 15.5207 1.56707 -0.998846 -0.045678 0.0137551
35.8189 15.5863 2.65766 -0.998584 -0.0531352 -0.00271148
35.8163 15.5458 3.72411 -0.998746 -0.0497515 -0.00103604
35.8149 15.5232 4.81678 -0.999029 -0.0406316 -0.0140597
35.7904 15.4947 6.10242 -0.999874 -0.00193093 -0.00539521
35.7829 16.2644 6.7464 -0.999433 -0.0302472 0.0147222
35.7428 17.4063 6.76762 -0.998156 -0.0430227 0.0424333
35.6554 18.4912 6.78226 -0.987291 -0.124817 0.0965451
35.3855 19.5435 6.75793 -0.945813 -0.313677 0.0835421
34.9606 20.5265 6.7543 -0.868713 -0.454552 0.196464
34.3149 21.5267 6.80104 -0.770803 -0.615537 0.164054
33.543 22.2873 6.75929 -0.588492 -0.789644 0.173413
32.4927 23.0086 6.79179 -0.482249 -0.85934 0.167335
31.517 23.4253 6.75967 -0.339606 -0.935875 0.0938033
30.4457 23.7751 6.73741 -0.280325 -0.95688 0.0761257
29.317 24.0768 6.78344 -0.224538 -0.972752 0.0568093
27.8879 24.3743 6.80859 -0.177553 -0.98187 0.0626363
26.7581 24.56 6.77073 -0.155108 -0.987504 0.0277785
26.1585 24.6403 5.99589 -0.157725 -0.987387 0.0137969
26.1354 24.6318 4.94971 -0.156177 -0.987679 0.00991737
26.0038 24.6395 3.47435 -0.135887 -0.990719 0.00218891
26.0497 24.6223 2.39018 -0.141491 -0.989917 0.00556413
26.0617 24.626 1.21685 -0.151717 -0.988337 -0.0130583
26.0864 24.6286 0.0614611 -0.154496 -0.987993 0.000714799
26.1524 24.6223 -0.994807 -0.157664 -0.987477 -0.00548545
26.1307 24.6295 -2.05827 -0.160729 -0.986997 -0.00167632
26.1245 24.6371 -3.14046 -0.158135 -0.987396 -0.00548561
26.1669 24.6395 -4.47306 -0.154532 -0.987935 -0.0102538
26.1445 24.6412 -5.69698 -0.147406 -0.989049 0.00733654
26.4165 24.6217 -6.70298 -0.124194 -0.992071 -0.01924
27.4584 24.4863 -6.79844 -0.144919 -0.989041 -0.0281303
28.6224 24.2893 -6.82043 -0.190346 -0.980028 -0.057527
29.8161 24.0136 -6.7833 -0.242515 -0.968057 -0.0636521
30.8773 23.7072 -6.7528 -0.342158 -0.933287 -0.0969551
31.8625 23.2723 -6.8016 -0.414792 -0.906719 -0.0762121
32.8087 22.7387 -6.82821 -0.515531 -0.849039 -0.112659
33.6473 22.0506 -6.80724 -0.671477 -0.716357 -0.188394
34.3854 21.2253 -6.81109 -0.768488 -0.629768 -0.113102
34.9665 20.2998 -6.79728 -0.895512 -0.425498 -0.12656
35.0535 20.0979 -6.78807 -0.907968 -0.401996 -0.118137
