-28.5295 18.4045 3.15135 0.341687 -0.93981 0.00279635
-28.3512 18.4674 2.15188 0.343019 -0.939321 0.0029309
-28.2706 18.4905 1.17568 0.341759 -0.939748 0.00860403
-28.2511 18.4917 0.249575 0.335763 -0.941943 0.00218868
-28.2772 18.4796 -0.740722 0.329364 -0.944194 0.00291235
-28.3533 18.4482 -1.70586 0.329174 -0.944253 0.00549658
-28.6044 18.3565 -2.75218 0.327916 -0.944692 0.00520569
-28.615 18.3522 -2.85731 0.327273 -0.944915 0.00510059
-29.3426 18.1018 -3.17988 0.324127 -0.946008 0.00271208
-29.2346 18.1404 -2.19809 0.326436 -0.945215 0.002425
-29.0996 18.1923 -1.30623 0.326859 -0.94505 0.00661345
-29.0982 18.1965 -0.372435 0.326467 -0.945207 0.00170947
-29.0593 18.2096 0.615285 0.327016 -0.945015 -0.00177226
-29.1259 18.1884 1.50146 0.329231 -0.944236 0.00497798
-29.1734 18.1732 2.55385 0.332618 -0.94306 -0.00170732
-29.2416 18.1497 3.27284 0.331092 -0.943585 0.00488882
-29.895 17.9224 3.25592 0.325852 -0.945415 0.00267033
-30.0082 17.8853 2.07563 0.321297 -0.946976 -0.00219605
-30.0523 17.8714 1.22608 0.320912 -0.947108 0.000696618
-30.1157 17.8508 0.389338 0.314411 -0.949284 -0.00236546
-30.0561 17.8716 -0.646549 0.314876 -0.949132 0.000614184
-29.9264 17.9129 -1.48045 0.313726 -0.949499 0.00512521
-30.0739 17.861 -2.33464 0.310097 -0.950704 0.00121697
-30.0605 17.8653 -3.12949 0.309526 -0.950891 4.95617e-05
-30.9216 17.5857 -3.14251 0.306448 -0.951886 -0.00147506
-30.9216 17.5856 -2.25873 0.307876 -0.951425 -0.000677198
-30.9216 17.5851 -1.1151 0.311436 -0.950266 -0.00154712
-30.9216 17.5852 -0.128545 0.313679 -0.949528 0.00125509
-30.9216 17.5831 0.720804 0.315629 -0.948879 -0.00146131
-30.9216 17.5803 1.59843 0.316832 -0.948477 -0.00293033
-30.9216 17.5783 2.55246 0.317131 -0.948381 -0.00124514
-30.9216 17.5776 3.21914 0.316703 -0.948525 -0.000567907
-31.8287 17.2763 3.19601 0.312463 -0.949929 -0.0012703
-31.8238 17.2804 2.24841 0.311402 -0.950274 -0.00277659
-31.5323 17.3792 1.37126 0.312495 -0.949914 -0.00322251
-31.8303 17.2845 0.426431 0.311631 -0.950199 -0.00274887
-31.8461 17.2827 -0.593606 0.308809 -0.951121 -0.00245735
-31.6829 17.3378 -1.53005 0.308724 -0.951151 -0.00123851
-31.891 17.2728 -2.37112 0.305348 -0.952235 -0.00322163
-31.8833 17.2777 -3.24814 0.304331 -0.952562 -0.00282746
-32.6465 17.0341 -3.27947 0.304231 -0.952593 -0.00323776
-32.6626 17.025 -2.26284 0.305842 -0.952071 -0.00469162
-32.5158 17.0679 -1.31633 0.307358 -0.951589 -0.00318349
-32.6043 17.0357 -0.402808 0.309398 -0.950923 -0.00435094
-32.4356 17.0852 0.837081 0.310534 -0.950554 -0.00388846
-32.477 17.0679 1.82602 0.311096 -0.950373 -0.00315544
-32.6388 17.0117 2.79428 0.311063 -0.950382 -0.0037339
-32.6582 17.0044 3.02714 0.311663 -0.950186 -0.00352326
-33.418 16.7564 2.73303 0.312239 -0.949993 -0.00450884
-33.2214 16.8241 1.78135 0.312994 -0.94975 -0.00315231
-33.222 16.8285 0.682217 0.312504 -0.949903 -0.00495845
-33.3383 16.7965 -0.436469 0.310865 -0.950436 -0.00579297
-33.3042 16.8126 -1.29272 0.307909 -0.951402 -0.00504402
-33.3962 16.7874 -2.12988 0.307125 -0.951652 -0.00578822
-33.4109 16.7873 -2.88251 0.306748 -0.951776 -0.00528883
-27.0513 18.9363 0.601154 0.357527 -0.933855 0.00939545
-27.0989 18.9318 1.80046 0.359878 -0.932919 0.0122505
-27.2048 18.9003 3.06004 0.35569 -0.934598 0.00124915
-27.2559 18.878 4.22532 0.363966 -0.931403 -0.0030079
-28.5167 18.4104 4.44708 0.340647 -0.94019 -0.00123607
-29.6081 18.0249 4.43346 0.328408 -0.944535 0.00150779
-30.7678 17.6269 4.43831 0.318001 -0.948084 -0.00289828
-32.0114 17.2136 4.43901 0.314154 -0.94937 -0.00186271
-33.2776 16.7951 4.39147 0.314462 -0.94926 -0.00430299
-34.4094 16.4177 4.20132 0.319953 -0.947418 -0.00533232
-34.6058 16.3582 3.0533 0.321807 -0.946785 -0.00610762
-34.5455 16.3857 1.79099 0.316941 -0.948424 -0.00643416
-34.6014 16.3739 0.637939 0.313473 -0.949574 -0.00646196
-34.5998 16.3845 -0.563981 0.312092 -0.950012 -0.00869025
-34.6175 16.3891 -1.77533 0.312666 -0.949826 -0.00835428
-34.6108 16.3993 -2.95731 0.310316 -0.95061 -0.00664806
-34.3956 16.4775 -4.34226 0.309195 -0.950988 -0.00450232
-33.2112 16.8583 -4.42754 0.304248 -0.952584 -0.00392748
-32.1081 17.2095 -4.46894 0.302862 -0.95303 -0.00245478
-30.938 17.583 -4.46153 0.304662 -0.95246 -0.000510959
-29.765 17.9627 -4.46495 0.310033 -0.950724 -0.000568874
-28.4056 18.4178 -4.4854 0.327067 -0.944973 0.0067761
-27.2215 18.8355 -4.35796 0.341688 -0.939756 0.00924357
-27.1486 18.8725 -2.90141 0.34428 -0.938822 0.00922725
-27.1435 18.8862 -1.54246 0.347655 -0.937598 0.00623831
-27.0772 18.9168 -0.250008 0.35728 -0.933943 0.00990969
-27.0514 18.9351 0.487798 0.357633 -0.933811 0.00975628
-25.9983 19.3395 0.34031 0.362889 -0.931788 0.0090454
-26.0599 19.3005 -0.860818 0.358127 -0.933596 0.0117808
-26.0685 19.2804 -2.2468 0.350644 -0.936435 0.0116677
-26.0309 19.2838 -3.453 0.355327 -0.934696 0.00893044
-26.0173 19.2753 -4.73236 0.349952 -0.936685 0.0124467
-26.5196 19.0748 -5.63489 0.350216 -0.936492 0.0182181
-27.8711 18.5904 -5.63791 0.327106 -0.944911 0.0120563
-28.9785 18.2177 -5.62083 0.314436 -0.949254 0.005555
-30.3458 17.7729 -5.57631 0.305541 -0.952178 0.00155813
-31.5853 17.3779 -5.65723 0.300767 -0.953694 -0.000781995
-32.7057 17.0238 -5.59415 0.301804 -0.953363 -0.00364638
-33.98 16.6182 -5.61748 0.305365 -0.952218 -0.00564981
-35.1115 16.2511 -5.60436 0.311114 -0.950355 -0.00570468
-35.7071 16.0518 -4.84139 0.313055 -0.949727 -0.00378621
-35.7054 16.0455 -3.55151 0.311996 -0.950067 -0.00562879
-35.6731 16.0456 -2.2334 0.312755 -0.949786 -0.00957545
-35.6808 16.0299 -0.958214 0.316096 -0.948679 -0.00949554
-35.6655 16.0217 0.285815 0.317273 -0.948286 -0.0095917
-35.6269 16.0222 1.68079 0.321348 -0.94692 -0.0087948
-35.6878 15.9892 3.01431 0.324773 -0.945758 -0.00799584
-35.6955 15.9762 4.33308 0.326903 -0.945047 -0.00458372
-35.4569 16.0525 5.43613 0.327041 -0.944976 -0.00799576
-34.2428 16.4679 5.56952 0.321107 -0.947035 -0.00397675
-33.0997 16.8505 5.55107 0.31494 -0.949109 -0.00225956
-31.9866 17.2188 5.60522 0.313469 -0.949594 -0.00290489
-30.7917 17.6152 5.5954 0.318893 -0.947787 -0.00272983
-29.643 18.0103 5.57389 0.32776 -0.944748 -0.00492363
-28.4019 18.4466 5.5922 0.33529 -0.942084 -0.00714673
-27.2842 18.8597 5.58366 0.359742 -0.932886 -0.0170516
-26.2147 19.2881 5.34616 0.380301 -0.924831 -0.00526773
-26.1001 19.335 4.05062 0.376253 -0.926513 0.00189132
-26.1163 19.3231 2.7332 0.371698 -0.928344 0.00393245
-26.0285 19.3438 1.55752 0.370544 -0.928701 0.0145374
-25.997 19.3431 0.654455 0.363249 -0.931628 0.0107979
-24.9324 19.77 0.808579 0.372287 -0.927989 0.0154186
-25.022 19.7656 2.18959 0.385074 -0.922523 0.0248669
-25.0568 19.7701 3.39503 0.399136 -0.91683 0.0105328
-25.0197 19.794 4.62617 0.405642 -0.914032 -0.000475082
-25.0578 19.7736 5.79419 0.40397 -0.914709 -0.00993721
-25.5785 19.5217 6.71605 0.394177 -0.918281 -0.036762
-26.6399 19.0788 6.73847 0.370867 -0.9277 -0.0427803
-27.8982 18.6098 6.74941 0.34059 -0.940003 -0.0196046
-29.1629 18.1688 6.7294 0.329637 -0.944085 -0.0065332
-30.4604 17.7198 6.75464 0.321967 -0.946709 -0.00894048
-31.5531 17.3572 6.72227 0.312858 -0.949791 -0.004157
-32.731 16.9716 6.70946 0.312027 -0.950072 -0.000170654
-33.9341 16.5716 6.72267 0.315742 -0.948841 0.000345282
-35.311 16.1037 6.73921 0.325985 -0.945361 0.00489841
-36.5606 15.66 6.65902 0.342078 -0.93966 0.00240599
-36.7577 15.5922 5.43494 0.339671 -0.940507 -0.00763312
-36.7873 15.5958 4.22737 0.326167 -0.945221 -0.0131373
-36.7663 15.6175 2.9653 0.328396 -0.944486 -0.0100252
-36.6898 15.6551 1.81047 0.331314 -0.943484 -0.00824167
-36.7571 15.647 0.661149 0.32238 -0.946534 -0.0120043
-36.7441 15.6688 -0.584555 0.320191 -0.947257 -0.0135028
-36.7687 15.6776 -1.76421 0.3147 -0.949093 -0.0136119
-36.7951 15.6849 -2.98615 0.309617 -0.950816 -0.00884612
-36.8204 15.6824 -4.43445 0.313435 -0.94961 0.000141601
-36.7841 15.6974 -5.58664 0.316009 -0.948749 -0.00359455
-36.4804 15.8032 -6.66178 0.320105 -0.947374 -0.00356016
-35.4276 16.1535 -6.78614 0.312783 -0.949812 -0.00433422
-34.1919 16.5581 -6.77102 0.301512 -0.953434 -0.00660825
-33.0265 16.927 -6.691 0.306394 -0.95188 -0.00510318
-31.8556 17.2954 -6.81621 0.295389 -0.955372 -0.00318973
-30.4686 17.7328 -6.74229 0.304081 -0.952645 0.00112382
-29.2851 18.1081 -6.76694 0.304537 -0.952322 0.0161695
-27.9527 18.5444 -6.7897 0.322458 -0.946424 0.017406
-26.8607 18.9236 -6.77874 0.335748 -0.941588 0.02613
-25.629 19.3794 -6.79256 0.35994 -0.932234 0.0367276
-24.9565 19.6663 -5.92773 0.365676 -0.930623 0.01452
-24.9419 19.6871 -4.72352 0.36118 -0.932431 0.011021
-24.9654 19.6952 -3.30733 0.363743 -0.931458 0.00876114
-24.9748 19.7034 -1.94102 0.362747 -0.931864 0.00660865
-24.9422 19.7308 -0.714181 0.359673 -0.932817 0.0208061
-24.93 19.7657 0.490452 0.371874 -0.928145 0.0159777
