8.96684 23.6393 3.45726 0.289933 -0.95685 0.0173081
8.9404 23.6436 2.31987 0.302042 -0.952709 -0.0328409
8.84165 23.6351 1.18849 0.303229 -0.952855 -0.0099419
8.87342 23.6471 0.228974 0.306125 -0.951987 0.00239235
8.95201 23.6648 -0.676405 0.299068 -0.954176 0.00965468
8.94913 23.6588 -1.56806 0.300411 -0.953778 0.00733946
8.94139 23.6504 -2.53261 0.287528 -0.957733 0.00581238
8.9278 23.6305 -3.40033 0.301816 -0.952797 0.0329079
8.13712 23.4004 -3.54897 0.235582 -0.971811 0.00865693
8.14265 23.416 -2.69823 0.249236 -0.968327 0.0139699
8.17751 23.4346 -1.57229 0.247247 -0.968881 0.0116911
8.17469 23.438 -0.624037 0.258294 -0.966041 -0.000544007
8.08693 23.4181 0.228301 0.262359 -0.964906 -0.00472206
8.06241 23.4196 1.17225 0.251225 -0.967787 -0.00749984
8.12115 23.4195 2.16408 0.217788 -0.975734 -0.0206691
8.20375 23.4322 3.33143 0.227728 -0.973556 0.0170183
8.20855 23.4377 3.54405 0.235634 -0.971539 0.0242444
7.39532 23.2584 3.53621 0.194492 -0.98056 0.00274446
7.35277 23.2593 2.54294 0.173323 -0.984862 0.00236324
7.29284 23.2505 1.53301 0.187061 -0.982316 -0.00310395
7.23573 23.2314 0.409358 0.172804 -0.984662 0.0189593
7.38721 23.2623 -0.785124 0.194983 -0.980802 -8.20623e-05
7.35532 23.246 -1.72131 0.176723 -0.984045 0.0205381
7.31494 23.228 -2.66003 0.201419 -0.979398 0.014259
7.34685 23.2226 -3.4452 0.20224 -0.979157 0.0121541
6.53966 23.0727 -3.4495 0.162257 -0.986737 0.00417483
6.49104 23.0883 -2.44011 0.138513 -0.989988 0.0270899
6.53157 23.1124 -1.5971 0.140097 -0.99005 0.0131729
6.57612 23.1201 -0.633948 0.15595 -0.987759 -0.000937028
6.39461 23.103 0.559158 0.146185 -0.989123 0.0158161
6.51128 23.1208 1.77766 0.133293 -0.991075 0.00122716
6.51804 23.1214 2.78732 0.154263 -0.987956 -0.00535902
6.57709 23.122 3.43604 0.159372 -0.987178 -0.00897976
5.686 22.9954 3.61693 0.118227 -0.992929 -0.00940164
5.66685 22.9997 2.6758 0.113826 -0.993442 -0.0103016
5.6853 23.0104 1.82967 0.127367 -0.991851 0.00219056
5.62818 22.9994 0.601583 0.117341 -0.993079 0.00133339
5.67346 22.9998 -0.438977 0.111158 -0.993785 -0.00112714
5.70707 23.0002 -1.27572 0.117259 -0.993096 0.00308827
5.67003 22.9896 -2.11325 0.100415 -0.994944 0.00193693
5.66838 22.979 -3.24289 0.0905408 -0.99588 0.00422743
5.70235 22.9816 -3.55161 0.0911727 -0.995834 0.000523999
4.86683 22.9066 -3.49867 0.0849023 -0.996382 0.00177248
4.76832 22.904 -2.65928 0.0850484 -0.99636 0.00576391
4.86372 22.9125 -1.53697 0.0898141 -0.995904 0.00834839
4.86683 22.9216 -0.652629 0.0875859 -0.996108 0.00954343
4.89283 22.9263 0.295428 0.0915118 -0.995786 0.00602951
4.86683 22.9193 1.42262 0.0847451 -0.996386 -0.00565212
4.85271 22.9136 2.34212 0.0834701 -0.996497 -0.00425906
4.76067 22.8993 3.18314 0.0940555 -0.995552 -0.00488052
4.84947 22.9057 3.47897 0.0951171 -0.995438 -0.0075179
4.02314 22.834 3.52982 0.0619911 -0.998052 0.000477737
3.98773 22.8452 2.39666 0.0751361 -0.997115 -0.0100723
3.76715 22.8324 1.4428 0.0722702 -0.997384 -0.00160547
3.91908 22.8451 0.60777 0.0801566 -0.996781 0.00121897
3.91174 22.8425 -0.367581 0.080261 -0.996766 0.00403748
3.78928 22.8307 -1.45847 0.062478 -0.998045 0.00140295
4.01207 22.8442 -2.2749 0.0705767 -0.997504 0.0023554
3.80893 22.823 -3.22791 0.0747406 -0.997157 0.00712849
3.81219 22.8253 -3.61544 0.0729607 -0.997308 -0.00216433
3.01214 22.7761 -3.54855 0.041779 -0.999043 -0.0125332
3.16678 22.7868 -2.55526 0.0465008 -0.998874 0.0064275
3.07762 22.7861 -1.57944 0.0618088 -0.998085 0.00245918
3.05996 22.7852 -0.643873 0.062801 -0.998026 5.41048e-05
3.05469 22.7883 0.430221 0.0575276 -0.998341 0.0020078
2.97237 22.7837 1.54307 0.0572334 -0.99836 0.00116967
3.14167 22.7893 2.41657 0.0572802 -0.998308 -0.00997956
3.1821 22.7884 3.42613 0.047587 -0.998862 -0.0031947
2.37858 22.7522 3.19295 0.0407702 -0.999156 -0.00347956
2.26432 22.7493 2.23935 0.0435609 -0.999046 -0.00292423
2.16571 22.7437 1.37296 0.046066 -0.998938 0.000450187
2.22351 22.7463 0.428691 0.0445952 -0.999004 0.000597883
2.24524 22.7457 -0.643868 0.042388 -0.999093 -0.001318
2.32045 22.7506 -1.70715 0.0397109 -0.999209 0.00194565
2.33567 22.748 -2.61419 0.0384257 -0.999256 0.00177377
2.18836 22.7443 -3.56423 0.0361302 -0.999332 -0.0053896
1.37855 22.7168 -3.40555 0.0268475 -0.999636 -0.00258121
1.5148 22.7201 -2.18572 0.03245 -0.999471 0.00227976
1.4668 22.7191 -1.18866 0.0342785 -0.999403 -0.00428918
1.40071 22.7115 -0.223803 0.0369614 -0.999272 -0.00824472
1.39421 22.712 0.641954 0.03745 -0.999294 0.00294273
1.3791 22.7134 1.54912 0.0359056 -0.999354 0.0011708
1.47065 22.717 2.46601 0.0337071 -0.999431 0.000128714
1.50571 22.7172 3.31049 0.0308494 -0.999523 -0.00148197
1.49314 22.7167 3.3675 0.0310142 -0.999517 -0.00205229
10.2431 24.1107 4.4816 0.358525 -0.933493 0.00688425
9.00539 23.6763 4.63386 0.313498 -0.949521 0.0112853
7.9364 23.3726 4.63288 0.216551 -0.976194 -0.00920068
6.69795 23.1266 4.67649 0.157387 -0.987444 -0.0135745
5.29127 22.9393 4.67944 0.103819 -0.994551 -0.00438008
3.77418 22.8189 4.64622 0.0677205 -0.997652 0.0051392
2.42015 22.7481 4.61176 0.0425507 -0.999094 0.000147154
1.31159 22.7086 4.58867 0.0328556 -0.999458 -0.00197431
0.148935 22.6745 4.5746 0.0251156 -0.999679 0.000736531
-0.408039 22.663 3.75385 0.0187432 -0.999822 -0.00216548
-0.373685 22.664 2.53456 0.0209978 -0.999773 0.00368501
-0.369963 22.6616 1.41251 0.0195824 -0.999807 -0.000177155
-0.360921 22.6685 0.235314 0.0192366 -0.999777 -0.00852033
-0.320554 22.6765 -0.97095 0.0137756 -0.999883 -0.00656433
-0.322059 22.6814 -2.1669 0.0139905 -0.999902 -0.000756768
-0.393431 22.6812 -3.30543 0.0144641 -0.999895 -0.00127653
-0.260485 22.6902 -4.44924 0.0147981 -0.999858 -0.00801426
0.936587 22.7116 -4.67037 0.0174249 -0.999833 -0.00547788
2.10302 22.7444 -4.68675 0.0321849 -0.999475 -0.0035946
3.48172 22.8096 -4.64252 0.0576277 -0.998336 2.10466e-05
4.93596 22.9085 -4.73024 0.0767708 -0.997048 -0.000693514
6.0662 23.01 -4.72353 0.109456 -0.993702 0.013803
7.20205 23.1734 -4.6742 0.185232 -0.982303 0.027076
8.32669 23.4302 -4.68117 0.24812 -0.968295 0.0289166
9.39949 23.753 -4.65431 0.321769 -0.946556 0.0209826
10.4689 24.1502 -4.38124 0.359995 -0.932652 0.0237487
10.5437 24.206 -3.04739 0.358483 -0.933472 0.0109196
10.5626 24.2237 -1.87768 0.360124 -0.932861 0.00895886
10.577 24.2362 -0.768084 0.372192 -0.928075 0.00510512
10.5324 24.2337 0.453491 0.364868 -0.930945 0.0145699
10.4861 24.2165 1.6223 0.368712 -0.92953 -0.00350582
10.4897 24.2146 2.79805 0.378499 -0.925597 -0.0030805
10.4903 24.2081 4.11238 0.372303 -0.928047 -0.0109032
10.4811 24.2015 4.34438 0.36606 -0.93052 -0.00205036
11.5383 24.6427 4.36942 0.399002 -0.916931 -0.00585087
11.4288 24.5808 5.46236 0.400017 -0.916247 -0.0213726
10.2622 24.0993 5.66149 0.373116 -0.927234 -0.0250261
9.05572 23.6865 5.69483 0.296505 -0.954782 -0.0205872
7.85293 23.3531 5.69827 0.263175 -0.96358 -0.0436162
6.5929 23.0892 5.74141 0.155678 -0.987471 -0.0187114
5.45222 22.9462 5.74876 0.102117 -0.994613 -0.0110885
4.33049 22.8579 5.69026 0.071481 -0.997386 -0.0105412
2.92116 22.7749 5.69983 0.0518052 -0.998647 -0.00136051
1.33217 22.7089 5.65912 0.0314491 -0.99949 0.00435259
0.15144 22.6786 5.69983 0.0198007 -0.999793 0.00351322
-0.988887 22.6609 5.57252 0.00642598 -0.999953 0.00720915
-1.48626 22.6508 4.63861 0.00281725 -0.99998 0.0056209
-1.47629 22.6463 3.42809 0.0121285 -0.999911 0.00535769
-1.40951 22.6444 2.03538 0.0134736 -0.999907 0.00187666
-1.45334 22.6492 0.652281 0.0113606 -0.999859 -0.0123563
-1.39253 22.6651 -0.693299 0.00734261 -0.999959 -0.00533626
-1.37949 22.6719 -1.89811 -0.000410469 -0.999995 -0.00321495
-1.47834 22.6724 -3.18593 0.00116797 -0.999998 0.00162312
-1.44353 22.6767 -4.34354 0.0066696 -0.999956 -0.0063319
-1.27038 22.6901 -5.56939 0.00900303 -0.999903 -0.0106407
0.0358666 22.7034 -5.7156 0.00414418 -0.999948 -0.00756121
1.20066 22.7213 -5.75436 0.0212002 -0.999767 0.00145683
2.37771 22.7556 -5.73014 0.0348349 -0.999377 0.00109674
3.61844 22.8147 -5.70547 0.0567614 -0.99838 0.00387481
5.0452 22.9108 -5.79197 0.0783664 -0.996908 0.00567105
6.41294 23.0332 -5.75867 0.10619 -0.994198 0.0136323
7.67177 23.2379 -5.72625 0.211854 -0.975568 0.0516318
9.07761 23.6191 -5.72536 0.310025 -0.949878 0.0402034
10.3281 24.0631 -5.72771 0.352405 -0.935042 0.038459
11.4528 24.5112 -5.62164 0.385409 -0.922315 0.0281884
11.6041 24.6047 -4.47643 0.389861 -0.920547 0.0245066
11.5255 24.6006 -3.2971 0.386101 -0.922313 0.0154577
11.5561 24.6253 -2.10042 0.394384 -0.918848 0.0104253
11.5464 24.6375 -0.965067 0.388381 -0.921468 0.00733729
11.531 24.6374 0.199625 0.378884 -0.925439 0.00294953
11.4824 24.6213 1.56791 0.381017 -0.924567 -0.000354631
11.4695 24.6172 2.76638 0.387345 -0.921896 0.00192957
11.5255 24.6402 3.89095 0.387076 -0.922024 -0.00530302
11.5266 24.6404 3.92797 0.394805 -0.918734 -0.00597311
12.4989 25.065 3.87777 0.406039 -0.913845 -0.00445127
12.498 25.054 5.13703 0.407506 -0.913084 -0.014693
12.416 24.9908 6.47303 0.411753 -0.910999 -0.0232447
11.3644 24.5116 6.73851 0.421805 -0.906063 -0.0265781
10.3353 24.0808 6.78057 0.354352 -0.933178 -0.0600972
9.27835 23.7049 6.76545 0.344842 -0.934386 -0.0880169
8.14865 23.3634 6.78208 0.236098 -0.961617 -0.131304
7.06029 23.1534 6.80281 0.194214 -0.979855 -0.0465312
5.62209 22.9398 6.79613 0.101387 -0.993982 -0.0406471
4.52008 22.8562 6.7554 0.0688755 -0.997317 -0.0247996
3.20071 22.7819 6.77757 0.047964 -0.998815 -0.00569696
2.09726 22.7365 6.75508 0.0388593 -0.999241 -0.00173692
0.957379 22.6993 6.75237 0.0231791 -0.999721 -0.000499695
-0.570195 22.6728 6.77127 0.0196959 -0.999766 0.00108043
-1.70136 22.6684 6.72383 -0.00739796 -0.99993 0.00884656
-2.42323 22.6615 6.11674 0.00293109 -0.999818 0.0187424
-2.51283 22.6474 4.94971 0.00524454 -0.999977 0.00284439
-2.50726 22.6363 3.56323 0.0104751 -0.999873 0.0119854
-2.49425 22.6238 2.08978 0.0268599 -0.999635 0.00288214
-2.51264 22.6499 0.799366 -0.0094889 -0.99991 -0.00944742
-2.50888 22.6657 -0.405775 -0.00659784 -0.999865 -0.0150353
-2.43623 22.6781 -1.73684 -0.0116048 -0.999928 -0.00255492
-2.5299 22.6711 -2.98417 0.00561873 -0.999972 0.00498038
-2.49676 22.667 -4.23273 0.00853592 -0.999962 0.00142454
-2.47373 22.6718 -5.34643 0.018784 -0.999771 -0.0101977
-2.39484 22.6901 -6.47248 0.0129538 -0.99974 -0.0187302
-1.33723 22.7061 -6.7691 0.00755687 -0.999813 -0.0174761
-0.159883 22.7065 -6.812 -0.0104231 -0.999923 0.000955878
1.04966 22.7093 -6.81183 0.0207477 -0.999609 0.0187334
2.2711 22.7443 -6.81004 0.0381961 -0.999215 0.0104859
3.73589 22.8189 -6.77076 0.0692235 -0.997596 -0.00228882
4.95142 22.898 -6.83102 0.0512647 -0.998607 -0.00374171
6.26199 22.9883 -6.81355 0.0864753 -0.995192 0.0457742
7.44162 23.1233 -6.80375 0.132983 -0.987019 0.0899474
8.59996 23.4061 -6.83499 0.322584 -0.945164 0.0508819
9.96086 23.8821 -6.79748 0.335512 -0.941216 0.0391871
11.2337 24.3794 -6.82204 0.383767 -0.922748 0.0354651
12.5114 24.9339 -6.62083 0.400883 -0.915863 0.0220217
12.6263 25.011 -5.50833 0.3936 -0.918873 0.027415
12.562 25.0182 -4.38105 0.399481 -0.916422 0.0242064
12.5013 25.0244 -3.24769 0.415996 -0.909147 0.019983
12.518 25.0479 -2.1313 0.405129 -0.914202 0.0102093
12.5128 25.0528 -0.932558 0.397001 -0.917806 -0.00172202
12.5169 25.0474 0.394577 0.383655 -0.923467 -0.00425895
12.4742 25.034 1.64344 0.387966 -0.921286 0.0217944
12.4639 25.0496 2.95974 0.404392 -0.914544 0.00803835
12.4923 25.0633 3.61115 0.40606 -0.913838 -0.00394785
