36.2599 19.7221 -3.52818 -0.952433 -0.303964 0.0187687
36.23 19.8073 -2.42321 -0.952855 -0.302769 -0.0199043
36.1839 19.9053 -1.55561 -0.944083 -0.329213 -8.57767e-05
36.1787 19.9134 -0.632719 -0.945365 -0.324936 0.000437463
36.2196 19.8086 0.304529 -0.944191 -0.325916 0.0460431
36.2938 19.6772 1.15989 -0.955059 -0.296366 -0.00192044
36.2876 19.6797 2.3131 -0.940671 -0.339195 -0.000846058
36.3407 19.6126 3.29121 -0.955672 -0.292591 0.0328626
36.1152 20.3214 3.61885 -0.917992 -0.391027 0.0370399
36.0204 20.4199 2.71748 -0.939405 -0.342665 0.00986464
36.0212 20.3865 1.76718 -0.936811 -0.349586 0.0131682
35.9966 20.4338 0.858631 -0.91244 -0.406699 0.0191577
35.8985 20.6037 -0.00894698 -0.904581 -0.425983 -0.0160845
35.9038 20.6796 -0.906845 -0.938633 -0.341073 -0.0505
35.9041 20.6189 -1.84368 -0.921446 -0.379918 0.0382372
35.9582 20.5163 -2.81497 -0.913573 -0.406671 -0.00187748
35.979 20.4676 -3.44514 -0.923064 -0.384529 -0.00926335
35.615 21.1747 -3.48696 -0.864019 -0.503201 -0.0145367
35.5439 21.2797 -2.3507 -0.83389 -0.550912 0.0331811
35.5657 21.3682 -1.43936 -0.83249 -0.5448 0.0772732
35.5204 21.3707 -0.407274 -0.89146 -0.452265 -0.0108334
35.6038 21.2055 0.485064 -0.897662 -0.44005 -0.0185475
35.711 21.0525 1.57275 -0.879026 -0.473029 0.0517246
35.6751 21.1507 2.59951 -0.873292 -0.486796 0.00366764
35.747 21.0534 3.49397 -0.85953 -0.510276 0.0219777
35.3116 21.7551 3.35298 -0.785321 -0.618324 0.0269812
35.2988 21.7625 2.20352 -0.782877 -0.620948 -0.0211176
35.3137 21.7293 1.19731 -0.8271 -0.561112 0.0137857
35.1485 21.9307 0.298702 -0.802084 -0.597016 0.00574968
35.0406 22.0395 -0.589158 -0.76459 -0.643352 0.036133
35.0544 21.9669 -1.72217 -0.762446 -0.64629 0.0288962
35.0996 21.9094 -2.72162 -0.777582 -0.628208 -0.0267439
35.1569 21.8509 -3.57961 -0.798627 -0.601811 -0.00256763
34.6237 22.4881 -3.21802 -0.757673 -0.652451 -0.0131649
34.5234 22.5728 -2.1768 -0.709777 -0.703641 -0.0280891
34.5344 22.5469 -1.16061 -0.722484 -0.690044 0.0339787
34.4735 22.6415 -0.276555 -0.686345 -0.726697 0.027342
34.6976 22.4535 0.650227 -0.709236 -0.704816 0.0133292
34.871 22.2635 1.66778 -0.729005 -0.684089 -0.0233761
34.7218 22.4024 2.72132 -0.749063 -0.662482 -0.00147264
34.8396 22.3228 3.49184 -0.742465 -0.665359 0.0774807
34.3121 22.8323 3.50521 -0.655038 -0.752892 0.0577739
34.2031 22.9297 2.62804 -0.681788 -0.730695 -0.0210545
34.3278 22.8248 1.53158 -0.703275 -0.710607 -0.0210015
34.0252 23.0777 0.689933 -0.616625 -0.786415 0.0363863
33.9038 23.1426 -0.365261 -0.611939 -0.790825 -0.00251172
33.9618 23.0698 -1.42109 -0.653471 -0.756825 0.0137553
33.8933 23.1397 -2.38579 -0.636803 -0.770666 -0.0174979
34.0874 23.0226 -3.29388 -0.625769 -0.779716 -0.018884
33.2504 23.6083 -3.59393 -0.544442 -0.837117 0.0326097
33.2504 23.6192 -2.45062 -0.571117 -0.82082 -0.000852432
33.2504 23.6205 -1.56853 -0.585955 -0.810322 0.00499802
33.2504 23.6032 -0.592001 -0.545923 -0.837067 -0.0355565
33.2504 23.5691 0.311771 -0.482038 -0.875029 -0.0250682
33.2504 23.6309 1.39909 -0.482242 -0.874491 0.0516265
33.2504 23.6226 2.46132 -0.473362 -0.87891 -0.0577094
33.2504 23.6109 3.52131 -0.507762 -0.860962 0.0136802
32.3941 24.068 3.51424 -0.422869 -0.905962 0.0191212
32.405 24.048 2.59358 -0.402151 -0.915332 0.0193673
32.3921 24.042 1.58751 -0.410107 -0.911991 0.00227333
32.5723 23.9566 0.572116 -0.454152 -0.890851 0.0082936
32.4884 24.0043 -0.404179 -0.431484 -0.901912 -0.0128166
32.5897 23.9741 -1.30023 -0.431924 -0.901845 -0.0107614
32.5415 24.0185 -2.19144 -0.466509 -0.884352 -0.0151381
32.5098 24.0442 -3.32667 -0.461818 -0.886773 0.0075367
32.4267 24.07 -3.66171 -0.410514 -0.911572 0.0163787
31.7256 24.3713 -3.3383 -0.364202 -0.931199 0.0141141
31.7748 24.366 -2.39127 -0.347191 -0.937512 -0.00352052
31.8865 24.3071 -1.47628 -0.411404 -0.910872 -0.0272409
31.7924 24.3049 -0.556876 -0.36999 -0.928955 -0.006971
31.8385 24.285 0.438421 -0.391121 -0.920326 -0.00101159
31.6814 24.3552 1.41176 -0.315529 -0.948855 0.0092853
31.583 24.3907 2.30079 -0.335853 -0.941117 0.0182026
31.6099 24.4026 3.17872 -0.381276 -0.924456 0.00260592
31.646 24.3883 3.61639 -0.359087 -0.932841 0.0148114
30.8727 24.6442 3.3303 -0.282741 -0.95902 -0.00707128
30.8092 24.6552 2.15472 -0.317125 -0.948063 0.0244953
30.9299 24.601 1.20699 -0.291932 -0.956154 -0.0144253
31.0659 24.5686 0.315921 -0.304349 -0.952529 0.00775074
31.0792 24.5721 -0.613906 -0.325199 -0.945447 -0.0189319
31.1052 24.5738 -1.54479 -0.318795 -0.947779 -0.00905246
30.9948 24.6215 -2.7164 -0.287145 -0.957865 -0.00655742
30.9815 24.6274 -3.30944 -0.291108 -0.956673 -0.00397524
36.5825 18.1983 -3.18273 -0.989038 -0.146741 0.0153399
36.5889 18.2141 -2.01925 -0.986987 -0.159799 -0.00956934
36.6041 18.2557 -0.888534 -0.982906 -0.179108 0.0412573
36.6186 18.2277 0.352963 -0.988389 -0.151893 -0.00187444
36.5996 18.2414 1.52048 -0.987677 -0.156333 -0.0074166
36.6139 18.2652 2.609 -0.984486 -0.16869 0.048158
36.6766 18.2866 3.76421 -0.985431 -0.158885 0.0606402
36.6386 18.6923 4.66346 -0.978862 -0.19807 0.0414947
36.3392 19.7642 4.73114 -0.948621 -0.310921 0.0586931
35.8068 21.0416 4.68228 -0.885993 -0.461821 0.0255669
35.1959 21.9837 4.61155 -0.781986 -0.62195 0.0404843
34.221 22.9697 4.63536 -0.656826 -0.752975 0.0341586
33.2048 23.6739 4.62701 -0.497659 -0.866698 0.0341707
32.1672 24.19 4.67229 -0.389964 -0.920438 0.0267205
31.0438 24.6157 4.6861 -0.285121 -0.958115 0.0266626
29.7212 24.9727 4.53744 -0.233227 -0.972149 0.0180699
29.4266 25.0347 3.49061 -0.223205 -0.974754 0.00418683
29.4306 25.0171 2.35013 -0.222771 -0.974762 0.0109738
29.4566 25.0021 1.11249 -0.228633 -0.97339 -0.00250665
29.5328 24.9915 -0.266623 -0.204182 -0.978899 0.00368668
29.5274 24.982 -1.3571 -0.223248 -0.97462 -0.0166187
29.5244 24.9967 -2.523 -0.216956 -0.976179 -0.00209113
29.4438 25.0226 -3.77909 -0.222214 -0.974901 -0.0122327
29.9105 24.9219 -4.61399 -0.231848 -0.972536 -0.020366
31.1141 24.5933 -4.69014 -0.319153 -0.947008 0.00832347
32.2827 24.1315 -4.71864 -0.431119 -0.901595 -0.029958
33.3962 23.5163 -4.71608 -0.550936 -0.832961 -0.00139529
34.3516 22.7703 -4.6439 -0.669359 -0.740579 -0.00539759
35.1328 21.9606 -4.73199 -0.76424 -0.638476 -0.074023
35.7829 20.9546 -4.71252 -0.892384 -0.449683 -0.0378738
36.2585 19.7567 -4.65938 -0.964546 -0.260061 -0.0296079
36.5239 18.5108 -4.60024 -0.988232 -0.152499 -0.00889956
36.5758 18.2056 -3.52584 -0.988282 -0.152058 0.013333
36.5792 18.1977 -3.36313 -0.988257 -0.151947 0.0159161
36.7069 17.1371 -3.40583 -0.994655 -0.102795 0.00926401
36.6976 17.1334 -4.59497 -0.995346 -0.0963664 -0.00015987
36.6743 17.4447 -5.64045 -0.995113 -0.090752 -0.0375802
36.522 18.7017 -5.7795 -0.981647 -0.179492 -0.0640915
36.2784 19.8701 -5.71349 -0.971709 -0.224991 -0.0716359
35.8195 21.0021 -5.77899 -0.877571 -0.472672 -0.0704558
35.1894 21.9558 -5.78242 -0.79109 -0.611093 -0.0254742
34.4206 22.7626 -5.71378 -0.670856 -0.733978 -0.0996616
33.4557 23.4929 -5.76665 -0.565365 -0.820458 -0.0841055
32.4538 24.0769 -5.78956 -0.444574 -0.89056 -0.095552
31.2974 24.547 -5.75863 -0.342312 -0.938821 -0.0377117
30.1114 24.9024 -5.74047 -0.236737 -0.971124 -0.0295471
29.0124 25.1649 -5.68286 -0.212358 -0.976136 -0.0429358
28.3867 25.2676 -4.88314 -0.198221 -0.979675 -0.0307295
28.3798 25.2402 -3.66639 -0.195889 -0.980536 -0.0132676
28.4611 25.2148 -2.55074 -0.192237 -0.981332 -0.00567011
28.4859 25.2045 -1.16681 -0.180562 -0.983557 -0.00353509
28.4444 25.2128 0.062409 -0.183307 -0.983029 -0.00590062
28.3948 25.2217 1.38338 -0.189256 -0.981848 0.0124557
28.3878 25.2348 2.54861 -0.184864 -0.982691 0.0114331
28.3768 25.2517 3.88251 -0.17938 -0.983778 -0.00102531
28.4711 25.2409 4.96127 -0.189819 -0.981748 0.0114728
29.0821 25.132 5.67705 -0.213581 -0.976545 0.0226085
30.2201 24.8646 5.7337 -0.254676 -0.96702 -0.00028065
31.3005 24.5443 5.75588 -0.336938 -0.941208 0.016765
32.4721 24.0974 5.68495 -0.409787 -0.910093 0.0615734
33.5946 23.511 5.70584 -0.494738 -0.864894 0.0838417
34.5667 22.741 5.67464 -0.703474 -0.706698 0.0659615
35.4512 21.6898 5.68792 -0.781588 -0.617132 0.0689697
36.0399 20.6783 5.76322 -0.890039 -0.451336 0.0478756
36.5291 19.3278 5.77428 -0.957953 -0.284418 0.0376711
36.7435 18.0909 5.74366 -0.991361 -0.129418 0.0212913
36.827 17.2265 5.24204 -0.997384 -0.0702381 -0.0152712
36.8221 17.2177 4.08554 -0.995752 -0.0873423 0.027843
36.7924 17.2167 2.94626 -0.99344 -0.101774 0.0519251
36.759 17.191 1.85044 -0.99199 -0.122672 0.0262217
36.7555 17.1788 0.758099 -0.992857 -0.118782 0.00809852
36.7514 17.1939 -0.473059 -0.993093 -0.116413 0.0118469
36.7196 17.1852 -1.78443 -0.995272 -0.0947666 0.0211195
36.7186 17.1239 -2.90968 -0.994693 -0.0993039 0.0268835
36.7081 17.1353 -3.25981 -0.994922 -0.0986493 0.0171498
36.7884 16.0729 -3.09898 -0.998354 -0.0553285 0.0149836
36.7703 16.0776 -4.48888 -0.999039 -0.0413577 0.0145122
36.7466 16.0654 -5.58226 -0.999376 -0.0224818 0.02679
36.7347 16.1888 -6.68485 -0.999765 0.0155091 -0.0068497
36.7039 17.3385 -6.76901 -0.99832 -0.0475745 -0.0326466
36.6268 18.4142 -6.82589 -0.986876 -0.121773 -0.105993
36.4555 19.4821 -6.79265 -0.977213 -0.180998 -0.110876
36.0845 20.6687 -6.80823 -0.911533 -0.402465 -0.0843446
35.5585 21.6127 -6.85329 -0.791084 -0.5991 -0.123533
34.6722 22.6948 -6.76683 -0.732399 -0.668061 -0.122004
33.7474 23.42 -6.82162 -0.53691 -0.837424 -0.10216
32.7326 24.0453 -6.86777 -0.49204 -0.861534 -0.125125
31.4994 24.5585 -6.80069 -0.334016 -0.937604 -0.0930391
30.2611 24.9299 -6.82698 -0.2521 -0.965602 -0.0637042
28.9459 25.2344 -6.78562 -0.190173 -0.980229 -0.0544124
27.7571 25.4414 -6.74091 -0.149786 -0.987804 -0.0383665
27.4346 25.4637 -5.61972 -0.178606 -0.983747 -0.0184273
27.3463 25.4578 -4.54192 -0.178985 -0.983665 -0.0191564
27.3622 25.4322 -3.40858 -0.162205 -0.986656 -0.0141454
27.3866 25.4145 -2.25058 -0.169807 -0.985439 -0.00773992
27.3867 25.4041 -1.07164 -0.178037 -0.983999 -0.00686232
27.3542 25.4137 0.0122399 -0.176284 -0.984337 0.00191326
27.3526 25.4135 1.1876 -0.178079 -0.984012 0.000610605
27.353 25.4208 2.43107 -0.166297 -0.986075 0.0007039
27.2915 25.4347 3.62123 -0.162049 -0.986769 0.00507966
27.3887 25.4292 4.83187 -0.1636 -0.986438 0.0129362
27.3887 25.4523 6.04646 -0.16105 -0.986724 0.020957
28.0835 25.3566 6.78252 -0.157692 -0.98706 0.0287369
29.2487 25.1218 6.77919 -0.234901 -0.971113 0.041957
30.4133 24.8428 6.81482 -0.254199 -0.966088 0.0383624
31.4555 24.5477 6.80342 -0.301848 -0.949262 0.0843575
32.6539 24.0947 6.73774 -0.4231 -0.89895 0.113332
33.623 23.6157 6.75485 -0.491568 -0.856411 0.155369
34.6924 22.7734 6.73855 -0.658229 -0.73899 0.142416
35.5075 21.8089 6.76169 -0.81399 -0.563726 0.139512
36.1517 20.7459 6.79076 -0.900629 -0.392148 0.166126
36.5198 19.7144 6.81096 -0.940202 -0.319509 0.116484
36.7478 18.5143 6.79263 -0.990861 -0.100179 0.0903301
36.8298 17.4148 6.76834 -0.998826 -0.0410412 0.0231827
36.859 16.2142 6.61638 -0.999915 -0.00961749 0.00545219
36.8722 16.0869 5.3775 -0.999502 -0.0283009 -0.0138846
36.8842 16.1364 4.17374 -0.999017 -0.0437018 -0.00543162
36.8793 16.1307 3.02635 -0.99822 -0.0574463 0.0153422
36.8602 16.0998 1.79248 -0.996866 -0.0784542 0.00199546
36.8545 16.1163 0.462429 -0.997586 -0.068508 0.00975744
36.8313 16.1317 -0.764883 -0.997777 -0.0625154 0.023056
36.805 16.1022 -1.89353 -0.997656 -0.0675547 0.0108698
36.7904 16.0682 -2.99545 -0.998298 -0.0556626 0.0173573
