8.64149 24.0565 -3.30908 0.312273 -0.949834 0.0156809
8.65063 24.0807 -2.39738 0.276624 -0.96062 0.0200612
8.55083 24.0642 -1.52375 0.289283 -0.957053 0.0165862
8.4222 24.0353 -0.639494 0.29172 -0.956332 0.0145302
8.39215 24.0365 0.194727 0.283057 -0.959086 0.00572339
8.45771 24.0601 1.07857 0.276939 -0.960599 -0.0133261
8.48786 24.0409 1.9968 0.313839 -0.949027 -0.0289081
8.49311 24.0221 2.84722 0.281267 -0.959593 -0.00164651
8.47654 24.0151 3.26685 0.257501 -0.9661 0.0185213
7.66501 23.8141 3.56239 0.231623 -0.972729 0.011991
7.73392 23.8213 2.63553 0.19859 -0.980034 0.00766865
7.72957 23.8457 1.62129 0.246676 -0.968535 -0.0168997
7.64694 23.8239 0.686897 0.242562 -0.970004 0.00441242
7.61154 23.8179 -0.486075 0.225692 -0.973916 -0.00471354
7.75114 23.8509 -1.39075 0.225824 -0.973696 0.0169975
7.87045 23.8581 -2.46294 0.228331 -0.973297 0.0234204
7.89151 23.8395 -3.38583 0.241075 -0.970397 0.0120722
7.10874 23.6592 -3.49589 0.202392 -0.978834 0.0300166
7.09186 23.6829 -2.58014 0.206379 -0.978232 0.0216611
6.98158 23.679 -1.7502 0.184779 -0.982619 0.0166102
6.82898 23.6584 -0.783608 0.182654 -0.983071 -0.0143541
6.83676 23.6454 0.14403 0.185221 -0.9826 -0.0127586
6.91742 23.6677 1.07492 0.19001 -0.981641 -0.00380972
6.94872 23.6594 1.91498 0.200341 -0.979563 -0.00439498
6.9246 23.6615 2.86332 0.187413 -0.98226 -0.0011537
6.89496 23.645 3.54624 0.184211 -0.982725 -0.0165041
6.10319 23.5085 3.60152 0.166215 -0.986025 -0.0110228
6.12633 23.5199 2.75035 0.170871 -0.985242 -0.0100696
6.17205 23.5297 1.66876 0.157898 -0.987393 0.0110618
6.13878 23.5223 0.715743 0.130761 -0.991402 -0.00451057
6.01993 23.5174 -0.215892 0.159275 -0.986874 -0.0244253
6.08551 23.5362 -1.27538 0.148994 -0.988599 0.0148232
6.19276 23.5297 -2.29024 0.148174 -0.988587 0.0205182
6.31876 23.5336 -3.39755 0.131046 -0.991305 0.0102764
6.31499 23.5301 -3.59215 0.128972 -0.991496 0.0172473
5.36042 23.416 -3.64987 0.101215 -0.994822 0.0090282
5.30597 23.4148 -2.68102 0.1025 -0.994731 0.00173876
5.31781 23.4199 -1.56927 0.111507 -0.993751 0.00129662
5.29428 23.4269 -0.589175 0.108421 -0.994074 0.00619044
5.36311 23.4253 0.425891 0.103723 -0.994555 -0.00945328
5.31444 23.4149 1.28748 0.118033 -0.992882 -0.00633012
5.34651 23.4152 2.13989 0.134233 -0.990872 -0.0120829
5.33501 23.4103 3.00486 0.122093 -0.992513 -0.00119603
5.33063 23.4082 3.45783 0.119485 -0.992832 -0.00260846
4.55185 23.3328 3.40712 0.0856029 -0.996319 0.00143051
4.54486 23.33 2.36717 0.0825144 -0.996582 -0.00347937
4.52573 23.3324 1.44592 0.10216 -0.994697 -0.011718
4.51718 23.3407 0.525143 0.0852924 -0.996342 -0.00522122
4.54891 23.3444 -0.479712 0.099755 -0.994936 0.00487838
4.54891 23.3387 -1.52107 0.104978 -0.994441 0.008141
4.54925 23.3426 -2.4924 0.0902009 -0.995899 -0.00676542
4.41436 23.327 -3.40963 0.0827661 -0.996553 6.12088e-05
4.41627 23.3269 -3.49885 0.0811934 -0.99665 0.00921038
3.57423 23.2608 -3.52111 0.0747204 -0.997153 0.00975219
3.53017 23.2573 -2.70098 0.0768002 -0.997042 -0.00272903
3.73898 23.2724 -1.79379 0.0778147 -0.996967 -0.000854849
3.62327 23.2636 -0.865613 0.0826579 -0.99657 0.00312382
3.62582 23.2674 0.137174 0.0776913 -0.99696 -0.00110243
3.67374 23.2675 0.998206 0.066167 -0.997799 -0.00225456
3.78023 23.2698 1.9225 0.0663386 -0.997794 -0.00191781
3.74939 23.2668 2.95181 0.0728566 -0.997342 -0.000723203
3.78099 23.2698 3.42343 0.0762602 -0.997084 -0.000201788
2.98633 23.2148 3.39313 0.0593214 -0.998231 -0.0040405
2.95901 23.2184 2.30692 0.0618043 -0.99807 -0.0060685
2.93093 23.2175 1.32727 0.0652008 -0.997852 -0.00623329
2.8115 23.2126 0.282034 0.061033 -0.998134 -0.0015975
2.77429 23.2065 -0.567133 0.0639807 -0.997929 0.00455322
2.84237 23.2092 -1.46047 0.0694571 -0.997585 -0.000538801
2.79407 23.2057 -2.2936 0.0650788 -0.997872 0.00242083
2.72514 23.2017 -3.14672 0.0632446 -0.997977 -9.9782e-06
2.80202 23.2061 -3.50811 0.0549783 -0.998486 0.000239026
2.01635 23.1662 -3.56229 0.0473165 -0.998878 -0.00131395
1.95215 23.1616 -2.5184 0.0479819 -0.998843 -0.000518753
1.99558 23.165 -1.55045 0.0475608 -0.998863 0.00277625
1.96818 23.1624 -0.650913 0.0480602 -0.99883 -0.00104363
2.01645 23.1638 0.357371 0.0604855 -0.998166 -0.00238876
2.1142 23.1684 1.19039 0.0492588 -0.998785 -0.000718992
2.17003 23.1721 2.0973 0.0552838 -0.99847 0.000573129
2.18227 23.1707 3.1078 0.0501383 -0.99874 -0.00166892
2.19115 23.1704 3.64204 0.0483531 -0.998813 -0.00586618
1.38996 23.1341 3.46097 0.0407939 -0.999165 -0.00210873
1.35913 23.1323 2.60091 0.0425944 -0.999092 -0.0003224
1.36032 23.1329 1.58892 0.0401022 -0.999194 -0.00016687
1.249 23.1278 0.666831 0.039326 -0.999208 -0.0037065
1.16514 23.1281 -0.316363 0.0411099 -0.999151 -0.00247658
1.14448 23.1286 -1.23348 0.0421899 -0.999109 -0.00125475
1.15234 23.1277 -2.46083 0.0359522 -0.999352 -0.00130697
1.19363 23.1301 -3.36262 0.0378264 -0.99928 -0.00133301
3.10456 23.225 -4.69845 0.0555212 -0.998447 -0.000618677
4.23443 23.3025 -4.69911 0.0763298 -0.997082 -0.000481695
5.37236 23.4032 -4.72494 0.0979464 -0.995084 0.0146434
6.50142 23.5324 -4.70939 0.145112 -0.988512 0.03997
7.62702 23.7541 -4.65598 0.240097 -0.970308 0.0241057
8.87377 24.1082 -4.64879 0.315332 -0.948907 0.0113693
9.88549 24.4781 -4.54486 0.365617 -0.930533 0.018587
10.1201 24.5945 -3.4887 0.371908 -0.928164 -0.00962194
10.0961 24.6008 -2.11573 0.374825 -0.926897 0.0188233
10.1057 24.6173 -0.96162 0.370506 -0.928801 -0.00198526
10.0613 24.6145 0.205297 0.36988 -0.92879 0.0230421
10.0276 24.6112 1.34659 0.359858 -0.93285 -0.0167856
10.0387 24.5972 2.65476 0.382688 -0.923834 -0.00849597
10.0024 24.5905 3.78433 0.35993 -0.932956 0.00663533
9.45388 24.362 4.63693 0.33977 -0.939996 -0.0231015
8.14617 23.937 4.64234 0.280672 -0.959773 -0.00747815
7.08553 23.6665 4.6535 0.191224 -0.981339 -0.0175968
6.0163 23.4861 4.67915 0.151174 -0.98837 -0.0156134
4.63889 23.335 4.66214 0.0812862 -0.996646 -0.00919286
3.45856 23.2411 4.685 0.0776987 -0.996966 -0.00467027
2.32377 23.1711 4.7171 0.0506096 -0.998701 -0.00434406
1.05152 23.1187 4.67295 0.039145 -0.999229 0.00265235
-0.139181 23.0758 4.45982 0.0268765 -0.999626 0.00333562
-0.3111 23.0732 3.27186 0.0290603 -0.999574 -0.00227744
-0.31934 23.0724 2.1748 0.0311145 -0.999516 9.26752e-05
-0.317418 23.0746 0.919447 0.0306115 -0.999527 -0.00285274
-0.3314 23.0787 -0.220481 0.0251467 -0.999665 -0.00548039
-0.337402 23.0832 -1.44094 0.0264005 -0.999646 -0.00312319
-0.299342 23.0844 -2.64302 0.0267429 -0.999641 -0.000704116
-0.360575 23.0862 -3.74899 0.0273384 -0.999605 -0.00653357
0.129069 23.1055 -4.62266 0.0247473 -0.999672 -0.00630483
1.37862 23.1426 -4.66239 0.0362913 -0.999337 -0.00271284
2.54249 23.1944 -4.69101 0.049255 -0.998786 0.000427171
2.75111 23.2048 -4.68634 0.053452 -0.99856 0.00183773
2.74148 23.2037 -5.74811 0.0538248 -0.998548 0.00204956
1.37061 23.1438 -5.73793 0.0380009 -0.999275 -0.00170104
0.205257 23.1129 -5.74312 0.0235453 -0.999716 -0.00300674
-1.0552 23.09 -5.63477 0.0166168 -0.999769 -0.0136226
-1.41094 23.0708 -4.53904 0.0188425 -0.99978 -0.00916418
-1.40667 23.0622 -3.36486 0.0184366 -0.999822 -0.00320361
-1.36584 23.0611 -2.18833 0.0167485 -0.999858 -0.00195376
-1.39912 23.0571 -0.839885 0.0140273 -0.99988 -0.00632355
-1.34602 23.0499 0.397315 0.0224997 -0.99972 -0.00734141
-1.39757 23.0415 1.53013 0.0275518 -0.999613 -0.00353651
-1.349 23.0406 2.67658 0.0338488 -0.999425 0.00196555
-1.36956 23.046 3.84734 0.0240143 -0.999674 0.00861987
-1.2945 23.0578 4.96948 0.0181806 -0.999747 0.0132083
-0.704853 23.0796 5.69652 0.0192709 -0.999695 0.0154175
0.448937 23.1064 5.7356 0.0264668 -0.999527 0.0156249
1.7248 23.1514 5.77 0.0367809 -0.999281 0.00917282
3.0031 23.2121 5.73409 0.0542996 -0.998519 -0.00347156
4.43448 23.3085 5.71972 0.0771827 -0.996971 -0.00942501
5.58599 23.4221 5.71465 0.120803 -0.992608 -0.0116347
6.77617 23.5952 5.71434 0.185915 -0.982434 -0.00578014
7.87261 23.8424 5.69638 0.278612 -0.958324 -0.0585795
9.08655 24.2032 5.75262 0.313661 -0.948832 -0.0361182
10.4087 24.7041 5.68402 0.39214 -0.918896 -0.039044
10.9587 24.9638 4.90402 0.405483 -0.914004 -0.0134282
11.0069 25.003 3.51879 0.406482 -0.913614 -0.00860431
11.0333 25.0225 2.41254 0.39016 -0.920718 -0.0057354
10.9929 25.0061 1.20985 0.398927 -0.916982 -0.000154212
11.0527 25.0263 -0.113137 0.403487 -0.914954 0.00725928
11.0794 25.0258 -1.52967 0.412335 -0.910916 0.0141728
11.072 25.006 -2.70146 0.407992 -0.912952 0.00741651
11.0906 24.9944 -3.88601 0.400196 -0.916047 0.0264583
11.0754 24.9559 -5.05121 0.394293 -0.918537 0.0285785
10.4875 24.693 -5.70888 0.379826 -0.923967 0.0449115
9.37455 24.2591 -5.70656 0.341657 -0.939102 0.0361278
8.21364 23.8818 -5.73148 0.265091 -0.963676 0.0324146
6.99612 23.582 -5.75958 0.198238 -0.978487 0.0459761
5.86794 23.4265 -5.78329 0.100131 -0.99442 0.0322203
4.7181 23.3289 -5.78615 0.0754001 -0.99706 0.0136158
3.62164 23.2534 -5.75996 0.0655793 -0.997821 0.00721797
3.1844 23.2278 -5.74181 0.0561995 -0.998416 0.00151787
3.07173 23.2155 -6.82197 0.0584034 -0.998273 0.00576264
1.962 23.1575 -6.84157 0.0477952 -0.998755 0.0137913
0.762437 23.1173 -6.80421 0.012308 -0.999645 0.0112853
-0.384001 23.1156 -6.82769 -0.0017571 -0.999878 -0.0140681
-1.49644 23.1054 -6.7918 0.0126521 -0.999633 -0.0239323
-2.39959 23.0768 -6.32462 0.0227693 -0.999443 -0.024253
-2.42771 23.0541 -5.24886 0.0251564 -0.999603 -0.0122322
-2.45968 23.0436 -4.05774 0.0224947 -0.999719 -0.00165493
-2.42934 23.045 -2.87921 0.0127763 -0.999893 0.00422662
-2.40526 23.0503 -1.77654 -0.000825193 -0.999997 -0.000281288
-2.45104 23.0455 -0.661256 0.00308004 -0.999946 -0.00990537
-2.37272 23.0353 0.58162 0.00500219 -0.999928 -0.0106306
-2.43819 23.0097 1.7832 0.0434146 -0.998663 -0.0237053
-2.42641 23.0048 2.95207 0.0460794 -0.998813 0.00284676
-2.44602 23.0203 4.05958 0.0288951 -0.999388 0.0196897
-2.40758 23.0445 5.35129 0.0170842 -0.999625 0.0214065
-2.32464 23.0704 6.52896 0.00455404 -0.999805 0.0192311
-1.13229 23.0857 6.77418 0.0185992 -0.99978 0.00972179
-0.0339202 23.1095 6.78488 0.0242413 -0.999581 0.0157964
1.23687 23.1414 6.80293 0.0290736 -0.999544 0.00768946
2.54143 23.1916 6.79396 0.0426629 -0.999088 0.0018793
3.72181 23.2467 6.79443 0.0548509 -0.998434 -0.0108943
5.08371 23.3474 6.75934 0.08771 -0.995925 -0.0204315
6.17577 23.4664 6.77384 0.12135 -0.990034 -0.0714521
7.37681 23.6781 6.75495 0.204822 -0.974755 -0.088848
8.46978 23.9304 6.78594 0.310362 -0.942497 -0.123952
9.50344 24.2927 6.81262 0.347168 -0.935668 -0.062665
10.6098 24.738 6.76156 0.401672 -0.914674 -0.0433364
11.6752 25.2474 6.67115 0.434312 -0.900479 -0.021575
11.9785 25.4173 5.64129 0.431533 -0.901904 -0.0186484
11.9565 25.4301 4.52343 0.426126 -0.904584 -0.0119514
11.9838 25.449 3.42178 0.424071 -0.90562 -0.000195976
11.9893 25.4486 2.30861 0.413998 -0.910258 0.00534604
11.9518 25.4262 1.02896 0.405095 -0.914273 7.78669e-05
12.0219 25.4616 -0.333749 0.410592 -0.91181 -0.00389849
12.0167 25.4565 -1.40879 0.418954 -0.907978 0.00729444
11.9894 25.4314 -2.61215 0.434337 -0.900558 0.0183066
12.0567 25.4304 -3.79653 0.422862 -0.905739 0.0283073
12.067 25.3926 -5.06939 0.41051 -0.911329 0.0306509
12.0861 25.3577 -6.29681 0.406831 -0.912952 0.0315954
11.1702 24.9316 -6.80111 0.395035 -0.917495 0.0463518
10.1047 24.4825 -6.78428 0.377333 -0.923932 0.0624246
9.01915 24.0813 -6.78374 0.325426 -0.944113 0.0519541
7.94915 23.7402 -6.80938 0.278097 -0.954699 0.105385
6.87587 23.5191 -6.8387 0.158105 -0.985144 0.0663082
5.69535 23.3734 -6.82858 0.0640116 -0.997526 0.0290327
4.60806 23.3102 -6.8472 0.0595389 -0.998199 -0.0071379
3.54455 23.2444 -6.82352 0.0604108 -0.998164 0.004243
