7.97781 24.3712 -3.48075 0.257097 -0.966029 -0.0174622
7.9532 24.3678 -2.5963 0.275141 -0.961239 0.0162345
8.04836 24.4197 -1.51334 0.261459 -0.965023 0.0189857
8.06893 24.4399 -0.379203 0.291738 -0.956489 -0.00278111
8.086 24.4457 0.465452 0.302612 -0.952977 0.00546318
8.12667 24.4572 1.46996 0.289624 -0.956691 -0.0292769
8.13458 24.4369 2.39837 0.291084 -0.956481 -0.0201335
8.06988 24.4099 3.26708 0.267222 -0.963597 0.00391763
7.28005 24.2019 3.32701 0.256453 -0.966514 0.00497084
7.37088 24.2199 2.48016 0.222247 -0.974957 -0.00805574
7.34439 24.2334 1.59728 0.218783 -0.975418 -0.0148576
7.28676 24.2286 0.473477 0.250366 -0.968058 -0.0134226
7.28406 24.2209 -0.547211 0.230462 -0.972813 -0.00348528
7.27079 24.2264 -1.44139 0.202525 -0.979145 0.00225069
7.17976 24.1943 -2.28659 0.213545 -0.976809 0.0154916
7.17164 24.1849 -3.36506 0.204241 -0.978844 0.00575699
6.38521 24.0249 -3.53009 0.171912 -0.985066 0.00770464
6.38412 24.0273 -2.60019 0.157504 -0.987515 0.0024907
6.45517 24.0624 -1.48218 0.186244 -0.98246 0.00921758
6.47573 24.0686 -0.638109 0.173205 -0.984875 -0.00407697
6.47787 24.0524 0.430853 0.186961 -0.982136 -0.020891
6.51624 24.0516 1.43908 0.169073 -0.985597 0.00272557
6.59196 24.0644 2.27794 0.165682 -0.986123 -0.00993334
6.46944 24.0337 3.29398 0.183411 -0.983025 0.00183684
6.41763 24.0249 3.5958 0.183965 -0.982907 0.0048047
5.64018 23.8969 3.48204 0.139521 -0.99018 -0.00610778
5.73579 23.9237 2.5815 0.141776 -0.98979 -0.0146397
5.67766 23.9235 1.60163 0.127207 -0.991874 0.00208586
5.66629 23.926 0.709856 0.136927 -0.990531 -0.00948609
5.61886 23.928 -0.386182 0.133003 -0.991097 -0.00603312
5.65721 23.9341 -1.26025 0.154816 -0.987792 0.0116133
5.59957 23.916 -2.17516 0.126734 -0.991886 0.0100157
5.56463 23.9051 -3.13223 0.128387 -0.991703 0.00526791
5.57412 23.9063 -3.55686 0.137663 -0.990454 0.00476273
4.80864 23.8049 -3.63141 0.118816 -0.992799 0.0149445
4.81142 23.8168 -2.63234 0.102234 -0.994681 0.0125241
4.81142 23.822 -1.52925 0.11209 -0.993691 0.00360288
4.81142 23.8257 -0.449927 0.108224 -0.994122 0.00285255
4.81142 23.8257 0.402863 0.104005 -0.994554 -0.0027709
4.81403 23.8206 1.25395 0.109208 -0.994007 -0.00449396
4.81142 23.8075 2.37069 0.0982952 -0.995078 -0.00602312
4.81142 23.7958 3.36531 0.0970868 -0.995102 -0.0133696
4.80287 23.7938 3.51888 0.109429 -0.993928 -0.0107039
3.88594 23.7206 3.4532 0.0764968 -0.996994 -0.0122851
3.83173 23.7226 2.60074 0.0812952 -0.996688 -0.00217787
3.55006 23.6995 1.71333 0.0627246 -0.99802 -0.00286871
3.75758 23.7238 0.867798 0.0862202 -0.996255 -0.00640314
3.89754 23.7391 0.0521527 0.0855201 -0.996323 0.00125715
3.85408 23.7305 -1.0024 0.0895575 -0.995969 0.00394268
3.63498 23.7106 -1.81348 0.0782268 -0.996925 0.00445541
3.88909 23.7299 -2.70426 0.0823662 -0.996599 0.000636137
3.84999 23.7193 -3.54011 0.0767725 -0.996989 0.0105426
2.9893 23.6579 -3.57943 0.0643994 -0.997922 0.00208294
2.80557 23.6479 -2.60992 0.0672036 -0.997735 0.00157629
2.77232 23.647 -1.77821 0.0679715 -0.997687 -0.000119174
3.14134 23.6768 -0.823442 0.0742095 -0.997229 0.00516259
3.14121 23.6766 0.108703 0.0737707 -0.997261 -0.00254044
2.8136 23.6503 1.10706 0.0710704 -0.997471 0.000146594
2.79186 23.6489 2.02232 0.0659582 -0.997819 0.00245026
3.13802 23.6684 2.90998 0.0671496 -0.997732 -0.00417461
3.06825 23.6615 3.46171 0.0630945 -0.998001 -0.00352091
2.23644 23.6089 3.44622 0.0555973 -0.998449 -0.00281564
2.13179 23.6066 2.46522 0.0573498 -0.998351 -0.00235441
1.96871 23.5966 1.57137 0.0589442 -0.99826 0.00170524
2.20366 23.6109 0.518236 0.0613208 -0.998112 -0.00230367
2.41721 23.6271 -0.511053 0.062903 -0.998011 0.0013738
2.10083 23.6034 -1.32326 0.0606922 -0.998142 0.00106932
1.95632 23.595 -2.29649 0.0568205 -0.998384 0.00067818
2.0648 23.602 -3.28759 0.0593735 -0.998234 0.000592042
2.11035 23.604 -3.60597 0.0581874 -0.998302 0.00243976
1.26622 23.5583 -3.56794 0.0486501 -0.99881 -0.00345817
1.1684 23.5502 -2.39988 0.0561101 -0.998419 -0.00169127
1.2275 23.5548 -1.53949 0.0547981 -0.998497 0.000142227
1.51851 23.5712 -0.673243 0.0541853 -0.998528 0.00238954
1.41358 23.5655 0.466538 0.0549705 -0.998485 -0.000265226
1.22363 23.5553 1.31947 0.0507356 -0.998712 0.000687944
1.3301 23.5609 2.40958 0.0539266 -0.998539 0.000596567
1.40456 23.565 3.19806 0.0518491 -0.998654 -0.000605631
4.07887 23.7278 4.62199 0.0713792 -0.997447 -0.00106855
5.18713 23.8266 4.65372 0.12571 -0.991963 -0.00449457
6.51752 24.036 4.66158 0.180094 -0.98354 -0.0132809
7.74357 24.3154 4.65107 0.265599 -0.963632 -0.0159648
8.98005 24.7243 4.61 0.347872 -0.937493 -0.00938773
9.49604 24.9385 3.63549 0.379974 -0.92487 -0.0140557
9.54173 24.957 2.51004 0.380953 -0.924561 -0.00422575
9.61086 25.0071 1.34954 0.369617 -0.928956 -0.0205606
9.60661 25.004 0.162164 0.375365 -0.926747 0.015014
9.54816 24.9711 -0.961062 0.374399 -0.927024 0.0168688
9.52558 24.9341 -2.37652 0.395499 -0.918437 0.00710892
9.57164 24.9445 -3.45928 0.379421 -0.925138 0.0126564
9.28501 24.7979 -4.55463 0.374972 -0.926182 0.0388709
8.04547 24.3865 -4.68644 0.292039 -0.9562 0.019541
6.78248 24.0777 -4.71228 0.195161 -0.980138 0.031423
5.39777 23.8689 -4.70629 0.125889 -0.991987 0.00932573
4.29738 23.753 -4.6912 0.0891595 -0.996006 -0.00244227
3.22762 23.6733 -4.67872 0.0640099 -0.997947 -0.00196744
2.08005 23.6043 -4.6857 0.0552915 -0.998465 -0.00239193
0.961411 23.5508 -4.674 0.044426 -0.999004 -0.00419851
-0.100441 23.5081 -4.45518 0.0369561 -0.99926 -0.0106156
-0.306381 23.4899 -3.12999 0.038515 -0.999245 -0.00512426
-0.291882 23.4883 -1.84896 0.038298 -0.999266 0.000177538
-0.295581 23.4859 -0.751717 0.0397791 -0.999207 -0.00175851
-0.279751 23.4849 0.3721 0.0445696 -0.999004 -0.00196736
-0.297418 23.4819 1.45477 0.0456647 -0.998956 -0.00115794
-0.28546 23.4826 2.7715 0.0462774 -0.998911 0.0043747
-0.276733 23.4894 3.86745 0.0400244 -0.999162 0.00797448
0.614989 23.5317 4.64245 0.0404096 -0.99913 0.00960722
1.72591 23.5806 4.66898 0.0473768 -0.998866 0.00467868
2.93982 23.6492 4.63069 0.0624601 -0.998039 -0.00415988
3.93683 23.7177 4.61406 0.0702953 -0.997522 -0.00282908
3.85193 23.7085 5.68568 0.0676422 -0.997702 -0.00384808
4.95484 23.7958 5.70689 0.0955667 -0.995399 -0.006954
6.39689 23.9986 5.7435 0.163913 -0.986428 -0.00919017
7.52084 24.2349 5.74062 0.25428 -0.964992 -0.0545512
8.68666 24.5847 5.73848 0.32325 -0.9454 -0.0379244
9.73288 24.9888 5.6768 0.37746 -0.925423 -0.0333519
10.5022 25.3368 5.1371 0.415621 -0.909279 -0.0215598
10.4874 25.351 3.95893 0.410909 -0.911568 -0.0125167
10.5394 25.3807 2.70518 0.409717 -0.912184 0.00594175
10.5932 25.4161 1.58263 0.406813 -0.913322 -0.0185136
10.5809 25.4234 0.480809 0.413247 -0.91059 -0.00566587
10.538 25.4028 -0.888982 0.410386 -0.911864 0.00931959
10.5038 25.3701 -2.12545 0.422932 -0.90603 0.015193
10.5421 25.3638 -3.3034 0.41314 -0.910357 0.0237432
10.5666 25.3418 -4.59909 0.416727 -0.908779 0.0214148
10.2905 25.1858 -5.58506 0.394729 -0.918125 0.035152
9.07106 24.68 -5.74734 0.356688 -0.93339 0.0383702
7.8642 24.296 -5.76337 0.249803 -0.967222 0.0433186
6.82838 24.0539 -5.76051 0.201471 -0.978582 0.0416596
5.77148 23.8884 -5.76114 0.123742 -0.991742 0.0313764
4.52487 23.763 -5.77249 0.0816823 -0.996507 0.0138439
3.12824 23.6658 -5.72987 0.060679 -0.998146 0.00462435
1.98282 23.6004 -5.75186 0.0505667 -0.998719 -0.0013871
0.596507 23.5413 -5.7268 0.0398353 -0.9992 0.00267107
-0.641234 23.5043 -5.67395 0.026669 -0.999536 -0.0145924
-1.29015 23.4737 -4.76807 0.0287287 -0.999504 -0.0129086
-1.40277 23.4559 -3.62518 0.0307824 -0.999451 -0.0122539
-1.36004 23.4516 -2.49161 0.0300794 -0.999544 -0.00245899
-1.37297 23.4495 -1.42751 0.0265603 -0.999646 -0.00166968
-1.3297 23.447 -0.306003 0.0345892 -0.999395 -0.00305853
-1.35904 23.4386 0.955238 0.0403862 -0.999153 -0.00791477
-1.33693 23.4338 2.0363 0.0486519 -0.998808 -0.00365398
-1.35948 23.4361 3.16822 0.0485075 -0.998745 0.0118545
-1.35157 23.458 4.44809 0.0352682 -0.999227 0.0171873
-1.01476 23.4907 5.59369 0.0313513 -0.999356 0.0174323
0.151334 23.5301 5.72651 0.0327693 -0.999317 0.0170589
1.22295 23.5694 5.7594 0.0391279 -0.999169 0.0114253
2.47616 23.6244 5.72275 0.0511203 -0.998655 0.00686859
3.48479 23.6838 5.69329 0.0670855 -0.997738 -0.00418929
3.63448 23.6889 6.73581 0.0586773 -0.998197 -0.0097773
2.50949 23.6318 6.80698 0.0485094 -0.998816 0.00232919
1.41225 23.5884 6.83726 0.0347089 -0.999344 0.00983175
0.199164 23.5491 6.79502 0.0288335 -0.99949 0.0134714
-0.966971 23.5139 6.80701 0.0294916 -0.99942 0.0170482
-2.20094 23.4797 6.65963 0.0225897 -0.999582 0.0180599
-2.41229 23.4509 5.6105 0.0246029 -0.999303 0.0280012
-2.4258 23.4126 4.23811 0.0438377 -0.998645 0.0280302
-2.42755 23.3805 3.00203 0.0480977 -0.998667 0.0176218
-2.42649 23.3862 1.81714 0.0482849 -0.998571 -0.0225721
-2.39983 23.409 0.656365 0.011042 -0.999808 -0.0155707
-2.41182 23.421 -0.690761 0.0192421 -0.999788 -0.00718094
-2.42747 23.4236 -2.08457 0.0172139 -0.999851 0.00115465
-2.4603 23.4223 -3.47729 0.030433 -0.999524 -0.00483682
-2.41363 23.4367 -4.68066 0.0470993 -0.998732 -0.0177507
-2.39409 23.4602 -5.90844 0.032098 -0.999238 -0.0221729
-1.81786 23.4998 -6.72847 0.0189594 -0.999442 -0.0274774
-0.688981 23.5217 -6.79036 0.0151094 -0.999743 -0.0168815
0.482986 23.5307 -6.79707 0.0151933 -0.99942 0.018619
1.64475 23.5808 -6.80348 0.048781 -0.998802 0.00318126
3.03805 23.6563 -6.78486 0.0565322 -0.998398 0.00219387
4.14507 23.7228 -6.78014 0.0647498 -0.997857 0.00788883
5.24477 23.7978 -6.81976 0.0769861 -0.996294 0.0375344
6.39712 23.928 -6.80338 0.146134 -0.987581 0.0573476
7.57414 24.1365 -6.82966 0.227676 -0.962952 0.143712
8.62679 24.4581 -6.79083 0.340998 -0.938004 0.0621938
9.89426 24.9551 -6.80479 0.390817 -0.91918 0.0473959
11.0197 25.4471 -6.80234 0.408252 -0.911623 0.0463651
11.5755 25.7518 -5.8537 0.418342 -0.907081 0.0467279
11.5727 25.8093 -4.55721 0.425127 -0.904589 0.0305924
11.5339 25.8239 -3.48635 0.434108 -0.900369 0.0296099
11.4982 25.8391 -2.12246 0.434678 -0.900435 0.0163355
11.4935 25.8552 -0.962277 0.433106 -0.901312 -0.00741671
11.5274 25.858 0.258939 0.424007 -0.90558 -0.0118102
11.5573 25.8629 1.58564 0.420239 -0.907397 0.00400177
11.5341 25.8558 2.72766 0.439131 -0.898422 -0.00051141
11.4728 25.8208 3.79618 0.442255 -0.896827 -0.0101603
11.5207 25.8261 4.96933 0.445974 -0.894868 -0.0178587
11.4797 25.7814 6.24863 0.449278 -0.893111 -0.0223548
10.5979 25.3322 6.70928 0.432542 -0.900093 -0.0523419
9.56953 24.8648 6.75552 0.379775 -0.921273 -0.0830541
8.56838 24.4701 6.82297 0.353136 -0.930814 -0.0942115
7.47253 24.1418 6.80554 0.199285 -0.976568 -0.0781875
6.04358 23.9096 6.77963 0.134329 -0.987883 -0.0776884
4.93339 23.7823 6.76018 0.0915629 -0.995631 -0.0152558
3.93581 23.709 6.74138 0.0662293 -0.997735 -0.0118054
