7.70599 24.8547 3.52116 0.265057 -0.964196 0.0057148
7.64668 24.8263 2.59367 0.264885 -0.964179 0.0120002
7.67151 24.8343 1.58185 0.240531 -0.970521 -0.0125244
7.72045 24.8639 0.751608 0.294629 -0.955412 -0.0180503
7.75026 24.886 -0.182144 0.29182 -0.956427 -0.00941855
7.76332 24.9017 -1.14344 0.29217 -0.956294 -0.011405
7.76335 24.8956 -2.0351 0.291535 -0.956249 0.0244006
7.6412 24.8338 -3.29136 0.278031 -0.960477 0.0134119
7.62026 24.8248 -3.44157 0.275062 -0.961172 0.0220834
6.86929 24.6325 -3.37487 0.206086 -0.978483 0.00748259
7.00234 24.6782 -2.41851 0.240552 -0.970359 0.0230258
7.00583 24.681 -1.51341 0.247898 -0.96877 0.000661798
6.9676 24.6605 -0.518322 0.267553 -0.963421 -0.00670649
6.97284 24.6547 0.323486 0.252556 -0.967569 -0.00385499
6.87697 24.6414 1.43239 0.24233 -0.970094 0.0138416
6.85686 24.639 2.41274 0.212538 -0.977138 0.00508098
6.96172 24.6647 3.39342 0.220801 -0.975279 0.00769483
6.96235 24.6669 3.56559 0.229157 -0.973309 0.00110791
6.22446 24.5093 3.36071 0.195931 -0.980617 -0.00130609
6.07251 24.4869 2.51287 0.175907 -0.984332 -0.00704521
6.09422 24.4838 1.64917 0.188252 -0.98191 0.0194516
6.14666 24.4743 0.599407 0.155637 -0.987747 0.00731879
6.13574 24.4775 -0.319769 0.193661 -0.980934 -0.0162345
6.14227 24.4855 -1.24051 0.214906 -0.976567 0.0115179
6.25715 24.504 -2.0575 0.224247 -0.974488 0.00782821
6.14314 24.4866 -3.0852 0.174691 -0.984621 -0.00187671
6.12632 24.4854 -3.46125 0.16713 -0.985874 0.00265038
5.42987 24.3691 -3.55084 0.161885 -0.986767 -0.000986728
5.39855 24.3611 -2.67449 0.140585 -0.990036 0.00170803
5.33693 24.3569 -1.69777 0.130053 -0.991481 0.0061761
5.23043 24.3491 -0.858377 0.128325 -0.991726 0.00295029
5.30974 24.3559 0.110084 0.13379 -0.990969 -0.00879051
5.20412 24.34 0.974251 0.130701 -0.991348 0.0085601
5.38455 24.3732 1.8465 0.153344 -0.988152 0.00501835
5.42003 24.377 2.87814 0.156875 -0.987556 -0.00976405
5.44519 24.3717 3.48376 0.160097 -0.98702 -0.0120056
4.40334 24.2435 3.57202 0.0989903 -0.995064 -0.0052251
4.40334 24.2429 2.2583 0.105933 -0.994325 0.00981637
4.40334 24.2452 1.29919 0.116742 -0.993162 0.000579143
4.40334 24.2494 0.408582 0.107513 -0.994168 -0.0084207
4.40334 24.2515 -0.461244 0.113015 -0.993579 -0.00295213
4.40334 24.2554 -1.32888 0.102879 -0.994674 0.00576982
4.40334 24.2467 -2.1866 0.105789 -0.994341 0.00928467
4.40334 24.2376 -3.07841 0.092676 -0.995601 0.0130054
4.40334 24.2321 -3.49019 0.100135 -0.994908 0.011417
3.60632 24.1597 -3.63273 0.0741552 -0.997216 0.00625821
3.46134 24.1557 -2.70706 0.0887623 -0.996038 0.00548663
3.52893 24.1656 -1.88427 0.0900979 -0.99593 0.00242155
3.53111 24.166 -1.05304 0.0925109 -0.995711 -0.000920457
3.5426 24.1663 -0.114654 0.0937676 -0.995591 0.0011718
3.50189 24.1604 0.629281 0.0942565 -0.995538 -0.00439975
3.66257 24.1678 1.57601 0.0913081 -0.995698 -0.0157607
3.54475 24.1611 2.61909 0.0863744 -0.996238 0.00691562
3.54897 24.1635 3.30645 0.0918093 -0.995772 -0.00248154
2.79103 24.0989 3.63759 0.0732511 -0.997309 0.00165858
2.67573 24.0907 2.62789 0.0735128 -0.997293 -0.001427
2.76545 24.0957 1.76354 0.0798414 -0.996808 -1.36191e-05
2.76475 24.0949 0.826317 0.0805298 -0.99675 -0.000920974
2.80728 24.1018 -0.177451 0.0825291 -0.996588 0.00108576
2.84292 24.1046 -1.14541 0.0794393 -0.996837 0.00229631
2.7151 24.0961 -2.03136 0.0802021 -0.996776 0.0021269
2.66818 24.0899 -2.864 0.0770151 -0.997026 0.00153542
2.74938 24.0965 -3.61974 0.0754824 -0.997147 -0.000169183
1.937 24.0369 -3.49436 0.0687737 -0.997631 -0.0017246
1.9011 24.033 -2.51488 0.0700891 -0.997537 -0.00277813
2.03277 24.0418 -1.57347 0.07607 -0.9971 -0.00234774
2.04311 24.0428 -0.639637 0.0712071 -0.997458 0.00241885
2.06102 24.0438 0.259448 0.0724208 -0.997374 -5.75866e-05
2.00708 24.0389 1.24607 0.0664649 -0.997788 -0.000458943
1.89866 24.0329 2.0956 0.067272 -0.997715 0.00573918
1.90071 24.0361 2.95663 0.0667736 -0.997767 0.00093989
1.93484 24.0389 3.3259 0.0659823 -0.99782 0.000985362
1.1299 23.9877 3.24959 0.0613193 -0.998113 0.00328033
1.11338 23.983 2.26014 0.0607824 -0.998145 0.00342904
1.21706 23.9872 1.25745 0.062166 -0.998065 0.00082509
1.30722 23.9929 0.276694 0.0654886 -0.997853 -0.000178968
1.30113 23.9921 -0.781412 0.0619467 -0.998079 0.000285848
1.1552 23.9831 -1.99118 0.0620897 -0.99807 -0.000100502
1.12494 23.9832 -2.83769 0.0585981 -0.998277 -0.00292703
1.141 23.9856 -3.45564 0.0597297 -0.998209 -0.00318709
0.667061 23.97 4.68544 0.0515799 -0.998615 0.0102971
-0.324801 23.9159 4.29387 0.0494973 -0.998676 0.0138946
-0.282554 23.9048 3.04546 0.0555503 -0.998413 0.0090895
-0.25371 23.9008 1.83244 0.0575297 -0.998342 0.00196896
-0.287563 23.8963 0.735947 0.056823 -0.99838 -0.000500021
-0.336482 23.8943 -0.407558 0.0551449 -0.998477 0.00138812
-0.355589 23.8954 -1.5791 0.053979 -0.998534 -0.00388935
-0.295982 23.9015 -2.75846 0.0552893 -0.998458 -0.00461728
-0.273101 23.9132 -4.04969 0.0485641 -0.99879 -0.00775087
0.45047 23.9545 -4.69722 0.049528 -0.998733 -0.00866446
1.64629 24.0208 -4.7107 0.0605422 -0.998153 -0.00265025
2.8605 24.1038 -4.68999 0.0728197 -0.997338 0.0034372
4.04336 24.1985 -4.6835 0.0926104 -0.995695 -0.0016027
5.17599 24.3254 -4.68523 0.137391 -0.99051 -0.0034882
6.43388 24.5225 -4.69318 0.169843 -0.984717 0.0383575
7.54071 24.7748 -4.68603 0.249112 -0.967706 0.0365297
8.64104 25.1063 -4.6594 0.32136 -0.945813 0.0401835
9.2036 25.3569 -3.91925 0.37214 -0.927528 0.0335676
9.19731 25.3829 -2.60667 0.376257 -0.926381 0.0138612
9.2165 25.4039 -1.46578 0.385818 -0.922336 0.0200338
9.19189 25.4048 -0.0289979 0.353739 -0.935319 -0.00613628
9.22472 25.4055 1.1034 0.397317 -0.917343 -0.0249258
9.22663 25.373 2.37861 0.38274 -0.923592 -0.00659954
9.16814 25.3581 3.44568 0.391329 -0.920176 0.0108269
8.87354 25.2408 4.50905 0.367402 -0.929983 -0.0116621
7.8944 24.8834 4.65326 0.287853 -0.956807 -0.0216063
6.58163 24.5652 4.6293 0.201001 -0.978859 -0.0371472
5.46353 24.3641 4.67816 0.149617 -0.988239 -0.0297464
3.96017 24.191 4.69155 0.0911622 -0.995727 -0.0120721
2.7762 24.0966 4.67197 0.0730462 -0.997325 -0.00183295
1.55891 24.0179 4.64918 0.0567361 -0.998376 0.00386493
0.840908 23.9794 4.70766 0.0529791 -0.998544 0.0101051
0.852215 23.9906 5.76737 0.046435 -0.998832 0.0130704
-0.270998 23.9413 5.69254 0.0418705 -0.998953 0.0184367
-1.27669 23.8931 5.38886 0.0419785 -0.998919 0.0199364
-1.44503 23.8609 4.33349 0.0530464 -0.998396 0.0193348
-1.3674 23.8403 2.95902 0.060444 -0.998123 0.009503
-1.30757 23.8409 1.76001 0.0550798 -0.998482 0.000526937
-1.33044 23.8417 0.661259 0.0485742 -0.998808 -0.00468495
-1.36918 23.8429 -0.463339 0.0422326 -0.999108 0.000195856
-1.39399 23.8438 -1.79427 0.0405332 -0.999177 -0.00138646
-1.34386 23.8488 -2.92491 0.0483841 -0.9988 -0.0068985
-1.34344 23.8648 -4.15441 0.0419721 -0.99898 -0.0166771
-1.28313 23.8867 -5.25733 0.0367991 -0.999092 -0.0214229
-0.132648 23.9345 -5.76184 0.0413623 -0.999144 -0.000942587
1.1605 23.9944 -5.76619 0.0532113 -0.998572 -0.00083301
2.26538 24.0605 -5.75056 0.0639944 -0.997949 0.00163445
3.47705 24.1433 -5.73537 0.0683821 -0.997627 0.00800344
4.6457 24.2497 -5.72471 0.105307 -0.994308 0.0152375
5.91344 24.4018 -5.75665 0.145372 -0.988284 0.0464389
7.21305 24.6406 -5.75354 0.223164 -0.973149 0.0524571
8.28177 24.9353 -5.7417 0.282942 -0.956043 0.0768976
9.48897 25.4 -5.68726 0.395455 -0.917664 0.0386443
10.1706 25.7287 -4.9881 0.422296 -0.906016 0.0282497
10.1973 25.7914 -3.74943 0.401323 -0.915135 0.0377466
10.1508 25.8006 -2.60069 0.431374 -0.901858 0.0236263
10.1558 25.8237 -1.44926 0.416105 -0.90916 0.0168421
10.1511 25.8298 -0.123093 0.414832 -0.909788 -0.00843752
10.1784 25.8296 1.17128 0.431819 -0.901792 -0.0173962
10.1948 25.8193 2.50555 0.43999 -0.897943 -0.010341
10.1089 25.7715 3.62772 0.406222 -0.91376 0.00446945
10.072 25.7458 4.96509 0.425235 -0.90486 -0.0190504
9.55226 25.4816 5.69401 0.397599 -0.91634 -0.0472627
8.36994 25.0034 5.73885 0.322165 -0.945668 -0.0290178
7.06373 24.64 5.67729 0.26139 -0.963792 -0.0479955
5.74687 24.3759 5.72246 0.163018 -0.986071 -0.0285641
4.57579 24.2338 5.71033 0.090797 -0.995776 -0.0127356
3.38687 24.1392 5.76395 0.0718065 -0.997365 -0.010239
2.17752 24.0575 5.66628 0.0633865 -0.997982 0.00376891
1.16767 24.0053 5.74537 0.0476722 -0.998812 0.0101183
1.27826 24.0236 6.81194 0.0336159 -0.999354 0.0126885
0.0260286 23.973 6.77611 0.0439045 -0.998892 0.0169262
-1.25672 23.9254 6.78417 0.0381946 -0.999023 0.0222355
-2.2603 23.8828 6.48281 0.0346821 -0.999111 0.0237821
-2.44082 23.8421 5.38487 0.039752 -0.998644 0.0335521
-2.4704 23.8021 4.21784 0.0615589 -0.997539 0.033553
-2.4275 23.7744 3.12112 0.0640257 -0.99787 0.010637
-2.40393 23.7809 1.7902 0.0652393 -0.997741 -0.0160189
-2.40915 23.7959 0.654036 0.0373475 -0.999276 -0.00495552
-2.40567 23.7988 -0.494914 0.0418417 -0.9991 -0.00642838
-2.41527 23.8028 -1.74608 0.0379119 -0.999281 -0.000749722
-2.36743 23.8046 -3.01609 0.0457319 -0.998949 -0.000780594
-2.3805 23.82 -4.28796 0.048551 -0.998606 -0.020702
-2.3919 23.8499 -5.59807 0.043785 -0.998723 -0.0252178
-2.09147 23.894 -6.58782 0.0290607 -0.99899 -0.0342331
-0.90094 23.9225 -6.78839 0.0161579 -0.999792 -0.0124086
0.261228 23.9471 -6.80685 0.0417866 -0.998942 0.0191676
1.47211 24.013 -6.81749 0.0561302 -0.998419 -0.00280033
2.64452 24.0826 -6.80301 0.0629766 -0.997994 0.00643126
3.75468 24.1515 -6.78324 0.0655372 -0.997467 0.0258944
4.91684 24.2515 -6.80085 0.0962893 -0.99496 0.0277223
6.11267 24.3769 -6.81292 0.128046 -0.990488 0.0470949
7.30461 24.5709 -6.8211 0.195903 -0.973806 0.113459
8.33619 24.8792 -6.82209 0.355178 -0.933211 0.0544071
9.42174 25.3275 -6.78719 0.395926 -0.917418 0.0398308
10.4676 25.7845 -6.76736 0.415122 -0.907911 0.0576191
11.1472 26.1338 -6.19525 0.432408 -0.900261 0.0505295
11.1289 26.1897 -4.85747 0.43411 -0.900062 0.0378798
11.1474 26.2471 -3.74513 0.445914 -0.894308 0.0370257
11.0702 26.2443 -2.50533 0.441335 -0.897238 0.013701
11.0892 26.2792 -0.964178 0.439636 -0.897866 0.0221249
11.1034 26.285 0.111553 0.447326 -0.894309 -0.00796552
11.1087 26.2742 1.22835 0.437482 -0.899195 -0.00698414
11.1413 26.2869 2.4195 0.458982 -0.888442 -0.000224953
11.0691 26.2448 3.55442 0.454209 -0.890864 -0.00739426
11.066 26.2249 4.69477 0.454196 -0.890627 -0.0220705
11.0746 26.1992 5.90907 0.461374 -0.886611 -0.0324927
10.7179 25.983 6.73445 0.450064 -0.891196 -0.055839
9.74361 25.4956 6.76027 0.434856 -0.896747 -0.0793469
8.66201 25.0446 6.80222 0.335435 -0.938407 -0.0817367
7.28968 24.6166 6.74814 0.273834 -0.958782 -0.0758378
6.02813 24.3692 6.78019 0.146926 -0.986514 -0.0686317
4.82039 24.2347 6.75704 0.0819539 -0.996117 -0.0290483
3.56988 24.147 6.80804 0.0669957 -0.997684 -0.0106534
2.36314 24.071 6.71309 0.0599938 -0.998196 -0.00193394
1.42981 24.0286 6.81373 0.0347742 -0.999343 0.0098222
