-1.8714 8.43035 -3.55293 -0.0125189 0.99992 0.00170381
-1.9677 8.42534 -2.4561 -0.0267105 0.999625 0.00601241
-1.99865 8.42049 -1.50797 -0.0236846 0.999709 0.004361
-1.92432 8.41652 -0.605555 -0.0203421 0.999778 0.00487217
-1.83036 8.41531 0.330662 -0.0230586 0.999723 0.00478756
-1.85174 8.41126 1.34217 -0.0188764 0.99982 0.00202338
-1.86365 8.40765 2.3303 -0.0186376 0.999815 0.00412847
-1.83705 8.40978 3.33874 -0.0200626 0.99977 -0.00726192
-2.6742 8.39361 3.52431 -0.0251984 0.999668 -0.00488501
-2.7428 8.38951 2.6005 -0.0207077 0.999784 -0.00172573
-2.73419 8.39 1.69055 -0.0244674 0.999697 0.00268474
-2.68555 8.39116 0.695814 -0.0346845 0.999386 -0.00483778
-2.77675 8.393 -0.330843 -0.0260017 0.99964 0.00574917
-2.86712 8.39657 -1.37304 -0.0385413 0.999251 0.00184296
-2.84951 8.39758 -2.33833 -0.0333564 0.999434 0.00421849
-2.76666 8.40517 -3.43345 -0.0340181 0.99942 0.00122548
-3.64238 8.3686 -3.38118 -0.0463146 0.998922 0.00301257
-3.71707 8.36225 -2.44131 -0.0512465 0.998671 0.00542774
-3.74815 8.3579 -1.44804 -0.0525004 0.998621 0.000108911
-3.65782 8.35815 -0.509517 -0.0469122 0.998862 0.00858873
-3.57176 8.35636 0.525003 -0.0481034 0.99884 0.00164731
-3.59862 8.35717 1.61683 -0.0492752 0.998782 -0.00230893
-3.61299 8.35448 2.52922 -0.0443635 0.999012 0.000372417
-3.55579 8.36042 3.51244 -0.0416538 0.999124 -0.00411926
-4.4475 8.31669 3.3742 -0.0550098 0.998479 -0.00372265
-4.50358 8.31186 2.39699 -0.0569684 0.998375 -0.000556588
-4.43377 8.31389 1.32184 -0.0527994 0.998601 -0.00193729
-4.46653 8.31348 0.303813 -0.0536598 0.998557 0.00227514
-4.53809 8.31318 -0.6045 -0.0536458 0.998553 0.00373928
-4.60771 8.31097 -1.58996 -0.0565499 0.998399 0.00107157
-4.57015 8.31834 -2.69386 -0.0541577 0.998525 0.00371016
-4.49799 8.32386 -3.31696 -0.0534098 0.998568 0.00257631
-5.35952 8.27545 -3.40801 -0.0624429 0.998006 0.00637017
-5.45929 8.26006 -2.31528 -0.0686038 0.997636 0.00388969
-5.45831 8.25804 -1.40803 -0.0679989 0.997683 0.000281568
-5.38385 8.26282 -0.39729 -0.0719086 0.997386 0.00650441
-5.3061 8.26459 0.516578 -0.0663334 0.997797 0.000442491
-5.32109 8.26391 1.52845 -0.0621055 0.998054 0.000778391
-5.37332 8.25989 2.62756 -0.0615736 0.9981 -0.00200748
-5.32958 8.26448 3.47925 -0.0620363 0.998059 -0.0047454
-6.20542 8.20075 3.56194 -0.0788943 0.996863 -0.00500824
-6.25983 8.19669 2.63806 -0.0804878 0.996749 0.00101576
-6.19721 8.20179 1.73115 -0.0905268 0.995893 -0.00171365
-6.14252 8.2055 0.696948 -0.0839085 0.996453 -0.00149226
-6.2446 8.19497 -0.298356 -0.0846308 0.996411 0.0018448
-6.32069 8.19097 -1.35265 -0.0844616 0.996421 0.0027934
-6.31678 8.19391 -2.58976 -0.0879219 0.996126 -0.000255338
-6.22556 8.20791 -3.52327 -0.0820315 0.996607 0.00639518
-7.10651 8.12522 -3.57451 -0.100952 0.994868 0.00673466
-7.17166 8.11303 -2.62402 -0.101598 0.994816 0.00440843
-7.20563 8.10687 -1.63465 -0.100498 0.994936 0.00144997
-7.17905 8.10727 -0.668093 -0.0981266 0.99517 0.00258316
-7.01553 8.12398 0.336741 -0.10245 0.994734 -0.00242995
-7.00207 8.12416 1.30532 -0.0990412 0.99508 0.00243039
-7.14458 8.11063 2.37551 -0.100191 0.994964 -0.00292476
-7.13942 8.11407 3.31594 -0.111303 0.993785 0.000446013
-7.11966 8.1164 3.42596 -0.105743 0.994375 0.000800842
-7.98099 8.01973 3.55842 -0.114772 0.993383 0.00168407
-8.02129 8.01569 2.35649 -0.118657 0.992934 0.00173208
-7.88071 8.03341 1.30464 -0.116594 0.993178 0.00156056
-7.86454 8.03528 0.266294 -0.109591 0.993974 0.00164521
-8.07169 8.01293 -0.686989 -0.112059 0.993697 -0.00154556
-8.06157 8.01697 -1.97977 -0.108212 0.994124 0.00292236
-8.02756 8.02445 -3.14682 -0.111506 0.993748 0.00507943
-7.99983 8.02745 -3.58978 -0.121023 0.992607 0.00482865
-8.88255 7.91882 -3.43601 -0.129443 0.991582 -0.00146725
-8.91657 7.91577 -2.5267 -0.134376 0.99093 0.00105454
-8.892 7.91782 -1.42587 -0.129437 0.991585 0.000649628
-8.89758 7.9165 -0.427538 -0.132242 0.991208 -0.00225043
-8.71839 7.93772 0.548916 -0.11796 0.993007 0.00193138
-8.77466 7.92486 1.46161 -0.131203 0.991348 0.00380901
-8.88235 7.91077 2.45731 -0.128615 0.991693 -0.00184676
-8.90333 7.90827 3.35333 -0.126413 0.991965 0.000883459
-8.88712 7.91019 3.41659 -0.122512 0.992463 0.00217707
-9.73826 7.79474 3.41365 -0.148892 0.98885 0.00132913
-9.75012 7.79534 2.44959 -0.144136 0.989531 2.59821e-05
-9.78429 7.78968 1.43739 -0.136843 0.990583 0.00424875
-9.78429 7.79039 0.491221 -0.147933 0.988987 -0.000269411
-9.79779 7.78751 -0.527666 -0.149513 0.988739 -0.00587289
-9.78429 7.78875 -1.70628 -0.153677 0.988118 0.000632902
-9.72475 7.80049 -2.66378 -0.148212 0.988955 0.00118886
-9.77625 7.79408 -3.625 -0.148728 0.988864 0.00276165
-10.635 7.65516 -3.47822 -0.163023 0.98662 0.00212701
-10.6166 7.65717 -2.41313 -0.16587 0.986143 0.0021878
-10.6701 7.64433 -1.42486 -0.172087 0.985071 0.0046787
-10.5591 7.66626 -0.311566 -0.172224 0.985054 -0.00251121
-10.6243 7.65762 0.782761 -0.173324 0.984843 -0.00652947
-10.7648 7.63819 1.69946 -0.173252 0.984828 0.00661674
-10.6688 7.64889 2.90828 -0.172821 0.984953 -0.000611521
-10.72 7.6395 3.36797 -0.171144 0.98524 -0.00165434
-11.7786 7.44653 3.17077 -0.194021 0.980991 0.00347586
-11.6079 7.48592 2.19669 -0.195036 0.980741 0.00870638
-11.7239 7.45901 1.25011 -0.185153 0.982704 -0.00155694
-11.5995 7.47975 0.287509 -0.180253 0.983618 -0.00232259
-11.6116 7.47369 -0.842606 -0.182744 0.983134 -0.00616588
-11.5992 7.47609 -2.08666 -0.184237 0.982878 0.00280291
-11.5458 7.49006 -2.98286 -0.180931 0.983477 0.00610854
-11.5634 7.48952 -3.389 -0.182517 0.983172 0.00764933
-12.393 7.32824 -3.49789 -0.194782 0.980815 0.00775035
-12.4473 7.31083 -2.57131 -0.19295 0.981199 0.00169805
-12.5641 7.28494 -1.42934 -0.207454 0.978241 -0.00258827
-12.4533 7.30957 -0.495961 -0.201361 0.979517 9.58244e-05
-12.5683 7.28692 0.612143 -0.205507 0.978651 -0.00149876
-12.5274 7.29628 1.56087 -0.206556 0.978432 -0.00229914
-12.5488 7.29398 2.52292 -0.200776 0.979636 0.00125686
-12.5998 7.2824 3.42962 -0.210643 0.977555 0.00190532
-12.5989 7.28263 3.44702 -0.20862 0.977994 -0.000558566
-13.4497 7.09848 3.5494 -0.217442 0.976057 0.00154904
-13.4214 7.10565 2.64039 -0.221731 0.975107 -0.000670569
-13.4037 7.10562 1.73684 -0.222182 0.974975 -0.00758171
-13.4325 7.09545 0.830305 -0.228879 0.973443 -0.00482764
-13.3491 7.11303 -0.152599 -0.230958 0.972963 0.00102067
-13.3915 7.10658 -1.05722 -0.2208 0.975309 -0.00123937
-13.4017 7.10031 -1.99165 -0.225683 0.974177 0.00121143
-13.3001 7.12988 -2.94769 -0.212677 0.977091 0.00701768
-13.2668 7.14317 -3.45812 -0.212398 0.977105 0.0123662
-14.1412 6.94113 -3.40629 -0.229919 0.973114 0.0135016
-14.2441 6.90269 -2.32501 -0.24946 0.968343 0.00785011
-14.243 6.90124 -1.21315 -0.244 0.969774 -0.000842675
-14.2299 6.90266 -0.21979 -0.237477 0.971388 0.003109
-14.2654 6.89306 0.925281 -0.244726 0.969586 -0.00321211
-14.2636 6.89893 1.85818 -0.242114 0.970236 -0.00481385
-14.3009 6.89855 2.85187 -0.233415 0.972305 -0.0107136
-14.3068 6.89948 3.3054 -0.231308 0.972875 -0.00231164
-15.1594 6.68168 3.46732 -0.258647 0.965968 -0.00116158
-15.1185 6.68754 2.46369 -0.257687 0.966143 -0.0120828
-15.1028 6.68041 1.50062 -0.256406 0.966529 -0.00887396
-15.1014 6.67881 0.593943 -0.259389 0.965749 0.00676895
-15.1069 6.68047 -0.471053 -0.254994 0.966942 0.000678483
-15.092 6.68404 -1.53528 -0.250502 0.968115 0.0013573
-15.0742 6.69113 -2.47686 -0.264832 0.96429 0.00293255
-14.9909 6.71958 -3.40507 -0.266317 0.963847 0.00857673
-14.9877 6.72081 -3.44169 -0.266396 0.963825 0.0086807
-15.8216 6.49095 -3.51703 -0.286633 0.958032 0.00371541
-15.9027 6.46406 -2.61217 -0.263119 0.964758 0.000471981
-15.933 6.45685 -1.69432 -0.28391 0.958851 -0.000324418
-15.9674 6.44777 -0.413426 -0.272863 0.962022 0.00251362
-15.9898 6.43625 0.520899 -0.268518 0.963274 -0.00108703
-15.9373 6.45333 1.50242 -0.27401 0.961717 -0.00426013
-15.9589 6.45528 2.45101 -0.273827 0.96176 -0.00377281
-15.9682 6.45352 3.46912 -0.277075 0.960847 -0.00151882
-16.7812 6.21703 3.6071 -0.293591 0.955893 -0.00122203
-16.7873 6.2118 2.59107 -0.287892 0.957661 0.00181019
-16.7779 6.2086 1.5644 -0.288205 0.957544 -0.00633575
-16.8526 6.18232 0.56157 -0.292545 0.956243 -0.00396789
-16.8069 6.19382 -0.649162 -0.296095 0.955155 0.00250488
-16.7715 6.20687 -1.66195 -0.294597 0.955621 0.000965807
-16.7434 6.2152 -2.57208 -0.300881 0.95366 -0.00148277
-16.6923 6.23101 -3.5197 -0.286039 0.958215 0.00257556
-16.6916 6.23124 -3.52721 -0.286123 0.958189 0.00267092
-17.5478 5.95945 -3.31596 -0.303818 0.952729 0.000999743
-17.5763 5.95062 -2.35168 -0.314171 0.949359 -0.00376084
-17.6174 5.94132 -1.30295 -0.313637 0.949533 0.00179872
-17.6595 5.92759 -0.150532 -0.303267 0.952874 -0.00717923
-17.651 5.93514 0.897318 -0.302657 0.953079 -0.00591439
-17.6141 5.95157 1.8376 -0.307165 0.951648 -0.00397394
-17.6094 5.95453 2.7845 -0.306412 0.951899 -0.000342042
-17.6222 5.951 3.45083 -0.30454 0.952497 -0.000168958
-18.4331 5.68502 3.52255 -0.314441 0.949275 0.000320254
-18.4254 5.68702 2.34267 -0.318345 0.947957 -0.00261244
-18.4598 5.67346 1.40088 -0.316312 0.948651 0.00279809
-18.4767 5.66605 0.473187 -0.316807 0.948482 -0.00356884
-18.4704 5.65986 -0.459263 -0.319737 0.94748 -0.00701031
-18.4373 5.66723 -1.47301 -0.320712 0.947174 -0.00232539
-18.3743 5.68455 -2.58978 -0.317342 0.948308 -0.00198018
-18.3838 5.68136 -3.59929 -0.317814 0.948119 0.00544291
-19.2315 5.39322 -2.95445 -0.32561 0.9455 -0.000129564
-20.374 5.01127 3.30435 -0.341508 0.939871 -0.00286211
-20.2992 5.02977 2.02532 -0.339546 0.94058 -0.00422303
-20.2518 5.04321 0.881484 -0.346057 0.93821 -0.00240053
-20.292 5.02494 -0.355192 -0.345199 0.938525 -0.00286181
-20.2999 5.01609 -1.5381 -0.344123 0.938909 -0.00539665
-20.2555 5.02647 -2.65681 -0.345517 0.938408 -0.00298464
-20.2375 5.02981 -3.84049 -0.342463 0.939528 -0.00102967
-19.7409 5.21014 -4.66987 -0.338625 0.940918 0.00223343
-18.7013 5.57974 -4.6906 -0.326101 0.945326 0.00355528
-17.5321 5.96859 -4.67798 -0.308765 0.951132 0.00336223
-16.4206 6.32138 -4.68772 -0.292489 0.956186 0.00856716
-15.3374 6.63668 -4.69705 -0.270941 0.96259 0.00174318
-14.0931 6.96254 -4.69157 -0.237415 0.971378 -0.00599043
-12.8601 7.23884 -4.67547 -0.203251 0.979127 0.000401837
-11.6913 7.4727 -4.6851 -0.18552 0.98263 0.00408351
-10.557 7.67387 -4.69813 -0.16571 0.986163 0.0021072
-9.29776 7.86788 -4.68271 -0.144172 0.989528 0.00657871
-7.95233 8.04927 -4.67622 -0.11905 0.992775 0.0120289
-6.6462 8.18398 -4.6821 -0.0877813 0.996054 0.0130696
-5.51168 8.27205 -4.65629 -0.065431 0.997846 0.00463138
-4.35056 8.33807 -4.68195 -0.0516579 0.998651 0.00503368
-2.98705 8.39769 -4.6651 -0.035142 0.999367 -0.00177433
-1.80808 8.43041 -4.69676 -0.0215526 0.999766 -0.00199969
-0.587683 8.44095 -4.66155 0.00302674 0.999979 0.00473992
0.13938 8.43291 -3.93541 0.0120935 0.999923 -0.000489224
-0.0060648 8.43382 -2.80778 0.00956144 0.99995 0.00296378
-0.085719 8.43716 -1.69154 0.0127696 0.99987 -0.00159557
-0.0921816 8.43154 -0.582763 0.0139131 0.999903 0.000410809
-0.0847715 8.42927 0.557663 0.0128551 0.999906 0.00435113
-0.0670992 8.42646 1.77341 0.0102348 0.999904 0.00288364
-0.0234787 8.4206 2.97137 0.00373816 0.999984 0.00425649
-0.0356019 8.41963 4.48446 0.00686547 0.999973 -0.00165115
-1.15664 8.42294 4.62883 -0.00205696 0.99998 -0.005946
-2.5131 8.40001 4.6165 -0.0243205 0.999702 -0.00222855
-3.79668 8.35425 4.63978 -0.0416103 0.999124 -0.00442336
-4.94738 8.29559 4.67588 -0.0566008 0.998377 -0.00595669
-6.10713 8.21307 4.69243 -0.0826324 0.996578 -0.00114837
-7.31832 8.09592 4.67439 -0.106227 0.994338 -0.00277783
-8.54508 7.9535 4.61214 -0.125308 0.992083 -0.00830448
-9.63366 7.80937 4.62652 -0.144672 0.989431 -0.0007777
-10.7406 7.63462 4.65537 -0.163455 0.986544 0.00267226
-11.9098 7.4244 4.623 -0.19284 0.981227 -0.00247016
-13.1343 7.17018 4.70549 -0.216214 0.976316 -0.00663234
-14.2539 6.91405 4.70872 -0.234852 0.972009 -0.00333166
-15.5214 6.58568 4.66716 -0.265542 0.964084 -0.00316683
-16.6144 6.27038 4.68326 -0.284665 0.958583 -0.00825567
-17.8277 5.89002 4.62902 -0.312405 0.949925 -0.00504863
-19.1187 5.4545 4.61773 -0.325476 0.945548 -0.00119746
-20.2253 5.06468 4.46014 -0.339748 0.940516 0.00056522
-20.3801 5.00928 3.43963 -0.339739 0.940519 -0.000175658
-21.4051 4.63003 3.33585 -0.350049 0.936719 -0.00474151
-21.3238 4.65179 2.24136 -0.349803 0.936799 -0.0068035
-21.2585 4.67056 1.01327 -0.351131 0.936319 -0.00356462
-21.2947 4.65329 -0.0999225 -0.351602 0.936146 -0.00269649
-21.3203 4.64069 -1.21087 -0.350557 0.93654 -0.00157545
-21.2459 4.65977 -2.67488 -0.348015 0.937472 -0.00470387
-21.2424 4.6593 -4.04024 -0.349011 0.937117 -0.00121391
-21.1637 4.68583 -5.20973 -0.348034 0.937481 -0.00120724
-20.2793 5.01463 -5.73103 -0.346733 0.937959 0.00225065
-19.1541 5.42635 -5.74061 -0.338788 0.940841 0.00574087
-18.0367 5.8134 -5.7402 -0.316499 0.94849 0.0115026
-16.9069 6.17977 -5.74934 -0.302358 0.953117 0.0119969
-15.7016 6.543 -5.72941 -0.269914 0.96278 0.013691
-14.5955 6.83786 -5.75122 -0.241235 0.970452 0.00514388
-13.1192 7.18359 -5.75301 -0.217116 0.976127 0.00607185
-12.0304 7.41328 -5.73595 -0.189226 0.981905 0.00305695
-10.8629 7.62327 -5.74349 -0.169582 0.985509 0.00372064
-9.60301 7.82846 -5.77535 -0.151804 0.98839 0.00630769
-8.24036 8.02257 -5.75026 -0.128918 0.991584 0.0114638
-6.89353 8.17428 -5.71014 -0.0909179 0.995732 0.014749
-5.66948 8.26684 -5.72552 -0.0643709 0.997834 0.011719
-4.41675 8.33992 -5.76717 -0.0485338 0.998811 0.00467524
-3.24511 8.38828 -5.7261 -0.0349053 0.99939 0.00064392
-2.05694 8.42427 -5.73537 -0.0262881 0.999654 0.000485339
-0.801943 8.44443 -5.74085 -0.00273072 0.99999 0.00283045
0.4212 8.43988 -5.70035 0.0103182 0.999921 0.00716991
1.36911 8.42039 -5.14795 0.023946 0.999653 0.010956
1.21642 8.40917 -3.88829 0.0304083 0.999471 0.00970385
1.05942 8.40606 -2.62361 0.0371922 0.999293 0.0030365
0.982709 8.40478 -1.3913 0.047152 0.998878 0.00441227
0.983251 8.4 -0.291049 0.0457545 0.998945 -0.00111366
0.996116 8.40003 1.03549 0.0410473 0.99915 -0.00382716
1.02419 8.40344 2.25341 0.0351022 0.999317 -0.0012373
1.07171 8.40122 3.40212 0.0281343 0.999603 0.00135738
1.166 8.39808 4.75099 0.0233973 0.999724 -0.00218478
0.55063 8.41188 5.72196 0.016352 0.999799 -0.011577
-0.811561 8.42701 5.70734 0.00717625 0.999974 0.000747677
-1.9513 8.4188 5.67955 -0.0164538 0.999848 -0.00457327
-3.2896 8.3845 5.67488 -0.0337898 0.999358 -0.00985131
-4.40335 8.33426 5.73453 -0.0501308 0.998653 -0.0130169
-5.49543 8.26348 5.74648 -0.0744997 0.997089 -0.0160433
-6.60901 8.16922 5.75152 -0.0974091 0.99524 7.18377e-05
-8.03447 8.01938 5.69482 -0.110949 0.993825 -0.00117619
-9.23703 7.86825 5.68122 -0.136597 0.990598 -0.00431819
-10.4132 7.68934 5.74313 -0.160604 0.986987 -0.00782119
-11.5746 7.49362 5.67765 -0.182985 0.983049 -0.00464236
-12.7403 7.25906 5.74199 -0.21028 0.977634 -0.00190242
-14.0066 6.97588 5.77367 -0.230754 0.973 -0.00447546
-15.202 6.67553 5.74136 -0.254795 0.966979 -0.00324898
-16.3346 6.35892 5.73189 -0.274738 0.961502 -0.00573821
-17.5783 5.97869 5.72043 -0.311916 0.949961 -0.0167855
-18.846 5.55458 5.6964 -0.328108 0.944619 -0.00631916
-19.9748 5.15689 5.66831 -0.335371 0.942058 -0.00711413
-21.2209 4.70174 5.55522 -0.346877 0.937909 -0.00151249
-21.3579 4.65027 4.41967 -0.350903 0.936411 -0.000919772
-21.385 4.63895 3.683 -0.350579 0.936528 -0.00273133
-22.3968 4.25593 3.80108 -0.35766 0.933835 -0.00561863
-22.4001 4.25025 2.63939 -0.353193 0.935539 -0.00467107
-22.2882 4.28532 1.37599 -0.354673 0.934971 -0.00602405
-22.3013 4.27399 0.0958433 -0.356897 0.93414 -0.00255255
-22.3358 4.25659 -1.12374 -0.357473 0.933921 -0.00221718
-22.2488 4.28368 -2.35489 -0.35751 0.933885 -0.006772
-22.2608 4.27573 -3.50616 -0.356848 0.934161 -0.00122147
-22.206 4.29287 -4.8024 -0.356224 0.934394 -0.0036461
-22.2179 4.28455 -6.02841 -0.356046 0.934467 -0.00124204
-21.751 4.46229 -6.8088 -0.355981 0.934493 0.000790752
-20.5607 4.91238 -6.77548 -0.351766 0.936083 0.00288349
-19.5068 5.30626 -6.80029 -0.346958 0.937827 0.00903398
-18.3976 5.70726 -6.7984 -0.325852 0.945106 0.02403
-17.3065 6.0754 -6.78404 -0.309623 0.950605 0.0212375
-15.9892 6.48459 -6.79761 -0.271499 0.961897 0.0318016
-14.8281 6.79425 -6.79983 -0.241861 0.97009 0.020334
-13.7632 7.04836 -6.80381 -0.221521 0.974991 0.0163748
-12.6416 7.29257 -6.83662 -0.207044 0.978281 0.00984896
-11.1769 7.5753 -6.81058 -0.177112 0.984141 0.00986343
-9.90536 7.78986 -6.81905 -0.158425 0.987266 0.0143947
-8.59479 7.99098 -6.76786 -0.134216 0.990525 0.0290745
-7.35673 8.14411 -6.813 -0.108266 0.993903 0.0208427
-6.16622 8.25485 -6.79095 -0.0703326 0.997169 0.0263677
-4.95259 8.32679 -6.84405 -0.0493513 0.998614 0.016312
-3.77404 8.37518 -6.79107 -0.0400545 0.99917 0.00739761
-2.61771 8.41433 -6.80311 -0.0305284 0.999523 0.00468614
-1.23644 8.44565 -6.83322 -0.0229676 0.999719 0.00464003
0.0902851 8.45247 -6.77378 0.00171585 0.999981 0.00594676
1.54563 8.43672 -6.80096 0.0253252 0.999493 0.0167187
2.51152 8.40734 -6.38708 0.0236267 0.999698 0.00429124
2.48707 8.39034 -5.15165 0.028942 0.999321 0.0228086
2.30179 8.3689 -3.97545 0.0486462 0.998577 0.0216978
2.20871 8.35587 -2.85051 0.0515661 0.998623 0.0096025
2.0596 8.3504 -1.4786 0.0589147 0.998218 0.00938874
2.08616 8.34302 -0.317761 0.056827 0.998375 0.00340092
2.07822 8.34114 0.777261 0.0659455 0.99782 0.00212807
2.07415 8.34792 1.92407 0.0580064 0.998287 -0.00754371
2.14744 8.35702 3.10779 0.0456637 0.998914 -0.0092895
2.21778 8.36065 4.30002 0.0414581 0.99914 -0.000430666
2.2465 8.36097 5.51067 0.0508685 0.998691 -0.00522256
2.05262 8.38055 6.62828 0.0371065 0.999257 -0.0104421
0.876148 8.41836 6.76784 0.0227249 0.999487 -0.0224437
-0.610132 8.42986 6.77964 0.0020371 0.99998 -0.00530099
-1.78881 8.42867 6.76448 -0.00558791 0.999942 -0.00857536
-3.22581 8.40555 6.74592 -0.0269991 0.999345 -0.0238603
-4.3645 8.35485 6.77851 -0.0502886 0.998498 -0.0217602
-5.51378 8.27885 6.79848 -0.0799879 0.996509 -0.0236074
-6.8037 8.15914 6.7912 -0.0996056 0.994614 -0.0286482
-8.07206 8.01807 6.77088 -0.117848 0.993002 -0.0076348
-9.25192 7.87104 6.78375 -0.132996 0.991081 -0.00803599
-10.6585 7.66093 6.81877 -0.158678 0.987208 -0.0154542
-11.8913 7.44431 6.74431 -0.195519 0.980511 -0.0165852
-13.1092 7.19005 6.87001 -0.215495 0.976238 -0.0212557
-14.2669 6.92423 6.78983 -0.222857 0.974743 -0.0144891
-15.547 6.5953 6.81291 -0.260396 0.965424 -0.0121864
-16.6088 6.29402 6.77548 -0.282858 0.958917 -0.0214915
-17.6733 5.96631 6.78685 -0.304716 0.951908 -0.0319253
-18.7341 5.61065 6.77792 -0.32933 0.943963 -0.0217727
-20.0018 5.15768 6.75191 -0.341809 0.939736 -0.007951
-21.1128 4.74937 6.74111 -0.348961 0.937095 -0.008384
-22.2459 4.31912 6.60188 -0.360101 0.932903 -0.00433389
-22.3875 4.26355 5.36417 -0.355887 0.934525 0.000720895
-22.3914 4.25985 4.10536 -0.355315 0.934732 -0.00440539
-22.3966 4.25682 3.9332 -0.357689 0.933824 -0.005624
