-29.5663 20.013 -3.46896 0.290344 -0.956911 0.00402024
-29.5053 20.038 -2.44197 0.295436 -0.955338 0.00635941
-29.6479 19.9948 -1.36922 0.291101 -0.95669 0.00166886
-29.4624 20.0564 -0.0705173 0.29506 -0.955434 0.00803021
-29.6026 20.0179 0.974566 0.298783 -0.954314 0.00362213
-29.7377 19.978 2.09043 0.303432 -0.952852 0.00160076
-29.7108 19.9868 3.02531 0.30827 -0.951296 -0.000486928
-29.7203 19.983 3.327 0.308641 -0.951169 -0.00384382
-30.4512 19.7522 3.36435 0.298301 -0.954472 -0.000246567
-30.4815 19.7432 2.30765 0.293957 -0.955818 -0.00101948
-30.5026 19.7378 1.3047 0.295867 -0.95522 -0.00272752
-30.2762 19.807 0.197018 0.29327 -0.95603 0.000461142
-30.4387 19.7556 -0.934378 0.289194 -0.95727 -5.05864e-05
-30.3194 19.7909 -1.98484 0.289442 -0.957195 0.000549071
-30.2618 19.806 -2.88711 0.28513 -0.958481 0.0033258
-30.352 19.7778 -3.53005 0.28376 -0.958891 0.00272886
-31.212 19.5285 -3.32501 0.276562 -0.960996 -0.000273478
-31.2072 19.5288 -2.45974 0.280012 -0.959996 0.000240068
-31.2957 19.502 -1.35393 0.281254 -0.95963 -0.00246675
-31.2466 19.5148 -0.272612 0.282823 -0.959172 -0.000340743
-31.1708 19.536 0.851191 0.288537 -0.957467 -0.00145067
-31.2905 19.4978 1.70859 0.286655 -0.95803 -0.00267697
-31.2083 19.5203 2.86081 0.291986 -0.956422 -0.00073497
-31.2116 19.5192 3.44183 0.288166 -0.95758 0.000337827
-32.0078 19.2811 3.32105 0.284494 -0.958676 -0.00171428
-32.0134 19.2808 2.41035 0.282634 -0.959224 -0.00252425
-32.0169 19.284 1.23001 0.283232 -0.959044 -0.00361568
-32.0313 19.2829 0.171621 0.281728 -0.959492 -0.00216767
-32.0448 19.2821 -0.880789 0.27832 -0.960481 -0.0036089
-32.0573 19.2813 -1.78098 0.274893 -0.961464 -0.00435061
-31.9891 19.3036 -2.63355 0.275534 -0.961287 -0.00268849
-32.006 19.3017 -3.47336 0.275146 -0.961399 -0.00225501
-32.8852 19.0516 -3.38139 0.271883 -0.962324 -0.00350785
-32.8517 19.0569 -2.41939 0.273518 -0.961855 -0.00467502
-32.9007 19.0382 -1.52822 0.27659 -0.960969 -0.00610772
-32.7222 19.0844 -0.639843 0.278142 -0.960521 -0.00594281
-32.9057 19.0259 0.364103 0.280914 -0.959726 -0.00374675
-32.8969 19.0244 1.38873 0.28182 -0.95946 -0.00384939
-32.8593 19.0319 2.3432 0.283558 -0.958948 -0.00345231
-32.9177 19.0113 3.22487 0.284747 -0.9586 -0.00237256
-32.9163 19.0112 3.4222 0.284801 -0.958584 -0.00228668
-33.726 18.7718 3.10871 0.28559 -0.958344 -0.00397282
-33.6555 18.7965 2.22607 0.284384 -0.958697 -0.00512576
-33.7058 18.7863 1.35133 0.283016 -0.959103 -0.00488822
-33.6792 18.7993 0.426862 0.278863 -0.960296 -0.00818208
-33.498 18.8595 -0.53024 0.278097 -0.960528 -0.00693312
-33.6309 18.8296 -1.67813 0.275177 -0.961366 -0.00723396
-33.6737 18.8249 -2.59313 0.273283 -0.961907 -0.00692951
-33.6817 18.827 -3.43769 0.27206 -0.962271 -0.0041175
-28.1233 20.4768 -1.49712 0.306744 -0.95179 -0.0014358
-28.1518 20.4741 -0.17789 0.314109 -0.949327 0.0101867
-28.1641 20.4784 0.941211 0.322225 -0.946602 0.010648
-28.1899 20.4831 2.4094 0.320436 -0.947218 0.00829705
-28.2006 20.4859 3.51468 0.326595 -0.945147 -0.00556509
-28.5994 20.3457 4.5602 0.323178 -0.946321 -0.00543026
-29.8419 19.9375 4.58825 0.307508 -0.951531 -0.00523657
-30.9169 19.607 4.6002 0.291592 -0.956541 -0.00142527
-32.1082 19.2494 4.56775 0.286148 -0.958184 -0.00157996
-33.2186 18.9187 4.57795 0.286479 -0.958086 -0.00111536
-34.4969 18.5341 4.55892 0.289403 -0.957205 -0.00204883
-35.149 18.3375 3.82624 0.29336 -0.955993 -0.00406527
-35.1736 18.3391 2.45857 0.291724 -0.956483 -0.0061504
-35.188 18.3458 1.27633 0.286187 -0.958117 -0.0103711
-35.2039 18.3539 0.192317 0.280942 -0.95965 -0.0119419
-35.2049 18.372 -1.12092 0.277197 -0.960715 -0.0137384
-35.1774 18.391 -2.25133 0.276897 -0.960874 -0.00699327
-35.1347 18.4115 -3.51726 0.276694 -0.96095 -0.0039046
-34.8827 18.4886 -4.55441 0.275321 -0.961344 -0.00397044
-33.7546 18.8107 -4.67266 0.27224 -0.962222 -0.00363801
-32.4844 19.169 -4.66729 0.270879 -0.96261 -0.00258305
-31.1197 19.5548 -4.58213 0.274268 -0.961653 0.000625745
-29.8922 19.9096 -4.66245 0.279658 -0.960079 0.00634463
-28.8349 20.2274 -4.66772 0.293081 -0.956045 0.0089318
-28.2042 20.4321 -3.83902 0.301627 -0.953386 0.00876264
-28.194 20.4487 -2.5426 0.300954 -0.9536 0.00814536
-28.1409 20.4713 -1.76385 0.306569 -0.951834 0.00332946
-27.1231 20.8019 -1.80219 0.313525 -0.949515 0.011051
-27.1634 20.7762 -2.91396 0.312009 -0.950016 0.010291
-27.1624 20.7638 -4.25754 0.313077 -0.949698 0.00742521
-27.321 20.6972 -5.51446 0.309423 -0.950813 0.0145184
-28.2946 20.3834 -5.7551 0.296589 -0.954901 0.0140517
-29.4111 20.045 -5.75737 0.285578 -0.958321 0.00743382
-30.5898 19.7022 -5.69344 0.275641 -0.961241 0.00594098
-31.8062 19.3623 -5.68046 0.270175 -0.962807 -0.00275646
-32.9106 19.0525 -5.77852 0.270416 -0.962739 -0.00295389
-34.1698 18.6971 -5.74216 0.273704 -0.961808 -0.00294849
-35.3696 18.3529 -5.69459 0.276718 -0.960941 -0.0043511
-36.1623 18.1209 -4.99041 0.278035 -0.960559 -0.00467384
-36.197 18.1058 -3.67835 0.277966 -0.960584 -0.0035926
-36.2073 18.0953 -2.45149 0.277555 -0.960678 -0.00783015
-36.2339 18.071 -1.17677 0.281209 -0.959521 -0.0154969
-36.2119 18.0555 0.174125 0.284063 -0.95863 -0.0182094
-36.1897 18.0445 1.26663 0.287601 -0.957647 -0.0139555
-36.1951 18.0242 2.70106 0.292921 -0.95609 -0.00923568
-36.1732 18.0195 3.90622 0.298391 -0.954407 -0.00831832
-36.1843 18.0086 5.03263 0.304014 -0.952652 -0.00540113
-35.1012 18.3463 5.64129 0.298414 -0.954434 -0.00228987
-34.0131 18.6792 5.65198 0.290335 -0.956923 -0.00103427
-32.9039 19.0115 5.67351 0.285415 -0.958403 -0.000926009
-31.8763 19.3169 5.65682 0.284465 -0.958685 -0.00170819
-30.8008 19.6381 5.68259 0.291286 -0.956611 -0.00685813
-29.5392 20.0269 5.7012 0.304933 -0.952335 -0.00779503
-28.3595 20.4114 5.69403 0.321569 -0.946704 -0.0184698
-27.3297 20.7887 5.45638 0.348769 -0.937152 -0.00918217
-27.192 20.8473 4.04595 0.357288 -0.933992 0.00208566
-27.1875 20.8431 2.79714 0.345701 -0.93832 0.0068432
-27.1711 20.8261 1.46173 0.333436 -0.942665 0.0142684
-27.1564 20.8142 0.313624 0.326489 -0.945126 0.0119152
-27.1127 20.812 -1.05703 0.319525 -0.947502 0.0119613
-27.1136 20.8068 -1.65364 0.315661 -0.948814 0.0101869
-26.0976 21.146 -1.63936 0.318936 -0.947702 0.0117643
-26.1213 21.1593 -0.496637 0.331435 -0.943206 0.0221281
-26.1656 21.1677 0.740956 0.333433 -0.942588 0.0187007
-26.1843 21.1961 1.9164 0.351665 -0.935602 0.0309407
-26.1883 21.2234 3.08085 0.356065 -0.934413 0.009479
-26.1876 21.2337 4.25305 0.364402 -0.931218 0.00580976
-26.1942 21.2292 5.33997 0.373698 -0.927531 0.00288732
-26.2607 21.1912 6.50053 0.387661 -0.921249 -0.0301587
-27.3076 20.7679 6.77263 0.334256 -0.940958 -0.0513116
-28.6341 20.2946 6.76932 0.316178 -0.948062 -0.0326873
-29.8181 19.9278 6.76223 0.291591 -0.956461 -0.0121281
-30.9021 19.5976 6.76378 0.29227 -0.956246 -0.0114386
-32.0147 19.2734 6.73115 0.274709 -0.961511 -0.00229413
-33.0713 18.9625 6.75376 0.283739 -0.958901 -0.000337182
-34.3828 18.5704 6.73782 0.290445 -0.956875 0.00570512
-35.4102 18.2523 6.75103 0.301975 -0.953295 0.0063007
-36.5566 17.887 6.74036 0.305262 -0.952257 0.00373511
-37.1831 17.6838 5.93524 0.309643 -0.950853 0.000109092
-37.2264 17.6788 4.68444 0.305882 -0.951988 -0.0123873
-37.2099 17.6983 3.4921 0.299954 -0.953899 -0.0102093
-37.2197 17.7103 2.17574 0.302196 -0.953074 -0.0178063
-37.2204 17.7361 0.998936 0.291361 -0.956407 -0.0198684
-37.2225 17.7633 -0.223239 0.284745 -0.958283 -0.0247001
-37.252 17.7773 -1.44393 0.280788 -0.959633 -0.0161735
-37.2605 17.7931 -2.65301 0.276905 -0.96086 -0.00763349
-37.2748 17.7923 -3.79175 0.281373 -0.959598 -0.000471918
-37.2342 17.8066 -4.86683 0.288647 -0.957429 -0.00337889
-37.2217 17.8188 -6.10337 0.275717 -0.961239 3.95292e-05
-36.5881 18.0034 -6.78523 0.283953 -0.958824 0.001373
-35.3944 18.3517 -6.78848 0.276164 -0.961088 -0.0065213
-33.9202 18.7727 -6.80671 0.271964 -0.96227 -0.00850536
-32.6867 19.1186 -6.85104 0.269855 -0.962897 -0.00249226
-31.6094 19.4186 -6.75635 0.259185 -0.965827 -0.00149633
-30.4777 19.7243 -6.78906 0.267098 -0.963576 0.0113727
-29.2224 20.0867 -6.85027 0.276773 -0.960867 0.0111385
-27.9304 20.4751 -6.81084 0.302437 -0.952848 0.0245335
-26.8642 20.8186 -6.82296 0.312657 -0.949318 0.0319892
-26.1907 21.0724 -5.90838 0.325602 -0.945339 0.0165916
-26.13 21.1064 -4.69392 0.322326 -0.946573 0.0102704
-26.1306 21.1185 -3.54339 0.323228 -0.946255 0.0110472
-26.1109 21.1348 -2.32863 0.321919 -0.94674 0.00705751
-26.1023 21.143 -1.77398 0.318542 -0.947857 0.00990907
