37.6782 20.8198 -3.4625 -0.948443 -0.314379 -0.0151266
37.657 20.8245 -2.43385 -0.93079 -0.36465 0.00046575
37.6404 20.8877 -1.53629 -0.932232 -0.36067 0.0284033
37.6448 20.923 -0.472726 -0.93488 -0.352205 -0.0302312
37.6439 20.894 0.384573 -0.929361 -0.368723 0.0169113
37.6956 20.8812 1.24716 -0.946112 -0.318123 -0.0315188
37.6956 20.8353 2.09834 -0.925703 -0.377656 -0.00242957
37.7 20.8372 2.95314 -0.930138 -0.362949 0.0540565
37.7318 20.831 3.40332 -0.929832 -0.367178 0.0138844
37.3884 21.5936 3.39576 -0.900508 -0.434812 0.00359008
37.3506 21.5738 2.4874 -0.890543 -0.450371 0.0636579
37.3313 21.5865 1.50266 -0.864472 -0.502605 0.00643953
37.3012 21.6433 0.611227 -0.872339 -0.487729 -0.0168471
37.3252 21.6535 -0.332785 -0.891919 -0.451813 -0.00161899
37.3026 21.6375 -1.47514 -0.906144 -0.422842 0.0013993
37.3487 21.5491 -2.5329 -0.917521 -0.397571 -0.00630176
37.3786 21.5377 -3.45053 -0.90945 -0.413667 -0.0421698
36.9903 22.2522 -3.50599 -0.836008 -0.547957 -0.0278371
36.9741 22.2566 -2.4248 -0.846477 -0.532382 -0.00626193
36.9104 22.3731 -1.16346 -0.86202 -0.506803 -0.00698323
36.9074 22.3417 -0.273668 -0.813518 -0.580207 -0.0361112
36.8866 22.3417 0.708908 -0.819282 -0.569262 0.00232188
36.9333 22.2638 1.83614 -0.827547 -0.560933 0.00743423
36.9395 22.298 2.89053 -0.812095 -0.580429 0.0600386
36.9767 22.3142 3.50589 -0.810513 -0.582693 0.0592749
36.4704 22.98 3.56744 -0.77671 -0.629512 0.0123632
36.4544 22.9299 2.48057 -0.797274 -0.602647 0.0322296
36.4365 22.9377 1.58465 -0.790404 -0.612066 0.0243837
36.3785 22.9941 0.47749 -0.762251 -0.646595 -0.0297782
36.4156 22.9774 -0.431007 -0.743863 -0.667859 -0.0191232
36.4337 23.0229 -1.30686 -0.75202 -0.656512 -0.0541528
36.5051 22.9479 -2.33534 -0.771533 -0.636104 0.0100082
36.5255 22.902 -3.29109 -0.759223 -0.650566 0.0181422
36.5192 22.9153 -3.4954 -0.763784 -0.643912 -0.0225486
35.9731 23.508 -3.36311 -0.716822 -0.696306 -0.0274927
35.963 23.5408 -2.40019 -0.713347 -0.700352 0.0249957
35.8707 23.6378 -1.54972 -0.687155 -0.726007 -0.0200798
35.8881 23.56 -0.567726 -0.705386 -0.708709 -0.0122923
35.8389 23.6076 0.482778 -0.703159 -0.710981 0.00799263
35.9145 23.5578 1.57533 -0.742008 -0.668676 0.0372326
35.9318 23.5673 2.52368 -0.765204 -0.643712 0.00473323
35.8937 23.6178 3.50113 -0.700991 -0.712923 -0.018605
35.2867 24.1604 3.37419 -0.617618 -0.785743 -0.0287404
35.3369 24.1659 2.47039 -0.690482 -0.722599 -0.00319148
35.333 24.1309 1.56147 -0.685103 -0.727131 0.0434168
35.2495 24.143 0.427841 -0.674767 -0.737094 0.0227212
35.3023 24.091 -0.464625 -0.657503 -0.753397 0.00911518
35.2203 24.1935 -1.52501 -0.614411 -0.787336 -0.0399713
35.3805 24.0943 -2.56517 -0.676465 -0.735782 0.0304813
35.3548 24.0655 -3.45315 -0.632846 -0.772748 0.0485417
35.3298 24.0788 -3.5603 -0.633077 -0.772361 0.0516998
34.5892 24.6118 -3.58826 -0.532674 -0.845972 0.0214281
34.5824 24.6908 -2.53584 -0.507445 -0.859911 0.0520424
34.5892 24.6681 -1.52197 -0.549549 -0.834967 -0.00370365
34.5892 24.6588 -0.302825 -0.588796 -0.808241 0.00714031
34.5892 24.6763 0.599567 -0.606862 -0.794069 0.0333976
34.5892 24.6676 1.61249 -0.572879 -0.818881 -0.0212866
34.5892 24.6831 2.54107 -0.554625 -0.832059 -0.000541559
34.5892 24.6489 3.46718 -0.543234 -0.839241 0.0226665
33.7411 25.1533 3.50979 -0.472013 -0.881393 -0.0184755
33.8983 25.0808 2.63117 -0.472635 -0.881241 -0.000924706
33.6523 25.2268 1.76689 -0.463465 -0.885607 -0.0158357
33.557 25.2626 0.719063 -0.412823 -0.910508 0.00637852
33.7609 25.1606 -0.311401 -0.458232 -0.888806 -0.00671844
33.7471 25.1566 -1.21509 -0.469437 -0.882818 0.0149889
33.5948 25.2419 -2.13333 -0.448093 -0.893944 0.00877076
33.8249 25.105 -2.94519 -0.514389 -0.854907 0.0631123
33.7301 25.1352 -3.40544 -0.466059 -0.883795 0.0404528
32.9635 25.5043 -3.46537 -0.371336 -0.928239 0.0218604
32.9128 25.5368 -2.5782 -0.358783 -0.933405 0.00469891
32.9186 25.543 -1.69194 -0.3322 -0.943202 -0.00339489
33.1855 25.4403 -0.609581 -0.374439 -0.926989 0.0219559
32.8762 25.5586 0.195645 -0.342776 -0.939177 -0.00679308
32.7781 25.6018 1.25188 -0.350292 -0.936597 0.00903227
32.9381 25.5355 2.16332 -0.379515 -0.925171 -0.00502932
33.0493 25.4815 3.14525 -0.395669 -0.918343 0.00596124
33.0363 25.4889 3.44277 -0.386644 -0.922105 0.014161
32.2862 25.7826 3.36145 -0.347119 -0.937805 -0.000516464
32.2138 25.8104 2.39164 -0.319623 -0.947442 0.0138976
32.0509 25.8595 1.41723 -0.313514 -0.949577 -3.46908e-05
32.0593 25.8474 0.541903 -0.302841 -0.952752 0.0182491
32.2983 25.7647 -0.326716 -0.309786 -0.950806 -8.08785e-05
32.286 25.7643 -1.2602 -0.327378 -0.944884 0.00137307
32.1604 25.8097 -2.10662 -0.325062 -0.945609 -0.00873314
32.2108 25.8019 -2.98414 -0.339261 -0.940688 -0.00216144
32.2062 25.8031 -3.46249 -0.34857 -0.93725 -0.00121602
30.5941 26.2684 1.93064 -0.239115 -0.970609 0.0245762
30.5876 26.288 3.09529 -0.234856 -0.972011 0.00602796
30.6959 26.2724 4.32883 -0.249578 -0.968222 0.0159667
31.8419 25.9507 4.62526 -0.307417 -0.951396 -0.00613272
33.0621 25.4802 4.64557 -0.38248 -0.923874 -0.0128566
34.1373 24.9311 4.62097 -0.482294 -0.875917 0.00266391
35.141 24.2606 4.62864 -0.6247 -0.78076 0.0127725
36.0798 23.4161 4.6483 -0.740343 -0.671614 0.02795
36.9094 22.4482 4.68103 -0.77309 -0.632021 0.0535572
37.4765 21.4561 4.65213 -0.900589 -0.428717 0.0674872
37.9124 20.3291 4.59544 -0.957118 -0.288687 0.0237482
38.1252 19.3969 4.02483 -0.978562 -0.205925 0.00337993
38.1187 19.3494 2.78963 -0.979345 -0.201748 0.00918668
38.1196 19.3236 1.60233 -0.96751 -0.251543 0.0255062
38.0901 19.3341 0.442079 -0.974591 -0.22318 0.0179094
38.0749 19.3544 -0.666765 -0.980641 -0.19542 -0.0109554
38.0772 19.3386 -1.98308 -0.984049 -0.177824 0.00352247
38.0628 19.35 -3.24604 -0.977426 -0.211069 0.00775936
38.0493 19.4115 -4.43259 -0.983036 -0.182448 -0.0166518
37.7862 20.5947 -4.65951 -0.94998 -0.306685 -0.0578374
37.3355 21.7039 -4.66421 -0.884243 -0.463408 0.000331251
36.7347 22.6777 -4.68584 -0.834421 -0.551006 -0.009569
35.8035 23.6628 -4.69934 -0.654046 -0.756451 0.00193881
34.9172 24.3665 -4.73621 -0.571551 -0.819439 -0.0428736
33.8093 25.0723 -4.69433 -0.498898 -0.866064 -0.000984808
32.6931 25.6024 -4.66298 -0.417292 -0.908285 0.0297508
31.5836 26.0396 -4.67013 -0.31287 -0.949054 -0.00808984
30.6472 26.2937 -4.19163 -0.228602 -0.973398 -0.0154158
30.6017 26.2939 -3.11996 -0.246088 -0.969176 -0.0117435
30.5935 26.2748 -1.86187 -0.241555 -0.97008 -0.0243702
30.6511 26.2414 -0.60994 -0.255542 -0.966767 0.00766995
30.609 26.2535 0.824479 -0.235855 -0.971786 -0.000785585
30.6009 26.2576 1.58496 -0.254816 -0.966698 0.0232434
29.5499 26.5085 1.60519 -0.219353 -0.975537 0.0145281
29.5434 26.5236 2.96587 -0.203355 -0.979093 0.0043701
29.5832 26.5292 4.24595 -0.206442 -0.978354 0.010611
29.8231 26.5008 5.43945 -0.214177 -0.976639 0.0144561
30.8399 26.245 5.71448 -0.265311 -0.964139 0.00234991
32.0768 25.8787 5.70023 -0.302524 -0.952739 0.027703
33.0841 25.4679 5.68946 -0.377376 -0.925417 0.0294703
34.2756 24.8917 5.67606 -0.513546 -0.855863 0.0551306
35.1692 24.2968 5.68994 -0.590349 -0.803863 0.0558458
36.0076 23.5592 5.71823 -0.720629 -0.690153 0.0630785
36.9306 22.4746 5.73702 -0.81172 -0.577936 0.0662342
37.6029 21.2842 5.70478 -0.912709 -0.393256 0.108449
37.9747 20.1903 5.679 -0.966429 -0.254745 0.0334717
38.2041 19.1278 5.67465 -0.979782 -0.194764 0.0457001
38.3223 18.3223 5.11649 -0.991185 -0.129846 0.0149496
38.3086 18.3413 4.03261 -0.99055 -0.136416 0.0141606
38.3148 18.2795 2.74564 -0.99231 -0.122597 -0.0168425
38.3279 18.2582 1.66703 -0.994867 -0.0988003 0.00252149
38.2896 18.2636 0.554819 -0.990594 -0.135223 0.0208935
38.2662 18.2962 -0.780583 -0.990735 -0.135728 0.00282201
38.2412 18.284 -2.16366 -0.991762 -0.12518 0.0269821
38.2287 18.2689 -3.49012 -0.99377 -0.109941 0.0158578
38.2203 18.2145 -4.76094 -0.994454 -0.105147 -0.00228963
38.1683 18.8165 -5.73651 -0.990575 -0.129999 -0.0346156
37.9851 19.9128 -5.7288 -0.977417 -0.207012 -0.0339088
37.6938 20.9618 -5.70745 -0.938944 -0.342645 0.000882331
37.199 21.9739 -5.75827 -0.845507 -0.53267 -0.0370282
36.5906 22.8738 -5.74464 -0.789553 -0.612017 -0.0451011
35.6984 23.782 -5.76348 -0.651248 -0.755862 -0.0651925
34.5482 24.6515 -5.79015 -0.526391 -0.847217 -0.0637754
33.562 25.2235 -5.75492 -0.453402 -0.891102 -0.0169388
32.5213 25.7051 -5.72971 -0.390141 -0.919992 -0.0355832
31.2592 26.1581 -5.76574 -0.309499 -0.950788 -0.0145886
30.1622 26.4312 -5.74443 -0.224238 -0.974331 -0.0199142
29.5557 26.5487 -4.77827 -0.207392 -0.978113 -0.0133597
29.5585 26.5368 -3.59684 -0.213268 -0.976937 -0.00809555
29.5468 26.5276 -2.40496 -0.208201 -0.97802 -0.0110837
29.5923 26.504 -1.23141 -0.218875 -0.975547 -0.0173054
29.6071 26.4869 -0.140785 -0.216186 -0.97634 -0.00226012
29.5727 26.4936 0.934375 -0.215463 -0.976466 0.00801792
29.5525 26.504 1.3433 -0.219197 -0.975573 0.014457
28.5108 26.718 1.34082 -0.190855 -0.98158 0.00726079
28.5181 26.727 2.472 -0.188765 -0.981972 0.00977757
28.5067 26.7387 3.62375 -0.186938 -0.982351 0.00545949
28.5666 26.7406 4.86085 -0.182118 -0.983196 0.0125857
28.6208 26.7494 6.08214 -0.183635 -0.982793 0.0196834
29.3703 26.6163 6.74969 -0.20088 -0.979209 0.0281932
30.5675 26.3518 6.76601 -0.24478 -0.968455 0.046622
31.6714 26.0365 6.73416 -0.278462 -0.959009 0.0525374
32.7285 25.6857 6.74874 -0.359008 -0.928111 0.0986041
33.7347 25.2706 6.73754 -0.402762 -0.909446 0.102503
34.7543 24.6841 6.75059 -0.533232 -0.831494 0.155792
35.6167 24.0448 6.75434 -0.632929 -0.754631 0.164982
36.5357 23.1494 6.78623 -0.728672 -0.663273 0.170549
37.2448 22.1775 6.80418 -0.837498 -0.519078 0.170749
37.7448 21.1813 6.78138 -0.931821 -0.340279 0.126072
38.0982 20.0427 6.78148 -0.968741 -0.229717 0.0933974
38.2907 18.9529 6.78317 -0.985974 -0.136269 0.0960811
38.3901 17.8198 6.71919 -0.998942 -0.0311677 0.0268502
38.4159 17.1762 5.67646 -0.999266 -0.032571 -0.0196696
38.421 17.2719 4.23204 -0.995861 -0.0908683 0.00164268
38.4273 17.2264 3.10339 -0.995303 -0.0965833 -0.00177647
38.4222 17.2025 1.7185 -0.99609 -0.0881811 0.00528746
38.4103 17.1911 0.638186 -0.994999 -0.0991826 0.0117971
38.4066 17.2312 -0.563956 -0.99337 -0.11398 0.00995474
38.3788 17.2353 -1.71422 -0.993707 -0.108833 0.0264898
38.3541 17.2151 -2.79547 -0.994495 -0.103542 0.0157952
38.3292 17.1719 -3.93462 -0.995392 -0.090932 0.0302293
38.3039 17.1008 -5.14258 -0.998274 -0.0532834 0.0150554
38.3006 17.1342 -6.26091 -0.999711 -0.0219698 0.00941773
38.2881 17.9717 -6.7667 -0.997642 -0.0470951 -0.0383107
38.1681 19.2444 -6.85039 -0.991946 -0.100927 -0.0752945
37.9232 20.3698 -6.78682 -0.963115 -0.255497 -0.0844412
37.4936 21.6144 -6.84005 -0.913635 -0.402412 -0.0577447
36.715 22.8292 -6.80128 -0.756823 -0.647843 -0.0867045
35.7699 23.8359 -6.79915 -0.65233 -0.744258 -0.141888
34.9377 24.5077 -6.82327 -0.618827 -0.77784 -0.107899
33.765 25.2283 -6.81617 -0.455783 -0.876225 -0.151813
32.468 25.804 -6.81413 -0.345731 -0.933594 -0.0815176
31.0773 26.2493 -6.85618 -0.273788 -0.96005 -0.0546964
29.9111 26.5208 -6.82504 -0.218274 -0.9753 -0.033817
28.8643 26.7444 -6.73621 -0.188857 -0.981676 -0.0254014
28.5204 26.7885 -5.73205 -0.201507 -0.979159 -0.0253047
28.5108 26.7624 -4.58665 -0.200578 -0.979514 -0.0164059
28.5115 26.7508 -3.44928 -0.197666 -0.98022 -0.00979918
28.4878 26.7434 -2.28653 -0.183982 -0.982851 -0.012448
28.5523 26.715 -0.971296 -0.194195 -0.980856 -0.0144713
28.5255 26.7125 0.129333 -0.198048 -0.980192 0.000556775
28.5111 26.7171 1.2114 -0.196146 -0.980569 0.0031145
