7.14688 25.231 3.5079 0.248262 -0.9686 0.00185757
7.09352 25.2098 2.27721 0.228755 -0.973477 0.00205701
7.19823 25.2412 1.23552 0.242673 -0.9701 0.00383939
7.32072 25.2812 0.19651 0.281145 -0.959654 -0.00215352
7.29676 25.2748 -0.771521 0.284386 -0.958675 -0.00739994
7.16401 25.2345 -1.8443 0.287134 -0.957769 0.0126544
7.15467 25.2092 -2.75418 0.296389 -0.954491 0.0327158
7.2153 25.2177 -3.52788 0.286826 -0.957717 0.0210137
6.41019 25.016 -3.54162 0.187652 -0.982114 0.00857869
6.37858 25.0162 -2.52046 0.229871 -0.973078 0.0164764
6.3985 25.0362 -1.52308 0.215083 -0.976498 0.0121929
6.55777 25.0722 -0.523476 0.245484 -0.969165 -0.0162034
6.52961 25.0596 0.483503 0.244831 -0.96952 0.00789016
6.33981 25.0348 1.46996 0.198771 -0.979948 0.013769
6.32809 25.037 2.5468 0.203763 -0.978907 0.00211096
6.41053 25.0531 3.55446 0.213901 -0.976769 -0.0104141
5.64959 24.8997 3.35556 0.1803 -0.983566 -0.0082908
5.55495 24.8902 2.33689 0.165524 -0.986204 -0.00119137
5.5509 24.8788 1.37783 0.17318 -0.984661 0.0211635
5.72961 24.8983 0.418188 0.185268 -0.982598 0.0133012
5.73781 24.9045 -0.692998 0.159454 -0.987153 -0.00932656
5.61641 24.8797 -1.74669 0.169937 -0.985219 0.00579086
5.55012 24.8738 -2.65219 0.154104 -0.988022 -0.00513687
5.65403 24.8871 -3.53908 0.165675 -0.98613 0.00945307
4.77398 24.7651 -3.67519 0.132304 -0.991127 0.0126808
4.80434 24.7727 -2.47441 0.122712 -0.99244 0.00207172
4.72963 24.7629 -1.57884 0.115379 -0.993322 6.12185e-05
4.84271 24.7749 -0.682525 0.127902 -0.991776 -0.00389051
4.7522 24.7558 0.219408 0.125669 -0.992003 -0.0117399
4.79143 24.7624 1.27428 0.137948 -0.990371 0.0108586
4.80881 24.7694 2.2343 0.136481 -0.990625 0.00143437
4.8144 24.7656 3.10851 0.118972 -0.992869 -0.00643181
4.80915 24.7616 3.6145 0.127182 -0.991833 -0.00844703
3.9913 24.6698 3.368 0.104313 -0.994534 -0.00449025
3.96477 24.664 2.2907 0.111429 -0.993729 0.00770145
3.96477 24.6602 1.19602 0.107718 -0.994164 -0.0059259
3.96477 24.6654 0.107603 0.106508 -0.99431 -0.00184296
3.96588 24.6703 -0.958891 0.102538 -0.994699 -0.00765824
3.96477 24.6752 -1.88073 0.112677 -0.993627 -0.00321188
3.96477 24.6744 -2.7648 0.109529 -0.99397 0.00508583
3.96477 24.6674 -3.66196 0.104742 -0.994427 0.0119524
3.00789 24.5799 -3.56056 0.086811 -0.996218 0.00178425
3.14114 24.5908 -2.55027 0.0903436 -0.995909 -0.00175103
3.11926 24.5866 -1.39543 0.0996971 -0.995016 -0.00184619
3.07022 24.5772 -0.374817 0.0949843 -0.995453 -0.00709487
3.04589 24.568 0.890662 0.0997146 -0.995006 -0.00422102
3.03646 24.5688 1.78819 0.0889492 -0.996021 0.00528579
3.00083 24.5697 2.86541 0.0977147 -0.995209 0.00323074
3.17123 24.5867 3.28217 0.0992216 -0.995063 -0.00190426
2.29081 24.5103 3.23237 0.0793509 -0.996843 0.00263471
2.16449 24.4981 2.31068 0.0822509 -0.996595 0.00538019
2.16178 24.4922 1.23089 0.0754634 -0.997142 0.0022473
2.25051 24.5005 0.202197 0.0749973 -0.997181 -0.0023723
2.29849 24.5077 -0.778056 0.0879335 -0.996123 -0.00213248
2.2493 24.5092 -1.84399 0.0890367 -0.996009 -0.00476501
2.21682 24.5085 -2.7864 0.0827072 -0.99657 -0.00239413
2.19892 24.508 -3.59402 0.0804551 -0.996758 -7.36362e-05
1.36567 24.443 -3.23985 0.0718119 -0.997417 -0.00117485
1.40153 24.4428 -2.12063 0.0711241 -0.997465 -0.00233089
1.45783 24.4439 -0.997198 0.070859 -0.997484 -0.00203775
1.43258 24.4401 -0.0421127 0.0735457 -0.997289 -0.00216445
1.3617 24.433 1.0582 0.0696072 -0.997574 -0.00102956
1.32091 24.4315 1.9392 0.0699505 -0.997542 0.00398577
1.39289 24.4422 2.93354 0.0727891 -0.997342 0.00302392
1.48192 24.4497 3.3997 0.0718921 -0.997404 0.00372166
0.619836 24.4008 4.62432 0.0614467 -0.998026 0.0129545
-0.303038 24.3383 4.17537 0.0629551 -0.997909 0.0143535
-0.288619 24.3259 3.02276 0.0676724 -0.997664 0.00936415
-0.334976 24.3177 1.88512 0.0680021 -0.997681 0.00250367
-0.379387 24.3145 0.739536 0.0666189 -0.997777 -0.00198285
-0.337862 24.3189 -0.558647 0.0665074 -0.997785 -0.0015743
-0.268921 24.3275 -1.90725 0.0667719 -0.997762 -0.0033948
-0.264047 24.3313 -2.98053 0.0663006 -0.997788 -0.00473108
-0.276527 24.3361 -4.03308 0.059981 -0.998186 -0.00521203
0.657572 24.3979 -4.67141 0.064006 -0.997936 -0.00511904
1.71546 24.4702 -4.66779 0.073997 -0.997242 -0.00126227
3.05946 24.5796 -4.69302 0.0848198 -0.996384 0.00475714
4.21097 24.6886 -4.74228 0.108015 -0.994118 0.00628598
5.30528 24.8215 -4.75869 0.133355 -0.990631 0.029428
6.39682 24.9974 -4.72184 0.182533 -0.982274 0.0424492
7.41965 25.2344 -4.74341 0.269099 -0.961347 0.055127
8.44625 25.5812 -4.66663 0.356727 -0.933931 0.0219998
8.79307 25.7533 -3.75936 0.376172 -0.925756 0.0383173
8.7901 25.7769 -2.68265 0.383995 -0.923234 0.0136502
8.82595 25.8062 -1.35547 0.384124 -0.922941 0.0235218
8.80244 25.8133 -0.222843 0.371729 -0.928341 -0.000703068
8.80383 25.7968 0.948255 0.410213 -0.911698 -0.023041
8.82544 25.7762 2.09283 0.386546 -0.921907 -0.00941218
8.83033 25.7779 3.28832 0.351814 -0.936057 0.00213193
8.50924 25.647 4.61454 0.360185 -0.932352 -0.0313812
7.2399 25.23 4.708 0.256679 -0.966157 -0.0255969
6.18679 24.9816 4.66144 0.205626 -0.977951 -0.0363515
5.07255 24.7823 4.70029 0.151483 -0.987709 -0.0375231
3.93584 24.6514 4.64841 0.0954348 -0.995295 -0.0166302
2.69857 24.5421 4.66591 0.0791294 -0.996859 -0.00211884
1.45296 24.4535 4.65443 0.0661082 -0.997809 0.00257518
0.723129 24.4075 4.64143 0.0621449 -0.997987 0.0126521
0.762625 24.4227 5.67997 0.0566302 -0.998319 0.0122928
1.83569 24.4846 5.69744 0.0656182 -0.997828 0.00583551
3.12421 24.5735 5.68642 0.0710357 -0.997467 0.00346679
4.3312 24.672 5.70404 0.0940975 -0.995441 -0.0155516
5.50152 24.8104 5.72066 0.162641 -0.985974 -0.0357736
6.69065 25.046 5.74578 0.244434 -0.967711 -0.0516455
7.96378 25.4092 5.76392 0.286156 -0.957634 -0.0318702
8.97588 25.7941 5.69832 0.397671 -0.91618 -0.0491255
9.76637 26.1811 5.0961 0.439213 -0.897691 -0.0336275
9.77252 26.2052 3.71841 0.417911 -0.908479 -0.000148548
9.77405 26.2089 2.47332 0.45211 -0.891889 -0.00991962
9.75744 26.2206 1.39 0.449973 -0.892806 -0.0205538
9.73352 26.2287 0.163022 0.418752 -0.908049 -0.00968538
9.7619 26.2369 -1.00318 0.426115 -0.904582 0.0125474
9.75128 26.2123 -2.06006 0.423948 -0.905572 0.0134411
9.75653 26.1874 -3.45279 0.41634 -0.908762 0.0279717
9.78858 26.1555 -4.58267 0.431553 -0.901295 0.0368124
9.55491 26.0141 -5.62807 0.405564 -0.912914 0.0428514
8.34424 25.5027 -5.75118 0.361221 -0.931301 0.0454809
7.34366 25.1583 -5.78717 0.256735 -0.965288 0.0470856
6.19818 24.9189 -5.77257 0.153611 -0.98695 0.0476266
5.0183 24.7644 -5.79643 0.107196 -0.994117 0.0153297
3.97229 24.655 -5.79081 0.0970857 -0.99522 0.0104522
2.90212 24.5606 -5.73748 0.0827539 -0.996556 0.00458929
1.51878 24.458 -5.72232 0.0663946 -0.997793 0.000970884
0.297237 24.38 -5.74368 0.060942 -0.998137 -0.00277054
-0.823272 24.3217 -5.75537 0.0412558 -0.999096 -0.00875289
-1.35835 24.2836 -5.02394 0.0509293 -0.998552 -0.0169566
-1.33552 24.2697 -3.85578 0.0605185 -0.998118 -0.00991956
-1.31899 24.2601 -2.51026 0.0639051 -0.997941 -0.00547611
-1.33637 24.2548 -1.33329 0.0657292 -0.997835 -0.00242846
-1.40891 24.2477 -0.221137 0.0658432 -0.997828 -0.0017364
-1.41056 24.2447 1.05493 0.0668764 -0.997758 -0.0025584
-1.37909 24.2458 2.27172 0.0709938 -0.997474 -0.000375909
-1.34017 24.2557 3.43889 0.0730956 -0.99717 0.0167623
-1.39474 24.2831 4.82878 0.0623929 -0.997734 0.0251796
-0.915131 24.3309 5.66298 0.0536582 -0.99819 0.0271472
0.200438 24.3922 5.66707 0.054419 -0.998368 0.0172226
0.655 24.4164 5.67912 0.0553365 -0.998359 0.0144815
0.724015 24.4384 6.73185 0.0476845 -0.998667 0.0196646
1.87015 24.4922 6.7485 0.0662307 -0.99779 3.35418e-05
2.95017 24.5654 6.72001 0.0683559 -0.997645 0.0056014
4.25861 24.6577 6.73898 0.0772308 -0.996998 -0.00552439
5.59234 24.7618 6.76141 0.105748 -0.992274 -0.0645869
6.775 25.0085 6.81359 0.257458 -0.96474 -0.0529951
8.14713 25.4155 6.80419 0.317421 -0.946896 -0.0503802
9.30175 25.8579 6.79045 0.430612 -0.899251 -0.0767451
10.422 26.4308 6.75594 0.455091 -0.889257 -0.0459564
10.7337 26.6357 5.77287 0.455816 -0.889282 -0.0368472
10.7212 26.6588 4.67845 0.466562 -0.884117 -0.0250541
10.7236 26.6907 3.17954 0.473758 -0.880614 -0.00847987
10.669 26.6752 1.98775 0.46461 -0.885442 -0.011412
10.7004 26.7087 0.770866 0.467187 -0.884084 -0.0113146
10.6655 26.6923 -0.291805 0.452224 -0.891883 0.00595161
10.7175 26.6975 -1.48199 0.446671 -0.894409 0.0227411
10.6967 26.6658 -2.56275 0.452122 -0.891891 0.0106686
10.7009 26.6463 -3.66024 0.455352 -0.889911 0.0261701
10.7534 26.6178 -4.91848 0.444379 -0.894813 0.0427779
10.7715 26.571 -6.07482 0.439196 -0.897256 0.0449939
10.0654 26.1912 -6.76404 0.417701 -0.906588 0.0575723
9.07257 25.7511 -6.78551 0.406476 -0.911916 0.056283
7.9248 25.2865 -6.82086 0.329512 -0.939804 0.0884462
6.85721 24.9859 -6.82545 0.205015 -0.975831 0.0717321
5.58138 24.8002 -6.82504 0.111122 -0.993332 0.030218
4.44633 24.6874 -6.85096 0.0975892 -0.994983 0.021918
3.24149 24.5801 -6.8452 0.0824686 -0.996528 0.0106787
2.10274 24.4943 -6.79444 0.0639485 -0.997935 0.00373405
1.02944 24.4293 -6.80539 0.0629981 -0.997987 -0.0072055
-0.111337 24.3565 -6.81304 0.0619299 -0.998065 0.00562001
-1.46248 24.3115 -6.8185 0.0117985 -0.999604 -0.0235647
-2.45894 24.2562 -6.19772 0.049435 -0.997868 -0.0424999
-2.42723 24.2301 -5.11706 0.0534895 -0.998233 -0.0256341
-2.41011 24.2059 -3.98066 0.0622154 -0.997829 -0.0209597
-2.3853 24.1917 -2.88426 0.0685891 -0.997594 -0.0100861
-2.39249 24.1844 -1.68199 0.0677207 -0.997704 0.000535284
-2.43517 24.1808 -0.578618 0.0648591 -0.997884 -0.00373934
-2.44498 24.1807 0.627995 0.0607499 -0.998139 -0.00123491
-2.4368 24.1715 1.85646 0.0700797 -0.997503 -0.00876761
-2.35933 24.1741 3.19802 0.0802031 -0.996728 0.00747818
-2.46303 24.1985 4.31982 0.065333 -0.997015 0.0405274
-2.46577 24.2401 5.4452 0.0515227 -0.998055 0.0351004
-2.18178 24.2941 6.59535 0.0473015 -0.998321 0.0334276
-1.11083 24.3515 6.79249 0.0491106 -0.998472 0.025109
0.228611 24.4138 6.73507 0.051531 -0.998479 0.0196155
0.562896 24.4304 6.73078 0.0495874 -0.998558 0.0205715
