38.1423 21.2946 3.33177 -0.9223 -0.385867 0.0133654
38.1117 21.3344 2.18873 -0.938627 -0.344559 -0.000749989
38.0677 21.3671 1.16861 -0.927961 -0.369847 0.0454082
38.0529 21.3677 0.187058 -0.916556 -0.397759 -0.0412429
38.0748 21.3812 -0.726873 -0.919709 -0.3926 -0.000650076
38.0736 21.379 -1.67827 -0.938811 -0.343706 0.0223288
38.0692 21.3431 -2.6948 -0.94185 -0.335177 -0.0106943
38.0936 21.3204 -3.20335 -0.937597 -0.346436 -0.0297743
37.7762 22.053 -3.41846 -0.864565 -0.502251 0.012469
37.7535 22.1144 -2.18919 -0.916092 -0.40083 -0.00845824
37.7177 22.1287 -1.132 -0.877207 -0.479754 -0.0169981
37.7282 22.1009 0.044077 -0.891106 -0.451301 -0.0259154
37.7263 22.1055 1.22671 -0.882544 -0.465389 0.0663989
37.7914 22.0651 2.31264 -0.893828 -0.448371 0.00569446
37.8194 22.0201 3.37025 -0.882397 -0.470472 0.00549734
37.4103 22.7199 3.55735 -0.846444 -0.532121 -0.0188854
37.4003 22.7355 2.60102 -0.818638 -0.573483 0.0226844
37.3023 22.8102 1.68416 -0.79501 -0.602609 0.0676458
37.3055 22.7807 0.694978 -0.82527 -0.562956 -0.0104296
37.289 22.8098 -0.264868 -0.817342 -0.576023 -0.0100411
37.282 22.8503 -1.33153 -0.822955 -0.567876 -0.00884487
37.3322 22.7827 -2.58975 -0.814777 -0.579708 -0.00642947
37.3455 22.7378 -3.60559 -0.835481 -0.549382 0.00291368
36.8358 23.4028 -3.6413 -0.75791 -0.65182 -0.000992604
36.8464 23.3959 -2.75026 -0.726594 -0.686828 -0.0119824
36.7434 23.4932 -1.64071 -0.743651 -0.668515 -0.00595838
36.7805 23.4537 -0.682183 -0.74988 -0.661424 0.0110185
36.8195 23.4192 0.258666 -0.778232 -0.627663 -0.0188471
36.787 23.4286 1.31111 -0.737722 -0.673852 -0.0411037
36.8907 23.4098 2.45809 -0.726998 -0.685755 0.0345617
36.9499 23.3414 3.50746 -0.760326 -0.648753 -0.0307138
36.9418 23.3462 3.58409 -0.761745 -0.646728 -0.0385195
36.4291 23.9111 3.44774 -0.712736 -0.697945 -0.0672703
36.2986 24.0226 2.43 -0.706527 -0.707128 0.0268433
36.252 24.0059 1.30245 -0.705434 -0.706767 0.0410488
36.2737 23.9882 0.369883 -0.690351 -0.723247 -0.016166
36.212 24.0546 -0.816021 -0.689864 -0.722324 0.0312118
36.1655 24.0876 -1.79406 -0.689084 -0.724574 -0.0108518
36.2789 23.9968 -2.7039 -0.708076 -0.705519 -0.0081962
36.2751 24.0029 -3.59332 -0.695919 -0.717971 -0.00638938
35.6573 24.5144 -3.49839 -0.609101 -0.792978 0.013349
35.6409 24.5457 -2.51469 -0.639684 -0.767867 0.0338952
35.5825 24.5739 -1.57623 -0.611863 -0.78995 -0.0338098
35.5963 24.5808 -0.490319 -0.615266 -0.788063 0.019812
35.6646 24.5295 0.425849 -0.623771 -0.781541 -0.00947774
35.6531 24.5718 1.3114 -0.61377 -0.788809 0.031173
35.6908 24.5819 2.30927 -0.662301 -0.748692 -0.00426503
35.7812 24.4751 3.22592 -0.637178 -0.769594 -0.0386811
35.765 24.4855 3.32701 -0.622214 -0.781815 -0.0324555
34.8545 25.1163 3.40672 -0.540515 -0.841246 -0.00983194
34.8925 25.1183 2.41098 -0.532628 -0.845493 -0.0366776
34.8925 25.1273 1.40863 -0.568784 -0.82212 0.0181951
34.8942 25.1167 0.199883 -0.61387 -0.785189 0.0532725
34.8925 25.0849 -0.849125 -0.557057 -0.830115 0.0225542
34.8925 25.0677 -1.82764 -0.515066 -0.856519 0.000285628
34.8925 25.0717 -2.90848 -0.530344 -0.84559 0.0402847
34.8925 25.0377 -3.54757 -0.501481 -0.865012 0.016433
33.9622 25.5714 -3.53229 -0.448212 -0.892827 0.044352
33.8491 25.6627 -2.5079 -0.438293 -0.898116 0.027013
33.7624 25.7081 -1.55455 -0.429294 -0.902982 -0.00408309
33.9734 25.6212 -0.300115 -0.442172 -0.896694 0.0122615
34.0317 25.5903 0.493282 -0.434935 -0.900453 -0.00033623
33.8743 25.6904 1.35409 -0.412036 -0.910218 0.0170537
33.9824 25.6277 2.5721 -0.429125 -0.901356 -0.0491786
34.0834 25.545 3.50058 -0.455683 -0.889693 -0.0282558
33.3105 25.9208 3.43957 -0.382283 -0.924028 0.000301056
33.2006 25.9716 2.47163 -0.362954 -0.931719 -0.0036558
33.1326 25.9915 1.35636 -0.369498 -0.92922 0.00398755
33.3813 25.8943 0.396186 -0.383297 -0.922901 -0.00151801
33.1919 25.9654 -0.501887 -0.366951 -0.930109 0.0154346
33.0167 26.0232 -1.47523 -0.348628 -0.936813 -0.0133722
33.0744 25.9935 -2.57404 -0.358446 -0.933501 0.00826821
33.2748 25.8987 -3.47418 -0.391735 -0.920045 0.00772763
32.4919 26.2066 -3.54318 -0.353812 -0.935241 0.0111475
32.3232 26.2762 -2.5489 -0.336968 -0.941171 -0.0128922
32.2556 26.2847 -1.63547 -0.321111 -0.947035 -0.0010266
32.3527 26.2535 -0.754838 -0.320246 -0.947235 0.0106162
32.6374 26.1684 0.137427 -0.307804 -0.951445 0.00278088
32.465 26.2369 1.15807 -0.340216 -0.94028 0.010799
32.4458 26.2464 2.4375 -0.324514 -0.945738 0.0106136
32.5154 26.2222 3.4486 -0.328851 -0.944378 -0.00249112
34.8925 25.0223 -4.63997 -0.518 -0.855204 0.00933046
35.8929 24.3361 -4.68583 -0.629175 -0.775363 0.0400422
36.6634 23.6028 -4.71249 -0.736109 -0.676483 0.0224718
37.368 22.6775 -4.74059 -0.833809 -0.551265 0.0294907
38.0048 21.5496 -4.6644 -0.901287 -0.432597 0.0188667
38.4002 20.4004 -4.62018 -0.96527 -0.259665 -0.014521
38.5346 19.7527 -3.9372 -0.978688 -0.204645 -0.0169867
38.5368 19.761 -2.62142 -0.97607 -0.217073 0.0103758
38.5721 19.7679 -1.28453 -0.971137 -0.237196 0.0247725
38.5554 19.7572 -0.148405 -0.973741 -0.227428 -0.00977897
38.5475 19.7702 0.92178 -0.974819 -0.222999 0.000497649
38.581 19.7775 2.0032 -0.971438 -0.234418 0.0291744
38.5796 19.8042 3.15848 -0.976509 -0.215035 0.00578906
38.5258 20.0421 4.5744 -0.978672 -0.204391 0.020622
38.2555 21.0849 4.62134 -0.952754 -0.301708 0.0336072
37.718 22.2391 4.62296 -0.868237 -0.490097 0.0602761
37.1085 23.1655 4.65096 -0.800939 -0.595208 0.064827
36.3191 23.9486 4.67099 -0.683336 -0.729789 -0.0213322
35.3568 24.7409 4.664 -0.588958 -0.807549 -0.0224539
34.3612 25.3787 4.63835 -0.477559 -0.877972 0.028567
33.37 25.8825 4.63601 -0.39828 -0.91707 -0.0134951
32.1802 26.3456 4.56365 -0.33383 -0.942526 0.014184
31.0993 26.6751 4.4592 -0.254354 -0.967007 0.00544502
30.884 26.7216 3.14052 -0.238931 -0.97102 0.00573637
30.9319 26.6926 1.71889 -0.250425 -0.967964 0.0122622
30.8763 26.6961 0.654577 -0.2429 -0.970041 0.00260971
30.8599 26.6974 -0.430574 -0.260851 -0.965374 0.00297673
30.8444 26.7085 -1.65326 -0.271342 -0.962118 -0.0260927
30.838 26.7336 -2.809 -0.238566 -0.971068 -0.0101216
30.9067 26.7233 -4.00591 -0.252068 -0.967709 -0.000901074
31.7815 26.4713 -4.66687 -0.330099 -0.943898 -0.00667478
32.8782 26.055 -4.70083 -0.388676 -0.921305 0.00712356
33.9245 25.5846 -4.66974 -0.444078 -0.895812 -0.015791
34.6519 25.1635 -4.63522 -0.512297 -0.858503 -0.00657309
34.5622 25.2525 -5.68724 -0.521681 -0.852738 -0.0261117
35.5096 24.63 -5.73545 -0.630468 -0.774652 -0.0375521
36.3696 23.9017 -5.75437 -0.688963 -0.721017 -0.0738791
37.2157 22.9224 -5.81768 -0.81418 -0.578405 -0.0313168
37.8233 21.9465 -5.7495 -0.877682 -0.474351 -0.045423
38.317 20.7121 -5.71542 -0.950817 -0.308609 -0.0216637
38.5852 19.6492 -5.71518 -0.974332 -0.222563 -0.0337613
38.7014 18.7385 -5.42208 -0.99368 -0.112108 -0.00229548
38.7173 18.6477 -4.28312 -0.992463 -0.122191 0.00801698
38.7302 18.6724 -3.18687 -0.986943 -0.160841 0.00860402
38.7395 18.7134 -2.12494 -0.987575 -0.15424 0.0296933
38.7623 18.7279 -1.02729 -0.989644 -0.142968 0.0128651
38.7636 18.7202 0.103729 -0.986622 -0.163011 0.00117419
38.7591 18.7289 1.18169 -0.984694 -0.171249 0.0188919
38.7839 18.7573 2.50825 -0.987232 -0.159146 -0.00333835
38.7785 18.7427 3.79472 -0.982261 -0.186809 -0.015165
38.7578 18.7818 4.9431 -0.986975 -0.160785 0.00273473
38.6635 19.4557 5.72188 -0.986035 -0.163537 0.0313875
38.3871 20.748 5.68497 -0.970763 -0.235934 0.0436866
38.0127 21.7673 5.68194 -0.894728 -0.444625 0.0418631
37.4303 22.8038 5.68261 -0.80784 -0.585748 0.0348593
36.6913 23.6225 5.72034 -0.705647 -0.707413 0.039775
35.6523 24.5455 5.71769 -0.624516 -0.778049 0.060748
34.6988 25.205 5.70412 -0.546972 -0.834484 0.0642902
33.6418 25.7752 5.70058 -0.421515 -0.90532 0.0416529
32.5798 26.2194 5.64206 -0.364795 -0.93083 0.0217228
31.5366 26.5588 5.611 -0.284703 -0.95839 0.0124914
30.4333 26.8545 5.66505 -0.235788 -0.971501 0.0190822
29.8593 26.9762 4.79458 -0.21986 -0.975503 0.00511945
29.8426 26.9738 3.46953 -0.215908 -0.97636 0.0062106
29.8595 26.9598 2.36366 -0.219335 -0.975549 0.0123428
29.8807 26.9352 1.10618 -0.216857 -0.976178 0.00549292
29.8019 26.9567 -0.484111 -0.223115 -0.974769 -0.00581967
29.8105 26.9743 -1.7606 -0.234016 -0.972175 -0.0101026
29.7837 26.9929 -3.10256 -0.218721 -0.97571 -0.0106493
29.8287 26.9945 -4.44755 -0.228752 -0.973469 -0.00474114
30.0757 26.953 -5.54065 -0.230733 -0.972839 -0.0186066
31.0855 26.7075 -5.71265 -0.263647 -0.963886 -0.0348599
32.174 26.372 -5.77494 -0.31564 -0.948176 -0.0305507
33.2624 25.9395 -5.78428 -0.392144 -0.91816 -0.0555923
34.2634 25.4348 -5.70692 -0.480109 -0.875646 -0.0521751
34.2733 25.4289 -5.70597 -0.526955 -0.848692 -0.0413733
34.2481 25.5473 -6.7656 -0.464147 -0.877603 -0.113351
35.3321 24.8635 -6.80177 -0.602246 -0.79145 -0.102509
36.1673 24.1947 -6.82141 -0.639956 -0.759468 -0.116639
36.9406 23.3778 -6.83125 -0.764827 -0.636444 -0.0998161
37.7346 22.2969 -6.82934 -0.870102 -0.461547 -0.168481
38.2116 21.1976 -6.79274 -0.925296 -0.358601 -0.123413
38.5516 20.0294 -6.7674 -0.961676 -0.251131 -0.110054
38.7212 18.9825 -6.82771 -0.994015 -0.0845414 -0.0691758
38.8047 17.618 -6.59407 -0.998646 -0.0426706 -0.0278503
38.8127 17.5578 -5.47541 -0.997661 -0.0628627 0.0224676
38.8425 17.5842 -4.28719 -0.993765 -0.104696 0.0361749
38.8768 17.619 -3.19702 -0.992215 -0.121705 0.0261344
38.8944 17.6557 -2.09176 -0.990652 -0.134822 0.0207558
38.9187 17.6623 -0.731594 -0.990125 -0.139824 0.00909263
38.9195 17.679 0.513654 -0.990959 -0.134078 -0.0019649
38.9203 17.6705 1.71735 -0.991732 -0.128249 -0.00114262
38.9164 17.7165 2.79505 -0.993471 -0.114032 0.00135191
38.9161 17.6942 3.94787 -0.993224 -0.116204 0.000307179
38.9053 17.7058 5.10614 -0.993489 -0.11261 -0.0138732
38.8981 17.6548 6.32958 -0.998535 -0.0533054 -0.0088745
38.8329 18.5644 6.78765 -0.991391 -0.103022 0.0716131
38.6986 19.6956 6.82792 -0.980242 -0.174843 0.0910218
38.4652 20.7694 6.75403 -0.95358 -0.286902 0.0860129
38.1034 21.7724 6.75782 -0.903115 -0.406247 0.120958
37.5131 22.7867 6.75044 -0.833173 -0.538028 0.125561
36.6841 23.7417 6.77374 -0.697228 -0.70228 0.143711
35.747 24.5856 6.77327 -0.590162 -0.788061 0.174713
34.6288 25.3464 6.7738 -0.531876 -0.836005 0.134772
33.6781 25.8397 6.77699 -0.377188 -0.919407 0.110902
32.622 26.2561 6.76323 -0.361938 -0.928254 0.085669
31.5645 26.5847 6.71194 -0.278479 -0.959072 0.0512832
30.3528 26.9063 6.77383 -0.229814 -0.972153 0.0446665
29.3022 27.1321 6.73621 -0.198958 -0.979625 0.0267389
28.8293 27.2079 5.87526 -0.194665 -0.980702 0.0181295
28.7642 27.2095 4.6768 -0.201603 -0.979447 0.00632186
28.8126 27.1907 3.54204 -0.201977 -0.979351 0.00877252
28.7903 27.1876 2.41018 -0.1977 -0.98022 0.00874147
28.8701 27.1558 1.16625 -0.199738 -0.979839 0.0045641
28.7519 27.1816 0.0146064 -0.201908 -0.979399 -0.00308791
28.7914 27.1859 -1.27736 -0.197327 -0.980275 -0.0111185
28.7547 27.208 -2.58902 -0.202349 -0.979245 -0.0108042
28.7595 27.2188 -3.84434 -0.202341 -0.979265 -0.00898437
28.7704 27.2301 -4.97507 -0.207083 -0.978131 -0.0183984
28.7632 27.2582 -6.08061 -0.201026 -0.979277 -0.0243977
29.4779 27.1245 -6.70283 -0.219362 -0.975067 -0.0323066
30.7344 26.8334 -6.80818 -0.23094 -0.972311 -0.035724
31.8221 26.5289 -6.80993 -0.28688 -0.956492 -0.0525747
32.8893 26.1875 -6.87274 -0.375167 -0.922676 -0.0788271
34.056 25.6445 -6.80456 -0.431576 -0.896662 -0.0986569
