-29.6945 20.4839 3.33898 0.299007 -0.954243 -0.00286443
-29.6036 20.51 2.15496 0.291151 -0.956674 0.00217782
-29.6551 20.491 1.02366 0.287942 -0.957642 0.00315835
-29.8017 20.4423 -0.00514993 0.281472 -0.959555 0.00500242
-29.8789 20.4156 -0.941438 0.27913 -0.960251 0.00170341
-29.7916 20.4402 -1.98648 0.282552 -0.95925 0.00162571
-29.7329 20.4525 -3.06729 0.27982 -0.960042 0.00446773
-29.7372 20.4501 -3.28535 0.278014 -0.960564 0.0047532
-30.4861 20.2354 -3.31456 0.272558 -0.962136 0.00252738
-30.4872 20.2381 -2.04102 0.274871 -0.961478 0.00213048
-30.5109 20.2325 -1.07756 0.277335 -0.960773 0.0012337
-30.5049 20.2363 0.151825 0.282216 -0.959348 0.00199164
-30.4423 20.2566 1.26356 0.286933 -0.957946 -0.000594397
-30.3988 20.2677 2.29358 0.292434 -0.956284 0.00155305
-30.5325 20.2268 3.49651 0.288874 -0.957367 -0.000576727
-31.4027 19.969 3.47719 0.279362 -0.960186 -7.68456e-05
-31.3925 19.9731 2.48843 0.282439 -0.959285 -0.00106877
-31.3661 19.9839 1.54564 0.278603 -0.960399 -0.00364917
-31.2692 20.0143 0.288334 0.27582 -0.961209 -6.78654e-05
-31.3498 19.9921 -0.687396 0.272691 -0.962102 -0.000315954
-31.2148 20.031 -1.54617 0.271188 -0.962526 -0.000295815
-31.1365 20.0527 -2.68464 0.268693 -0.963222 -0.000803998
-31.2683 20.0173 -3.455 0.266049 -0.963959 -0.000382106
-32.1653 19.7711 -3.66238 0.264491 -0.964386 -0.00194032
-32.1359 19.7767 -2.72713 0.264987 -0.964247 -0.0030776
-32.1642 19.7651 -1.60086 0.2668 -0.963747 -0.00301628
-32.1642 19.7624 -0.677899 0.271587 -0.962409 -0.00296419
-32.1968 19.7499 0.258242 0.273808 -0.961778 -0.00344599
-32.1278 19.7662 1.2342 0.27473 -0.961516 -0.00320691
-32.2284 19.7324 2.41535 0.274565 -0.96156 -0.00402885
-32.1642 19.7482 3.34956 0.27776 -0.96065 -0.00085289
-32.1642 19.7482 3.4756 0.278047 -0.960567 -0.00089569
-33.2319 19.4416 3.46224 0.275311 -0.961347 -0.00396511
-33.11 19.4808 2.47934 0.274361 -0.961617 -0.00433783
-32.852 19.5593 1.3231 0.273337 -0.96191 -0.00397946
-33.0812 19.4988 0.409142 0.271462 -0.962431 -0.00574614
-33.1551 19.4854 -0.647181 0.267724 -0.963471 -0.00687904
-33.1171 19.5029 -1.78587 0.265019 -0.964228 -0.0053886
-32.8873 19.5712 -2.83523 0.263711 -0.964594 -0.00371673
-32.9654 19.5524 -3.50123 0.262442 -0.964943 -0.00313013
-33.7694 19.3329 -3.39505 0.264044 -0.964501 -0.00419641
-33.7981 19.3198 -2.47523 0.265405 -0.964115 -0.00653498
-33.9814 19.2616 -1.39285 0.266363 -0.963849 -0.00676927
-33.9603 19.2591 -0.363535 0.268883 -0.963132 -0.00887407
-33.7445 19.3085 0.850225 0.271966 -0.962287 -0.00611489
-33.6486 19.3302 1.78704 0.274575 -0.961552 -0.00506523
-33.9402 19.2406 2.84789 0.276798 -0.960915 -0.00508411
-33.9801 19.226 3.42413 0.277785 -0.960632 -0.00462012
-31.6437 19.8963 4.65826 0.278297 -0.960489 -0.00345259
-30.449 20.2479 4.63619 0.285384 -0.958408 -0.00272194
-29.2332 20.6216 4.6127 0.297508 -0.954712 -0.00366268
-28.4453 20.8783 3.83851 0.315845 -0.948806 0.000672803
-28.4384 20.8833 2.71196 0.310342 -0.95062 0.00297361
-28.4141 20.8808 1.41428 0.306044 -0.951982 0.00778465
-28.3609 20.8821 0.0689833 0.304843 -0.952342 0.0106235
-28.3358 20.881 -1.10036 0.296739 -0.954954 0.00304684
-28.3403 20.8728 -2.31616 0.290305 -0.956897 0.00755164
-28.3505 20.8579 -3.49669 0.287786 -0.957644 0.00974992
-28.4864 20.808 -4.5541 0.285091 -0.958473 0.00722026
-29.5536 20.4949 -4.68278 0.274956 -0.961435 0.00622378
-30.7379 20.1639 -4.70815 0.26572 -0.964047 0.00202585
-31.9034 19.8441 -4.7363 0.26197 -0.965074 -0.00206357
-32.9225 19.5677 -4.70078 0.260807 -0.965383 -0.00390863
-34.007 19.2728 -4.6449 0.263193 -0.964732 -0.00463325
-35.1384 18.9596 -4.39315 0.267778 -0.963468 -0.00468627
-35.2998 18.909 -3.2103 0.267571 -0.963529 -0.00424616
-35.3089 18.8982 -1.96135 0.26804 -0.963379 -0.00741698
-35.3228 18.882 -0.777841 0.270531 -0.962601 -0.0145412
-35.2887 18.8725 0.527029 0.274803 -0.961411 -0.013034
-35.2361 18.8724 1.70994 0.281602 -0.95949 -0.00889719
-35.2751 18.8514 2.79293 0.282834 -0.959149 -0.00602164
-35.2846 18.8419 3.93456 0.284316 -0.958724 -0.00355357
-34.6296 19.0325 4.59283 0.280475 -0.95986 -0.00158921
-33.5377 19.3497 4.67061 0.278459 -0.960446 -0.00203274
-32.4214 19.6717 4.65524 0.27653 -0.961003 -0.00211647
-31.9399 19.8104 4.66016 0.277601 -0.96069 -0.00328336
-32.0325 19.7819 5.72277 0.27569 -0.961245 -0.00155698
-30.8127 20.1353 5.67726 0.283238 -0.959021 -0.00732532
-29.6847 20.4748 5.71186 0.295618 -0.95527 -0.00830461
-28.5753 20.822 5.6665 0.310121 -0.950495 -0.018341
-27.5144 21.1885 5.48281 0.339011 -0.940681 -0.00769801
-27.4115 21.2353 4.1819 0.348218 -0.937409 0.0025592
-27.4429 21.2233 3.09776 0.329256 -0.944224 0.00546689
-27.4025 21.2224 2.01555 0.321371 -0.946807 0.0157979
-27.4017 21.2043 0.847291 0.312135 -0.9499 0.0158598
-27.3646 21.1996 -0.240735 0.306597 -0.951737 0.013954
-27.3077 21.2013 -1.45518 0.301125 -0.953511 0.0117965
-27.3357 21.1765 -2.67335 0.299403 -0.954048 0.0122091
-27.3263 21.1667 -3.75143 0.295991 -0.95514 0.0094962
-27.3056 21.1637 -4.94703 0.294002 -0.955745 0.0106443
-27.98 20.9485 -5.71502 0.287494 -0.957717 0.0100591
-29.2138 20.5856 -5.7428 0.277932 -0.960571 0.00761238
-30.3328 20.2709 -5.72681 0.266278 -0.963884 0.00382238
-31.4277 19.974 -5.74716 0.258946 -0.965889 0.001634
-32.5152 19.681 -5.77236 0.258134 -0.966106 -0.00233748
-33.6928 19.3629 -5.69998 0.262581 -0.964902 -0.00380326
-35.1228 18.9695 -5.67956 0.266129 -0.963925 -0.00470243
-36.1425 18.6851 -5.56315 0.268578 -0.963247 -0.00461099
-36.3205 18.6293 -4.53329 0.270835 -0.962614 -0.00455707
-36.3324 18.6223 -3.46936 0.271544 -0.962422 -0.0029121
-36.3285 18.6135 -2.08739 0.27047 -0.962674 -0.0101946
-36.3147 18.5971 -0.652187 0.27421 -0.961501 -0.0178278
-36.3094 18.5755 0.596864 0.2812 -0.9595 -0.0169455
-36.2628 18.5701 1.7348 0.285039 -0.958407 -0.0144667
-36.3243 18.5388 2.83314 0.286152 -0.958134 -0.00978376
-36.3203 18.5311 4.1065 0.290443 -0.956874 -0.00585901
-36.2867 18.5355 5.27127 0.293151 -0.956054 -0.00487918
-35.2024 18.8621 5.65598 0.284394 -0.958704 -0.00134158
-34.0922 19.188 5.68546 0.27888 -0.960326 0.000706884
-33.0621 19.486 5.72449 0.27673 -0.960947 -0.000596444
-32.5316 19.6386 5.72169 0.275385 -0.961333 -0.000991573
-32.4973 19.6489 6.76782 0.275221 -0.961379 0.00208432
-31.393 19.9591 6.75936 0.269803 -0.96289 -0.00628485
-30.3144 20.2732 6.72643 0.28524 -0.958408 -0.00957261
-29.1992 20.6051 6.77605 0.291207 -0.956099 -0.0327667
-28.1322 20.9448 6.72846 0.320268 -0.94634 -0.0417621
-26.9905 21.3478 6.75714 0.354602 -0.933651 -0.0454547
-26.4157 21.5989 5.84261 0.372344 -0.928075 -0.0059462
-26.4004 21.6128 4.61123 0.3545 -0.935026 -0.00365001
-26.423 21.5924 3.13934 0.350074 -0.93664 0.0118617
-26.4177 21.5612 1.76847 0.340797 -0.939432 0.0361967
-26.4126 21.5309 0.550018 0.320613 -0.947004 0.0196172
-26.3367 21.5272 -0.506923 0.31001 -0.950398 0.0240878
-26.2956 21.5174 -1.67154 0.30167 -0.953281 0.0156612
-26.3284 21.4948 -2.74555 0.307985 -0.951358 0.0079503
-26.3181 21.4819 -4.16132 0.299966 -0.953891 0.0106017
-26.2943 21.4767 -5.50896 0.299133 -0.954185 0.00706895
-26.6417 21.352 -6.65148 0.307281 -0.951447 0.017763
-27.67 21.0263 -6.80649 0.294819 -0.955179 0.0267121
-28.8132 20.6873 -6.78623 0.277809 -0.960434 0.0192233
-29.9813 20.3594 -6.76849 0.260298 -0.965466 0.0106387
-31.0234 20.0777 -6.77114 0.25821 -0.966064 0.00691112
-32.1915 19.7701 -6.81443 0.237594 -0.971311 0.00206297
-33.361 19.4562 -6.78414 0.263051 -0.964769 -0.00113463
-34.4706 19.1555 -6.77399 0.265436 -0.964109 -0.00602093
-35.5671 18.8514 -6.78661 0.270328 -0.962759 -0.00408243
-36.6131 18.5576 -6.76425 0.273684 -0.961804 0.00152102
-37.3461 18.3536 -6.16022 0.258575 -0.965989 0.00207585
-37.3609 18.3399 -5.07551 0.264022 -0.964358 -0.0159892
-37.3558 18.3322 -3.90827 0.278039 -0.960567 -0.00208349
-37.341 18.3337 -2.46745 0.262629 -0.964845 -0.00927794
-37.3796 18.3039 -1.21015 0.271797 -0.96222 -0.0161244
-37.3589 18.283 -0.0213778 0.279129 -0.959923 -0.0251333
-37.3042 18.27 1.23465 0.285123 -0.958259 -0.0210194
-37.325 18.2344 2.61092 0.29553 -0.955276 -0.00945547
-37.3523 18.2198 3.7194 0.290278 -0.956905 -0.00821338
-37.3284 18.2151 5.13878 0.297816 -0.95456 -0.0104831
-37.3193 18.2107 6.3766 0.305736 -0.952089 -0.00697779
-36.4401 18.4868 6.73871 0.296563 -0.955009 0.00292377
-35.324 18.8275 6.74506 0.28827 -0.957544 0.00219821
-34.3005 19.1299 6.75326 0.279744 -0.960067 0.00371711
-33.1864 19.4501 6.76563 0.273859 -0.961761 -0.00199358
-32.7469 19.5774 6.76465 0.278594 -0.9604 -2.54465e-05
