6.95385 25.7019 1.23931 0.262474 -0.964924 -0.00402651
6.9661 25.7055 0.776994 0.283422 -0.958963 -0.00758667
6.29615 25.5352 3.04026 0.218126 -0.975896 -0.00680715
6.14313 25.5076 1.88125 0.19602 -0.980567 0.00793728
6.23 25.5061 0.437457 0.217523 -0.975974 0.0119616
6.02629 25.4714 -0.703053 0.226939 -0.973802 -0.0137017
6.04361 25.474 -1.8497 0.198773 -0.979825 0.0207308
6.2615 25.5185 -3.12103 0.219148 -0.975667 -0.00562489
6.26192 25.5188 -3.14391 0.216295 -0.976299 -0.00741051
5.48525 25.3609 -2.96828 0.16024 -0.987071 -0.00217106
5.23375 25.3191 -1.84675 0.140552 -0.990068 0.00171654
5.21134 25.3204 -0.742581 0.161656 -0.986837 -0.00203783
5.46676 25.3623 0.473715 0.166889 -0.985956 0.00134077
5.36488 25.3544 2.11215 0.17964 -0.983709 0.00625029
5.41583 25.3545 2.9428 0.179425 -0.983709 -0.00673112
4.54961 25.2117 3.01311 0.134258 -0.990944 -0.0010997
4.53703 25.2074 1.5668 0.125328 -0.99208 -0.00463825
4.54553 25.2177 0.257861 0.133533 -0.990981 -0.00833014
4.41028 25.2023 -1.01559 0.131361 -0.991297 -0.00689357
4.63466 25.2345 -2.28972 0.137403 -0.990506 0.00369543
4.56223 25.22 -3.05658 0.141339 -0.989945 0.00096665
3.56959 25.1015 -3.09445 0.103558 -0.994621 0.00163304
3.7289 25.1211 -1.63967 0.109016 -0.994039 -0.000499815
3.73113 25.1196 -0.211358 0.117463 -0.993069 0.000453791
3.73536 25.1139 1.21201 0.118065 -0.992977 -0.00746568
3.72998 25.1115 2.4568 0.105701 -0.994384 0.0049302
3.73536 25.1137 2.88929 0.115534 -0.993281 -0.00489526
2.82588 25.017 2.92616 0.100064 -0.994962 -0.00462381
2.84378 25.0183 1.65898 0.099302 -0.995057 0.000819347
2.95303 25.0284 0.173669 0.107334 -0.994212 -0.000742004
2.97275 25.0375 -1.01966 0.106524 -0.994308 -0.000751092
2.7533 25.0192 -2.48356 0.0965089 -0.99533 -0.00207965
2.8071 25.0251 -3.10801 0.0956 -0.995418 -0.00160919
1.98246 24.9475 -2.98104 0.084655 -0.996399 -0.00377869
2.05725 24.9482 -1.757 0.094868 -0.99546 -0.00744147
2.22149 24.9603 -0.43663 0.0913329 -0.995816 -0.00196822
2.03629 24.9414 0.952454 0.0862627 -0.996272 -0.00106725
2.02375 24.9429 2.20637 0.0830583 -0.996518 0.00729743
1.9866 24.9438 3.00223 0.0826253 -0.996571 0.00434495
1.20126 24.8733 1.91848 0.0800461 -0.99678 0.0047161
1.2801 24.8775 0.435623 0.0827815 -0.996566 -0.000159219
1.39191 24.8884 -0.749562 0.0840538 -0.99646 -0.000947573
1.24395 24.8787 -1.94594 0.0811182 -0.9967 -0.00311451
1.20658 24.8801 -2.88132 0.0802822 -0.996754 -0.00595662
0.0175268 24.7771 0.976131 0.0799675 -0.996797 0.000330729
-0.0546228 24.7714 -0.451571 0.0796713 -0.99682 -0.0012878
-0.0921756 24.7724 -1.97615 0.0787422 -0.996887 -0.00393579
-0.0519197 24.7826 -3.52426 0.0746588 -0.997186 -0.00617121
0.795738 24.8521 -4.3175 0.0756328 -0.99712 -0.00562337
2.04137 24.953 -4.33249 0.0841123 -0.996451 0.00182645
3.34576 25.0707 -4.34605 0.0956403 -0.995392 0.00696588
4.60721 25.2134 -4.36399 0.145727 -0.989181 0.00438451
5.99239 25.4567 -4.39102 0.208826 -0.977862 0.0132734
7.48267 25.8566 -4.32529 0.294734 -0.955524 0.0102588
8.09239 26.0736 -3.39013 0.364218 -0.93126 0.00943144
8.07222 26.0885 -2.16712 0.358537 -0.93342 0.0118072
8.08497 26.0942 -0.880127 0.368303 -0.929593 -0.012907
8.09248 26.0813 0.541586 0.372884 -0.927601 -0.0179107
8.0763 26.0621 1.90061 0.378114 -0.925661 0.0133227
8.02311 26.0444 3.33403 0.361463 -0.932134 -0.0215677
7.49849 25.8325 4.33313 0.3304 -0.943653 -0.018836
6.11859 25.4704 4.29535 0.197386 -0.979785 -0.0324773
4.76652 25.2375 4.2743 0.15092 -0.988435 -0.0146228
3.43663 25.0803 4.28785 0.101471 -0.994795 0.001905
1.9643 24.948 4.28943 0.0788785 -0.996872 0.00488265
0.477492 24.8325 4.25934 0.0732643 -0.997266 0.00961547
-0.0236588 24.783 3.04476 0.0768015 -0.997009 0.00868044
0.0128011 24.7779 1.65719 0.0799451 -0.996795 0.00296892
0.0380738 24.7788 1.22261 0.0801248 -0.996783 0.00132242
-1.16796 24.6802 1.33988 0.0834386 -0.996512 0.00150037
-1.22008 24.6837 2.7933 0.0818506 -0.996586 0.0108274
-1.2596 24.6999 4.11091 0.0766563 -0.996909 0.0170678
-0.737454 24.7662 5.45043 0.0669728 -0.997545 0.0204438
0.589287 24.8565 5.53233 0.0653208 -0.997764 0.0141097
1.96812 24.9541 5.47867 0.0791002 -0.996842 0.00651633
3.17957 25.0541 5.47425 0.0909863 -0.995805 -0.00943288
4.45254 25.177 5.47721 0.109063 -0.993939 -0.0127218
5.96409 25.3974 5.49563 0.179435 -0.983362 -0.02822
7.41139 25.7498 5.56791 0.309538 -0.950314 -0.0175027
8.65713 26.2276 5.42844 0.385051 -0.9219 -0.0398302
9.16758 26.4923 4.31684 0.421314 -0.906088 -0.0360454
9.15443 26.5388 2.74945 0.421625 -0.906509 -0.0140066
9.16037 26.5305 1.4109 0.420987 -0.906979 0.00600583
9.16651 26.5433 0.175082 0.418526 -0.908194 -0.00401553
9.18879 26.556 -1.11654 0.40894 -0.912555 0.00272807
9.18143 26.5479 -2.43719 0.404097 -0.914628 0.0125953
9.19121 26.525 -3.88178 0.39522 -0.918193 0.0268741
9.18723 26.4754 -5.15627 0.411979 -0.910607 0.0326975
7.95417 25.9699 -5.53619 0.324522 -0.944409 0.0490972
6.73891 25.5963 -5.60344 0.251707 -0.967458 0.0258496
5.4018 25.3088 -5.58945 0.156993 -0.987021 0.0235303
3.83874 25.1164 -5.54594 0.105674 -0.994401 0.000759322
2.60969 24.9988 -5.53398 0.087757 -0.996141 -0.000594216
1.2069 24.8863 -5.52959 0.074441 -0.997223 -0.00111919
-0.258172 24.782 -5.57347 0.0699377 -0.997542 -0.00402077
-1.21122 24.7113 -4.78423 0.0691846 -0.997506 -0.0139607
-1.24218 24.6935 -3.48934 0.0754926 -0.997088 -0.0107329
-1.28866 24.6778 -1.99711 0.0798632 -0.996782 -0.00668679
-1.24202 24.6764 -0.69506 0.0825254 -0.996583 -0.00323558
-1.19515 24.6776 0.747278 0.0820471 -0.996628 0.000895817
-1.16742 24.6799 1.08476 0.0834067 -0.996515 0.000690259
-2.35024 24.5784 1.34148 0.0865068 -0.996251 0.000966821
-2.42266 24.5782 2.58354 0.0881978 -0.996044 0.0108693
-2.43962 24.6007 3.87825 0.0999966 -0.994735 0.0224341
-2.44475 24.6424 5.32707 0.0732823 -0.996686 0.0352782
-2.23021 24.7013 6.53295 0.0569566 -0.997677 0.0373505
-1.0317 24.7766 6.67053 0.0606639 -0.997821 0.0259489
0.341421 24.8573 6.73912 0.0569644 -0.998273 0.014333
1.75341 24.9426 6.69294 0.0701206 -0.997526 -0.00466897
3.05559 25.0402 6.68704 0.0701441 -0.997532 -0.00301389
4.50573 25.1577 6.69262 0.0971878 -0.994963 -0.0236479
5.96656 25.3416 6.69555 0.153659 -0.983398 -0.0950832
7.15017 25.627 6.74633 0.260341 -0.961252 -0.0905072
8.42942 26.0516 6.68363 0.379785 -0.919979 -0.0908751
9.55782 26.5747 6.63345 0.470703 -0.879298 -0.0710746
10.2864 27.0123 5.8405 0.474902 -0.879249 -0.0369057
10.2644 27.0479 4.45666 0.481225 -0.876308 -0.0221807
10.2348 27.0631 3.07737 0.473245 -0.880789 -0.0140111
10.2334 27.0717 1.80652 0.467013 -0.884243 -0.00356038
10.2384 27.089 0.486835 0.469811 -0.882712 -0.00784794
10.2424 27.0769 -0.809502 0.470733 -0.881954 0.0232001
10.2548 27.0669 -2.28885 0.452699 -0.891609 0.00698654
10.2645 27.0535 -3.73581 0.457736 -0.888746 0.0232482
10.3134 27.0161 -5.16245 0.441276 -0.89647 0.0402156
10.3109 26.9528 -6.39073 0.469054 -0.882347 0.0374969
9.12221 26.3698 -6.71776 0.396008 -0.915796 0.0670169
7.9669 25.8997 -6.7385 0.326559 -0.937072 0.123421
6.65363 25.51 -6.80656 0.248631 -0.966169 0.0660623
5.2618 25.2549 -6.79229 0.119503 -0.992161 0.032835
3.87247 25.1123 -6.72769 0.0925997 -0.995548 0.0161426
2.5678 24.9945 -6.7525 0.0839913 -0.996433 0.00795735
1.12042 24.8827 -6.72424 0.0713221 -0.997446 -0.00343779
-0.122831 24.7964 -6.76773 0.0666719 -0.997763 -0.00460969
-1.66479 24.7195 -6.7302 0.0413183 -0.998967 -0.0185251
-2.37419 24.6572 -5.84588 0.0604556 -0.99757 -0.0343092
-2.41134 24.6223 -4.61572 0.0727524 -0.997044 -0.0246408
-2.41209 24.5996 -3.35089 0.0819479 -0.996524 -0.0144324
-2.42721 24.5855 -2.08165 0.0833012 -0.996474 -0.0100015
-2.419 24.577 -0.757553 0.0865215 -0.996241 -0.00419772
-2.41232 24.5722 0.513412 0.0857087 -0.996314 -0.00315275
-2.39726 24.5741 0.993959 0.0872161 -0.996188 0.00117689
