38.4467 21.8994 3.43613 -0.917346 -0.397696 0.0039641
38.4681 21.8586 2.4874 -0.925719 -0.377838 0.0109867
38.4787 21.8099 1.49156 -0.924096 -0.381266 0.0257759
38.444 21.7837 0.528335 -0.906172 -0.420925 -0.00534429
38.4565 21.8387 -0.352224 -0.910951 -0.411409 -0.00850083
38.4847 21.78 -1.31922 -0.904615 -0.426172 0.00544477
38.4797 21.7395 -2.42809 -0.933097 -0.359219 -0.016533
38.4915 21.7359 -3.4099 -0.911356 -0.411358 0.0146548
38.1315 22.4514 -3.31883 -0.847461 -0.529738 0.0344512
38.1421 22.4684 -2.4391 -0.871727 -0.489158 0.011889
38.1186 22.5124 -1.45154 -0.860528 -0.50782 -0.00222837
38.0749 22.578 -0.577804 -0.862825 -0.505492 -0.000481492
38.0847 22.5239 0.331252 -0.855835 -0.515263 -0.0207731
38.1186 22.5154 1.37407 -0.855436 -0.517134 0.0281959
38.0824 22.6046 2.46283 -0.868198 -0.495936 -0.00780143
38.0485 22.6409 3.35922 -0.868206 -0.496145 -0.00644219
38.0517 22.6312 3.55216 -0.85812 -0.5125 -0.0217471
37.5958 23.34 3.36169 -0.811498 -0.583988 -0.0164545
37.623 23.2839 2.34278 -0.778918 -0.626834 -0.00823695
37.6828 23.1879 1.45714 -0.809452 -0.58696 -0.0155051
37.6495 23.2319 0.566977 -0.831875 -0.554541 0.00909894
37.5909 23.3088 -0.315736 -0.823024 -0.567883 0.00498503
37.6586 23.2032 -1.46828 -0.814512 -0.57994 0.0121975
37.6879 23.1563 -2.44693 -0.826685 -0.562265 0.00406935
37.6727 23.1564 -3.55959 -0.816768 -0.575492 0.0171562
37.1727 23.8152 -3.49195 -0.76493 -0.642009 0.00241272
37.156 23.8081 -2.53599 -0.737906 -0.674825 0.0101222
37.1424 23.824 -1.60093 -0.749188 -0.662314 0.00167414
37.0711 23.913 -0.674858 -0.753083 -0.657691 0.0122317
37.1 23.9147 0.187831 -0.713451 -0.700139 0.0197923
37.1773 23.8457 1.13993 -0.742502 -0.668522 -0.0183174
37.1364 23.8537 2.03116 -0.759816 -0.64919 0.0161658
37.0337 24.0358 2.92852 -0.759551 -0.649299 0.00583469
37.0794 23.9624 3.55975 -0.749652 -0.661712 -0.0126088
36.4226 24.5971 3.44633 -0.665425 -0.745329 -0.0408344
36.4419 24.5834 2.54458 -0.664802 -0.745815 0.042174
36.5924 24.4247 1.6988 -0.700823 -0.713322 -0.00420231
36.5862 24.4326 0.824948 -0.678419 -0.734529 0.0138266
36.4489 24.5417 -0.154258 -0.63899 -0.768947 0.012239
36.5609 24.437 -1.23557 -0.663593 -0.747416 -0.00743015
36.5785 24.4171 -2.34683 -0.701537 -0.71257 -0.00941877
36.5552 24.4313 -3.21158 -0.695066 -0.718939 -0.000571261
36.5966 24.3924 -3.60763 -0.695785 -0.713417 -0.059918
35.8997 24.9731 -3.48913 -0.602861 -0.797626 -0.00382445
35.8996 24.9812 -2.38939 -0.599647 -0.799349 0.0303791
35.9197 24.9581 -1.44513 -0.582962 -0.812166 -0.0225303
35.7807 25.0544 -0.568323 -0.569177 -0.821696 0.0292027
35.9152 24.9952 0.451033 -0.617584 -0.784571 0.0550909
35.9053 25.035 1.60516 -0.599775 -0.799958 0.0171663
35.8044 25.1228 2.56666 -0.556817 -0.830171 -0.00680424
35.7656 25.113 3.46968 -0.599085 -0.800272 -0.0253816
35.1014 25.5676 3.41616 -0.531495 -0.846957 -0.0131791
35.1073 25.5648 2.27104 -0.538971 -0.842221 0.0131531
35.1014 25.5587 1.2362 -0.525266 -0.850835 0.0132218
35.1144 25.5289 0.370648 -0.524585 -0.85102 0.0197039
35.1014 25.5088 -0.896548 -0.554452 -0.831793 -0.00721026
35.1053 25.5231 -1.8502 -0.53202 -0.846671 -0.0100029
35.1014 25.5422 -2.74535 -0.570194 -0.82134 0.0167089
35.1078 25.5086 -3.5386 -0.500522 -0.864868 0.0279789
34.3545 25.9481 -3.56813 -0.506475 -0.862073 0.0132236
34.307 26.0173 -2.41329 -0.492387 -0.869992 0.0206723
34.3973 25.9452 -1.50556 -0.50078 -0.865119 -0.0280907
34.2747 25.9898 -0.635049 -0.49393 -0.869041 -0.000299857
34.41 25.9418 0.247693 -0.454422 -0.89071 0.00968935
34.2763 26.0067 1.09719 -0.4809 -0.876359 0.0102252
34.3869 25.982 2.09128 -0.423651 -0.90208 0.0764511
34.2232 26.0567 3.0779 -0.430084 -0.902168 -0.0319604
34.1196 26.1007 3.48443 -0.454498 -0.890683 -0.00710673
33.3664 26.4541 3.41423 -0.358506 -0.93332 0.0182871
33.5797 26.3579 2.4218 -0.372955 -0.927836 0.0011967
33.5611 26.3581 1.50351 -0.407538 -0.913151 0.00704973
33.6397 26.3303 0.457662 -0.436391 -0.899663 -0.00258471
33.5544 26.3632 -0.519785 -0.37806 -0.925171 -0.0182888
33.6288 26.3518 -1.61249 -0.400639 -0.915853 0.025915
33.5353 26.3622 -2.69363 -0.368704 -0.929306 0.0160749
33.517 26.355 -3.23175 -0.379221 -0.925268 -0.00783224
32.6965 26.673 -3.54978 -0.338306 -0.941002 -0.00240101
32.7466 26.6566 -2.66182 -0.328193 -0.944508 0.0138954
32.8155 26.6512 -1.68945 -0.298058 -0.954359 0.0186966
32.7747 26.6758 -0.812424 -0.293213 -0.956011 0.00394862
32.8333 26.6514 0.0810368 -0.36524 -0.930854 -0.00477434
32.8527 26.6434 0.960977 -0.346688 -0.937965 0.000837951
32.8109 26.6587 2.04 -0.345408 -0.93843 -0.00446262
32.681 26.7029 2.94151 -0.323795 -0.945985 0.0159538
32.6016 26.7398 3.50495 -0.317948 -0.94806 0.00944133
32.1811 26.8853 4.63313 -0.299057 -0.954003 -0.00583107
31.1898 27.1593 4.31115 -0.243555 -0.969861 0.00707541
31.1199 27.1754 3.20656 -0.232988 -0.972444 -0.00245182
31.1045 27.173 2.08026 -0.234591 -0.971972 0.0152159
31.1194 27.1706 0.977508 -0.226453 -0.974019 0.00229041
31.1416 27.1508 -0.101964 -0.236659 -0.971524 0.00708974
31.1098 27.1505 -1.19788 -0.255483 -0.966706 -0.00234166
31.1387 27.1594 -2.57925 -0.279379 -0.960034 -0.0164963
31.1223 27.1731 -3.79653 -0.25927 -0.965708 -0.00903302
31.7169 27.0137 -4.61002 -0.29768 -0.954585 -0.00986739
32.9324 26.6031 -4.64506 -0.355266 -0.934385 -0.0256061
34.0749 26.0879 -4.64116 -0.440957 -0.896638 -0.0380892
35.0547 25.553 -4.70346 -0.509632 -0.859488 -0.0394091
35.9991 24.9355 -4.66798 -0.574967 -0.817581 -0.0293081
36.9055 24.116 -4.65846 -0.723999 -0.6884 0.0262423
37.7016 23.1186 -4.68004 -0.83843 -0.544934 0.00901123
38.2682 22.1482 -4.66123 -0.889421 -0.456543 -0.0223498
38.709 21.157 -4.64056 -0.943307 -0.331253 0.0151757
38.9738 20.2628 -4.26647 -0.972893 -0.230545 -0.0096859
38.9806 20.2451 -2.98194 -0.97229 -0.232688 0.0124748
38.9871 20.3109 -1.82469 -0.978083 -0.207874 -0.00219499
38.9842 20.3214 -0.738386 -0.969381 -0.245546 0.00213721
38.9948 20.2718 0.615795 -0.960238 -0.279013 0.00944624
38.9961 20.3136 1.74358 -0.972064 -0.232408 0.0328037
39.0051 20.3275 2.85687 -0.975465 -0.219449 0.0155474
38.9898 20.3645 4.06629 -0.962523 -0.268805 -0.00850404
38.7503 21.2239 4.63958 -0.940688 -0.337342 0.0144292
38.262 22.2648 4.65928 -0.886153 -0.461688 0.0360345
37.5081 23.444 4.61545 -0.789909 -0.611756 0.0323664
36.6948 24.3477 4.64778 -0.681228 -0.731039 -0.0226299
35.6395 25.1882 4.62988 -0.583401 -0.811807 0.0237015
34.6328 25.8354 4.63701 -0.500208 -0.865589 -0.015815
33.6742 26.334 4.63558 -0.430377 -0.902303 0.0211565
32.656 26.7255 4.64122 -0.321138 -0.947027 0.00146182
32.6194 26.738 4.64102 -0.321068 -0.947039 -0.00216116
32.5341 26.7613 5.70703 -0.312133 -0.949591 0.0291252
31.3759 27.1131 5.70233 -0.259428 -0.965757 -0.00198676
30.3027 27.3847 5.53089 -0.226377 -0.973981 0.0106987
30.0885 27.4244 4.42544 -0.224462 -0.974462 0.00625375
30.0427 27.4296 3.1863 -0.223891 -0.974612 0.00186235
30.0346 27.4259 2.09369 -0.214825 -0.976566 0.0114802
30.0705 27.4103 0.848523 -0.211021 -0.977473 0.00413103
30.1065 27.4014 -0.286981 -0.218236 -0.975887 -0.00249941
30.0886 27.4233 -1.56584 -0.237707 -0.971257 -0.0121493
30.0815 27.4307 -2.79042 -0.237514 -0.971363 -0.00633091
30.0469 27.4514 -3.98561 -0.218572 -0.975743 -0.0102458
30.1322 27.4483 -5.14549 -0.228347 -0.97344 -0.0164814
30.9748 27.2518 -5.72627 -0.261846 -0.96429 -0.0397577
32.2905 26.8698 -5.71899 -0.287902 -0.95698 -0.0360432
33.4089 26.4593 -5.73634 -0.363573 -0.930291 -0.0461968
34.4233 25.9738 -5.72398 -0.474353 -0.877975 -0.0614054
35.5325 25.3103 -5.74329 -0.545102 -0.836297 -0.0587966
36.4043 24.6008 -5.72841 -0.707881 -0.70395 -0.0578716
37.2822 23.6959 -5.73069 -0.761869 -0.645263 -0.0503944
37.9854 22.7152 -5.76928 -0.859462 -0.506347 -0.0701638
38.6367 21.4404 -5.70525 -0.920322 -0.387036 -0.0457665
38.9852 20.3672 -5.74369 -0.958366 -0.284226 -0.0268105
39.2018 19.2385 -5.57035 -0.991982 -0.123619 -0.0236698
39.1979 19.1417 -4.35273 -0.98763 -0.155737 -0.0181568
39.1963 19.1889 -3.14636 -0.986168 -0.164358 0.0195511
39.2084 19.2675 -1.86828 -0.984278 -0.174193 0.0288533
39.2307 19.2795 -0.67152 -0.979441 -0.199286 0.0313218
39.2347 19.2366 0.431463 -0.978158 -0.207322 -0.0141798
39.2344 19.3018 1.89406 -0.979571 -0.2 0.0184965
39.2326 19.2653 3.0627 -0.983475 -0.180329 -0.0156618
39.2264 19.257 4.14169 -0.984142 -0.176836 0.00965328
39.2395 19.2709 5.32503 -0.983079 -0.180823 0.029287
39.0496 20.2143 5.70508 -0.970231 -0.237283 0.039829
38.7593 21.2663 5.72247 -0.940594 -0.333343 0.0458095
38.2394 22.3816 5.72511 -0.88281 -0.467583 0.0442337
37.6619 23.2961 5.67196 -0.799588 -0.598127 0.0538471
36.7827 24.2706 5.69972 -0.701481 -0.710724 0.0408445
35.8637 25.0503 5.71808 -0.629335 -0.775606 0.047563
34.6676 25.8545 5.69216 -0.500451 -0.864796 0.040744
33.4844 26.4327 5.70703 -0.355779 -0.933653 0.0387157
32.9622 26.621 5.71724 -0.311678 -0.949794 0.0273626
33.071 26.6287 6.78788 -0.339192 -0.939185 0.0520708
31.8091 27.0294 6.77135 -0.272793 -0.960225 0.0590315
30.4339 27.3861 6.77591 -0.239325 -0.970088 0.0403993
29.3247 27.629 6.69158 -0.210961 -0.977183 0.024672
29.0077 27.6753 5.55074 -0.208271 -0.977914 0.0163494
29.0392 27.6589 4.45541 -0.212775 -0.977086 0.00548419
29.0133 27.6599 3.33476 -0.210394 -0.977606 0.00407886
29.0107 27.6464 2.11628 -0.208756 -0.977898 0.0116981
29.0092 27.64 0.883292 -0.210055 -0.977681 -0.00391536
29.0417 27.6393 -0.288428 -0.207441 -0.978229 -0.00578895
29.0087 27.658 -1.40025 -0.203149 -0.979089 -0.0106973
29.0351 27.6647 -2.64876 -0.207851 -0.978082 -0.0110034
28.9862 27.6848 -3.83071 -0.205383 -0.978639 -0.00912081
29.0198 27.6966 -5.08955 -0.212093 -0.977131 -0.0152001
29.0718 27.7069 -6.27609 -0.207138 -0.978174 -0.016397
29.8631 27.5444 -6.80794 -0.220937 -0.974949 -0.025719
30.988 27.2811 -6.78252 -0.244388 -0.968928 -0.034731
32.1053 26.9658 -6.78544 -0.283993 -0.958221 -0.0339121
33.1442 26.6243 -6.79542 -0.35852 -0.930497 -0.075079
34.3947 26.0605 -6.79342 -0.431466 -0.898275 -0.0831081
35.3972 25.5036 -6.80577 -0.520899 -0.84791 -0.0979559
36.3618 24.7535 -6.80188 -0.657623 -0.747651 -0.0792198
37.1973 23.8856 -6.80153 -0.762488 -0.63841 -0.104879
38.0443 22.8417 -6.84261 -0.783815 -0.603118 -0.143252
38.5289 21.8678 -6.82348 -0.925915 -0.358925 -0.117696
38.9177 20.7991 -6.78821 -0.945969 -0.31458 -0.0783794
39.2047 19.5953 -6.84347 -0.985296 -0.165632 -0.033214
39.3104 18.4502 -6.79975 -0.998322 -0.052743 -0.0229198
39.3264 18.0445 -5.88913 -0.99686 -0.0748556 0.0152861
39.3362 18.0792 -4.81733 -0.993316 -0.11538 -0.00312907
39.3614 18.1016 -3.73371 -0.988368 -0.147593 0.0348679
39.3853 18.1604 -2.33735 -0.987396 -0.15752 0.0148244
39.4072 18.1913 -1.25318 -0.986784 -0.160057 0.0250985
39.4229 18.192 -0.14987 -0.987997 -0.154353 0.00574163
39.419 18.1963 0.997469 -0.98689 -0.161199 -0.000984445
39.4125 18.2582 2.17174 -0.989965 -0.140709 -0.00769534
39.4126 18.1762 3.36075 -0.990859 -0.134793 -0.0052503
39.3968 18.1849 4.60048 -0.98846 -0.149731 -0.00107186
39.4134 18.1179 5.68529 -0.993556 -0.111964 -0.0172126
39.3829 18.5655 6.63528 -0.995038 -0.0933799 0.0321472
39.2073 19.8268 6.77845 -0.984471 -0.160427 0.0706298
38.9256 20.9727 6.77444 -0.943149 -0.319153 0.0913057
38.5463 21.984 6.79434 -0.907846 -0.395069 0.127015
38.0401 22.9344 6.78348 -0.862513 -0.489657 0.123539
37.3389 23.8592 6.77428 -0.714639 -0.689747 0.0986804
36.4703 24.642 6.74427 -0.66474 -0.738929 0.101078
35.517 25.3804 6.77054 -0.572688 -0.818287 0.0493446
34.3673 26.1054 6.73027 -0.459092 -0.88468 0.0675651
33.1853 26.5858 6.78501 -0.348839 -0.936434 0.0367332
