-29.1995 21.1121 4.46328 0.29043 -0.956877 -0.00369629
-29.1735 21.1209 3.64257 0.283998 -0.958822 -0.00226483
-29.2476 21.1019 2.70236 0.296121 -0.955143 -0.00191142
-29.4148 21.0485 1.71907 0.292085 -0.956365 0.00561923
-29.3484 21.0634 0.796015 0.279507 -0.960129 0.00518752
-29.3035 21.07 -0.194041 0.28251 -0.959237 0.00701469
-29.385 21.0409 -1.1293 0.278761 -0.960353 0.00372023
-29.3674 21.0434 -2.01228 0.274675 -0.961527 0.00323507
-29.2877 21.0582 -2.97171 0.271679 -0.962345 0.00894063
-29.2069 21.0736 -3.86251 0.267983 -0.963384 0.00829048
-29.1815 21.076 -4.45681 0.264541 -0.964351 0.00675723
-29.9602 20.8625 -4.57669 0.261483 -0.965198 0.00422316
-30.0025 20.8553 -3.73361 0.265068 -0.964217 0.00480423
-30.0396 20.8497 -2.64606 0.267395 -0.963582 0.00325832
-30.1206 20.8295 -1.50603 0.269662 -0.962949 0.000741835
-30.0372 20.8525 -0.596441 0.272118 -0.962249 0.00202451
-30.0057 20.8689 0.315774 0.278663 -0.960363 0.00704648
-30.1283 20.8373 1.14056 0.27708 -0.960845 0.00121595
-30.1463 20.8333 1.97849 0.279576 -0.960122 0.0017192
-29.9742 20.8845 2.87475 0.282209 -0.959353 0.000643226
-29.8976 20.9062 3.69613 0.283998 -0.958824 -0.00117486
-29.9835 20.8769 4.56757 0.285383 -0.958399 -0.00524414
-30.7939 20.6429 4.52586 0.275456 -0.961298 -0.00535641
-30.6219 20.6962 3.40351 0.276257 -0.961082 -0.00190488
-30.8169 20.6414 2.48253 0.274693 -0.961532 -7.19697e-05
-30.9054 20.6156 1.60948 0.273184 -0.961962 0.000666156
-30.789 20.6478 0.742278 0.273475 -0.96187 0.0036797
-30.7119 20.6669 -0.0788778 0.265861 -0.96401 0.00171089
-30.8503 20.6285 -1.02202 0.263917 -0.964545 -0.000720949
-30.8066 20.6399 -2.04037 0.264704 -0.964329 0.000683246
-30.7598 20.6508 -2.91258 0.262959 -0.964798 0.00423519
-30.7764 20.6449 -3.8052 0.254807 -0.966992 1.9215e-05
-30.7494 20.6517 -4.20438 0.256883 -0.96644 -0.000905668
-31.5886 20.4322 -4.30526 0.252877 -0.967497 -0.00160624
-31.5816 20.4331 -3.48232 0.253797 -0.967257 -0.00115689
-31.578 20.4326 -2.60863 0.254037 -0.967193 -0.00175687
-31.5678 20.4345 -1.68799 0.26059 -0.965449 -0.000843738
-31.5753 20.4313 -0.689472 0.260483 -0.965477 -0.00146068
-31.5871 20.4259 0.203003 0.263584 -0.964633 -0.0023498
-31.5711 20.4297 1.17798 0.267757 -0.963484 -0.00197785
-31.5922 20.4217 2.00544 0.266836 -0.963738 -0.00280569
-31.5851 20.4221 2.96864 0.271704 -0.962379 0.000695319
-31.5913 20.419 3.90541 0.270632 -0.962679 -0.00278998
-31.5956 20.4165 4.32689 0.270738 -0.962649 -0.00291059
-32.3877 20.1953 4.3189 0.266803 -0.963749 -0.00219467
-32.3496 20.2082 3.36301 0.266323 -0.963878 -0.00325393
-32.3423 20.2125 2.45709 0.264924 -0.964264 -0.00309826
-32.3636 20.2097 1.62411 0.265636 -0.964069 -0.00279799
-32.3386 20.2191 0.730198 0.262382 -0.964957 -0.00376061
-32.3111 20.2298 -0.102076 0.261121 -0.965301 -0.0031478
-32.3494 20.2232 -0.971218 0.258184 -0.966084 -0.00455644
-32.3654 20.223 -2.03347 0.255797 -0.966724 -0.00366639
-32.3268 20.2363 -2.8553 0.254473 -0.967075 -0.00307052
-32.3566 20.2314 -3.93715 0.252011 -0.967723 -0.00187752
-32.3342 20.2387 -4.55252 0.25079 -0.968037 -0.00291916
-33.1262 20.0335 -4.55758 0.250377 -0.968141 -0.00367283
-33.1553 20.023 -3.7173 0.251822 -0.967765 -0.00397366
-33.0274 20.0513 -2.5956 0.253112 -0.967427 -0.004328
-33.2146 19.9963 -1.68658 0.255821 -0.966704 -0.00619084
-33.1872 19.9977 -0.751241 0.259587 -0.965697 -0.00662305
-33.0524 20.0279 0.199693 0.26167 -0.965141 -0.00568386
-33.1118 20.0065 1.20003 0.263498 -0.964644 -0.00552962
-33.2001 19.9784 2.08304 0.264732 -0.964317 -0.00316485
-33.1409 19.9901 3.28062 0.266129 -0.96393 -0.00386794
-33.116 19.994 4.16245 0.266957 -0.963706 -0.00215264
-33.1574 19.9822 4.32665 0.267135 -0.963657 -0.0019323
-33.8937 19.7771 4.46182 0.267983 -0.96342 -0.00260584
-33.8816 19.7837 3.51353 0.267478 -0.963556 -0.00400084
-33.9158 19.7794 2.42564 0.266816 -0.963736 -0.00469316
-33.9435 19.7775 1.404 0.265566 -0.964064 -0.00727081
-33.8253 19.8168 0.432643 0.261734 -0.965097 -0.00908797
-33.9179 19.799 -0.449904 0.259869 -0.965619 -0.00698773
-33.9747 19.7923 -1.47566 0.257962 -0.966114 -0.00884193
-33.8606 19.831 -2.45666 0.255699 -0.966728 -0.00724638
-33.8618 19.8373 -3.44014 0.253707 -0.967264 -0.00560221
-33.8879 19.8342 -4.27022 0.253114 -0.967424 -0.00480737
-33.8751 19.8388 -4.50164 0.253151 -0.967411 -0.00549635
-34.6311 19.6388 -4.34542 0.255693 -0.966744 -0.00512286
-34.609 19.6401 -3.47175 0.256226 -0.966598 -0.00604762
-34.6297 19.6276 -2.52097 0.256243 -0.966571 -0.00892103
-34.7066 19.5979 -1.57564 0.25822 -0.966033 -0.0101464
-34.692 19.5913 -0.554189 0.261282 -0.965212 -0.00984986
-34.5889 19.6093 0.359867 0.263509 -0.964595 -0.0109361
-34.6872 19.5717 1.39393 0.266774 -0.963717 -0.00901179
-34.6593 19.5723 2.45276 0.270323 -0.962752 -0.00582638
-34.6341 19.5745 3.37909 0.269804 -0.962906 -0.00392324
-34.6421 19.5689 4.23864 0.271225 -0.962512 -0.0023519
-34.6426 19.5686 4.3724 0.270193 -0.962803 -0.00183792
-30.6572 20.675 5.34675 0.273912 -0.961709 -0.0093092
-31.5225 20.432 5.34063 0.269559 -0.962966 -0.0058574
-32.3628 20.1999 5.30083 0.266199 -0.963915 -0.00245697
-33.2915 19.9432 5.30535 0.267214 -0.963636 -0.00120721
-34.2513 19.6757 5.34928 0.269591 -0.962974 -0.00114076
-35.1976 19.4088 5.33638 0.27278 -0.962073 -0.00252043
-35.9438 19.1957 4.98657 0.278396 -0.960462 -0.00280893
-35.9948 19.1837 4.20236 0.27886 -0.960324 -0.0037588
-36.0495 19.1726 3.26742 0.275214 -0.961361 -0.00652559
-36.0623 19.1753 2.4022 0.274588 -0.961537 -0.0068748
-36.0728 19.1817 1.51995 0.273223 -0.961873 -0.0121843
-36.0868 19.189 0.737346 0.27137 -0.962307 -0.0180144
-36.0685 19.2108 -0.224626 0.267838 -0.963307 -0.0173653
-36.0679 19.2236 -1.02342 0.265017 -0.964118 -0.0155607
-36.0488 19.2398 -1.82006 0.258981 -0.965786 -0.0136861
-36.0513 19.2506 -2.69149 0.257465 -0.966226 -0.0108216
-36.0385 19.2617 -3.58841 0.256202 -0.9666 -0.00669682
-36.0389 19.2661 -4.38059 0.25649 -0.966535 -0.00476129
-35.8432 19.3215 -5.18606 0.257273 -0.966331 -0.00395222
-34.9278 19.5658 -5.3129 0.256552 -0.966517 -0.00503277
-33.9893 19.8139 -5.36103 0.253993 -0.967192 -0.00525511
-33.0815 20.0484 -5.37913 0.249106 -0.96847 -0.00336969
-32.2879 20.2522 -5.36042 0.249542 -0.96836 -0.00244549
-31.2683 20.5165 -5.34603 0.251025 -0.96798 0.000926451
-30.4217 20.7378 -5.38022 0.253081 -0.967443 0.00192294
-29.5266 20.9756 -5.37708 0.259405 -0.965762 0.00355097
-28.7623 21.1847 -5.3503 0.266559 -0.963801 0.00584053
-28.0078 21.3971 -5.03401 0.270566 -0.962682 0.00600007
-27.9195 21.4304 -3.84672 0.267255 -0.963554 0.0115014
-27.903 21.45 -2.97879 0.271802 -0.962183 0.0180331
-27.9013 21.4658 -2.03668 0.280005 -0.959857 0.0159702
-27.9206 21.4709 -1.15287 0.286685 -0.957925 0.0137905
-27.9399 21.4776 -0.333393 0.290478 -0.956763 0.0150803
-27.9657 21.4809 0.564939 0.297483 -0.95462 0.0142893
-27.9901 21.4874 1.53624 0.299381 -0.954025 0.0143591
-27.9841 21.4977 2.42867 0.310572 -0.950487 0.0105282
-27.9461 21.5158 3.27654 0.315607 -0.948883 -0.00361034
-27.9541 21.5115 4.18685 0.322001 -0.946721 -0.00595684
-28.0514 21.4731 4.99305 0.311591 -0.950182 -0.0078224
-28.7764 21.2366 5.24847 0.30073 -0.953658 -0.00831681
-29.752 20.939 5.33188 0.285084 -0.958457 -0.00935443
-30.3055 20.7756 5.34586 0.276359 -0.960993 -0.0106431
-30.3838 20.7458 6.12038 0.273287 -0.961895 -0.00817311
-31.3947 20.4638 6.11872 0.265557 -0.964084 -0.00393988
-32.2734 20.2232 6.0891 0.265359 -0.964149 -0.000619483
-33.0291 20.0154 6.07319 0.266422 -0.963856 0.000289481
-33.8355 19.791 6.10499 0.269297 -0.963057 0.00055696
-34.8626 19.5024 6.15668 0.272445 -0.962171 -0.000594056
-35.6527 19.2774 6.11406 0.275487 -0.9613 0.00252754
-36.6213 18.9944 6.05967 0.282419 -0.95929 0.000529426
-36.7576 18.9561 5.09888 0.283571 -0.958937 -0.00522523
-36.7615 18.9594 4.30959 0.282152 -0.959351 -0.00593829
-36.7976 18.9557 3.28373 0.279535 -0.960113 -0.00657322
-36.8105 18.9577 2.47654 0.280143 -0.959929 -0.00751094
-36.8059 18.9679 1.65983 0.280724 -0.959676 -0.0146783
-36.8214 18.9838 0.575205 0.275004 -0.961275 -0.0179482
-36.8375 19.0025 -0.487148 0.268736 -0.962968 -0.0216951
-36.8007 19.0293 -1.31371 0.260898 -0.965207 -0.0174923
-36.8081 19.0438 -2.27755 0.255125 -0.966787 -0.0149785
-36.8058 19.0548 -3.19177 0.256627 -0.966475 -0.00826311
-36.8226 19.0544 -4.02482 0.259965 -0.965612 -0.00335022
-36.8377 19.0535 -4.82445 0.259232 -0.965796 -0.00572521
-36.7438 19.0845 -5.84562 0.255688 -0.966756 -0.00146041
-36.0326 19.2746 -6.13023 0.259391 -0.965767 -0.00293222
-35.2263 19.4907 -6.10201 0.258584 -0.965973 -0.00531317
-34.1265 19.7823 -6.12998 0.252171 -0.967674 -0.0021784
-33.1958 20.0217 -6.15931 0.248995 -0.968499 -0.00337326
-32.2861 20.2549 -6.13715 0.244898 -0.969547 -0.000868357
-31.3841 20.4842 -6.0979 0.250205 -0.968189 0.00243023
-30.2623 20.7767 -6.15851 0.25268 -0.967538 0.00474637
-29.2999 21.0313 -6.14319 0.262624 -0.964868 0.00631879
-28.5148 21.2483 -6.14202 0.267677 -0.963488 0.00619039
-27.7383 21.4652 -6.14086 0.275451 -0.961259 0.00933027
-27.2131 21.6224 -5.66885 0.281346 -0.959582 0.00678676
-27.1549 21.6462 -4.78226 0.283297 -0.959003 0.0075273
-27.1442 21.6577 -3.71546 0.290466 -0.956826 0.0105533
-27.1619 21.6666 -2.91011 0.28876 -0.957226 0.0181202
-27.1562 21.685 -2.03218 0.284352 -0.958543 0.0184297
-27.1811 21.6956 -1.02988 0.287572 -0.957574 0.0184569
-27.2139 21.7017 -0.135263 0.292561 -0.956111 0.0160794
-27.2077 21.7218 0.712879 0.303895 -0.95258 0.0154132
-27.2489 21.7265 1.73473 0.314313 -0.949069 0.0211092
-27.2208 21.7552 2.74235 0.318058 -0.947947 0.0153499
-27.199 21.7721 3.76285 0.328954 -0.944321 0.00496437
-27.244 21.7567 4.6147 0.334603 -0.942358 0.000346095
-27.2634 21.7397 5.61014 0.346288 -0.938003 -0.0152528
-27.9351 21.4945 5.99911 0.31562 -0.948664 -0.0190326
-28.7751 21.2283 6.05487 0.297159 -0.954723 -0.0141683
-29.5595 20.9867 6.11919 0.290521 -0.956747 -0.0141088
-30.0076 20.8536 6.11344 0.278749 -0.960281 -0.0114986
-30.0545 20.828 6.8927 0.274716 -0.961336 -0.0190238
-29.1704 21.0874 6.91514 0.292376 -0.955957 -0.0253615
-28.4103 21.3266 6.8729 0.308321 -0.951069 -0.0201314
-27.6295 21.5789 6.86676 0.31077 -0.950301 -0.0185101
-26.7688 21.9008 6.84572 0.379466 -0.924863 -0.0248529
-26.5086 22.019 5.99783 0.360289 -0.932828 -0.004806
-26.5267 22.0176 5.19353 0.347826 -0.937536 -0.00644805
-26.5054 22.0248 4.18068 0.347174 -0.937768 0.00769807
-26.4508 22.033 3.1872 0.341368 -0.939793 0.0159406
-26.5015 21.9918 2.12944 0.332012 -0.942815 0.0288526
-26.495 21.9637 1.21623 0.312472 -0.949636 0.0234489
-26.4647 21.9456 0.25173 0.298487 -0.954021 0.0273789
-26.4423 21.928 -0.645321 0.292271 -0.956086 0.021722
-26.4286 21.9138 -1.42631 0.287043 -0.957713 0.0197649
-26.4187 21.8993 -2.34849 0.289682 -0.957043 0.0119508
-26.4079 21.8895 -3.16422 0.289414 -0.957045 0.0173413
-26.3787 21.8839 -4.01357 0.286226 -0.95811 0.00998911
-26.3894 21.871 -5.10614 0.285371 -0.958382 0.0081121
-26.4257 21.8611 -6.17501 0.294435 -0.95567 -0.000816981
-26.8975 21.7087 -6.8885 0.293085 -0.955952 0.0155588
-27.8026 21.4311 -6.95378 0.279063 -0.959552 0.036036
-28.5686 21.2267 -6.93536 0.264989 -0.964194 0.0103446
-29.4218 20.9871 -6.94881 0.269061 -0.96288 0.0201793
-30.4656 20.7193 -6.94216 0.244566 -0.969568 0.00769374
-31.2667 20.5097 -6.89374 0.257353 -0.966258 0.0107126
-32.1084 20.2941 -6.90867 0.232366 -0.972599 0.00656824
-33.1713 20.0341 -6.94482 0.249088 -0.968423 -0.010607
-34.0692 19.7952 -6.89858 0.249634 -0.968326 0.00523754
-34.8648 19.5933 -6.92044 0.258288 -0.965996 -0.0115103
-35.8758 19.3185 -6.94654 0.261378 -0.965236 -0.0011136
-36.7827 19.0721 -6.96369 0.259029 -0.965858 0.00393925
-37.5242 18.8778 -6.66339 0.254674 -0.96699 0.00821869
-37.5616 18.8672 -5.66564 0.255534 -0.966739 -0.0104389
-37.5876 18.8476 -4.4785 0.263182 -0.964686 -0.00934159
-37.5546 18.8557 -3.6139 0.260294 -0.965518 0.00461641
-37.5837 18.8475 -2.78189 0.245197 -0.969456 -0.00552721
-37.5947 18.8261 -1.88686 0.261329 -0.965057 -0.0192643
-37.5773 18.8131 -1.01786 0.259954 -0.96527 -0.0259919
-37.5664 18.791 -0.168997 0.270292 -0.962474 -0.0242042
-37.5554 18.7721 0.66874 0.274411 -0.961211 -0.027716
-37.554 18.7514 1.56947 0.28435 -0.9584 -0.0242332
-37.5414 18.7412 2.46985 0.287936 -0.957624 -0.00651677
-37.5407 18.7379 3.27443 0.282744 -0.959178 -0.00574334
-37.5359 18.7314 4.23776 0.285349 -0.958376 -0.00945667
-37.5041 18.7339 5.08159 0.287483 -0.957759 -0.00709226
-37.5647 18.7096 5.90075 0.29122 -0.956638 -0.00572433
-37.1913 18.8191 6.90142 0.305334 -0.952198 -0.00941967
-36.3674 19.0711 6.91144 0.289565 -0.957153 0.00290832
-35.4795 19.329 6.90462 0.27037 -0.962745 0.00452648
-34.6641 19.5581 6.9072 0.269216 -0.963077 -0.000787737
-33.5956 19.8587 6.91262 0.269693 -0.962946 0.000713465
-32.8122 20.0763 6.89626 0.266048 -0.963957 0.00213427
-31.9537 20.31 6.8851 0.261993 -0.965069 -0.000541558
-31.1587 20.526 6.88666 0.264199 -0.964463 -0.00264405
-30.2733 20.7658 6.89375 0.272369 -0.961989 -0.0197542
