6.58552 26.1595 -1.56979 0.263121 -0.96444 0.0249051
6.55092 26.1273 -2.58864 0.259793 -0.965301 0.025437
5.77651 25.9309 -3.0413 0.208102 -0.978079 0.00724535
5.81215 25.9532 -1.95455 0.218004 -0.975499 0.0285442
5.88702 25.9793 -0.831849 0.243341 -0.969488 0.00561194
5.84978 25.975 0.282217 0.194848 -0.980803 0.0037942
6.01022 26.0257 1.67383 0.23178 -0.972702 -0.0103026
5.88486 25.9604 2.78192 0.228476 -0.973494 -0.00429939
5.80083 25.9403 3.08045 0.21882 -0.975753 -0.00452869
4.93038 25.7774 3.02439 0.177379 -0.98386 -0.0227122
5.27088 25.8528 1.9496 0.18046 -0.983463 -0.0120935
5.03851 25.817 0.974308 0.182304 -0.983178 -0.00795662
5.13887 25.8373 -0.050138 0.183435 -0.983022 -0.0013733
5.11727 25.8244 -1.14007 0.17031 -0.985335 0.00826663
5.08695 25.8021 -2.1314 0.177563 -0.984008 0.0123926
4.98771 25.7816 -3.2116 0.150867 -0.988505 0.00852554
4.2228 25.6694 -2.84088 0.129103 -0.991625 0.00100406
4.23916 25.6773 -1.78514 0.149752 -0.988712 0.00357578
4.20691 25.6754 -0.842859 0.137346 -0.990493 -0.00227446
4.24883 25.6792 0.205848 0.154068 -0.987931 0.0157392
4.35812 25.7018 1.17762 0.148296 -0.988932 -0.00452906
4.20691 25.677 2.21773 0.127528 -0.991811 0.00597668
4.18969 25.668 3.06934 0.128591 -0.991578 -0.0153823
3.44802 25.5755 2.88934 0.122397 -0.99242 -0.0109383
3.45831 25.5747 1.59673 0.124878 -0.99214 0.00752979
3.45043 25.5667 0.332015 0.120524 -0.99267 0.00651709
3.46297 25.5735 -0.761159 0.132614 -0.991127 -0.00283028
3.45242 25.572 -1.81681 0.124264 -0.992238 -0.00291105
3.45782 25.573 -2.85526 0.123151 -0.992386 0.00155291
3.45782 25.5729 -2.98747 0.123289 -0.99237 0.000477586
2.43403 25.4572 -2.99362 0.104259 -0.994523 -0.00737606
2.58081 25.4682 -2.05767 0.117458 -0.993067 -0.0039464
2.67927 25.4785 -1.03469 0.11722 -0.993102 -0.0023711
2.6302 25.47 0.0120063 0.106283 -0.994334 0.0020536
2.54482 25.4633 0.991156 0.110007 -0.993931 -0.000101006
2.67914 25.4839 1.91105 0.114819 -0.993345 0.00905248
2.66843 25.4826 2.85007 0.116285 -0.993198 -0.00568108
2.6031 25.476 3.1817 0.0985022 -0.995129 0.00393479
1.8407 25.4011 3.12482 0.0963263 -0.995338 0.00470216
1.88789 25.398 1.89693 0.100988 -0.994852 0.00836488
1.77313 25.3815 0.856222 0.0955312 -0.995426 0.00118997
1.868 25.3914 -0.265615 0.0983399 -0.99515 -0.00255192
1.91299 25.398 -1.27686 0.0988978 -0.995095 -0.00214115
1.69052 25.3791 -2.44615 0.0977347 -0.995199 -0.00451349
1.67649 25.3817 -3.00309 0.0956718 -0.995397 -0.00561448
1.02567 25.3135 -1.86279 0.0933779 -0.995629 -0.00126481
1.13323 25.3224 -0.882778 0.0930431 -0.995661 -0.00151984
1.03142 25.3107 0.391289 0.0899828 -0.995942 -0.000181426
1.0489 25.3147 1.3582 0.0893882 -0.995988 0.00415271
1.13659 25.3289 2.33294 0.0938213 -0.995555 0.00804679
1.1123 25.3289 2.65431 0.0958992 -0.995364 0.00723459
7.72015 26.5426 0.369685 0.351533 -0.936041 0.0147125
7.72062 26.5386 -1.0675 0.353348 -0.93545 -0.00413089
7.69717 26.5081 -2.3727 0.360669 -0.932247 0.0284043
7.67125 26.4648 -3.90163 0.349234 -0.936807 0.00677438
6.70836 26.1343 -4.39829 0.288684 -0.956906 0.0298376
5.53395 25.8564 -4.4158 0.20296 -0.978837 0.0258411
4.14673 25.642 -4.40793 0.120084 -0.992752 0.00472456
2.90979 25.5047 -4.36555 0.101978 -0.99477 0.00552633
1.47603 25.3672 -4.31043 0.0942441 -0.995545 -0.000417496
0.189738 25.2527 -4.2719 0.0837636 -0.996445 -0.0090025
-0.146869 25.2123 -2.97354 0.0883399 -0.996074 -0.0055479
-0.145829 25.2062 -1.67142 0.0908161 -0.995864 -0.002576
-0.194202 25.1995 -0.412551 0.0909818 -0.995852 2.99309e-05
-0.186942 25.2023 0.878889 0.0901215 -0.995928 0.0023035
-0.132974 25.2121 2.19549 0.0906881 -0.995867 0.00492302
-0.0977164 25.2273 3.61836 0.0876388 -0.996097 0.0103634
0.962924 25.3247 4.32844 0.0835699 -0.996462 0.00896056
2.15424 25.4315 4.36828 0.0929488 -0.99567 -0.000271772
3.37017 25.5539 4.32932 0.106444 -0.994312 -0.00188973
4.70055 25.7191 4.33935 0.154003 -0.98804 0.00206172
5.91606 25.9477 4.37881 0.21079 -0.977043 -0.0308814
7.08143 26.2576 4.29979 0.324618 -0.945491 -0.0234034
7.69009 26.4957 3.29929 0.33917 -0.940606 -0.0135103
7.70078 26.5253 1.89559 0.359633 -0.932991 -0.0135284
7.71309 26.5438 0.745534 0.354897 -0.934843 0.0107432
8.81759 26.9995 0.901641 0.424529 -0.904246 0.0331416
8.8034 26.993 2.15079 0.41581 -0.909367 -0.0101281
8.8088 26.9555 3.56545 0.411571 -0.910611 -0.0371756
8.86234 26.9386 4.8392 0.404621 -0.914328 -0.0136231
8.10974 26.5938 5.49456 0.387448 -0.92075 -0.0455267
6.87403 26.1648 5.52085 0.28958 -0.956314 -0.015322
5.62361 25.8573 5.54041 0.176194 -0.983942 -0.0246954
4.26527 25.6496 5.51257 0.124296 -0.991797 -0.0287689
2.96949 25.5081 5.52792 0.0971026 -0.995252 -0.00493346
1.74647 25.3972 5.54338 0.0812491 -0.99669 0.00238757
0.534146 25.3014 5.49734 0.0761134 -0.997059 0.00854916
-0.794098 25.1981 5.45682 0.077884 -0.99671 0.0223186
-1.30224 25.1362 4.55853 0.0901363 -0.995624 0.0244196
-1.32085 25.1132 3.25109 0.0925604 -0.995625 0.0127908
-1.31493 25.1005 1.72298 0.0960682 -0.995361 0.00526187
-1.36052 25.091 0.269348 0.0934726 -0.99562 0.00172836
-1.34289 25.0946 -1.03959 0.0948834 -0.995481 -0.00238659
-1.30395 25.1043 -2.34456 0.0946801 -0.995476 -0.00799434
-1.33366 25.1134 -3.58198 0.0906507 -0.995806 -0.0123609
-1.30357 25.1371 -4.94175 0.0826765 -0.996447 -0.0159254
-0.422101 25.2128 -5.54616 0.0774223 -0.99696 -0.00866431
0.771525 25.3087 -5.51339 0.0840674 -0.996454 -0.00335431
2.07746 25.4218 -5.52368 0.0908392 -0.995864 -0.000321662
3.34412 25.5439 -5.55151 0.104359 -0.994533 0.0037162
4.6852 25.6949 -5.61535 0.120135 -0.992698 0.0100548
5.98104 25.9147 -5.58969 0.198631 -0.979671 0.0274944
7.25443 26.2542 -5.59055 0.311426 -0.949414 0.0357826
8.55339 26.7774 -5.47424 0.376761 -0.925575 0.0366706
8.83736 26.9427 -4.42619 0.435915 -0.899601 0.0262119
8.79106 26.9554 -3.16605 0.403716 -0.914698 0.0183881
8.83129 26.991 -1.85835 0.400162 -0.916427 0.00570655
8.82447 26.978 -0.55352 0.401849 -0.915526 -0.0158091
8.84006 26.9823 0.515162 0.405213 -0.912398 0.0542241
9.88358 27.5193 0.636724 0.470117 -0.882592 0.00418279
9.88841 27.517 -0.573631 0.47089 -0.882124 0.0086802
9.90168 27.5153 -1.91373 0.459141 -0.888353 0.00362512
9.87566 27.4883 -3.14682 0.46426 -0.885488 0.0191755
9.9363 27.4808 -4.46587 0.447418 -0.893847 0.0291969
9.9439 27.425 -6.04805 0.461068 -0.886376 0.041865
9.0118 26.9093 -6.73206 0.438473 -0.895701 0.0707976
7.7733 26.354 -6.77873 0.367624 -0.924906 0.0969627
6.59793 26.0181 -6.76849 0.254699 -0.965027 0.062062
5.20418 25.7467 -6.79492 0.12196 -0.992093 0.0295372
3.96371 25.6015 -6.75499 0.0978589 -0.995167 0.00793706
2.59855 25.4693 -6.74724 0.0916149 -0.995783 0.00485309
1.4119 25.3659 -6.74937 0.0856821 -0.996319 -0.00183042
-0.0634609 25.2502 -6.76817 0.0712768 -0.997441 -0.0050284
-1.42771 25.1621 -6.73963 0.0540803 -0.998489 -0.00973513
-2.50419 25.0784 -6.28527 0.073979 -0.996519 -0.0382466
-2.50908 25.0278 -4.81887 0.0890934 -0.995608 -0.0281765
-2.50166 25.0007 -3.33026 0.0953347 -0.995291 -0.0175251
-2.49267 24.9871 -1.97403 0.100895 -0.994859 -0.00860602
-2.51571 24.9775 -0.630503 0.101315 -0.994852 -0.00202342
-2.54433 24.9719 0.608783 0.105906 -0.994375 -0.00153208
-2.48568 24.9843 1.81491 0.0994692 -0.994997 0.00903215
-2.51937 24.9993 3.33793 0.101492 -0.994738 0.0135842
-2.47836 25.0342 4.85806 0.0969059 -0.995012 0.0233268
-2.52294 25.0804 6.11586 0.0847368 -0.995313 0.0464563
-1.54563 25.1783 6.7104 0.0652121 -0.997317 0.033248
0.0463881 25.2796 6.71392 0.0537066 -0.998449 0.0138876
1.4647 25.3777 6.73059 0.0782297 -0.996931 -0.00139886
2.73779 25.4833 6.68944 0.0862975 -0.996268 -0.00165287
4.16797 25.6106 6.70354 0.103178 -0.994424 -0.0186293
5.41993 25.7622 6.70229 0.146477 -0.98573 -0.0763846
6.74091 26.0285 6.72973 0.232352 -0.970031 -0.0709196
7.99441 26.4519 6.70409 0.384169 -0.917596 -0.0985871
9.322 27.0545 6.71275 0.452269 -0.886841 -0.0887924
9.93435 27.4422 5.85903 0.48301 -0.875193 -0.0263058
9.93714 27.5 4.50967 0.490247 -0.871212 -0.0245769
9.86328 27.4916 3.08285 0.467674 -0.883557 -0.023643
9.86123 27.5019 1.78727 0.463108 -0.886299 -0.00193097
9.87952 27.5166 0.781545 0.464749 -0.885381 -0.00961018
