38.8165 22.4067 3.34365 -0.897308 -0.440835 0.0215721
38.8564 22.3183 2.30967 -0.887807 -0.459363 -0.0222172
38.8718 22.2596 1.28977 -0.88578 -0.463855 -0.00706981
38.8543 22.3213 0.024401 -0.899719 -0.436017 0.0186175
38.8235 22.3275 -1.04962 -0.909289 -0.414193 0.0402725
38.8207 22.3109 -2.30575 -0.910817 -0.412642 -0.00983514
38.8045 22.3983 -3.27754 -0.905597 -0.422397 -0.0382929
38.8059 22.4007 -3.34252 -0.901128 -0.432637 -0.0199496
38.3666 23.1281 -3.50619 -0.818407 -0.573138 -0.0237282
38.4421 23.04 -2.41775 -0.829634 -0.556126 0.0489157
38.4648 23.0358 -1.302 -0.87831 -0.478011 0.00277978
38.4222 23.0922 -0.339899 -0.841172 -0.540283 -0.0228279
38.4633 22.9894 0.684298 -0.834017 -0.55124 -0.0148156
38.48 23.0124 1.79625 -0.838437 -0.541925 0.0488683
38.4127 23.134 3.28619 -0.816654 -0.576379 0.0223982
38.4133 23.1457 3.4633 -0.830651 -0.555648 0.0261822
37.9085 23.8214 3.38232 -0.77843 -0.626819 0.0269522
37.9369 23.7241 2.29772 -0.756575 -0.65168 0.0537957
37.9687 23.6497 1.10572 -0.779289 -0.625991 -0.015803
37.9047 23.7699 -0.175297 -0.782387 -0.621306 -0.032747
38.0139 23.7076 -1.29904 -0.743107 -0.668925 -0.0181861
37.9732 23.7205 -2.55716 -0.802928 -0.593422 0.053313
37.8547 23.8359 -3.46461 -0.781163 -0.621616 -0.0358696
37.2537 24.4823 -3.62574 -0.702604 -0.71026 -0.043236
37.4781 24.296 -2.42996 -0.729753 -0.681675 0.0477694
37.4799 24.2951 -1.32149 -0.722234 -0.691515 -0.0124665
37.3061 24.4414 -0.28673 -0.68953 -0.723709 -0.024574
37.3976 24.3005 0.874154 -0.718119 -0.695873 -0.00295617
37.4006 24.3005 1.89821 -0.736733 -0.674691 0.0361399
37.3546 24.435 3.17112 -0.724819 -0.688107 0.0317127
37.3556 24.4439 3.32906 -0.727256 -0.685101 0.0415483
36.7394 25.0211 3.38974 -0.647687 -0.761803 -0.0124995
36.7232 24.9952 2.41909 -0.696405 -0.717324 0.00536282
36.8141 24.896 1.22445 -0.703274 -0.710822 0.00781099
36.7229 24.9743 0.143274 -0.653143 -0.756766 -0.00924689
36.7273 24.9867 -0.846898 -0.655905 -0.754545 -0.00694032
36.9878 24.7891 -1.7974 -0.639321 -0.768828 0.00412349
36.7185 24.9872 -2.91221 -0.689221 -0.724313 0.0185711
36.7129 24.9802 -3.37625 -0.68487 -0.72784 -0.0127864
36.1745 25.4232 -3.53848 -0.579145 -0.814716 -0.0262101
36.1392 25.4478 -2.38816 -0.611998 -0.790713 0.0152368
36.1954 25.4118 -1.35623 -0.603805 -0.79713 -0.00198992
35.9779 25.5679 -0.420089 -0.556899 -0.830545 -0.00368419
36.0883 25.4995 0.763982 -0.572751 -0.819499 0.0163714
36.091 25.5217 1.92046 -0.583349 -0.811924 0.0111304
36.0695 25.5363 3.14393 -0.59309 -0.80489 -0.0160927
36.0579 25.5382 3.61095 -0.578904 -0.815148 -0.0200551
35.3142 26.0213 3.54545 -0.517413 -0.85556 -0.000252898
35.2604 26.0801 2.55084 -0.515005 -0.856851 -0.0147355
35.3227 26.0265 1.59459 -0.527294 -0.849375 0.019979
35.251 26.0411 0.480158 -0.490502 -0.871319 0.0134646
35.2675 26.0333 -0.578827 -0.522817 -0.85237 -0.0111938
35.2798 26.0454 -1.67299 -0.523806 -0.85156 -0.0181076
35.2955 26.0325 -2.7386 -0.548288 -0.836163 0.0129497
35.3226 26.0133 -3.33679 -0.534847 -0.844756 0.010231
34.6289 26.4155 -3.4184 -0.466472 -0.883914 0.0331089
34.5887 26.4521 -2.36821 -0.442353 -0.896581 -0.0101301
34.4358 26.5122 -1.28725 -0.445899 -0.894766 0.0164736
34.369 26.5598 -0.189644 -0.413478 -0.910428 -0.0111113
34.5613 26.4284 0.922601 -0.458854 -0.888421 -0.00276472
34.4699 26.4861 2.01191 -0.45079 -0.890942 0.0470117
34.4871 26.4734 3.03222 -0.438454 -0.898138 -0.0315624
34.5819 26.4171 3.49906 -0.438959 -0.898419 -0.00658132
33.8039 26.7787 3.52121 -0.399205 -0.916772 0.0127154
33.7143 26.8199 2.2407 -0.39215 -0.919758 0.00586258
33.8623 26.7634 1.17398 -0.397378 -0.91758 -0.0115841
33.6154 26.8807 0.0204709 -0.369983 -0.928949 -0.0128675
33.636 26.8849 -1.1351 -0.376601 -0.926353 -0.00197906
33.7814 26.8164 -2.19611 -0.394123 -0.918957 0.0102623
33.853 26.7814 -3.34617 -0.404772 -0.914302 0.0110075
33.8395 26.7849 -3.50353 -0.412383 -0.910882 0.0153172
33.0185 27.1112 -3.57 -0.339284 -0.94065 0.00791434
33.0065 27.123 -2.4052 -0.360303 -0.93266 0.0177198
32.8806 27.1757 -1.33087 -0.290333 -0.956909 -0.00564944
32.8565 27.172 -0.1385 -0.30229 -0.953044 -0.0178869
33.0186 27.0913 0.916888 -0.329838 -0.943969 -0.00534794
32.9952 27.094 2.16426 -0.344132 -0.938865 -0.00727545
32.9857 27.1094 3.14481 -0.350795 -0.936201 0.0180277
33.0016 27.1059 3.55081 -0.352643 -0.9357 -0.000994555
32.2693 27.3432 1.66126 -0.314079 -0.949376 0.00625461
32.2502 27.3488 1.19376 -0.307376 -0.951581 0.00201828
31.2843 27.6438 4.04051 -0.257177 -0.966075 0.0203224
31.2623 27.6337 2.51733 -0.247999 -0.968695 0.011241
31.2235 27.6413 1.28034 -0.262043 -0.965003 -0.0101116
31.2268 27.6461 0.0195441 -0.255713 -0.966724 -0.00690013
31.2336 27.6518 -1.23351 -0.258957 -0.965858 -0.00538835
31.2283 27.6586 -2.47997 -0.24725 -0.968902 -0.00963125
31.3021 27.6423 -3.77365 -0.255344 -0.96684 -0.00117859
31.8027 27.5102 -4.63722 -0.28384 -0.958766 -0.0135244
33.0449 27.1023 -4.66772 -0.348774 -0.937077 -0.0147165
34.1693 26.6374 -4.71484 -0.429928 -0.902142 -0.0107962
35.2205 26.0624 -4.70592 -0.502713 -0.864451 0.00194301
36.3827 25.2924 -4.71238 -0.60193 -0.798201 0.0116875
37.2483 24.5318 -4.69908 -0.694207 -0.719697 -0.00820852
38.0981 23.576 -4.72174 -0.793544 -0.608472 -0.00588087
38.8035 22.4652 -4.67494 -0.894753 -0.445829 -0.0253375
39.3403 21.1317 -4.61288 -0.955911 -0.290726 0.0219949
39.4476 20.6809 -3.4179 -0.959411 -0.281459 -0.0120872
39.4318 20.6921 -2.18322 -0.954957 -0.296401 -0.0142573
39.4297 20.7014 -0.904145 -0.950071 -0.310664 0.01682
39.4688 20.7198 0.307264 -0.956976 -0.288334 0.0255578
39.4851 20.7211 1.47301 -0.954904 -0.296232 0.012198
39.5149 20.7526 3.07891 -0.956028 -0.292793 -0.000972804
39.4797 20.7814 4.22086 -0.956449 -0.290764 -0.0257019
39.1073 21.8447 4.65439 -0.923212 -0.383737 0.0201694
38.3599 23.2494 4.65964 -0.84623 -0.532249 0.00620674
37.5633 24.2845 4.66854 -0.747296 -0.663656 0.0283873
36.7199 25.0588 4.67937 -0.624087 -0.7809 0.022944
35.7246 25.7789 4.70409 -0.545708 -0.836264 0.0535187
34.7291 26.3536 4.70093 -0.463453 -0.885756 0.0147713
33.486 26.9254 4.64921 -0.374518 -0.927058 0.0155789
32.2808 27.3691 4.60557 -0.319124 -0.947575 0.00782552
31.3418 27.6346 4.23388 -0.246038 -0.969007 0.0209692
30.216 27.9089 4.28529 -0.222259 -0.974973 0.00508573
30.2344 27.8946 3.04463 -0.22244 -0.974862 0.0128359
30.1825 27.8965 1.49194 -0.218335 -0.975872 0.0013073
30.2001 27.899 -0.0194271 -0.224225 -0.974509 -0.00679516
30.2043 27.9069 -1.1958 -0.22527 -0.974283 -0.00482378
30.17 27.9221 -2.58768 -0.229334 -0.973308 -0.00602144
30.2549 27.9108 -3.77635 -0.2308 -0.972953 -0.00794603
30.2561 27.9264 -5.141 -0.233015 -0.972357 -0.0149877
31.0383 27.7469 -5.74509 -0.252505 -0.967031 -0.0290366
32.3197 27.3788 -5.73882 -0.288498 -0.956673 -0.0392232
33.533 26.9244 -5.75398 -0.379908 -0.923576 -0.0516057
34.787 26.3316 -5.75606 -0.463556 -0.88516 -0.0400562
35.816 25.7331 -5.76841 -0.545401 -0.836805 -0.0290547
36.8806 24.8667 -5.74537 -0.675801 -0.735754 -0.0442492
37.7278 24.0438 -5.78854 -0.727022 -0.685262 -0.0419445
38.5022 23.043 -5.7719 -0.849753 -0.522668 -0.0593511
39.1383 21.7405 -5.73687 -0.93001 -0.363794 -0.0509774
39.4934 20.6231 -5.69688 -0.964221 -0.261771 -0.0395601
39.6979 19.6427 -5.33342 -0.982956 -0.183091 -0.0135059
39.6903 19.643 -4.05078 -0.979614 -0.200614 0.0104661
39.7086 19.6437 -2.82651 -0.97863 -0.204198 0.0241638
39.6987 19.6817 -1.47491 -0.972216 -0.233804 -0.0107513
39.7216 19.685 0.0549315 -0.97619 -0.216207 0.0173796
39.7326 19.7073 1.28441 -0.977853 -0.207996 0.021489
39.7643 19.6839 2.5997 -0.985959 -0.166216 -0.0151601
39.7466 19.7102 4.03539 -0.985144 -0.171608 -0.006532
39.7318 19.7292 5.29443 -0.983458 -0.179766 0.0158164
39.5022 20.7382 5.7473 -0.963072 -0.268773 -0.000875812
39.1174 21.8625 5.73402 -0.921863 -0.386751 0.0243049
38.6282 22.8818 5.70445 -0.883599 -0.466597 0.0391569
37.9684 23.8661 5.71924 -0.790246 -0.611265 0.0389568
36.9838 24.8744 5.73033 -0.66329 -0.746441 0.0518511
36.0704 25.5976 5.76714 -0.56609 -0.823256 0.0421831
35.0336 26.2398 5.74299 -0.489304 -0.871058 0.0424227
33.9334 26.7726 5.74312 -0.426052 -0.903407 0.0481334
32.8473 27.1765 5.70711 -0.327044 -0.944141 0.0396559
31.7641 27.5243 5.65243 -0.261852 -0.965019 0.0109411
30.6655 27.8122 5.68864 -0.232705 -0.972509 0.00791697
30.2129 27.9128 4.73942 -0.221859 -0.975033 0.00760431
30.2122 27.9129 4.72831 -0.220268 -0.975423 0.00525782
29.1407 28.1511 4.60309 -0.214478 -0.97672 0.00416342
29.1858 28.134 3.27096 -0.214688 -0.976655 0.00734056
29.145 28.128 1.96734 -0.215114 -0.976554 0.00569054
29.1495 28.128 0.797988 -0.214133 -0.97679 -0.00474472
29.1588 28.1345 -0.350657 -0.212379 -0.977147 -0.00866535
29.1481 28.1443 -1.55541 -0.211536 -0.977349 -0.00641276
29.1293 28.1596 -2.82635 -0.211317 -0.977369 -0.0097727
29.2004 28.1547 -4.16952 -0.217634 -0.975963 -0.0115075
29.1419 28.1876 -5.52007 -0.218681 -0.975681 -0.0149728
29.3318 28.162 -6.66715 -0.212532 -0.976927 -0.0200219
30.5673 27.8863 -6.83559 -0.225391 -0.974051 -0.0205821
31.7633 27.5784 -6.82187 -0.27804 -0.960192 -0.0266852
32.9461 27.2112 -6.80564 -0.340707 -0.936496 -0.0830227
34.0198 26.7787 -6.84692 -0.428514 -0.900711 -0.071366
35.272 26.1333 -6.80091 -0.48013 -0.870698 -0.106362
36.2868 25.4707 -6.84034 -0.632954 -0.766845 -0.104454
37.2813 24.584 -6.81032 -0.685087 -0.710648 -0.160101
38.0759 23.7256 -6.85404 -0.768442 -0.635852 -0.0707877
38.7816 22.7348 -6.80669 -0.875064 -0.470794 -0.111888
39.2716 21.5204 -6.82339 -0.93316 -0.355936 -0.05022
39.59 20.3951 -6.80094 -0.982155 -0.182467 -0.0451386
39.7669 19.2308 -6.78751 -0.992158 -0.114513 -0.0498604
39.8267 18.5118 -6.12008 -0.995435 -0.0940368 0.00343366
39.8658 18.516 -4.97976 -0.989976 -0.139735 0.0205231
39.8869 18.5841 -3.56261 -0.985715 -0.166944 0.0222077
39.8964 18.6665 -2.31973 -0.985078 -0.171186 0.0176876
39.9251 18.6268 -1.04334 -0.983196 -0.181944 0.0147349
39.9297 18.6622 0.483042 -0.984004 -0.178141 0.00146205
39.9431 18.633 1.8338 -0.987314 -0.158545 -0.00351758
39.9314 18.6176 3.04742 -0.989788 -0.141996 -0.0108903
39.9098 18.6488 4.27172 -0.989068 -0.146633 -0.0123273
39.9157 18.582 5.47547 -0.994312 -0.104209 -0.00183484
39.8983 18.7936 6.70623 -0.997164 -0.0739717 0.0138509
39.7307 20.0441 6.81462 -0.977532 -0.188944 0.0860832
39.4337 21.2149 6.8176 -0.943672 -0.319097 0.0840018
38.9561 22.4363 6.76021 -0.901844 -0.419277 0.102755
38.2888 23.5615 6.81166 -0.812983 -0.5694 0.115492
37.5272 24.4571 6.79599 -0.704887 -0.707201 0.054715
36.5637 25.314 6.81141 -0.599984 -0.795319 0.0789572
35.6264 25.9483 6.8439 -0.533562 -0.843589 0.0581218
34.5108 26.574 6.79934 -0.437547 -0.894767 0.088591
33.3534 27.05 6.78182 -0.355108 -0.933215 0.0547808
32.2668 27.4094 6.76154 -0.272264 -0.961178 0.044777
30.9192 27.7716 6.78202 -0.24104 -0.969509 0.0441744
29.481 28.1017 6.72333 -0.213448 -0.976753 0.0196962
29.174 28.1508 5.55414 -0.214601 -0.976646 0.0102501
29.1571 28.1493 4.99447 -0.21448 -0.976712 0.00549071
