-28.9554 21.6728 3.2509 0.287404 -0.957809 -0.000861519
-28.9558 21.6726 3.31713 0.289648 -0.957122 0.00277375
-29.4943 21.5134 4.45367 0.278169 -0.960531 -0.00109794
-29.6956 21.454 3.41152 0.27857 -0.96041 0.00333409
-29.6476 21.4643 2.39947 0.281887 -0.959418 0.00551158
-29.5433 21.4871 1.46324 0.280754 -0.959744 0.00688769
-29.4444 21.5048 0.331475 0.267636 -0.963454 0.0109868
-29.2926 21.5371 -0.744791 0.266821 -0.963724 0.00648642
-29.2328 21.5501 -1.86923 0.26238 -0.964947 0.00574095
-29.2931 21.5258 -2.82941 0.259951 -0.965588 0.00810701
-29.4465 21.4777 -4.036 0.251149 -0.967931 0.00539123
-29.4459 21.4742 -4.49678 0.252527 -0.967573 0.00532708
-30.2368 21.2712 -4.38045 0.247298 -0.968931 0.00408804
-30.144 21.2978 -3.375 0.251652 -0.967816 0.00181628
-30.0165 21.3348 -2.50676 0.254384 -0.967098 0.00308492
-30.0078 21.3406 -1.62684 0.261499 -0.965203 0.000985415
-30.0945 21.3194 -0.591591 0.261276 -0.965258 0.00353353
-30.2095 21.2957 0.514162 0.263946 -0.9645 0.00831463
-30.2587 21.2868 1.4873 0.268977 -0.963142 0.00290928
-30.3782 21.256 2.58782 0.272968 -0.962011 0.00435114
-30.3919 21.2541 3.46911 0.267651 -0.963515 0.0010896
-30.2562 21.292 4.54969 0.278261 -0.960499 -0.00331657
-30.9952 21.0851 4.42937 0.269158 -0.963094 -0.00218435
-31.0649 21.0672 3.47903 0.267917 -0.963442 0.000207371
-31.1037 21.0547 2.39054 0.26491 -0.964267 0.00316016
-30.949 21.0957 1.46455 0.264587 -0.964362 0.000246403
-30.9527 21.0929 0.375874 0.256877 -0.966438 0.00335173
-30.8813 21.1099 -0.657477 0.252777 -0.967524 0.000521048
-30.8056 21.1299 -1.66443 0.252139 -0.96769 0.000352605
-30.815 21.1258 -2.53876 0.250894 -0.968013 0.00178663
-30.9434 21.0915 -3.4946 0.248334 -0.968674 0.000809252
-31.004 21.0752 -4.43409 0.243847 -0.969814 0.000455953
-31.7124 20.8978 -4.58679 0.240456 -0.97066 -0.000929498
-31.7118 20.8976 -3.48597 0.242746 -0.970089 -0.00110978
-31.7518 20.8861 -2.34597 0.245068 -0.969502 -0.000595042
-31.7556 20.8841 -1.45493 0.248167 -0.968716 -0.00169391
-31.7493 20.8836 -0.43946 0.250745 -0.968053 -2.15438e-05
-31.7346 20.8861 0.628899 0.255712 -0.966753 -0.000333194
-31.6797 20.8984 1.69288 0.255187 -0.966888 -0.00274429
-31.7967 20.8649 2.59052 0.259428 -0.965752 -0.00276588
-31.7464 20.8791 3.5757 0.26366 -0.964613 -0.00217799
-31.7121 20.8865 4.50135 0.265275 -0.96416 -0.00421926
-32.4828 20.6791 4.24035 0.258086 -0.966121 -0.00136043
-32.4824 20.6816 3.12369 0.255514 -0.9668 -0.00315399
-32.4985 20.6802 2.25131 0.254989 -0.966936 -0.00385361
-32.4761 20.6902 1.21934 0.25398 -0.967201 -0.00399118
-32.4994 20.6875 0.222173 0.251898 -0.967751 -0.00222163
-32.5643 20.6751 -0.927906 0.248268 -0.968683 -0.00409672
-32.4766 20.7028 -2.07967 0.244261 -0.969703 -0.00356534
-32.4994 20.7001 -2.97388 0.242827 -0.970068 -0.00179592
-32.4994 20.7019 -3.89144 0.240622 -0.970616 -0.00233941
-32.4943 20.7043 -4.46139 0.239767 -0.97083 -0.00129894
-33.3353 20.4963 -4.39832 0.239227 -0.970959 -0.00281254
-33.3869 20.4803 -3.38949 0.2415 -0.970393 -0.00379194
-33.3236 20.4917 -2.51942 0.243603 -0.969862 -0.00506671
-33.2165 20.5123 -1.43417 0.245317 -0.969417 -0.00693927
-33.4007 20.4588 -0.548975 0.248878 -0.968512 -0.00665279
-33.3944 20.4543 0.405085 0.251636 -0.967802 -0.00611982
-33.14 20.5151 1.4416 0.253649 -0.967284 -0.0048536
-33.2092 20.4922 2.3375 0.255054 -0.966914 -0.00499522
-33.3364 20.4552 3.19842 0.255987 -0.966672 -0.00399841
-33.3313 20.4537 4.08129 0.257294 -0.966328 -0.0030982
-33.2985 20.4611 4.49362 0.257489 -0.966278 -0.00236063
-34.1132 20.2432 4.50785 0.259468 -0.965747 -0.00302685
-34.0954 20.2524 3.41156 0.258056 -0.966119 -0.00462058
-33.9523 20.295 2.48278 0.256868 -0.966429 -0.00583499
-33.9177 20.3099 1.59704 0.254889 -0.966953 -0.00583291
-34.1067 20.2682 0.483099 0.252126 -0.96766 -0.00806262
-34.1154 20.2759 -0.623911 0.2496 -0.968312 -0.00842643
-33.999 20.3134 -1.50237 0.246398 -0.969126 -0.00902546
-34.1212 20.292 -2.5384 0.244393 -0.969651 -0.00704608
-34.196 20.281 -3.72634 0.240471 -0.970641 -0.00543404
-34.0998 20.3088 -4.51083 0.239861 -0.970799 -0.00386242
-34.8754 20.116 -4.42752 0.243306 -0.969933 -0.00570411
-34.9526 20.0903 -3.47687 0.243395 -0.969904 -0.006715
-34.8672 20.1024 -2.40232 0.247337 -0.968868 -0.0108694
-34.7899 20.1115 -1.48288 0.248015 -0.968687 -0.0115998
-34.848 20.0853 -0.495258 0.251351 -0.967854 -0.00893535
-34.8161 20.0829 0.504371 0.253144 -0.967371 -0.0105012
-34.6948 20.1059 1.45191 0.25515 -0.966866 -0.00832782
-34.7087 20.095 2.34603 0.258548 -0.965974 -0.0064859
-34.82 20.057 3.48353 0.262069 -0.96503 -0.00594431
-34.8774 20.0374 4.44015 0.262161 -0.965019 -0.00328872
-36.0268 19.8307 -5.21316 0.242118 -0.970242 -0.0031691
-36.2008 19.7824 -4.12346 0.242237 -0.970191 -0.00703952
-36.2285 19.7658 -3.23541 0.245547 -0.969326 -0.0105408
-36.1962 19.7558 -1.96759 0.248867 -0.96845 -0.0129598
-36.198 19.7418 -1.13711 0.253932 -0.967059 -0.0176934
-36.1861 19.7304 -0.275093 0.256182 -0.966489 -0.0162689
-36.1812 19.7177 0.589265 0.261096 -0.965202 -0.0145954
-36.1621 19.7122 1.42957 0.264752 -0.964236 -0.0124366
-36.1867 19.6948 2.25877 0.268288 -0.963291 -0.00944662
-36.1968 19.6847 3.08135 0.264954 -0.964219 -0.00898304
-36.1687 19.6855 3.97927 0.266592 -0.963795 -0.00529993
-36.1075 19.6978 4.96266 0.267873 -0.963448 -0.00314875
-35.2285 19.9396 5.34707 0.263774 -0.964584 -0.000553149
-34.3881 20.1676 5.34738 0.260518 -0.965469 -0.000251622
-33.5651 20.3888 5.33504 0.257804 -0.966197 -0.000837165
-32.4732 20.68 5.33557 0.257289 -0.966334 -0.000839149
-31.4553 20.955 5.33887 0.265617 -0.964071 -0.00370145
-30.4978 21.2204 5.36671 0.270343 -0.962749 -0.00534101
-29.6281 21.4701 5.37169 0.281711 -0.95948 -0.00481762
-28.5481 21.7974 5.26926 0.295753 -0.955201 -0.0107859
-28.1648 21.9211 4.55662 0.299285 -0.954147 0.000802992
-28.183 21.9131 3.56032 0.299623 -0.954044 0.00507908
-28.2453 21.8844 2.4478 0.293927 -0.955767 0.0101557
-28.1732 21.8895 1.43714 0.288475 -0.957182 0.0241763
-28.1404 21.8796 0.583359 0.282096 -0.959209 0.0183208
-28.157 21.8615 -0.245356 0.276105 -0.96111 0.00517498
-28.1279 21.8596 -1.25653 0.273387 -0.961838 0.0113136
-28.1224 21.8488 -2.23404 0.259012 -0.965753 0.0151814
-28.0945 21.8418 -3.19349 0.257365 -0.966187 0.0156763
-28.1009 21.8298 -4.0672 0.255628 -0.966762 0.00410402
-28.2771 21.7808 -5.18414 0.257597 -0.966247 0.00253857
-29.1938 21.536 -5.32959 0.254829 -0.966964 0.00627311
-30.0204 21.3229 -5.35327 0.247703 -0.968832 0.00269947
-31.1461 21.0394 -5.41106 0.243071 -0.970008 -0.000114699
-31.9527 20.8388 -5.42048 0.240587 -0.970627 -6.67706e-05
-32.8715 20.6132 -5.4019 0.238202 -0.971211 -0.00280737
-33.7843 20.389 -5.38556 0.23885 -0.971053 -0.00265482
-34.7079 20.1605 -5.36291 0.242121 -0.970241 -0.00323451
-35.5305 19.9549 -5.30548 0.242323 -0.970191 -0.0031062
-35.6888 19.9152 -5.27015 0.242193 -0.970223 -0.00311512
-35.5948 19.9417 -6.10282 0.242591 -0.97012 -0.00414543
-34.5203 20.2096 -6.17106 0.24108 -0.970502 -0.00254039
-33.5829 20.4411 -6.15836 0.238632 -0.971104 -0.00328933
-32.7665 20.6414 -6.1767 0.235861 -0.971779 -0.00330042
-31.8843 20.8548 -6.17817 0.23689 -0.971532 0.00189252
-30.8869 21.1028 -6.1687 0.243217 -0.969968 0.00274635
-29.8414 21.3655 -6.10893 0.245938 -0.969274 0.00376607
-29.042 21.5726 -6.13457 0.255848 -0.966709 0.00389499
-28.2275 21.789 -6.13279 0.256968 -0.96639 0.0074698
-27.3815 22.0246 -5.62388 0.267835 -0.963436 0.00545371
-27.3626 22.0287 -4.6305 0.263436 -0.964675 0.00160647
-27.3629 22.0318 -3.78381 0.268593 -0.963183 0.00983618
-27.3651 22.0492 -2.71087 0.269776 -0.962751 0.0182142
-27.3997 22.0571 -1.78001 0.270018 -0.962664 0.0191749
-27.4003 22.0713 -0.941419 0.276705 -0.96088 0.0119392
-27.4093 22.0849 -0.000335291 0.283156 -0.958746 0.0243954
-27.4032 22.1088 0.825432 0.29455 -0.955212 0.028452
-27.4352 22.1226 1.71073 0.297314 -0.95453 0.0218312
-27.5069 22.1184 2.56573 0.31084 -0.950393 0.0114936
-27.4414 22.149 3.49727 0.312909 -0.949754 0.00418497
-27.4265 22.163 4.68222 0.316967 -0.948407 0.00742543
-27.4437 22.1478 5.63121 0.3176 -0.948172 -0.00878035
-28.2021 21.8897 6.11501 0.30108 -0.953359 -0.0212499
-29.0821 21.6235 6.1413 0.281724 -0.959279 -0.0203823
-30.0487 21.3402 6.16421 0.272764 -0.961798 -0.0221252
-31.0158 21.0719 6.13174 0.264373 -0.964395 -0.00677268
-32.1925 20.7536 6.12291 0.256863 -0.966447 -0.0015457
-33.0426 20.528 6.11403 0.256327 -0.96659 0.000911627
-34.052 20.2587 6.10804 0.259536 -0.965732 0.0014185
-35.0384 19.9912 6.12913 0.263906 -0.964548 0.000677645
-35.9912 19.7289 6.12884 0.265922 -0.963993 0.00152891
-36.8319 19.4924 5.93478 0.272406 -0.962178 0.00296351
-36.8996 19.4771 4.72756 0.272894 -0.962032 -0.0049008
-36.9294 19.474 3.9011 0.269821 -0.962879 -0.00775657
-36.9331 19.4795 3.07632 0.269634 -0.962929 -0.0080581
-36.9253 19.4883 2.17056 0.272935 -0.962003 -0.00730168
-36.9191 19.5047 1.21738 0.274744 -0.961337 -0.01861
-36.9454 19.5169 0.260367 0.264972 -0.964005 -0.021983
-36.9139 19.5435 -0.649927 0.255117 -0.96668 -0.0210171
-36.9437 19.5523 -1.487 0.252852 -0.967288 -0.0202819
-36.9481 19.5715 -2.39861 0.241881 -0.970176 -0.0159095
-36.988 19.5771 -3.41091 0.240846 -0.970531 -0.00716874
-36.9483 19.5954 -4.46428 0.246407 -0.969141 -0.00705431
-36.9117 19.61 -5.389 0.241381 -0.970428 -0.0019318
-36.203 19.7869 -6.15102 0.24556 -0.969371 0.001098
-35.781 19.8951 -6.10673 0.24571 -0.969333 -0.00324842
-35.7178 19.9132 -6.90941 0.249553 -0.968354 -0.00372301
-36.7237 19.6512 -6.9701 0.248469 -0.968607 0.00603163
-37.5823 19.4395 -6.64573 0.241961 -0.970261 0.00678304
-37.6883 19.4175 -5.78959 0.24063 -0.970612 0.00163501
-37.7077 19.4052 -4.7849 0.24498 -0.96948 -0.00964171
-37.725 19.394 -3.93493 0.247332 -0.968924 0.00190815
-37.7127 19.3949 -3.06172 0.22928 -0.973244 -0.0145099
-37.6933 19.3771 -2.12476 0.246728 -0.968709 -0.0269024
-37.6608 19.3574 -1.07382 0.251922 -0.96742 -0.0251428
-37.7034 19.3179 -0.100268 0.263332 -0.964345 -0.0263182
-37.7064 19.2936 0.793652 0.26659 -0.963447 -0.0264506
-37.6399 19.2879 1.74109 0.274548 -0.961366 -0.01986
-37.6595 19.2764 2.59133 0.275067 -0.961419 -0.00159441
-37.6672 19.2699 3.57964 0.270893 -0.962565 -0.00905701
-37.6653 19.2615 4.45066 0.272931 -0.961988 -0.00932476
-37.647 19.2605 5.37144 0.276184 -0.961091 -0.00504337
-37.6819 19.2508 6.20195 0.277466 -0.960727 0.00126467
-37.1366 19.409 6.91105 0.2767 -0.960952 0.00247036
-36.3361 19.6335 6.91582 0.268629 -0.963244 0.000268509
-35.4575 19.8776 6.90652 0.266386 -0.963859 0.00374177
-34.6319 20.1048 6.92794 0.259047 -0.965846 0.00414101
-33.8336 20.3176 6.88864 0.258973 -0.965883 -0.00132878
-32.8141 20.5918 6.92415 0.256599 -0.966489 0.00747632
-31.9551 20.8126 6.90588 0.256612 -0.966474 -0.00885701
-31.1303 21.035 6.92493 0.25771 -0.966196 -0.00455049
-30.2881 21.254 6.93125 0.264042 -0.963943 -0.0325067
-29.3299 21.5275 6.92385 0.283444 -0.958133 -0.0402826
-28.5373 21.7707 6.90878 0.295702 -0.955109 -0.0177249
-27.6375 22.0422 6.91238 0.297797 -0.95369 -0.0340837
-26.8282 22.3335 6.74715 0.360523 -0.931913 -0.028496
-26.6988 22.4024 5.88329 0.336323 -0.941631 -0.0113661
-26.6941 22.4088 4.98349 0.32953 -0.944134 0.00097568
-26.6795 22.4107 4.11581 0.322562 -0.946519 0.00735378
-26.7432 22.38 3.10415 0.319849 -0.947407 0.0106953
-26.7241 22.3699 2.23154 0.312838 -0.949217 0.033113
-26.6508 22.3545 1.22143 0.301898 -0.952663 0.035134
-26.6887 22.3121 0.263638 0.294124 -0.955082 0.0359074
-26.6626 22.2895 -0.679216 0.281404 -0.959365 0.020563
-26.6526 22.2723 -1.56103 0.273283 -0.961703 0.0209469
-26.6668 22.2515 -2.41267 0.273097 -0.961815 0.0181545
-26.6164 22.2458 -3.51369 0.270823 -0.962447 0.0185322
-26.6138 22.2335 -4.41685 0.259655 -0.96568 0.00598486
-26.6259 22.233 -5.29142 0.268689 -0.963134 -0.0130327
-26.6159 22.2448 -6.19878 0.284822 -0.958572 -0.00318709
-27.2396 22.0537 -6.9769 0.285151 -0.95826 0.0188101
-28.2447 21.7713 -6.92639 0.252035 -0.967055 0.0348838
-29.1639 21.5354 -6.90184 0.254386 -0.967051 0.00990283
-30.0085 21.3164 -6.91297 0.239739 -0.97073 0.0138227
-30.8066 21.1208 -6.92599 0.243159 -0.969982 0.00298309
-31.6747 20.8996 -6.93934 0.239183 -0.970852 0.0154056
-32.5555 20.6907 -6.95693 0.221051 -0.975262 -0.000260621
-33.5769 20.4462 -6.90628 0.24083 -0.97054 -0.00685936
-34.5785 20.1981 -6.9458 0.239101 -0.970985 -0.00354306
-35.4264 19.9869 -6.87647 0.242104 -0.970238 -0.00484914
-35.5768 19.9496 -6.89953 0.245954 -0.969258 -0.00506579
