6.18472 26.5915 2.95157 0.275904 -0.960953 -0.0194617
6.28311 26.646 1.86353 0.260318 -0.965092 -0.0248792
6.03624 26.5765 0.893185 0.274799 -0.961149 0.0182231
5.97055 26.5466 0.030394 0.270821 -0.962577 0.0029494
6.09364 26.5641 -1.23268 0.290175 -0.956033 0.0411576
6.16476 26.5799 -2.22269 0.238627 -0.970956 0.00223004
6.154 26.5687 -2.81271 0.268958 -0.963129 0.00508146
5.3397 26.3845 -3.30995 0.196691 -0.980435 0.0004101
5.34762 26.3791 -2.41141 0.184467 -0.982773 -0.00970204
5.32017 26.3695 -1.52063 0.2058 -0.978576 -0.00397642
5.21511 26.3568 -0.298176 0.182963 -0.982992 0.0116455
5.17095 26.3651 0.740749 0.204524 -0.978849 0.00465865
5.44419 26.4291 1.65448 0.2559 -0.966682 -0.00604311
5.41711 26.3873 2.78086 0.211319 -0.976311 -0.0352169
5.34925 26.374 3.22226 0.19785 -0.980228 0.00273797
4.5012 26.2104 3.03428 0.188779 -0.981959 -0.0106032
4.65209 26.2522 2.0839 0.187205 -0.982309 -0.0027325
4.36697 26.2039 0.814473 0.175341 -0.984499 -0.00113087
4.38054 26.2051 -0.0741507 0.188504 -0.982066 -0.00291014
4.40873 26.2085 -0.959745 0.163221 -0.986453 0.0114837
4.56169 26.2373 -2.17591 0.160931 -0.986933 -0.00576203
4.52967 26.2363 -3.13938 0.162184 -0.986731 0.000522113
3.62011 26.0909 -3.14725 0.132262 -0.991204 0.00367795
3.62011 26.0942 -2.17069 0.142019 -0.989849 -0.00245416
3.62011 26.0904 -1.28684 0.141518 -0.989931 -0.00183037
3.62011 26.0895 -0.374065 0.143148 -0.989591 -0.0147907
3.61297 26.079 0.805052 0.129408 -0.991591 -9.96108e-05
3.62011 26.0839 1.70146 0.150612 -0.988548 -0.00240937
3.62011 26.0844 2.78851 0.138788 -0.990277 -0.00939182
3.62011 26.0824 2.98568 0.137121 -0.990497 -0.0100354
2.81825 25.9751 3.14381 0.117621 -0.992998 -0.000961806
2.81566 25.9786 2.20105 0.125979 -0.992018 0.00517132
2.80737 25.9754 1.08643 0.123776 -0.992309 0.00157285
2.81217 25.9771 0.0795401 0.12843 -0.991707 -0.00488047
2.77115 25.9765 -0.910529 0.127403 -0.99184 -0.00457053
2.85587 25.9905 -1.88828 0.122237 -0.992493 -0.00318376
2.64933 25.9671 -2.86632 0.121773 -0.992556 -0.0011472
2.58852 25.9595 -3.18695 0.122086 -0.992516 0.000829494
1.77797 25.8652 -3.07261 0.110471 -0.993879 -0.00109168
1.95369 25.8837 -2.19149 0.112718 -0.993609 -0.00560837
1.96673 25.878 -1.07813 0.110612 -0.993853 -0.00451351
1.84081 25.8611 -0.133277 0.112599 -0.993633 0.00129275
1.93307 25.8693 1.10192 0.114853 -0.993373 -0.00430975
2.06909 25.8841 2.16275 0.12557 -0.992081 0.00225665
1.91826 25.8755 3.09515 0.10669 -0.994272 0.00636229
1.15443 25.7928 2.93361 0.106511 -0.994278 0.00813877
1.24274 25.7945 2.0217 0.0957642 -0.995393 0.00392271
1.05363 25.7753 0.695891 0.10158 -0.994827 -0.00031846
1.00208 25.7708 -0.271718 0.103789 -0.994598 -0.00157791
1.18849 25.7925 -1.32387 0.107522 -0.99419 -0.00406692
1.14101 25.7911 -2.19561 0.10944 -0.993977 -0.00424508
1.03884 25.7845 -3.13217 0.108599 -0.994067 -0.0059944
6.06832 26.5245 4.42199 0.25044 -0.967533 -0.0234054
4.75267 26.2358 4.40703 0.185331 -0.982328 -0.0210945
3.58326 26.0652 4.40094 0.127568 -0.991828 -0.00200804
2.29088 25.9179 4.38571 0.105794 -0.994388 0.00010957
1.13413 25.8 4.40723 0.0908626 -0.995843 0.00625185
-0.194047 25.6755 4.28798 0.0918489 -0.995702 0.0119076
-0.311841 25.6494 3.01179 0.09778 -0.995153 0.010491
-0.323814 25.6376 1.74398 0.100637 -0.994899 0.00695786
-0.332623 25.6324 0.477188 0.104362 -0.994539 0.00043369
-0.361642 25.6298 -0.80446 0.104058 -0.994571 -0.000673193
-0.376638 25.6307 -2.13852 0.104363 -0.994535 -0.00298475
-0.372408 25.6399 -3.36824 0.0991006 -0.995044 -0.00807619
0.34344 25.7185 -4.39121 0.0949829 -0.995448 -0.0078614
1.74661 25.8609 -4.4669 0.103262 -0.994654 -0.000458573
3.18446 26.0255 -4.42652 0.123516 -0.992281 0.0106665
4.49912 26.2117 -4.45037 0.146752 -0.989109 0.0106128
5.79366 26.4577 -4.46709 0.212751 -0.977028 0.00699068
7.16118 26.8681 -4.33076 0.358944 -0.933214 -0.00124308
7.41575 26.9837 -3.05844 0.353277 -0.93505 0.0295956
7.44498 27.0206 -1.87399 0.362734 -0.931505 0.0253853
7.42332 27.0422 -0.678342 0.350932 -0.936303 0.0133982
7.38187 27.0364 0.596614 0.352127 -0.935951 -0.00124125
7.4459 27.0336 1.77265 0.351393 -0.935585 -0.0346281
7.41568 26.9862 2.97632 0.346387 -0.937586 -0.0305629
7.40121 26.9354 4.18037 0.320038 -0.946517 -0.0408038
6.24061 26.5733 4.43027 0.272705 -0.961749 -0.0257919
6.19238 26.5114 5.58892 0.237882 -0.969805 -0.042761
7.44227 26.8879 5.61144 0.309895 -0.949114 -0.0561037
8.52824 27.3628 5.20606 0.428587 -0.901006 -0.0670836
8.50508 27.4105 4.02934 0.42858 -0.903009 -0.0298029
8.49448 27.4512 2.80606 0.413332 -0.909942 -0.0340542
8.4941 27.4803 1.31071 0.413108 -0.910681 -0.00023683
8.51195 27.4868 -0.0664748 0.402554 -0.91519 0.0135688
8.49844 27.465 -1.30045 0.38246 -0.923766 0.0167485
8.48006 27.4366 -2.62644 0.391691 -0.91997 -0.0135512
8.48018 27.4075 -3.82155 0.440234 -0.897791 0.0128711
8.45231 27.3631 -5.22544 0.427941 -0.903024 0.0343394
7.44666 26.9212 -5.5823 0.333147 -0.941076 0.0454527
6.26996 26.5558 -5.6305 0.24086 -0.969621 0.0418875
5.04227 26.2772 -5.6039 0.179306 -0.983086 0.0250396
3.76083 26.0906 -5.57723 0.132861 -0.991105 0.00766308
2.40457 25.9295 -5.60912 0.105304 -0.994439 -0.000827377
1.06849 25.7946 -5.61954 0.0958842 -0.995372 -0.00584939
-0.385602 25.6599 -5.55109 0.0873512 -0.996117 -0.0100244
-1.48982 25.5542 -5.15217 0.0974499 -0.995103 -0.0164543
-1.54198 25.5261 -3.78449 0.103718 -0.994481 -0.0158005
-1.51458 25.5148 -2.56428 0.108935 -0.994004 -0.00938507
-1.53846 25.5038 -1.16118 0.109879 -0.993942 -0.00253925
-1.47928 25.5095 0.013354 0.108721 -0.994071 0.00132331
-1.46987 25.5147 1.33826 0.106667 -0.994278 0.00552179
-1.49795 25.5241 2.69539 0.105092 -0.994406 0.0106188
-1.49197 25.5453 3.95997 0.104118 -0.99435 0.0206863
-1.39619 25.5834 5.22487 0.09294 -0.995352 0.0246329
-0.390181 25.6771 5.54357 0.0805011 -0.996637 0.0153324
1.0396 25.7976 5.55761 0.0867261 -0.996206 0.00648953
2.2302 25.9119 5.51457 0.10017 -0.994969 -4.96254e-05
3.38192 26.038 5.54672 0.114126 -0.993397 -0.0116588
4.63941 26.2053 5.57974 0.13816 -0.990265 -0.0147945
5.81335 26.4313 5.58891 0.208483 -0.977165 -0.0410132
5.87517 26.4445 5.58922 0.206898 -0.977459 -0.0420058
5.72238 26.3372 6.72596 0.181839 -0.979238 -0.0885386
7.0095 26.6546 6.75829 0.266335 -0.959095 -0.0947848
8.11115 27.0634 6.7353 0.394724 -0.91503 -0.0810828
9.16701 27.5984 6.64506 0.478662 -0.874418 -0.0753163
9.6126 27.9147 5.52891 0.483141 -0.874663 -0.0392153
9.54649 27.9194 4.31325 0.484635 -0.874464 -0.0197484
9.54082 27.9494 3.09029 0.45815 -0.888567 -0.0232002
9.55289 27.9766 1.73185 0.435588 -0.900103 -0.00702503
9.57635 27.9881 0.353413 0.437043 -0.899288 0.00827172
9.49691 27.9438 -0.900025 0.443524 -0.896174 -0.000178754
9.5637 27.9549 -2.12914 0.470738 -0.882253 0.00499854
9.51938 27.9289 -3.39043 0.45997 -0.887809 0.0148133
9.56777 27.9252 -4.6014 0.444515 -0.895659 0.0130716
9.58835 27.8902 -5.81753 0.448217 -0.893058 0.0389533
8.97264 27.5074 -6.74111 0.461742 -0.883593 0.0748269
7.51455 26.8593 -6.71237 0.339187 -0.93095 0.135163
6.41239 26.5146 -6.7618 0.233608 -0.967814 0.0935654
5.18697 26.2637 -6.73213 0.154095 -0.986474 0.0448849
3.86237 26.0835 -6.76068 0.134989 -0.99065 0.0197185
2.66944 25.9527 -6.74663 0.102516 -0.994705 0.00636983
1.42762 25.8324 -6.7675 0.0967829 -0.995283 -0.00644038
-0.00838176 25.7031 -6.77002 0.0750301 -0.997147 -0.00129127
-1.53026 25.5952 -6.75479 0.0611555 -0.99776 -0.0268952
-2.66753 25.4866 -6.41839 0.0913165 -0.995037 -0.0395031
-2.69345 25.4371 -5.26607 0.109543 -0.993377 -0.0345953
-2.67211 25.4065 -3.9912 0.111435 -0.993612 -0.0178081
-2.63618 25.3899 -2.66373 0.117911 -0.992971 -0.0102895
-2.67354 25.3765 -1.42087 0.11831 -0.992969 -0.00401014
-2.64718 25.3759 -0.0751075 0.11651 -0.993185 -0.00172292
-2.62967 25.3814 1.19084 0.115807 -0.993241 0.00682667
-2.6516 25.3955 2.54056 0.113915 -0.993363 0.015862
-2.68404 25.421 4.08044 0.109013 -0.99376 0.0234877
-2.66804 25.4621 5.36847 0.107876 -0.993499 0.03636
-2.43608 25.5441 6.62076 0.0867296 -0.995124 0.0467617
-1.11527 25.6463 6.71624 0.0699464 -0.997048 0.0316638
0.0987264 25.7319 6.70879 0.0689606 -0.997607 0.000289115
1.30592 25.8243 6.72911 0.088065 -0.996114 -0.000159256
2.59181 25.9409 6.70248 0.10635 -0.994306 -0.00665679
3.83966 26.0739 6.73106 0.108944 -0.993211 -0.0407889
5.10883 26.2371 6.72676 0.121689 -0.991481 -0.0444312
5.57821 26.3125 6.71983 0.167086 -0.982495 -0.0822498
