5.78085 27 -3.16605 0.258779 -0.965134 0.0317039
5.91362 27.0523 -2.20748 0.253968 -0.9671 0.0115081
5.92032 27.0589 -1.296 0.297124 -0.954571 0.0217598
5.77009 27.0318 -0.371032 0.290389 -0.956763 -0.0158274
5.66852 27.0013 0.501294 0.28273 -0.959142 0.00960833
5.71396 27.0288 1.40243 0.260506 -0.965349 -0.0148123
5.75364 27.0211 2.26958 0.253686 -0.966863 -0.0286156
5.82104 27.0171 2.99648 0.273565 -0.961632 -0.0203275
5.06345 26.8302 3.12901 0.199359 -0.979896 0.00269007
4.92216 26.818 2.19214 0.215171 -0.976151 -0.0222615
4.95129 26.8317 1.25065 0.218175 -0.975861 -0.00753497
4.87482 26.8159 0.269761 0.202389 -0.97924 0.00853637
5.00593 26.8293 -0.676309 0.203903 -0.978936 0.00854102
5.16122 26.861 -1.95327 0.218178 -0.9759 -0.00222845
5.04511 26.84 -2.94858 0.205189 -0.978685 -0.00838361
4.98327 26.8264 -3.2782 0.199732 -0.979695 0.00220411
4.22958 26.6897 -3.17413 0.174341 -0.984657 0.00228982
4.22715 26.686 -2.23964 0.165508 -0.986195 -0.00477373
4.33516 26.7011 -1.26058 0.159982 -0.987116 -0.0022374
4.1442 26.6707 -0.462388 0.178814 -0.983832 0.00498745
4.15001 26.6708 0.533377 0.182057 -0.983287 0.000839384
4.14732 26.6707 1.56863 0.16819 -0.985719 -0.00251653
4.18426 26.6687 2.55977 0.158929 -0.98726 -0.00617141
4.25773 26.6744 3.23279 0.156959 -0.987587 -0.00589616
3.31074 26.5305 3.1881 0.144469 -0.989493 -0.00567711
3.30813 26.5328 2.26407 0.146547 -0.989192 0.00335385
3.31074 26.5329 1.34351 0.135034 -0.990837 -0.00270276
3.31074 26.5335 0.311904 0.134617 -0.990898 0.0004163
3.31074 26.5406 -0.590928 0.149673 -0.988701 -0.0032824
3.31074 26.539 -1.51634 0.153936 -0.98808 -0.000129825
3.31201 26.5418 -2.51542 0.150422 -0.988589 0.00327721
3.31074 26.5407 -3.21653 0.138869 -0.990309 0.000424481
2.59357 26.4419 -3.11073 0.130787 -0.99141 0.000975288
2.4315 26.4209 -2.16393 0.130746 -0.991408 -0.00330317
2.52065 26.4283 -1.12383 0.135311 -0.990792 -0.00436525
2.38707 26.4073 -0.268252 0.138828 -0.990316 -0.000648149
2.56681 26.4329 0.696013 0.130984 -0.991384 0.000510902
2.58681 26.4345 1.54081 0.131742 -0.991276 -0.0038849
2.25752 26.3877 2.45567 0.123094 -0.992381 -0.000326451
2.53691 26.4283 3.28624 0.121337 -0.992576 0.00832961
1.7161 26.3281 3.25763 0.114806 -0.993344 0.00923803
1.51332 26.2958 2.07993 0.121297 -0.992612 0.00225245
1.8234 26.3349 1.10741 0.127925 -0.991773 -0.00356115
1.53308 26.3002 -0.0418227 0.126017 -0.99202 0.00150612
1.64856 26.3148 -0.891009 0.119957 -0.992774 -0.0031997
1.61604 26.3146 -1.82469 0.121446 -0.992583 -0.00527395
1.69802 26.3289 -2.80024 0.123107 -0.992392 -0.00171102
1.79331 26.3406 -3.30275 0.121344 -0.99261 -0.000701489
0.920828 26.2348 -3.0207 0.118071 -0.992997 -0.00391223
0.813065 26.2191 -1.9553 0.116943 -0.993133 -0.00325781
0.793628 26.2139 -0.778462 0.114682 -0.993402 -0.00120029
0.792907 26.2129 0.211696 0.113124 -0.99358 -0.0010104
0.929957 26.2283 1.07415 0.11163 -0.99375 0.000331213
0.770884 26.2134 2.09782 0.10747 -0.994197 0.00450136
0.832558 26.2258 2.96119 0.107103 -0.994224 0.00691873
5.1988 26.8454 4.42242 0.214157 -0.976507 -0.023885
3.95465 26.6126 4.4522 0.147299 -0.989043 -0.00147495
2.73521 26.4512 4.41336 0.117131 -0.993113 -0.000155674
1.41314 26.2991 4.3935 0.111527 -0.993755 0.00346531
0.209829 26.1734 4.42181 0.102639 -0.994646 0.0120158
-0.555199 26.0854 3.80335 0.107582 -0.99411 0.0127457
-0.562054 26.0698 2.50406 0.113612 -0.993478 0.00953274
-0.551048 26.0604 1.08741 0.115656 -0.993269 0.00630802
-0.569407 26.0555 -0.420888 0.116138 -0.993233 1.76023e-05
-0.501878 26.0635 -1.66084 0.119112 -0.99288 -0.00102477
-0.460749 26.0739 -2.94946 0.11607 -0.993219 -0.00660754
-0.407347 26.0888 -4.17432 0.112694 -0.9936 -0.00759914
0.684096 26.2134 -4.50014 0.112717 -0.993615 -0.00445681
2.22861 26.3897 -4.49822 0.119655 -0.992793 0.00443645
3.63294 26.5791 -4.48427 0.149497 -0.988723 0.00569699
5.05291 26.8205 -4.44787 0.203504 -0.978863 0.0199554
6.18361 27.0898 -4.4847 0.278466 -0.959887 0.032268
7.09453 27.4056 -4.07293 0.365984 -0.930552 -0.00710834
7.11037 27.4515 -2.87461 0.369181 -0.928706 0.0317754
7.06349 27.4624 -1.56862 0.36129 -0.932006 0.028902
7.06579 27.4796 -0.354524 0.353508 -0.935415 -0.00559589
7.04492 27.4594 1.01182 0.339202 -0.940575 -0.00286773
7.14242 27.4457 2.3052 0.364379 -0.930103 -0.0391444
7.16349 27.4196 3.46248 0.35694 -0.933837 -0.0216296
6.63325 27.2233 4.40126 0.279749 -0.959843 -0.0208282
5.47687 26.9072 4.41497 0.238312 -0.971027 -0.0173761
5.451 26.901 4.41246 0.224729 -0.974152 -0.0197857
5.48591 26.8802 5.56867 0.213426 -0.975801 -0.0473907
6.93964 27.2849 5.56988 0.298972 -0.953266 -0.0432754
8.01345 27.7027 5.36975 0.388693 -0.918687 -0.0556163
8.21599 27.8385 4.23859 0.444261 -0.895444 -0.0284967
8.18867 27.8776 2.80002 0.434508 -0.89951 -0.0456206
8.13835 27.8877 1.64203 0.427792 -0.903709 -0.0169205
8.113 27.8922 0.197873 0.420382 -0.907335 -0.00375903
8.12111 27.9015 -0.976555 0.390063 -0.920588 -0.0158852
8.14418 27.9021 -2.20348 0.407151 -0.913279 0.0122394
8.18576 27.8796 -3.38033 0.442382 -0.89648 0.024793
8.18198 27.8363 -4.9062 0.44332 -0.895868 0.0296551
7.45818 27.4796 -5.65626 0.382472 -0.920197 0.0799069
6.15648 27.0506 -5.65151 0.266156 -0.962511 0.0439421
4.81783 26.7487 -5.6057 0.164497 -0.986192 0.0161929
3.6218 26.5689 -5.6191 0.143397 -0.989652 0.0051082
2.36061 26.4054 -5.6144 0.118404 -0.992964 -0.000739138
0.979417 26.2502 -5.63771 0.10901 -0.994028 -0.00442323
-0.187954 26.1269 -5.66412 0.101986 -0.994744 -0.00912706
-1.44428 25.9968 -5.44648 0.108369 -0.993898 -0.0200782
-1.60295 25.9528 -4.13206 0.11662 -0.993058 -0.0153347
-1.61059 25.9364 -2.91973 0.122609 -0.992408 -0.0091355
-1.67957 25.9185 -1.56301 0.124618 -0.992195 -0.00354255
-1.70322 25.9159 -0.294479 0.127342 -0.991855 0.00146304
-1.68773 25.9248 1.17391 0.121461 -0.992577 0.00603293
-1.68422 25.9385 2.46374 0.119945 -0.992694 0.0126943
-1.70325 25.9573 3.78481 0.112658 -0.993496 0.0165445
-1.69438 25.9883 5.01665 0.109762 -0.993536 0.0286381
-0.860361 26.0867 5.58038 0.0956139 -0.995233 0.01845
0.369577 26.2006 5.55587 0.0939448 -0.995543 0.0081011
1.59161 26.323 5.54039 0.106855 -0.994271 0.000614713
2.89921 26.4703 5.55944 0.122302 -0.992451 -0.00871443
4.04238 26.6206 5.58908 0.143905 -0.989566 -0.0071257
5.30123 26.8402 5.5681 0.20219 -0.978349 -0.0431147
5.53013 26.8098 6.68886 0.18909 -0.97832 -0.0809731
4.16188 26.6077 6.74331 0.131785 -0.990082 -0.0486886
2.90488 26.4615 6.71449 0.115517 -0.993135 -0.0183803
1.75522 26.3379 6.70726 0.0952406 -0.995416 -0.00129621
0.469593 26.2192 6.70588 0.0925893 -0.995671 0.00787442
-0.906434 26.1052 6.73708 0.0802558 -0.996438 0.02559
-2.11161 26.0065 6.72208 0.0862587 -0.995202 0.046034
-2.8106 25.9037 6.0151 0.107292 -0.99327 0.043552
-2.896 25.8441 4.77896 0.123208 -0.99169 0.0370296
-2.84061 25.8156 3.46904 0.121588 -0.992351 0.0213245
-2.7996 25.7907 2.05099 0.132758 -0.990948 0.0198996
-2.80559 25.7785 0.899613 0.135761 -0.990699 0.00897378
-2.81794 25.7701 -0.538318 0.13639 -0.990653 -0.0021734
-2.81661 25.7711 -1.69696 0.129663 -0.991557 -0.00152364
-2.77997 25.7915 -3.12848 0.126825 -0.991784 -0.0167182
-2.77345 25.8187 -4.39514 0.12051 -0.992493 -0.020837
-2.78368 25.8559 -5.61625 0.110979 -0.9929 -0.0426742
-2.34851 25.9488 -6.73477 0.100736 -0.993694 -0.0490071
-1.03419 26.0665 -6.76848 0.0799786 -0.996367 -0.0289207
0.246139 26.1757 -6.79479 0.0947409 -0.995483 -0.00410441
1.42501 26.2981 -6.78974 0.105072 -0.994446 0.00596583
2.67879 26.439 -6.77404 0.114243 -0.993416 0.00814142
4.10821 26.6201 -6.72839 0.137666 -0.990095 0.0274471
5.33384 26.7969 -6.77952 0.182152 -0.981322 0.050194
6.55639 27.0675 -6.79102 0.223227 -0.971065 0.0848625
7.84521 27.5587 -6.80638 0.43313 -0.898739 0.0680358
8.95779 28.1332 -6.69387 0.476698 -0.876912 0.0605274
9.20546 28.3311 -5.4427 0.476519 -0.879104 0.00927936
9.24242 28.3785 -4.28588 0.44367 -0.895858 0.0244168
9.19116 28.3884 -2.99023 0.449217 -0.893224 0.0183118
9.15204 28.385 -1.45354 0.442664 -0.896643 0.00875574
9.16309 28.3927 -0.292388 0.445705 -0.895162 -0.00557223
9.14458 28.3797 1.12558 0.451214 -0.892415 -0.000435468
9.18538 28.3931 2.33132 0.459417 -0.888147 -0.0113649
9.20691 28.3616 3.67545 0.464804 -0.884964 -0.0280881
9.2209 28.3332 4.84192 0.481289 -0.876221 -0.0244218
9.19733 28.2703 6.2141 0.489677 -0.870778 -0.043756
8.50359 27.8463 6.72513 0.416818 -0.904682 -0.08837
7.41879 27.3785 6.69165 0.362382 -0.92812 -0.0849242
6.28122 27.0012 6.69985 0.275973 -0.9589 -0.0657794
5.78007 26.8652 6.67687 0.226931 -0.970685 -0.0770403
