5.39837 27.4478 -3.13016 0.273217 -0.961737 -0.0021099
5.58249 27.5047 -2.19639 0.271924 -0.96231 -0.0036642
5.53461 27.4884 -1.28825 0.273526 -0.961835 -0.00571735
5.39456 27.4381 -0.277102 0.239019 -0.97092 -0.0135482
5.49137 27.4556 0.621026 0.274103 -0.961621 0.00546089
5.33763 27.4106 1.84148 0.250745 -0.967803 -0.021999
5.51617 27.4431 2.7727 0.2673 -0.963159 0.00604531
4.8194 27.2799 3.28531 0.232868 -0.972472 0.000663989
4.52024 27.2226 2.25248 0.197931 -0.980203 -0.0044604
4.69053 27.2635 1.24531 0.19748 -0.980293 -0.0031823
4.78804 27.2895 0.372529 0.217696 -0.976005 -0.00456231
4.55873 27.248 -0.701615 0.201878 -0.9794 -0.00449494
4.89324 27.3275 -1.74094 0.225676 -0.974154 -0.00707031
4.71074 27.2943 -2.75421 0.212417 -0.977178 -0.00161969
4.58825 27.2683 -3.29058 0.205065 -0.978735 0.00475609
3.80108 27.105 -2.99313 0.201815 -0.979411 -0.00449756
4.12259 27.1701 -2.12274 0.19832 -0.980124 -0.00409247
3.95431 27.1343 -1.08983 0.176611 -0.98428 -0.000918149
3.98736 27.1361 -0.131104 0.180032 -0.983591 -0.0112909
4.00732 27.1341 0.78542 0.177781 -0.984068 -0.00182022
3.73353 27.0847 1.60579 0.149623 -0.988735 -0.00294166
3.71435 27.0801 2.49184 0.155164 -0.987878 0.00445874
3.93657 27.1169 3.24497 0.176841 -0.984236 0.00223652
2.95154 26.9698 3.13055 0.137311 -0.990528 0.000726564
2.96111 26.9715 2.01808 0.136504 -0.990639 0.00072261
2.96111 26.9701 1.03727 0.141013 -0.990004 0.00268165
2.96111 26.9688 0.0325198 0.140881 -0.990027 0.000232281
2.96111 26.969 -0.969033 0.143306 -0.989674 0.000653037
2.96111 26.9671 -1.86692 0.140051 -0.990117 0.00195507
2.96111 26.9721 -2.84639 0.137562 -0.990481 -0.00445009
2.96111 26.9727 -3.07841 0.139672 -0.990188 -0.00416418
2.10883 26.8559 -3.11075 0.129377 -0.99159 -0.00311221
2.22888 26.8697 -2.26417 0.13137 -0.99133 -0.00273643
2.08998 26.8497 -1.29773 0.130905 -0.991395 -0.000248057
2.12861 26.8552 -0.361918 0.131606 -0.991297 -0.00246428
2.18869 26.8639 0.834718 0.12955 -0.991572 0.00058886
2.02784 26.8461 1.83383 0.127229 -0.99187 0.00246641
2.05873 26.8514 2.80299 0.129272 -0.991609 -0.000664541
2.13697 26.8614 3.22759 0.129308 -0.991604 0.000527149
1.43715 26.7727 3.32073 0.121214 -0.992622 0.00284303
1.23255 26.7468 2.32097 0.12531 -0.992109 0.00403563
1.28468 26.7495 1.28361 0.125582 -0.992078 0.00324637
1.30321 26.7484 0.200856 0.126584 -0.991951 0.00246596
1.29209 26.7466 -0.714823 0.128119 -0.991759 -0.000320655
1.29312 26.746 -1.79111 0.12739 -0.991851 -0.00106394
1.37768 26.7596 -2.65774 0.126459 -0.991962 -0.00440312
1.30648 26.7526 -3.1165 0.126119 -0.992004 -0.00467303
0.512707 26.6517 -2.9602 0.123575 -0.992318 -0.0057772
0.525559 26.6484 -1.88721 0.124301 -0.992241 -0.00194511
0.466853 26.6414 -0.912577 0.125225 -0.992128 -4.57271e-05
0.473872 26.6435 -0.0428246 0.122995 -0.992403 0.00302505
0.509973 26.6509 0.867967 0.12361 -0.992324 0.00358431
0.459452 26.6492 1.86643 0.12168 -0.992557 0.00486888
0.554016 26.665 2.98096 0.119444 -0.99284 0.00159068
1.29329 26.7609 4.47762 0.116625 -0.993154 0.00660358
-0.128545 26.5975 4.41409 0.111861 -0.993661 0.0111481
-0.758284 26.5157 3.46686 0.11508 -0.993314 0.00918518
-0.712314 26.5076 2.1155 0.122342 -0.99246 0.00748994
-0.744395 26.4936 0.825296 0.128042 -0.991746 0.0067427
-0.748385 26.4878 -0.318441 0.131024 -0.991376 0.00229409
-0.722156 26.4906 -1.47874 0.126841 -0.991923 -0.000281937
-0.698788 26.4985 -2.72692 0.125368 -0.992072 -0.00865347
-0.685798 26.5116 -3.98057 0.122287 -0.992451 -0.00927738
0.311071 26.6368 -4.47659 0.119433 -0.992814 -0.00751922
1.72261 26.8125 -4.50971 0.124898 -0.992154 -0.00559706
2.99571 26.9841 -4.47698 0.145967 -0.989288 -0.000795721
4.27767 27.1938 -4.4281 0.18508 -0.982694 0.00692383
5.51432 27.4689 -4.47345 0.247507 -0.968796 0.0105474
6.68559 27.8508 -4.19708 0.357383 -0.93372 0.0209999
6.78464 27.8975 -2.76109 0.372105 -0.928186 -0.00200891
6.74598 27.8887 -1.49622 0.373824 -0.927451 0.00868371
6.76534 27.8884 -0.148501 0.369699 -0.928907 -0.0213178
6.79352 27.8771 1.10164 0.35215 -0.935609 -0.0243962
6.78515 27.8552 2.40759 0.355433 -0.934683 -0.00582763
6.72106 27.8178 3.58334 0.359278 -0.933086 -0.0159851
5.98166 27.5655 4.39931 0.286826 -0.957728 -0.020306
4.7349 27.2499 4.4919 0.216505 -0.976208 -0.0112659
3.37289 27.0267 4.46107 0.145012 -0.98943 -0.000242459
2.084 26.8566 4.44419 0.123748 -0.992313 -0.000839563
1.60695 26.7973 4.46139 0.120394 -0.992705 0.00348665
1.79214 26.8221 5.58931 0.11483 -0.993383 0.000886149
0.646985 26.6945 5.61113 0.108529 -0.99408 0.00510475
-0.620202 26.5604 5.57365 0.105466 -0.994319 0.014384
-1.76628 26.4318 5.31422 0.110622 -0.993487 0.0266876
-1.95265 26.3793 4.13883 0.124918 -0.991947 0.0208806
-1.8918 26.3656 2.88285 0.130687 -0.991292 0.0161368
-1.81031 26.361 1.70237 0.132689 -0.991111 0.00961902
-1.85943 26.3434 0.405231 0.134018 -0.990965 0.00523762
-1.87563 26.3353 -1.18894 0.138431 -0.990362 -0.00108097
-1.86443 26.3431 -2.32861 0.135689 -0.990714 -0.00850082
-1.84825 26.3617 -3.66806 0.126515 -0.99186 -0.0144318
-1.85185 26.3851 -5.03091 0.119598 -0.992673 -0.01669
-1.07448 26.4865 -5.6146 0.115232 -0.993095 -0.0206546
0.231405 26.6356 -5.60654 0.114092 -0.993449 -0.00592669
1.4439 26.7818 -5.65397 0.122291 -0.99249 -0.00307027
2.6903 26.942 -5.61926 0.13209 -0.99123 -0.00395881
3.99386 27.1306 -5.58966 0.162682 -0.986535 0.00713199
5.24087 27.374 -5.61521 0.232245 -0.971795 0.0406542
6.67757 27.7824 -5.63214 0.330087 -0.940933 0.073832
7.76589 28.2496 -5.24503 0.384992 -0.921213 0.0466372
7.82339 28.3102 -3.90068 0.425179 -0.904814 0.0226905
7.82328 28.3384 -2.61116 0.412423 -0.910898 0.0109429
7.81006 28.3391 -1.26509 0.401499 -0.915832 0.00247984
7.81623 28.32 0.0703461 0.391081 -0.920164 -0.0187233
7.83662 28.3 1.31831 0.423186 -0.905974 -0.0109813
7.83034 28.2876 2.67664 0.401697 -0.915639 -0.0155625
7.81395 28.261 3.84556 0.422696 -0.905771 -0.0228417
7.79481 28.209 5.1894 0.436381 -0.898907 -0.0378472
6.89443 27.822 5.60076 0.35286 -0.933785 -0.0576498
5.6333 27.4406 5.59103 0.229087 -0.972811 -0.0332926
4.36902 27.1736 5.62949 0.162324 -0.986379 -0.0208737
2.89909 26.9558 5.56716 0.124145 -0.992255 -0.00423633
1.9598 26.8417 5.5713 0.116923 -0.99314 -0.00104033
1.83159 26.8251 6.69983 0.107391 -0.994208 -0.0035507
3.21195 26.9782 6.69247 0.12146 -0.992283 -0.0248251
4.55647 27.1679 6.77535 0.163922 -0.983177 -0.0805142
5.71184 27.4066 6.72326 0.259708 -0.963575 -0.0608922
7.12772 27.8342 6.76357 0.313625 -0.947435 -0.0609274
8.50483 28.4971 6.72019 0.515408 -0.855801 -0.0424157
8.87234 28.7399 5.7777 0.482935 -0.875287 -0.0252745
8.83385 28.7549 4.39421 0.462756 -0.886024 -0.0286065
8.8313 28.7926 3.2061 0.471354 -0.881458 -0.0285967
8.82552 28.8084 1.98296 0.4761 -0.879368 -0.00564564
8.82469 28.8108 0.727312 0.469607 -0.882876 0.00024634
8.83715 28.8298 -0.474966 0.456326 -0.889731 -0.0107435
8.83051 28.8185 -1.97823 0.450003 -0.893 0.00668366
8.8817 28.8317 -3.27808 0.444121 -0.895811 0.0163767
8.85004 28.7847 -4.6446 0.450744 -0.892498 0.00833038
8.84717 28.7649 -5.89058 0.478653 -0.877278 0.0342654
8.40401 28.4655 -6.77787 0.474673 -0.877062 0.0733293
7.34571 27.9441 -6.78024 0.387479 -0.918683 0.0752708
6.17078 27.5273 -6.79344 0.240442 -0.966938 0.0844246
4.79502 27.2347 -6.76617 0.166555 -0.984669 0.0495897
3.647 27.0582 -6.75044 0.147854 -0.98849 0.0302651
2.33484 26.8905 -6.77435 0.12316 -0.992378 0.00422321
1.14915 26.7485 -6.7944 0.114174 -0.993453 -0.00275007
-0.0116264 26.6118 -6.70084 0.114993 -0.99336 -0.00327424
-1.39516 26.4801 -6.79365 0.0806992 -0.99616 -0.0302198
-2.61396 26.35 -6.73229 0.117905 -0.991551 -0.0529728
-3.04378 26.2557 -5.63672 0.129371 -0.990892 -0.0371274
-2.97605 26.2166 -4.0631 0.142549 -0.989568 -0.0208677
-2.98076 26.1921 -2.71852 0.14307 -0.989638 -0.0116508
-2.9808 26.1826 -1.56139 0.146121 -0.98923 -0.00779573
-2.98708 26.1783 -0.275892 0.147471 -0.989036 0.00759508
-2.98204 26.1865 0.883178 0.151981 -0.988362 0.0064337
-2.99292 26.2045 2.38729 0.14764 -0.988707 0.0256814
-3.08557 26.2183 3.54442 0.134065 -0.990751 0.0208653
-3.06758 26.2544 4.76614 0.129791 -0.990665 0.0411949
-2.96957 26.3196 6.06212 0.111148 -0.992974 0.0406094
-1.86918 26.4613 6.75488 0.0913899 -0.995292 0.0322078
-0.373181 26.6026 6.70695 0.0984747 -0.995086 0.0101268
0.986691 26.7378 6.71675 0.0906524 -0.995784 0.0123349
1.62275 26.803 6.71226 0.106071 -0.994347 -0.00453322
