-29.9674 22.8079 4.55895 0.241728 -0.970341 -0.00147416
-29.9286 22.8165 3.5662 0.240745 -0.970572 0.00442517
-29.9874 22.797 2.75334 0.240288 -0.970694 0.0039726
-30.0484 22.7796 1.91479 0.231939 -0.972716 0.00520932
-29.9695 22.7922 1.11948 0.23187 -0.9727 0.00957265
-29.8719 22.8056 0.307894 0.231867 -0.97265 0.0137962
-29.8608 22.7997 -0.541235 0.220923 -0.975267 0.0069537
-29.9032 22.7844 -1.38854 0.218019 -0.975926 0.00607321
-29.9643 22.7647 -2.18711 0.216033 -0.976354 0.00790399
-29.8068 22.791 -3.30534 0.214534 -0.976693 0.00676355
-29.7766 22.796 -4.16899 0.210539 -0.97758 0.0033325
-30.5041 22.6411 -4.51033 0.206479 -0.978447 0.00289077
-30.5327 22.6359 -3.64298 0.206852 -0.978372 0.000808435
-30.6529 22.6133 -2.61381 0.208008 -0.978123 0.00274132
-30.7 22.6054 -1.7711 0.212056 -0.977255 0.00226715
-30.5855 22.6345 -0.866776 0.218078 -0.975921 0.00446426
-30.5758 22.6399 -0.0586927 0.222534 -0.974896 0.00699578
-30.6306 22.6344 0.742269 0.224672 -0.974396 0.00870417
-30.7791 22.6052 1.62628 0.226407 -0.974026 0.00332882
-30.7062 22.6247 2.50129 0.229669 -0.973264 0.00298096
-30.6519 22.6401 3.31384 0.232323 -0.972634 0.00286209
-30.6637 22.638 4.17799 0.23244 -0.972609 -0.0018095
-30.6868 22.6321 4.62187 0.234225 -0.972181 0.000879747
-31.3936 22.464 4.50363 0.230522 -0.973066 -0.0015971
-31.337 22.4783 3.57399 0.230171 -0.973149 0.000814841
-31.3954 22.4628 2.62487 0.228605 -0.973519 0.000727137
-31.511 22.4354 1.80471 0.224088 -0.974565 0.000518392
-31.3631 22.4674 0.868296 0.221123 -0.975241 0.00306689
-31.3326 22.4713 0.0504782 0.21747 -0.97606 0.00363601
-31.316 22.4729 -0.786568 0.213194 -0.977009 0.000372647
-31.4202 22.4498 -1.66707 0.211697 -0.977334 0.00122234
-31.4037 22.4533 -2.51909 0.20889 -0.977939 0.000410852
-31.2577 22.4831 -3.44749 0.206157 -0.978518 0.00118068
-31.3147 22.4712 -4.34012 0.205083 -0.978744 -0.000152725
-31.3031 22.4736 -4.42236 0.204713 -0.978822 0.000723347
-32.0988 22.3081 -4.6417 0.203055 -0.979166 -0.00148204
-32.0916 22.3087 -3.6558 0.204839 -0.978794 -0.00149872
-32.116 22.3018 -2.66192 0.206344 -0.978478 -0.00140855
-32.1184 22.3002 -1.66523 0.209046 -0.977906 -0.000598222
-32.1134 22.3003 -0.735922 0.211026 -0.97748 -0.00100376
-32.1247 22.2966 0.104292 0.212652 -0.977127 -0.00113733
-32.1261 22.2961 0.941293 0.21828 -0.975886 -0.000294172
-32.1827 22.2831 1.92477 0.219962 -0.975507 -0.00171284
-32.1125 22.2975 2.84165 0.222655 -0.974897 -0.000953796
-32.1189 22.2952 3.68201 0.228978 -0.973427 -0.00220913
-32.1334 22.29 4.35804 0.227389 -0.9738 -0.00282788
-32.8469 22.1243 4.4188 0.224588 -0.974449 -0.00302552
-32.9792 22.097 3.65039 0.222746 -0.974865 -0.0047449
-32.8902 22.1212 2.77855 0.222368 -0.974957 -0.00331331
-32.8534 22.132 1.86459 0.219998 -0.975498 -0.00202689
-32.8861 22.128 0.868311 0.216905 -0.976188 -0.00297515
-32.8534 22.1386 -0.137028 0.212862 -0.977078 -0.00275027
-33.0392 22.1022 -1.19697 0.211069 -0.977458 -0.00504675
-32.8913 22.1368 -2.16664 0.208466 -0.978024 -0.00322843
-32.9448 22.1282 -3.09102 0.205921 -0.978563 -0.00343627
-32.8534 22.1501 -3.90401 0.204412 -0.978881 -0.00270174
-32.8572 22.1506 -4.55019 0.202947 -0.979188 -0.00207033
-33.743 21.9666 -4.61557 0.205022 -0.978749 -0.00390396
-33.8394 21.9418 -3.70498 0.206653 -0.978402 -0.00489118
-33.6825 21.9712 -2.88339 0.208394 -0.978031 -0.00528213
-33.8194 21.9381 -2.02992 0.209072 -0.977895 -0.00311332
-33.7249 21.9524 -0.902432 0.211952 -0.977262 -0.00599937
-33.877 21.914 -0.0952645 0.214362 -0.976724 -0.00733897
-33.6976 21.9479 0.825294 0.218588 -0.975801 -0.00559826
-33.7581 21.93 1.61289 0.219675 -0.975558 -0.00548422
-33.7301 21.9317 2.41192 0.221292 -0.975192 -0.00547806
-33.7994 21.911 3.30112 0.223921 -0.974589 -0.00603334
-33.5706 21.9586 4.15898 0.22421 -0.974528 -0.00498165
-33.5121 21.9702 4.60586 0.2251 -0.974325 -0.00460757
-34.2364 21.8029 4.58901 0.225219 -0.974296 -0.00481019
-34.4356 21.7618 3.76634 0.224998 -0.974338 -0.0063476
-34.4981 21.7532 2.88334 0.224057 -0.974553 -0.00674527
-34.5496 21.7489 1.82715 0.223218 -0.974739 -0.0076173
-34.4821 21.7705 1.0046 0.219823 -0.975519 -0.00635737
-34.598 21.7525 0.0987876 0.21695 -0.976136 -0.00953127
-34.4037 21.8056 -0.973775 0.212938 -0.977022 -0.00922361
-34.4915 21.7938 -1.93321 0.210046 -0.977675 -0.00539471
-34.4542 21.8059 -2.73461 0.208777 -0.977946 -0.00581769
-34.5285 21.7953 -3.63163 0.208579 -0.977988 -0.00585961
-34.5221 21.8015 -4.44165 0.207257 -0.978275 -0.00463593
-34.4877 21.8099 -4.69583 0.206442 -0.978449 -0.00435448
-35.2463 21.6479 -4.5408 0.208247 -0.97806 -0.00566255
-35.2219 21.6475 -3.67227 0.209138 -0.977869 -0.00575895
-35.1783 21.6503 -2.68143 0.210951 -0.977476 -0.00631716
-35.1626 21.6477 -1.82678 0.214599 -0.976662 -0.00873368
-35.1521 21.6395 -0.917046 0.217789 -0.975927 -0.011578
-35.2816 21.5982 0.163933 0.218642 -0.975748 -0.0105063
-35.2547 21.5953 1.03524 0.220421 -0.975365 -0.00875579
-35.2734 21.5823 1.99707 0.221876 -0.975035 -0.00880436
-35.2591 21.5776 2.89128 0.225743 -0.974148 -0.0087123
-35.1664 21.5927 3.76462 0.225998 -0.974112 -0.00560401
-34.9828 21.6303 4.6157 0.225484 -0.974232 -0.00532929
-28.5756 23.1571 3.58039 0.246552 -0.969104 0.00708501
-28.5822 23.1588 4.33957 0.251016 -0.967966 0.0057437
-28.6634 23.1405 5.09388 0.252672 -0.967552 0.000438071
-29.2904 22.9777 5.43275 0.245334 -0.969438 -0.0012119
-30.0682 22.782 5.45294 0.240527 -0.970638 -0.0013365
-30.8574 22.5907 5.44286 0.234256 -0.972174 -0.000954417
-31.584 22.4169 5.40198 0.230802 -0.972998 -0.00237583
-32.3535 22.2348 5.39845 0.227172 -0.973843 -0.00462749
-33.0765 22.0673 5.40446 0.225569 -0.974218 -0.00432457
-33.9162 21.8729 5.43648 0.225157 -0.974313 -0.00426162
-34.7195 21.6873 5.44967 0.225275 -0.974286 -0.00419482
-35.7545 21.4449 5.41463 0.229364 -0.973327 -0.00520297
-36.3848 21.2981 5.02592 0.230107 -0.973145 -0.00635957
-36.4886 21.2786 4.25532 0.229972 -0.973177 -0.0062722
-36.4844 21.2855 3.50054 0.229344 -0.973317 -0.0073942
-36.5086 21.2895 2.47441 0.229187 -0.973322 -0.0107909
-36.522 21.2966 1.61462 0.228899 -0.973378 -0.0117389
-36.5306 21.3043 0.795878 0.227715 -0.97365 -0.0123282
-36.524 21.3174 -0.0399765 0.224747 -0.974306 -0.0145161
-36.5148 21.3356 -1.01443 0.221601 -0.975003 -0.0161751
-36.5011 21.3522 -1.94748 0.21764 -0.975947 -0.0125269
-36.4934 21.3638 -2.73888 0.215862 -0.97634 -0.0127674
-36.5234 21.3678 -3.72206 0.211358 -0.977358 -0.00997446
-36.5248 21.3746 -4.52897 0.209363 -0.977813 -0.00693364
-36.1095 21.4669 -5.33721 0.208215 -0.978075 -0.0040733
-35.28 21.6446 -5.45011 0.208789 -0.977953 -0.00390065
-34.5121 21.8082 -5.48281 0.20712 -0.978307 -0.00405526
-33.7244 21.9726 -5.45234 0.203511 -0.979069 -0.00253375
-32.9946 22.1239 -5.40231 0.202735 -0.979231 -0.00211732
-31.9742 22.3345 -5.42031 0.201013 -0.979588 -0.000312298
-31.1437 22.5056 -5.42307 0.203465 -0.979081 0.00131512
-30.3055 22.68 -5.44018 0.205498 -0.97865 0.0034438
-29.5753 22.8348 -5.46784 0.207713 -0.978176 0.00518132
-28.8275 22.9963 -5.39794 0.214813 -0.976653 0.00172937
-28.612 23.0469 -4.60342 0.214664 -0.976674 0.00525174
-28.6046 23.0538 -3.81632 0.215677 -0.976436 0.00735699
-28.6374 23.0525 -2.98609 0.217823 -0.975931 0.0105255
-28.6082 23.073 -1.88399 0.226368 -0.973933 0.0145541
-28.5857 23.0894 -1.11335 0.232312 -0.972498 0.0165517
-28.5887 23.1036 -0.260389 0.237418 -0.971208 0.0196898
-28.6314 23.1129 0.787016 0.240243 -0.970516 0.0195365
-28.6493 23.124 1.77954 0.244679 -0.969527 0.0116974
-28.6023 23.1448 2.81354 0.247299 -0.968909 0.00763151
-28.5787 23.1534 3.17664 0.246959 -0.969 0.00708952
-27.8628 23.3404 3.23048 0.256772 -0.966453 0.00606063
-27.8493 23.3493 4.24186 0.253699 -0.967274 0.00418038
-27.8913 23.3445 5.1262 0.255202 -0.966855 0.00791426
-27.9834 23.3222 5.92649 0.263217 -0.964732 -0.00224909
-28.9667 23.0592 6.18604 0.251516 -0.967819 -0.00809493
-29.9867 22.8002 6.20098 0.241888 -0.970259 -0.00937963
-31.0844 22.5319 6.18101 0.236451 -0.97161 -0.00801526
-31.9833 22.3182 6.14612 0.229841 -0.973215 -0.0047168
-32.7206 22.1466 6.16875 0.22538 -0.974267 -0.00273362
-33.6693 21.9279 6.16883 0.223669 -0.974663 -0.00195981
-34.3972 21.7595 6.21215 0.226121 -0.974098 -0.00164642
-35.3711 21.5318 6.19644 0.228077 -0.973641 -0.0022314
-36.2334 21.3276 6.16375 0.231077 -0.972927 -0.00382468
-37.0906 21.1243 5.95825 0.234027 -0.972219 -0.00455045
-37.1905 21.1056 5.11849 0.233394 -0.97235 -0.00791053
-37.2285 21.1046 4.04945 0.232265 -0.972623 -0.00758239
-37.219 21.1128 3.28203 0.23194 -0.972693 -0.00848923
-37.2337 21.1176 2.44053 0.232168 -0.972626 -0.00984862
-37.2677 21.1249 1.21705 0.231937 -0.972644 -0.0130125
-37.2768 21.1354 0.319022 0.231045 -0.972822 -0.0153579
-37.2296 21.1645 -0.541625 0.224193 -0.974362 -0.0188731
-37.2387 21.1758 -1.30307 0.221143 -0.975108 -0.0161368
-37.2343 21.1932 -2.18879 0.21694 -0.975993 -0.0193504
-37.2461 21.2064 -3.28328 0.212463 -0.977078 -0.0132724
-37.2819 21.2082 -4.09007 0.210743 -0.977483 -0.0106335
-37.2362 21.2256 -5.04101 0.207946 -0.978123 -0.00569986
-37.1274 21.2524 -5.99226 0.206209 -0.978507 -0.00153762
-36.3503 21.4179 -6.16884 0.208576 -0.978005 -0.00154276
-35.5358 21.5926 -6.19661 0.209472 -0.977809 -0.0032708
-34.6328 21.7861 -6.24037 0.208887 -0.977923 -0.00578057
-33.7711 21.9652 -6.21161 0.200813 -0.979616 -0.00438507
-32.8811 22.15 -6.14574 0.202505 -0.979273 -0.00408657
-32.0473 22.3213 -6.19858 0.200213 -0.979749 -0.00268138
-31.2117 22.4902 -6.17985 0.196114 -0.980581 0.00075042
-30.4582 22.6443 -6.19948 0.203806 -0.978996 0.00539481
-29.5028 22.848 -6.2506 0.212856 -0.977082 0.00195702
-28.7401 23.0165 -6.2685 0.215386 -0.976521 -0.00387912
-27.9319 23.1965 -5.84599 0.219369 -0.975632 -0.00371103
-27.8632 23.2095 -5.05163 0.21445 -0.976732 0.00227103
-27.8837 23.2087 -4.2347 0.213369 -0.976949 0.00663036
-27.8595 23.2209 -3.47373 0.216534 -0.976201 0.0120327
-27.9072 23.2243 -2.58127 0.224482 -0.974339 0.0164552
-27.8958 23.2395 -1.80458 0.229575 -0.973099 0.0185642
-27.8434 23.2723 -0.888042 0.234907 -0.971826 0.0192836
-27.8675 23.2883 0.00707675 0.245681 -0.969136 0.0203679
-27.9197 23.2987 0.998323 0.254825 -0.966747 0.0215523
-27.8825 23.3214 1.83092 0.252132 -0.967567 0.0154471
-27.8753 23.3328 2.64054 0.256772 -0.966417 0.0102764
-27.866 23.3373 2.87079 0.256695 -0.966474 0.0059831
-27.1499 23.5309 2.89668 0.270318 -0.962728 0.00911514
-27.1377 23.5391 3.75344 0.263872 -0.964552 -0.00300758
-27.1581 23.5357 4.90239 0.252189 -0.967628 0.00945413
-27.1844 23.5391 5.83288 0.260186 -0.965525 0.00704648
-27.2772 23.5174 6.7194 0.29817 -0.954436 -0.0121097
-27.959 23.3158 6.90384 0.256023 -0.966441 -0.0210662
-28.8355 23.0825 6.92622 0.254043 -0.96674 -0.0291424
-29.5726 22.8912 6.96178 0.235439 -0.971469 -0.0226564
-30.4673 22.6765 6.94124 0.239187 -0.970948 -0.00677743
-31.2154 22.4931 6.91156 0.23171 -0.972659 -0.0155256
-32.2202 22.2641 6.9333 0.218917 -0.975694 0.00533436
-32.9998 22.0809 6.91663 0.229563 -0.973292 -0.00176958
-33.8542 21.8839 6.93246 0.222442 -0.974935 -0.00293338
-34.8407 21.6572 6.94724 0.230772 -0.972964 0.00273339
-35.7136 21.4471 6.93768 0.228831 -0.973426 -0.00867382
-36.5042 21.2613 6.91638 0.232158 -0.972678 -0.000565319
-37.3782 21.0489 6.91309 0.235658 -0.971803 -0.00806068
-37.9482 20.9141 6.50873 0.235975 -0.971733 -0.00700405
-37.935 20.9224 5.62187 0.235404 -0.971877 -0.00633599
-37.9821 20.9204 4.53984 0.234034 -0.972184 -0.0091214
-37.9519 20.9366 3.46183 0.232388 -0.972587 -0.0084438
-38.0372 20.9248 2.53668 0.231796 -0.972727 -0.0084098
-38.0087 20.9426 1.54213 0.234696 -0.971977 -0.0133198
-38.0048 20.9541 0.736014 0.236858 -0.971471 -0.0119145
-37.9643 20.9799 -0.0551987 0.240406 -0.970197 -0.0295992
-37.9725 21.0011 -0.882398 0.22373 -0.974426 -0.020898
-37.9943 21.0129 -1.65364 0.219378 -0.975401 -0.0214174
-37.9897 21.0322 -2.4721 0.213381 -0.976786 -0.0185776
-38.0084 21.0424 -3.4081 0.210882 -0.977408 -0.0142412
-37.9931 21.0579 -4.28778 0.208314 -0.97798 -0.0126228
-37.984 21.0669 -5.09312 0.208284 -0.97804 -0.00750863
-37.9547 21.0779 -5.88245 0.206865 -0.978364 -0.00276581
-37.9099 21.0874 -6.73759 0.212163 -0.977233 0.000536369
-37.2689 21.2251 -6.96043 0.203182 -0.979134 -0.00360989
-36.3867 21.4094 -6.97638 0.208778 -0.977955 0.00394993
-35.5423 21.5934 -6.97164 0.213532 -0.976927 0.000876879
-34.7077 21.7775 -7.00935 0.206227 -0.978461 -0.00824952
-33.8739 21.9463 -6.95631 0.197151 -0.980368 -0.00292906
-32.9847 22.1311 -6.93739 0.212471 -0.977159 -0.00221303
-32.181 22.2997 -6.96817 0.200128 -0.979681 -0.0131891
-31.1254 22.5044 -6.91454 0.194217 -0.980938 0.0063196
-30.2295 22.6835 -6.97609 0.209977 -0.97756 0.015629
-29.3862 22.8713 -7.0085 0.22092 -0.975256 -0.000945015
-28.4767 23.081 -7.00333 0.214546 -0.976653 -0.0108869
-27.745 23.2379 -6.97424 0.208972 -0.977913 -0.00388476
-27.194 23.3619 -6.54261 0.228211 -0.973596 0.00546654
-27.113 23.3823 -5.74262 0.226372 -0.974012 -0.00642099
-27.121 23.3703 -4.94041 0.208811 -0.977954 0.00209844
-27.1449 23.3698 -4.11797 0.210511 -0.977523 0.0112884
-27.126 23.3859 -3.37703 0.219991 -0.975341 0.0171517
-27.1476 23.3998 -2.54417 0.22806 -0.973437 0.0198942
-27.1473 23.4292 -1.44837 0.237126 -0.971161 0.0247859
-27.1205 23.4575 -0.654489 0.236941 -0.970965 0.0328704
-27.1446 23.4834 0.244698 0.252286 -0.967021 0.0349527
-27.202 23.4885 0.991562 0.25939 -0.965588 0.0188973
-27.1489 23.5187 1.95112 0.257125 -0.966306 0.0118047
-27.1514 23.5292 2.76247 0.269507 -0.962912 0.0125413
