40.0146 24.5305 3.53593 -0.806846 -0.590421 0.0200447
40.08 24.4361 2.67263 -0.806997 -0.590491 -0.00517427
40.1374 24.3567 1.50833 -0.815832 -0.574921 0.0483759
40.1215 24.3039 0.433643 -0.816694 -0.576333 0.0151514
40.1521 24.266 -0.681005 -0.812596 -0.582604 0.0159513
40.1695 24.2236 -1.56744 -0.827652 -0.560904 0.0182222
40.1675 24.2506 -2.53805 -0.830016 -0.555922 -0.044902
40.1363 24.3751 -3.43584 -0.85365 -0.517403 -0.0596698
40.1365 24.3781 -3.45998 -0.835778 -0.544579 -0.0609952
39.6228 25.0597 -3.59618 -0.766041 -0.641647 -0.0181561
39.6697 24.919 -2.50127 -0.777241 -0.62816 -0.0351344
39.6833 24.8919 -1.48592 -0.782056 -0.622263 0.0343028
39.6536 24.9496 -0.453979 -0.779312 -0.626583 -0.00231999
39.6449 24.9747 0.627796 -0.794704 -0.60688 0.00392312
39.6112 25.0213 1.60174 -0.766636 -0.641643 0.00941344
39.5739 25.0678 2.46168 -0.741164 -0.670744 0.0278359
39.5467 25.1391 3.25898 -0.745026 -0.666382 0.0241855
38.9472 25.778 3.37548 -0.706923 -0.706985 0.02021
39.027 25.6622 2.49742 -0.705044 -0.708971 0.00848916
39.0561 25.6267 1.58781 -0.733982 -0.678355 -0.0319048
39.1157 25.6031 0.688771 -0.725871 -0.687347 -0.0168823
39.119 25.5962 -0.195114 -0.739676 -0.67266 0.00689886
39.1329 25.5502 -1.26668 -0.72108 -0.692166 0.0173815
39.1417 25.5289 -2.19655 -0.729609 -0.68346 -0.023424
39.0844 25.6092 -3.17014 -0.706171 -0.707944 -0.0117464
39.0348 25.6707 -3.66335 -0.704247 -0.709934 -0.00053252
38.4155 26.2679 -3.62185 -0.691784 -0.722026 -0.010621
38.5477 26.1296 -2.77835 -0.680574 -0.732675 0.00249418
38.558 26.1186 -1.82675 -0.671404 -0.741087 0.00188
38.515 26.1825 -0.960199 -0.689783 -0.722921 0.0397592
38.5326 26.1974 0.00423605 -0.680611 -0.732309 -0.0112653
38.5095 26.1905 0.90023 -0.65097 -0.758639 -0.0263811
38.4432 26.2396 1.85961 -0.703144 -0.71055 -0.0233789
38.4175 26.2521 2.95251 -0.689456 -0.723395 0.024109
38.3214 26.3503 3.54775 -0.650504 -0.759481 0.00136872
37.6794 26.8586 3.52526 -0.59319 -0.805042 0.0037633
37.8522 26.7369 2.65977 -0.615012 -0.788359 -0.010378
37.8112 26.7596 1.6413 -0.61482 -0.788642 0.00447851
37.8834 26.7346 0.637251 -0.600066 -0.799139 -0.0304749
37.8417 26.7687 -0.351088 -0.619665 -0.784611 0.0185951
37.8631 26.7197 -1.34851 -0.602626 -0.79761 0.025645
37.9527 26.6554 -2.29926 -0.615879 -0.787675 -0.0158861
37.877 26.7292 -3.2101 -0.621694 -0.783191 0.00256159
37.7822 26.8001 -3.55958 -0.621109 -0.783601 0.0105569
37.1352 27.259 -3.52607 -0.551844 -0.833946 0.00169931
37.2506 27.1732 -2.66722 -0.54716 -0.836954 -0.0111185
37.1302 27.2444 -1.56721 -0.557464 -0.830177 -0.00160312
37.0996 27.2916 -0.319664 -0.564442 -0.825386 0.0116493
37.1321 27.2751 0.637285 -0.547478 -0.836573 -0.017317
37.0591 27.2941 1.55693 -0.556344 -0.830733 -0.0184426
37.2223 27.1947 2.47663 -0.554116 -0.832353 0.00301227
37.0359 27.3001 3.42403 -0.527733 -0.849364 -0.00505213
37.0027 27.3201 3.5498 -0.52997 -0.847941 -0.00677265
36.3118 27.7319 3.3794 -0.500983 -0.865274 -0.0134581
36.3118 27.7434 2.45008 -0.512703 -0.85855 -0.00368161
36.3118 27.7594 1.58626 -0.498499 -0.866478 -0.020435
36.3118 27.7718 0.645409 -0.468766 -0.883258 -0.0105299
36.3118 27.8018 -0.48979 -0.506953 -0.860736 -0.00821125
36.3118 27.7473 -1.68462 -0.483847 -0.874947 0.018888
36.305 27.7563 -2.64192 -0.495955 -0.86822 -0.0133955
36.3118 27.7732 -3.64819 -0.503881 -0.863711 -0.00947486
35.4236 28.2377 -3.63439 -0.428787 -0.903366 -0.00848621
35.5158 28.1722 -2.4996 -0.439473 -0.897958 -0.0226685
35.3062 28.2605 -1.50679 -0.419606 -0.907648 -0.010097
35.5398 28.1901 -0.698307 -0.434467 -0.899378 0.0427764
35.5628 28.165 0.285617 -0.450589 -0.892331 -0.000219094
35.4801 28.2217 1.18622 -0.464498 -0.885142 -0.0185003
35.5822 28.1561 2.09436 -0.466196 -0.884639 0.00865883
35.5115 28.1855 3.12318 -0.438176 -0.898583 -0.0233963
35.5111 28.1825 3.25298 -0.43695 -0.899185 -0.0232279
34.7687 28.5303 3.44527 -0.413388 -0.910501 0.00224898
34.8586 28.4975 2.49339 -0.393803 -0.919186 -0.00386066
34.7288 28.566 1.29581 -0.372133 -0.928056 -0.0138987
34.8128 28.5259 0.221331 -0.370667 -0.928656 0.0117187
34.6496 28.5683 -0.953105 -0.373143 -0.927482 0.0201446
34.6497 28.5571 -1.91715 -0.39007 -0.920652 -0.0154653
34.6732 28.5659 -2.84085 -0.400632 -0.915981 -0.0213519
34.6095 28.6042 -3.56232 -0.38989 -0.920761 0.00410194
33.8464 28.8921 -3.50147 -0.334887 -0.942252 -0.0033834
33.9205 28.8604 -2.55778 -0.338234 -0.941055 -0.001407
33.8886 28.867 -1.59645 -0.356411 -0.933855 -0.0160434
33.9521 28.8468 -0.72745 -0.343088 -0.939123 0.0133126
34.0263 28.8324 0.245803 -0.350916 -0.936198 0.0197515
33.9753 28.8599 1.18373 -0.353383 -0.935411 -0.0111586
34.0686 28.8231 2.29688 -0.358738 -0.933255 -0.00232584
34.0267 28.8374 3.24091 -0.351982 -0.935892 0.0144703
33.9816 28.8545 3.57729 -0.330534 -0.94379 -0.00180978
33.1686 29.136 3.56155 -0.308533 -0.95119 -0.00459592
33.258 29.1098 2.67897 -0.316935 -0.948435 -0.00293812
33.2665 29.1016 1.75411 -0.305698 -0.951934 -0.00893629
33.2488 29.1159 0.865373 -0.307225 -0.951624 0.000663343
33.2445 29.0982 -0.123491 -0.306811 -0.951485 0.0201452
33.1899 29.1078 -1.00339 -0.311599 -0.950131 0.011236
33.1359 29.1242 -1.88223 -0.314917 -0.948911 -0.0197864
33.1469 29.1295 -2.83016 -0.310708 -0.950504 -0.00110067
33.0838 29.1503 -3.39052 -0.311308 -0.950304 -0.00280531
39.7029 24.9833 4.68214 -0.783533 -0.619716 0.0448051
40.4143 23.9796 4.6363 -0.851696 -0.523503 0.0236111
40.8581 23.1534 4.25985 -0.893472 -0.447076 0.0203993
40.8858 23.0786 3.15118 -0.901046 -0.433367 -0.0169925
40.8931 23.044 1.75051 -0.885494 -0.463432 0.0332753
40.8946 23.0175 0.69315 -0.903465 -0.428645 0.00193274
40.9057 22.9895 -0.521748 -0.905134 -0.425104 0.00417499
40.885 22.9652 -1.7426 -0.892318 -0.451163 0.00864529
40.9069 22.9666 -2.98057 -0.884804 -0.465363 -0.00807552
40.8922 23.0162 -4.18666 -0.9154 -0.402278 -0.0136828
40.4504 23.955 -4.65456 -0.874764 -0.482292 -0.0409141
39.7456 24.9149 -4.6911 -0.765403 -0.643538 0.0040052
38.8494 25.8473 -4.7279 -0.700548 -0.713599 0.00235881
37.8378 26.7473 -4.68463 -0.624174 -0.781256 -0.00186543
36.9821 27.3622 -4.70048 -0.550221 -0.835017 0.00139783
35.9466 27.9814 -4.71473 -0.462567 -0.885468 0.0395793
34.9237 28.4643 -4.72156 -0.390095 -0.920767 0.00312259
33.8545 28.892 -4.69664 -0.34939 -0.936822 -0.017092
32.7825 29.2558 -4.71637 -0.307919 -0.951291 -0.0151357
31.7241 29.5654 -4.55778 -0.272973 -0.961891 -0.0150653
31.5561 29.6034 -3.29863 -0.267559 -0.963534 0.0037255
31.5797 29.5999 -2.03357 -0.273782 -0.96179 -0.00134851
31.5464 29.609 -0.774407 -0.261184 -0.965278 0.00208827
31.5367 29.6126 0.409783 -0.270071 -0.962838 0.00233145
31.5229 29.6143 1.55983 -0.25962 -0.965705 0.0018042
31.5053 29.6213 2.65473 -0.25474 -0.967009 0.000900804
31.566 29.6093 3.76523 -0.251077 -0.967964 -0.00179614
32.3324 29.3961 4.62294 -0.280546 -0.959834 0.00194225
33.3311 29.0795 4.65054 -0.313791 -0.949451 0.00834419
34.4217 28.6791 4.65112 -0.364376 -0.930917 -0.016798
35.3922 28.2418 4.63849 -0.441962 -0.896764 0.0219852
36.3886 27.713 4.65003 -0.501178 -0.864805 0.0288965
37.2904 27.1447 4.66244 -0.562111 -0.826359 0.0335305
38.261 26.409 4.63311 -0.632464 -0.77332 0.0408142
39.2282 25.5199 4.66091 -0.717771 -0.69621 0.0098028
39.5071 25.2321 4.67491 -0.75224 -0.656175 0.025412
39.5544 25.2027 5.72785 -0.753663 -0.657156 0.0117073
38.7539 26.0248 5.67961 -0.679506 -0.731519 0.0515574
37.8463 26.8007 5.68354 -0.590983 -0.804751 0.054926
36.974 27.4014 5.71581 -0.530164 -0.847044 0.0373925
35.9857 27.9703 5.68347 -0.459794 -0.887055 0.0405766
34.8737 28.506 5.69802 -0.418361 -0.907646 0.033953
33.8879 28.8998 5.70644 -0.34155 -0.939424 0.0242075
32.7368 29.2822 5.70436 -0.290077 -0.956873 0.01262
31.5121 29.6297 5.69256 -0.259318 -0.965768 0.00684766
30.5804 29.8656 5.10857 -0.24082 -0.970552 0.00571184
30.5378 29.8711 3.88242 -0.24227 -0.970207 0.00112377
30.4787 29.8848 2.57426 -0.23437 -0.972146 0.00136069
30.4947 29.8751 1.35623 -0.236688 -0.971579 0.00203428
30.5059 29.8735 0.100516 -0.235519 -0.971868 -0.00183027
30.5124 29.8769 -1.17656 -0.24168 -0.970329 -0.0014707
30.5578 29.8705 -2.24422 -0.244395 -0.969674 -0.00206742
30.5201 29.8826 -3.48658 -0.242166 -0.970216 -0.00355596
30.5206 29.8904 -4.76402 -0.250512 -0.968078 -0.00695105
30.9927 29.7776 -5.67912 -0.251429 -0.967824 -0.00991099
32.0537 29.4965 -5.80326 -0.277462 -0.960533 -0.0132435
33.2231 29.1338 -5.76101 -0.30909 -0.950055 -0.0424905
34.3434 28.7265 -5.76676 -0.355032 -0.934516 -0.0245863
35.3607 28.2626 -5.7604 -0.438247 -0.898239 -0.0331459
36.4763 27.6754 -5.74961 -0.496454 -0.867907 -0.0162093
37.4934 27.0262 -5.75306 -0.578404 -0.814864 -0.0371857
38.4863 26.2114 -5.75737 -0.651544 -0.755211 -0.0716872
39.3136 25.4303 -5.77454 -0.708471 -0.701304 -0.0712852
40.0329 24.5746 -5.73139 -0.78135 -0.623639 -0.0236925
40.7303 23.4528 -5.73262 -0.903287 -0.42825 -0.00735992
41.176 22.4065 -5.64108 -0.94326 -0.331006 -0.0263542
41.3052 21.9972 -4.78794 -0.946829 -0.321635 0.00784551
41.3124 21.9883 -3.68065 -0.94156 -0.33663 0.00700241
41.3208 21.9888 -2.29451 -0.942452 -0.334333 -0.00154155
41.3108 22.0267 -1.06149 -0.930772 -0.365512 0.00721284
41.3127 22.0401 0.0945835 -0.932732 -0.36044 0.00144747
41.3281 22.0416 1.35253 -0.922814 -0.383833 0.0305471
41.3408 22.065 2.40444 -0.936757 -0.34985 0.00940856
41.3267 22.0968 3.47128 -0.920462 -0.390753 -0.00620241
41.3153 22.128 4.57197 -0.928438 -0.371012 0.0176527
41.2815 22.2381 5.63808 -0.937653 -0.34752 0.000995724
40.8848 23.2171 5.69144 -0.900309 -0.429083 0.0467668
40.2696 24.2961 5.7099 -0.832705 -0.552686 0.0201479
39.8973 24.8022 5.73411 -0.776062 -0.629444 0.0285085
39.9783 24.8127 6.77317 -0.787112 -0.603243 0.116194
39.1402 25.7456 6.77726 -0.715246 -0.695718 0.0633023
38.3582 26.4992 6.72861 -0.633392 -0.767036 0.0846336
37.4184 27.1746 6.74306 -0.554016 -0.830299 0.0588746
36.4748 27.7735 6.74594 -0.48879 -0.869225 0.0652872
35.3846 28.3239 6.77708 -0.442189 -0.895261 0.0544718
34.3388 28.7829 6.76117 -0.350113 -0.935115 0.0500256
33.1938 29.166 6.76637 -0.30295 -0.95234 0.0356332
32.1276 29.4868 6.77306 -0.265581 -0.96354 0.0323074
30.9661 29.7876 6.77237 -0.240465 -0.970554 0.014095
29.7833 30.0728 6.68688 -0.229536 -0.973278 0.00642328
29.4521 30.146 5.79161 -0.235039 -0.971955 0.00781264
29.5132 30.1212 4.35104 -0.232814 -0.972506 0.00533999
29.4396 30.1345 3.05847 -0.227785 -0.973706 0.00309831
29.4571 30.1272 1.93027 -0.229152 -0.973384 0.00331464
29.4742 30.1192 0.611399 -0.224716 -0.974422 0.00157663
29.4818 30.1206 -0.712318 -0.223416 -0.97469 -0.00795337
29.4892 30.129 -2.05839 -0.223481 -0.974697 -0.00100826
29.5004 30.1324 -3.26037 -0.234955 -0.971964 -0.0088254
29.4641 30.1541 -4.50912 -0.239941 -0.970752 -0.00830909
29.4281 30.1726 -5.60327 -0.238 -0.971234 -0.00772303
29.9158 30.0605 -6.78222 -0.237589 -0.971353 -0.00503061
31.1313 29.7546 -6.81588 -0.249524 -0.96824 -0.0149817
32.149 29.4935 -6.85112 -0.268903 -0.962653 -0.0309017
33.4365 29.107 -6.8267 -0.298267 -0.953447 -0.0432157
34.4267 28.7475 -6.83816 -0.371476 -0.926582 -0.0550041
35.5099 28.244 -6.8413 -0.435211 -0.898531 -0.0568004
36.4722 27.7297 -6.79728 -0.498591 -0.86326 -0.0786512
37.4266 27.1435 -6.80795 -0.54891 -0.82864 -0.108778
38.4192 26.4005 -6.79518 -0.634875 -0.765935 -0.101325
39.3405 25.5245 -6.7948 -0.719452 -0.680479 -0.126766
40.169 24.4771 -6.79651 -0.78045 -0.60999 -0.136995
40.7264 23.5667 -6.81811 -0.895371 -0.442338 -0.0507191
41.2092 22.4713 -6.75008 -0.928627 -0.358954 -0.0938326
41.526 21.4667 -6.77643 -0.966796 -0.252295 -0.038538
41.6349 20.9477 -5.96865 -0.969212 -0.245923 -0.0104739
41.6244 20.9856 -4.84649 -0.961047 -0.276267 0.00810651
41.6387 20.9844 -3.76865 -0.96072 -0.276228 0.0260435
41.6636 20.9834 -2.57116 -0.955003 -0.295677 0.0227449
41.679 20.9913 -1.52133 -0.946379 -0.322701 0.0151783
41.6794 21.0248 -0.265678 -0.942746 -0.333385 0.00847897
41.6921 21.0305 0.847268 -0.951526 -0.307053 0.0165906
41.7048 21.0473 2.00532 -0.950133 -0.311705 0.00607429
41.6992 21.0559 3.31317 -0.948759 -0.315994 -0.000683767
41.6866 21.0717 4.69396 -0.952839 -0.303218 -0.0120341
41.6766 21.0374 6.06401 -0.968337 -0.249271 0.012739
41.4571 21.9039 6.80743 -0.943021 -0.323539 0.0699264
41.0439 22.9952 6.79334 -0.926645 -0.371354 0.0543386
40.4712 24.1068 6.74989 -0.82996 -0.5478 0.0995309
40.0519 24.7072 6.76878 -0.815895 -0.572566 0.0805213
