-30.0287 23.2115 -4.58089 0.193386 -0.981122 0.000882469
-30.0365 23.2107 -3.57853 0.194519 -0.980897 0.00154009
-30.0325 23.2157 -2.68359 0.200744 -0.979625 0.00601677
-30.0931 23.2095 -1.81566 0.2021 -0.979342 0.00668557
-30.1959 23.1926 -1.01552 0.20312 -0.979143 0.00450463
-30.1238 23.2123 -0.104036 0.205968 -0.978536 0.00638307
-29.982 23.2509 0.722243 0.213154 -0.976962 0.0105583
-29.9847 23.2592 1.66857 0.217426 -0.976036 0.00880784
-29.9887 23.2655 2.61941 0.223536 -0.974662 0.00810896
-30.1003 23.2478 3.48831 0.224717 -0.974397 0.00671123
-30.2223 23.2238 4.39242 0.222879 -0.974838 0.00311743
-30.2279 23.2227 4.53412 0.223902 -0.974611 0.00113657
-30.9586 23.0557 4.57697 0.221258 -0.975215 0.00066545
-30.9086 23.0658 3.74157 0.218128 -0.975917 0.00242737
-30.7636 23.0943 2.87454 0.216594 -0.976241 0.00629598
-30.7039 23.1021 2.02421 0.216624 -0.976239 0.00550325
-30.7198 23.0928 0.814384 0.20886 -0.97793 0.00540882
-30.8588 23.0583 -0.0135681 0.205271 -0.978689 0.00437024
-30.9318 23.0405 -0.964325 0.202294 -0.979318 0.00351953
-30.825 23.0589 -1.76988 0.199865 -0.979813 0.00381388
-30.7579 23.0708 -2.59537 0.195453 -0.980711 0.00180404
-30.764 23.0671 -3.38986 0.193116 -0.981173 0.00166863
-30.7855 23.0628 -4.15129 0.193288 -0.981142 -0.000312946
-30.81 23.058 -4.64874 0.191862 -0.981422 0.000176306
-31.5916 22.905 -4.66237 0.19157 -0.981478 -0.000688216
-31.496 22.923 -3.6572 0.192498 -0.981297 -0.00096508
-31.4925 22.924 -2.74567 0.195833 -0.980637 0.000760502
-31.5867 22.9056 -1.7996 0.196325 -0.980537 0.00162456
-31.6338 22.8968 -0.924818 0.198504 -0.9801 -0.000464041
-31.6228 22.8998 -0.162161 0.202903 -0.979195 0.00275347
-31.4948 22.9282 0.566925 0.205096 -0.978735 0.00299226
-31.4453 22.9401 1.45496 0.206721 -0.978397 0.00236371
-31.4665 22.9367 2.21405 0.209847 -0.977731 0.00142358
-31.5098 22.9298 2.9868 0.213556 -0.976924 0.00282523
-31.6386 22.9032 3.94772 0.218475 -0.975842 0.000117236
-31.6479 22.9008 4.35414 0.217676 -0.976021 -0.000303235
-32.3227 22.7515 4.38057 0.214984 -0.976615 -0.0015986
-32.3315 22.7507 3.44447 0.212246 -0.977213 -0.00205231
-32.3202 22.7546 2.36648 0.208069 -0.978112 -0.00225019
-32.2996 22.7596 1.54797 0.207444 -0.978247 0.000552155
-32.2877 22.7633 0.72519 0.203235 -0.97913 -0.000497763
-32.3207 22.7565 -0.281704 0.201103 -0.97957 -0.00035383
-32.3258 22.7568 -1.30893 0.198496 -0.980102 -0.000341506
-32.3136 22.7601 -2.28738 0.195223 -0.980759 -0.000358139
-32.2911 22.7659 -3.24087 0.193418 -0.981114 -0.00205993
-32.2961 22.7664 -4.00518 0.19248 -0.9813 -0.00153437
-32.3172 22.7634 -4.5784 0.191577 -0.981475 -0.00215982
-33.0007 22.6303 -4.71441 0.191852 -0.98142 -0.00286637
-33.0115 22.6251 -3.63299 0.19317 -0.98116 -0.00329533
-33.0454 22.6155 -2.6432 0.195449 -0.980711 -0.00255586
-33.0482 22.6121 -1.66929 0.197881 -0.980222 -0.00287756
-33.0193 22.6143 -0.588018 0.201917 -0.979399 -0.00277968
-33.0205 22.612 0.246051 0.202717 -0.979235 -0.0020618
-33.0322 22.6072 1.04874 0.203813 -0.979007 -0.0022288
-33.0578 22.5993 1.80508 0.207307 -0.978268 -0.00391339
-33.0416 22.5999 2.56236 0.20818 -0.978085 -0.00344795
-33.0416 22.5961 3.51986 0.211712 -0.977325 -0.00364706
-33.03 22.5949 4.51625 0.214276 -0.976767 -0.00334089
-33.041 22.5923 4.58848 0.214449 -0.97673 -0.0032921
-33.7718 22.4324 4.45766 0.214499 -0.976712 -0.00475678
-33.7771 22.4361 3.58108 0.212759 -0.977085 -0.00618117
-33.9175 22.4108 2.78999 0.209981 -0.977688 -0.00589768
-33.878 22.4259 1.71405 0.208741 -0.977955 -0.00535283
-33.6796 22.4722 0.907839 0.205873 -0.978562 -0.00565715
-33.6725 22.478 -0.0647425 0.203324 -0.979104 -0.00374145
-33.7261 22.4711 -0.90802 0.199992 -0.979779 -0.00603651
-33.8403 22.4543 -2.01174 0.196698 -0.980453 -0.00458876
-33.8223 22.4623 -3.07648 0.195664 -0.980657 -0.00507704
-33.6827 22.4936 -3.89825 0.194079 -0.980979 -0.0035195
-33.6737 22.4982 -4.61909 0.192625 -0.981267 -0.00343131
-34.4332 22.3479 -4.62038 0.196086 -0.980577 -0.0042756
-34.4288 22.3448 -3.69908 0.196233 -0.980545 -0.00493164
-34.5769 22.3104 -2.86833 0.196418 -0.980508 -0.00493223
-34.5631 22.3089 -2.08046 0.199612 -0.979852 -0.00668833
-34.4878 22.3178 -1.22351 0.200752 -0.97961 -0.00786236
-34.3752 22.3327 -0.212201 0.201513 -0.979456 -0.00769131
-34.3959 22.322 0.739204 0.206581 -0.978397 -0.00798092
-34.6208 22.267 1.68578 0.209162 -0.977847 -0.00812519
-34.6562 22.2523 2.67055 0.211635 -0.977328 -0.00637435
-34.5469 22.2684 3.65255 0.213116 -0.976999 -0.00743352
-34.5203 22.2679 4.51259 0.213937 -0.976826 -0.00650485
-34.5266 22.2661 4.58298 0.214619 -0.976682 -0.00556523
-35.2687 22.1049 4.41801 0.214294 -0.976743 -0.00711317
-35.317 22.1003 3.63425 0.213891 -0.976827 -0.00775892
-35.3792 22.0976 2.46549 0.212343 -0.977154 -0.00899083
-35.3345 22.1151 1.58327 0.211406 -0.977351 -0.00960287
-35.0939 22.1751 0.591544 0.208592 -0.977969 -0.00814012
-35.0897 22.1844 -0.269548 0.205444 -0.978613 -0.0104765
-35.219 22.1675 -1.24582 0.205458 -0.978609 -0.0105988
-35.2812 22.1609 -2.0063 0.201538 -0.979447 -0.00804102
-35.3031 22.1624 -2.76456 0.200177 -0.979728 -0.00779833
-35.1996 22.1897 -3.61852 0.198187 -0.980143 -0.00608525
-35.1535 22.2034 -4.41913 0.195107 -0.980767 -0.00551206
-35.1938 22.1971 -4.71986 0.196294 -0.98053 -0.00532689
-36.4316 21.8415 5.15756 0.217425 -0.976036 -0.00896767
-36.5445 21.8249 4.24935 0.216631 -0.976215 -0.00862144
-36.6231 21.8169 3.22559 0.218328 -0.975818 -0.0105931
-36.5791 21.8395 2.07375 0.215589 -0.976411 -0.0117431
-36.5901 21.848 1.25507 0.210442 -0.97754 -0.0113757
-36.5523 21.8659 0.420262 0.208973 -0.977862 -0.0107568
-36.5816 21.8703 -0.477215 0.208669 -0.977892 -0.0136097
-36.5703 21.8862 -1.51652 0.206433 -0.978388 -0.0119624
-36.5724 21.8959 -2.35568 0.204892 -0.978698 -0.0129844
-36.5721 21.908 -3.38174 0.201098 -0.979521 -0.00970201
-36.6163 21.909 -4.60765 0.198917 -0.97999 -0.00721561
-36.2473 21.9884 -5.37736 0.198837 -0.980018 -0.0053158
-35.3493 22.1699 -5.4802 0.195948 -0.980601 -0.00506511
-34.3417 22.3698 -5.51096 0.193423 -0.981109 -0.00339317
-33.316 22.5709 -5.47789 0.191635 -0.981462 -0.00283516
-32.2741 22.7738 -5.47662 0.190946 -0.981598 -0.00194786
-31.3004 22.962 -5.47172 0.190803 -0.981628 3.12331e-05
-30.2548 23.1658 -5.43658 0.192172 -0.981359 0.00174663
-29.2873 23.3574 -5.37385 0.195831 -0.980637 0.000720492
-28.8245 23.4512 -4.77783 0.196865 -0.980427 0.00256833
-28.7508 23.47 -3.91511 0.200368 -0.979701 0.0062057
-28.7437 23.4802 -2.7753 0.201715 -0.979396 0.00973744
-28.7502 23.4886 -1.89001 0.209057 -0.977825 0.0123644
-28.7309 23.5039 -0.945869 0.213241 -0.976919 0.0124935
-28.6959 23.523 -0.0422699 0.217054 -0.976083 0.0122161
-28.6864 23.5409 0.902585 0.220586 -0.975192 0.0185039
-28.7099 23.5507 1.82486 0.225172 -0.974199 0.0150836
-28.7719 23.5511 2.97057 0.228606 -0.973459 0.0107831
-28.7843 23.557 3.84521 0.228538 -0.973485 0.00984829
-28.8403 23.5491 4.79904 0.232353 -0.972614 0.00561678
-29.2549 23.4521 5.36767 0.232891 -0.972501 0.00168428
-30.0777 23.2577 5.42217 0.225527 -0.974233 -0.00259075
-30.9524 23.0564 5.43315 0.222372 -0.97496 -0.000879272
-32.0973 22.7987 5.43765 0.217943 -0.975959 -0.00216762
-32.9693 22.6052 5.47803 0.216748 -0.976221 -0.00368051
-33.9472 22.3893 5.44149 0.215609 -0.976468 -0.00481312
-34.9654 22.165 5.38355 0.214794 -0.97664 -0.00608651
-36.0419 21.927 5.3267 0.216411 -0.976272 -0.00767826
-36.1493 21.9037 5.25485 0.217262 -0.976079 -0.00813279
-36.0786 21.9128 6.12085 0.216463 -0.976251 -0.00869569
-35.2014 22.1079 6.12862 0.216671 -0.976231 -0.00526256
-34.34 22.2988 6.17902 0.216097 -0.976362 -0.00439606
-33.3635 22.5151 6.22073 0.216925 -0.976182 -0.00340581
-32.5183 22.7029 6.20387 0.216182 -0.976347 -0.00335036
-31.6431 22.8968 6.16833 0.217124 -0.976132 -0.00481365
-30.7161 23.107 6.17629 0.224981 -0.974344 -0.00606721
-29.7795 23.3253 6.16882 0.231676 -0.972782 -0.00412533
-28.9754 23.5194 6.15845 0.238535 -0.971124 -0.00262767
-28.1398 23.7247 5.94019 0.244613 -0.969609 0.00481815
-28.0881 23.7305 5.09263 0.235705 -0.97176 0.0111425
-28.0474 23.7347 4.24638 0.231564 -0.972806 0.0041445
-28.0664 23.7237 3.25103 0.239337 -0.97091 0.00717471
-28.001 23.7233 2.13439 0.232025 -0.972551 0.0170432
-27.994 23.7071 1.2397 0.228025 -0.973466 0.0192266
-27.9686 23.6955 0.3596 0.226399 -0.973808 0.0210042
-28.0064 23.6683 -0.69684 0.218454 -0.975728 0.0151876
-28.0119 23.65 -1.60965 0.21152 -0.977184 0.0185287
-28.0067 23.6365 -2.62049 0.206775 -0.978273 0.0150535
-27.9891 23.6281 -3.50265 0.199223 -0.979919 0.00823619
-28.0246 23.6142 -4.34786 0.1962 -0.980552 0.00469584
-28.0648 23.6027 -5.22824 0.196949 -0.98041 0.00261793
-28.292 23.5564 -6.14226 0.196161 -0.980569 -0.00246741
-29.1278 23.3882 -6.15843 0.197045 -0.980389 0.00232765
-29.9393 23.2271 -6.13523 0.194978 -0.980802 0.00337126
-30.898 23.0389 -6.21969 0.189297 -0.981915 0.00167963
-31.8171 22.8637 -6.21636 0.18833 -0.982102 -0.00260401
-32.6401 22.7056 -6.20482 0.188127 -0.98214 -0.00311019
-33.7221 22.4937 -6.2387 0.192112 -0.981368 -0.00316063
-34.7285 22.2965 -6.25824 0.19193 -0.981401 -0.00374245
-35.5712 22.1296 -6.22209 0.197867 -0.980217 -0.00481226
-36.6003 21.9208 -6.15167 0.199277 -0.979934 -0.00419537
-37.3295 21.7724 -5.84865 0.193905 -0.981011 -0.00436288
-37.3749 21.7571 -4.82188 0.197549 -0.980269 -0.00686236
-37.3051 21.763 -3.86199 0.1998 -0.979785 -0.0100954
-37.3345 21.7469 -3.00623 0.200477 -0.979601 -0.0137868
-37.3124 21.7392 -2.17404 0.201637 -0.979346 -0.0149663
-37.3233 21.722 -1.2965 0.210925 -0.977394 -0.0145197
-37.3112 21.7092 -0.198862 0.212799 -0.977007 -0.0131568
-37.2985 21.7009 0.662664 0.215733 -0.976373 -0.0124003
-37.3251 21.6836 1.48122 0.214797 -0.976565 -0.0135023
-37.3286 21.6681 2.4578 0.215931 -0.976277 -0.0160408
-37.3507 21.6533 3.34702 0.21906 -0.975668 -0.00918206
-37.2964 21.656 4.34725 0.218444 -0.975805 -0.00927929
-37.2499 21.6585 5.18909 0.219012 -0.975681 -0.00896996
-37.106 21.684 6.00007 0.220384 -0.97539 -0.0067005
-36.3181 21.8594 6.1272 0.217197 -0.9761 -0.00731547
-36.2467 21.8678 6.89271 0.215336 -0.976488 -0.0100625
-35.3911 22.0612 6.91484 0.220743 -0.975293 -0.00752018
-34.5705 22.2455 6.92436 0.21363 -0.976906 0.00254419
-33.7175 22.4314 6.9544 0.216975 -0.976112 -0.0112935
-32.7472 22.6526 6.95989 0.220953 -0.97524 0.00476861
-31.8657 22.8449 6.93598 0.210719 -0.977516 -0.00409018
-30.6781 23.1096 6.9289 0.227102 -0.973811 -0.0107912
-29.5294 23.3815 6.9324 0.228578 -0.97352 -0.00307329
-28.5582 23.6209 6.92221 0.240914 -0.970522 -0.00696598
-27.7024 23.8417 6.90674 0.260872 -0.965349 -0.00307077
-27.333 23.9351 6.21222 0.264862 -0.963761 0.025462
-27.3245 23.9147 5.22018 0.222211 -0.97491 0.0131407
-27.2975 23.9162 4.2263 0.234479 -0.972098 -0.00651237
-27.3249 23.9073 3.17622 0.256195 -0.966381 0.0186676
-27.3056 23.8939 2.34 0.233623 -0.972121 0.0198751
-27.2669 23.8815 1.37025 0.231846 -0.972546 0.0200126
-27.2524 23.868 0.514141 0.23083 -0.972766 0.0209365
-27.2777 23.8396 -0.385866 0.226436 -0.973693 0.0254245
-27.2649 23.8211 -1.4428 0.226036 -0.973829 0.0233668
-27.2951 23.7937 -2.27232 0.209786 -0.977597 0.0170837
-27.2641 23.7834 -3.11569 0.204712 -0.978602 0.0207104
-27.259 23.7711 -3.99011 0.197452 -0.980266 0.00953096
-27.2703 23.7616 -4.84662 0.188636 -0.982038 0.00267295
-27.3128 23.7551 -5.6892 0.2018 -0.979427 0.000401057
-27.3131 23.7539 -6.53568 0.200187 -0.979757 0.000977712
-28.0095 23.6203 -6.96146 0.201307 -0.97947 -0.00977959
-28.8244 23.4497 -6.95968 0.203073 -0.979161 -0.00128353
-29.7835 23.2546 -6.87889 0.195582 -0.980673 0.00515932
-30.7673 23.0627 -6.94322 0.188351 -0.982098 0.00247419
-31.7166 22.8821 -6.95734 0.18527 -0.98268 0.00378942
-32.6299 22.7116 -6.9705 0.188433 -0.982025 -0.0108732
-33.5116 22.5374 -6.96318 0.195932 -0.980605 -0.00421666
-34.5987 22.3232 -7.0063 0.190952 -0.981598 -0.00148962
-35.7349 22.1026 -6.96751 0.194967 -0.980733 -0.0104594
-36.6323 21.9156 -6.9436 0.202187 -0.979346 0.00113481
-37.5226 21.7387 -6.88695 0.18624 -0.982479 -0.00499043
-38.0389 21.636 -6.3367 0.192229 -0.981337 -0.00505992
-38.1062 21.6149 -5.35086 0.195566 -0.980632 -0.0104312
-38.0741 21.6127 -4.41184 0.197554 -0.980244 -0.00971382
-38.0642 21.6008 -3.27692 0.20168 -0.979354 -0.0137856
-38.0564 21.5855 -2.18991 0.196044 -0.980397 -0.0192735
-38.0747 21.5615 -1.34859 0.208745 -0.977673 -0.0240957
-38.0493 21.5471 -0.298515 0.21704 -0.975957 -0.0199485
-38.0441 21.5378 0.521962 0.21608 -0.976289 -0.0129952
-38.0534 21.5214 1.63458 0.214868 -0.976557 -0.0129123
-38.0619 21.5022 2.52342 0.218337 -0.975686 -0.0180326
-38.0652 21.4914 3.50983 0.218832 -0.97572 -0.00910429
-38.0466 21.4871 4.42314 0.218555 -0.975779 -0.00941641
-38.0262 21.483 5.25936 0.219159 -0.97563 -0.0107686
-38.0485 21.4679 6.22378 0.222826 -0.974825 -0.00799137
-37.6926 21.549 6.8941 0.220281 -0.975421 0.00550561
-36.8164 21.7424 6.91065 0.213122 -0.977004 -0.00500622
-36.4171 21.8301 6.90214 0.213935 -0.976801 -0.00938398
