40.2659 25.0803 3.57175 -0.78166 -0.623636 0.00916628
40.288 25.0104 2.60325 -0.793502 -0.608484 0.00655742
40.2496 25.0067 1.65463 -0.790862 -0.610862 0.0327998
40.2467 25.0187 0.620852 -0.811477 -0.583096 0.00890098
40.2836 24.9824 -0.354104 -0.835721 -0.549071 -0.00927172
40.2771 24.9397 -1.34343 -0.818444 -0.572156 0.0526235
40.2359 24.9905 -2.21817 -0.826172 -0.562958 -0.0087084
40.248 25.0479 -3.40648 -0.826451 -0.561558 -0.0403757
40.2508 25.0558 -3.52796 -0.829571 -0.554616 -0.0649011
39.7348 25.7259 -3.56421 -0.715374 -0.698286 -0.0240808
39.736 25.6467 -2.44359 -0.761158 -0.646025 -0.0475275
39.7645 25.6275 -1.45721 -0.775119 -0.631585 0.016708
39.7692 25.6358 -0.427755 -0.766193 -0.642598 0.00171586
39.7225 25.6645 0.742781 -0.752051 -0.658839 -0.0128063
39.7439 25.6465 1.66496 -0.750798 -0.660221 0.0164722
39.7767 25.656 2.73026 -0.754871 -0.655119 0.0312454
39.7445 25.6992 3.5614 -0.717079 -0.69698 0.00259881
39.1516 26.2902 3.48225 -0.676483 -0.736402 0.00588894
39.2086 26.2316 2.52816 -0.67663 -0.736275 0.00740898
39.1795 26.2686 1.55433 -0.705203 -0.708185 -0.0163202
39.1648 26.2944 0.568522 -0.735031 -0.677887 0.00340052
39.2295 26.2412 -0.42846 -0.737206 -0.675595 -0.00830331
39.1928 26.2527 -1.32941 -0.688557 -0.724718 0.025148
39.1677 26.2609 -2.21898 -0.737915 -0.674075 0.008391
39.1446 26.3075 -3.32208 -0.705965 -0.707996 -0.0167057
39.1446 26.3163 -3.52903 -0.701522 -0.711844 -0.0337733
38.5308 26.8889 -3.70478 -0.610228 -0.792118 -0.012905
38.5477 26.839 -2.59413 -0.649371 -0.760049 -0.0225302
38.5445 26.8356 -1.69955 -0.644621 -0.76423 0.0185084
38.6215 26.8063 -0.504059 -0.663042 -0.748301 0.0200765
38.5751 26.8605 0.489732 -0.623028 -0.781757 0.0223599
38.5637 26.8327 1.50194 -0.65354 -0.755136 -0.0515195
38.5853 26.798 2.56152 -0.652737 -0.757445 0.012414
38.5137 26.8627 3.61655 -0.663057 -0.748493 0.0106523
37.8675 27.3902 3.49103 -0.621275 -0.783574 -0.00261875
37.9282 27.3307 2.50781 -0.598104 -0.80128 0.00800329
37.9217 27.3443 1.50516 -0.571043 -0.819454 -0.0489692
37.9352 27.3767 0.474368 -0.632467 -0.773928 -0.00626578
37.9465 27.3214 -0.762206 -0.590856 -0.80532 0.0484709
37.8884 27.3413 -1.93208 -0.588854 -0.808237 -0.00173075
37.8958 27.3571 -2.97091 -0.576402 -0.816806 -0.0107077
37.857 27.3975 -3.59929 -0.572343 -0.818609 0.0177762
37.0773 27.8831 -3.49391 -0.51392 -0.85779 -0.000993782
37.1767 27.8063 -2.5436 -0.511149 -0.859389 -0.0102941
37.0369 27.8923 -1.57761 -0.538977 -0.841788 0.0169943
37.2015 27.8246 -0.712658 -0.54445 -0.837757 0.041405
37.2519 27.8344 0.430734 -0.534578 -0.844922 0.00877268
37.247 27.804 1.38051 -0.537537 -0.842443 -0.0318015
37.1861 27.8405 2.34982 -0.547494 -0.836752 0.0041143
37.1303 27.8657 3.50045 -0.502181 -0.864612 -0.0117584
36.3868 28.2899 3.3329 -0.484232 -0.874857 -0.0115065
36.3868 28.2992 2.41845 -0.481201 -0.876553 -0.00988905
36.3868 28.3146 1.48163 -0.465378 -0.884956 -0.0151896
36.3868 28.3161 0.363281 -0.453362 -0.891289 0.00758288
36.38 28.3088 -0.513868 -0.444323 -0.895696 0.0174571
36.3868 28.267 -1.49413 -0.46866 -0.882456 0.0390502
36.3868 28.262 -2.55596 -0.479094 -0.87773 -0.00742942
36.3868 28.2801 -3.60084 -0.486761 -0.873476 -0.0100493
35.497 28.7208 -3.34285 -0.413185 -0.910625 0.0044217
35.4383 28.7428 -2.26575 -0.415138 -0.909685 -0.0115113
35.382 28.7868 -1.38156 -0.439548 -0.897466 0.034874
35.5738 28.7098 -0.479378 -0.442746 -0.89641 0.0203803
35.5006 28.764 0.430162 -0.436165 -0.899441 0.020119
35.397 28.818 1.31044 -0.400413 -0.916088 -0.0212507
35.5534 28.7329 2.26645 -0.417324 -0.908738 -0.00436463
35.7941 28.6123 3.07535 -0.449739 -0.893125 -0.00782336
35.6948 28.6548 3.37598 -0.431265 -0.902006 -0.0198867
34.8833 29.0195 3.4056 -0.378657 -0.92552 -0.00528092
34.9216 29.0071 2.48389 -0.378136 -0.925726 -0.000415686
34.6362 29.1263 1.44768 -0.362307 -0.931956 -0.0138228
34.7341 29.1 0.56861 -0.373114 -0.927732 -0.00380781
34.8272 29.0518 -0.301897 -0.3983 -0.916918 0.0223921
34.605 29.1082 -1.45826 -0.373949 -0.927375 0.0104089
34.7411 29.0571 -2.48223 -0.389777 -0.920876 -0.00778056
34.7497 29.0583 -3.41301 -0.407294 -0.913273 0.00579926
33.9802 29.3608 -3.39967 -0.350764 -0.936435 0.00311581
33.9669 29.3573 -2.48303 -0.327147 -0.944867 -0.0140414
33.8743 29.3837 -1.32911 -0.342179 -0.939557 0.00696167
33.9991 29.3621 -0.459935 -0.333618 -0.942482 0.0206598
33.9732 29.3916 0.53862 -0.313221 -0.949562 0.0132473
33.9231 29.396 1.60281 -0.338118 -0.941011 -0.0128198
34.1183 29.3141 2.50801 -0.346804 -0.93792 -0.0057158
34.0587 29.3339 3.45614 -0.340341 -0.940282 0.005188
34.0424 29.3402 3.50513 -0.33766 -0.941241 0.00618473
33.2519 29.6121 3.39018 -0.310697 -0.950454 0.0030719
33.3013 29.6029 2.38299 -0.302587 -0.953083 -0.00819975
33.1692 29.6527 1.46514 -0.303416 -0.952832 -0.00658634
33.2188 29.6317 0.535636 -0.289501 -0.957173 0.00302564
33.2064 29.6154 -0.600237 -0.302653 -0.952951 0.0168859
33.1116 29.6363 -1.58156 -0.302061 -0.953285 -0.00220544
33.1868 29.6252 -2.69092 -0.310225 -0.950526 -0.0132849
33.1934 29.6303 -3.49747 -0.319343 -0.947597 -0.00887514
37.5691 27.5696 -4.71052 -0.547828 -0.836538 0.00642676
36.5203 28.2121 -4.70538 -0.497461 -0.86739 0.0126384
35.4546 28.755 -4.68668 -0.416939 -0.908815 -0.0145913
34.3954 29.2036 -4.65439 -0.350396 -0.936505 -0.0122695
33.3169 29.6004 -4.61948 -0.334092 -0.94228 -0.0191124
32.2202 29.9401 -4.66033 -0.270742 -0.962545 -0.0143704
31.4739 30.1424 -4.01783 -0.2698 -0.96288 -0.0083749
31.4749 30.1338 -2.62418 -0.271146 -0.962469 -0.00764337
31.4802 30.1258 -1.21221 -0.263631 -0.964624 0.000394818
31.4687 30.136 -0.0688301 -0.262155 -0.965018 0.00180676
31.483 30.1337 1.34543 -0.257865 -0.966179 -0.00065952
31.4783 30.1369 2.42066 -0.252522 -0.967576 0.00501006
31.5291 30.1244 3.60853 -0.25074 -0.968051 0.00226021
31.8219 30.0472 4.58973 -0.258817 -0.965917 0.00424236
32.8489 29.7484 4.68939 -0.299379 -0.954047 0.0111881
34.1307 29.3131 4.66518 -0.344009 -0.938903 0.00501732
35.2493 28.86 4.64136 -0.397445 -0.917567 0.00690926
36.3744 28.2988 4.65641 -0.47153 -0.881813 0.00806784
37.5262 27.6113 4.66126 -0.55869 -0.82924 0.0149717
38.6058 26.7893 4.67588 -0.631304 -0.775307 0.0120008
39.4491 26.0128 4.69207 -0.686712 -0.726749 0.015824
40.2602 25.115 4.63891 -0.785527 -0.618469 0.0207011
40.9526 24.1685 4.59504 -0.849163 -0.524144 0.0222321
41.246 23.5908 3.90745 -0.893888 -0.447471 0.0241737
41.2385 23.5229 2.74031 -0.887195 -0.46039 0.0304114
41.1787 23.5569 1.57367 -0.890175 -0.45466 0.0278956
41.1732 23.5402 0.293192 -0.865261 -0.501181 -0.0015829
41.1686 23.5224 -0.807515 -0.880855 -0.471815 0.0277282
41.1711 23.4839 -1.99562 -0.899853 -0.436175 -0.0033972
41.1899 23.4699 -3.18813 -0.891226 -0.453537 -0.00443845
41.1902 23.5163 -4.25448 -0.904843 -0.424585 -0.0312633
40.6525 24.5351 -4.67429 -0.855588 -0.516942 -0.0259804
39.869 25.5972 -4.69911 -0.769816 -0.638243 -0.00523833
38.8712 26.5721 -4.74034 -0.661138 -0.750002 0.010093
37.9821 27.2765 -4.72456 -0.600882 -0.798137 0.0429662
37.7244 27.4664 -4.71366 -0.570912 -0.820197 0.0234143
37.529 27.6057 -5.7705 -0.562021 -0.826616 -0.0108892
38.4907 26.8967 -5.79624 -0.644325 -0.763008 -0.0472376
39.3799 26.1129 -5.76993 -0.699791 -0.712038 -0.0543762
40.1536 25.2692 -5.73332 -0.775731 -0.630386 -0.0214124
40.7785 24.378 -5.74686 -0.841411 -0.539049 -0.0279962
41.4074 23.1621 -5.72742 -0.90724 -0.418597 -0.0403832
41.6518 22.5433 -5.01921 -0.91846 -0.394672 -0.0257004
41.6413 22.5108 -3.64087 -0.9182 -0.396098 0.00186199
41.6282 22.5273 -2.49466 -0.914762 -0.403723 -0.01477
41.6247 22.5798 -1.07291 -0.922998 -0.384119 0.0211705
41.621 22.6073 0.0296465 -0.924204 -0.381826 0.00683018
41.6232 22.6175 1.21135 -0.918979 -0.391947 0.0373248
41.6767 22.6034 2.47774 -0.917733 -0.397091 -0.00172672
41.6814 22.6208 3.62856 -0.924952 -0.379694 0.0134124
41.7075 22.6266 4.73855 -0.929439 -0.368079 0.0252046
41.5684 23.0099 5.65682 -0.923476 -0.381884 0.0291449
40.9444 24.2194 5.66866 -0.857225 -0.514209 0.0220217
40.1738 25.2838 5.68919 -0.775048 -0.628817 0.0451238
39.4087 26.1102 5.75669 -0.68059 -0.730617 0.0540593
38.5363 26.8892 5.71927 -0.642095 -0.762486 0.0791528
37.5505 27.6243 5.69764 -0.559055 -0.827425 0.0530315
36.5839 28.2212 5.71221 -0.511555 -0.858485 0.0362679
35.4192 28.7964 5.69507 -0.412519 -0.910362 0.0326902
34.2791 29.2773 5.70638 -0.353823 -0.93495 0.0253158
33.2106 29.649 5.7527 -0.304426 -0.952347 0.0145327
32.0859 29.9787 5.72856 -0.269702 -0.962943 -0.00106631
30.8899 30.298 5.67226 -0.245898 -0.969272 0.00672416
30.4858 30.3962 4.7981 -0.243764 -0.969828 0.00325764
30.4952 30.3897 3.55377 -0.239315 -0.970929 0.00503917
30.4462 30.4012 2.3495 -0.242817 -0.970072 -0.000190402
30.4566 30.3986 1.18034 -0.236974 -0.971499 0.00325951
30.4653 30.3914 -0.0828736 -0.239941 -0.970774 -0.00342496
30.4678 30.3973 -1.17278 -0.239492 -0.970876 -0.00525987
30.4757 30.3995 -2.30883 -0.245026 -0.969506 -0.00416625
30.4265 30.4185 -3.45127 -0.246535 -0.969105 -0.00689616
30.4128 30.4294 -4.58271 -0.2481 -0.968713 -0.00641288
30.5885 30.3921 -5.62592 -0.247932 -0.968762 -0.00541631
31.7466 30.0861 -5.78409 -0.261512 -0.965049 -0.0168364
32.8982 29.7468 -5.70127 -0.295536 -0.955076 -0.0203634
33.9918 29.377 -5.73119 -0.345351 -0.938153 -0.0236735
35.0473 28.964 -5.73819 -0.415725 -0.909058 -0.0184359
36.2067 28.3814 -5.74888 -0.458339 -0.888474 -0.0183895
37.1947 27.8153 -5.77239 -0.517612 -0.855606 0.000307678
37.3645 27.7117 -5.77536 -0.530968 -0.847192 -0.0090967
37.3405 27.7862 -6.82285 -0.51402 -0.855119 -0.0663227
36.2653 28.3879 -6.81577 -0.463633 -0.88473 -0.0475297
35.1712 28.9451 -6.82242 -0.433145 -0.900106 -0.0468386
34.083 29.3853 -6.8365 -0.341541 -0.938507 -0.0501013
32.99 29.7504 -6.77368 -0.30268 -0.952554 -0.0320137
31.6173 30.1375 -6.82874 -0.253677 -0.967217 -0.0118185
30.5221 30.4175 -6.81969 -0.244034 -0.969732 -0.0081339
29.4861 30.6747 -6.32496 -0.243758 -0.969827 -0.00408268
29.3976 30.6902 -5.15277 -0.243671 -0.969833 -0.00686428
29.3935 30.6797 -3.88024 -0.240364 -0.970632 -0.00990648
29.4321 30.6612 -2.72592 -0.238735 -0.971063 -0.0064569
29.4259 30.6517 -1.46847 -0.23133 -0.972843 -0.00785608
29.4276 30.6402 -0.288401 -0.230458 -0.973053 -0.00733057
29.4093 30.6478 1.05166 -0.232021 -0.972688 0.00654973
29.4381 30.6451 2.12941 -0.234697 -0.972068 0.00130891
29.4629 30.6435 3.64958 -0.235774 -0.971797 0.0045356
29.422 30.6611 4.88387 -0.237971 -0.971254 0.00582377
29.4307 30.6653 5.9588 -0.239291 -0.970936 0.00476942
30.1701 30.4876 6.7697 -0.236757 -0.971531 0.00859501
31.2308 30.2263 6.75512 -0.242158 -0.970094 0.0166318
32.291 29.9501 6.7901 -0.271439 -0.961683 0.0348967
33.5306 29.5709 6.75679 -0.307542 -0.951148 0.0264266
34.608 29.1919 6.76705 -0.371162 -0.927821 0.0372391
35.6363 28.7466 6.75747 -0.442263 -0.89515 0.055754
36.6588 28.2294 6.75967 -0.467608 -0.882648 0.0476917
37.7772 27.5384 6.73311 -0.566567 -0.82175 0.0543434
38.6788 26.8891 6.78267 -0.619695 -0.777236 0.0944558
39.5676 26.0483 6.79667 -0.70815 -0.702332 0.0707592
40.4451 25.0512 6.77272 -0.788035 -0.609411 0.0818863
41.0696 24.1389 6.74615 -0.851948 -0.514517 0.0972101
41.6393 22.9287 6.77692 -0.934599 -0.349309 0.0661918
42.051 21.7555 6.68356 -0.958236 -0.285946 0.0036146
42.0837 21.6285 5.51882 -0.945238 -0.32638 0.000171776
42.0783 21.6394 4.30367 -0.939061 -0.343379 0.011854
42.0727 21.637 3.17459 -0.937721 -0.34729 0.00741328
42.0488 21.6567 2.02593 -0.934878 -0.354448 0.0192409
42.0292 21.6433 0.879973 -0.930855 -0.364951 0.0178083
42.0193 21.6251 -0.600454 -0.930281 -0.366227 0.0187189
42.0109 21.5878 -1.70922 -0.933979 -0.357085 0.010621
42.0197 21.5517 -3.12159 -0.939798 -0.341516 0.0120473
42.0227 21.5207 -4.43984 -0.945874 -0.324196 -0.0147593
42.0216 21.5932 -5.74415 -0.954014 -0.299317 -0.0151602
41.9782 21.8368 -6.78729 -0.953381 -0.296505 -0.0494819
41.5658 22.9714 -6.82544 -0.919393 -0.38886 -0.0514405
41.0974 23.976 -6.84216 -0.897535 -0.432164 -0.0875094
40.5193 24.9202 -6.79508 -0.79032 -0.603091 -0.105302
39.7956 25.8119 -6.77316 -0.738839 -0.658425 -0.133354
38.9402 26.6205 -6.82995 -0.662702 -0.740164 -0.113461
38.0454 27.3406 -6.83113 -0.549611 -0.831588 -0.0798329
37.6781 27.5791 -6.82608 -0.529825 -0.84498 -0.0721262
