40.4202 25.6728 2.31003 -0.776655 -0.629195 0.0298612
40.3652 25.709 1.10398 -0.77231 -0.635244 0.00110819
40.328 25.7787 0.0599495 -0.78494 -0.619317 -0.0166538
40.2818 25.8311 -1.13549 -0.780538 -0.624942 0.0144064
40.3251 25.7154 -2.19109 -0.791637 -0.608621 0.00604232
40.3975 25.6816 -3.13018 -0.819841 -0.571812 -0.0254903
40.4038 25.6863 -3.26847 -0.794016 -0.602886 -0.0530376
39.8628 26.3302 -3.52524 -0.722979 -0.688732 -0.0247855
39.8149 26.3375 -2.6397 -0.753471 -0.657041 -0.0239245
39.7653 26.4183 -1.67559 -0.751608 -0.657907 0.0472821
39.7446 26.4748 -0.65166 -0.748721 -0.662071 0.0209061
39.808 26.3735 0.284661 -0.745264 -0.666188 -0.0278542
39.8283 26.3406 1.3704 -0.743302 -0.668107 -0.0186454
39.8883 26.2921 2.51427 -0.694689 -0.718337 0.0255918
39.9031 26.2729 3.44438 -0.726588 -0.687054 -0.0020814
39.2659 26.873 3.57853 -0.666868 -0.745127 0.00261821
39.2709 26.8673 2.51911 -0.67097 -0.741229 0.0125568
39.2231 26.9262 1.56743 -0.674909 -0.737377 -0.027813
39.2385 26.9634 0.546632 -0.695851 -0.717465 -0.0150933
39.161 27.0605 -0.545043 -0.6626 -0.747011 -0.0166217
39.1497 27.0272 -1.59407 -0.676293 -0.736474 0.0151995
39.2358 26.9586 -2.57903 -0.709132 -0.704276 -0.0262041
39.2592 26.9202 -3.42336 -0.705452 -0.708366 0.021636
38.6104 27.4662 -3.52853 -0.603613 -0.796921 0.0204509
38.6233 27.4942 -2.62023 -0.600014 -0.799647 0.0151426
38.5034 27.5756 -1.70125 -0.612619 -0.790371 0.00287011
38.4808 27.5845 -0.736521 -0.602719 -0.797941 -0.00255169
38.5674 27.5026 0.166474 -0.608672 -0.793102 -0.0225355
38.5845 27.4756 1.06945 -0.606139 -0.795249 -0.0124777
38.5875 27.451 2.04089 -0.605914 -0.795384 -0.0141857
38.6495 27.4046 2.94726 -0.618006 -0.786147 0.00604094
38.6071 27.4428 3.53567 -0.615657 -0.787983 0.00306539
37.8774 27.97 3.57101 -0.541089 -0.84093 0.00085521
37.9816 27.9019 2.43962 -0.551611 -0.834095 -0.00241824
37.8916 27.9786 1.27053 -0.574812 -0.818171 -0.01271
37.945 27.9555 0.320785 -0.579727 -0.814004 -0.0343161
37.8148 28.0617 -0.737048 -0.522409 -0.852645 0.000248577
37.8036 28.0744 -1.66054 -0.534154 -0.845374 -0.00338034
37.9535 27.964 -2.5645 -0.556239 -0.830769 0.0177689
37.9238 27.9605 -3.536 -0.545268 -0.838013 0.0204307
37.1672 28.4199 -3.52078 -0.4776 -0.878128 0.0279978
37.2008 28.4274 -2.34713 -0.483339 -0.875326 0.00259783
37.0823 28.4997 -1.4901 -0.463204 -0.886035 0.0195925
37.1426 28.4799 -0.619998 -0.494631 -0.869072 0.0073219
37.2757 28.3986 0.302816 -0.513602 -0.857559 -0.020603
37.133 28.4602 1.316 -0.530181 -0.84743 -0.0263848
37.2134 28.3908 2.17831 -0.529372 -0.848323 -0.00848806
37.1077 28.4422 3.38561 -0.501517 -0.864916 0.00420178
37.0756 28.4662 3.58119 -0.503979 -0.863396 0.0235115
36.343 28.8693 3.48285 -0.466721 -0.884402 0.000802898
36.343 28.8692 2.58083 -0.466673 -0.884427 -0.00119837
36.343 28.8803 1.58922 -0.457661 -0.889034 -0.0121156
36.3486 28.8879 0.538058 -0.434944 -0.900435 -0.00638319
36.343 28.8955 -0.373531 -0.425791 -0.904814 0.00337328
36.343 28.8808 -1.40905 -0.444301 -0.895635 0.0208191
36.343 28.8671 -2.29575 -0.45379 -0.89106 0.0092364
36.3434 28.8579 -3.52182 -0.456817 -0.889549 0.00466545
36.343 28.8577 -3.56446 -0.460967 -0.887361 0.00980479
35.5761 29.2272 -3.5933 -0.415479 -0.909567 0.00544381
35.5111 29.2636 -2.58445 -0.407483 -0.913204 0.00349118
35.4589 29.293 -1.55387 -0.404984 -0.913748 0.0324348
35.5061 29.2841 -0.627442 -0.387954 -0.921527 0.0156995
35.4413 29.3164 0.297262 -0.411441 -0.911433 0.0017883
35.5642 29.2696 1.28751 -0.427251 -0.903717 -0.01828
35.4526 29.3131 2.30649 -0.419995 -0.907354 0.0164763
35.6165 29.2294 3.36815 -0.399303 -0.9166 -0.00881111
35.6298 29.2203 3.55584 -0.419674 -0.90752 -0.0164745
34.7921 29.5702 3.45441 -0.350628 -0.936501 0.00255136
34.668 29.6231 2.32163 -0.349858 -0.936782 -0.00607722
34.7209 29.6121 1.28359 -0.362076 -0.932074 -0.0107849
34.6442 29.6513 0.282571 -0.364884 -0.930997 0.00607725
34.6511 29.6371 -0.668143 -0.362051 -0.931726 0.0282658
34.6607 29.6169 -1.59012 -0.353629 -0.935306 0.0115408
34.7876 29.5734 -2.74725 -0.380388 -0.924809 -0.00403283
34.8826 29.5333 -3.55876 -0.3984 -0.91717 0.00879077
34.1184 29.8306 -3.50109 -0.337197 -0.941343 0.00370398
33.9748 29.8778 -2.61947 -0.324529 -0.945781 -0.0107586
33.8725 29.9071 -1.71576 -0.324959 -0.945722 -0.00284449
33.843 29.926 -0.622786 -0.31726 -0.948174 0.0176358
33.8425 29.9451 0.463041 -0.327837 -0.944675 0.0095758
33.8894 29.9259 1.3617 -0.346801 -0.937873 -0.0065067
33.8924 29.9108 2.41029 -0.348054 -0.937457 -0.00574945
33.9572 29.8818 3.33542 -0.347786 -0.93757 0.00114269
33.1542 30.1577 3.46922 -0.313981 -0.949409 -0.00620978
33.1177 30.1769 2.56996 -0.315249 -0.948992 -0.00305169
33.1019 30.1817 1.68879 -0.304509 -0.952484 -0.00684053
33.0305 30.2051 0.597841 -0.301639 -0.953388 0.00568643
33.0222 30.1987 -0.444515 -0.308032 -0.951244 0.0158359
33.0601 30.1754 -1.46506 -0.308033 -0.95137 0.00343858
33.1649 30.1453 -2.46969 -0.302349 -0.953122 -0.0119725
33.287 30.1082 -3.27277 -0.309272 -0.950956 -0.00445975
31.4529 30.6583 3.00808 -0.255 -0.966911 -0.00711114
31.4763 30.6535 1.51404 -0.256859 -0.966444 0.000118215
31.4514 30.6591 0.42685 -0.257753 -0.96621 0.000986406
31.4633 30.6494 -0.767524 -0.261554 -0.965164 0.00692233
31.4532 30.6495 -2.08877 -0.268667 -0.963221 -0.00458607
31.4302 30.658 -3.21996 -0.270111 -0.962813 6.0868e-05
31.4829 30.6476 -4.3764 -0.267448 -0.963561 -0.00453676
32.5591 30.3428 -4.64883 -0.279828 -0.959942 -0.0128633
33.6183 30.0042 -4.68491 -0.33395 -0.942528 -0.0107136
34.6938 29.612 -4.69469 -0.372476 -0.927855 -0.00722507
35.6988 29.1786 -4.68986 -0.427762 -0.903484 -0.00795602
36.7526 28.6283 -4.67016 -0.48668 -0.873389 -0.0181162
37.7494 28.064 -4.64745 -0.525746 -0.85022 0.0250247
38.6466 27.4191 -4.66489 -0.618087 -0.785884 0.0184407
39.6345 26.5553 -4.66121 -0.686707 -0.726886 0.00407821
40.4071 25.7338 -4.65829 -0.777505 -0.628842 0.00425393
41.056 24.8254 -4.60878 -0.846103 -0.532402 -0.0256033
41.3609 24.2364 -3.75304 -0.875064 -0.482845 -0.0335154
41.344 24.1975 -2.53613 -0.849516 -0.527462 -0.0103447
41.2595 24.3852 -1.44525 -0.860339 -0.508362 0.0294762
41.171 24.5849 -0.327089 -0.838847 -0.544295 -0.0084531
41.1066 24.7018 0.941715 -0.837873 -0.545405 0.020033
41.0826 24.7887 2.17268 -0.827043 -0.561727 0.0203024
41.03 24.9297 3.5269 -0.796314 -0.603918 0.0313166
40.7341 25.3358 4.50573 -0.792247 -0.609833 0.0194934
39.8734 26.3115 4.60298 -0.70179 -0.711568 0.015262
39.0349 27.0887 4.67262 -0.643015 -0.7656 0.0128654
38.0134 27.8727 4.667 -0.572143 -0.819903 0.0202714
37.0371 28.5001 4.69987 -0.51309 -0.858285 -0.00234755
35.921 29.0838 4.6735 -0.42278 -0.906201 -0.00322024
34.9019 29.5265 4.65636 -0.392139 -0.919844 0.0106438
33.7481 29.9546 4.58577 -0.323166 -0.946221 0.0134458
32.5387 30.3504 4.5899 -0.304709 -0.95237 0.0119445
31.4936 30.6431 4.07916 -0.261305 -0.965256 -0.000195021
31.4708 30.6512 3.48232 -0.257623 -0.966217 -0.00696685
30.3993 30.9275 3.49449 -0.244383 -0.969677 0.00180795
30.4297 30.9223 4.62482 -0.245978 -0.969269 0.00327358
30.8804 30.8098 5.69146 -0.250214 -0.968107 0.0125142
32.1677 30.4584 5.68607 -0.277846 -0.960474 0.0153041
33.4288 30.0822 5.65759 -0.31963 -0.947372 0.0156843
34.4844 29.7053 5.70362 -0.361089 -0.932401 0.0149633
35.5202 29.2755 5.70109 -0.41285 -0.910506 0.0230411
36.6741 28.7146 5.72981 -0.46651 -0.883808 0.0353061
37.7511 28.0864 5.73126 -0.534102 -0.844387 0.0416517
38.7801 27.337 5.72042 -0.62976 -0.774 0.0657494
39.6278 26.5951 5.71947 -0.670509 -0.740079 0.0519665
40.4067 25.7996 5.62064 -0.761958 -0.644374 0.0610262
41.3204 24.5785 5.67389 -0.837817 -0.544348 0.0250043
41.6129 24.0687 4.61667 -0.862912 -0.505024 0.0181793
41.6088 24.0418 3.48738 -0.869187 -0.493614 0.0292767
41.6529 23.8912 2.23782 -0.876659 -0.480267 0.0284818
41.6568 23.8267 1.11923 -0.872316 -0.488539 0.0151297
41.7054 23.6853 -0.185771 -0.864878 -0.50196 0.00465898
41.7835 23.4228 -1.43156 -0.890301 -0.453731 0.0380639
41.8558 23.2434 -2.51316 -0.897131 -0.441739 0.00377659
41.8576 23.2429 -3.64832 -0.896252 -0.443365 -0.0109369
41.8287 23.4234 -5.06521 -0.905381 -0.422262 -0.0443736
41.4993 24.1271 -5.67002 -0.879061 -0.475796 -0.0291535
40.9334 25.0567 -5.7431 -0.841796 -0.539592 -0.0144313
40.1889 26.0309 -5.76569 -0.739734 -0.666715 -0.0740402
39.0391 27.1079 -5.72957 -0.634399 -0.768847 -0.0798792
38.106 27.8102 -5.72095 -0.566824 -0.823799 -0.0060665
37.1462 28.4267 -5.71715 -0.502811 -0.863899 -0.0279234
36.0699 29.0118 -5.75742 -0.449736 -0.892756 -0.0233002
35.0278 29.4932 -5.7512 -0.382888 -0.923248 -0.0290905
33.8037 29.9616 -5.74684 -0.33662 -0.941076 -0.0304257
32.7101 30.3074 -5.71877 -0.292365 -0.956187 -0.0150231
31.5172 30.6487 -5.71495 -0.266197 -0.963864 -0.0101977
30.4253 30.9372 -5.29062 -0.254141 -0.967153 -0.00529236
30.3838 30.9415 -4.05294 -0.257705 -0.966215 -0.00411297
30.3959 30.9321 -2.57158 -0.251125 -0.967921 -0.00792337
30.442 30.9151 -1.46998 -0.250052 -0.968226 -0.0034458
30.4323 30.9195 -0.26877 -0.245086 -0.969495 0.00321453
30.4492 30.9157 0.904008 -0.236112 -0.971722 -4.4545e-05
30.4238 30.9203 2.12042 -0.240264 -0.970707 -0.000448549
30.394 30.9287 3.39022 -0.244189 -0.969726 0.00178938
29.3584 31.1858 3.37965 -0.239399 -0.970917 0.00291011
29.3949 31.1823 4.70312 -0.242142 -0.970234 0.00367969
29.415 31.1818 5.89132 -0.244329 -0.969687 0.00331426
30.1581 30.9979 6.76765 -0.242494 -0.970152 0.000864773
31.2582 30.7271 6.76109 -0.249178 -0.968326 0.0102566
32.3302 30.4354 6.73931 -0.26126 -0.964884 0.0268612
33.6111 30.0434 6.75262 -0.318706 -0.946589 0.0470992
34.8452 29.6029 6.76422 -0.363957 -0.930438 0.0420643
35.9022 29.1505 6.7415 -0.414716 -0.907362 0.0679831
37.1513 28.5142 6.83386 -0.469524 -0.881325 0.05304
38.0698 27.9327 6.73558 -0.574504 -0.814823 0.0763227
38.9734 27.2928 6.78141 -0.60342 -0.785434 0.124472
39.9013 26.444 6.75063 -0.688014 -0.717483 0.108857
40.7361 25.524 6.72522 -0.799899 -0.591726 0.0998325
41.4484 24.4904 6.75365 -0.840444 -0.534509 0.0891097
41.9805 23.5069 6.74961 -0.890875 -0.450805 0.0554282
42.1659 23.0634 5.70311 -0.906896 -0.42117 0.00989259
42.1045 23.1829 4.27438 -0.882228 -0.470622 -0.00130738
42.1323 23.0665 3.06468 -0.884803 -0.463081 0.048485
42.1776 22.8968 1.9836 -0.922869 -0.384262 -0.0231997
42.1454 22.8894 0.644938 -0.88039 -0.472826 0.0366889
42.205 22.6681 -0.448729 -0.902459 -0.429482 0.0332762
42.2612 22.4177 -1.61875 -0.913741 -0.403898 0.0440938
42.3203 22.2236 -2.91751 -0.918187 -0.395836 0.015707
42.2915 22.2998 -4.11706 -0.916326 -0.398697 -0.0350348
42.2703 22.4977 -5.32372 -0.916477 -0.397348 -0.046739
42.2493 22.6781 -6.40997 -0.924266 -0.379437 -0.0243658
41.9082 23.499 -6.77774 -0.903199 -0.419562 -0.0901437
41.3251 24.602 -6.78912 -0.840144 -0.528334 -0.122163
40.6796 25.5389 -6.82785 -0.784237 -0.61165 -0.101646
39.9479 26.4036 -6.84974 -0.673733 -0.732702 -0.0950259
39.0188 27.2314 -6.81469 -0.64502 -0.758271 -0.0928537
38.0574 27.9334 -6.82565 -0.540485 -0.837272 -0.0827611
37.083 28.5209 -6.80417 -0.503598 -0.860773 -0.0737118
36.0234 29.0718 -6.79716 -0.437135 -0.897464 -0.0587389
34.9901 29.5527 -6.80584 -0.383519 -0.921252 -0.0633674
33.9306 29.9415 -6.8155 -0.318455 -0.947292 -0.0349866
32.875 30.2842 -6.78343 -0.286544 -0.957255 -0.0394424
31.7012 30.6135 -6.79159 -0.25209 -0.967467 -0.0208555
30.3133 30.9746 -6.80712 -0.248587 -0.968572 -0.00807533
29.3927 31.2102 -6.26816 -0.249669 -0.968323 -0.00390344
29.3149 31.2209 -4.76405 -0.247905 -0.968757 -0.00724317
29.3773 31.1978 -3.56782 -0.243599 -0.969861 -0.00522692
29.3673 31.1915 -2.45244 -0.238228 -0.971156 -0.00982187
29.4105 31.1713 -1.2584 -0.236952 -0.971504 -0.00583628
29.402 31.1664 0.00488694 -0.226088 -0.974105 -0.00196359
29.4113 31.1674 1.37255 -0.236183 -0.971702 0.00342986
29.3588 31.1829 2.49813 -0.238545 -0.971127 0.00285119
29.3543 31.1858 3.05911 -0.239342 -0.97093 0.00310253
