-29.665 24.2476 2.55846 0.185408 -0.982578 0.0121528
-29.8231 24.231 3.61814 0.192793 -0.981145 0.0135054
-29.9341 24.2194 4.50221 0.195667 -0.980623 0.00948286
-30.7344 24.0609 4.62836 0.193686 -0.981053 0.00447436
-30.6626 24.0681 3.66348 0.189812 -0.9818 0.00632263
-30.4974 24.093 2.66604 0.183488 -0.983008 0.0051476
-30.3123 24.1197 1.51148 0.177151 -0.984163 0.00638159
-30.2253 24.1288 0.425522 0.173788 -0.984767 0.00558548
-30.0376 24.156 -0.732259 0.171592 -0.985156 0.00496233
-30.0249 24.154 -1.70662 0.169372 -0.985541 0.00473356
-30.326 24.0989 -2.57212 0.167421 -0.985876 0.00429172
-29.973 24.1562 -3.33804 0.166616 -0.986019 0.00221767
-29.7643 24.1893 -4.30959 0.165236 -0.986253 0.00108947
-30.5722 24.0533 -4.54002 0.165468 -0.986213 -0.00178014
-30.7254 24.0291 -3.60184 0.166292 -0.986076 0.00113793
-31.3547 23.924 -2.77139 0.167 -0.985956 0.00142786
-30.8837 24.0062 -1.84472 0.16915 -0.985584 0.00349192
-30.8272 24.0185 -0.902074 0.170323 -0.985386 0.0018438
-31.1279 23.9688 0.281076 0.173662 -0.984799 0.00357167
-31.2306 23.9517 1.20264 0.178653 -0.983908 0.00264118
-31.3019 23.9414 2.29208 0.181386 -0.983411 0.00151145
-31.5466 23.8977 3.34469 0.186906 -0.982374 0.002586
-31.5394 23.9017 4.43896 0.18984 -0.981814 0.00107837
-31.5595 23.8979 4.55617 0.190839 -0.98162 0.00119124
-32.3595 23.7426 4.63465 0.191024 -0.981585 0.000406441
-32.3462 23.7463 3.53747 0.186347 -0.982478 -0.00305146
-32.3374 23.749 2.4647 0.182488 -0.983206 -0.000752169
-32.2952 23.7584 1.44886 0.180735 -0.983529 -0.00207566
-32.2909 23.761 0.393243 0.176054 -0.984376 -0.00285454
-31.8929 23.8328 -0.517549 0.173711 -0.984797 -0.000382866
-31.7493 23.8573 -1.47159 0.172039 -0.985089 0.00153552
-32.3312 23.7572 -2.23293 0.17028 -0.985395 -0.000988091
-32.332 23.7575 -3.18854 0.16859 -0.985686 -0.000602242
-31.5436 23.8914 -4.13282 0.166356 -0.986066 -0.000334756
-31.4806 23.9021 -4.63863 0.164861 -0.986316 -0.000806758
-33.1007 23.6298 -4.77055 0.166262 -0.986077 -0.00305032
-33.1007 23.6269 -3.74055 0.167458 -0.985876 -0.00239776
-33.1007 23.6253 -2.70602 0.169703 -0.985494 -0.00112261
-33.1007 23.6231 -1.76484 0.17238 -0.985027 -0.00223662
-33.1007 23.6196 -0.719247 0.17476 -0.984606 -0.00302986
-33.0888 23.618 0.309805 0.177844 -0.984048 -0.00431766
-33.1347 23.6059 1.24038 0.179854 -0.983684 -0.00420488
-33.1007 23.6081 2.14579 0.183234 -0.983064 -0.00310815
-33.101 23.6044 3.10487 0.184459 -0.982828 -0.004677
-33.1027 23.6 4.04222 0.186602 -0.982428 -0.00382998
-33.1007 23.5991 4.55836 0.188664 -0.982041 -0.000680011
-33.8817 23.449 4.64038 0.188143 -0.982129 -0.00505279
-33.8291 23.4644 3.56626 0.186304 -0.982477 -0.00539419
-33.9909 23.4407 2.40502 0.184267 -0.982854 -0.00662826
-33.7986 23.483 1.36319 0.181819 -0.983315 -0.00585523
-33.8547 23.4793 0.263619 0.177482 -0.984103 -0.00651526
-34.0377 23.4521 -0.634453 0.176014 -0.98437 -0.00590739
-33.9324 23.4768 -1.69852 0.173252 -0.984865 -0.00485901
-34.003 23.4681 -2.66893 0.171744 -0.985136 -0.00328495
-34.0212 23.4687 -3.68692 0.170679 -0.985319 -0.00385942
-34.0676 23.4646 -4.55379 0.169107 -0.98559 -0.00393646
-34.8332 23.3327 -4.62317 0.170352 -0.985375 -0.00401202
-34.8548 23.3237 -3.58419 0.171194 -0.985227 -0.00455162
-34.8383 23.3218 -2.5406 0.172948 -0.984921 -0.00434372
-34.8069 23.3204 -1.49563 0.176782 -0.984223 -0.00734465
-34.7788 23.3173 -0.449223 0.178281 -0.983948 -0.00785264
-34.5622 23.3492 0.463065 0.179173 -0.983787 -0.00774847
-34.568 23.3396 1.48209 0.183047 -0.983067 -0.00853742
-34.6663 23.3124 2.63044 0.184951 -0.98272 -0.00730947
-34.5971 23.3186 3.5644 0.186988 -0.982335 -0.00721478
-34.6324 23.3057 4.50307 0.189713 -0.981821 -0.00595036
-35.3906 23.1602 4.38485 0.190521 -0.981656 -0.00733681
-35.3372 23.1782 3.43846 0.187559 -0.982216 -0.0085981
-35.382 23.1801 2.34335 0.184156 -0.982858 -0.00875016
-35.2389 23.2174 1.23402 0.18189 -0.983274 -0.00943006
-35.3663 23.2033 0.318813 0.181391 -0.98335 -0.0109381
-35.5825 23.1748 -0.841138 0.179065 -0.983791 -0.00954615
-35.5998 23.1808 -1.8603 0.17758 -0.984069 -0.00854703
-35.6671 23.1767 -2.87692 0.173865 -0.984743 -0.00726439
-35.6241 23.1914 -4.01835 0.17374 -0.984775 -0.00562147
-35.5881 23.2007 -4.57166 0.172878 -0.984932 -0.00456602
-28.9344 24.352 -0.188949 0.172319 -0.985011 0.00747371
-28.9337 24.3588 0.676128 0.177197 -0.98413 0.00938783
-28.9295 24.3688 1.44479 0.178378 -0.983888 0.0119868
-28.9382 24.3796 2.24376 0.183588 -0.982901 0.0141131
-28.9548 24.3935 3.19163 0.191153 -0.981369 0.0188296
-28.9938 24.3985 3.97626 0.194457 -0.980798 0.0145614
-29.0322 24.4065 4.9167 0.196992 -0.980284 0.0153959
-29.5461 24.3072 5.41833 0.200943 -0.979548 0.0103417
-30.3767 24.138 5.4767 0.198405 -0.980102 0.00589068
-31.2648 23.9587 5.41836 0.196534 -0.980489 0.00367378
-32.1976 23.7742 5.39563 0.193291 -0.98114 -1.18887e-05
-32.969 23.6231 5.4045 0.191427 -0.981505 -0.00125315
-33.8126 23.4595 5.42983 0.190415 -0.981701 -0.00215776
-34.6085 23.3048 5.42807 0.191506 -0.981471 -0.00603673
-35.555 23.1199 5.41964 0.193256 -0.981121 -0.00733013
-36.423 22.9483 5.38613 0.193818 -0.981007 -0.00743112
-36.7902 22.8831 4.67683 0.19372 -0.981001 -0.0103987
-36.7783 22.8947 3.88598 0.192555 -0.981221 -0.0113168
-36.7884 22.9028 3.12125 0.1903 -0.98163 -0.0137365
-36.8263 22.9061 2.34382 0.18972 -0.981744 -0.0136246
-36.8005 22.9244 1.5111 0.183196 -0.982962 -0.0147195
-36.8175 22.9328 0.61847 0.180961 -0.983422 -0.0115589
-36.8627 22.9346 -0.25456 0.180472 -0.983515 -0.0113322
-36.8333 22.9493 -1.08321 0.179602 -0.98367 -0.0116762
-36.7631 22.9728 -2.02585 0.176512 -0.984242 -0.0105162
-36.7739 22.9789 -2.85925 0.176254 -0.984309 -0.00842049
-36.7863 22.9836 -3.75664 0.175962 -0.984373 -0.00680125
-36.7516 22.9959 -4.70596 0.1757 -0.984425 -0.0061117
-36.386 23.0646 -5.40307 0.173095 -0.98489 -0.00540686
-35.5161 23.2171 -5.45124 0.171449 -0.985183 -0.0045274
-34.6065 23.3752 -5.49029 0.17058 -0.985336 -0.00401654
-33.6166 23.5453 -5.51059 0.167966 -0.985782 -0.00467431
-32.8184 23.6798 -5.47577 0.165701 -0.986171 -0.00313289
-31.9746 23.821 -5.44846 0.164858 -0.986315 -0.00205304
-31.0123 23.9817 -5.47386 0.16429 -0.98641 -0.00188271
-30.1246 24.1299 -5.51496 0.164867 -0.986315 -0.00157893
-29.3123 24.2651 -5.41719 0.163682 -0.986511 -0.00180955
-28.9643 24.323 -4.64371 0.164206 -0.986426 -2.79554e-05
-28.9424 24.329 -3.76372 0.166749 -0.985993 0.00351786
-28.9237 24.3354 -3.00131 0.167078 -0.985932 0.00477257
-28.9501 24.3349 -2.24093 0.168751 -0.985641 0.00582623
-28.9646 24.3385 -1.32921 0.170342 -0.985364 0.0064565
-28.9584 24.3449 -0.523509 0.170725 -0.985288 0.00764287
-28.2126 24.4736 -0.556378 0.169193 -0.985548 0.00821976
-28.2362 24.4638 -1.47455 0.171057 -0.985239 0.00652186
-28.2152 24.4599 -2.3678 0.168595 -0.985656 0.00764769
-28.2125 24.4547 -3.16899 0.167057 -0.985928 0.00619313
-28.2032 24.4521 -3.95645 0.165141 -0.986257 0.00484506
-28.2261 24.4445 -4.87788 0.163314 -0.986569 0.00188372
-28.3285 24.4286 -5.92855 0.160966 -0.986954 -0.00228272
-29.2028 24.2862 -6.25305 0.165161 -0.986229 -0.00812953
-30.1285 24.1309 -6.28057 0.164566 -0.986362 -0.00293124
-30.9325 23.9966 -6.25293 0.164412 -0.986389 -0.00228345
-31.9376 23.8289 -6.16955 0.164465 -0.98638 -0.00243772
-32.9247 23.6648 -6.22093 0.163499 -0.98654 -0.00259863
-33.7088 23.5332 -6.24828 0.168508 -0.985666 -0.00822965
-34.623 23.3751 -6.20917 0.17011 -0.98542 -0.00323413
-35.3697 23.2459 -6.20638 0.170899 -0.985286 -0.00204836
-36.3237 23.0801 -6.19399 0.171758 -0.98512 -0.00611198
-37.1921 22.9262 -6.1334 0.17512 -0.984532 -0.00531788
-37.5024 22.8673 -5.31978 0.172707 -0.98494 -0.00764734
-37.5028 22.8601 -4.38367 0.175481 -0.984454 -0.00751938
-37.5324 22.8484 -3.49988 0.176181 -0.984332 -0.00705288
-37.5121 22.8455 -2.62875 0.17563 -0.984421 -0.00827764
-37.5039 22.8369 -1.71088 0.176883 -0.98413 -0.0137368
-37.566 22.812 -0.860259 0.181778 -0.983268 -0.0119066
-37.5865 22.7974 0.0469792 0.182342 -0.983176 -0.0107597
-37.5432 22.7967 0.853017 0.180731 -0.983468 -0.0112975
-37.5511 22.7748 1.95858 0.18537 -0.982405 -0.0227472
-37.5438 22.7612 2.77111 0.18914 -0.981769 -0.0187603
-37.4823 22.7606 3.53746 0.192699 -0.981118 -0.0165492
-37.5206 22.7388 4.51932 0.196438 -0.980436 -0.0125076
-37.5168 22.73 5.31791 0.19784 -0.980168 -0.0113711
-37.0619 22.8132 6.13999 0.199504 -0.979849 -0.00957857
-36.2316 22.9817 6.18397 0.196353 -0.980515 -0.00595532
-35.4823 23.1309 6.15306 0.19317 -0.98116 -0.003326
-34.6204 23.3 6.17221 0.191886 -0.981412 -0.00304328
-33.7966 23.4607 6.17491 0.190898 -0.981605 -0.00304666
-32.8657 23.6412 6.14903 0.191639 -0.981459 -0.00330854
-32.0171 23.8104 6.16867 0.197905 -0.980221 -0.000561898
-30.9427 24.0266 6.20404 0.198666 -0.980065 0.00224001
-30.1097 24.1978 6.20181 0.203711 -0.979008 0.006624
-29.192 24.3899 6.17717 0.205022 -0.978678 0.012182
-28.4063 24.5533 6.02607 0.208495 -0.977858 0.0178931
-28.2848 24.5605 5.04864 0.204803 -0.978639 0.0179245
-28.263 24.551 4.25357 0.199407 -0.97976 0.01749
-28.2343 24.54 3.40808 0.194648 -0.980641 0.0209635
-28.215 24.5205 2.51251 0.189695 -0.981472 0.0261657
-28.2039 24.5037 1.62567 0.17971 -0.98355 0.0182552
-28.1998 24.4909 0.723742 0.17373 -0.984708 0.0127359
-28.1986 24.4792 -0.195953 0.169828 -0.985427 0.00958292
-28.208 24.4762 -0.360395 0.169626 -0.985469 0.00884239
-27.4693 24.6011 -0.46437 0.166745 -0.98596 0.00631494
-27.5065 24.5934 -1.43799 0.182874 -0.983068 0.0109967
-27.4831 24.5834 -2.51075 0.167211 -0.98586 0.0109621
-27.5026 24.5739 -3.41763 0.16744 -0.985871 0.00438298
-27.4906 24.5681 -4.29731 0.162575 -0.986651 0.00838861
-27.4948 24.563 -5.36343 0.161814 -0.986812 0.00412347
-27.5273 24.5559 -6.1268 0.150746 -0.988565 0.000253766
-27.9148 24.5045 -6.92572 0.156513 -0.987568 -0.0140709
-28.9842 24.3276 -6.99338 0.169739 -0.985483 -0.0025296
-29.9668 24.1592 -7.02605 0.165781 -0.98616 0.00141907
-30.786 24.0231 -7.03826 0.163932 -0.986471 -0.000625846
-31.7942 23.8547 -6.92697 0.16448 -0.986377 -0.00259479
-32.7571 23.6941 -6.96804 0.164528 -0.986371 -0.00181087
-33.6562 23.548 -7.00572 0.155657 -0.987807 -0.00273229
-34.5121 23.3959 -6.92727 0.185651 -0.982577 -0.00440684
-35.4938 23.226 -6.93507 0.168238 -0.985744 -0.00142835
-36.3459 23.0833 -6.9373 0.171395 -0.985102 -0.0133253
-37.3239 22.906 -6.93022 0.173025 -0.984913 -0.00280773
-38.1564 22.7582 -6.75926 0.171047 -0.985262 0.00139313
-38.2724 22.7354 -5.74247 0.171298 -0.985201 -0.00598316
-38.2223 22.7354 -4.82877 0.174184 -0.984676 -0.008383
-38.2936 22.7137 -3.79108 0.178359 -0.983936 -0.00746086
-38.2809 22.7112 -3.00054 0.175492 -0.984462 -0.00602995
-38.2215 22.7142 -2.11254 0.174047 -0.98467 -0.0115013
-38.2704 22.6862 -1.1984 0.183851 -0.982734 -0.0207463
-38.2883 22.6712 -0.413836 0.186599 -0.98239 -0.00950099
-38.2835 22.6651 0.410443 0.181317 -0.983389 -0.00834817
-38.2682 22.6567 1.26547 0.181204 -0.983155 -0.0236518
-38.2841 22.6334 2.06288 0.186567 -0.982118 -0.0251654
-38.2621 22.6178 2.96285 0.192507 -0.981147 -0.0170437
-38.2324 22.6079 3.78918 0.197427 -0.980024 -0.0239681
-38.2276 22.5945 4.63597 0.19798 -0.980131 -0.0121132
-38.2163 22.5885 5.42011 0.196577 -0.980438 -0.00993263
-38.2432 22.5703 6.42585 0.194484 -0.980817 -0.0131131
-37.5345 22.707 6.87802 0.202126 -0.979236 -0.0155108
-36.5884 22.9041 6.95617 0.202654 -0.979233 -0.00581378
-35.5818 23.109 6.91919 0.19817 -0.980155 -0.00496604
-34.8027 23.2621 6.92917 0.192367 -0.981319 -0.00262184
-33.9286 23.4331 6.93834 0.191653 -0.981461 -0.00156718
-33.1654 23.5801 6.92285 0.187309 -0.982289 -0.00420679
-32.3401 23.7428 6.95239 0.200605 -0.979666 -0.00181394
-31.4263 23.931 6.92873 0.200221 -0.979744 0.00258966
-30.6341 24.0895 6.96877 0.194232 -0.980934 -0.00413236
-29.6916 24.2902 6.90251 0.206313 -0.978467 0.00616592
-28.6822 24.5082 6.91576 0.216275 -0.976233 0.0139563
-27.683 24.7251 6.70858 0.217137 -0.975797 0.0256499
-27.5276 24.7416 6.0164 0.208608 -0.977411 0.0326045
-27.5486 24.7136 5.25712 0.193652 -0.980881 0.0192326
-27.5459 24.7045 4.46577 0.203632 -0.978947 0.0137948
-27.5056 24.7035 3.66833 0.221748 -0.974876 0.0208018
-27.4819 24.6665 2.65859 0.174188 -0.983872 0.0397777
-27.4575 24.643 1.85316 0.177097 -0.983984 0.0202555
-27.4878 24.6183 0.74489 0.177274 -0.98404 0.0154568
-27.4619 24.6042 -0.294279 0.164056 -0.986289 0.0168493
