4.22895 29.3853 2.44337 0.284275 -0.958733 -0.00244093
4.04543 29.3493 1.44843 0.253376 -0.967331 -0.00840608
3.80199 29.2891 0.385166 0.244161 -0.969718 0.00413783
3.98031 29.3362 -0.508532 0.252091 -0.9677 -0.000521767
3.93931 29.3166 -1.55096 0.244753 -0.969535 0.00983406
3.88582 29.3086 -2.46892 0.253828 -0.967146 -0.0139138
3.89149 29.319 -3.24162 0.257372 -0.966281 -0.00770865
3.08241 29.1161 -3.44619 0.222242 -0.974922 -0.0115135
3.00045 29.0866 -2.5288 0.231193 -0.972831 -0.0110184
3.08637 29.1026 -1.63776 0.231464 -0.972758 0.00275985
3.22551 29.1463 -0.543134 0.243039 -0.970002 0.00137156
2.96252 29.0852 0.417999 0.230649 -0.973023 0.00375892
3.25953 29.1466 1.55175 0.228288 -0.973422 -0.0077085
3.46599 29.1864 2.59712 0.229923 -0.973157 -0.0084861
3.43582 29.1721 3.30261 0.238438 -0.971143 0.00518234
2.39199 28.9499 3.36745 0.19381 -0.98102 -0.005992
2.51779 28.9807 2.429 0.207181 -0.978263 -0.00749721
2.41267 28.9654 1.06935 0.209901 -0.977714 -0.00346346
2.21783 28.9162 0.11234 0.217037 -0.976133 0.00758076
2.30516 28.9376 -0.801618 0.204392 -0.978874 0.0054146
2.11784 28.8946 -1.84962 0.191868 -0.981417 0.00257528
2.09243 28.8913 -2.80532 0.195183 -0.980707 -0.0107885
2.10025 28.8992 -3.32239 0.204194 -0.978907 -0.00672186
1.31638 28.7516 -3.36613 0.176696 -0.984257 -0.00262426
1.20213 28.7238 -2.44079 0.176069 -0.984367 -0.00452292
1.29791 28.7393 -1.49444 0.179862 -0.983688 -0.00203597
1.26536 28.7308 -0.547425 0.183381 -0.983037 -0.00275979
1.30937 28.7387 0.365098 0.185518 -0.982641 0.000416582
1.29561 28.7418 1.34626 0.188937 -0.981959 0.00578251
1.33633 28.7549 2.51486 0.180672 -0.98352 0.0021461
1.30937 28.7462 3.40549 0.181915 -0.98331 -0.0024015
0.338199 28.5805 3.38349 0.162831 -0.98664 0.00517796
0.551338 28.6126 2.51557 0.177281 -0.984146 0.00493173
0.329478 28.5677 1.63865 0.171597 -0.985127 0.00837569
0.251398 28.5497 0.660422 0.167512 -0.985859 0.00377674
0.22333 28.5441 -0.438315 0.165583 -0.986187 -0.00425615
0.188013 28.5416 -1.31581 0.167763 -0.985815 -0.00503222
0.155702 28.5401 -2.4474 0.170097 -0.985415 -0.00422263
0.186274 28.5507 -3.3875 0.172025 -0.985075 -0.00595426
-0.514282 28.4327 -3.27945 0.163287 -0.98656 -0.00598045
-0.614896 28.4088 -1.95914 0.164759 -0.986326 -0.00397338
-0.6177 28.4063 -1.04472 0.160736 -0.986995 -0.00236201
-0.669687 28.3973 -0.15142 0.157976 -0.987441 0.00100894
-0.595658 28.4134 0.994986 0.158385 -0.987373 0.00304751
-0.458322 28.4418 2.02331 0.160624 -0.986983 0.00798124
-0.444121 28.4513 2.99331 0.160134 -0.987076 0.00594044
-0.457614 28.45 3.12327 0.156326 -0.98768 0.00672187
-1.98687 28.2057 2.75248 0.155514 -0.987784 0.00989432
-2.00281 28.1927 1.55817 0.157796 -0.987454 0.00592261
-1.99753 28.1865 0.253677 0.157767 -0.987467 0.00411629
-1.97164 28.1864 -0.981875 0.161917 -0.986804 0.00130863
-2.00677 28.1806 -2.21166 0.162492 -0.986707 -0.00229194
-1.98319 28.1913 -3.50848 0.162087 -0.986739 -0.00850357
-1.62062 28.261 -4.52104 0.158453 -0.987296 -0.0116246
-0.0692873 28.5142 -4.54253 0.163089 -0.98659 -0.00644465
1.185 28.7312 -4.56078 0.17459 -0.98463 -0.0040394
2.55863 28.9982 -4.61505 0.208857 -0.977941 0.00287559
3.84508 29.3048 -4.56338 0.249294 -0.968372 0.00881981
4.94688 29.6142 -4.50685 0.2908 -0.956737 0.00821828
5.39479 29.7441 -3.18615 0.311186 -0.950308 -0.00531201
5.39234 29.7347 -1.99082 0.298468 -0.954344 0.00779583
5.39024 29.7514 -0.665782 0.317629 -0.948133 -0.00284712
5.36598 29.7423 0.673114 0.315304 -0.948908 0.0125003
5.317 29.7392 1.81406 0.327436 -0.944857 -0.00484578
5.33799 29.7345 3.04277 0.336273 -0.941575 -0.0154703
5.15121 29.6526 4.43098 0.301935 -0.953164 -0.0100684
3.92457 29.3012 4.56863 0.262204 -0.964979 -0.00809384
2.63191 28.9957 4.58437 0.197129 -0.980374 -0.000623056
1.42524 28.7676 4.58083 0.174048 -0.984734 0.001203
0.24596 28.5696 4.51769 0.158827 -0.987299 0.00282109
-0.915125 28.3899 4.52927 0.148983 -0.988787 0.0101622
-1.94353 28.2307 4.19259 0.151942 -0.988276 0.0148337
-1.99132 28.2101 3.1975 0.154953 -0.987856 0.0113734
-3.09609 28.0296 3.01244 0.167587 -0.985756 0.0138778
-3.1108 28.0156 1.86294 0.165016 -0.986252 0.00874426
-3.09246 28.0086 0.515279 0.16434 -0.986385 0.00601751
-3.0764 28.0031 -0.898132 0.164114 -0.986433 0.00396957
-3.09361 27.9983 -2.27885 0.170225 -0.9854 -0.00197151
-3.10094 28.0055 -3.41983 0.166633 -0.985939 -0.0125843
-3.09171 28.0233 -4.58519 0.162111 -0.986643 -0.0159915
-2.79409 28.088 -5.57841 0.156522 -0.987542 -0.0161764
-1.55759 28.2812 -5.688 0.153037 -0.988154 -0.0113021
-0.353278 28.4723 -5.64161 0.159534 -0.987177 -0.00520066
1.02451 28.7077 -5.68816 0.174671 -0.984609 0.00588013
2.21055 28.9242 -5.69316 0.192118 -0.981366 0.00205818
3.41072 29.1879 -5.69148 0.233471 -0.972358 0.00296477
4.5191 29.4775 -5.6579 0.266201 -0.963717 0.0172672
5.70414 29.8498 -5.64443 0.319775 -0.947135 0.0189191
6.38912 30.1149 -4.69536 0.364372 -0.931121 0.0042511
6.43023 30.117 -3.49613 0.362842 -0.93183 -0.0058898
6.42937 30.1177 -2.18738 0.390454 -0.920554 0.0112403
6.41847 30.1278 -0.999281 0.360884 -0.932538 0.0074513
6.40623 30.1344 0.642126 0.374775 -0.927084 0.000331338
6.38039 30.1242 2.0197 0.351518 -0.936164 0.00334265
6.39809 30.117 3.19143 0.351544 -0.936075 -0.0132741
6.36686 30.073 4.33767 0.343679 -0.938573 -0.0246243
6.07522 29.9305 5.5323 0.339601 -0.939155 -0.0478596
4.99112 29.5679 5.64845 0.285035 -0.957518 -0.0345318
3.5007 29.1804 5.68546 0.224896 -0.974257 -0.0135868
2.33591 28.9377 5.66368 0.188649 -0.982029 -0.00344981
1.09191 28.7131 5.65205 0.171319 -0.985209 -0.000913057
-0.207258 28.5028 5.62315 0.151652 -0.988406 0.00393096
-1.52327 28.3134 5.62558 0.141247 -0.989919 0.0104707
-3.00058 28.0895 5.44304 0.156256 -0.987435 0.0231361
-3.09769 28.0449 4.10163 0.165375 -0.986088 0.0161108
-3.10315 28.0335 3.40484 0.165149 -0.986141 0.0155594
-4.22277 27.8385 3.29507 0.175502 -0.984381 0.012913
-4.23735 27.8665 4.58754 0.159828 -0.986797 0.0261874
-4.26403 27.8941 5.82976 0.164725 -0.985992 0.0261722
-3.58481 28.0364 6.70975 0.164799 -0.984814 0.0545455
-2.06423 28.2527 6.71337 0.136786 -0.990392 0.0203008
-0.876402 28.408 6.74663 0.123739 -0.992288 -0.00201302
0.287312 28.5714 6.70169 0.147554 -0.988795 -0.0223809
1.44387 28.7698 6.72971 0.174395 -0.984665 -0.00446939
2.59554 28.9756 6.76351 0.183231 -0.982948 -0.0153634
3.89684 29.2357 6.75176 0.21842 -0.973423 -0.0686187
5.12768 29.5479 6.74736 0.284115 -0.95645 -0.0669488
6.38035 29.9524 6.71848 0.341983 -0.935817 -0.0816709
7.4348 30.4695 6.33402 0.419732 -0.906728 -0.040847
7.4479 30.5105 5.07242 0.402311 -0.915463 -0.00410818
7.39646 30.5103 3.63781 0.384313 -0.922749 -0.0289193
7.40138 30.5503 2.30318 0.415341 -0.909652 -0.00495583
7.41232 30.5566 0.9005 0.40679 -0.913486 -0.00530355
7.45819 30.5712 -0.372249 0.410642 -0.911783 0.00304339
7.41849 30.5523 -1.73744 0.406088 -0.913832 0.00188495
7.45139 30.542 -3.35777 0.42418 -0.905439 0.0144543
7.44155 30.5449 -4.5912 0.39498 -0.918629 -0.0105418
7.44339 30.5369 -5.93046 0.400214 -0.916355 0.00655002
6.62006 30.1384 -6.74095 0.373723 -0.925415 0.0602233
5.45231 29.7 -6.78821 0.321005 -0.942318 0.0909752
4.25452 29.3575 -6.76949 0.233992 -0.970051 0.0651763
2.76632 29.0213 -6.78952 0.177157 -0.982776 0.0386959
1.53399 28.792 -6.77589 0.178452 -0.983893 0.0104259
0.390628 28.5961 -6.77852 0.160806 -0.986986 0.000799413
-0.813021 28.402 -6.77831 0.147926 -0.988973 -0.00280108
-1.94671 28.2374 -6.79885 0.142927 -0.989668 -0.010519
-3.34517 28.0334 -6.78362 0.152449 -0.98718 -0.0472478
-4.22965 27.8663 -6.30954 0.190428 -0.981371 -0.0244644
-4.199 27.8467 -4.87542 0.162742 -0.986603 -0.0113204
-4.18843 27.8208 -3.64044 0.174792 -0.984345 -0.0213412
-4.1732 27.8113 -2.43082 0.178044 -0.984018 -0.00279068
-4.16081 27.8163 -1.02856 0.174771 -0.984543 0.00986801
-4.21019 27.8186 0.205487 0.16886 -0.985602 0.00859794
-4.17754 27.8326 1.39545 0.167273 -0.985887 0.00658608
-4.21075 27.8365 2.85083 0.171752 -0.985102 0.00849322
-4.21488 27.8382 3.0963 0.172802 -0.984913 0.00916786
