0.126137 8.93451 3.48518 0.00403035 0.999989 0.000873645
0.178927 8.93736 2.49465 0.0151754 0.999811 -0.000370098
0.25827 8.93523 1.44405 0.0220864 0.99975 0.00191359
0.326225 8.93744 0.224477 0.0326422 0.999451 0.00358885
0.344377 8.93802 -0.737592 0.0213411 0.999648 0.0110919
0.268516 8.94567 -1.89317 0.0276832 0.999608 -0.00403111
0.141939 8.94813 -2.92842 0.0132761 0.999909 0.00215733
0.042004 8.95092 -3.50116 0.0122551 0.999917 -0.00161917
-0.877717 8.95587 -3.61823 -0.000455283 0.999995 -0.00131544
-0.695312 8.95452 -2.55466 0.00292087 0.999987 0.00287222
-0.56976 8.95619 -1.30783 -0.00599632 0.999978 -0.00159497
-0.539986 8.95209 -0.123038 0.00496439 0.999962 0.00141413
-0.598213 8.94573 0.883157 -0.00568809 0.999967 0.00581244
-0.708281 8.94164 2.137 -0.00206619 0.999983 0.0041065
-0.753312 8.93782 3.07442 -0.0025709 0.999986 0.00456099
-0.765407 8.93655 3.32602 -0.00166797 0.999992 0.00235766
-1.6753 8.92958 3.62641 -0.0142494 0.999897 -0.00123315
-1.6339 8.92731 2.41262 -0.0167993 0.999854 0.000418485
-1.55092 8.9332 1.31453 -0.017956 0.999829 0.0043313
-1.42368 8.94108 0.285689 -0.0212841 0.999759 0.00476092
-1.43048 8.94189 -0.659701 -0.0175454 0.99983 0.00309991
-1.4908 8.94778 -1.69621 -0.0207475 0.999753 0.00796614
-1.63924 8.94968 -2.68925 -0.0152475 0.999884 -0.000328845
-1.77718 8.94654 -3.52837 -0.0142824 0.999896 -0.00134313
-2.68556 8.91954 -3.5935 -0.0369701 0.999311 0.000344989
-2.49659 8.92341 -2.44697 -0.0402815 0.999181 0.0038052
-2.33071 8.92286 -1.15566 -0.0335201 0.999436 0.00216359
-2.31918 8.91986 -0.122006 -0.0298182 0.999545 0.00292923
-2.38383 8.91655 0.831151 -0.0278744 0.999605 0.00114332
-2.51641 8.90942 1.99244 -0.0244873 0.999694 0.003293
-2.57555 8.90751 2.94327 -0.0386871 0.999251 0.000638185
-2.56901 8.9095 3.4431 -0.0253572 0.999665 -0.00394303
-3.46507 8.87261 3.57958 -0.0463838 0.998914 -0.00429046
-3.44944 8.871 2.49461 -0.046631 0.998911 0.000203373
-3.38304 8.87743 1.40851 -0.0514897 0.998672 0.000626721
-3.2286 8.88535 0.139505 -0.0472073 0.998885 -0.000331581
-3.20538 8.88611 -0.881438 -0.0450226 0.998982 0.00243383
-3.2781 8.887 -1.89788 -0.0463 0.998918 0.0044325
-3.42744 8.8863 -2.85725 -0.0422629 0.99907 0.0085232
-3.51463 8.88577 -3.26518 -0.0407062 0.999159 0.00491769
-4.49675 8.83094 -3.60986 -0.0597232 0.998209 0.00331398
-4.24023 8.84039 -2.40116 -0.0608293 0.998121 0.00739208
-4.0998 8.84189 -1.13419 -0.0533606 0.998563 0.00349745
-4.12258 8.8398 -0.132791 -0.0549415 0.998488 0.00104019
-4.24328 8.82983 1.03783 -0.0582838 0.998294 0.00337249
-4.34693 8.82449 2.18615 -0.0546325 0.998504 -0.00138174
-4.37865 8.82341 3.25343 -0.0618011 0.998087 -0.00183504
-4.37823 8.82359 3.35607 -0.0613987 0.998112 -0.0015753
-5.28979 8.76349 3.60841 -0.0688683 0.997615 -0.00457993
-5.27249 8.76215 2.64907 -0.0729309 0.997332 -0.00317322
-5.2037 8.76619 1.4116 -0.0696462 0.997571 0.000876264
-5.06787 8.77707 0.423891 -0.0700872 0.997539 0.00199493
-5.01085 8.78606 -0.603742 -0.0672055 0.997725 0.00345956
-5.02008 8.78705 -1.61619 -0.0643413 0.997926 0.00171515
-5.19546 8.78001 -2.61519 -0.0661087 0.997789 0.00683189
-5.3645 8.77239 -3.45689 -0.0745829 0.997122 0.0130683
-6.34539 8.69458 -3.69022 -0.083403 0.99641 0.0144026
-6.09768 8.70893 -2.61921 -0.0854363 0.996335 -0.000300348
-5.93403 8.72145 -1.66383 -0.077831 0.996952 0.0054012
-5.8952 8.71854 -0.609991 -0.0835564 0.996498 0.00322227
-6.02576 8.70578 0.545214 -0.0759603 0.997104 0.00118329
-6.14027 8.69557 1.66104 -0.0807842 0.996712 0.00408114
-6.20139 8.69051 2.64961 -0.0863252 0.996261 -0.000736418
-6.1906 8.6926 3.53875 -0.0824286 0.996596 0.000907967
-7.08374 8.60823 3.58222 -0.101902 0.994791 -0.00205769
-7.15054 8.60113 2.43481 -0.102651 0.99471 0.00162686
-7.06082 8.61492 1.21428 -0.104478 0.994504 0.00424781
-6.91352 8.62997 0.203812 -0.0921489 0.995744 -0.00133458
-6.78979 8.64267 -0.890732 -0.0984615 0.995126 0.00542201
-6.88723 8.63955 -2.05739 -0.0922428 0.995731 0.00334489
-7.12397 8.61765 -3.00268 -0.101332 0.994844 -0.0024893
-7.21809 8.6073 -3.46867 -0.105222 0.994408 0.0070857
-8.11868 8.50727 -3.48941 -0.120101 0.992708 0.00533159
-7.93568 8.53336 -2.43536 -0.122234 0.992498 0.000978803
-7.76347 8.54913 -1.35722 -0.110875 0.993819 0.0055472
-7.80586 8.53943 -0.332227 -0.112723 0.993622 0.00297328
-7.95084 8.51964 0.701087 -0.111308 0.99377 0.00515951
-8.11608 8.49826 1.8302 -0.109613 0.993973 0.00142235
-7.98254 8.50959 2.83453 -0.113675 0.993505 0.000671263
-7.95937 8.51416 3.28629 -0.107168 0.994237 -0.00282047
-8.90732 8.40132 3.54665 -0.128813 0.991648 -0.00448241
-8.98366 8.3898 2.4948 -0.134397 0.990911 0.00565635
-8.98061 8.39408 1.54287 -0.134166 0.990956 0.00239172
-8.85078 8.41323 0.282873 -0.132921 0.991118 0.00385605
-8.74991 8.43027 -0.823951 -0.125503 0.992086 0.0035296
-8.83635 8.42137 -1.92105 -0.128628 0.99168 -0.00169979
-8.91592 8.4075 -2.85369 -0.134732 0.990879 -0.00118202
-8.92117 8.40677 -3.35223 -0.126723 0.991937 -0.00168128
-9.8771 8.27494 -3.22739 -0.136829 0.990594 0.00118079
-9.88478 8.27528 -2.17988 -0.157758 0.987469 -0.00352723
-9.88478 8.27676 -1.15754 -0.151075 0.988522 8.35666e-05
-9.88478 8.27249 0.0508457 -0.146134 0.989244 0.00642365
-9.89356 8.26864 1.11412 -0.139103 0.990275 0.00234043
-9.91707 8.26042 2.45076 -0.142077 0.989849 0.00346997
-9.88478 8.26419 3.45387 -0.147595 0.989042 -0.00337654
-9.88478 8.26459 3.5712 -0.147543 0.98905 -0.00344769
-10.7808 8.12615 3.60678 -0.166852 0.985975 -0.00366827
-10.8873 8.10901 2.59423 -0.164905 0.986309 0.00102004
-10.9503 8.10255 1.50857 -0.162456 0.986707 0.00358806
-10.9558 8.09866 0.439496 -0.173362 0.984852 -0.0009368
-11.0073 8.09405 -0.535124 -0.180011 0.983655 0.00435692
-10.8466 8.12026 -1.4441 -0.174787 0.984602 -0.00260224
-11.0975 8.07414 -2.30645 -0.175777 0.984429 -0.00101094
-10.8265 8.12246 -3.44571 -0.163887 0.986478 0.00136347
-10.8181 8.12397 -3.55749 -0.165053 0.986272 0.00391711
-11.8422 7.94106 -3.56142 -0.186544 0.982432 0.00514427
-11.9634 7.91753 -2.33419 -0.184485 0.982833 -0.00173341
-11.7518 7.95904 -1.40929 -0.180967 0.983489 -0.000281308
-11.9387 7.91965 -0.24 -0.185376 0.982659 -1.61525e-05
-11.9594 7.91844 0.823084 -0.193456 0.981102 -0.00358572
-11.8819 7.9351 1.80241 -0.190098 0.981754 -0.00285377
-11.7935 7.95336 2.90209 -0.179876 0.983672 0.00579018
-11.7781 7.95332 3.47126 -0.174731 0.984603 0.00483941
-12.705 7.77389 3.65808 -0.21018 0.977662 0.00100208
-12.765 7.76358 2.5076 -0.212401 0.977101 0.000183846
-12.8401 7.74073 1.47672 -0.213423 0.97696 -0.000523376
-12.8426 7.74052 0.485772 -0.210583 0.977554 -0.00291896
-12.6784 7.77442 -0.538729 -0.201945 0.979338 0.0107051
-12.5754 7.80386 -1.58652 -0.202171 0.979342 -0.00160845
-12.7647 7.76183 -2.53881 -0.204161 0.97891 0.000968513
-12.7489 7.76674 -3.62563 -0.19986 0.979793 -0.000160171
-13.617 7.57705 -3.49158 -0.222373 0.974954 0.00310212
-13.5543 7.58717 -2.30873 -0.225787 0.974164 0.0046097
-13.4034 7.62237 -1.2202 -0.22235 0.974962 -0.000387594
-13.5836 7.57915 -0.232353 -0.221399 0.975171 0.00344869
-13.7135 7.54709 0.746776 -0.226401 0.974029 0.00306854
-13.7059 7.54538 1.83869 -0.227399 0.973801 0.00088306
-13.6299 7.56552 2.78163 -0.223796 0.974631 -0.00323467
-13.5956 7.57562 3.53895 -0.2258 0.974171 -0.00127009
-14.4944 7.3625 3.31585 -0.236271 0.971677 -0.00359966
-14.5535 7.34873 2.29892 -0.235562 0.971838 0.00151822
-14.5722 7.3421 1.20713 -0.233121 0.972438 0.00231303
-14.4783 7.3648 0.136579 -0.247297 0.968916 0.00584791
-14.2855 7.41663 -1.12915 -0.233643 0.972321 -0.00147121
-14.3787 7.3935 -2.22687 -0.243215 0.969952 -0.000534471
-14.4739 7.37453 -3.41048 -0.245995 0.969204 0.0112789
-15.3356 7.14649 -3.35233 -0.25944 0.965725 0.00810083
-15.2258 7.17062 -2.39786 -0.260588 0.965448 0.0020323
-15.1438 7.19555 -1.46264 -0.264497 0.964356 -0.00717424
-15.2575 7.1618 -0.317475 -0.258512 0.965988 0.00597996
-15.376 7.12899 0.727825 -0.263801 0.964576 -0.00106342
-15.4212 7.12362 1.72387 -0.261687 0.965079 -0.0119249
-15.3899 7.13724 2.79674 -0.248839 0.96854 -0.00292734
-15.3625 7.14327 3.36219 -0.254182 0.967129 0.00602853
-16.2217 6.90404 3.39629 -0.27062 0.962686 -7.93754e-05
-16.2507 6.89463 2.42816 -0.272462 0.962165 -0.00129765
-16.2807 6.88036 1.322 -0.274921 0.961448 -0.00562365
-16.2082 6.89961 0.364852 -0.272906 0.962012 -0.001126
-16.0576 6.94009 -0.716868 -0.271255 0.962507 0.00113789
-16.0044 6.95391 -1.75521 -0.27187 0.962329 0.00171072
-16.1345 6.92052 -2.86845 -0.270843 0.962618 0.00327916
-16.2162 6.90005 -3.52823 -0.276711 0.96093 0.00576009
-17.0403 6.65429 -3.35651 -0.29911 0.954207 -0.00154254
-16.9208 6.68738 -2.23667 -0.28722 0.957863 0.00118885
-16.8782 6.6984 -1.25068 -0.293724 0.955886 -0.000354973
-16.9889 6.66847 -0.230071 -0.286439 0.958057 -0.00767051
-17.1175 6.63305 0.829525 -0.291186 0.95666 -0.0033632
-17.1179 6.63852 1.85385 -0.286866 0.957935 -0.00774032
-17.0937 6.65395 2.98579 -0.292902 0.956106 -0.00389919
-17.0883 6.65551 3.17817 -0.287062 0.957912 -0.000157602
-17.9193 6.38989 3.43351 -0.311118 0.950366 -0.00321637
-17.9613 6.37216 2.29552 -0.309049 0.951035 0.000103583
-17.9581 6.37241 1.32554 -0.310761 0.950474 -0.00435084
-17.8846 6.38939 0.193855 -0.305063 0.952299 -0.00788584
-17.7734 6.4192 -0.808512 -0.307348 0.951574 -0.0044727
-17.75 6.42308 -1.94208 -0.305336 0.95223 -0.00108771
-17.8586 6.39077 -3.04077 -0.319629 0.947543 0.000150261
-17.9094 6.37394 -3.44948 -0.320135 0.947371 0.00105404
-18.7537 6.08713 -3.3647 -0.327301 0.94492 -0.000275444
-18.6476 6.12467 -2.40239 -0.32011 0.947379 -0.00133326
-18.6091 6.14105 -1.35953 -0.321699 0.946839 -0.0022981
-18.6865 6.11729 -0.377172 -0.324576 0.945852 -0.00376007
-18.7631 6.09661 0.714057 -0.328317 0.944554 -0.00507228
-18.7938 6.08959 1.68094 -0.329367 0.9442 -0.00159032
-18.8066 6.08901 2.9022 -0.32878 0.944397 -0.00418311
-18.7915 6.09694 3.45334 -0.326238 0.945284 -0.00259965
-19.6228 5.80679 3.36723 -0.329894 0.944009 -0.00411901
-19.632 5.79755 2.23182 -0.329414 0.94417 -0.00529198
-19.6296 5.7935 1.26331 -0.338017 0.94113 -0.00368512
-19.5787 5.81009 0.310623 -0.335236 0.942133 -0.00162562
-19.4934 5.83756 -0.905594 -0.326778 0.945096 -0.00324145
-19.4877 5.83541 -2.04308 -0.333676 0.942672 -0.00492377
-19.5874 5.79324 -3.19925 -0.337205 0.941427 -0.0014372
-19.5981 5.78906 -3.29998 -0.339347 0.940658 -0.00105808
-20.4615 5.47491 -3.35111 -0.343998 0.93897 2.68718e-06
-20.3323 5.53061 -2.05059 -0.343197 0.939231 -0.0072176
-20.3294 5.53606 -1.10123 -0.346257 0.938136 -0.00216249
-20.3955 5.51492 0.0192016 -0.346938 0.937887 -0.0016879
-20.4666 5.49014 1.01709 -0.348491 0.937311 -0.00164743
-20.4779 5.48707 1.54139 -0.347657 0.937589 -0.00603301
-10.0323 8.24556 4.68172 -0.149771 0.988715 -0.003019
-11.0897 8.07894 4.68481 -0.164897 0.986275 -0.00376194
-12.1604 7.88465 4.73425 -0.190897 0.981598 -0.00419217
-13.3645 7.6298 4.70102 -0.217571 0.976038 -0.00347204
-14.5085 7.36385 4.67345 -0.238962 0.970989 -0.0088255
-15.7625 7.03732 4.67892 -0.267034 0.963666 -0.00437209
-16.9041 6.71128 4.66803 -0.276326 0.961062 -0.00205034
-18.0804 6.34144 4.63134 -0.313112 0.949709 -0.00362765
-19.1573 5.97423 4.61234 -0.327303 0.944913 -0.00331497
-20.1513 5.62068 4.64306 -0.339321 0.940654 -0.00409833
-21.1651 5.2476 4.54807 -0.350433 0.936587 0.00107643
-21.5698 5.09336 3.59785 -0.355573 0.934644 -0.00281016
-21.494 5.11104 2.39703 -0.352825 0.935654 -0.00802432
-21.5161 5.09729 1.27398 -0.35467 0.934988 -0.00256053
-21.5531 5.08058 0.130848 -0.355356 0.934727 -0.00246869
-21.5543 5.07758 -1.158 -0.355014 0.93486 6.79359e-05
-21.5321 5.07993 -2.4746 -0.350205 0.936653 -0.00613809
-21.5399 5.07276 -3.69324 -0.352316 0.935879 -0.000672287
-21.0664 5.24819 -4.68986 -0.349139 0.937067 -0.00249474
-19.8263 5.70758 -4.71264 -0.340882 0.940099 0.00283468
-18.8243 6.06601 -4.66302 -0.330992 0.943622 0.00447935
-17.709 6.44276 -4.62518 -0.31479 0.94916 0.00143816
-16.6793 6.77024 -4.64139 -0.283609 0.958934 0.00352546
-15.4582 7.12443 -4.65302 -0.271341 0.962442 0.00890305
-14.3765 7.40952 -4.64192 -0.235251 0.971867 -0.00439323
-13.3292 7.64384 -4.67303 -0.212547 0.97715 -0.00158341
-12.2867 7.86153 -4.7145 -0.18744 0.982276 -0.000802387
-11.198 8.06413 -4.67655 -0.174419 0.984659 0.00408146
-10.0255 8.25846 -4.69077 -0.149041 0.988817 0.0029749
-8.79983 8.43162 -4.68876 -0.13466 0.990853 0.00874987
-7.5226 8.59112 -4.7396 -0.112728 0.993507 0.0153495
-6.27213 8.71702 -4.75045 -0.0913034 0.995705 0.013736
-5.21725 8.79622 -4.72167 -0.0662026 0.997783 0.00669918
-3.82658 8.8698 -4.70117 -0.0442813 0.999015 -0.00276123
-2.49782 8.92172 -4.69146 -0.0342209 0.999406 -0.00393526
-1.44477 8.95155 -4.69619 -0.016822 0.999821 -0.000884445
-0.290516 8.95503 -4.70213 0.00721765 0.999959 0.00536819
0.941467 8.93726 -4.69131 0.0231236 0.999643 0.0126994
1.91114 8.89587 -4.42768 0.0464524 0.998765 0.0176005
1.90962 8.87633 -3.39822 0.0492092 0.998671 0.0150793
1.75194 8.87413 -2.34183 0.0629791 0.997972 0.00919195
1.67831 8.87018 -1.2725 0.064982 0.997829 0.00998205
1.65372 8.86458 -0.0867674 0.0681893 0.997634 -0.00879398
1.63868 8.8758 1.38268 0.0791754 0.996844 -0.0055892
1.63825 8.88007 2.70387 0.0658276 0.997802 -0.00762555
1.71048 8.88266 3.91031 0.0600201 0.998193 0.00223763
1.2008 8.90866 4.64964 0.0366585 0.999279 -0.00376057
0.0929893 8.93488 4.61031 0.00687465 0.999976 -0.000285604
-1.00171 8.93822 4.63751 -0.00484205 0.999972 -0.00556612
-2.12745 8.92062 4.70494 -0.0230909 0.999722 0.00221524
-3.44748 8.87492 4.68723 -0.0424925 0.999095 0.00133194
-4.49316 8.82106 4.66984 -0.0623823 0.998034 -0.00594314
-5.69828 8.73823 4.71522 -0.0790605 0.996832 -0.00855054
-6.96962 8.6279 4.6532 -0.0965594 0.995307 -0.00622425
-8.0772 8.51133 4.66779 -0.105418 0.994381 -0.00968754
-9.18337 8.36859 4.68449 -0.132421 0.99119 -0.00243031
-9.77213 8.28468 4.67761 -0.149036 0.988823 -0.00405554
-9.79072 8.2839 5.73316 -0.146445 0.989182 -0.00651872
-8.76194 8.42992 5.72522 -0.134794 0.99086 -0.00401995
-7.67495 8.56277 5.7017 -0.106182 0.994297 -0.00962298
-6.6373 8.66843 5.69354 -0.095463 0.995378 -0.0104394
-5.60408 8.75752 5.76886 -0.0742757 0.997152 -0.0126086
-4.29139 8.84144 5.71101 -0.0497632 0.998664 -0.0135013
-2.85217 8.90292 5.75512 -0.0330824 0.999368 -0.0129845
-1.63382 8.93269 5.71479 -0.0177306 0.99984 0.000335939
-0.345673 8.93902 5.6696 0.00699058 0.999974 0.000758933
1.07174 8.91722 5.74593 0.0244747 0.999647 -0.00444663
2.19095 8.86549 5.71909 0.0590819 0.997893 -0.0259844
2.84671 8.79974 4.84871 0.086491 0.996216 -0.00856996
2.74508 8.80146 3.69268 0.0870618 0.996186 -0.00202215
2.66508 8.79543 2.41219 0.0995582 0.994884 -0.0168568
2.66715 8.78999 1.26604 0.0914962 0.995796 -0.00388674
2.69968 8.78598 0.0604382 0.0851056 0.996372 0.000396744
2.71587 8.78242 -1.21528 0.0886755 0.995976 0.00795632
2.8166 8.79326 -2.25771 0.0890802 0.995855 0.0183448
3.02177 8.80813 -3.74942 0.0719775 0.997117 0.0239405
3.05066 8.83074 -4.9539 0.0755629 0.997031 0.0147832
2.56251 8.88305 -5.72613 0.0642527 0.997511 0.0270411
1.43027 8.93887 -5.76247 0.0350709 0.999161 0.0205974
0.241331 8.95891 -5.74862 0.010458 0.999852 0.0130993
-0.85165 8.95924 -5.79187 -0.00523807 0.999981 0.00281146
-2.20343 8.92984 -5.74241 -0.0310785 0.999516 -0.000792493
-3.44557 8.88605 -5.73815 -0.0379355 0.999272 0.00407542
-4.52794 8.84117 -5.76998 -0.0514768 0.998652 0.00661403
-5.83556 8.76183 -5.7695 -0.0702117 0.997423 0.0132229
-7.02609 8.65892 -5.79583 -0.0988198 0.994977 0.0156518
-8.12348 8.53384 -5.78155 -0.120712 0.992572 0.0151283
-9.2106 8.39043 -5.73938 -0.143206 0.989537 0.0147655
-10.4294 8.20112 -5.73092 -0.163958 0.986442 0.00632545
-11.4555 8.01994 -5.76343 -0.18114 0.983427 0.0076787
-12.557 7.80965 -5.77434 -0.197762 0.980249 -0.000196188
-13.6935 7.56431 -5.73424 -0.218308 0.975872 0.0039371
-14.8557 7.29003 -5.72598 -0.241388 0.970401 0.00190762
-15.9899 6.98284 -5.7129 -0.27566 0.961064 0.0190222
-17.356 6.56479 -5.70617 -0.302395 0.95311 0.0106689
-18.4864 6.18852 -5.73007 -0.324541 0.945794 0.0117267
-19.4835 5.83614 -5.79504 -0.344204 0.938873 0.00519363
-20.6194 5.41505 -5.7701 -0.35251 0.935808 0.000675036
-21.8939 4.93161 -5.7757 -0.356185 0.934415 -0.00112618
-22.4684 4.7124 -5.07756 -0.360164 0.932881 -0.00371965
-22.5174 4.69756 -3.9361 -0.362213 0.93209 -0.00321118
-22.5123 4.70333 -2.8674 -0.359293 0.933211 -0.00480319
-22.5262 4.7033 -1.73002 -0.364026 0.931383 -0.00297375
-22.5515 4.69518 -0.685832 -0.363387 0.931629 -0.00419482
-22.5418 4.70279 0.456875 -0.359964 0.932965 -0.00146321
-22.5181 4.71706 1.66792 -0.35769 0.933831 -0.00339912
-22.5256 4.71957 2.70951 -0.359588 0.933101 -0.00434092
-22.5536 4.713 3.87102 -0.363042 0.93177 -0.0024178
-22.543 4.72046 4.96303 -0.361279 0.932449 -0.00395659
-22.0076 4.93127 5.65198 -0.3598 0.933018 -0.00443437
-20.7604 5.4023 5.6952 -0.348824 0.937177 -0.00444668
-19.6712 5.79823 5.68427 -0.337534 0.941288 -0.0065203
-18.5728 6.18393 5.67669 -0.322639 0.946435 -0.01034
-17.3472 6.58236 5.72586 -0.295995 0.955107 -0.0111127
-16.3035 6.89054 5.70347 -0.275783 0.96118 -0.00858313
-15.0902 7.22517 5.7169 -0.253493 0.967261 -0.0103221
-13.9901 7.49399 5.71787 -0.227853 0.973681 -0.00500394
-12.8061 7.75955 5.76006 -0.211092 0.977407 -0.00934001
-11.6913 7.97749 5.75212 -0.18216 0.983262 0.000168223
-10.5944 8.16173 5.72706 -0.157138 0.987555 -0.00632909
-10.0775 8.24164 5.73001 -0.14625 0.989208 -0.00856365
-10.0458 8.25845 6.75116 -0.151075 0.9884 -0.0141221
-11.0925 8.09397 6.79297 -0.155537 0.987695 -0.0163439
-12.2028 7.89244 6.79755 -0.192944 0.981061 -0.0158137
-13.4968 7.61376 6.75407 -0.224763 0.974287 -0.0154238
-14.7247 7.32737 6.75644 -0.235677 0.97177 -0.0107344
-15.904 7.01361 6.76362 -0.266304 0.963806 -0.0125515
-17.2595 6.62287 6.79793 -0.289253 0.957154 -0.0136935
-18.4977 6.22137 6.77607 -0.326327 0.94518 -0.0120454
-19.4966 5.87081 6.74293 -0.335848 0.941864 -0.00986993
-20.6091 5.46652 6.79384 -0.345644 0.938343 -0.00650547
-21.6432 5.07923 6.69653 -0.357714 0.933778 -0.00953123
-22.6841 4.67572 6.79175 -0.366053 0.930565 -0.00683104
-23.5284 4.33742 6.4143 -0.371528 0.928414 -0.00358376
-23.5344 4.3319 5.25269 -0.370451 0.92885 -0.00133837
-23.5551 4.3206 4.11433 -0.36716 0.930154 -0.00273998
-23.5135 4.33361 2.90092 -0.367872 0.929867 -0.00408875
-23.5044 4.3305 1.64674 -0.367982 0.929824 -0.0034227
-23.5366 4.31486 0.554083 -0.365036 0.930988 -0.00311073
-23.5137 4.3194 -0.572995 -0.364962 0.931014 -0.00400236
-23.5208 4.31282 -1.88606 -0.366347 0.930474 -0.00281844
-23.4732 4.32664 -3.21782 -0.366879 0.930263 -0.00307315
-23.4835 4.31951 -4.53352 -0.36654 0.9304 -0.00194639
-23.4734 4.32014 -5.78197 -0.363891 0.931434 -0.00374864
-23.268 4.39989 -6.78305 -0.364427 0.931198 0.00783152
-22.0987 4.85447 -6.84417 -0.358839 0.933393 0.0034203
-21.0785 5.24504 -6.8297 -0.354959 0.93487 0.00464426
-20.0938 5.61591 -6.83392 -0.350483 0.936556 0.00482489
-19.0813 5.99241 -6.82414 -0.342639 0.939399 0.0112066
-18.0937 6.33522 -6.81364 -0.317163 0.948209 0.017279
-16.7414 6.7787 -6.77272 -0.307909 0.951202 0.0201763
-15.6666 7.09131 -6.837 -0.26043 0.965367 0.0155713
-14.6444 7.35698 -6.80494 -0.233453 0.972143 0.0205555
-13.3471 7.65291 -6.81466 -0.210827 0.97741 0.0147859
-12.2992 7.87155 -6.82792 -0.194815 0.980756 0.0113884
-11.1454 8.08439 -6.77619 -0.173435 0.984786 0.0107826
-10.0811 8.26754 -6.79141 -0.161678 0.986791 0.0101169
-8.85215 8.46138 -6.79704 -0.149786 0.988548 0.0183368
-7.80724 8.59403 -6.84404 -0.11764 0.992808 0.0215407
-6.53469 8.7246 -6.8308 -0.0924408 0.995295 0.0285695
-5.31405 8.80968 -6.80714 -0.0558488 0.998261 0.0187989
-4.26658 8.85829 -6.80033 -0.0424896 0.999086 0.00431951
-3.11843 8.90287 -6.79888 -0.0370626 0.999305 0.00398283
-1.75623 8.94662 -6.82612 -0.0260269 0.999649 0.00481417
-0.533359 8.97001 -6.83887 -0.0059992 0.999952 0.00757607
0.508081 8.97463 -6.78829 -0.00289542 0.999619 0.022731
1.7389 8.95502 -6.83237 0.0340567 0.999011 0.0276727
2.83712 8.90136 -6.80285 0.0608686 0.996996 0.0477296
4.02349 8.79518 -6.76678 0.0950128 0.994621 0.0412399
4.12752 8.74251 -5.52382 0.0985687 0.994949 0.0186972
4.10486 8.7249 -4.40883 0.0956732 0.995223 0.0194103
4.00453 8.7076 -3.12926 0.0914543 0.995499 0.0246897
3.82838 8.69307 -2.10684 0.109453 0.993132 0.0411031
3.75038 8.67255 -0.749357 0.119878 0.992632 -0.0169147
3.79494 8.68151 0.314024 0.102638 0.994688 -0.00565966
3.73441 8.67612 1.46596 0.133286 0.991 0.00927606
3.71711 8.67692 2.66299 0.121553 0.992443 -0.0155966
3.82125 8.6918 3.97274 0.109766 0.993668 -0.0238365
3.98124 8.70236 5.28338 0.099552 0.994754 -0.0234331
3.98511 8.72596 6.35692 0.11291 0.993446 -0.0150872
3.08038 8.83117 6.75762 0.0950139 0.994439 -0.0438997
1.85962 8.90799 6.81424 0.0204727 0.999299 -0.0303296
0.716279 8.93928 6.79342 0.0166216 0.999533 -0.0246071
-0.443613 8.94563 6.73452 0.00291997 0.999958 -0.00796418
-1.48363 8.94068 6.76615 -0.00729391 0.999936 -0.00858176
-2.69625 8.92316 6.82017 -0.0213471 0.99939 -0.0276247
-3.92396 8.87202 6.74973 -0.0443837 0.998881 -0.0162577
-5.14917 8.80635 6.77958 -0.0724831 0.99714 -0.0211117
-6.32763 8.71234 6.76484 -0.0836805 0.996371 -0.0155123
-7.41436 8.60181 6.74948 -0.120234 0.992707 -0.00868165
-8.71009 8.43883 6.77362 -0.128028 0.991758 -0.00505628
-9.89723 8.28015 6.73868 -0.142625 0.989695 -0.0123094
