39.0623 27.7204 3.35801 -0.607133 -0.794597 -0.0014587
39.0227 27.7534 2.17111 -0.593052 -0.80468 -0.0171628
38.963 27.8254 0.951001 -0.580971 -0.813888 0.00732043
38.94 27.8253 -0.253386 -0.596798 -0.802172 -0.0121552
38.9632 27.8477 -1.52381 -0.600741 -0.799347 -0.0091424
39.0701 27.7569 -2.87257 -0.610678 -0.79164 0.0191157
39.0941 27.7319 -3.35489 -0.602849 -0.797822 0.00662408
38.4394 28.2079 -3.57794 -0.563563 -0.825611 0.0200801
38.3431 28.2864 -2.31133 -0.573884 -0.818904 0.00339206
38.3101 28.293 -0.865003 -0.576069 -0.81703 -0.0223191
38.3081 28.2857 0.706219 -0.579801 -0.8146 -0.016039
38.3622 28.2382 2.29739 -0.588501 -0.808423 -0.00595641
38.446 28.1752 3.47636 -0.548395 -0.83621 0.00274996
37.7827 28.6075 3.4401 -0.526337 -0.850146 -0.00373818
37.6568 28.6888 2.26714 -0.520217 -0.854021 -0.00466106
37.6593 28.731 0.848749 -0.552596 -0.832245 -0.00323721
37.636 28.7283 -0.358522 -0.516162 -0.85648 -0.00444233
37.5825 28.7564 -1.54879 -0.496067 -0.868176 -0.00970602
37.7228 28.674 -3.04078 -0.524998 -0.851062 0.00541193
37.7383 28.6643 -3.4397 -0.528834 -0.848723 7.35285e-05
36.9778 29.0882 -3.48982 -0.465638 -0.884726 0.0207378
36.8488 29.1614 -2.2905 -0.462678 -0.886495 -0.00745831
36.9359 29.1176 -1.09857 -0.473893 -0.880546 0.00701118
36.8215 29.1983 0.32099 -0.479471 -0.877475 -0.011021
37.0157 29.0774 1.5863 -0.476504 -0.879028 -0.0142979
37.0799 29.0205 3.00658 -0.480003 -0.877174 -0.0125153
37.0612 29.0255 3.49476 -0.499347 -0.866181 0.00511392
36.14 29.5183 3.54026 -0.441706 -0.896642 -0.0164497
36.1191 29.5331 2.15903 -0.448327 -0.893753 -0.00348334
36.14 29.5356 1.02297 -0.431621 -0.901998 -0.0100312
36.1405 29.5351 -0.156879 -0.435134 -0.900293 0.0113154
36.14 29.5241 -1.65836 -0.450529 -0.892757 -0.0029941
36.14 29.5119 -2.9164 -0.417714 -0.908519 0.0100241
36.1407 29.5057 -3.56741 -0.433091 -0.901255 0.0126285
35.3573 29.8653 -3.58806 -0.397242 -0.917664 -7.60141e-05
35.325 29.8713 -2.25522 -0.367349 -0.929997 0.00219579
35.3316 29.8855 -0.813276 -0.36925 -0.92928 0.00917704
35.374 29.8855 0.5369 -0.398062 -0.917306 0.00908667
35.3291 29.8963 1.81273 -0.384213 -0.92318 -0.00734377
35.4022 29.853 3.22934 -0.37798 -0.925634 -0.0171372
35.4021 29.8471 3.50795 -0.38357 -0.923201 -0.0215713
34.6218 30.1594 3.49121 -0.367259 -0.930057 -0.0093718
34.5184 30.2118 2.13747 -0.356864 -0.934121 0.00779789
34.6667 30.1787 0.781471 -0.371225 -0.928054 -0.0261671
34.7018 30.1499 -0.469423 -0.361812 -0.931825 0.0243768
34.5069 30.1924 -1.84821 -0.35278 -0.935558 0.0166635
34.5526 30.1957 -3.16112 -0.362955 -0.931457 -0.0221122
34.5299 30.2024 -3.58682 -0.345577 -0.938369 0.00623921
33.7258 30.4798 -3.3984 -0.318005 -0.948073 -0.00416449
33.6914 30.4832 -1.93232 -0.310119 -0.95068 -0.00290601
33.8736 30.4276 -0.59917 -0.321694 -0.94648 0.0256001
33.9048 30.4393 0.732712 -0.30303 -0.95293 -0.00728971
33.7675 30.4804 1.99053 -0.310813 -0.950467 -0.00102134
33.798 30.4614 3.29992 -0.325302 -0.945522 -0.0127321
32.9752 30.7273 3.43495 -0.289588 -0.957124 -0.00686178
33.0062 30.7208 2.10478 -0.294654 -0.955596 -0.00398009
33.1061 30.6918 0.914378 -0.299319 -0.95414 0.00387588
33.1602 30.6643 -0.265039 -0.294217 -0.955698 0.00836494
32.9461 30.7237 -1.44962 -0.287825 -0.95766 0.00646934
32.9462 30.7251 -2.71504 -0.285644 -0.95833 -0.00323485
32.9347 30.7288 -3.53072 -0.284638 -0.958633 0.00190918
32.3485 30.9117 0.0179199 -0.272954 -0.962008 0.00487094
32.3528 30.9128 0.444628 -0.278236 -0.960499 0.0051215
40.256 26.7044 -3.1017 -0.702279 -0.711882 -0.00254304
40.1812 26.767 -4.18903 -0.689263 -0.724443 0.00913488
39.5479 27.3307 -4.62973 -0.657332 -0.753576 0.00608946
38.5252 28.1474 -4.66425 -0.595218 -0.803337 0.00329619
37.6198 28.7223 -4.67723 -0.485046 -0.874339 0.0122935
36.527 29.3104 -4.63445 -0.457156 -0.889255 -0.0116905
35.3365 29.8694 -4.65052 -0.395163 -0.918508 -0.0131162
34.1351 30.3451 -4.67269 -0.327509 -0.944454 -0.0271063
32.8595 30.7577 -4.63241 -0.287154 -0.957813 -0.0103199
31.6421 31.109 -4.54542 -0.264547 -0.964365 -0.0032548
31.391 31.1761 -3.40453 -0.263549 -0.964643 0.00168159
31.3616 31.1855 -2.24702 -0.256951 -0.966423 -0.00102775
31.3177 31.1991 -1.12968 -0.268889 -0.963161 0.00439094
31.3186 31.2017 0.142039 -0.254075 -0.967183 0.000789405
31.3489 31.1921 1.28512 -0.256224 -0.966617 -0.000221719
31.3045 31.2066 2.49548 -0.255739 -0.966739 0.00344228
31.3495 31.193 3.64962 -0.253107 -0.967431 -0.000537324
31.6927 31.0997 4.53418 -0.261702 -0.965141 -0.000259473
33.0279 30.7017 4.58585 -0.302211 -0.953237 0.00212866
34.359 30.2451 4.60829 -0.342835 -0.939373 -0.00654251
35.4746 29.8052 4.62734 -0.387368 -0.921872 -0.00569679
36.4554 29.3617 4.64092 -0.443011 -0.896352 0.00224901
37.5606 28.7487 4.63818 -0.521853 -0.85292 0.0140247
38.5646 28.1036 4.65062 -0.555325 -0.83158 0.00752767
39.6347 27.2956 4.63729 -0.650237 -0.758811 0.0271748
40.1234 26.8355 3.99518 -0.674855 -0.737486 0.0249546
40.1286 26.8058 2.81842 -0.667973 -0.744089 0.00121776
40.1808 26.7874 1.66543 -0.711545 -0.702185 -0.0251609
40.1621 26.769 0.540735 -0.719208 -0.694178 0.0268642
40.218 26.7085 -0.580454 -0.721761 -0.692108 -0.00687041
40.2719 26.6654 -1.64132 -0.715568 -0.698301 -0.0164705
40.2609 26.698 -2.87509 -0.705012 -0.709176 -0.00510929
40.2592 26.7005 -2.99329 -0.705175 -0.709015 -0.0049715
40.9798 25.9236 -2.9399 -0.782623 -0.62247 -0.00443678
40.9501 25.969 -4.11356 -0.739103 -0.673581 0.00208656
40.9085 26.0131 -5.41208 -0.74561 -0.666235 -0.01384
40.2501 26.7089 -5.76366 -0.692979 -0.719182 -0.0502832
39.1932 27.6382 -5.70003 -0.615996 -0.787743 -0.00323041
38.3279 28.2712 -5.73866 -0.548714 -0.835202 -0.0340853
37.3658 28.8785 -5.74508 -0.504674 -0.862887 -0.0182535
36.2857 29.456 -5.70635 -0.452971 -0.891105 -0.0273478
35.2787 29.9192 -5.71432 -0.383011 -0.92321 -0.0284446
34.2258 30.3239 -5.7385 -0.343688 -0.93905 -0.0075986
32.9748 30.7324 -5.69628 -0.286172 -0.958151 -0.00726241
31.8942 31.0459 -5.68466 -0.269532 -0.962973 -0.00593723
30.6433 31.3882 -5.63158 -0.261041 -0.965303 -0.0068235
30.3681 31.4555 -4.53662 -0.259499 -0.965732 -0.00443078
30.3503 31.4592 -3.46304 -0.253824 -0.967247 -0.00272679
30.3393 31.4579 -2.27778 -0.253284 -0.967366 -0.0065164
30.2719 31.4729 -1.10849 -0.251476 -0.96786 0.00066151
30.3092 31.4619 0.143072 -0.242943 -0.97004 -0.00127113
30.3123 31.4613 1.41799 -0.243642 -0.969864 0.00132878
30.2906 31.4679 2.57737 -0.245057 -0.969507 0.00111978
30.3264 31.46 3.633 -0.247006 -0.969007 0.00373264
30.3359 31.4602 4.72901 -0.248457 -0.968642 0.00128692
30.7683 31.3502 5.67061 -0.249738 -0.968312 0.000471907
31.8076 31.0723 5.66754 -0.273026 -0.961962 0.00891356
33.0337 30.7106 5.65749 -0.302327 -0.952972 0.020549
34.1055 30.3497 5.68878 -0.335796 -0.9418 0.009737
35.1855 29.9358 5.66575 -0.384488 -0.922741 0.0256234
36.2622 29.4524 5.71359 -0.440436 -0.897238 0.0311967
37.3172 28.9205 5.72012 -0.458103 -0.888456 0.0268521
38.2635 28.3429 5.69418 -0.553423 -0.831869 0.0410555
39.3334 27.5715 5.73829 -0.626252 -0.779224 0.0200822
40.1824 26.8453 5.68443 -0.680143 -0.732082 0.029385
40.8951 26.0806 5.27937 -0.754526 -0.655842 0.0233294
40.8867 26.0527 4.05722 -0.751376 -0.659621 0.0137598
40.8937 26.0299 2.93737 -0.722466 -0.691256 0.013276
40.9057 25.9903 1.74426 -0.75003 -0.661357 0.00206771
40.905 25.9871 0.491694 -0.752411 -0.658523 -0.0150277
40.9785 25.8979 -0.739535 -0.745609 -0.666271 0.0122911
40.9942 25.8931 -1.99438 -0.773243 -0.634032 0.0057862
40.983 25.913 -2.542 -0.777137 -0.629269 -0.00791633
41.6352 25.0941 -2.47035 -0.78865 -0.614828 0.00395388
41.6625 25.0709 -1.31348 -0.788232 -0.615141 -0.00839647
41.6521 25.1317 -0.0377527 -0.774542 -0.631572 0.0261946
41.6 25.1872 1.02818 -0.750907 -0.660309 0.0113943
41.6263 25.1705 2.21687 -0.763595 -0.645673 0.00306543
41.5894 25.2293 3.4993 -0.767496 -0.640961 0.0105296
41.5747 25.2577 4.65391 -0.773733 -0.633053 0.0239524
41.6272 25.2441 5.86647 -0.764406 -0.643595 0.0356893
41.3193 25.69 6.70415 -0.770247 -0.634893 0.058625
40.5302 26.5645 6.78673 -0.700839 -0.711471 0.051258
39.7684 27.309 6.7865 -0.638988 -0.758062 0.121356
38.6929 28.1154 6.78645 -0.575638 -0.814978 0.0667048
37.6272 28.7973 6.75864 -0.480918 -0.873998 0.067874
36.6668 29.3097 6.77258 -0.452363 -0.888038 0.0788259
35.6857 29.7681 6.76178 -0.376869 -0.924117 0.0629014
34.6878 30.1682 6.76252 -0.343571 -0.936039 0.0703162
33.5095 30.5781 6.75996 -0.32965 -0.94283 0.0490184
32.245 30.9652 6.71263 -0.266916 -0.963186 0.0297801
31.0696 31.2765 6.77817 -0.243534 -0.969857 0.00637677
29.9772 31.5549 6.75883 -0.24828 -0.968687 0.0014346
29.327 31.7203 6.10897 -0.247575 -0.968868 0.00128359
29.2774 31.7311 4.77916 -0.247358 -0.968922 0.00204814
29.311 31.7181 3.54281 -0.245533 -0.969381 0.00371424
29.2777 31.7231 2.48271 -0.244422 -0.969665 0.00285444
29.2866 31.7179 1.34386 -0.242223 -0.970217 0.00255175
29.2981 31.7131 0.234576 -0.237007 -0.971504 -0.00282879
29.2504 31.7314 -1.0061 -0.243838 -0.969794 -0.00641948
29.3139 31.7218 -2.31938 -0.243527 -0.969855 -0.00792341
29.2952 31.7343 -3.52307 -0.249064 -0.968485 -0.00220041
29.291 31.7397 -4.65201 -0.252564 -0.967539 -0.00880394
29.3099 31.7418 -5.73394 -0.253806 -0.96724 -0.00534329
29.5774 31.6766 -6.73533 -0.253615 -0.967292 -0.00507137
30.815 31.3516 -6.78416 -0.25457 -0.967034 -0.00622005
31.9718 31.0408 -6.77283 -0.26357 -0.964397 -0.0215038
33.0128 30.744 -6.7851 -0.285271 -0.957963 -0.0301615
34.1095 30.3948 -6.79041 -0.333215 -0.941766 -0.0410544
35.2805 29.9557 -6.79063 -0.362125 -0.931046 -0.0447094
36.3717 29.4547 -6.78844 -0.434517 -0.899075 -0.0532714
37.5366 28.8366 -6.822 -0.491832 -0.867736 -0.0713719
38.4659 28.259 -6.7909 -0.573871 -0.814748 -0.082797
39.4574 27.5324 -6.80189 -0.643592 -0.755339 -0.123379
40.4209 26.6682 -6.81683 -0.687641 -0.719216 -0.0978145
41.2382 25.7298 -6.84356 -0.794739 -0.603865 -0.0609679
41.6429 25.1415 -6.23831 -0.802627 -0.595185 -0.0390461
41.6258 25.1339 -4.97375 -0.791532 -0.611025 -0.0111411
41.6378 25.1001 -3.59121 -0.790851 -0.611946 -0.00868258
41.6357 25.0927 -2.68288 -0.788893 -0.614527 0.000477589
