-29.785 24.669 1.44848 0.157055 -0.987566 0.00682701
-29.8197 24.6737 2.55061 0.161441 -0.98683 0.0101608
-29.8529 24.6843 3.64922 0.170572 -0.985194 0.0168464
-29.8764 24.685 3.94282 0.175518 -0.984374 0.0140281
-30.7229 24.5398 4.52628 0.177444 -0.98408 0.00989225
-30.5979 24.5502 3.3571 0.172208 -0.984994 0.0112617
-30.5815 24.5426 1.82563 0.16163 -0.986831 0.00628588
-30.5315 24.5454 0.654568 0.157121 -0.987573 0.00361549
-30.3877 24.5634 -0.614253 0.153917 -0.988078 0.00316614
-30.4377 24.5532 -1.70827 0.152061 -0.98837 0.00168364
-30.7008 24.5104 -2.86287 0.152812 -0.988254 0.00173025
-30.7328 24.504 -3.99763 0.15079 -0.988565 0.00102165
-30.6471 24.517 -4.59038 0.150504 -0.988609 -0.000254223
-31.392 24.4023 -4.57797 0.152637 -0.988282 -0.000798295
-31.5698 24.3752 -3.39449 0.153941 -0.98808 0.000566628
-31.3714 24.4065 -2.22805 0.154512 -0.987991 0.000142596
-31.1583 24.4424 -0.834075 0.154863 -0.987933 0.00234327
-31.2955 24.4228 0.24932 0.160596 -0.987019 -0.000742713
-31.3463 24.4142 1.39521 0.163668 -0.986514 0.00068637
-31.3761 24.4124 2.68272 0.167479 -0.985868 0.00379056
-31.4316 24.4081 3.95986 0.174138 -0.984702 0.00603507
-31.5281 24.3943 4.56201 0.179725 -0.983698 0.00565856
-32.3289 24.2487 4.56985 0.177921 -0.984044 0.0015396
-32.0996 24.2884 3.519 0.175001 -0.984567 -0.000494334
-32.1967 24.2711 2.41084 0.170799 -0.985305 -0.000462866
-32.0997 24.2888 1.27501 0.165976 -0.986129 -0.00110897
-32.1278 24.287 0.090277 0.163577 -0.986528 -0.00154016
-32.066 24.2967 -1.06502 0.159448 -0.987205 0.0016821
-32.1318 24.2867 -2.24387 0.157755 -0.987477 -0.00127722
-32.2591 24.2671 -3.32805 0.155884 -0.987775 -0.00101333
-32.1876 24.279 -4.64996 0.153626 -0.988128 -0.00115358
-32.1815 24.28 -4.72523 0.153704 -0.988116 -0.00150541
-32.9918 24.153 -4.72467 0.155395 -0.98785 -0.00210953
-32.9918 24.1503 -3.3678 0.158313 -0.987387 -0.00178482
-32.9918 24.1483 -2.09754 0.159506 -0.987195 -0.00187399
-32.9918 24.1458 -0.987436 0.162439 -0.986716 -0.00228807
-32.9918 24.1421 0.0977481 0.165801 -0.986148 -0.00466294
-32.9918 24.1369 1.30593 0.16832 -0.985724 -0.00386431
-32.9918 24.1321 2.62151 0.17208 -0.985078 -0.00306386
-32.9918 24.1297 3.85875 0.175365 -0.984501 -0.00217839
-32.9918 24.1289 4.41155 0.176931 -0.984222 -0.000439091
-33.8166 23.9803 4.61336 0.177374 -0.984143 -0.000748928
-33.7795 23.991 3.32746 0.175676 -0.984438 -0.00435557
-34.001 23.9577 2.25303 0.172973 -0.984907 -0.00624444
-33.7937 24.0018 0.941874 0.168663 -0.985656 -0.00585385
-34.0468 23.9659 -0.141561 0.165977 -0.986106 -0.00682666
-33.9085 23.9972 -1.5815 0.162504 -0.986698 -0.00429636
-33.9584 23.9927 -2.68631 0.160857 -0.986972 -0.00343597
-33.7868 24.025 -4.03671 0.158127 -0.987413 -0.00328214
-33.7976 24.0251 -4.50032 0.157124 -0.987573 -0.0033311
-34.5939 23.8978 -4.7189 0.160135 -0.987087 -0.00401991
-34.6929 23.8769 -3.56538 0.160696 -0.986995 -0.00422202
-34.7277 23.8658 -2.33482 0.16165 -0.98684 -0.0040662
-34.511 23.8944 -1.09569 0.164569 -0.986344 -0.00653759
-34.7315 23.8485 0.0909926 0.167727 -0.985799 -0.00821677
-34.6737 23.8468 1.43127 0.170554 -0.985316 -0.00793812
-34.7046 23.8316 2.59221 0.172976 -0.984896 -0.00753174
-34.6525 23.8331 3.75473 0.176442 -0.984292 -0.00599885
-34.6462 23.8307 4.6022 0.178136 -0.984001 -0.00298482
-35.4449 23.6848 4.62452 0.181232 -0.983429 -0.00466726
-35.4198 23.6982 3.36891 0.177004 -0.984173 -0.00850402
-35.5041 23.6947 2.2776 0.173648 -0.984758 -0.00987303
-35.4267 23.7197 1.13675 0.16932 -0.985501 -0.0108898
-35.4248 23.7331 -0.180849 0.167235 -0.985877 -0.00883377
-35.2871 23.7664 -1.39338 0.165213 -0.986231 -0.00731192
-35.5066 23.7394 -2.74939 0.164124 -0.986427 -0.00502357
-35.4625 23.7537 -3.9873 0.161391 -0.986878 -0.00483171
-35.4368 23.7605 -4.62734 0.160384 -0.987047 -0.00401475
-36.1621 23.625 -2.03029 0.165009 -0.986257 -0.00827554
-36.088 23.6258 -0.713349 0.166487 -0.986002 -0.00907315
-36.1883 23.5959 0.506583 0.167861 -0.985746 -0.011329
-36.1886 23.5931 0.757192 0.168426 -0.985646 -0.0116204
-29.0343 24.7743 -0.194589 0.150624 -0.988577 0.00532362
-29.0413 24.779 0.70095 0.151248 -0.988458 0.00865981
-29.0416 24.7863 1.4697 0.154139 -0.987974 0.011883
-29.0455 24.8047 2.6579 0.162342 -0.986576 0.0175914
-29.0863 24.8145 3.4461 0.172252 -0.984854 0.0197873
-29.1364 24.8216 4.25577 0.182045 -0.983089 0.0196422
-29.1715 24.8301 5.03745 0.181284 -0.983277 0.0173736
-29.7667 24.7246 5.4058 0.185103 -0.982583 0.0162391
-30.6246 24.566 5.41882 0.181625 -0.983334 0.00808408
-31.6601 24.3741 5.43689 0.182844 -0.983131 0.00453255
-32.5951 24.2017 5.44621 0.178607 -0.98392 0.00112446
-33.6662 24.0076 5.48984 0.177151 -0.984183 0.00068021
-34.5129 23.8536 5.44912 0.180114 -0.983643 0.00207753
-35.3438 23.6995 5.42622 0.183208 -0.983073 0.00108433
-36.2383 23.5328 5.41537 0.185343 -0.982656 -0.005449
-36.8397 23.4215 5.04392 0.18768 -0.982201 -0.0076141
-36.9137 23.4156 4.27504 0.185543 -0.982559 -0.0122096
-36.9357 23.4223 3.47752 0.179461 -0.983621 -0.0167188
-36.9257 23.4393 2.54243 0.176134 -0.984245 -0.0154094
-36.9113 23.4591 1.4907 0.170824 -0.985155 -0.0169061
-36.9168 23.4722 0.490732 0.167925 -0.985723 -0.0122668
-36.9026 23.4852 -0.407 0.166741 -0.985943 -0.0106751
-36.8877 23.4973 -1.32894 0.165744 -0.98612 -0.00980958
-36.8986 23.5055 -2.40945 0.164364 -0.986362 -0.00859287
-36.9309 23.5061 -3.1689 0.164049 -0.986422 -0.00770354
-36.956 23.5072 -3.9313 0.162982 -0.986607 -0.00653818
-36.9204 23.5182 -4.77017 0.162808 -0.986642 -0.00563529
-36.4835 23.5933 -5.42483 0.160918 -0.986957 -0.00457617
-35.5252 23.7495 -5.46614 0.16072 -0.986992 -0.00402745
-34.7134 23.8814 -5.48145 0.159754 -0.98715 -0.0036979
-33.9435 24.0052 -5.5096 0.157047 -0.987586 -0.0029594
-33.1259 24.1342 -5.50776 0.155367 -0.987851 -0.00322316
-32.2078 24.2774 -5.51736 0.153498 -0.988146 -0.00239691
-31.3439 24.4111 -5.51708 0.151837 -0.988405 -0.000920938
-30.5922 24.5264 -5.51703 0.150412 -0.988622 -0.00140848
-29.5169 24.6894 -5.49349 0.148818 -0.988862 -0.00212815
-29.0983 24.7512 -4.89187 0.148259 -0.988948 -0.000480119
-29.0708 24.7559 -3.95835 0.148978 -0.988837 0.00236323
-29.0641 24.759 -3.12017 0.149482 -0.98876 0.00297645
-29.0637 24.7623 -2.01345 0.149955 -0.988688 0.00311359
-29.0581 24.7671 -0.999491 0.150127 -0.988659 0.00383429
-29.0353 24.7723 -0.518859 0.14991 -0.988687 0.00487243
-28.3034 24.8827 -0.359203 0.141956 -0.989866 0.00377974
-28.3273 24.8768 -1.21918 0.149395 -0.988773 0.0029273
-28.3378 24.8717 -2.07752 0.148522 -0.988901 0.00410954
-28.327 24.8701 -3.06879 0.148285 -0.98894 0.00296783
-28.3234 24.868 -3.87203 0.148002 -0.988983 0.00269971
-28.3595 24.8607 -4.66748 0.147517 -0.989057 0.00242575
-28.3744 24.8595 -5.61069 0.142604 -0.989772 -0.00339077
-28.7602 24.8056 -6.19552 0.147267 -0.989048 -0.00980033
-29.8938 24.6348 -6.26987 0.150595 -0.988578 -0.00580871
-30.8821 24.4834 -6.24987 0.152022 -0.988372 -0.00309538
-31.6819 24.3607 -6.24568 0.151597 -0.988438 -0.00304652
-32.4311 24.2457 -6.24411 0.151859 -0.988396 -0.00349871
-33.4441 24.0868 -6.23703 0.156342 -0.987692 -0.00468343
-34.2994 23.9511 -6.24043 0.157464 -0.987516 -0.00422321
-35.1606 23.8117 -6.20891 0.160022 -0.987105 -0.00410833
-36.004 23.6746 -6.21144 0.160611 -0.98701 -0.00403044
-36.9053 23.5287 -6.19288 0.160055 -0.987093 -0.00554705
-37.5677 23.4187 -5.85683 0.161536 -0.986849 -0.00596082
-37.6542 23.3989 -4.9867 0.163223 -0.986567 -0.00662364
-37.6845 23.3882 -4.16865 0.163263 -0.98656 -0.00674317
-37.6695 23.3847 -3.27956 0.163361 -0.986543 -0.00674839
-37.6227 23.3844 -2.2802 0.163567 -0.986497 -0.00836869
-37.5994 23.3763 -1.21817 0.165359 -0.986165 -0.0115295
-37.6411 23.3605 -0.447589 0.166728 -0.985937 -0.0114401
-37.6625 23.3446 0.497441 0.166273 -0.985966 -0.0149677
-37.6431 23.3351 1.35783 0.169441 -0.985389 -0.0169975
-37.6372 23.3177 2.21966 0.172698 -0.984716 -0.0225702
-37.6499 23.3001 2.97078 0.181077 -0.983288 -0.0188383
-37.6648 23.2801 3.78484 0.184007 -0.98268 -0.0219337
-37.6397 23.2729 4.62006 0.18786 -0.982125 -0.0117546
-37.6036 23.2726 5.40324 0.18809 -0.982127 -0.00699939
-37.3121 23.3222 6.13945 0.187452 -0.982233 -0.00891784
-36.2111 23.535 6.1929 0.191229 -0.981514 -0.00781715
-35.4337 23.6836 6.19834 0.185618 -0.982619 -0.000346501
-34.4273 23.8709 6.19952 0.181005 -0.983478 0.0023388
-33.6037 24.0197 6.23959 0.176327 -0.984331 0.00125831
-32.651 24.1904 6.1913 0.178653 -0.983905 -0.00301225
-31.689 24.3699 6.18384 0.183591 -0.983002 -0.000942827
-30.9388 24.5125 6.15229 0.18653 -0.982432 0.00558417
-30.0688 24.6775 6.1579 0.188212 -0.982058 0.0116571
-29.0772 24.8686 6.18175 0.185625 -0.982421 0.0197921
-28.4351 24.9835 5.85826 0.185733 -0.982371 0.0211915
-28.3635 24.9745 4.65715 0.186471 -0.982293 0.0181544
-28.3702 24.9558 3.85438 0.186045 -0.982157 0.0273786
-28.338 24.9356 3.09994 0.174117 -0.984191 0.0323859
-28.3369 24.9114 2.29802 0.155519 -0.987495 0.0252468
-28.3015 24.9013 1.4326 0.149217 -0.98867 0.0162762
-28.2817 24.8944 0.679441 0.144742 -0.989374 0.0137268
-28.2947 24.8849 -0.141705 0.14235 -0.989808 0.00402796
-27.5669 24.988 -0.170644 0.13328 -0.991008 0.0106314
-27.5859 24.9877 -0.92597 0.151052 -0.988515 -0.00392287
-27.6122 24.9835 -1.81773 0.153565 -0.988106 0.00757621
-27.6105 24.9776 -2.73186 0.145517 -0.989352 0.00237873
-27.579 24.9812 -3.51797 0.148813 -0.988862 0.00232864
-27.6261 24.9697 -4.53198 0.145495 -0.989352 0.00358386
-27.6067 24.9706 -5.33374 0.143507 -0.989647 0.00182444
-27.604 24.9729 -6.17715 0.137543 -0.990457 -0.00827954
-28.0056 24.9247 -6.92199 0.141056 -0.98989 -0.0148797
-28.9972 24.7857 -6.9698 0.152043 -0.988122 -0.0197222
-29.7373 24.6637 -7.03158 0.169096 -0.985544 -0.00736909
-30.5659 24.533 -6.99074 0.151457 -0.988365 0.0135448
-31.3606 24.411 -6.99823 0.141684 -0.989862 0.0026791
-32.1975 24.2861 -6.95963 0.15083 -0.988495 -0.0112486
-32.9739 24.1644 -6.97903 0.159361 -0.987194 -0.00603293
-33.8359 24.0282 -6.99228 0.156049 -0.987741 -0.0040691
-34.6516 23.8974 -6.96952 0.160922 -0.986938 -0.00741884
-35.7023 23.7262 -6.97423 0.160226 -0.987076 -0.00304522
-36.6913 23.5655 -6.95127 0.156758 -0.987624 -0.000136747
-37.4545 23.4451 -6.96082 0.160744 -0.986943 -0.0102446
-38.1786 23.3247 -6.82546 0.163009 -0.986581 -0.00921579
-38.3621 23.2896 -6.089 0.162188 -0.98675 -0.00431452
-38.3781 23.2818 -5.18931 0.158363 -0.987353 -0.00739129
-38.3934 23.2707 -4.21716 0.164921 -0.986282 -0.00701438
-38.3903 23.2653 -3.31401 0.164332 -0.986382 -0.00668332
-38.3563 23.2646 -2.40933 0.161205 -0.986887 -0.00815587
-38.3695 23.2546 -1.66135 0.161613 -0.986725 -0.0156347
-38.3654 23.2427 -0.834867 0.165741 -0.986066 -0.0142138
-38.3974 23.2269 0.016943 0.165871 -0.986074 -0.0119717
-38.3818 23.2192 0.813521 0.16443 -0.986251 -0.016481
-38.3658 23.2006 1.8235 0.171823 -0.984806 -0.0250433
-38.3744 23.1763 2.65537 0.173768 -0.984315 -0.0303116
-38.4044 23.1465 3.48434 0.187665 -0.981957 -0.0232943
-38.376 23.135 4.25114 0.189585 -0.981777 -0.0129452
-38.3673 23.1269 5.30904 0.188926 -0.981963 -0.00749407
-38.3531 23.1257 6.10811 0.184057 -0.98291 -0.00311002
-37.9104 23.2066 6.93423 0.176674 -0.984263 0.001907
-37.0589 23.3638 6.95205 0.186093 -0.982435 -0.0126312
-36.3184 23.5073 6.95835 0.198074 -0.980122 -0.0109486
-35.3739 23.6934 6.95955 0.189322 -0.981913 -0.00120537
-34.6078 23.8414 6.95854 0.186202 -0.98249 0.00485854
-33.6405 24.0102 6.9696 0.16793 -0.985756 -0.00535043
-32.7562 24.1642 6.93649 0.175395 -0.984324 -0.0167226
-31.8937 24.3308 6.92328 0.192503 -0.981278 -0.0011816
-31.0663 24.4927 6.91563 0.188111 -0.982125 0.0065989
-30.211 24.6563 6.90703 0.189483 -0.98188 0.00280053
-29.4217 24.8147 6.91617 0.19537 -0.980625 0.0140889
-28.4636 25.0055 6.95754 0.178987 -0.98356 0.0239068
-27.7128 25.1411 6.62728 0.198492 -0.979841 0.0215974
-27.6158 25.1307 5.61927 0.178403 -0.983628 0.0244523
-27.6313 25.1168 4.81075 0.183125 -0.982975 0.0136208
-27.6398 25.0977 3.83841 0.197571 -0.98001 0.0233678
-27.6076 25.0739 3.05747 0.189319 -0.979859 0.0633577
-27.6056 25.0202 2.18487 0.148573 -0.987888 0.040943
-27.591 25.0047 1.27469 0.145277 -0.98925 0.0166939
-27.54 25.0002 0.481947 0.145237 -0.989295 0.014217
-27.555 24.9929 0.0327333 0.139087 -0.990198 0.0105345
