3.76659 29.8448 2.97457 0.272484 -0.962157 0.000198762
3.65702 29.8078 1.8582 0.262558 -0.964915 0.00160431
3.54614 29.7759 0.837344 0.265982 -0.963928 0.00965742
3.662 29.8007 -0.0956687 0.257116 -0.966379 -0.00121087
3.72751 29.8188 -1.03367 0.257844 -0.966186 6.88758e-05
3.71136 29.8115 -1.97215 0.267227 -0.963633 -0.000300335
3.68595 29.8064 -2.98944 0.26873 -0.963211 -0.0029942
2.9757 29.6211 -3.37118 0.238875 -0.971006 -0.00931542
2.93052 29.6004 -2.21889 0.233405 -0.972318 0.00634711
3.03671 29.6344 -1.00129 0.239717 -0.970747 0.00948691
2.90026 29.6034 -0.0346156 0.235389 -0.971877 0.00680966
2.81549 29.5841 1.1883 0.228807 -0.973472 0.000243223
2.98702 29.6321 2.10797 0.241781 -0.970295 0.00831161
2.94854 29.6238 3.26194 0.24201 -0.970269 -0.00289139
2.95147 29.6239 3.42702 0.24066 -0.970562 -0.00827111
2.10084 29.4267 3.38318 0.203489 -0.979015 0.0108294
2.25443 29.4559 2.37169 0.212805 -0.977062 0.00219116
2.07224 29.4117 1.22521 0.203177 -0.979122 0.00460216
2.12282 29.4227 0.0889708 0.21449 -0.976662 -0.00128696
2.26236 29.4563 -0.930827 0.216726 -0.976214 0.000841364
2.16153 29.4293 -1.88804 0.20523 -0.978708 0.00328434
2.2779 29.4526 -3.06096 0.198854 -0.980029 -0.0004322
2.29677 29.4565 -3.18365 0.211796 -0.977157 -0.00829936
1.37913 29.2747 -3.38516 0.187356 -0.982287 -0.00313359
1.38703 29.272 -2.43387 0.191469 -0.98149 -0.00403183
1.37913 29.2724 -1.31367 0.196365 -0.980516 0.00525218
1.37913 29.2735 -0.163437 0.193654 -0.981068 -0.00204275
1.37461 29.2711 0.832402 0.193527 -0.981091 0.00175502
1.37913 29.2744 1.7912 0.199275 -0.97994 0.00238155
1.37913 29.2778 3.03759 0.192302 -0.981321 0.0052762
1.37913 29.2781 3.08673 0.191746 -0.981419 0.00714607
0.545022 29.1196 3.14337 0.177879 -0.984 0.00989891
0.491751 29.103 2.052 0.183479 -0.982997 0.00727543
0.479396 29.0973 1.08911 0.180521 -0.98357 -0.000205073
0.492704 29.0999 0.102861 0.18859 -0.982056 -3.59775e-05
0.67829 29.136 -0.786435 0.193845 -0.981028 0.00116953
0.479088 29.0997 -1.95261 0.176826 -0.98424 -0.00109184
0.537113 29.1128 -2.86223 0.181314 -0.983419 -0.00223386
0.638451 29.1336 -3.38969 0.18049 -0.983564 -0.00493148
-0.47098 28.934 -3.32465 0.170562 -0.985335 -0.00478466
-0.522207 28.9212 -2.26406 0.171437 -0.985194 -0.0013847
-0.2521 28.9675 -1.25545 0.175871 -0.984412 -0.00176626
-0.163013 28.9811 -0.368401 0.173279 -0.984868 -0.00209057
-0.393231 28.9422 0.565861 0.168097 -0.985757 0.0051105
-0.243383 28.9729 1.72109 0.165599 -0.986176 0.00555021
-0.198728 28.9866 2.62581 0.167289 -0.985889 0.00603182
-0.232526 28.985 3.41326 0.166787 -0.985979 0.00516961
-0.98986 28.857 3.27152 0.165277 -0.986231 0.00571471
-1.00459 28.8469 2.1348 0.166773 -0.985974 0.00653686
-1.10209 28.8244 1.09146 0.16604 -0.986109 0.00430204
-1.01181 28.836 -0.0294934 0.164856 -0.986316 0.00194374
-0.958701 28.845 -0.954111 0.166727 -0.986003 9.89897e-05
-1.28143 28.7899 -2.1067 0.167701 -0.985837 -0.000426869
1.08025 29.2233 -4.55619 0.186998 -0.982342 -0.00603573
2.52001 29.5163 -4.50212 0.215 -0.976603 -0.00433361
3.72934 29.8168 -4.48453 0.249982 -0.968247 0.00161619
4.9089 30.1546 -4.10374 0.285175 -0.958448 -0.00644256
5.00536 30.1783 -2.80817 0.296959 -0.954867 -0.00601451
5.00576 30.1914 -1.65154 0.296858 -0.954894 0.00660716
4.94063 30.1716 -0.187014 0.309291 -0.95095 -0.00554586
4.89087 30.1674 1.17554 0.307442 -0.951458 0.00529322
4.93027 30.1931 2.50289 0.311433 -0.950231 0.00824343
4.91884 30.1818 3.7841 0.309528 -0.950717 -0.0157042
4.33999 29.9875 4.54297 0.276786 -0.96075 -0.0145706
3.22587 29.6844 4.53643 0.251097 -0.967725 -0.0211593
1.93138 29.3957 4.56437 0.200262 -0.979725 -0.00539395
0.691666 29.1561 4.51832 0.183164 -0.983078 0.00297267
-0.433262 28.9595 4.51459 0.161262 -0.986886 0.00708456
-1.69475 28.754 4.47831 0.160757 -0.986939 0.0104219
-2.31451 28.6409 3.63828 0.168012 -0.985698 0.0130068
-2.36906 28.619 2.44865 0.167987 -0.985758 0.00784588
-2.40317 28.605 1.15215 0.167015 -0.985943 0.00482638
-2.44606 28.5939 -0.0234544 0.168497 -0.985699 0.00229232
-2.38686 28.6021 -1.27774 0.167946 -0.985795 0.00177684
-2.39693 28.6003 -2.67952 0.170003 -0.985441 -0.00158147
-2.29479 28.6228 -3.99277 0.167682 -0.985824 -0.00579088
-1.42891 28.7737 -4.48523 0.167859 -0.985792 -0.00587133
-0.195932 28.9893 -4.51635 0.17465 -0.9846 -0.00739632
0.938567 29.1964 -4.55824 0.183641 -0.982971 -0.00592096
0.774932 29.1708 -5.67417 0.183655 -0.982983 -0.00384921
2.18707 29.4471 -5.64189 0.206477 -0.978379 -0.00271729
3.34982 29.7154 -5.61402 0.239341 -0.970924 0.00256144
4.52414 30.0341 -5.63768 0.273827 -0.961571 0.0193607
5.80325 30.4478 -5.50184 0.33248 -0.942675 0.0203468
6.00517 30.5276 -4.3159 0.352052 -0.935904 -0.011933
6.03707 30.5276 -3.15074 0.3568 -0.934169 -0.0030802
6.08302 30.5572 -1.86616 0.363379 -0.931316 0.0245503
5.99508 30.5411 -0.675619 0.365406 -0.93017 0.0250445
5.95146 30.5337 0.490253 0.368327 -0.929635 0.00748179
5.96742 30.5549 1.71862 0.360274 -0.932703 0.00823256
6.01473 30.57 3.07881 0.347568 -0.937455 -0.017352
6.00372 30.5385 4.34554 0.325356 -0.945158 -0.028233
5.63766 30.359 5.65922 0.306416 -0.949438 -0.0683678
4.47632 30.0012 5.63999 0.274108 -0.961453 -0.0211511
3.33533 29.6929 5.62897 0.237504 -0.971203 -0.018885
2.06727 29.419 5.65394 0.193033 -0.98119 -2.6801e-05
0.675498 29.155 5.63299 0.175551 -0.984458 0.00465046
-0.616534 28.9362 5.62607 0.157775 -0.987457 0.00513133
-1.90696 28.7346 5.62246 0.155378 -0.987759 0.0136944
-3.31628 28.5025 5.4185 0.168636 -0.985407 0.0231474
-3.43907 28.4576 4.28432 0.175851 -0.984238 0.0186925
-3.44613 28.4387 3.10217 0.173375 -0.984772 0.0126562
-3.48319 28.4219 1.71949 0.173772 -0.984767 0.0059403
-3.49844 28.4138 0.567296 0.172958 -0.98492 0.00428657
-3.48569 28.4129 -0.80752 0.172695 -0.984973 0.00190397
-3.4864 28.4109 -2.003 0.174645 -0.984631 9.89631e-05
-3.49553 28.4124 -3.21906 0.177607 -0.984089 -0.00503207
-3.42698 28.4335 -4.43118 0.169752 -0.985455 -0.00792311
-2.95709 28.5256 -5.63937 0.168129 -0.985727 -0.00824892
-1.71877 28.731 -5.6221 0.164348 -0.986375 -0.00724431
-0.468066 28.9453 -5.62174 0.173647 -0.984804 -0.00238298
0.520257 29.1233 -5.67636 0.183483 -0.983014 0.000735896
0.529043 29.1245 -6.78647 0.166844 -0.985954 -0.00510884
-0.74901 28.8981 -6.748 0.171265 -0.985221 0.00269776
-1.87115 28.7132 -6.73211 0.157918 -0.987451 -0.00103383
-3.08689 28.5256 -6.82407 0.155011 -0.987576 -0.0257699
-4.35311 28.3064 -6.67698 0.175549 -0.983981 -0.0307568
-4.53677 28.2475 -5.48372 0.18428 -0.982837 -0.00500629
-4.56065 28.2304 -4.08936 0.171456 -0.984836 -0.0264819
-4.61161 28.2076 -2.82608 0.182439 -0.983213 -0.00288474
-4.54206 28.2185 -1.612 0.18169 -0.983355 0.000468995
-4.59193 28.2166 -0.0895704 0.180508 -0.983535 0.00869882
-4.59062 28.222 1.09348 0.175612 -0.984453 0.00352363
-4.58489 28.2287 2.42068 0.177705 -0.98407 0.0052203
-4.53122 28.2514 3.90412 0.185695 -0.982532 0.0120708
-4.56808 28.2756 5.14155 0.176767 -0.983971 0.0235149
-4.5669 28.3056 6.28328 0.181917 -0.983002 0.0247423
-3.40743 28.5273 6.73094 0.15703 -0.986426 0.0477253
-2.07675 28.7256 6.75196 0.146567 -0.989142 0.0107896
-0.738833 28.9164 6.74183 0.126415 -0.991899 0.0031432
0.598518 29.1314 6.75618 0.17834 -0.983895 -0.0120585
1.92585 29.3815 6.75464 0.189669 -0.981772 -0.0121371
3.16056 29.6308 6.73349 0.190627 -0.98159 -0.0118491
4.28667 29.8828 6.7714 0.262293 -0.962919 -0.0609496
5.35951 30.197 6.8165 0.294081 -0.954158 -0.0556703
6.45906 30.5902 6.75745 0.38963 -0.918781 -0.0634772
7.04234 30.8894 5.99871 0.413184 -0.90965 -0.0423035
7.06356 30.94 4.7331 0.37228 -0.927626 -0.0302527
7.05675 30.9727 3.57015 0.377892 -0.925554 -0.0233135
7.03589 30.9876 2.17974 0.381689 -0.924284 -0.00194547
7.00558 30.975 1.01798 0.390582 -0.920509 0.00780819
7.01249 30.9609 -0.248277 0.389752 -0.920905 0.00420409
7.1167 30.9924 -1.56331 0.389332 -0.921049 0.00935348
7.07049 30.9575 -2.76887 0.394209 -0.918859 0.0157203
7.06438 30.9521 -4.23038 0.391693 -0.919927 -0.0167936
7.02658 30.9384 -5.40062 0.38678 -0.922164 0.00360607
6.89217 30.8755 -6.58114 0.397842 -0.917397 0.00494255
5.91003 30.4578 -6.80408 0.347217 -0.936814 0.0426473
4.77328 30.0638 -6.75699 0.284532 -0.956442 0.0652599
3.52508 29.7372 -6.73926 0.233425 -0.971657 0.0354083
2.31589 29.4688 -6.75346 0.200332 -0.979702 0.0067582
1.04579 29.2164 -6.76986 0.186962 -0.982324 0.00859034
0.722829 29.1564 -6.78726 0.17185 -0.985058 0.00300186
