3.49593 30.3281 2.90638 0.262639 -0.96481 -0.0034707
3.37602 30.2933 1.81664 0.269115 -0.96309 -0.00446122
3.27316 30.2658 0.928518 0.270222 -0.96278 0.0056642
3.2769 30.2641 0.0474924 0.262618 -0.964896 -0.00188936
3.31095 30.2784 -1.00421 0.258914 -0.965826 -0.0108008
3.31303 30.2826 -2.00049 0.265419 -0.964133 0.000990441
3.44577 30.3168 -3.09897 0.26973 -0.962913 0.00673429
3.47511 30.3242 -3.22024 0.269647 -0.962937 0.00660589
2.74732 30.1273 -3.44553 0.242858 -0.969998 0.00936114
2.56503 30.0858 -2.42482 0.239465 -0.970902 0.000894687
2.58481 30.0947 -1.42913 0.243472 -0.969907 0.000896187
2.56412 30.0773 -0.262964 0.237994 -0.971223 -0.00777282
2.54504 30.0724 0.610798 0.244182 -0.969708 -0.00271989
2.5897 30.0823 1.52844 0.244898 -0.969521 0.00220723
2.73868 30.1251 2.38097 0.247853 -0.968776 0.0064402
2.72067 30.1211 3.2272 0.248923 -0.968523 0.000331307
2.70642 30.1175 3.34002 0.246877 -0.969042 -0.00171772
1.88116 29.9142 3.36418 0.218885 -0.975702 0.00582533
1.95927 29.933 2.25818 0.219447 -0.975601 0.00252237
1.76847 29.885 1.36708 0.217756 -0.975995 0.0006744
1.81837 29.8994 0.303001 0.219404 -0.97561 -0.00208257
1.86417 29.9102 -0.569671 0.233872 -0.972235 -0.00752897
1.87025 29.9165 -1.56129 0.230819 -0.972993 0.00131021
1.82126 29.9064 -2.54138 0.229618 -0.973281 0.000167113
1.92235 29.9327 -3.15196 0.222643 -0.974899 -0.00116963
1.1039 29.752 -3.38824 0.211834 -0.977295 -0.00379363
1.1039 29.7437 -2.21237 0.212146 -0.977225 -0.00456452
1.1039 29.7468 -1.205 0.208644 -0.977988 0.00252962
1.1039 29.7467 -0.119479 0.205096 -0.97874 -0.00182986
1.1039 29.7428 0.87609 0.207141 -0.97831 -0.00168794
1.1039 29.744 1.93772 0.21201 -0.977266 0.00130858
1.1039 29.7459 2.87227 0.204416 -0.978875 0.0041033
1.1039 29.7486 3.35599 0.203533 -0.979048 0.00623196
-0.0782479 29.5165 3.37963 0.178302 -0.983954 0.00623654
0.395542 29.6014 2.70914 0.190484 -0.981665 0.00662176
0.010327 29.5208 1.61566 0.183125 -0.983061 0.00710427
0.0156885 29.5217 0.645907 0.184587 -0.982797 -0.00374508
0.259049 29.5716 -0.240072 0.199406 -0.979915 0.00170826
0.0932992 29.537 -1.12784 0.188725 -0.98203 0.000168714
0.0811926 29.535 -2.02004 0.196845 -0.980426 0.0029061
0.113144 29.5416 -2.92749 0.188427 -0.982039 -0.00929556
0.107337 29.5445 -3.29114 0.19115 -0.981509 -0.0100262
-0.585589 29.4125 -3.24124 0.17968 -0.983703 -0.00608858
-0.663226 29.3961 -2.38038 0.17663 -0.984277 0.000740631
-0.599737 29.4062 -1.22419 0.181416 -0.983401 -0.00315003
-0.736949 29.3826 -0.155422 0.174754 -0.984606 0.00339644
-0.850516 29.3646 0.708667 0.175143 -0.984543 0.00082835
-0.814661 29.3755 1.81636 0.174937 -0.984556 0.00685024
-0.696283 29.4037 2.92299 0.173555 -0.984807 0.005813
-0.830163 29.3821 3.33882 0.171177 -0.985216 0.0063314
-1.46524 29.2712 3.19744 0.170866 -0.985247 0.00966395
-1.44884 29.2659 2.18179 0.171883 -0.98509 0.00733573
-1.59926 29.2348 1.29913 0.170861 -0.985284 0.00463212
-1.62079 29.2277 0.425947 0.171626 -0.985158 0.00298769
-1.48954 29.2478 -0.525894 0.17331 -0.984861 0.00306556
-1.387 29.2652 -1.54103 0.176854 -0.984236 -0.00104629
-1.37626 29.2681 -2.44396 0.175637 -0.984452 -0.00165738
-1.28769 29.2866 -3.28568 0.176396 -0.984312 -0.00376646
-2.7394 29.0282 -0.709297 0.174791 -0.984604 0.00191486
-2.76819 29.021 -1.86684 0.17338 -0.984854 0.00109065
-2.7254 29.0294 -3.03989 0.175238 -0.984524 -0.00203025
-2.65067 29.0461 -4.16448 0.174328 -0.984681 -0.00352606
-1.56665 29.2404 -4.55584 0.177886 -0.984049 -0.00190792
-0.39937 29.4552 -4.57296 0.188712 -0.98203 0.00217367
0.721328 29.6751 -4.54117 0.203483 -0.979061 -0.00421907
2.18635 29.9904 -4.56446 0.219769 -0.975546 0.00344924
3.39102 30.294 -4.60314 0.26508 -0.964186 0.00661443
4.43612 30.5986 -4.41707 0.293589 -0.955898 0.00806509
4.64437 30.6678 -3.331 0.29528 -0.9554 0.00240975
4.65599 30.6707 -2.12858 0.29718 -0.954806 -0.00528472
4.63805 30.6702 -0.875838 0.311011 -0.950289 0.00688339
4.6378 30.667 0.390569 0.294796 -0.955551 0.00083483
4.60267 30.657 1.80739 0.291823 -0.956445 -0.00349347
4.60284 30.657 3.0322 0.293525 -0.955839 -0.00789964
4.30702 30.5417 4.43184 0.285494 -0.958279 -0.0109234
3.15455 30.2204 4.53109 0.25314 -0.96737 -0.0107507
2.00769 29.9463 4.50974 0.215668 -0.976466 -0.00042217
0.83155 29.6973 4.49266 0.191799 -0.981429 0.00238354
-0.482805 29.4519 4.55625 0.172863 -0.984933 0.00442176
-1.79374 29.2284 4.59382 0.168792 -0.985604 0.00963901
-2.66185 29.0705 4.01321 0.174107 -0.984652 0.0121052
-2.74011 29.0442 2.84319 0.174407 -0.984643 0.00779952
-2.73512 29.0374 1.62824 0.176087 -0.984363 0.00447856
-2.73501 29.0326 0.404501 0.173254 -0.984869 0.00404365
-2.72487 29.0312 -0.520943 0.174895 -0.984584 0.00232585
-3.79728 28.8395 -0.415143 0.177595 -0.984101 0.00225144
-3.84001 28.8289 -1.66485 0.1788 -0.983884 0.00159565
-3.83421 28.8302 -2.86764 0.179178 -0.983815 -0.00168556
-3.76954 28.8471 -4.06195 0.175155 -0.984527 -0.0052642
-3.77627 28.8535 -5.32302 0.177087 -0.984176 -0.00609904
-2.75821 29.0347 -5.70124 0.171134 -0.985234 -0.00530519
-1.49117 29.2566 -5.64017 0.173816 -0.984776 -0.00217518
-0.266815 29.4796 -5.6954 0.185201 -0.9827 0.000416842
1.01123 29.7359 -5.64002 0.202663 -0.979244 0.00167112
2.35935 30.032 -5.69567 0.227577 -0.973752 0.0037554
3.52989 30.3265 -5.68752 0.265998 -0.963944 0.000834376
4.6441 30.654 -5.70135 0.300476 -0.953756 0.00492548
5.5957 30.9763 -5.25545 0.347293 -0.937733 -0.00394615
5.67951 31.0078 -3.8703 0.33792 -0.941071 0.00119037
5.69062 31.0136 -2.60127 0.33774 -0.941064 0.018148
5.68512 31.0102 -1.48551 0.326377 -0.945215 0.00353989
5.67685 31.0258 -0.109125 0.357605 -0.933868 0.00239331
5.63612 31.0156 1.08571 0.337714 -0.941229 0.00551343
5.64169 31.0164 2.30339 0.344347 -0.938752 -0.0104606
5.64793 30.9981 3.58262 0.348992 -0.936986 -0.0137917
5.66753 30.9811 4.84953 0.344544 -0.938563 -0.0181213
5.13079 30.7743 5.57851 0.322264 -0.945663 -0.039326
3.93854 30.4087 5.64431 0.267978 -0.963016 -0.0276476
2.84582 30.1306 5.65465 0.225647 -0.974003 -0.0191265
1.38707 29.8133 5.61929 0.198052 -0.980139 -0.0101305
0.152181 29.5709 5.59424 0.183777 -0.982954 0.00518274
-1.01168 29.3694 5.65744 0.164307 -0.986386 0.00669175
-2.11123 29.1875 5.69751 0.163963 -0.986378 0.0131756
-3.27048 28.9894 5.65452 0.177482 -0.98391 0.020089
-3.78179 28.8791 4.83769 0.180436 -0.983433 0.0173694
-3.7913 28.8602 3.6699 0.183083 -0.983013 0.012604
-3.80992 28.8471 2.29786 0.180172 -0.98363 0.00213743
-3.81258 28.8421 0.994448 0.180361 -0.983597 0.00273408
-3.79989 28.8398 -0.181279 0.177496 -0.984114 0.00383785
-3.79468 28.8402 -0.307489 0.176953 -0.984213 0.00315487
-4.89599 28.6356 -0.410512 0.184485 -0.982815 0.00623241
-4.87708 28.6445 0.846825 0.184936 -0.982747 0.00163251
-4.90407 28.6408 1.97434 0.188294 -0.982111 0.001701
-4.9149 28.6402 3.08687 0.190025 -0.981777 0.00223829
-4.84597 28.6662 4.46457 0.195367 -0.980561 0.0177798
-4.96429 28.6679 5.62537 0.192084 -0.981119 0.0225659
-4.63823 28.7601 6.71531 0.201618 -0.979058 0.0277255
-3.19665 29.0336 6.77502 0.169513 -0.985168 0.0252706
-1.98682 29.2197 6.7674 0.160625 -0.986976 0.00520125
-0.742008 29.4098 6.74049 0.144357 -0.989001 -0.016846
0.363385 29.6039 6.73055 0.183248 -0.983016 -0.00946735
1.70981 29.8661 6.74885 0.211815 -0.977065 -0.0191042
2.94143 30.1346 6.76244 0.210892 -0.977401 -0.0119902
4.06299 30.4057 6.74791 0.245342 -0.968399 -0.0414826
5.26121 30.766 6.74079 0.296013 -0.954408 -0.038403
6.50693 31.2418 6.7047 0.39523 -0.917862 -0.0361729
6.73737 31.3764 5.60699 0.377226 -0.925877 -0.0207686
6.67409 31.3913 4.34531 0.385951 -0.922209 -0.0237893
6.66899 31.4159 3.18488 0.391326 -0.920134 -0.0126794
6.68345 31.4241 1.95923 0.374989 -0.927027 -0.00215397
6.6867 31.4245 0.786313 0.37741 -0.926 0.00912865
6.70028 31.415 -0.658403 0.363196 -0.931621 0.0112007
6.69314 31.3928 -1.80363 0.359203 -0.933203 0.0100337
6.71748 31.3976 -3.01773 0.365 -0.931006 -0.00123753
6.69591 31.3919 -4.31565 0.356945 -0.934107 -0.00441089
6.67412 31.415 -5.64403 0.39317 -0.919147 -0.0241942
6.37151 31.2847 -6.7236 0.397991 -0.916724 0.0289243
5.24502 30.8259 -6.8181 0.332594 -0.942334 0.0372163
4.13485 30.4615 -6.79722 0.254684 -0.965788 0.0443734
2.88777 30.1476 -6.80752 0.248433 -0.968399 0.0205192
1.29951 29.7884 -6.77523 0.209695 -0.9777 0.0109213
0.12365 29.5525 -6.79161 0.189676 -0.981846 0.000807954
-1.17668 29.3137 -6.77067 0.172115 -0.98507 0.000302137
-2.30958 29.1175 -6.79215 0.169353 -0.985554 -0.00162042
-3.54829 28.9125 -6.81552 0.16638 -0.98554 -0.0314034
-4.83735 28.6704 -6.53288 0.194198 -0.980878 -0.0128857
-4.90397 28.6472 -5.1108 0.189029 -0.981942 0.00600362
-4.89656 28.6381 -3.87922 0.184792 -0.98276 -0.00583146
-4.9484 28.622 -2.56181 0.187802 -0.982206 -0.00168051
-4.89963 28.6314 -0.942793 0.188488 -0.982058 0.00461655
-4.89672 28.6347 -0.518333 0.185406 -0.982639 0.00666319
