38.3517 28.9044 -2.02909 -0.503327 -0.863942 -0.0141209
38.2504 28.9476 -0.540134 -0.505336 -0.862866 -0.00972984
38.2704 28.9279 0.813041 -0.559719 -0.828478 0.0156521
38.2878 28.9192 0.914446 -0.553339 -0.832695 0.0206172
37.7401 29.2365 3.01906 -0.48782 -0.872478 -0.0284902
37.7371 29.2448 1.85232 -0.488327 -0.872427 -0.0106885
37.5794 29.3472 0.78737 -0.491559 -0.870665 0.0176528
37.5585 29.3518 -0.354521 -0.505327 -0.862898 0.0067495
37.6436 29.2991 -1.54134 -0.484331 -0.874734 -0.0136142
37.6822 29.2949 -2.7338 -0.492746 -0.870146 -0.00267273
37.6746 29.3032 -3.02995 -0.495018 -0.8686 -0.0152462
36.9783 29.6627 -2.86072 -0.448463 -0.893768 -0.00769059
36.9326 29.6807 -1.71848 -0.449659 -0.8932 0.00112737
36.8939 29.7055 -0.513798 -0.461757 -0.886949 0.00878111
36.8582 29.7388 0.662291 -0.465747 -0.884869 0.00892595
37.0231 29.6434 1.77992 -0.471728 -0.881363 -0.0259239
37.0287 29.6224 2.93335 -0.449363 -0.892871 -0.0245142
37.0197 29.6238 3.01645 -0.462221 -0.886418 -0.0190938
36.2052 30.0122 2.84485 -0.422607 -0.90625 -0.0105684
36.249 30.026 1.55186 -0.400577 -0.916157 -0.0137642
36.1789 30.0686 0.407672 -0.403391 -0.91499 -0.00830864
36.2173 30.0513 -0.840625 -0.4417 -0.896985 -0.0121899
36.1714 30.0432 -2.15424 -0.40678 -0.913184 0.0114953
36.1682 30.0499 -2.92999 -0.415548 -0.909563 0.00326275
35.3803 30.3795 -2.86954 -0.382852 -0.923778 0.00109245
35.3803 30.3884 -1.76807 -0.369801 -0.928904 0.0178956
35.3803 30.4066 -0.67587 -0.347656 -0.937604 -0.00437423
35.3803 30.3966 0.43268 -0.348046 -0.937426 -0.00868365
35.3803 30.3811 1.59776 -0.367509 -0.929869 -0.0167628
35.3803 30.3814 2.83084 -0.385067 -0.922885 0.00262538
34.5709 30.6964 2.92353 -0.347618 -0.93762 -0.00541583
34.6126 30.6831 1.76073 -0.35597 -0.934432 0.0044265
34.3175 30.7823 0.590786 -0.332744 -0.942985 -0.00217202
34.4417 30.7471 -0.55088 -0.334857 -0.942256 -0.00447725
34.4588 30.739 -1.67886 -0.335099 -0.942155 0.00719795
34.1627 30.8411 -2.74488 -0.337274 -0.941385 -0.00353363
33.2342 31.1549 -2.96494 -0.302623 -0.953097 0.0041597
33.4137 31.096 -1.75683 -0.306062 -0.952005 -0.00309388
33.4483 31.0841 -0.676102 -0.311512 -0.950228 0.00521379
33.4662 31.0765 0.612593 -0.322859 -0.946443 -0.00262673
33.7809 30.9731 1.92138 -0.313063 -0.949687 -0.000557107
33.8109 30.9659 2.96199 -0.315318 -0.948876 -0.00294261
33.0164 31.2161 2.58068 -0.298686 -0.954338 0.0051019
32.8578 31.2657 1.70029 -0.292855 -0.956148 -0.00304861
31.6136 31.6321 2.64988 -0.266801 -0.963743 0.000828896
31.6567 31.6179 1.21934 -0.271497 -0.962434 -0.00228967
31.6323 31.6276 -0.0879025 -0.268382 -0.963312 -0.000149569
31.5957 31.6413 -1.61577 -0.26828 -0.963328 -0.00492552
31.6435 31.6266 -2.86551 -0.263879 -0.964551 0.00305958
31.7847 31.5841 -4.0845 -0.267439 -0.963574 0.000111763
33.0024 31.2273 -4.24371 -0.293202 -0.95601 -0.00243651
34.4005 30.7654 -4.31255 -0.337497 -0.941276 -0.00833968
35.7225 30.244 -4.34134 -0.407127 -0.913313 0.000435579
36.9671 29.6564 -4.29678 -0.452715 -0.891614 0.00175332
38.2694 28.9134 -4.28503 -0.545086 -0.838357 -0.00587585
39.2993 28.2031 -4.06295 -0.594033 -0.804108 -0.0212189
39.3689 28.1919 -2.82365 -0.628559 -0.776136 0.0496563
39.3772 28.1957 -1.4616 -0.60466 -0.79626 -0.0184407
39.3837 28.1536 -0.154444 -0.584705 -0.811197 -0.00192156
39.3596 28.1973 1.09222 -0.572195 -0.819732 0.023222
39.3496 28.1893 2.42068 -0.596357 -0.802453 -0.00444048
39.32 28.2271 3.69826 -0.579443 -0.814816 -0.0159139
38.5479 28.737 4.25059 -0.53737 -0.843323 -0.00405859
37.3358 29.4499 4.24497 -0.486349 -0.873713 -0.00274552
36.218 30.0067 4.24883 -0.412719 -0.910815 -0.00275786
35.0293 30.5101 4.244 -0.373317 -0.927673 -0.00532923
33.6598 31.0088 4.26031 -0.323136 -0.946345 -0.00365462
32.2916 31.4405 4.22249 -0.27862 -0.960356 0.00844562
31.6462 31.6231 3.38328 -0.267357 -0.96359 -0.000851497
31.6329 31.6265 3.09765 -0.270436 -0.962738 0.000399167
30.4567 31.9408 3.14252 -0.250153 -0.968205 0.00145353
30.4497 31.9416 1.80562 -0.249185 -0.968455 -0.000658586
30.4762 31.9352 0.494569 -0.253015 -0.967462 0.000814651
30.4506 31.945 -0.86803 -0.253485 -0.967336 -0.00254382
30.4369 31.9513 -2.20774 -0.254226 -0.967142 -0.00243703
30.4594 31.9464 -3.56303 -0.257935 -0.966162 -0.000147178
30.5114 31.9344 -4.80326 -0.258735 -0.965936 -0.00466717
31.3273 31.7176 -5.46632 -0.267676 -0.963479 -0.00270281
32.609 31.3474 -5.50194 -0.284384 -0.958693 -0.00487991
33.8642 30.9537 -5.50975 -0.31935 -0.94762 -0.00543156
35.0325 30.5366 -5.55444 -0.35938 -0.933096 -0.00193485
36.3816 29.9602 -5.51637 -0.430047 -0.902337 -0.0266983
37.5548 29.3577 -5.50355 -0.513951 -0.857539 -0.0203541
38.6552 28.6686 -5.51346 -0.550899 -0.834565 -0.00203785
39.7979 27.8451 -5.4792 -0.62815 -0.777721 -0.0047101
40.3235 27.3775 -4.63695 -0.662744 -0.748797 -0.00574831
40.3144 27.3888 -3.189 -0.649155 -0.760527 0.0138846
40.3256 27.3976 -1.90928 -0.660606 -0.750708 -0.00159047
40.31 27.4124 -0.554169 -0.652184 -0.75803 -0.0068056
40.3224 27.4037 0.685324 -0.663684 -0.74801 0.00206181
40.3156 27.4321 1.93568 -0.652401 -0.757852 0.00311398
40.3147 27.4215 3.20274 -0.64724 -0.76219 -0.00259109
40.3365 27.4133 4.49195 -0.650076 -0.759639 0.0176917
39.8663 27.8279 5.39757 -0.630491 -0.775258 0.0348837
38.8498 28.5684 5.48207 -0.55127 -0.83375 0.0282559
37.7202 29.2464 5.46421 -0.486759 -0.873149 0.00939562
36.6163 29.8063 5.45634 -0.431449 -0.902136 -0.000762129
35.3798 30.3674 5.49594 -0.376091 -0.926572 -0.00420025
34.1842 30.8269 5.46707 -0.340762 -0.94007 0.0118239
32.9099 31.2546 5.47543 -0.300953 -0.953564 0.00901057
31.6343 31.6293 5.46615 -0.264344 -0.964423 0.000463863
30.5381 31.9221 5.09987 -0.25169 -0.967808 -0.000177926
30.49 31.9332 3.7145 -0.252216 -0.967667 0.00249845
30.4734 31.937 3.42551 -0.251097 -0.96796 0.00170569
29.2863 32.2443 3.50244 -0.25022 -0.968185 0.00298473
29.2735 32.2494 4.73679 -0.24945 -0.968387 0.00091019
29.2979 32.244 6.15792 -0.249685 -0.968327 -0.000392749
30.2104 32.0084 6.67224 -0.249338 -0.968415 0.00092948
31.5631 31.6584 6.70732 -0.259643 -0.965638 0.00772696
32.756 31.3278 6.69662 -0.275542 -0.960882 0.0256552
34.0294 30.908 6.6933 -0.341932 -0.939117 0.0337097
35.2059 30.4792 6.7147 -0.358303 -0.930627 0.0726728
36.3682 29.9775 6.67892 -0.407935 -0.909623 0.0774985
37.5991 29.3689 6.67125 -0.468581 -0.8814 0.0589234
38.6653 28.7611 6.7275 -0.530065 -0.843919 0.0826454
39.9194 27.8782 6.63834 -0.606526 -0.791008 0.0801686
40.8827 26.993 6.68827 -0.705592 -0.705495 0.0625082
41.2696 26.5707 5.70212 -0.710792 -0.703396 -0.000624042
41.2553 26.574 4.41003 -0.703375 -0.710814 -0.00279192
41.2302 26.5806 2.93059 -0.69164 -0.722169 0.00987565
41.2111 26.6074 1.68148 -0.678879 -0.734219 -0.00272817
41.2499 26.5676 0.164933 -0.685146 -0.728242 -0.00598199
41.2267 26.5771 -1.36912 -0.694357 -0.7191 -0.0181867
41.223 26.5821 -2.60056 -0.670617 -0.741735 0.00867659
41.2403 26.5417 -4.01186 -0.698335 -0.715494 0.0198072
41.2634 26.5347 -5.57841 -0.704661 -0.709215 0.00386051
40.9862 26.8511 -6.67554 -0.692192 -0.715238 -0.0788701
40.0357 27.7203 -6.71894 -0.656986 -0.747303 -0.0993989
39.0573 28.4655 -6.73201 -0.563094 -0.822263 -0.0823051
37.9484 29.1774 -6.749 -0.501585 -0.863535 -0.045516
36.6772 29.8504 -6.72804 -0.427789 -0.902148 -0.0557762
35.3516 30.4386 -6.78238 -0.360099 -0.932189 -0.0366131
34.2002 30.8682 -6.74731 -0.326494 -0.94429 -0.0331801
32.7602 31.3185 -6.74882 -0.284975 -0.958366 -0.0160456
31.5416 31.6662 -6.73975 -0.267314 -0.963537 -0.0117165
30.1809 32.0323 -6.73863 -0.256649 -0.966487 -0.00588591
29.2756 32.2663 -5.84904 -0.253753 -0.967259 -0.00445487
29.2814 32.2581 -4.42779 -0.251063 -0.967964 -0.00339716
29.287 32.2539 -3.0294 -0.250827 -0.968024 -0.0035862
29.2704 32.2521 -1.59207 -0.248195 -0.968702 -0.0038813
29.247 32.2513 -0.218847 -0.246357 -0.969168 -0.00468926
29.2717 32.2416 1.07191 -0.245004 -0.969521 0.000301043
29.2129 32.2608 2.65408 -0.245759 -0.969317 0.00513733
29.2584 32.2503 3.13145 -0.250201 -0.96819 0.00271554
