2.74079 30.6809 3.26602 0.260705 -0.965406 -0.00458504
2.85919 30.699 2.20381 0.26926 -0.962838 0.0210193
2.95982 30.7192 1.11309 0.26949 -0.962855 -0.00732634
2.97498 30.7409 0.119911 0.255772 -0.966549 -0.0189226
2.9114 30.7338 -0.732204 0.269095 -0.963113 0.000573883
2.83964 30.719 -1.56348 0.25049 -0.968107 -0.00477311
2.8575 30.73 -2.42173 0.268293 -0.963204 -0.00635931
2.89892 30.7449 -3.17944 0.263009 -0.96478 -0.0050266
2.20663 30.5576 -3.38751 0.259939 -0.965622 -0.00261771
2.13023 30.5373 -2.56011 0.256394 -0.966568 0.00264305
2.08285 30.5251 -1.69814 0.249482 -0.968371 -0.00349929
2.16327 30.5361 -0.735438 0.257971 -0.966096 -0.0103974
2.24376 30.5469 0.244541 0.253897 -0.967081 -0.0168813
2.19443 30.5183 1.15985 0.227025 -0.973876 -0.00113499
2.08496 30.5 2.33928 0.231997 -0.972687 0.0072146
2.00188 30.4854 3.20382 0.22209 -0.975009 0.00523583
1.9994 30.4851 3.31117 0.227691 -0.973692 0.00597945
1.30425 30.3269 3.27463 0.2219 -0.975048 0.00556309
1.34546 30.3293 2.42687 0.221498 -0.975135 0.00695918
1.4486 30.347 1.43697 0.2204 -0.975395 0.00503417
1.42253 30.3441 0.508364 0.22414 -0.974532 -0.00699703
1.46041 30.3567 -0.344726 0.241929 -0.970252 -0.00491677
1.43094 30.3535 -1.14644 0.243239 -0.969835 -0.0152032
1.36109 30.3412 -2.10734 0.245232 -0.969464 0.000905212
1.47747 30.3695 -3.07347 0.230834 -0.972981 0.00101531
1.5368 30.3841 -3.31694 0.235068 -0.971978 -0.00123282
0.611283 30.1762 -3.38686 0.207113 -0.978306 0.0046271
0.611283 30.1718 -2.43433 0.207172 -0.978294 -0.00427256
0.611283 30.1664 -1.59493 0.213254 -0.976951 -0.00837793
0.610266 30.1625 -0.744221 0.219167 -0.975672 -0.00538199
0.611283 30.1604 0.147952 0.209388 -0.977794 -0.000214538
0.611283 30.1622 1.02387 0.204555 -0.978848 0.00339883
0.611283 30.1677 1.90512 0.203716 -0.979 0.00762281
0.611283 30.1734 2.8691 0.209144 -0.97788 0.00325367
0.611283 30.1747 3.21966 0.209391 -0.977823 0.00406755
-0.23423 30.0024 3.37687 0.191486 -0.98148 0.00548612
-0.177777 30.0097 2.55202 0.193811 -0.98103 0.00212721
-0.211225 29.9982 1.70382 0.189787 -0.981804 0.00605299
-0.217607 29.9941 0.657342 0.191922 -0.98141 -0.000111014
-0.220675 29.9915 -0.264838 0.197075 -0.980383 0.00310793
-0.167491 30.0014 -1.21191 0.191489 -0.981487 -0.000606511
-0.123125 30.0171 -2.28007 0.20024 -0.97971 -0.00725121
-0.165219 30.0141 -3.33157 0.20434 -0.978895 -0.000837686
-0.162478 30.0146 -3.37056 0.201766 -0.979423 -0.00209096
-0.982644 29.8522 -3.40924 0.193181 -0.981161 -0.00195105
-0.925218 29.8589 -2.20441 0.190657 -0.981648 -0.00391549
-1.04374 29.8329 -1.25864 0.186314 -0.982484 -0.00237703
-1.03635 29.8349 -0.23416 0.18271 -0.983159 0.00376933
-0.899275 29.8631 0.605717 0.182927 -0.983123 0.0026265
-0.88765 29.8683 1.45267 0.183536 -0.983004 0.0041666
-0.970453 29.8587 2.61081 0.187145 -0.982322 0.00429544
-0.989456 29.8591 3.44381 0.18264 -0.983157 0.00675133
-1.74356 29.7187 3.15251 0.17943 -0.983751 0.00623583
-1.69946 29.7214 2.23441 0.179692 -0.983708 0.00543931
-1.63553 29.7286 1.2113 0.18148 -0.983387 0.0037353
-1.68387 29.7174 0.381008 0.17931 -0.98379 0.0023186
-1.83162 29.6879 -0.532385 0.179306 -0.983788 0.00314104
-1.80887 29.6907 -1.45637 0.179188 -0.983815 0.000150915
-1.73585 29.7046 -2.39001 0.183751 -0.982965 -0.00243688
-1.77297 29.7008 -3.25663 0.185122 -0.982712 -0.00280435
4.25774 31.1547 -3.17151 0.297407 -0.95475 -0.00155922
4.04615 31.0885 -4.33595 0.296011 -0.955019 0.0140393
2.91591 30.7544 -4.48219 0.268421 -0.963249 0.00469657
1.71534 30.431 -4.55022 0.246927 -0.969005 0.00745386
0.315816 30.118 -4.56876 0.20424 -0.978919 0.00175794
-0.77408 29.8948 -4.5595 0.193282 -0.981134 0.00123306
-1.89148 29.6814 -4.56589 0.184908 -0.982753 -0.000655354
-2.93971 29.4862 -4.20348 0.18167 -0.983355 -0.00311015
-3.01838 29.4682 -2.99994 0.182338 -0.983233 -0.00230176
-3.04809 29.4638 -1.54826 0.181958 -0.983305 0.00160254
-3.04323 29.4663 -0.313639 0.181529 -0.983382 0.0023523
-3.08199 29.4631 0.866009 0.182377 -0.983223 0.00334028
-3.07656 29.4686 2.17542 0.182717 -0.983156 0.00393966
-3.06706 29.4768 3.45899 0.185313 -0.982651 0.0075013
-2.52311 29.587 4.51597 0.180664 -0.983509 0.00836947
-1.42745 29.7872 4.56477 0.179409 -0.983749 0.00705512
-0.234581 30.0094 4.5701 0.190663 -0.981627 0.00664188
0.939551 30.2465 4.54587 0.209011 -0.977898 0.00195349
2.19886 30.5432 4.54071 0.237369 -0.971377 0.00905064
3.43404 30.8747 4.496 0.290427 -0.956823 0.00793654
4.20359 31.1194 3.85309 0.308954 -0.951067 -0.000767365
4.24248 31.1308 2.43839 0.325248 -0.945624 0.00301565
4.27799 31.1382 1.25107 0.325624 -0.945498 0.00107843
4.26818 31.1498 -0.0763287 0.310738 -0.950412 -0.0119672
4.24 31.1425 -1.37327 0.305446 -0.952192 -0.00442827
4.26731 31.1577 -2.73598 0.29891 -0.95428 0.00132596
4.26485 31.1568 -2.85205 0.298828 -0.954307 0.00049926
5.31229 31.4984 -2.84831 0.317964 -0.9481 -0.00183722
5.29245 31.4907 -1.70572 0.322114 -0.946696 -0.00208852
5.32442 31.506 -0.558849 0.343383 -0.93919 0.00068509
5.30255 31.4942 0.693192 0.339116 -0.940741 -0.00155874
5.2654 31.4844 1.85359 0.341034 -0.94004 0.00463597
5.2955 31.4987 3.10339 0.344373 -0.938833 -0.000566143
5.26276 31.4747 4.41109 0.33449 -0.94234 -0.0105276
5.13042 31.409 5.52615 0.321644 -0.946465 -0.026268
4.01968 31.045 5.64392 0.299153 -0.953852 -0.0242482
2.75643 30.685 5.61164 0.243967 -0.969548 -0.0213592
1.67519 30.4166 5.65073 0.236333 -0.971617 -0.00960135
0.466086 30.151 5.6516 0.199127 -0.979894 -0.00913651
-0.715166 29.9246 5.66864 0.181227 -0.983429 0.00489012
-1.81405 29.7245 5.65552 0.177404 -0.984121 0.00560026
-3.19698 29.4751 5.6291 0.178835 -0.983801 0.0123683
-4.11847 29.2938 5.1147 0.190093 -0.981692 0.0114024
-4.14371 29.276 3.92379 0.193534 -0.981067 0.00712084
-4.14405 29.2688 2.79168 0.18917 -0.981939 0.00280369
-4.1915 29.2575 1.65032 0.187373 -0.982288 0.00121948
-4.13177 29.2647 0.179063 0.185015 -0.982732 0.00280697
-4.13656 29.2604 -1.26278 0.184892 -0.982757 0.00173264
-4.12613 29.2616 -2.57031 0.1843 -0.982869 -0.00157337
-4.0986 29.2697 -3.70034 0.186424 -0.982457 -0.00490599
-4.15012 29.2662 -4.96198 0.184305 -0.982847 -0.00636245
-3.34421 29.4195 -5.65384 0.179023 -0.983829 -0.00561688
-2.23164 29.6206 -5.67916 0.179799 -0.983701 -0.00120847
-1.00844 29.8475 -5.66178 0.187705 -0.98221 0.00446092
0.464554 30.1472 -5.67391 0.210559 -0.977569 0.00453865
1.58609 30.3951 -5.65121 0.225721 -0.974186 0.00334961
2.68412 30.671 -5.62678 0.266726 -0.963684 0.0129223
3.92509 31.0331 -5.6372 0.296672 -0.954798 0.0182337
5.16056 31.4474 -5.39307 0.341971 -0.939448 0.00325504
5.27158 31.4858 -4.21614 0.329275 -0.94418 -0.00621794
5.31829 31.5004 -2.968 0.317482 -0.948264 -0.000757739
6.3615 31.8671 -2.80189 0.336646 -0.941629 0.000539095
6.34669 31.8696 -3.96109 0.339097 -0.940716 -0.00809537
6.30678 31.8787 -5.18478 0.357692 -0.932798 -0.0440704
6.18899 31.8367 -6.6734 0.374977 -0.926916 0.0144881
4.99803 31.36 -6.79355 0.335083 -0.941435 0.036527
3.89795 30.9828 -6.79757 0.275487 -0.958491 0.0645963
2.7995 30.6825 -6.78282 0.256953 -0.966229 0.0187837
1.54509 30.3784 -6.76145 0.21795 -0.975912 0.00958095
0.164614 30.0748 -6.81295 0.203922 -0.978902 0.0128724
-1.00171 29.8427 -6.77605 0.176323 -0.984274 0.00490823
-2.28591 29.6135 -6.7896 0.177207 -0.98417 -0.000958199
-3.59566 29.3886 -6.78377 0.169241 -0.985086 -0.0310087
-4.7746 29.1689 -6.78819 0.194068 -0.980733 -0.0223282
-5.2762 29.0547 -5.7545 0.194032 -0.980971 -0.00669989
-5.24922 29.0546 -4.58659 0.187792 -0.982198 -0.00467996
-5.20678 29.0569 -3.47607 0.190168 -0.981734 -0.00573678
-5.21143 29.0516 -2.28519 0.19185 -0.981424 -0.000535845
-5.21393 29.0517 -0.967822 0.192296 -0.981329 0.00335069
-5.21033 29.0585 0.46205 0.18994 -0.98179 0.00327274
-5.25384 29.0522 1.81683 0.19287 -0.981224 0.000676644
-5.19855 29.0644 3.16214 0.196767 -0.980446 0.0027261
-5.23108 29.0654 4.4324 0.199374 -0.979885 0.00861528
-5.23385 29.0807 5.78942 0.200278 -0.979657 0.0126623
-4.53756 29.2413 6.73246 0.2021 -0.978951 0.0276215
-3.26138 29.4822 6.76468 0.178082 -0.983786 0.0211306
-1.88957 29.7184 6.76797 0.169712 -0.985477 0.00554598
-0.561609 29.9477 6.76293 0.180944 -0.983367 -0.0152091
0.812441 30.213 6.73501 0.198384 -0.98002 -0.0143056
1.93309 30.4634 6.75074 0.227337 -0.973679 -0.0150761
3.18111 30.7596 6.71453 0.242954 -0.967882 -0.0509259
4.48562 31.1467 6.7539 0.295568 -0.954028 -0.049659
5.62242 31.5255 6.72813 0.342388 -0.937927 -0.0548152
6.33031 31.8261 5.96418 0.345751 -0.937694 -0.0342933
6.31741 31.8502 4.85438 0.346845 -0.937629 -0.0234464
6.32827 31.8807 3.6756 0.372825 -0.927638 -0.022086
6.31395 31.8757 2.54042 0.366146 -0.930457 0.0134595
6.34212 31.8753 1.23529 0.34961 -0.936887 0.00393676
6.34619 31.8788 -0.132648 0.345892 -0.938051 -0.0186732
6.33174 31.8644 -1.46329 0.335786 -0.941854 0.0123837
6.34891 31.8625 -2.64252 0.334956 -0.942233 0.000204997
