-30.4735 25.99 4.41862 0.138345 -0.99033 0.0103286
-30.6506 25.9584 3.6295 0.135784 -0.990696 0.00915631
-30.7093 25.941 2.53695 0.127925 -0.991765 0.0054447
-30.6533 25.942 1.57137 0.121829 -0.992534 0.00573509
-30.6347 25.9413 0.804564 0.12012 -0.992755 0.00236652
-30.674 25.9354 -0.0639103 0.114154 -0.993459 0.00216266
-30.5948 25.9418 -0.939174 0.110912 -0.993824 0.00349275
-30.524 25.9452 -1.85081 0.108662 -0.994065 0.00523821
-30.5149 25.943 -2.75172 0.106356 -0.994328 0.000728803
-30.6171 25.9322 -3.82956 0.104905 -0.994481 -0.00130144
-30.591 25.9357 -4.35297 0.105873 -0.994374 -0.00273574
-31.3063 25.8577 -4.553 0.111915 -0.993716 -0.00154509
-31.3646 25.8496 -3.68745 0.110644 -0.993858 -0.0019785
-31.2402 25.8627 -2.59136 0.111637 -0.993749 0.000346937
-31.2525 25.8631 -1.67963 0.116252 -0.993201 0.00603545
-31.345 25.8555 -0.835344 0.120132 -0.992755 0.00211147
-31.4161 25.8466 0.110847 0.120092 -0.992761 -0.00193365
-31.3162 25.8592 1.16637 0.121275 -0.992618 0.00140109
-31.3836 25.8517 1.95886 0.127832 -0.991788 0.0034937
-31.4385 25.847 2.92565 0.130303 -0.991472 0.00185447
-31.4094 25.8554 3.75946 0.135066 -0.990816 0.00620455
-31.1765 25.8944 4.6549 0.138835 -0.990285 0.00743164
-31.8983 25.7918 4.64422 0.140328 -0.990091 0.00515271
-32.178 25.7499 3.90055 0.137128 -0.990551 0.00227429
-32.1072 25.7587 2.74691 0.132512 -0.991179 0.000354011
-32.1215 25.7559 1.93556 0.128431 -0.991718 0.000631828
-32.0285 25.7687 1.07365 0.128184 -0.991749 -0.00180842
-32.1485 25.7554 0.284326 0.126653 -0.991943 -0.00269253
-32.0685 25.7676 -0.778653 0.124183 -0.992257 -0.00233381
-31.9951 25.7749 -1.70498 0.120778 -0.992679 9.97934e-05
-31.98 25.7775 -2.68232 0.118523 -0.99295 0.000644453
-32.1036 25.7642 -3.53515 0.118037 -0.993005 -0.0025475
-32.039 25.7742 -4.54378 0.114817 -0.993385 -0.0017161
-32.041 25.7742 -4.63286 0.114191 -0.993456 -0.00245781
-32.8563 25.6787 -4.43155 0.117449 -0.993077 -0.00164174
-32.8619 25.6746 -3.60569 0.11763 -0.993047 -0.00460825
-32.8579 25.6721 -2.7151 0.120722 -0.992679 -0.00369829
-32.8579 25.67 -1.64792 0.123187 -0.992375 -0.00317429
-32.8517 25.6684 -0.861419 0.128196 -0.991745 -0.00255459
-32.8844 25.662 -0.0745021 0.128896 -0.99165 -0.00389849
-32.8579 25.6617 0.795301 0.129874 -0.991524 -0.00365947
-32.8432 25.6612 1.66386 0.130051 -0.991507 -0.000817139
-32.8524 25.6588 2.43371 0.132354 -0.991201 -0.00138362
-32.8591 25.656 3.20237 0.136783 -0.990598 -0.00210694
-32.9013 25.6493 3.98088 0.139555 -0.990213 -0.00137832
-32.8579 25.6554 4.51565 0.140938 -0.990018 0.000402563
-33.5698 25.5541 4.66848 0.141286 -0.989968 -0.00146372
-33.5618 25.5565 3.85027 0.139249 -0.990255 -0.00229458
-33.5987 25.5551 2.82546 0.136667 -0.990608 -0.0041009
-33.567 25.5633 2.05061 0.13417 -0.990952 -0.00344919
-33.5389 25.5699 1.27278 0.132283 -0.991203 -0.00419033
-33.5633 25.5715 0.300387 0.13121 -0.991341 -0.00525261
-33.567 25.5763 -0.739876 0.126654 -0.991937 -0.00436148
-33.567 25.5805 -1.68611 0.125786 -0.992047 -0.00464217
-33.5568 25.5861 -2.73611 0.123932 -0.992285 -0.00306689
-33.567 25.587 -3.58084 0.126177 -0.992 -0.0035288
-33.5989 25.5862 -4.3639 0.126625 -0.991947 -0.00282182
-33.5827 25.589 -4.66499 0.126815 -0.991924 -0.00233501
-34.42 25.4809 -4.65744 0.130787 -0.99141 -0.00106924
-34.5013 25.4678 -3.88453 0.129395 -0.991589 -0.0030245
-34.386 25.4814 -3.08673 0.12905 -0.991637 -0.00170946
-34.419 25.4733 -2.23996 0.128814 -0.991654 -0.00546004
-34.4388 25.4658 -1.38414 0.129801 -0.991521 -0.00611224
-34.4713 25.4564 -0.520414 0.130748 -0.991394 -0.00653897
-34.3123 25.472 0.354201 0.131365 -0.991316 -0.00591985
-34.2564 25.4735 1.31715 0.134589 -0.990879 -0.00673345
-34.4602 25.4403 2.12689 0.136262 -0.990656 -0.00585884
-34.3405 25.4522 2.92708 0.137893 -0.990428 -0.0062376
-34.2848 25.4552 3.76017 0.139375 -0.990224 -0.00530357
-34.2949 25.4506 4.59339 0.141503 -0.989931 -0.00358173
-35.048 25.3435 4.48425 0.14166 -0.989906 -0.00440422
-35.0568 25.3476 3.56319 0.139372 -0.990216 -0.00696344
-35.0949 25.349 2.69262 0.137306 -0.990499 -0.00752204
-35.1112 25.3533 1.80057 0.13638 -0.990624 -0.00800481
-34.9557 25.382 0.910227 0.133999 -0.990944 -0.0086037
-35.0926 25.3699 0.084847 0.131359 -0.991309 -0.00714286
-35.2002 25.3612 -0.680382 0.131259 -0.991323 -0.00704729
-35.2156 25.3646 -1.48281 0.130022 -0.991491 -0.0063625
-35.182 25.3734 -2.25004 0.130255 -0.991467 -0.00522474
-35.1702 25.3788 -3.19034 0.12969 -0.991547 -0.00372727
-35.2299 25.3729 -3.9893 0.129402 -0.99159 -0.00194154
-35.191 25.3788 -4.5177 0.130196 -0.991487 -0.00149815
-35.8809 25.2886 -4.59351 0.129242 -0.991613 -0.000842224
-35.9341 25.2808 -3.75613 0.128461 -0.991713 -0.00145058
-35.8908 25.2836 -2.79882 0.128684 -0.991679 -0.00367839
-35.9755 25.2682 -1.88254 0.128076 -0.991743 -0.00637138
-35.9352 25.2677 -1.05838 0.12851 -0.991681 -0.007327
-35.8672 25.2693 -0.216824 0.130827 -0.991371 -0.00814925
-35.7353 25.2789 0.70327 0.132607 -0.991122 -0.00962956
-35.7725 25.2661 1.50424 0.134121 -0.990922 -0.00921828
-35.8396 25.2472 2.4676 0.136584 -0.990574 -0.0103025
-35.7933 25.2468 3.25655 0.13821 -0.990366 -0.00859095
-35.803 25.2373 4.26798 0.14028 -0.990086 -0.00718704
-35.811 25.2356 4.3555 0.140892 -0.990003 -0.00651013
-29.3417 26.1497 4.75765 0.13704 -0.990392 0.018516
-29.331 26.1364 3.92775 0.12622 -0.991835 0.017805
-29.315 26.1218 3.04673 0.122358 -0.992363 0.0153772
-29.307 26.1096 2.15384 0.116834 -0.993052 0.0139021
-29.3076 26.0973 1.31042 0.108601 -0.994017 0.0112388
-29.3044 26.0913 0.439028 0.106316 -0.994312 0.00629501
-29.2878 26.0874 -0.407047 0.105945 -0.994352 0.00635475
-29.2878 26.0819 -1.30333 0.105631 -0.994388 0.00589335
-29.3324 26.0719 -2.15768 0.104454 -0.994507 0.00671731
-29.3033 26.0676 -3.12428 0.0982672 -0.995139 0.00569235
-29.3354 26.061 -4.0937 0.0953299 -0.995441 0.00164388
-29.3937 26.0562 -4.92472 0.0927085 -0.995686 -0.000347976
-30.0265 25.9959 -5.41171 0.0989975 -0.99508 -0.00265886
-30.8713 25.909 -5.41489 0.111427 -0.993764 -0.00415654
-31.9699 25.7845 -5.44068 0.115886 -0.993258 -0.00275517
-32.8877 25.6757 -5.4669 0.12032 -0.992734 0.000154007
-33.8591 25.5541 -5.5048 0.126858 -0.99192 0.000925115
-34.8541 25.4242 -5.47537 0.131009 -0.991381 -0.000148214
-35.7433 25.3071 -5.44808 0.129882 -0.991529 -0.000178893
-36.6444 25.1893 -5.36558 0.128259 -0.99174 0.000270606
-37.1315 25.1274 -4.64883 0.126906 -0.991915 1.18224e-05
-37.1699 25.122 -3.78643 0.123821 -0.992304 -0.000886122
-37.1604 25.1215 -2.93465 0.123071 -0.992394 -0.00264859
-37.2011 25.1114 -1.86381 0.124502 -0.992204 -0.00547887
-37.2305 25.0993 -0.84377 0.125751 -0.992015 -0.00958458
-37.232 25.0903 -0.0106659 0.12818 -0.991678 -0.0118748
-37.182 25.0854 0.877476 0.130358 -0.991382 -0.0129128
-37.1823 25.0734 1.73961 0.134292 -0.990859 -0.0126529
-37.1751 25.0621 2.58973 0.135404 -0.990702 -0.0132433
-37.1507 25.0508 3.7292 0.139163 -0.990205 -0.0110671
-37.1812 25.0365 4.69821 0.14242 -0.989758 -0.00969876
-36.5558 25.1227 5.40388 0.142385 -0.9898 -0.00479678
-35.4992 25.274 5.48348 0.14222 -0.989827 -0.00388266
-34.5783 25.4072 5.43321 0.142071 -0.98985 -0.00361159
-33.4829 25.5656 5.44767 0.143375 -0.989668 -0.00107148
-32.5421 25.702 5.45564 0.144812 -0.989451 0.00408842
-31.5521 25.8455 5.45013 0.143794 -0.98958 0.00732788
-30.6297 25.9779 5.41107 0.140342 -0.990059 0.00935008
-29.4591 26.1425 5.24132 0.137927 -0.990279 0.0179815
-29.4518 26.1433 5.23069 0.137446 -0.990339 0.0183389
-28.6069 26.262 5.31419 0.141203 -0.989719 0.022231
-28.5703 26.2464 4.28267 0.133213 -0.99083 0.0224141
-28.5746 26.2225 3.35318 0.133524 -0.990737 0.0247303
-28.5622 26.1998 2.49725 0.109937 -0.993688 0.0222652
-28.5586 26.1779 1.31434 0.103523 -0.994518 0.0147105
-28.5651 26.1683 0.228211 0.10466 -0.994486 0.00666239
-28.5537 26.1636 -0.730015 0.10369 -0.994589 0.00597942
-28.5921 26.1526 -1.71636 0.104312 -0.994504 0.00900801
-28.5539 26.1433 -2.77272 0.0991305 -0.994932 0.0167074
-28.567 26.1342 -3.6796 0.0925891 -0.995684 0.00636645
-28.5872 26.1287 -4.51944 0.0862916 -0.996263 0.00356942
-28.6051 26.1255 -5.36927 0.0838566 -0.996478 0.000296953
-28.957 26.0965 -6.16981 0.0841187 -0.996455 -0.00125104
-29.8434 26.017 -6.21068 0.101501 -0.994809 -0.00646604
-30.836 25.9172 -6.19741 0.106677 -0.994255 -0.00641567
-31.9623 25.7877 -6.18583 0.120369 -0.992697 -0.00803496
-33.0194 25.6602 -6.20619 0.124117 -0.992265 -0.00199588
-33.9637 25.5409 -6.22931 0.126317 -0.991989 -0.00128275
-34.8372 25.4261 -6.22775 0.130619 -0.991432 0.000651199
-35.7609 25.3041 -6.19136 0.130876 -0.991398 0.00123579
-36.8057 25.1673 -6.16197 0.129252 -0.99161 0.00181378
-37.6524 25.058 -6.06149 0.12807 -0.991761 0.0028953
-37.9039 25.0291 -5.15693 0.125852 -0.992041 0.00338332
-37.9065 25.0306 -4.22965 0.12212 -0.992515 0.000374603
-37.8843 25.0324 -3.13606 0.122639 -0.992446 -0.00274553
-37.9241 25.0228 -2.0921 0.122335 -0.992468 -0.00639524
-37.9459 25.0133 -1.25141 0.124148 -0.992212 -0.0101464
-37.9606 24.9997 -0.194222 0.125491 -0.992016 -0.0124406
-37.9115 24.9939 0.673215 0.126379 -0.991891 -0.0133977
-37.9179 24.9743 1.71603 0.1332 -0.990937 -0.0173502
-37.914 24.9597 2.65676 0.135839 -0.990628 -0.0142763
-37.868 24.9522 3.52282 0.140089 -0.989971 -0.0181898
-37.9453 24.9291 4.39119 0.144025 -0.989524 -0.00996352
-37.8937 24.9281 5.21801 0.145334 -0.989325 -0.0106345
-37.5344 24.9773 6.03634 0.146601 -0.989196 0.000646767
-36.4984 25.1283 6.18066 0.141685 -0.98991 -0.00195134
-35.4289 25.2819 6.19838 0.141798 -0.989892 -0.00249661
-34.3184 25.4428 6.18683 0.144681 -0.989475 -0.00263304
-33.2781 25.5949 6.18119 0.145844 -0.989304 0.00101615
-32.3606 25.7316 6.20202 0.146419 -0.989215 0.00382941
-31.3556 25.8786 6.20364 0.14502 -0.989417 0.00481125
-30.2627 26.0427 6.15819 0.146866 -0.989065 0.0134395
-29.408 26.1659 6.17465 0.13655 -0.990445 0.0191679
-28.6342 26.2655 5.6146 0.14532 -0.989202 0.0175828
-27.852 26.3829 5.71522 0.156432 -0.987552 0.0154931
-27.853 26.387 6.55019 0.139509 -0.990177 0.00231883
-28.6518 26.2796 6.86237 0.132386 -0.99109 0.0144717
-29.7463 26.1355 6.9456 0.138124 -0.990113 0.0239603
-30.5922 26.0014 6.9114 0.162404 -0.986629 0.00793612
-31.4205 25.8734 6.96264 0.148108 -0.988958 0.00177695
-32.4604 25.7198 6.93899 0.147339 -0.989074 0.0047903
-33.5061 25.5607 6.9071 0.15513 -0.987885 0.00262456
-34.3308 25.437 6.90565 0.14592 -0.989279 -0.00504154
-35.3455 25.2916 6.92945 0.141422 -0.989943 -0.00353231
-36.3852 25.1438 6.92106 0.139797 -0.990179 -0.000713525
-37.2334 25.0231 6.87917 0.14242 -0.989804 0.00205234
-38.0689 24.8995 6.92281 0.148975 -0.988835 0.00328653
-38.6238 24.8146 6.22571 0.150254 -0.988646 -0.00095086
-38.6467 24.8145 5.33279 0.14977 -0.988668 -0.010269
-38.6703 24.8199 4.43994 0.150786 -0.988517 -0.00983852
-38.6305 24.8422 3.45306 0.150639 -0.988241 -0.0257554
-38.631 24.8616 2.6004 0.138795 -0.990185 -0.0164171
-38.6616 24.8761 1.56457 0.136701 -0.990376 -0.0216513
-38.6451 24.9021 0.643294 0.124578 -0.991993 -0.0200072
-38.6689 24.9128 -0.32878 0.123089 -0.992321 -0.0122072
-38.6636 24.9241 -1.20106 0.122339 -0.992425 -0.0111872
-38.6555 24.933 -2.08053 0.120386 -0.992701 -0.00717635
-38.6214 24.9409 -2.91774 0.121158 -0.992626 -0.0037095
-38.638 24.9411 -3.79937 0.120507 -0.992712 -0.000805559
-38.6485 24.939 -4.67382 0.120594 -0.992687 0.0054797
-38.678 24.9272 -5.64806 0.127842 -0.991762 0.00744307
-38.6337 24.9321 -6.49379 0.123031 -0.992402 -0.0011654
-38.1123 24.9969 -6.93635 0.121854 -0.992545 -0.0023151
-37.1823 25.1162 -6.97167 0.129113 -0.991625 0.00320456
-36.0448 25.2664 -6.9303 0.133251 -0.99108 0.00106045
-35.0922 25.3921 -6.95515 0.130238 -0.991483 0.000369136
-34.1178 25.5201 -6.95919 0.130285 -0.991476 0.00102089
-33.1961 25.6404 -6.93365 0.124933 -0.992154 -0.00463747
-32.3642 25.7443 -6.9263 0.123095 -0.992374 -0.00628281
-31.3117 25.872 -6.94549 0.11355 -0.993348 -0.018941
-30.4572 25.9666 -6.94864 0.103478 -0.994467 -0.0179904
-29.6222 26.0469 -6.96401 0.0772265 -0.996874 -0.00910401
-28.7975 26.1047 -6.99632 0.0892938 -0.995973 0.00464598
-27.9353 26.1814 -6.74707 0.075934 -0.997009 -0.00915595
-27.8674 26.1859 -5.92865 0.0807292 -0.996733 -0.00250241
-27.8505 26.1889 -4.87014 0.0806775 -0.996735 0.00326547
-27.8124 26.1994 -3.88638 0.0862545 -0.996243 0.00774733
-27.8044 26.2123 -3.02865 0.094899 -0.995124 0.0268305
-27.8562 26.2284 -2.09478 0.107442 -0.994096 0.0143416
-27.8001 26.2395 -1.06227 0.102529 -0.994729 0.00173693
-27.8196 26.241 -0.0301571 0.0993479 -0.995033 0.00594419
-27.8199 26.2497 0.946808 0.0993354 -0.995008 0.00949696
-27.8462 26.2584 1.8463 0.0942493 -0.995197 0.0261904
-27.8134 26.2953 2.76809 0.120053 -0.991885 0.0418408
-27.8443 26.3319 3.72622 0.139053 -0.989801 0.0302103
-27.8112 26.3646 4.71694 0.147788 -0.98866 0.0264271
-27.8464 26.3806 5.56294 0.157188 -0.987341 0.0212045
