2.16141 31.6431 3.12746 0.26813 -0.963366 0.00470551
2.23191 31.6614 2.27275 0.264169 -0.964447 0.00345066
2.25983 31.6628 1.4206 0.258704 -0.965943 -0.00293239
2.17937 31.6455 0.259533 0.265009 -0.964234 0.00297318
2.2708 31.6772 -0.800123 0.274925 -0.961458 -0.00380817
2.25559 31.6713 -1.88309 0.274951 -0.961449 0.00388608
2.14085 31.637 -2.75381 0.268276 -0.963315 -0.00159763
2.10118 31.6298 -3.16721 0.276707 -0.960871 -0.00455023
1.36333 31.4281 -3.40752 0.26238 -0.96496 0.00288757
1.40437 31.438 -2.57433 0.253065 -0.967449 -0.000134727
1.536 31.4727 -1.55186 0.265894 -0.96399 -0.00277609
1.54916 31.4759 -0.694759 0.263219 -0.964704 -0.00239077
1.42015 31.4385 0.139683 0.2474 -0.968909 0.00205692
1.53932 31.4699 1.03803 0.259932 -0.965626 0.000123937
1.51457 31.4673 1.9526 0.244455 -0.969635 0.00687686
1.44965 31.4557 2.76998 0.244134 -0.96974 -0.00161425
1.37333 31.4354 3.3039 0.243201 -0.969968 -0.00259351
0.661578 31.2613 3.1045 0.233325 -0.972399 0.000657677
0.728651 31.274 2.13262 0.228335 -0.973519 0.0110997
0.802949 31.283 1.0996 0.243516 -0.969886 0.00447627
0.642833 31.2397 0.115508 0.241456 -0.970402 0.00162423
0.766516 31.2687 -0.916485 0.242517 -0.970136 -0.00114917
0.794826 31.2794 -1.82934 0.245471 -0.969394 -0.00427754
0.63838 31.2434 -2.92284 0.243639 -0.969859 -0.00353398
0.613259 31.2392 -3.39632 0.243673 -0.969849 -0.00398885
-0.0590259 31.0795 -3.17321 0.219692 -0.975562 -0.00340463
-0.0590259 31.077 -2.31621 0.219487 -0.97561 -0.0032466
-0.0590259 31.07 -1.39206 0.217265 -0.976105 0.0030793
-0.0590259 31.0741 -0.494351 0.220494 -0.975384 0.00297931
-0.0590259 31.0782 0.714038 0.221588 -0.975128 0.00486041
-0.0590259 31.0853 1.60857 0.225342 -0.974242 0.00855734
-0.0590259 31.0927 2.52459 0.216208 -0.976346 0.000930914
-0.0551606 31.0934 3.36687 0.223358 -0.974729 0.00177681
-0.0603226 31.0923 3.37853 0.226741 -0.973943 -0.000636764
-0.960053 30.8954 3.45991 0.206324 -0.978484 0.000497242
-0.941442 30.8976 2.57573 0.207289 -0.978272 0.00394053
-0.912896 30.8998 1.73212 0.208331 -0.978032 0.00687171
-0.877419 30.9008 0.835975 0.205997 -0.978532 0.00628489
-1.04759 30.8558 -0.0257955 0.21295 -0.977028 0.00602072
-0.895369 30.8905 -0.979555 0.205968 -0.978555 -0.0022346
-0.890514 30.8957 -2.04129 0.206184 -0.978501 -0.00495217
-0.826117 30.9117 -2.89304 0.205754 -0.978603 -0.000989514
-0.838527 30.9103 -3.35126 0.209028 -0.977907 -0.00120188
-1.62385 30.7465 -3.24373 0.199387 -0.979921 -0.00017593
-1.68224 30.733 -2.37344 0.200235 -0.97974 -0.0037917
-1.60241 30.7455 -1.4112 0.197634 -0.980262 -0.00369903
-1.85304 30.6956 -0.450765 0.192385 -0.981317 0.00219338
-1.7866 30.7109 0.402419 0.195954 -0.980611 0.00200517
-1.73166 30.7264 1.35842 0.199707 -0.979841 0.00504868
-1.72079 30.7323 2.34431 0.200569 -0.979658 0.0039708
-1.86552 30.7066 3.38007 0.197338 -0.980332 0.00275623
-2.60823 30.5569 2.91568 0.195188 -0.980763 0.00233082
-2.51275 30.5728 1.99328 0.194447 -0.980905 0.00400709
-2.54414 30.5626 0.912433 0.192443 -0.981303 0.00312582
-2.62373 30.5449 0.010731 0.192813 -0.981234 0.00160253
-2.52405 30.5639 -0.802011 0.190735 -0.981642 0.000115721
-2.36165 30.5966 -1.68962 0.192901 -0.981216 -0.00190148
-2.39691 30.5912 -2.72877 0.193775 -0.981044 -0.00165215
-2.36529 30.598 -3.30997 0.193663 -0.981068 -0.000741725
-3.76583 30.3248 2.32534 0.196205 -0.980559 0.00259343
-3.81048 30.3127 1.14332 0.196207 -0.98056 0.00230199
-3.77032 30.3188 -0.040778 0.19534 -0.980735 0.00142349
-3.7342 30.3251 -1.21341 0.194857 -0.980831 0.000406383
-3.7196 30.3287 -2.48018 0.196135 -0.980576 -0.00145132
-3.71359 30.3323 -3.65673 0.194546 -0.980889 -0.00285096
-3.16141 30.4421 -4.55996 0.19228 -0.981339 -0.00136452
-1.81415 30.7077 -4.58823 0.19598 -0.980604 0.000970752
-0.722963 30.9342 -4.59883 0.20827 -0.978071 0.000694343
0.43602 31.1973 -4.57193 0.234849 -0.972031 -0.00101166
1.61168 31.4902 -4.56834 0.255993 -0.966655 0.00351046
2.67815 31.7937 -4.54336 0.289668 -0.95707 0.0104865
3.47986 32.0523 -3.69253 0.323288 -0.946239 0.0101882
3.44259 32.0434 -2.47395 0.317569 -0.948213 -0.00649605
3.44533 32.0393 -1.36761 0.324092 -0.945985 0.00637196
3.52219 32.0618 -0.0540602 0.314675 -0.949072 -0.0155633
3.53598 32.0482 1.05405 0.322798 -0.946335 -0.0129204
3.49481 32.0321 2.24243 0.309044 -0.950884 0.0164723
3.44908 32.0321 3.40006 0.310634 -0.950513 0.00540449
3.07408 31.9187 4.43142 0.302329 -0.953198 0.00274501
1.86887 31.5618 4.52304 0.270032 -0.962833 0.00497577
0.78589 31.2846 4.51329 0.240536 -0.970596 -0.00926141
-0.679238 30.9544 4.52695 0.208623 -0.977995 -0.00157357
-1.98933 30.6844 4.57874 0.196405 -0.980515 0.00327098
-3.11758 30.461 4.58444 0.19432 -0.980924 0.00516046
-3.72632 30.3345 3.47597 0.197371 -0.980326 0.00234002
-3.75946 30.3263 2.43229 0.195882 -0.980625 0.0022237
-4.84935 30.105 2.50682 0.202215 -0.979341 0.000853207
-4.87861 30.0984 1.3906 0.199235 -0.97995 0.00158233
-4.87226 30.0977 0.0445908 0.197916 -0.980219 0.000695162
-4.81591 30.1086 -1.19445 0.199479 -0.979902 0.000279263
-4.79496 30.114 -2.69736 0.199908 -0.979813 -0.00190083
-4.80779 30.1149 -3.84072 0.198129 -0.980162 -0.0044673
-4.79427 30.1215 -5.06834 0.199481 -0.979898 -0.00286255
-4.05407 30.2706 -5.68811 0.191727 -0.981439 -0.00399535
-2.7929 30.5149 -5.69462 0.190367 -0.981713 0.000441404
-1.61994 30.746 -5.69288 0.196773 -0.980445 0.00288725
-0.438579 30.9932 -5.69429 0.212701 -0.977115 0.00200292
0.698588 31.2579 -5.69921 0.231703 -0.97278 0.00348814
1.86383 31.5547 -5.68583 0.267336 -0.963567 0.00625337
3.20875 31.954 -5.65608 0.301222 -0.953442 0.0135909
4.40057 32.3618 -5.3024 0.344441 -0.938734 0.0114769
4.52812 32.4151 -4.09386 0.345642 -0.938307 0.0105652
4.5058 32.4136 -2.89547 0.344604 -0.938748 0.000258949
4.48411 32.4047 -1.78218 0.342798 -0.939397 -0.00331431
4.54595 32.4181 -0.384162 0.34852 -0.937143 -0.017233
4.56101 32.4085 0.726144 0.329989 -0.94394 -0.00922255
4.55356 32.3999 1.8648 0.332481 -0.94311 0.00055311
4.50956 32.3891 3.36664 0.32796 -0.944684 0.00348433
4.4814 32.3823 4.57196 0.319422 -0.947605 -0.0037747
4.1003 32.24 5.57258 0.317011 -0.948226 -0.0192749
3.02559 31.8942 5.61819 0.289424 -0.956925 -0.0208729
1.87151 31.56 5.60386 0.270264 -0.962693 -0.0133979
0.74702 31.2697 5.60555 0.233534 -0.972347 -0.00188032
-0.426628 31.0057 5.62126 0.211367 -0.9774 -0.00343011
-1.56618 30.773 5.65867 0.195855 -0.98062 0.00376797
-2.74938 30.5407 5.68734 0.193444 -0.981084 0.00731848
-4.14214 30.2647 5.67784 0.194659 -0.980794 0.0119383
-4.80592 30.1222 4.77076 0.202732 -0.979213 0.00618895
-4.82631 30.1118 3.56477 0.203258 -0.979121 0.00288684
-4.85214 30.1048 2.78234 0.202329 -0.979316 0.00156717
-5.91551 29.8826 2.84911 0.205358 -0.978686 -0.000278962
-5.94866 29.8783 4.16251 0.207613 -0.978197 0.00517626
-5.8882 29.9022 5.37708 0.205968 -0.978478 0.0125293
-5.74224 29.9488 6.54884 0.20589 -0.978479 0.0137203
-4.57035 30.2 6.75 0.201099 -0.9793 0.0224449
-3.4479 30.4142 6.78469 0.181245 -0.983321 0.0142332
-2.31524 30.6359 6.78026 0.187475 -0.982183 0.0125835
-1.20029 30.8497 6.73314 0.199723 -0.979824 -0.00636124
-0.0276431 31.0885 6.75067 0.20803 -0.978006 -0.0149729
1.09806 31.3471 6.73883 0.229437 -0.973269 -0.01009
2.23519 31.6397 6.70523 0.268159 -0.962488 -0.041313
3.3035 31.9579 6.70924 0.302819 -0.952634 -0.0280728
4.41192 32.3079 6.70484 0.314305 -0.947451 -0.0582707
5.44781 32.704 6.46493 0.372219 -0.927449 -0.0300885
5.5765 32.776 5.27342 0.356654 -0.934166 -0.0113393
5.53255 32.7682 3.90374 0.355386 -0.934716 0.00110404
5.56565 32.7722 2.61537 0.34109 -0.939934 0.0127029
5.57749 32.7698 1.23617 0.33472 -0.942297 -0.0061844
5.5892 32.7946 0.118104 0.351178 -0.93597 -0.0251557
5.54971 32.8013 -1.15277 0.356787 -0.934159 -0.00599147
5.53128 32.7926 -2.47211 0.348523 -0.937293 0.00284464
5.59525 32.8153 -3.60016 0.355793 -0.934565 -0.000336582
5.50627 32.7799 -4.93484 0.372064 -0.928173 -0.00470772
5.48629 32.7668 -6.10633 0.384609 -0.922771 0.0191334
4.76134 32.4485 -6.76677 0.350069 -0.935064 0.0557288
3.7139 32.0864 -6.77087 0.318645 -0.946973 0.0413047
2.62016 31.7532 -6.7749 0.273147 -0.961611 0.0249698
1.51901 31.4456 -6.81045 0.248366 -0.968206 0.0255256
0.435112 31.1834 -6.79922 0.236501 -0.971524 0.0136436
-0.658941 30.9365 -6.79932 0.217959 -0.97591 0.00913552
-1.78313 30.7025 -6.7841 0.184206 -0.982817 0.0114174
-3.08358 30.4569 -6.7921 0.185914 -0.982557 0.00416202
-4.23342 30.2416 -6.79978 0.183867 -0.982911 -0.00888233
-5.50537 29.9911 -6.73621 0.203407 -0.978916 -0.0182422
-5.92943 29.8882 -5.49153 0.208798 -0.97795 -0.00419279
-5.91093 29.8902 -4.17762 0.201066 -0.979566 -0.00460444
-5.91807 29.8846 -3.07014 0.201978 -0.979386 -0.00258
-5.9079 29.8848 -1.87497 0.20368 -0.979038 -0.000198969
-5.93861 29.8792 -0.475679 0.203517 -0.97907 0.0014384
-5.9425 29.8797 0.731668 0.201384 -0.979512 0.000863436
-5.9401 29.8792 1.9456 0.204927 -0.978772 -0.0029395
-5.92632 29.8808 2.56084 0.204765 -0.97881 -0.00156246
