37.6301 31.0211 0.943713 -0.432246 -0.901639 -0.0121973
37.6076 31.0351 -0.0382661 -0.435894 -0.899969 5.36905e-05
36.9521 31.3286 -3.08411 -0.392844 -0.919583 0.00593517
36.8764 31.3663 -1.65247 -0.397464 -0.917579 0.00801637
36.9317 31.3576 -0.282441 -0.418121 -0.908347 -0.00845646
36.9191 31.3548 0.935593 -0.423356 -0.905927 -0.00807443
36.9701 31.3161 2.41725 -0.395695 -0.918281 -0.01269
36.8646 31.3533 3.16571 -0.396591 -0.917907 -0.0127312
36.126 31.6588 3.1964 -0.368021 -0.929805 -0.00240817
36.2176 31.6392 1.95657 -0.363987 -0.931319 -0.0125976
36.1339 31.6846 0.677315 -0.362635 -0.931789 -0.0046676
36.2557 31.6349 -0.47262 -0.356399 -0.934312 0.00322941
36.1392 31.6755 -1.62455 -0.379535 -0.925001 0.0180011
36.2597 31.6157 -2.8497 -0.364498 -0.931166 0.0031079
36.1874 31.6459 -3.25159 -0.363471 -0.9316 -0.00255739
35.4514 31.931 -3.18125 -0.354675 -0.934989 0.000157742
35.384 31.9604 -2.01823 -0.348898 -0.937154 0.00277446
35.4094 31.9514 -0.818122 -0.339137 -0.940721 -0.00547318
35.3406 31.9774 0.391454 -0.335571 -0.941999 0.00111912
35.3754 31.9624 1.64088 -0.340473 -0.940252 0.00199328
35.4259 31.9364 2.79017 -0.355091 -0.934793 -0.00714077
35.4828 31.9124 3.05746 -0.351431 -0.936145 -0.0111756
34.6329 32.227 3.23897 -0.340187 -0.940099 -0.0199119
34.6331 32.2254 1.85194 -0.326227 -0.945287 0.00276329
34.6329 32.2248 0.710544 -0.329269 -0.944235 -0.000745719
34.6329 32.2278 -0.735367 -0.329346 -0.944191 -0.00374718
34.6329 32.2348 -1.95876 -0.33205 -0.943172 0.0101527
34.6402 32.2265 -3.21493 -0.325531 -0.94552 -0.00431078
33.9949 32.4468 -3.24495 -0.317975 -0.948085 0.000247145
33.8252 32.5045 -2.05426 -0.2998 -0.953963 0.00716281
33.8568 32.4921 -0.673564 -0.32079 -0.947134 -0.00544706
33.6993 32.538 0.519697 -0.307424 -0.951569 0.0006378
33.9354 32.4569 1.6643 -0.301214 -0.953555 -0.000710929
33.7928 32.5025 2.91604 -0.300953 -0.953633 0.00277841
33.8387 32.4884 3.20101 -0.298163 -0.954497 -0.00176132
33.0557 32.7267 3.16324 -0.285631 -0.95834 -0.000641719
33.1364 32.705 1.93896 -0.28545 -0.958388 -0.00258806
32.9429 32.7717 0.790705 -0.286545 -0.958052 -0.00509551
33.0872 32.7327 -0.393042 -0.293817 -0.955861 -0.000820998
33.0735 32.7395 -1.55295 -0.294761 -0.955561 0.00443945
33.2444 32.681 -2.746 -0.294219 -0.95573 0.00329879
33.3229 32.6567 -3.16477 -0.294159 -0.955755 0.000965167
32.5481 32.8894 -2.99048 -0.286108 -0.958197 -0.000250297
32.3599 32.9502 -1.70093 -0.276763 -0.960926 0.00452517
32.3233 32.96 -0.43057 -0.280091 -0.959971 -0.00172221
32.2839 32.9707 -0.0816242 -0.276722 -0.960928 -0.00372636
38.6767 30.4908 1.2603 -0.471515 -0.881842 -0.00400558
38.6521 30.4992 2.65125 -0.467712 -0.883776 0.00202311
38.6158 30.4916 3.82566 -0.465696 -0.884844 -0.0131675
37.6979 30.9528 4.43434 -0.434078 -0.900805 -0.0111905
36.6109 31.4454 4.42779 -0.386881 -0.922056 -0.0111262
35.2903 31.9708 4.45709 -0.349336 -0.936934 -0.00762345
33.8194 32.4842 4.37095 -0.30856 -0.951148 -0.0100194
32.5861 32.8705 4.40348 -0.284762 -0.958579 -0.00152802
31.3774 33.2174 4.24901 -0.272256 -0.962216 0.00418757
31.2198 33.2601 3.03513 -0.268422 -0.963293 -0.00272369
31.2179 33.2624 1.79927 -0.268533 -0.963268 -0.00223075
31.1892 33.2742 0.575484 -0.267547 -0.963539 -0.00340807
31.1343 33.2919 -0.617297 -0.264046 -0.964507 -0.00259906
31.1879 33.2781 -2.16954 -0.267527 -0.963547 0.00194774
31.1922 33.2784 -3.38268 -0.267504 -0.963555 -0.00168848
31.6399 33.1544 -4.33256 -0.271751 -0.962361 -0.000740238
32.9335 32.7744 -4.4252 -0.292258 -0.956339 -0.000652237
34.3671 32.3224 -4.42392 -0.307252 -0.951622 -0.000221014
35.686 31.8465 -4.43887 -0.367136 -0.930077 -0.0124597
36.9999 31.2963 -4.43829 -0.406795 -0.913483 -0.00766706
38.074 30.7869 -4.3962 -0.450478 -0.892761 0.00690143
38.6565 30.4891 -3.6387 -0.475314 -0.879812 0.000955457
38.6635 30.4832 -2.24067 -0.471625 -0.881765 0.001936
38.6437 30.5007 -1.05259 -0.466932 -0.884272 0.00597877
38.6538 30.511 0.224281 -0.464066 -0.885694 0.0136872
38.667 30.4967 0.994434 -0.470471 -0.882286 -0.0118372
39.6871 29.9179 0.931519 -0.506336 -0.862336 -0.000223239
39.6786 29.9248 2.13264 -0.520396 -0.853901 -0.00216628
39.6856 29.9027 3.32488 -0.507276 -0.861582 -0.016217
39.652 29.9006 4.54845 -0.503998 -0.863626 -0.011665
39.168 30.1761 5.53805 -0.499287 -0.866322 0.0046911
38.0927 30.7448 5.59779 -0.441382 -0.897038 0.00770782
36.9778 31.2811 5.58542 -0.414211 -0.91011 -0.0113445
35.6151 31.8473 5.57304 -0.363491 -0.931424 0.0167108
34.423 32.2862 5.5938 -0.320999 -0.946908 0.0117871
33.2232 32.6795 5.53178 -0.304228 -0.952541 0.00482372
31.9121 33.072 5.58151 -0.275001 -0.961422 0.00584076
30.7414 33.3958 5.5204 -0.262588 -0.964907 -0.00140105
30.1176 33.5642 4.58862 -0.259123 -0.965843 0.00130415
30.0839 33.5708 3.28865 -0.261195 -0.965285 0.000659068
30.0923 33.5707 1.71886 -0.257397 -0.966305 -0.00119472
30.0962 33.5718 0.494596 -0.258081 -0.966121 -0.00203069
30.0212 33.5943 -0.876535 -0.260803 -0.965388 -0.0028472
30.074 33.5831 -2.3273 -0.260458 -0.965485 -0.00075549
30.0571 33.59 -3.5633 -0.261115 -0.965306 -0.00150648
30.0843 33.5852 -4.81846 -0.261742 -0.965135 -0.00243665
30.7506 33.4053 -5.55274 -0.264388 -0.964406 -0.00438897
32.1863 32.9993 -5.5626 -0.275976 -0.961159 -0.00318971
33.3089 32.6637 -5.60563 -0.291534 -0.956509 -0.00862723
34.4368 32.3074 -5.58596 -0.305992 -0.951959 -0.0113737
35.7505 31.8318 -5.61339 -0.370767 -0.928669 -0.00949799
36.8336 31.3798 -5.59125 -0.407284 -0.913269 -0.00759913
37.9947 30.8372 -5.59143 -0.456116 -0.889797 -0.0132635
39.0299 30.2872 -5.60434 -0.48751 -0.872905 -0.0190827
39.6341 29.9431 -4.84329 -0.510813 -0.859625 0.00927278
39.6986 29.9147 -3.58396 -0.503688 -0.863877 -0.000634676
39.6718 29.9181 -2.35783 -0.511157 -0.859483 -0.00131208
39.6665 29.9252 -1.11954 -0.507328 -0.861731 0.00135161
39.6496 29.9432 0.299977 -0.505572 -0.862755 -0.00711749
39.678 29.9233 0.724527 -0.506231 -0.862384 -0.00354979
40.6743 29.3242 0.626501 -0.523133 -0.852201 -0.00918055
40.6614 29.3166 1.99197 -0.533392 -0.845837 -0.00720972
40.6755 29.2937 3.51986 -0.53245 -0.846399 -0.00582126
40.6715 29.2852 4.76065 -0.530181 -0.847878 0.00178514
40.6697 29.2892 5.9982 -0.530253 -0.847708 0.00205943
39.9133 29.7886 6.6721 -0.522863 -0.851578 0.0365285
38.7589 30.4471 6.74489 -0.479828 -0.876472 0.0393766
37.3365 31.1721 6.74443 -0.418905 -0.905303 0.0640355
36.1715 31.6659 6.7378 -0.371587 -0.925479 0.0711579
34.8687 32.1516 6.74664 -0.320712 -0.946784 0.0272505
33.7085 32.5442 6.69087 -0.311965 -0.949773 0.0214716
32.4801 32.916 6.74918 -0.276482 -0.960977 0.00901653
31.3163 33.2427 6.7403 -0.263504 -0.964646 0.00438537
30.1336 33.5614 6.70592 -0.259739 -0.965677 0.00156856
28.9925 33.8673 6.55116 -0.259048 -0.965864 0.000336537
28.9615 33.875 5.32954 -0.260206 -0.965552 0.00148074
28.956 33.8744 4.10963 -0.258342 -0.966052 0.0016624
28.9249 33.8814 2.92408 -0.25743 -0.966297 0.00043418
28.9349 33.879 1.72736 -0.25685 -0.966451 -0.000505848
28.9682 33.8718 0.447035 -0.25591 -0.966696 -0.00308892
28.9247 33.8876 -0.836306 -0.257443 -0.966287 -0.00340008
28.9295 33.8906 -2.23707 -0.25966 -0.965694 -0.00353509
28.942 33.8919 -3.74548 -0.260825 -0.965383 -0.00233186
28.9594 33.8899 -5.02528 -0.259754 -0.965673 -0.00189703
28.9981 33.883 -6.20403 -0.260112 -0.965575 -0.00262215
30.0082 33.6127 -6.76934 -0.260071 -0.965577 -0.00492583
31.1948 33.2911 -6.75067 -0.262434 -0.96493 -0.00617709
32.3454 32.9661 -6.76806 -0.277941 -0.960493 -0.013672
33.5279 32.6143 -6.77732 -0.290845 -0.95667 -0.01386
34.8738 32.1785 -6.77264 -0.322158 -0.946518 -0.0178018
36.0172 31.7445 -6.78401 -0.375069 -0.9265 -0.0299412
37.1847 31.2489 -6.76871 -0.408444 -0.911529 -0.0461501
38.3087 30.7138 -6.77889 -0.446024 -0.893714 -0.0478675
39.4101 30.0971 -6.79007 -0.509614 -0.859811 -0.0315813
40.5537 29.3681 -6.59812 -0.553576 -0.832605 -0.00930895
40.6371 29.3269 -5.36797 -0.52527 -0.850889 0.0086719
40.6969 29.2925 -3.95186 -0.533219 -0.845903 -0.00991128
40.6727 29.3177 -2.67448 -0.524272 -0.851448 0.00471892
40.6778 29.3225 -1.14617 -0.521009 -0.853507 0.00871225
40.6343 29.3532 0.08838 -0.520143 -0.854069 -0.00420018
40.641 29.3485 0.214097 -0.521811 -0.853034 -0.00627119
