37.3294 31.6894 2.76742 -0.403123 -0.915122 -0.00554292
37.2713 31.7209 1.59336 -0.414922 -0.909853 -0.00249032
37.1111 31.7956 0.571753 -0.411658 -0.911331 0.0029406
37.0667 31.8126 -0.639303 -0.40625 -0.913741 -0.00616847
37.1514 31.7758 -1.58879 -0.39595 -0.918271 0.0011724
37.1567 31.7761 -2.54456 -0.400184 -0.916405 -0.00414484
37.102 31.8015 -3.18615 -0.409489 -0.912302 -0.00421699
36.343 32.1207 -3.19669 -0.371053 -0.928455 -0.0157167
36.4223 32.0814 -2.16033 -0.375506 -0.92682 0.000330003
36.3895 32.0962 -1.29565 -0.376895 -0.92625 0.00320955
36.2655 32.1494 -0.376468 -0.373557 -0.927604 0.00203503
36.3502 32.1165 0.564119 -0.377524 -0.925995 -0.0017605
36.5245 32.0421 1.72379 -0.36605 -0.930555 -0.00859566
36.5636 32.0117 2.78487 -0.377553 -0.925965 -0.00468023
36.5703 32.0089 2.96816 -0.375361 -0.926878 -0.00128408
35.7068 32.3484 3.10507 -0.35675 -0.934129 -0.00209859
35.6572 32.3692 2.25495 -0.354819 -0.934862 -0.00905169
35.6714 32.3741 1.34187 -0.342864 -0.939352 -0.00101416
35.5977 32.4014 0.347499 -0.348821 -0.937187 -0.00199738
35.5563 32.4169 -0.648811 -0.336374 -0.941717 0.00409326
35.6343 32.3883 -1.58511 -0.348098 -0.937452 0.00213751
35.6654 32.3748 -2.48195 -0.351646 -0.936132 0.00129198
35.5677 32.4094 -3.05243 -0.341071 -0.940012 -0.00693854
34.7724 32.6935 -3.15208 -0.322853 -0.946439 -0.00358223
34.7724 32.6912 -2.22806 -0.325263 -0.945618 -0.00316528
34.7724 32.6911 -1.17295 -0.3228 -0.94646 0.00375478
34.7724 32.6924 -0.257443 -0.319525 -0.947577 0.000119917
34.7724 32.691 0.622835 -0.323462 -0.946231 -0.00378659
34.7724 32.692 1.73346 -0.326201 -0.945298 0.00206423
34.7724 32.6977 2.79813 -0.335723 -0.941832 0.00108754
34.7724 32.6951 3.10593 -0.34053 -0.940098 -0.0129635
33.9396 32.9701 3.04042 -0.301138 -0.953579 0.000472894
33.932 32.9723 2.19664 -0.304817 -0.952401 -0.00171887
33.937 32.9708 1.36848 -0.308148 -0.951327 -0.00194636
33.8973 32.985 0.476033 -0.311287 -0.950311 -0.000377171
33.8403 33.0032 -0.666131 -0.306281 -0.951936 0.00315549
33.9972 32.9498 -1.64388 -0.304429 -0.952533 0.000380517
33.9916 32.9532 -2.6945 -0.307413 -0.951568 -0.000539565
33.9328 32.9744 -3.16481 -0.302394 -0.953172 -0.00349736
33.2015 33.202 -3.21095 -0.291285 -0.956633 -0.00231521
33.289 33.1764 -2.2633 -0.296624 -0.954961 0.0009484
33.1227 33.2319 -1.10037 -0.298092 -0.954511 -0.00157481
32.8878 33.3 -0.202197 -0.287156 -0.95787 -0.00489384
32.9997 33.2615 0.758988 -0.287239 -0.957842 -0.00558284
33.2684 33.1773 1.59147 -0.288176 -0.957574 -0.00266215
33.1828 33.2019 2.55308 -0.285694 -0.958321 -0.000369158
33.1417 33.2139 2.99574 -0.285343 -0.958425 -0.000504035
32.3794 33.4397 2.89422 -0.281561 -0.959543 -0.000150254
32.4878 33.4094 1.96672 -0.282851 -0.959159 -0.00312678
32.2559 33.4796 1.01908 -0.279718 -0.96008 -0.00172407
31.1984 33.7864 -4.07998 -0.268921 -0.963162 -0.000924418
31.07 33.8221 -2.79696 -0.267569 -0.963536 0.00193692
31.0282 33.8327 -1.40791 -0.265988 -0.963974 -0.00161326
31.0849 33.8153 0.204001 -0.267725 -0.963495 0.000153457
31.1151 33.8034 1.5084 -0.269604 -0.962969 -0.00175168
31.1467 33.7924 2.85027 -0.266845 -0.963738 -0.00119951
31.2018 33.777 4.14253 -0.265578 -0.964088 0.00113008
32.3506 33.4492 4.40001 -0.276138 -0.961115 -0.00231828
33.6214 33.0639 4.39085 -0.298133 -0.95452 -0.00245133
34.996 32.6045 4.3824 -0.336555 -0.941664 0.000685557
36.3426 32.1015 4.3693 -0.35824 -0.933623 -0.00336193
37.7572 31.4926 4.40532 -0.414272 -0.910107 0.00747713
38.408 31.1832 3.56408 -0.443623 -0.896167 0.0011507
38.4316 31.1877 1.97372 -0.426923 -0.90418 -0.0139707
38.457 31.1687 0.460488 -0.430046 -0.902741 0.0108694
38.4611 31.1636 -0.807956 -0.442284 -0.896861 0.0020712
38.4528 31.166 -2.15784 -0.444337 -0.895786 -0.0103516
38.4465 31.168 -3.48292 -0.437971 -0.898965 0.00495539
37.895 31.4413 -4.38401 -0.434615 -0.900478 -0.010401
36.6002 32.0302 -4.44378 -0.389747 -0.920851 -0.0079127
35.2153 32.5459 -4.42285 -0.337296 -0.941354 -0.00911919
33.884 32.9889 -4.4495 -0.3098 -0.950793 0.00161357
32.5301 33.4081 -4.42444 -0.283829 -0.958857 0.00132477
31.2315 33.7773 -4.24022 -0.269498 -0.963 -0.00134272
29.9676 34.1271 -4.13949 -0.266352 -0.963874 -0.00130443
29.9481 34.131 -2.79678 -0.263386 -0.964689 -0.00173028
29.9458 34.1292 -1.38158 -0.261003 -0.965337 -0.00128456
29.951 34.1264 -0.114175 -0.260889 -0.965366 -0.00217996
29.9746 34.1161 1.34189 -0.25993 -0.965624 -0.00243195
29.9943 34.1087 2.84008 -0.25942 -0.965764 -0.000490525
29.9527 34.1192 4.10596 -0.261527 -0.965195 0.00086463
30.0587 34.0916 5.37726 -0.263009 -0.964793 0.000369851
31.2205 33.7719 5.57142 -0.268607 -0.963245 -0.00293734
32.801 33.3204 5.56929 -0.284689 -0.958572 0.00527756
34.0045 32.9424 5.54385 -0.310056 -0.950655 0.00918469
35.2735 32.5087 5.53807 -0.339697 -0.940342 0.0186322
36.5857 32.0151 5.52241 -0.364572 -0.931065 0.0137499
37.9911 31.4017 5.60636 -0.429018 -0.902953 0.0248791
39.3578 30.7133 5.44113 -0.469874 -0.882677 0.000862241
39.4781 30.6306 4.21454 -0.478662 -0.877959 0.00819427
39.4685 30.6474 2.68357 -0.474421 -0.880257 -0.00853285
39.465 30.6593 1.34498 -0.484332 -0.874873 0.00441561
39.4915 30.6443 -0.194709 -0.473619 -0.880698 -0.00398645
39.4772 30.6415 -1.58071 -0.477112 -0.878819 -0.00192944
39.4889 30.6194 -3.04656 -0.477838 -0.878436 0.000658403
39.4704 30.6322 -4.37105 -0.471624 -0.881797 -0.00193372
39.1059 30.8375 -5.57546 -0.477008 -0.878777 -0.0146578
37.9462 31.4318 -5.58487 -0.439492 -0.898148 -0.0132491
36.7139 31.9873 -5.61606 -0.391418 -0.9201 -0.00198613
35.3253 32.5148 -5.587 -0.335452 -0.942013 -0.0084725
34.1142 32.9185 -5.6066 -0.308912 -0.951032 -0.00966885
32.7749 33.3372 -5.59436 -0.289899 -0.956992 -0.0106754
31.5209 33.6997 -5.59328 -0.269815 -0.962903 -0.00410662
30.1755 34.0732 -5.35583 -0.266455 -0.963841 -0.00339525
29.9583 34.1303 -4.37154 -0.265804 -0.964024 -0.00232236
28.816 34.4423 -4.21221 -0.261607 -0.965174 -0.00145615
28.8251 34.4364 -2.73293 -0.261434 -0.965216 -0.00311341
28.823 34.4323 -1.43225 -0.259037 -0.965864 -0.00276015
28.8266 34.4269 0.124636 -0.257048 -0.966395 -0.00244227
28.8553 34.4163 1.4548 -0.258735 -0.965946 -0.00176379
28.82 34.4242 2.74093 -0.259249 -0.96581 2.25999e-05
28.8277 34.4233 4.04253 -0.260067 -0.96559 0.00133366
28.8442 34.4216 5.40101 -0.261285 -0.96526 0.0014221
29.4349 34.262 6.73568 -0.260597 -0.965448 0.000361622
30.8829 33.8702 6.77786 -0.264171 -0.964457 0.00487429
32.184 33.5074 6.74385 -0.273248 -0.961883 0.0107678
33.5424 33.1079 6.71376 -0.289084 -0.957064 0.0204979
34.7454 32.7181 6.72076 -0.314703 -0.948619 0.0325924
36.0175 32.2654 6.71039 -0.354358 -0.933776 0.0499261
37.5057 31.6612 6.72598 -0.399129 -0.916361 0.0312358
38.8991 30.988 6.73648 -0.462394 -0.88599 0.0328633
40.1051 30.3135 6.66949 -0.510109 -0.859511 0.0319685
40.5309 30.0438 5.59559 -0.502702 -0.864455 0.00272829
40.5164 30.0482 4.31226 -0.508315 -0.86117 0.000621421
40.5089 30.0584 2.92355 -0.499473 -0.866307 0.00347938
40.5068 30.071 1.64493 -0.502999 -0.864262 -0.00571647
40.5125 30.0708 0.095925 -0.505432 -0.862853 -0.00478647
40.5033 30.0724 -1.41581 -0.490003 -0.871666 0.00974039
40.4939 30.0614 -2.70621 -0.493697 -0.869587 0.0069925
40.4969 30.0541 -4.36799 -0.505841 -0.86261 0.00533197
40.5323 30.0253 -5.69473 -0.51897 -0.854776 0.00532024
39.9295 30.3933 -6.71133 -0.503288 -0.864058 -0.0102954
38.6076 31.136 -6.80108 -0.455292 -0.889629 -0.0340992
37.2651 31.7643 -6.76046 -0.411758 -0.910768 -0.0309406
36.0084 32.2833 -6.76719 -0.363162 -0.931405 -0.0235141
34.7668 32.7207 -6.77583 -0.319704 -0.947434 -0.0115412
33.4184 33.1571 -6.7709 -0.298053 -0.954365 -0.0173415
31.9524 33.5869 -6.75994 -0.273659 -0.961796 -0.00773268
30.6738 33.9417 -6.72822 -0.264054 -0.9645 -0.00381426
29.2329 34.3346 -6.69315 -0.261748 -0.965133 -0.00234789
28.8515 34.4349 -5.55463 -0.260707 -0.965416 -0.00199051
28.8014 34.4469 -4.57526 -0.261418 -0.965225 -0.00127092
