1.49489 32.5743 -3.18784 0.285803 -0.958199 -0.0127915
1.51344 32.5748 -2.31525 0.275705 -0.961236 -0.00192253
1.44083 32.5493 -1.38519 0.268798 -0.963195 -0.00107195
1.34411 32.5236 -0.495068 0.260201 -0.965541 -0.00151005
1.41745 32.537 0.393148 0.2723 -0.962151 -0.00644462
1.55817 32.5745 1.53087 0.281226 -0.959607 0.000163964
1.48898 32.5563 2.38003 0.268628 -0.963241 0.00248275
1.39735 32.5332 3.15452 0.257887 -0.966175 -0.000389597
0.641119 32.3325 3.24803 0.248539 -0.968606 0.00417828
0.811236 32.3692 2.15721 0.26409 -0.964482 0.00495933
0.822828 32.3748 1.17735 0.256816 -0.966441 -0.00533275
0.645693 32.3328 0.213948 0.249341 -0.968396 -0.00600942
0.629442 32.331 -0.683794 0.25897 -0.96585 0.00739948
0.697413 32.3456 -1.65434 0.263109 -0.964766 -0.000338124
0.796194 32.3734 -2.6237 0.258496 -0.966012 0.00029479
0.708267 32.3513 -3.44666 0.255817 -0.966717 -0.00389311
-0.0782957 32.1469 -3.28411 0.241642 -0.970345 -0.00409547
0.0386115 32.1711 -2.45857 0.254192 -0.967135 -0.00319083
-0.0653411 32.1469 -1.61956 0.23853 -0.971129 0.0032113
-0.14625 32.1304 -0.765191 0.238017 -0.971256 0.00317507
-0.0869079 32.1466 0.297868 0.233362 -0.972331 -0.00598487
0.0976598 32.1871 1.37963 0.224808 -0.974397 -0.00338514
-0.0138525 32.1625 2.29497 0.228129 -0.97345 0.0149724
-0.0634821 32.155 3.11174 0.241496 -0.970397 0.00307895
-0.0551813 32.1575 3.23978 0.241529 -0.970389 0.00311071
-0.82083 31.9763 3.44612 0.222233 -0.974987 0.00315677
-0.808049 31.9782 2.45522 0.228384 -0.973569 0.00106507
-0.82083 31.9751 1.38015 0.223553 -0.974691 -0.000671325
-0.82083 31.9739 0.438567 0.231947 -0.972708 0.00612126
-0.82083 31.9688 -0.483542 0.230156 -0.973141 0.00451045
-0.82083 31.9657 -1.40359 0.227981 -0.973653 0.00442934
-0.82083 31.9609 -2.24827 0.232461 -0.972588 -0.00278878
-0.82083 31.9646 -3.09702 0.225256 -0.97427 -0.00333659
-0.82083 31.9672 -3.47077 0.224591 -0.974438 -0.00205942
-1.67345 31.7732 -3.44606 0.217137 -0.976138 3.59164e-05
-1.61795 31.7848 -2.50838 0.214851 -0.976643 -0.00266998
-1.58377 31.7904 -1.51784 0.221024 -0.975261 0.0033583
-1.56195 31.7976 -0.536146 0.222649 -0.974883 0.00515657
-1.8845 31.733 0.561539 0.2144 -0.976691 0.0103369
-1.59914 31.7974 1.61804 0.220681 -0.975345 -0.00141193
-1.6778 31.7804 2.44402 0.217239 -0.976116 0.00208378
-1.60602 31.7987 3.20811 0.217425 -0.976071 0.00298888
-2.60837 31.581 3.40415 0.20827 -0.978069 0.00192026
-2.46514 31.6089 2.35666 0.207614 -0.978206 0.00313441
-2.30953 31.6415 1.41723 0.21045 -0.977604 0.000707755
-2.62026 31.5733 0.589602 0.211351 -0.977404 0.00345138
-2.57343 31.5776 -0.25055 0.207138 -0.978293 0.00608841
-2.35395 31.6203 -1.53377 0.204574 -0.978849 0.00166125
-2.42708 31.6076 -2.50376 0.205615 -0.978624 -0.00408977
-2.41547 31.612 -3.26001 0.209006 -0.977912 -0.00192163
-3.1078 31.4662 -3.24704 0.204838 -0.978796 -0.00081149
-3.15341 31.4543 -1.98006 0.202678 -0.979242 -0.00234056
-3.13315 31.4589 -1.07634 0.203206 -0.979134 0.00188132
-3.31973 31.4216 -0.23986 0.202549 -0.979271 0.00155292
-3.30347 31.4284 0.695298 0.205212 -0.978714 0.00243486
-3.05645 31.4821 1.58431 0.205372 -0.978683 0.00141979
-3.24277 31.4446 2.56635 0.206283 -0.978489 0.00241484
-3.32512 31.428 2.98315 0.207271 -0.978282 0.00180366
1.69572 32.6254 4.54377 0.284003 -0.958741 0.00790149
2.66453 32.9225 4.18758 0.305125 -0.952261 0.00643529
2.75478 32.9411 2.93608 0.317087 -0.94836 0.00824487
2.78063 32.9513 1.6434 0.325784 -0.945268 -0.0179899
2.79387 32.9668 0.402069 0.322288 -0.946632 -0.0022928
2.78315 32.9665 -0.791042 0.320087 -0.947346 0.00893103
2.74587 32.9522 -2.17527 0.313001 -0.949732 -0.00624297
2.70251 32.9487 -3.28496 0.31415 -0.94934 -0.00392099
2.36774 32.8431 -4.5226 0.294375 -0.955687 0.0024286
1.21723 32.4976 -4.551 0.28127 -0.959628 0.00147164
-0.0112512 32.1645 -4.55283 0.251137 -0.967948 0.00173947
-1.20007 31.8789 -4.57694 0.218822 -0.975764 1.43064e-05
-2.2755 31.642 -4.56488 0.212886 -0.977076 0.000738335
-3.59561 31.3651 -4.5616 0.204348 -0.978898 -0.000586857
-4.48753 31.1777 -3.90297 0.204905 -0.978781 -0.00128862
-4.49609 31.1751 -2.67401 0.206011 -0.978549 -0.000785542
-4.50304 31.1747 -1.25164 0.205777 -0.978598 0.000919675
-4.48921 31.1783 0.154187 0.205383 -0.978681 0.00105573
-4.48598 31.1809 1.29867 0.206836 -0.978373 0.00214122
-4.47834 31.184 2.3999 0.207194 -0.978299 0.000838607
-4.42714 31.1958 3.62018 0.20737 -0.978262 0.00106899
-3.88154 31.3125 4.52647 0.207782 -0.978173 0.00187813
-2.55747 31.5927 4.56643 0.20858 -0.978003 0.00174981
-1.40498 31.8441 4.56726 0.215372 -0.976531 -0.000246057
-0.0672011 32.1582 4.58027 0.242415 -0.970171 0.00171375
1.16855 32.476 4.54736 0.266852 -0.963713 0.00601674
1.47773 32.5631 4.5471 0.274125 -0.961658 0.00828336
1.61176 32.602 5.62182 0.273675 -0.961801 -0.00573119
2.78848 32.9596 5.62196 0.305225 -0.952229 -0.00863205
3.79465 33.2967 5.16218 0.320772 -0.947144 -0.00339168
3.78646 33.2947 3.68692 0.326141 -0.945303 0.00184982
3.80284 33.3037 2.41464 0.332046 -0.943254 -0.00417887
3.81161 33.3149 1.12977 0.336049 -0.941795 -0.00841191
3.81774 33.3197 -0.260398 0.333631 -0.942692 -0.00362378
3.79223 33.3173 -1.49289 0.340442 -0.94024 -0.00654003
3.76788 33.3075 -2.60141 0.334278 -0.942475 0.000298268
3.74894 33.3007 -3.75907 0.326684 -0.945123 0.00446526
3.71595 33.2814 -4.96014 0.330995 -0.943527 0.00662384
3.0121 33.0333 -5.70489 0.317447 -0.947983 0.0235819
1.84842 32.6741 -5.71095 0.286774 -0.957835 0.0176064
0.664227 32.3416 -5.66251 0.253105 -0.96741 -0.001132
-0.423479 32.0627 -5.67012 0.24652 -0.96912 -0.00527317
-1.71997 31.7643 -5.68137 0.217834 -0.975984 0.00202323
-3.0545 31.4782 -5.65893 0.205229 -0.978712 0.0013492
-4.30388 31.2195 -5.66115 0.201694 -0.979447 -0.00200915
-5.57224 30.9535 -5.26045 0.206332 -0.978476 -0.00327658
-5.59417 30.9434 -3.8651 0.207939 -0.978136 -0.00299574
-5.56235 30.9483 -2.71277 0.210576 -0.977577 -0.000508098
-5.57609 30.9457 -1.50942 0.212159 -0.977235 0.00054322
-5.52316 30.9582 -0.312111 0.210629 -0.977564 0.00194494
-5.58139 30.9472 1.16687 0.21006 -0.977688 0.000615377
-5.52106 30.9613 2.38951 0.209727 -0.97776 -4.95434e-05
-5.50716 30.9643 3.6185 0.211083 -0.977468 0.000909604
-5.48852 30.9704 5.01705 0.21169 -0.97733 0.00363876
-4.63143 31.1575 5.64943 0.206947 -0.978339 0.00513023
-3.33264 31.4312 5.63983 0.206101 -0.978526 0.00294347
-2.03525 31.7083 5.6576 0.211455 -0.977386 0.0015375
-0.754169 31.9916 5.66017 0.223854 -0.974594 0.00331181
0.430268 32.2816 5.67341 0.248072 -0.968739 -0.00174854
1.08631 32.4538 5.63695 0.269645 -0.962942 -0.00528738
1.10457 32.4422 6.74564 0.268854 -0.962919 -0.0219162
2.30035 32.7903 6.77433 0.292677 -0.956035 -0.0183447
3.34454 33.1244 6.74002 0.322882 -0.945887 -0.0322455
4.39235 33.4909 6.74691 0.347162 -0.93778 -0.00681309
4.83164 33.6599 5.80694 0.340486 -0.940213 -0.00821544
4.84238 33.6741 4.40166 0.351608 -0.936123 -0.00667779
4.82834 33.6721 3.14853 0.345258 -0.938507 -0.00111866
4.86003 33.6899 1.96769 0.349254 -0.936998 -0.00732514
4.83055 33.6866 0.539618 0.350647 -0.936457 -0.00608031
4.81369 33.6866 -0.601244 0.356238 -0.934388 -0.00358749
4.80548 33.6897 -1.83866 0.35382 -0.935311 0.000473236
4.7895 33.6798 -3.38611 0.348442 -0.937324 0.00298531
4.77403 33.6722 -4.48357 0.353479 -0.935424 0.00539156
4.82102 33.6726 -5.62594 0.343559 -0.939003 0.0150761
4.55201 33.5507 -6.67626 0.355098 -0.93407 0.0330561
3.46949 33.152 -6.82244 0.320978 -0.946402 0.0355235
2.37684 32.8024 -6.81178 0.285541 -0.957637 0.0359973
1.23121 32.4795 -6.80584 0.262658 -0.964629 0.0206976
0.108541 32.1869 -6.75598 0.24652 -0.968975 0.0169211
-1.28275 31.8506 -6.83268 0.225846 -0.974025 0.0163907
-2.61268 31.5652 -6.7393 0.192293 -0.981268 0.0110954
-3.87374 31.3111 -6.79895 0.200654 -0.97966 -0.00226021
-5.18242 31.0492 -6.74281 0.201465 -0.979331 -0.0176828
-6.45593 30.771 -6.60434 0.215511 -0.976485 -0.0055586
-6.68683 30.7142 -5.44249 0.211968 -0.977269 -0.00364404
-6.66176 30.7154 -4.11948 0.210759 -0.97753 -0.00397343
-6.63939 30.7157 -2.96479 0.213205 -0.977001 -0.00291815
-6.64629 30.7128 -1.55997 0.214762 -0.976666 -4.34253e-05
-6.59068 30.7257 -0.429172 0.21482 -0.976653 0.00140102
-6.64603 30.7156 0.843773 0.214462 -0.97673 0.00197118
-6.61843 30.7225 2.15798 0.215614 -0.976479 0.000623746
-6.60235 30.7255 3.31854 0.214655 -0.97669 -0.000341621
-6.60598 30.726 4.49881 0.214278 -0.976771 0.0017695
-6.58141 30.7364 5.79355 0.216093 -0.976351 0.00628645
-5.94121 30.8879 6.72056 0.215919 -0.976314 0.0137893
-4.53796 31.1839 6.76722 0.202223 -0.979324 0.00536063
-3.21958 31.4583 6.75963 0.202881 -0.979202 0.00128063
-1.89687 31.7376 6.7469 0.210605 -0.977564 -0.00367058
-0.557471 32.0327 6.76364 0.225292 -0.974238 -0.00806393
0.603908 32.3126 6.79265 0.241993 -0.97004 -0.0205607
