37.1108 32.3378 -3.01083 -0.381669 -0.92429 0.00402497
37.0695 32.352 -2.02437 -0.367949 -0.929832 -0.00512956
37.0146 32.3748 -1.01023 -0.373401 -0.927662 0.00370851
37.1257 32.3313 0.00767519 -0.402026 -0.915578 0.00870018
37.1575 32.3232 0.858873 -0.384067 -0.923289 0.00429096
37.0404 32.3799 1.88196 -0.378552 -0.925473 0.00922833
36.9012 32.4321 2.71546 -0.377893 -0.925836 -0.00453649
36.9001 32.432 3.00274 -0.377174 -0.926141 0.00138495
36.2027 32.7042 3.23178 -0.357679 -0.93378 -0.0109564
36.221 32.7043 2.10321 -0.35619 -0.934365 -0.00224373
36.4052 32.6306 1.28967 -0.361154 -0.932465 0.00436754
36.385 32.634 0.242922 -0.348405 -0.937339 0.00301268
36.3139 32.6583 -0.605462 -0.371712 -0.928324 0.00660223
36.1799 32.7027 -1.4745 -0.352652 -0.935697 0.0102326
36.3723 32.6304 -2.34055 -0.350729 -0.936435 -0.00874498
36.3321 32.6515 -3.06128 -0.352027 -0.935931 0.00203889
35.512 32.9532 -3.06695 -0.336971 -0.941501 -0.00187731
35.5624 32.9296 -2.01212 -0.347695 -0.9376 -0.00214646
35.3654 33.0014 -1.19144 -0.329568 -0.944123 0.0037775
35.6208 32.9167 -0.154649 -0.342672 -0.939416 0.004941
35.5866 32.9297 0.775444 -0.334597 -0.94234 0.00430839
35.6219 32.9204 1.60218 -0.339359 -0.94063 0.00570006
35.4192 32.9888 2.4236 -0.327711 -0.944739 -0.00853453
35.5217 32.9504 3.2305 -0.323636 -0.946177 0.00141116
34.7102 33.2288 3.15467 -0.325967 -0.945367 -0.00513421
34.7102 33.2366 2.13249 -0.315396 -0.948919 -0.00181891
34.7102 33.2325 1.12402 -0.318364 -0.947959 0.00423615
34.7102 33.2303 0.219502 -0.317379 -0.948294 0.00315273
34.7102 33.2281 -0.815012 -0.321088 -0.947047 0.00141258
34.7102 33.225 -1.74294 -0.321767 -0.946806 0.00479289
34.7102 33.2254 -2.69772 -0.317514 -0.948239 -0.00519636
34.7102 33.2283 -3.1778 -0.316407 -0.948605 -0.005897
33.9178 33.4901 -3.27547 -0.302895 -0.953013 -0.00448274
33.838 33.5107 -2.38207 -0.304513 -0.9525 -0.00291604
33.9327 33.4844 -1.31573 -0.309222 -0.950989 0.00155252
34.0732 33.4413 -0.453086 -0.308481 -0.951226 0.00275999
33.8621 33.5102 0.523818 -0.301211 -0.953545 -0.0024392
33.8012 33.5268 1.35862 -0.292823 -0.95615 -0.00069005
33.8907 33.503 2.28909 -0.29144 -0.956587 0.0020298
34.0558 33.447 3.15086 -0.30875 -0.951069 -0.011899
33.2756 33.6889 3.09172 -0.282353 -0.959311 0.000289802
33.0907 33.7418 2.24747 -0.281429 -0.959569 0.00459251
33.0856 33.7459 1.029 -0.289694 -0.957112 -0.00363183
33.2406 33.7057 -0.139815 -0.295762 -0.95525 -0.00466005
33.1795 33.728 -1.20212 -0.302829 -0.953036 -0.000272406
33.0489 33.7615 -2.08713 -0.294806 -0.955526 0.00693748
33.0937 33.7491 -3.23623 -0.294598 -0.955606 -0.00343733
32.2834 33.9921 -3.06059 -0.284899 -0.958555 -0.00153209
32.2879 33.9903 -2.18358 -0.28145 -0.959565 -6.35885e-05
32.3975 33.9593 -1.17648 -0.275969 -0.961167 0.000198627
32.4816 33.9325 -0.328697 -0.279493 -0.960119 -0.00740337
32.3575 33.9635 0.520825 -0.280691 -0.959791 -0.00373784
32.2734 33.9849 1.42567 -0.28184 -0.959455 -0.00345544
32.3195 33.9678 2.28367 -0.280909 -0.959727 -0.00289987
32.421 33.9386 2.98962 -0.279175 -0.96024 0.00113159
35.3577 33.0105 4.42965 -0.33095 -0.943549 -0.00203862
33.8931 33.4904 4.41238 -0.299043 -0.954205 -0.00811319
32.7114 33.853 4.43145 -0.28928 -0.957231 -0.00504595
31.3222 34.2542 4.38656 -0.268819 -0.963191 0.000157309
30.9951 34.3456 3.17936 -0.267872 -0.963452 -0.000224595
30.9646 34.3555 1.91855 -0.268104 -0.963382 -0.00365716
30.8786 34.3848 0.344101 -0.26601 -0.963967 -0.0026892
30.9242 34.3732 -1.00651 -0.268183 -0.963368 0.000549574
30.9612 34.3651 -2.52673 -0.265509 -0.964104 -0.00283275
30.9713 34.3657 -3.83092 -0.267304 -0.963612 -0.000254729
31.8544 34.1172 -4.40143 -0.272874 -0.96205 -6.90319e-05
33.1873 33.7234 -4.41445 -0.294671 -0.955597 -0.00174831
34.305 33.3677 -4.4275 -0.314134 -0.949373 -0.00337493
35.5229 32.9531 -4.41385 -0.330006 -0.943944 -0.00787255
36.6317 32.5382 -4.42113 -0.368913 -0.929274 -0.0178318
37.8383 32.022 -4.44163 -0.40916 -0.912365 -0.013379
38.3178 31.7988 -3.36274 -0.425807 -0.904797 0.00555056
38.3092 31.8047 -2.10877 -0.427546 -0.903984 -0.00269858
38.3202 31.7952 -0.875581 -0.428257 -0.90363 0.00695888
38.322 31.8004 0.49235 -0.41837 -0.90824 0.00806585
38.3441 31.7925 1.66604 -0.429919 -0.902821 0.00293105
38.3298 31.8172 2.95997 -0.428843 -0.903331 -0.000912559
38.175 31.8809 4.10346 -0.410745 -0.911702 -0.00624268
36.9791 32.4024 4.40455 -0.384902 -0.922915 -0.00172156
35.815 32.8422 4.43226 -0.346543 -0.938031 0.00203113
35.6952 32.8866 4.4314 -0.346237 -0.938145 0.000710072
35.8597 32.8271 5.5808 -0.338731 -0.940825 0.00562368
34.6752 33.2381 5.54969 -0.321375 -0.946951 -0.000651243
33.4281 33.6367 5.55568 -0.299824 -0.953982 0.0047498
32.2977 33.9746 5.58015 -0.280751 -0.959775 0.000792622
31.1148 34.3119 5.61389 -0.269821 -0.962906 -0.000932889
30.0239 34.6124 5.41058 -0.264265 -0.96445 0.000388138
29.8755 34.6521 3.93144 -0.263381 -0.964691 0.000912021
29.8325 34.6649 2.74098 -0.262876 -0.964829 -0.00130382
29.872 34.6563 1.56065 -0.262238 -0.965002 -0.00169829
29.7852 34.6827 0.238604 -0.261205 -0.96528 -0.00245106
29.8455 34.6695 -1.30703 -0.261183 -0.965288 -0.00182806
29.8647 34.6663 -2.60606 -0.262767 -0.964856 -0.00250947
29.8374 34.6766 -3.77396 -0.263206 -0.964737 -0.00220341
29.8548 34.6737 -4.93806 -0.264313 -0.964436 -0.00139625
30.7294 34.4343 -5.57854 -0.26898 -0.963143 -0.00131217
31.8405 34.1224 -5.58997 -0.271951 -0.96231 -0.00147328
32.9736 33.7927 -5.5615 -0.288098 -0.957531 -0.00757402
34.1867 33.413 -5.61073 -0.306604 -0.951831 -0.00354256
35.4415 32.9906 -5.57539 -0.325567 -0.945501 -0.00572378
36.5366 32.5872 -5.57422 -0.368636 -0.929478 -0.0118782
37.9337 31.9946 -5.61113 -0.403854 -0.914773 -0.00949295
39.0522 31.4531 -5.59164 -0.452366 -0.891765 -0.00966281
39.3518 31.2929 -4.51516 -0.451215 -0.892415 -0.000459127
39.3526 31.2919 -3.04362 -0.454037 -0.89098 0.0015978
39.3399 31.3001 -1.63972 -0.440093 -0.897945 0.00341413
39.3605 31.2991 -0.339333 -0.448812 -0.893622 0.0026581
39.3585 31.3021 0.92812 -0.441986 -0.897011 0.00235566
39.3811 31.3056 2.40458 -0.448148 -0.893902 0.00273415
39.3466 31.3162 3.74266 -0.450235 -0.892904 0.00310182
39.3062 31.3356 5.03671 -0.445069 -0.895484 -0.000262484
38.3495 31.8056 5.60547 -0.426065 -0.904617 0.0116987
37.075 32.3665 5.55153 -0.375519 -0.926742 0.00819425
35.9568 32.7924 5.58046 -0.338882 -0.940654 0.0174461
36.0597 32.7781 6.71371 -0.336226 -0.941429 0.0249944
37.2264 32.3302 6.73369 -0.394856 -0.918316 0.0279532
38.3235 31.8478 6.73395 -0.424985 -0.90471 0.0297518
39.6181 31.1999 6.74884 -0.472875 -0.880929 0.0187767
40.3564 30.7834 6.04154 -0.483048 -0.875423 0.0165833
40.3362 30.8038 4.74378 -0.469892 -0.88263 -0.0117639
40.399 30.7762 3.5985 -0.473159 -0.880951 0.00655338
40.4012 30.7711 2.37773 -0.481199 -0.87661 0.00110218
40.3904 30.7751 1.22107 -0.468411 -0.883497 0.00367961
40.3798 30.7778 0.0481484 -0.471893 -0.881652 0.00261154
40.3904 30.7738 -1.15577 -0.456003 -0.889961 0.00549803
40.4078 30.7544 -2.38131 -0.461175 -0.887258 0.00940285
40.4032 30.7443 -3.53071 -0.468782 -0.883281 0.00561446
40.3747 30.7541 -4.80593 -0.479741 -0.877396 0.00381057
40.3714 30.7513 -6.28964 -0.499092 -0.866457 -0.0039541
39.52 31.2376 -6.78869 -0.482932 -0.874465 -0.0321877
38.4722 31.7624 -6.7502 -0.423289 -0.905779 -0.0197155
37.3518 32.2686 -6.74737 -0.393536 -0.919017 -0.0207325
36.1473 32.7526 -6.72734 -0.351483 -0.935754 -0.0286362
34.9948 33.161 -6.74486 -0.317951 -0.947871 -0.0203942
33.6753 33.5865 -6.74936 -0.300445 -0.953735 -0.0110547
32.4427 33.9571 -6.77626 -0.277144 -0.960799 -0.00750402
31.0469 34.3493 -6.74314 -0.264919 -0.964262 -0.00394824
29.8646 34.6747 -6.76236 -0.263566 -0.964638 -0.00250469
28.7871 34.9668 -6.20604 -0.261595 -0.965176 -0.00151008
28.7058 34.9865 -4.6874 -0.262218 -0.965006 -0.00224886
28.7609 34.9687 -3.42966 -0.261935 -0.965083 -0.00223515
28.7523 34.9673 -2.18811 -0.261269 -0.965258 -0.00392552
28.6789 34.9832 -0.723749 -0.260498 -0.965472 -0.00208986
28.7173 34.9696 0.469246 -0.258394 -0.966037 -0.00225868
28.7695 34.9535 1.8791 -0.25975 -0.965675 -0.00136471
28.7444 34.9594 3.06245 -0.260105 -0.96558 -0.000231706
28.757 34.9562 4.34726 -0.260443 -0.965486 0.00183888
28.8041 34.9447 5.55113 -0.262239 -0.965003 0.000718892
29.2638 34.8209 6.71891 -0.260992 -0.965339 0.00180245
30.384 34.5161 6.75096 -0.264078 -0.964499 0.00201165
31.5895 34.1846 6.75308 -0.269166 -0.96306 0.00759227
32.743 33.8559 6.74951 -0.274033 -0.961623 0.0136939
33.8438 33.5261 6.70757 -0.306229 -0.951776 0.0185846
34.9873 33.1505 6.73558 -0.31299 -0.949451 0.0234187
35.8566 32.8494 6.71838 -0.333959 -0.942139 0.028715
