1.21884 33.0499 -2.99605 0.281533 -0.959519 -0.00784642
1.1659 33.0293 -1.93589 0.279335 -0.960193 -0.000617062
1.07322 33.0036 -1.08478 0.268705 -0.963211 0.0043038
0.997802 32.985 -0.273335 0.266794 -0.963753 -1.02942e-06
1.00426 32.9845 0.596724 0.262814 -0.964845 -0.00136447
1.1145 33.0138 1.58182 0.271873 -0.962329 -0.00130841
1.03347 32.9957 2.3786 0.282997 -0.959097 0.00540546
0.933213 32.9712 3.3138 0.276711 -0.960945 0.00398824
0.240117 32.7843 3.18072 0.247577 -0.96886 0.00364726
0.35019 32.8011 2.06642 0.248802 -0.968455 0.0110915
0.350518 32.8059 1.06609 0.26271 -0.96486 -0.00393829
0.222803 32.7743 0.232059 0.256327 -0.966577 -0.00424274
0.324248 32.798 -0.709039 0.26658 -0.963736 0.0118541
0.3775 32.8122 -1.59192 0.255266 -0.966801 -0.0115952
0.469182 32.8452 -2.55777 0.256374 -0.966569 -0.00164494
0.441381 32.8366 -3.23313 0.257536 -0.966267 0.00149035
-0.402418 32.6171 -3.43529 0.245603 -0.969353 0.00582057
-0.338993 32.6338 -2.44523 0.25164 -0.967801 -0.00306552
-0.398644 32.6109 -1.58623 0.245877 -0.969269 -0.00738662
-0.409803 32.6071 -0.804993 0.243485 -0.969884 0.00581745
-0.477962 32.5959 0.0557351 0.24013 -0.970725 0.0055779
-0.478477 32.5974 0.925888 0.234524 -0.97211 -0.000455981
-0.39804 32.6154 1.87445 0.231996 -0.972705 0.00222518
-0.422294 32.6135 2.68024 0.240999 -0.970521 0.00294847
-0.445188 32.6086 3.18684 0.247268 -0.968942 0.00171725
-1.23104 32.4135 3.16862 0.233614 -0.972322 -0.00187061
-1.23104 32.4158 2.10971 0.23208 -0.972695 -0.0018124
-1.23104 32.4167 1.19653 0.230417 -0.973091 -0.000707511
-1.23104 32.4125 0.323813 0.229506 -0.973248 0.0106869
-1.23104 32.4089 -0.504662 0.231567 -0.972814 0.00105028
-1.23104 32.408 -1.36394 0.232611 -0.972562 -0.00339481
-1.23104 32.4106 -2.16838 0.230506 -0.973071 -0.000287133
-1.23104 32.4097 -3.1681 0.235567 -0.971858 -5.40397e-05
-1.23104 32.4096 -3.34307 0.23445 -0.972126 -0.00100829
-1.92597 32.2426 -3.35138 0.222517 -0.974929 -0.000436419
-2.08291 32.2088 -2.57849 0.227213 -0.973831 0.00509324
-1.95079 32.2407 -1.49935 0.224565 -0.974458 -0.000894784
-2.0736 32.2106 -0.667717 0.222312 -0.974951 0.00198601
-2.07306 32.2158 0.182923 0.219306 -0.97563 0.00709661
-2.01514 32.2323 0.963805 0.229458 -0.973317 -0.00029907
-2.04498 32.2243 1.76043 0.218957 -0.975729 0.000231591
-2.03139 32.2286 2.69158 0.225527 -0.974236 0.00100729
-1.99855 32.2359 3.42359 0.223795 -0.974634 0.000397741
-2.7336 32.0702 3.37896 0.214113 -0.976809 -0.000407098
-2.68243 32.0817 2.49678 0.214897 -0.976636 -0.000767018
-2.78479 32.0604 1.67189 0.216491 -0.976284 -0.00117437
-2.84547 32.0463 0.87873 0.217587 -0.976039 0.00170319
-2.88028 32.0351 -0.00564105 0.215416 -0.976509 0.00484765
-2.78077 32.0546 -1.00317 0.213079 -0.977034 0.000571759
-2.75508 32.0592 -1.87217 0.212013 -0.97726 0.00340523
-2.69116 32.069 -2.9295 0.215421 -0.976511 0.000106053
-2.7103 32.0657 -3.39941 0.213821 -0.97687 -0.0023839
-3.47322 31.9005 -3.24238 0.209158 -0.977881 -0.00142684
-3.48029 31.9 -2.42222 0.209969 -0.977702 0.00282272
-3.49081 31.9005 -1.58255 0.212165 -0.977231 0.00156925
-3.574 31.8829 -0.595734 0.210212 -0.977655 0.000991911
-3.63756 31.8707 0.190854 0.21125 -0.97743 0.00169583
-3.57472 31.8864 1.29474 0.215032 -0.976606 0.000586782
-3.44077 31.9152 2.09344 0.215027 -0.976607 -0.00111492
-3.43702 31.9164 2.99171 0.212811 -0.977093 0.000329661
-3.46167 31.9111 3.22216 0.212833 -0.977089 0.000111078
1.34787 33.0898 -4.55833 0.284249 -0.958704 0.0088766
-0.106496 32.6865 -4.60653 0.253179 -0.967401 0.003344
-1.28045 32.3926 -4.61789 0.225646 -0.9742 0.00331119
-2.55337 32.101 -4.61893 0.216959 -0.976162 -0.000516079
-3.79351 31.8348 -4.56334 0.209198 -0.977872 -0.00145662
-4.75428 31.6275 -3.81864 0.209521 -0.977803 -0.00134315
-4.82292 31.6117 -2.51299 0.210205 -0.977657 -0.000366044
-4.84357 31.6083 -1.09829 0.211302 -0.97742 0.00103021
-4.87273 31.6026 0.248325 0.213266 -0.976994 0.000475868
-4.88056 31.6014 1.42485 0.212676 -0.977123 5.55555e-05
-4.84631 31.6096 2.72692 0.213239 -0.977 0.000855521
-4.78529 31.6242 3.97781 0.212075 -0.977252 0.00153244
-3.79103 31.8406 4.52973 0.211339 -0.977409 0.00271234
-2.50113 32.1228 4.56138 0.221014 -0.975268 0.00156848
-1.20925 32.4173 4.54884 0.229321 -0.973342 -0.00409441
-0.00925956 32.7171 4.50771 0.25302 -0.967444 -0.00282185
1.30871 33.075 4.5373 0.272576 -0.962105 -0.00165243
2.31958 33.3777 4.29283 0.287342 -0.957825 -0.00238925
2.42896 33.4158 3.09765 0.291408 -0.956589 -0.00165288
2.42532 33.4166 1.91664 0.303908 -0.952697 0.00140325
2.40713 33.4061 0.744081 0.316314 -0.948627 -0.00118665
2.39212 33.4142 -0.548119 0.310957 -0.950318 0.00954616
2.36742 33.3954 -1.70379 0.317299 -0.948319 -0.00330959
2.31892 33.3828 -2.86945 0.308995 -0.951019 -0.00826794
2.28227 33.3822 -4.16246 0.301754 -0.953331 -0.0101757
1.81471 33.2322 -4.52049 0.296131 -0.955031 0.0140044
1.96662 33.2677 -5.67455 0.29662 -0.954966 0.00754556
0.788414 32.9203 -5.69109 0.26921 -0.963026 0.00955119
-0.354644 32.619 -5.70166 0.249993 -0.968242 0.00274595
-1.47302 32.3471 -5.70823 0.224947 -0.974368 0.00173997
-2.67939 32.0746 -5.71482 0.211592 -0.977354 0.00225229
-3.87662 31.8192 -5.67413 0.207848 -0.97816 -0.00121033
-5.16605 31.545 -5.6266 0.210616 -0.977557 -0.00477093
-5.89986 31.3836 -4.95673 0.212556 -0.977139 -0.00417339
-5.86205 31.3878 -3.80211 0.211881 -0.977293 -0.00193318
-5.89618 31.3781 -2.62437 0.213029 -0.977045 -3.41061e-05
-5.89878 31.3788 -1.46219 0.214239 -0.97678 0.00155814
-5.91758 31.3744 -0.10052 0.213515 -0.97694 -0.00044647
-5.94644 31.3683 1.40228 0.214015 -0.97683 0.000564357
-5.91357 31.3762 2.74449 0.214084 -0.976815 0.000370281
-5.91631 31.3771 3.98511 0.214102 -0.97681 0.00180884
-5.83236 31.3996 5.19726 0.215684 -0.976432 0.00767953
-5.00101 31.5842 5.66109 0.210457 -0.977581 0.00654937
-3.72074 31.8593 5.64533 0.209062 -0.977896 0.00356201
-2.52198 32.1168 5.6388 0.213089 -0.977025 -0.000445855
-1.2443 32.4028 5.65962 0.227179 -0.973835 -0.00488544
-0.0983476 32.6851 5.58917 0.249155 -0.96841 -0.00945095
1.05262 32.992 5.61929 0.27969 -0.959942 -0.0168379
2.23384 33.3422 5.6698 0.292743 -0.956044 -0.0167287
3.34215 33.7036 5.27788 0.32272 -0.946492 -0.00206865
3.43617 33.7412 4.01696 0.320707 -0.94716 -0.00590042
3.44876 33.749 2.66395 0.317939 -0.948097 0.00311778
3.46244 33.7666 1.33094 0.326949 -0.944992 -0.00965835
3.41062 33.7555 0.169284 0.332455 -0.943113 -0.00205035
3.41059 33.7568 -1.12299 0.338732 -0.940879 -0.00246807
3.36582 33.7413 -2.44572 0.337296 -0.941396 -0.0016654
3.37138 33.7451 -3.78282 0.330107 -0.943942 -0.00149973
3.3912 33.7455 -4.94475 0.325408 -0.945462 0.0140346
2.5973 33.4644 -5.65524 0.306955 -0.951529 0.0153153
2.09723 33.3084 -5.67021 0.298636 -0.954335 0.00761188
2.20814 33.3169 -6.78714 0.290187 -0.956471 0.0307001
0.975085 32.9531 -6.77658 0.278031 -0.960394 0.0180806
-0.356149 32.6053 -6.8019 0.246689 -0.968848 0.0215796
-1.51626 32.3243 -6.81562 0.229674 -0.973144 0.0151515
-2.84084 32.0309 -6.79933 0.204822 -0.978748 0.00985735
-4.09504 31.7768 -6.7843 0.205913 -0.978561 -0.00417568
-5.27736 31.5321 -6.74534 0.206777 -0.978231 -0.0175502
-6.68979 31.2226 -6.6852 0.220017 -0.975452 -0.00916875
-6.96275 31.1517 -5.36976 0.214487 -0.97672 -0.00348493
-6.95253 31.1498 -3.99169 0.214008 -0.976827 -0.00317298
-6.9699 31.1425 -2.75794 0.216755 -0.976226 -0.000952334
-6.96205 31.1431 -1.57045 0.218983 -0.975729 -0.000182259
-6.96628 31.1424 -0.312662 0.218008 -0.975947 0.000391623
-6.99157 31.1371 1.04414 0.216861 -0.976202 0.000164394
-7.01805 31.1317 2.51021 0.217986 -0.975952 0.000170743
-7.00502 31.1353 3.75329 0.217338 -0.976095 0.00132219
-6.96984 31.1463 5.00864 0.217429 -0.976062 0.00510845
-6.98178 31.1519 6.18056 0.220442 -0.975376 0.00654047
-6.15527 31.3437 6.76791 0.221274 -0.9751 0.0147685
-4.99867 31.5949 6.78554 0.201093 -0.97951 0.0109239
-3.53786 31.9023 6.74946 0.207042 -0.978324 0.00386304
-2.20367 32.1858 6.74785 0.210647 -0.97756 -0.00183872
-0.918991 32.4715 6.75959 0.231319 -0.972767 -0.0141283
0.259848 32.7611 6.72266 0.242535 -0.970035 -0.0143105
1.39127 33.0705 6.76664 0.281725 -0.959284 -0.0196505
2.63317 33.4484 6.76792 0.299759 -0.953895 -0.0151079
3.81136 33.8423 6.7416 0.329783 -0.943818 -0.0206118
4.40845 34.0651 5.99179 0.33197 -0.943206 -0.0119735
4.4543 34.0915 4.64286 0.338028 -0.941079 -0.00926029
4.50106 34.1161 3.48609 0.334634 -0.942341 -0.00361116
4.48928 34.1168 2.34165 0.333015 -0.942882 -0.00816214
4.4608 34.1261 0.971519 0.340113 -0.940308 -0.0119867
4.42623 34.1208 -0.250379 0.354384 -0.935044 -0.0101102
4.44807 34.1358 -1.57691 0.349787 -0.936828 -0.00145837
4.41337 34.1199 -2.84077 0.349224 -0.937016 0.0064778
4.39127 34.108 -4.01011 0.341765 -0.939775 0.00445076
4.47003 34.1198 -5.16824 0.333736 -0.942517 0.0166984
4.37382 34.055 -6.50224 0.337064 -0.941158 0.0244473
3.38575 33.6969 -6.76483 0.316916 -0.947927 0.0315156
2.55437 33.4279 -6.76602 0.304605 -0.95167 0.0392121
