-30.819 27.81 4.55805 0.0855815 -0.996322 0.00424964
-30.8969 27.8016 3.6302 0.0848644 -0.996392 -0.000297719
-30.9402 27.7973 2.62629 0.0789259 -0.99688 -0.00124766
-30.8258 27.8052 1.57082 0.0757576 -0.997126 0.00045975
-30.8446 27.8013 0.497291 0.0777268 -0.996971 0.0026465
-30.8938 27.7915 -0.480433 0.067752 -0.997655 0.00958157
-30.8148 27.793 -1.34194 0.0573226 -0.998339 0.00574552
-30.8633 27.7829 -2.23758 0.0593339 -0.998205 0.00804379
-30.9242 27.777 -3.07328 0.0560545 -0.998426 0.00120074
-30.878 27.7824 -4.05548 0.0503158 -0.998723 -0.00275828
-30.9064 27.7807 -4.39465 0.049701 -0.998753 -0.00286779
-31.6176 27.7378 -4.37156 0.0662673 -0.997799 -0.00234315
-31.6124 27.7353 -3.52034 0.0694903 -0.997577 -0.00257973
-31.6728 27.7306 -2.66989 0.065547 -0.997849 -0.000237976
-31.5582 27.7409 -1.64808 0.0678381 -0.997677 0.0061048
-31.6247 27.7387 -0.848558 0.0729899 -0.997329 0.00235598
-31.7025 27.7363 0.117881 0.074289 -0.997229 0.000138673
-31.5247 27.7488 1.13978 0.0825791 -0.996584 -0.00121437
-31.6836 27.7357 2.16388 0.0853775 -0.996345 0.000726863
-31.6789 27.7362 3.14559 0.084455 -0.996425 -0.00029379
-31.6427 27.7373 4.06152 0.0861108 -0.996285 -0.000795179
-31.562 27.7448 4.53598 0.0876771 -0.996147 0.0010209
-32.3264 27.6741 4.50984 0.0946601 -0.995505 -0.00301468
-32.4397 27.667 3.62501 0.0923034 -0.995721 -0.00406083
-32.4251 27.6698 2.80493 0.0895655 -0.995981 -0.000606906
-32.3957 27.6738 1.77661 0.0884321 -0.99608 -0.00223
-32.2687 27.6859 0.935438 0.085716 -0.99632 -0.000403356
-32.565 27.6643 -0.0935756 0.0831692 -0.996532 -0.00243517
-32.3516 27.6821 -1.1191 0.078661 -0.9969 0.00142825
-32.3545 27.6819 -2.13052 0.0771063 -0.997022 -0.00100327
-32.439 27.6753 -3.10823 0.0748497 -0.997194 0.00106292
-32.2716 27.69 -4.03567 0.0760358 -0.997089 -0.00557315
-32.3251 27.6885 -4.54531 0.0784073 -0.996906 -0.00536207
-33.1469 27.6227 -4.37279 0.083069 -0.99653 -0.00517708
-33.2045 27.6146 -3.44928 0.0841345 -0.996454 -0.0011624
-33.1773 27.6163 -2.64041 0.084178 -0.996451 -0.000216471
-33.2119 27.612 -1.79875 0.0856246 -0.99632 -0.003756
-33.2389 27.6072 -0.726428 0.0869786 -0.996209 -0.00124235
-33.2535 27.6022 0.292468 0.0881683 -0.9961 -0.00332048
-33.2454 27.6006 1.14757 0.0906578 -0.995873 -0.004223
-33.2308 27.5975 2.20548 0.0913495 -0.995812 -0.00382407
-33.2454 27.5931 3.13136 0.0936673 -0.99559 -0.00485471
-33.2444 27.5885 3.99962 0.096699 -0.995299 -0.0053279
-33.2454 27.5845 4.62558 0.0971605 -0.995253 -0.00542106
-33.9972 27.511 4.64654 0.097575 -0.995208 -0.00640628
-33.9582 27.5208 3.68872 0.0958388 -0.995376 -0.00642615
-33.9648 27.5256 2.89377 0.0954324 -0.995414 -0.00660683
-33.9655 27.5306 2.07467 0.0948688 -0.995474 -0.00555471
-33.9734 27.5333 1.27089 0.0933114 -0.995626 -0.00473412
-33.9487 27.5389 0.461613 0.091073 -0.995838 -0.00361909
-33.9704 27.5398 -0.376677 0.090859 -0.995858 -0.00325713
-33.9713 27.5422 -1.17177 0.0907225 -0.995871 -0.00306681
-33.9785 27.5444 -2.02247 0.0901203 -0.995928 -0.00206347
-33.9851 27.5453 -2.83208 0.0888853 -0.996038 -0.00281322
-33.976 27.549 -3.64317 0.0876735 -0.996145 -0.00296652
-33.9858 27.5506 -4.47598 0.0875181 -0.996148 -0.0049931
-34.7194 27.4836 -4.28221 0.0913309 -0.995811 -0.00445526
-34.712 27.4817 -3.39902 0.0908572 -0.99586 -0.00280872
-34.7586 27.4753 -2.59619 0.0897734 -0.995958 -0.00279803
-34.7127 27.4765 -1.69277 0.0893244 -0.995997 -0.00324777
-34.7712 27.4685 -0.862925 0.0905739 -0.995885 -0.003207
-34.7228 27.4694 -0.00708389 0.0922711 -0.995722 -0.00493912
-34.7348 27.4634 0.945936 0.093555 -0.995602 -0.00497383
-34.8043 27.4515 1.91751 0.0951246 -0.995448 -0.00595724
-34.7879 27.4474 2.78539 0.0960889 -0.995345 -0.00738739
-34.6799 27.4505 3.72973 0.0969137 -0.995268 -0.00704664
-34.7632 27.4363 4.62841 0.0969534 -0.995267 -0.00657849
-34.7601 27.4363 4.67475 0.0967329 -0.99529 -0.00634688
-35.5267 27.3624 4.65336 0.0950749 -0.995447 -0.00680019
-35.4077 27.381 3.68004 0.0951847 -0.995431 -0.00759567
-35.5202 27.3776 2.7356 0.0954798 -0.995406 -0.00715142
-35.5471 27.3817 1.78348 0.0944824 -0.995505 -0.00646664
-35.4193 27.3997 0.919338 0.0930297 -0.995641 -0.00664113
-35.4571 27.4011 0.0430954 0.0906177 -0.995866 -0.00595384
-35.5468 27.3993 -1.0094 0.0893339 -0.995989 -0.00509542
-35.4652 27.4098 -1.89819 0.0880437 -0.99611 -0.00356285
-35.4581 27.4126 -2.73438 0.0880717 -0.996111 -0.0014598
-35.4095 27.4185 -3.66512 0.0911572 -0.995833 -0.00276553
-35.4787 27.4142 -4.26964 0.0906435 -0.995879 -0.00272308
-36.3124 27.3408 -4.67732 0.0856959 -0.996319 -0.000803597
-36.1858 27.3503 -3.85021 0.0845997 -0.996414 -0.0012326
-36.1996 27.3485 -2.89457 0.0865007 -0.996252 -0.0002781
-36.2176 27.3442 -1.78325 0.0853221 -0.996343 -0.00451237
-36.2698 27.3337 -0.812964 0.0868651 -0.996197 -0.00631515
-36.2147 27.3324 0.048337 0.0904263 -0.995864 -0.00877848
-36.1467 27.3323 0.835345 0.0919598 -0.995738 -0.00691788
-36.2517 27.3159 1.72884 0.0923702 -0.995697 -0.00727718
-36.2518 27.3078 2.82137 0.0930299 -0.995635 -0.00746348
-36.1935 27.3051 3.79766 0.0946547 -0.995479 -0.00783889
-36.2759 27.2914 4.55154 0.095553 -0.995398 -0.00723993
-35.3644 27.4277 -5.44865 0.0913195 -0.99582 -0.00185412
-34.328 27.5258 -5.42684 0.0945862 -0.995498 -0.00603599
-33.5028 27.5997 -5.40979 0.0854792 -0.996302 -0.00864076
-32.7049 27.6652 -5.48961 0.0770566 -0.996989 -0.00871606
-31.9228 27.7229 -5.54514 0.0672497 -0.997698 -0.0086687
-31.1419 27.772 -5.47635 0.0608122 -0.998088 -0.0110127
-30.3615 27.8153 -5.39675 0.0497628 -0.998606 -0.0175288
-29.5704 27.8491 -5.17192 0.0438164 -0.998979 -0.0104171
-29.4215 27.8499 -4.38896 0.0394289 -0.999217 -0.00182867
-29.4129 27.8492 -3.50875 0.0392904 -0.999228 -0.000378244
-29.4207 27.8535 -2.48669 0.0387668 -0.999199 0.00905023
-29.4344 27.8653 -1.52792 0.0428401 -0.998918 0.0173555
-29.4363 27.8798 -0.732913 0.0536902 -0.998389 0.0172703
-29.4432 27.8891 0.0645539 0.0580014 -0.998249 0.011618
-29.415 27.8998 0.968403 0.0583975 -0.998246 0.00888037
-29.4065 27.9056 1.7917 0.064445 -0.997901 0.00625678
-29.4116 27.9095 2.55658 0.0677058 -0.997695 0.00447108
-29.4799 27.9116 3.51881 0.0760064 -0.997058 0.00988726
-29.4707 27.9198 4.30568 0.0764155 -0.997041 0.00834328
-29.6301 27.9143 5.22 0.0812964 -0.996631 0.0103177
-30.5898 27.8353 5.45201 0.0892473 -0.995965 0.00790544
-31.6219 27.7401 5.47165 0.0925847 -0.995705 8.99673e-05
-32.468 27.6571 5.50542 0.0971122 -0.995272 -0.00179215
-33.3147 27.5742 5.49383 0.0979782 -0.995183 -0.00336158
-34.1209 27.4948 5.44129 0.0984271 -0.995134 -0.00446005
-34.9158 27.4167 5.42489 0.0965316 -0.995313 -0.00574979
-35.7214 27.3378 5.44411 0.0975018 -0.995204 -0.00782212
-36.6395 27.2498 5.40819 0.0953197 -0.995414 -0.00800937
-37.4084 27.1798 5.2408 0.0884517 -0.996043 -0.0086518
-37.5818 27.1711 4.46766 0.0884183 -0.996047 -0.00852421
-37.6286 27.1734 3.70129 0.0886788 -0.996021 -0.00884835
-37.5991 27.1864 2.50245 0.0896892 -0.995936 -0.00825774
-37.574 27.1962 1.66292 0.0860204 -0.996234 -0.0108484
-37.5173 27.2125 0.692296 0.086594 -0.996192 -0.00996865
-37.5675 27.2163 -0.0899512 0.0808206 -0.996652 -0.0123812
-37.5811 27.2274 -1.02516 0.0775266 -0.996921 -0.0106833
-37.6126 27.2312 -1.88193 0.0749945 -0.997161 -0.00615062
-37.5998 27.2352 -2.68408 0.0731226 -0.997317 -0.00334003
-37.5717 27.2399 -3.50971 0.0759892 -0.997104 -0.00171153
-37.5532 27.2406 -4.40295 0.0773468 -0.997003 0.00159237
-37.4767 27.2451 -5.283 0.0792916 -0.996846 0.00313488
-36.6028 27.3174 -5.48753 0.0870503 -0.996199 0.0031564
-35.6395 27.4024 -5.43946 0.0902892 -0.995914 -0.00133255
-35.5881 27.4069 -6.20393 0.0918634 -0.99577 0.0014963
-34.8297 27.4812 -6.21603 0.0970563 -0.995272 0.00125877
-33.9031 27.571 -6.19508 0.0944614 -0.995505 -0.00674689
-32.9123 27.6564 -6.2386 0.0796703 -0.99678 -0.0085793
-32.0421 27.7249 -6.30691 0.0780748 -0.996885 -0.01117
-31.2045 27.7802 -6.251 0.0666195 -0.997606 -0.0185162
-30.2405 27.8335 -6.17409 0.0481134 -0.998726 -0.0152295
-29.3295 27.8769 -6.18446 0.0431613 -0.998859 -0.0203062
-28.8036 27.8885 -5.72431 0.032568 -0.999333 -0.0161571
-28.6813 27.8782 -4.61598 0.0355337 -0.999355 -0.00507863
-28.6748 27.8753 -3.66598 0.03448 -0.999395 0.00101898
-28.6801 27.8823 -2.55846 0.0366607 -0.999281 0.00956356
-28.6906 27.8972 -1.61358 0.0453746 -0.99875 0.0209303
-28.6927 27.9125 -0.850324 0.0490953 -0.998662 0.0159417
-28.7009 27.9261 0.0253737 0.0499909 -0.998642 0.0146546
-28.6851 27.9379 0.791133 0.0500609 -0.998657 0.0125122
-28.6472 27.9499 1.75553 0.0478441 -0.998788 0.0109541
-28.6796 27.9572 2.67567 0.063169 -0.997933 0.0102566
-28.7279 27.9673 3.72163 0.0704397 -0.997455 0.0109794
-28.7034 27.9792 4.59746 0.0709549 -0.997422 0.0106114
-28.7448 27.985 5.37373 0.0728301 -0.997274 0.011843
-29.0481 27.973 6.06859 0.0741016 -0.997014 0.0214884
-29.8392 27.9128 6.23825 0.0826236 -0.996306 0.0233965
-30.6171 27.8398 6.20734 0.0964551 -0.995263 0.0121659
-31.3939 27.7644 6.21435 0.0949878 -0.99541 0.0115202
-32.3677 27.6658 6.25097 0.0980935 -0.995173 -0.00302188
-33.4282 27.5611 6.24023 0.0985382 -0.99513 -0.00236871
-34.2988 27.4743 6.1656 0.0989981 -0.995083 -0.00308105
-35.2405 27.38 6.20728 0.101322 -0.994841 -0.00501655
-36.3118 27.2737 6.16715 0.0988024 -0.995056 -0.0100937
-37.3446 27.1742 6.17509 0.0940834 -0.995499 -0.0113574
-38.2478 27.1011 5.6873 0.0855877 -0.996233 -0.0136329
-38.3225 27.1016 4.9346 0.0874963 -0.996124 -0.00902322
-38.3642 27.1045 4.16335 0.0870276 -0.996174 -0.00797193
-38.3859 27.1093 3.39261 0.0867254 -0.996189 -0.00923222
-38.3449 27.1229 2.29482 0.0868502 -0.996167 -0.0104279
-38.3045 27.1365 1.46642 0.0842593 -0.996346 -0.0139556
-38.2512 27.1511 0.699266 0.0819315 -0.996542 -0.0138053
-38.3193 27.1552 -0.0766337 0.0787054 -0.996797 -0.0139242
-38.3402 27.1692 -1.01247 0.0757335 -0.996989 -0.0166144
-38.359 27.1778 -1.94153 0.0642244 -0.997885 -0.00823316
-38.3572 27.1807 -2.71171 0.0619098 -0.998075 -0.00352794
-38.311 27.1857 -3.54694 0.0696465 -0.997569 -0.000374131
-38.3001 27.184 -4.42964 0.0732422 -0.997303 0.00471065
-38.3094 27.1801 -5.2115 0.0745206 -0.997211 0.00383928
-38.1825 27.1841 -6.07084 0.0759021 -0.997088 0.00738706
-37.2546 27.2562 -6.261 0.0873538 -0.996153 0.00656326
-36.4108 27.332 -6.27476 0.0892124 -0.996008 0.00243272
-35.8431 27.3836 -6.21775 0.0904069 -0.995903 0.00176632
-35.839 27.3821 -6.96714 0.08815 -0.996096 0.00413044
-36.7586 27.2926 -6.99966 0.0951382 -0.995381 0.0123293
-37.5214 27.2219 -6.99184 0.0769135 -0.996769 0.019958
-38.2796 27.1672 -6.97997 0.0751161 -0.997093 0.0127451
-39.0838 27.1169 -6.50431 0.0656036 -0.997831 -0.00544602
-39.077 27.1182 -5.67584 0.0775864 -0.996965 0.00638029
-39.0617 27.1268 -4.89328 0.0711345 -0.997457 0.00433977
-39.0482 27.1318 -4.0999 0.0698311 -0.997544 0.00533558
-39.0962 27.1352 -3.08051 0.0614611 -0.998088 0.00607081
-39.1185 27.1326 -2.23783 0.0584832 -0.998227 -0.0108669
-39.0811 27.1231 -1.37067 0.0660079 -0.997565 -0.0207814
-39.0883 27.0984 -0.320221 0.0806083 -0.996583 -0.0180278
-39.0475 27.0869 0.644068 0.0808586 -0.996595 -0.0160076
-39.06 27.069 1.6716 0.0848383 -0.99629 -0.0144531
-39.0772 27.0566 2.55091 0.086198 -0.99623 -0.00970759
-39.1174 27.0446 3.52134 0.0863275 -0.996223 -0.00939565
-39.1123 27.0376 4.33323 0.0873639 -0.996138 -0.00879445
-39.0672 27.0353 5.19655 0.0838784 -0.996459 -0.00575324
-39.0619 27.029 6.04485 0.0836084 -0.996443 -0.0105227
-38.8584 27.0414 6.87636 0.0754148 -0.997147 -0.00323145
-38.016 27.1041 6.97225 0.0772635 -0.996887 -0.0151936
-37.0139 27.1942 6.9261 0.0950178 -0.995304 -0.0184661
-35.8584 27.3129 6.93944 0.101006 -0.994867 -0.00617002
-35.0492 27.3968 6.96419 0.103432 -0.994632 -0.00288848
-34.0828 27.4942 6.9207 0.0989045 -0.995094 -0.00236778
-33.015 27.6007 7.00415 0.0984187 -0.995144 -0.000225346
-32.0763 27.6912 6.9951 0.0989825 -0.995029 -0.00749323
-31.12 27.8004 6.97971 0.114997 -0.993245 0.0148259
-30.2601 27.8929 6.97508 0.097537 -0.994455 0.0393193
-29.4155 27.9641 6.98403 0.0774944 -0.996721 0.0232063
-28.6403 28.021 6.90088 0.0694691 -0.997319 0.0229965
-27.9724 28.054 6.4042 0.0623884 -0.997921 0.0161405
-27.9699 28.045 5.6516 0.0703102 -0.997471 0.00972571
-27.8845 28.0401 4.68157 0.0752217 -0.997011 0.0169099
-27.952 28.0229 3.91062 0.0676346 -0.997615 0.0137769
-27.9581 28.0019 2.71963 0.0574348 -0.998214 0.0164105
-27.924 27.9839 1.85644 0.0471296 -0.99865 0.0207936
-27.9404 27.9722 1.02877 0.0387355 -0.999195 0.0103223
-27.9041 27.9655 0.184875 0.0391151 -0.999201 0.00804391
-27.9297 27.9562 -0.58094 0.0493189 -0.998687 0.0135836
-27.9371 27.9356 -1.49042 0.0494384 -0.998484 0.0242003
-27.9447 27.911 -2.41458 0.0343465 -0.999249 0.0175744
-27.9493 27.9018 -3.22117 0.0319481 -0.999463 0.00695584
-27.9445 27.8996 -4.17859 0.0314465 -0.999503 -0.0017709
-27.9576 27.9022 -4.94935 0.0274963 -0.999546 -0.0122664
-27.9679 27.9099 -5.71055 0.024142 -0.999652 -0.0102996
-27.9847 27.9263 -6.65475 0.0170109 -0.999602 -0.0224243
-28.6659 27.9231 -6.99749 0.0306439 -0.998987 -0.0328059
-29.5285 27.8879 -6.9719 0.0459748 -0.998417 -0.0321212
-30.2936 27.8497 -6.96118 0.0496588 -0.998341 -0.0291335
-31.3156 27.7917 -7.01419 0.0704643 -0.996939 -0.0338669
-32.2909 27.7137 -7.03148 0.0799969 -0.996706 -0.0131107
-33.166 27.6441 -6.98104 0.0803267 -0.996717 -0.00987721
-34.0277 27.5645 -7.00897 0.106494 -0.994313 0.000127739
-34.8324 27.4784 -7.00929 0.104176 -0.994556 0.000544347
-35.5193 27.4097 -6.96668 0.0892216 -0.995983 0.00660029
