37.0672 32.8976 1.4096 -0.372931 -0.92782 -0.00854917
37.0264 32.908 2.31985 -0.37537 -0.926791 -0.0123644
37.0391 32.9008 2.4983 -0.374578 -0.927128 -0.0111084
36.3079 33.1814 3.08949 -0.355579 -0.934621 -0.00667956
36.2254 33.2159 2.09776 -0.342049 -0.939659 -0.00642784
36.324 33.1835 0.905379 -0.340955 -0.940072 -0.00234339
36.3463 33.176 -0.0152603 -0.351985 -0.936003 -0.00206303
36.1655 33.2467 -0.914612 -0.34274 -0.939375 0.00261871
36.0347 33.2893 -2.14943 -0.351261 -0.936275 0.00203413
36.2026 33.2312 -3.02294 -0.347736 -0.937581 -0.00446327
36.2691 33.2073 -3.26465 -0.351496 -0.936178 -0.00113056
35.4734 33.4973 -3.14903 -0.328687 -0.944419 0.00446006
35.358 33.5372 -2.12517 -0.32448 -0.945867 -0.000832686
35.3522 33.5342 -0.893057 -0.328763 -0.944375 -0.00739599
35.5736 33.4553 0.213647 -0.330452 -0.943803 -0.00417636
35.4933 33.4773 1.3465 -0.326937 -0.945043 -0.00104385
35.3707 33.5149 2.34608 -0.324708 -0.945785 -0.00740514
35.4714 33.4778 3.07675 -0.324754 -0.945794 0.00211345
34.608 33.7728 3.28052 -0.316991 -0.948418 -0.000549085
34.608 33.7758 2.12049 -0.320146 -0.94736 -0.00385937
34.608 33.7806 0.935225 -0.321637 -0.946854 -0.0041392
34.608 33.7837 -0.323868 -0.31241 -0.949945 0.000636072
34.608 33.7904 -1.3853 -0.307141 -0.951658 -0.00319247
34.6413 33.7778 -2.33271 -0.318868 -0.947789 0.00381897
34.608 33.7888 -3.22062 -0.309558 -0.950877 -0.00225156
34.608 33.7889 -3.22304 -0.311469 -0.950251 -0.00225164
33.8437 34.033 -2.92415 -0.295165 -0.955443 -0.00237766
33.7348 34.0679 -1.62046 -0.293439 -0.955977 0.000164383
33.8018 34.0443 -0.712131 -0.297232 -0.954805 -0.000425362
33.7929 34.0459 0.206287 -0.293275 -0.956024 0.00033942
33.4865 34.1411 1.25794 -0.291948 -0.956388 -4.86717e-05
33.7278 34.0571 2.3709 -0.299388 -0.95411 -0.00638225
33.8471 34.019 3.30427 -0.302279 -0.953219 0.000365446
33.1129 34.2449 3.01839 -0.284372 -0.958712 -0.00204645
32.7552 34.3536 2.18653 -0.28499 -0.958521 -0.00414943
32.6694 34.3822 1.28391 -0.281915 -0.959439 -0.000820608
32.7957 34.3462 0.22826 -0.282429 -0.959287 -0.00147767
32.8483 34.3335 -0.922119 -0.278618 -0.960401 -0.00155645
32.9025 34.3186 -2.22223 -0.28409 -0.958779 0.000574127
33.0524 34.2742 -3.13397 -0.285803 -0.958283 -0.00286104
33.0455 34.2765 -3.29036 -0.285218 -0.958462 -0.00104812
32.2186 34.5198 -3.20123 -0.279727 -0.960077 -0.00228043
32.0731 34.5597 -2.3234 -0.278078 -0.960556 -0.00211442
31.9993 34.5797 -1.13695 -0.277282 -0.960788 -2.34618e-05
31.9707 34.5894 -0.105239 -0.276978 -0.960867 0.00107467
31.939 34.5964 0.744871 -0.278702 -0.960369 -0.0041376
37.0873 32.8919 0.52911 -0.371873 -0.928273 0.00437011
37.0071 32.9223 -0.499682 -0.37708 -0.926174 0.0013707
36.8254 32.9885 -1.46935 -0.364595 -0.931141 0.00540581
36.7736 33.0099 -2.37324 -0.369039 -0.929375 -0.0084689
36.9288 32.9541 -3.03865 -0.371765 -0.928297 -0.000607876
30.8389 34.9054 0.779798 -0.267216 -0.963635 -0.00140685
30.8167 34.913 -0.359503 -0.267054 -0.963681 -0.000817086
30.8453 34.9049 -1.53372 -0.267898 -0.963447 0.000297206
30.8535 34.9052 -2.94421 -0.266338 -0.963879 -0.00131893
30.9217 34.8873 -4.13093 -0.2678 -0.963474 -0.000795406
31.9998 34.5839 -4.42451 -0.276242 -0.961088 -5.00311e-05
33.2754 34.2103 -4.45544 -0.289424 -0.957196 -0.000920331
34.3669 33.8695 -4.47874 -0.310417 -0.950592 -0.000627597
35.4774 33.4954 -4.45424 -0.327561 -0.944822 -0.00208194
36.553 33.1033 -4.45525 -0.357604 -0.933826 -0.00884332
37.9315 32.5459 -4.38456 -0.393218 -0.919431 -0.00439299
38.1818 32.4375 -3.16908 -0.396164 -0.918147 -0.0010815
38.2076 32.409 -1.96984 -0.397059 -0.917721 -0.0073816
38.1776 32.4284 -0.758027 -0.402161 -0.915468 0.0135725
38.1306 32.4575 0.759482 -0.402706 -0.915308 0.00602643
38.1168 32.4519 2.14349 -0.39992 -0.916527 -0.00573269
38.1609 32.4332 3.41078 -0.395834 -0.918311 0.00441739
37.5941 32.6789 4.36158 -0.387671 -0.921785 0.00472904
36.3706 33.1561 4.4476 -0.34886 -0.937138 0.00699268
35.0025 33.6428 4.45157 -0.318017 -0.948082 -0.00115764
33.8756 34.0059 4.44634 -0.298567 -0.954379 -0.00316534
32.6175 34.3923 4.44025 -0.287398 -0.957799 -0.00104646
31.3831 34.7496 4.39372 -0.271167 -0.962531 -0.0011251
30.844 34.9015 3.17812 -0.265165 -0.964203 -0.000495685
30.8759 34.8941 1.78698 -0.264875 -0.964282 -0.00156605
30.8475 34.903 1.08266 -0.265857 -0.96401 -0.000947275
29.7614 35.1999 1.07555 -0.263195 -0.964741 -0.0015909
29.7238 35.2124 -0.0688011 -0.26217 -0.96502 -0.00168604
29.7342 35.2114 -1.29514 -0.262158 -0.965023 -0.00197707
29.7538 35.2079 -2.56361 -0.264274 -0.964446 -0.00151572
29.7508 35.2103 -3.86372 -0.265724 -0.964048 -0.00146152
29.769 35.2078 -5.06081 -0.264633 -0.964346 -0.00213409
30.6215 34.9735 -5.56637 -0.266485 -0.963833 -0.00330109
31.8803 34.6204 -5.58908 -0.273249 -0.961938 -0.00295295
32.9816 34.2994 -5.61407 -0.285565 -0.958347 -0.00382994
34.1696 33.9351 -5.62179 -0.301157 -0.953572 -0.00103398
35.4357 33.5137 -5.58623 -0.325487 -0.945512 -0.00729753
36.7289 33.0418 -5.62184 -0.360561 -0.932721 -0.00515653
38.0524 32.5034 -5.61824 -0.38846 -0.921408 -0.0093187
39.1528 31.9939 -5.39316 -0.429247 -0.903172 -0.00519669
39.2148 31.9593 -4.05293 -0.434457 -0.900693 0.000156544
39.2197 31.9549 -2.79347 -0.429681 -0.902959 -0.00633129
39.2478 31.9338 -1.61574 -0.424127 -0.905591 0.00303466
39.1912 31.9729 -0.234415 -0.424269 -0.905454 0.0120408
39.1527 31.9859 1.26799 -0.425286 -0.90491 -0.0163279
39.1843 31.969 2.51968 -0.420261 -0.907388 0.00505576
39.2141 31.9543 3.6962 -0.428899 -0.90334 0.00382325
39.1721 31.9849 5.00787 -0.428382 -0.903584 0.00457942
38.3662 32.3638 5.53761 -0.402259 -0.91531 0.0198268
37.0607 32.9061 5.604 -0.357559 -0.933677 0.0199248
35.9591 33.3132 5.58246 -0.337804 -0.941195 0.000205543
34.6727 33.7543 5.62419 -0.311829 -0.950057 0.00226289
33.231 34.209 5.58773 -0.289396 -0.957177 0.00528032
32.1022 34.5439 5.55819 -0.278852 -0.960326 -4.05289e-05
30.6198 34.9611 5.54443 -0.26638 -0.963868 -0.000800847
29.7811 35.1918 4.75357 -0.263122 -0.964763 0.000242207
29.7317 35.2059 3.3696 -0.262785 -0.964854 -0.000319863
29.7598 35.1989 2.16233 -0.263337 -0.964704 -0.000717448
29.7572 35.2004 1.42493 -0.263094 -0.964769 -0.00155508
28.6536 35.4999 1.4394 -0.260702 -0.965419 -0.00110165
28.6194 35.5077 2.57684 -0.259907 -0.965633 -0.000486354
28.6121 35.5094 3.79334 -0.260951 -0.965352 -0.000291236
28.6651 35.4954 5.23226 -0.262733 -0.964868 0.000795579
28.8416 35.4479 6.59092 -0.262438 -0.964949 0.000332565
30.0988 35.1062 6.71275 -0.263478 -0.964663 0.00207656
31.459 34.731 6.74555 -0.265459 -0.964054 0.0103481
32.7323 34.3696 6.75699 -0.276265 -0.961035 0.00929977
33.849 34.0361 6.73271 -0.299592 -0.953806 0.0198348
35.098 33.6248 6.7442 -0.317583 -0.94794 0.0218776
36.4725 33.1426 6.76252 -0.335721 -0.94186 0.0137982
37.8262 32.6199 6.7081 -0.386818 -0.921759 0.0270391
39.0928 32.0603 6.70127 -0.423475 -0.905198 0.0358265
40.1897 31.5078 6.50221 -0.462308 -0.886573 0.0153263
40.2277 31.4787 5.17411 -0.442681 -0.89666 0.00588136
40.2482 31.4597 3.99942 -0.445286 -0.89538 0.00282295
40.2504 31.461 2.84507 -0.432177 -0.901789 -0.000525898
40.2117 31.4823 1.6791 -0.432226 -0.901759 -0.00333879
40.2022 31.4954 0.537698 -0.438014 -0.898941 -0.00674664
40.2744 31.4541 -0.717588 -0.431865 -0.90193 0.0038247
40.2863 31.437 -2.07055 -0.443723 -0.896144 0.00601514
40.2291 31.4582 -3.20615 -0.450994 -0.89249 0.00644224
40.2695 31.4318 -4.33999 -0.462931 -0.886354 0.00851414
40.239 31.4404 -5.66964 -0.466442 -0.884536 0.00328026
39.6964 31.7376 -6.72559 -0.461721 -0.88673 -0.0143553
38.5793 32.2782 -6.78483 -0.413164 -0.910504 -0.0166252
37.3508 32.8078 -6.77512 -0.378313 -0.925519 -0.0171352
36.2927 33.2204 -6.73337 -0.349722 -0.936115 -0.0360427
35.1756 33.6183 -6.76738 -0.32255 -0.946429 -0.0152313
34.0962 33.9672 -6.75275 -0.297883 -0.954523 -0.0123369
32.9867 34.304 -6.75482 -0.284722 -0.958552 -0.0105882
31.663 34.688 -6.73011 -0.271043 -0.962524 -0.00912011
30.4979 35.011 -6.74394 -0.266304 -0.963883 -0.00315883
29.0899 35.3959 -6.72409 -0.262151 -0.965025 -0.00204445
28.6249 35.5215 -5.80769 -0.262969 -0.964804 -0.000837068
28.651 35.5124 -4.36936 -0.263455 -0.96467 -0.00158771
28.6412 35.5132 -3.23502 -0.262706 -0.964874 -0.00201046
28.6345 35.5118 -1.98986 -0.262208 -0.965007 -0.00308947
28.6206 35.5129 -0.775205 -0.26141 -0.965226 -0.00186305
28.6421 35.504 0.722173 -0.261025 -0.96533 -0.00178625
28.6542 35.5 1.17102 -0.260753 -0.965405 -0.00125183
