-30.7901 28.2803 4.50459 0.0759574 -0.997091 0.00570645
-30.7949 28.2754 3.39405 0.0700755 -0.99754 0.00127784
-30.7547 28.2751 2.40543 0.061825 -0.998081 0.00281651
-30.8067 28.2695 1.54129 0.0665289 -0.997775 0.00351451
-30.8658 28.2628 0.548595 0.0668192 -0.997764 -6.22052e-05
-30.9299 28.256 -0.344857 0.0569497 -0.998362 0.00539988
-30.8561 28.2602 -1.19871 0.0466178 -0.998904 -0.00202489
-30.7992 28.2562 -2.1396 0.0525361 -0.998584 0.00726774
-30.7709 28.2532 -3.16953 0.0448014 -0.998994 0.00105267
-30.7739 28.2571 -4.15652 0.0435974 -0.999029 -0.00623453
-30.7812 28.2579 -4.35841 0.0426948 -0.999071 -0.00584679
-31.5256 28.2199 -4.66858 0.0568672 -0.998367 -0.00541903
-31.5663 28.2137 -3.65741 0.0587154 -0.998271 -0.00219818
-31.5208 28.2154 -2.68403 0.0560801 -0.998423 0.00191976
-31.573 28.2153 -1.75111 0.0593736 -0.998228 0.00384447
-31.6281 28.2128 -0.771496 0.064456 -0.997919 -0.0016065
-31.6722 28.2114 0.0708884 0.0636483 -0.997967 -0.000812532
-31.5721 28.2161 0.934841 0.0678958 -0.997688 0.00260366
-31.5377 28.2191 1.75961 0.0695812 -0.997576 0.000844325
-31.4983 28.2245 2.68364 0.0747414 -0.997203 0.000514888
-31.5932 28.2186 3.62053 0.0750204 -0.997178 -0.000241227
-31.5501 28.2212 4.51211 0.0789114 -0.99688 0.000927515
-31.5497 28.2214 4.60434 0.080565 -0.996747 0.00158536
-32.2726 28.162 4.5864 0.0867501 -0.996228 -0.00188062
-32.4004 28.1538 3.62563 0.0846553 -0.996402 -0.00402918
-32.2885 28.1641 2.6871 0.0800992 -0.996785 -0.000146211
-32.3107 28.162 1.73295 0.0779165 -0.996959 -0.00115126
-32.3059 28.163 0.833542 0.0748406 -0.997192 -0.00245711
-32.4052 28.1575 0.0279869 0.07581 -0.997119 -0.000862233
-32.318 28.1654 -0.938275 0.0730492 -0.997328 -0.00110091
-32.3295 28.1663 -1.85211 0.0686253 -0.997641 -0.00142956
-32.2771 28.1695 -2.94522 0.0642906 -0.997927 0.00285268
-32.4386 28.1595 -4.00881 0.0679889 -0.997677 -0.00415265
-32.2803 28.1737 -4.69429 0.0709838 -0.997451 -0.00725869
-33.1577 28.1114 -4.70783 0.0765309 -0.997049 -0.00562452
-33.1748 28.1064 -3.83732 0.0752364 -0.997162 -0.00270457
-33.1577 28.1072 -3.02871 0.0758951 -0.997115 0.000256413
-33.182 28.105 -2.08717 0.0775696 -0.996987 -3.79696e-05
-33.1192 28.1078 -1.24217 0.0732928 -0.997302 -0.00401995
-33.2209 28.097 -0.257235 0.0774428 -0.996992 -0.00294105
-33.1078 28.1024 0.690599 0.0766728 -0.997054 -0.00234019
-33.1548 28.0968 1.49572 0.0777256 -0.99697 -0.00292445
-33.1444 28.0939 2.49069 0.0825981 -0.996575 -0.00378774
-33.1326 28.0923 3.35417 0.083684 -0.996487 -0.00325487
-33.1246 28.0887 4.41749 0.0861919 -0.99627 -0.00419585
-33.9106 28.0193 4.4783 0.088091 -0.9961 -0.00506406
-34.0803 28.0084 3.68625 0.0874088 -0.996157 -0.00558234
-33.8938 28.0295 2.81428 0.0862874 -0.996255 -0.00553078
-33.8933 28.036 1.69912 0.0841344 -0.996437 -0.00578322
-33.9029 28.039 0.736073 0.0827592 -0.996564 -0.0031941
-33.9081 28.0421 -0.266162 0.080321 -0.996763 -0.00349246
-33.8904 28.047 -1.12136 0.0798909 -0.996798 -0.00332118
-33.8981 28.0486 -1.94555 0.0817272 -0.996653 -0.00201662
-33.8933 28.0494 -2.80057 0.0802437 -0.996774 -0.00114038
-33.8963 28.0512 -3.71702 0.0789591 -0.996875 -0.00227897
-33.906 28.0521 -4.40942 0.0773243 -0.996989 -0.00581915
-34.7682 27.9829 -4.43643 0.0817336 -0.99665 -0.00274617
-34.7308 27.9832 -3.41016 0.0811961 -0.996694 -0.00278349
-34.6741 27.9862 -2.50512 0.080367 -0.996763 -0.00190139
-34.6995 27.9823 -1.67297 0.0818798 -0.99664 -0.00211503
-34.6645 27.9829 -0.851588 0.0820725 -0.996621 -0.00332476
-34.8021 27.9674 0.0855188 0.0828777 -0.996548 -0.00476532
-34.7226 27.9699 0.935238 0.0837982 -0.996465 -0.00579473
-34.7963 27.9586 1.75967 0.0850231 -0.996358 -0.00648196
-34.6822 27.9617 2.7728 0.0859989 -0.996278 -0.00592822
-34.7184 27.9529 3.59866 0.0876793 -0.996128 -0.00645429
-34.7931 27.9411 4.52536 0.0879373 -0.996111 -0.00547045
-34.7963 27.9404 4.59025 0.0879558 -0.996108 -0.00577514
-35.5887 27.8718 4.40943 0.0848131 -0.996379 -0.0060123
-35.4434 27.8914 3.36899 0.0857424 -0.996292 -0.00717231
-35.4393 27.8988 2.44367 0.0855021 -0.996311 -0.00729858
-35.548 27.8968 1.4228 0.0839996 -0.996436 -0.00768127
-35.546 27.9039 0.372956 0.0836741 -0.996477 -0.00555965
-35.5022 27.9125 -0.500277 0.0813419 -0.996668 -0.0059574
-35.4065 27.9243 -1.42079 0.080107 -0.99678 -0.00340066
-35.4597 27.9224 -2.29452 0.0803107 -0.996767 -0.0025459
-35.5034 27.921 -3.14353 0.0787536 -0.996892 -0.00215
-35.52 27.9213 -4.185 0.080558 -0.996749 -0.00145917
-35.5268 27.9214 -4.537 0.0806908 -0.996737 -0.00207912
-36.2902 27.8612 -4.39417 0.0767368 -0.997047 -0.00292616
-36.277 27.8602 -3.58127 0.0738253 -0.997271 -0.000740659
-36.2219 27.8635 -2.6917 0.0774787 -0.996993 -0.00103311
-36.1805 27.8643 -1.75901 0.0766365 -0.99705 -0.00412766
-36.1934 27.859 -0.923969 0.0802006 -0.996766 -0.00504705
-36.2819 27.8462 0.0124939 0.0810392 -0.996687 -0.00696963
-36.3074 27.8368 0.931913 0.0818933 -0.996609 -0.00784826
-36.2436 27.8343 1.92941 0.0839214 -0.996442 -0.00776375
-36.1875 27.8316 2.89406 0.0834455 -0.996481 -0.00791465
-36.2879 27.8158 3.86157 0.0819924 -0.996608 -0.00702345
-36.3723 27.8056 4.39034 0.0840331 -0.996449 -0.00526648
-37.6096 27.7695 -4.51682 0.0667946 -0.997765 -9.24386e-05
-37.4078 27.7815 -5.24268 0.0678273 -0.997686 0.00442749
-36.664 27.8351 -5.37279 0.0764685 -0.99707 -0.00205431
-35.8486 27.8976 -5.41009 0.078679 -0.996893 -0.00306421
-35.044 27.9637 -5.42248 0.0834581 -0.996508 -0.00219171
-34.2866 28.0276 -5.45997 0.0839062 -0.996454 -0.00623376
-33.2882 28.107 -5.47085 0.0774019 -0.996973 -0.00726632
-32.3855 28.172 -5.46084 0.0706832 -0.997464 -0.00830041
-31.3883 28.2336 -5.44054 0.056118 -0.998357 -0.0111057
-30.5935 28.2752 -5.42202 0.0459255 -0.99879 -0.0159344
-29.7875 28.301 -5.27724 0.0340603 -0.999287 -0.0163071
-29.4811 28.3069 -4.60735 0.0320922 -0.999478 -0.00378678
-29.4781 28.3057 -3.78474 0.0337226 -0.999431 0.000398133
-29.5102 28.3065 -2.87342 0.0390568 -0.999224 0.00493491
-29.4804 28.3145 -1.93609 0.033156 -0.999413 0.00849328
-29.4436 28.3265 -0.930724 0.0395645 -0.999137 0.0125192
-29.4124 28.3348 -0.0786452 0.0442653 -0.998985 0.0083182
-29.441 28.3403 0.754297 0.0465849 -0.998896 0.00599888
-29.4958 28.3432 1.58468 0.0467303 -0.998886 0.00642391
-29.5255 28.3477 2.49334 0.0581282 -0.998285 0.00686936
-29.5406 28.3553 3.43392 0.0622365 -0.997981 0.0126552
-29.5429 28.3645 4.2057 0.0621551 -0.997999 0.0115125
-29.6151 28.3694 5.06756 0.062464 -0.99798 0.0115914
-30.4641 28.3095 5.36638 0.0731314 -0.997293 0.00749716
-31.4083 28.2339 5.43628 0.0822128 -0.996614 0.000945847
-32.3093 28.1569 5.42846 0.0879816 -0.996118 -0.00253139
-33.0912 28.0881 5.37332 0.0893858 -0.99599 -0.00382852
-33.8783 28.018 5.34983 0.0886389 -0.996051 -0.00494571
-34.7867 27.9367 5.38034 0.0881434 -0.996092 -0.00564316
-35.8131 27.8464 5.42376 0.0857148 -0.996293 -0.00725346
-36.6877 27.7726 5.41131 0.0837021 -0.996465 -0.00719592
-37.4989 27.7066 5.256 0.0796424 -0.996787 -0.00849376
-37.5777 27.7071 4.43125 0.0797439 -0.996785 -0.00771521
-37.6145 27.7105 3.60355 0.0794893 -0.996807 -0.00754168
-37.6213 27.7155 2.83501 0.0801705 -0.996758 -0.00685039
-37.6365 27.7225 1.88315 0.0786314 -0.996854 -0.0100052
-37.6509 27.7299 1.01651 0.0760176 -0.997045 -0.0110381
-37.6474 27.739 0.209103 0.071393 -0.9974 -0.00937292
-37.6414 27.7468 -0.595446 0.0695905 -0.997501 -0.0120858
-37.6397 27.7546 -1.39256 0.0669414 -0.997722 -0.00837791
-37.6635 27.7592 -2.21504 0.0668878 -0.997738 -0.00666155
-37.6657 27.7639 -3.11459 0.0651134 -0.997867 -0.00461872
-37.6617 27.7659 -3.89734 0.06254 -0.998041 -0.000408623
-37.6391 27.7677 -4.16597 0.0636641 -0.997971 -0.000397483
-38.4014 27.7203 -4.20234 0.062829 -0.998009 0.00559705
-38.3794 27.7157 -5.2444 0.0612656 -0.998106 0.00447871
-38.2432 27.7191 -6.04831 0.0654189 -0.997832 0.0070019
-37.412 27.7737 -6.14551 0.0728412 -0.9973 0.00778337
-36.3602 27.8571 -6.15278 0.0785032 -0.996907 0.00268229
-35.4056 27.9348 -6.18623 0.0859902 -0.996288 -0.00237598
-34.6084 28.0054 -6.20835 0.0841557 -0.996431 -0.00650327
-33.7975 28.0737 -6.20165 0.079783 -0.996779 -0.00729038
-33.037 28.1317 -6.20737 0.0760096 -0.997055 -0.0101306
-32.2169 28.193 -6.2152 0.0722547 -0.997292 -0.0136916
-31.3273 28.2506 -6.20761 0.0550787 -0.998234 -0.0221736
-30.5302 28.2881 -6.19295 0.0403474 -0.999103 -0.0127654
-29.6064 28.3219 -6.16383 0.0334261 -0.999123 -0.0251851
-28.8677 28.3366 -5.78911 0.0238695 -0.999578 -0.0161064
-28.7314 28.3294 -4.91682 0.0230845 -0.999724 -0.00435648
-28.702 28.3275 -4.02073 0.0265144 -0.999648 9.67051e-05
-28.7403 28.3291 -3.05989 0.0270707 -0.999619 0.00540214
-28.7566 28.3345 -2.25543 0.0291976 -0.999541 0.00810767
-28.714 28.3463 -1.44577 0.0343371 -0.999289 0.0155767
-28.676 28.3608 -0.533139 0.0345982 -0.999319 0.0127061
-28.6941 28.371 0.483861 0.030754 -0.999493 0.00804961
-28.7275 28.3761 1.34448 0.0388374 -0.999207 0.00742284
-28.7513 28.385 2.20722 0.0439207 -0.999005 0.00747098
-28.7658 28.3944 3.08413 0.0522767 -0.998506 0.0158496
-28.7962 28.4052 3.96189 0.0561852 -0.998309 0.0149386
-28.7971 28.4174 4.81465 0.0583022 -0.998186 0.0150051
-28.8252 28.4264 5.64006 0.0620321 -0.997954 0.015429
-29.3356 28.4041 6.10378 0.0644298 -0.997718 0.0198871
-30.2145 28.3413 6.14011 0.0813269 -0.996503 0.0178512
-31.2956 28.2479 6.18431 0.0861367 -0.996226 0.0106503
-32.3358 28.1528 6.17986 0.0889872 -0.996029 -0.0029063
-33.4512 28.0522 6.11137 0.0901864 -0.995911 -0.0052887
-34.5071 27.958 6.13241 0.0892286 -0.996003 -0.00407453
-35.3269 27.8846 6.17064 0.0885443 -0.996055 -0.00576811
-36.1483 27.8113 6.19547 0.0872024 -0.996141 -0.0096669
-36.9072 27.7468 6.17859 0.0843572 -0.996373 -0.0111317
-37.8099 27.6722 6.13988 0.0796223 -0.996747 -0.0123578
-38.3819 27.6335 5.55782 0.0795739 -0.996794 -0.00834153
-38.3625 27.6425 4.65973 0.079055 -0.996835 -0.00840047
-38.3609 27.6507 3.65188 0.0788382 -0.996848 -0.00878547
-38.3649 27.6579 2.77916 0.076958 -0.997003 -0.00789196
-38.3885 27.6631 2.01238 0.0749889 -0.997117 -0.0114013
-38.4104 27.6717 1.15506 0.072864 -0.997286 -0.0105784
-38.4048 27.6836 0.271554 0.0714432 -0.997352 -0.0135582
-38.3984 27.6951 -0.547424 0.0663885 -0.997708 -0.0130601
-38.4134 27.7037 -1.4305 0.0649787 -0.997852 -0.00824384
-38.4138 27.7126 -2.43755 0.0586018 -0.998256 -0.00699383
-38.4065 27.7183 -3.25209 0.056802 -0.998354 -0.00681113
-38.4075 27.7206 -3.94979 0.0605971 -0.99816 0.0017632
-39.1608 27.6766 -3.96046 0.0548862 -0.998487 0.00339252
-39.1818 27.6716 -4.72779 0.0633157 -0.997938 0.00980414
-39.1652 27.6616 -5.58315 0.0680152 -0.997627 0.0105866
-39.1516 27.6595 -6.40503 0.0602512 -0.998164 -0.000624287
-38.5487 27.6915 -6.94479 0.0546793 -0.998498 0.003205
-37.7913 27.7397 -6.92608 0.0585767 -0.998166 0.0143054
-37.0084 27.796 -6.89492 0.0835507 -0.996264 0.0218179
-35.948 27.8893 -6.93309 0.0807921 -0.996726 0.00191944
-35.1416 27.9522 -6.94499 0.0910662 -0.995767 0.0110567
-34.3401 28.0351 -6.973 0.0964274 -0.995272 -0.00270866
-33.5565 28.0996 -6.9582 0.0737965 -0.997204 -0.0116429
-32.7177 28.1642 -6.97572 0.0782361 -0.996892 -0.00920107
-31.8418 28.2324 -6.97181 0.0737678 -0.996998 -0.0234828
-31.0586 28.2798 -6.97782 0.045666 -0.998734 -0.0210558
-30.1759 28.3191 -6.95352 0.0444397 -0.99878 -0.0213751
-29.2087 28.3594 -6.98427 0.0393434 -0.99858 -0.0356238
-28.1386 28.3719 -6.91109 -0.00212135 -0.999412 -0.0334035
-27.9942 28.3512 -5.99331 0.00510086 -0.999907 -0.0123302
-27.9892 28.3445 -5.15199 0.0138909 -0.999886 -0.00594959
-27.9859 28.3418 -4.19974 0.0166524 -0.999861 -0.000755533
-27.9753 28.348 -3.31153 0.0255985 -0.99965 0.00660636
-27.9885 28.3544 -2.37578 0.0289646 -0.999455 0.0144023
-27.9676 28.3706 -1.59044 0.036732 -0.999202 0.0156772
-27.9205 28.3843 -0.62861 0.0309319 -0.999462 0.0109147
-27.9564 28.3906 0.202867 0.0283711 -0.999573 0.00691826
-27.9634 28.3957 0.964304 0.0264002 -0.999615 0.00848508
-27.9848 28.4075 1.89827 0.0309537 -0.999359 0.0179073
-28.0156 28.4261 2.76198 0.0448828 -0.998755 0.0215662
-27.9953 28.4425 3.62498 0.0492468 -0.998646 0.0167345
-28.0396 28.4586 4.51916 0.0630102 -0.997862 0.0173391
-28.0145 28.4721 5.48622 0.0574862 -0.998271 0.0118691
-27.9757 28.489 6.4505 0.0538644 -0.998429 0.0151726
-28.5609 28.4659 6.88764 0.0568465 -0.998087 0.0241015
-29.4796 28.4115 6.90561 0.066228 -0.997564 0.0216999
-30.3065 28.3482 6.90596 0.0871675 -0.995889 0.0245474
-31.1792 28.2595 6.93886 0.104328 -0.99448 -0.000443482
-31.9647 28.1841 6.9335 0.0925684 -0.995687 -0.00516605
-32.7715 28.1107 6.91574 0.0917052 -0.995784 -0.00187769
-33.6846 28.0252 6.89397 0.0900712 -0.995852 -0.0128939
-34.4651 27.9591 6.91733 0.0894267 -0.995991 -0.0023737
-35.3612 27.8781 6.91514 0.0895201 -0.995983 -0.00143529
-36.154 27.8035 6.96139 0.0957874 -0.995342 -0.00862206
-36.9152 27.7364 6.95835 0.0845773 -0.996226 -0.0192912
-37.6815 27.6705 6.91709 0.0879038 -0.995608 -0.031599
-38.4681 27.6117 6.93765 0.0688587 -0.997364 -0.0220662
-39.0708 27.573 6.43841 0.0809461 -0.996714 0.00147851
-39.1598 27.571 5.59901 0.0816312 -0.996571 -0.013462
-39.118 27.5827 4.78593 0.0772133 -0.996989 -0.00691696
-39.0826 27.5944 3.63817 0.0778149 -0.996921 -0.00963604
-39.1174 27.6002 2.71882 0.0777271 -0.996918 -0.0104966
-39.1461 27.6084 1.9061 0.0740254 -0.997167 -0.0133798
-39.1635 27.6198 1.01384 0.0710514 -0.997386 -0.013111
-39.1477 27.6321 0.213779 0.0698437 -0.997439 -0.0153911
-39.1677 27.6446 -0.669139 0.0676408 -0.997558 -0.0172986
-39.1851 27.6606 -1.7946 0.0586129 -0.998237 -0.00922148
-39.162 27.6728 -2.67022 0.0566748 -0.998288 -0.0142939
-39.157 27.6795 -3.47581 0.050272 -0.998723 0.00258235
-39.1614 27.6769 -3.83552 0.0527827 -0.998591 0.00471047
