36.7989 33.5347 -2.83345 -0.341948 -0.939711 0.00150997
36.8181 33.5239 -1.85741 -0.360777 -0.932639 -0.0022008
36.6989 33.5725 -0.839037 -0.357354 -0.93395 -0.00277662
36.7326 33.5592 0.116543 -0.353357 -0.935472 0.00543929
36.7446 33.5647 1.03606 -0.37031 -0.928869 0.00660675
36.7621 33.5511 2.01827 -0.356375 -0.934316 -0.00715311
36.6603 33.5802 3.08625 -0.348226 -0.93737 -0.00871996
35.8763 33.8648 3.22471 -0.326556 -0.945161 0.00294396
36.0195 33.8172 2.38242 -0.330284 -0.943816 -0.0111277
35.9914 33.8324 1.51702 -0.328387 -0.944542 -0.00189413
36.0012 33.8292 0.414564 -0.333307 -0.942812 0.00337207
35.9971 33.8275 -0.510967 -0.331372 -0.9435 -0.000653761
36.0201 33.8196 -1.35146 -0.330725 -0.943727 0.00103897
36.1094 33.7832 -2.19361 -0.339321 -0.94067 0.000533226
36.0207 33.815 -3.05496 -0.334494 -0.942397 0.000855757
36.0268 33.8128 -3.10841 -0.334125 -0.942528 0.000582159
35.2395 34.0902 -3.04161 -0.329699 -0.944079 -0.00365004
35.3483 34.052 -2.20819 -0.329078 -0.944297 0.00343153
35.2475 34.0877 -1.14497 -0.32208 -0.946705 0.00371506
35.3489 34.0553 -0.313368 -0.318174 -0.94803 0.00148116
35.1843 34.1096 0.643156 -0.318139 -0.948039 -0.0029285
35.1587 34.1166 1.61296 -0.318801 -0.94782 -0.00113675
35.2323 34.0874 2.46853 -0.321283 -0.946932 -0.00988285
35.1015 34.1283 3.13709 -0.32056 -0.947228 0.000579466
34.3795 34.3682 3.10225 -0.305511 -0.952176 -0.00306836
34.3795 34.3733 2.26221 -0.299344 -0.954131 -0.00483628
34.3795 34.3765 1.17307 -0.310647 -0.950522 -0.00112908
34.3795 34.3771 -0.0117203 -0.311424 -0.950269 -0.0013174
34.3795 34.3747 -0.941985 -0.300307 -0.953839 0.00259506
34.3795 34.3728 -1.88386 -0.302109 -0.953269 0.00215273
34.3795 34.3757 -2.91121 -0.30569 -0.952079 -0.00998182
34.3795 34.3782 -3.13909 -0.30675 -0.95175 -0.0084915
33.5742 34.6302 -3.27422 -0.283964 -0.95883 -0.00303504
33.5284 34.6372 -2.26655 -0.288824 -0.957377 -0.000748112
33.5926 34.6204 -1.40537 -0.286034 -0.958219 0.000897448
33.5297 34.641 -0.426316 -0.284472 -0.958682 0.00186779
33.6148 34.6145 0.466986 -0.290284 -0.956932 0.00155303
33.5865 34.6263 1.55151 -0.290979 -0.956687 0.0002734
33.5094 34.6423 2.60127 -0.296912 -0.954889 -0.00384467
33.644 34.5988 3.27819 -0.29176 -0.956483 -0.0041082
32.8254 34.8453 3.22429 -0.286219 -0.958161 -0.00229636
32.7158 34.8806 2.08928 -0.28421 -0.958753 -0.00383331
32.8401 34.8449 1.15063 -0.281468 -0.95957 0.000325012
32.8533 34.8419 -0.0196705 -0.283998 -0.958824 -0.000391777
32.7906 34.8589 -1.06893 -0.283656 -0.958925 0.00159665
32.7873 34.8601 -2.2326 -0.284389 -0.958706 0.000216753
32.7659 34.8676 -2.82398 -0.282536 -0.959252 -0.00300606
32.0099 35.0889 -3.0216 -0.279413 -0.96016 -0.00465313
32.0494 35.0767 -1.95177 -0.280542 -0.95984 -0.000763703
32.0509 35.078 -0.880094 -0.280744 -0.959774 0.00245298
32.1015 35.0636 0.227214 -0.27432 -0.961637 -0.00184563
32.0582 35.0727 1.1735 -0.277608 -0.960693 0.000193553
31.9515 35.1026 2.27479 -0.278728 -0.960365 -0.00319606
32.0097 35.0857 3.00541 -0.278812 -0.960341 0.00167537
32.3927 34.9792 -4.44942 -0.279813 -0.960051 -0.00122965
33.7717 34.5726 -4.44298 -0.292817 -0.956164 0.000166022
34.9956 34.1746 -4.43661 -0.318245 -0.948005 0.000149847
36.1577 33.7726 -4.46822 -0.344628 -0.938717 -0.000226232
37.4033 33.2971 -4.45961 -0.368782 -0.929502 -0.00487643
38.031 33.0416 -3.49971 -0.381649 -0.924288 -0.00461718
37.9837 33.0561 -2.09414 -0.385533 -0.922693 0.00133199
38.0123 33.0465 -0.908741 -0.380075 -0.924955 -2.34375e-05
38.0041 33.0526 0.555104 -0.383063 -0.923707 0.00508726
38.0137 33.0464 1.77225 -0.38489 -0.922958 -0.00148921
38.002 33.0497 3.00834 -0.383117 -0.923696 0.00259562
37.8885 33.0998 4.24715 -0.376502 -0.926407 0.003994
36.8381 33.5091 4.43625 -0.346952 -0.93788 0.00228951
35.6958 33.9279 4.44751 -0.335708 -0.94192 -0.00415014
34.5607 34.3092 4.43402 -0.304333 -0.952548 -0.00131451
33.4639 34.6505 4.43493 -0.289856 -0.957069 -0.00100358
32.3646 34.9804 4.44867 -0.28065 -0.95981 -0.000557017
30.9727 35.3772 4.30258 -0.270545 -0.962706 -0.000523309
30.7843 35.4298 3.1551 -0.265106 -0.964219 -0.00083688
30.7194 35.4488 1.91765 -0.265842 -0.964016 -0.00133566
30.728 35.4483 0.675621 -0.264447 -0.964399 -0.00173272
30.7431 35.4457 -0.481285 -0.267773 -0.96348 -0.00149619
30.7319 35.4495 -1.67128 -0.268938 -0.963157 0.000544398
30.788 35.4338 -2.96093 -0.269202 -0.963081 -0.00205024
30.8609 35.4151 -4.16775 -0.267361 -0.963596 -0.00100132
32.0763 35.0718 -4.45425 -0.277208 -0.960803 0.000810275
32.272 35.0146 -4.45046 -0.281028 -0.959699 0.000923538
32.2158 35.0326 -5.60434 -0.278771 -0.960336 -0.00642568
33.3721 34.6893 -5.59022 -0.286636 -0.958032 0.00219522
34.6716 34.2837 -5.60028 -0.311075 -0.950367 -0.00186986
35.9174 33.864 -5.60479 -0.33029 -0.943843 -0.00805679
37.0783 33.4322 -5.64514 -0.352009 -0.935928 -0.00963409
38.3623 32.9092 -5.58862 -0.391016 -0.920379 -0.00278772
39.08 32.5943 -4.78958 -0.417178 -0.908825 -0.000900723
39.1026 32.5763 -3.63432 -0.414284 -0.910118 -0.00711624
39.0586 32.5962 -2.36894 -0.404655 -0.914465 0.00286679
39.0682 32.5984 -1.05039 -0.397342 -0.917641 0.00346698
39.0719 32.5969 0.330028 -0.394807 -0.918761 0.00205027
39.059 32.6004 1.50332 -0.397801 -0.917468 0.00267304
39.0537 32.6053 2.75271 -0.402282 -0.915509 0.00203936
39.0797 32.5969 4.06332 -0.408755 -0.912615 0.00681369
39.029 32.631 5.25244 -0.406993 -0.91334 0.0128752
37.975 33.0796 5.60121 -0.378147 -0.925664 0.0120286
36.9027 33.4931 5.56383 -0.351254 -0.936239 0.00836823
35.78 33.8967 5.58736 -0.322836 -0.946453 0.00200374
34.5594 34.3101 5.57319 -0.309079 -0.950988 0.000168672
33.4623 34.6557 5.5467 -0.29053 -0.956827 0.00802837
32.1357 35.0505 5.58634 -0.278478 -0.96043 0.00410754
30.9055 35.3957 5.5728 -0.267549 -0.963544 9.29202e-05
29.7474 35.7141 5.3007 -0.262989 -0.964799 0.000296836
29.7 35.7269 3.97108 -0.263579 -0.964638 -3.62997e-05
29.6573 35.7391 2.64938 -0.263704 -0.964603 -0.000614394
29.6136 35.7524 1.38684 -0.263736 -0.964594 -0.00121086
29.6638 35.7406 0.244177 -0.262694 -0.964878 -0.00164452
29.6535 35.7456 -0.904078 -0.263557 -0.964642 -0.00165834
29.6772 35.7405 -2.16436 -0.26485 -0.964289 -0.000728908
29.667 35.7444 -3.33451 -0.263812 -0.964572 -0.00182622
29.7041 35.7363 -4.53976 -0.265169 -0.9642 -0.00113337
30.2587 35.5842 -5.61443 -0.266114 -0.963941 -0.00128517
31.5436 35.2255 -5.61776 -0.273139 -0.96197 -0.00285548
31.931 35.1153 -5.61138 -0.275926 -0.961161 -0.00494925
31.9781 35.1091 -6.74397 -0.272665 -0.962052 -0.0100636
33.4292 34.679 -6.75853 -0.28249 -0.95916 -0.0138948
34.5267 34.3399 -6.75416 -0.298316 -0.954335 -0.0156879
35.7531 33.9377 -6.73111 -0.321123 -0.946912 -0.0154034
36.9783 33.4898 -6.7662 -0.366979 -0.930086 -0.0158767
38.2093 32.9868 -6.76169 -0.389048 -0.921096 -0.0146118
39.3598 32.4796 -6.74271 -0.416393 -0.909087 -0.00973301
40.1022 32.1198 -5.94829 -0.429724 -0.902943 -0.00422205
40.146 32.0915 -4.72853 -0.431382 -0.902154 -0.00453723
40.1332 32.09 -3.56703 -0.439233 -0.898328 0.0025259
40.1133 32.1258 -2.22941 -0.4177 -0.908522 0.0106928
40.109 32.1348 -1.02162 -0.407736 -0.913092 0.00359517
40.1261 32.1278 0.557472 -0.414535 -0.91002 0.00492694
40.1041 32.1359 2.01916 -0.414925 -0.909855 -0.00100793
40.0831 32.144 3.34499 -0.41414 -0.910212 -0.00101896
40.1375 32.1257 4.52723 -0.421938 -0.906574 0.00937598
40.1147 32.1468 5.72191 -0.420814 -0.907129 0.00516032
39.6122 32.3928 6.69938 -0.415069 -0.909551 0.0208573
38.5188 32.875 6.75682 -0.396722 -0.917724 0.0183613
37.4064 33.3286 6.74129 -0.353079 -0.934916 0.0329523
36.0822 33.8034 6.74142 -0.332198 -0.943053 0.0169722
34.9276 34.1975 6.71261 -0.317464 -0.948124 0.0164341
33.6101 34.6241 6.68869 -0.293753 -0.955745 0.0159948
32.5011 34.9504 6.7659 -0.275043 -0.961402 0.0075618
31.3058 35.2872 6.71913 -0.266948 -0.963704 0.00369791
29.9995 35.6463 6.72674 -0.263737 -0.964594 0.00122434
28.7663 35.9816 6.60583 -0.262055 -0.965053 0.000586571
28.5463 36.0409 5.47307 -0.261931 -0.965086 0.000568712
28.5679 36.0343 4.15603 -0.260261 -0.965538 -0.000219123
28.5574 36.0379 2.93494 -0.262038 -0.965057 -0.00043625
28.5137 36.051 1.54287 -0.261534 -0.965194 -0.000748451
28.5831 36.0348 -0.0030643 -0.261585 -0.965178 -0.00201531
28.5481 36.0467 -1.15406 -0.26153 -0.965193 -0.00201751
28.5618 36.0453 -2.41278 -0.263034 -0.964786 -0.000951222
28.5444 36.052 -3.61222 -0.263794 -0.964577 -0.00196235
28.5842 36.0427 -4.86837 -0.262886 -0.964827 -0.000535882
28.5463 36.0537 -6.048 -0.262473 -0.964939 -0.000605475
29.1875 35.8799 -6.74065 -0.263083 -0.964773 -0.000964321
30.6735 35.4742 -6.80172 -0.265171 -0.964186 -0.00534667
31.5223 35.2384 -6.78897 -0.269808 -0.962893 -0.00564313
