0.843626 33.5054 -3.26468 0.279031 -0.960259 -0.000695184
0.84892 33.5028 -2.40153 0.265707 -0.964047 -0.000821892
0.817684 33.4896 -1.41898 0.265946 -0.963978 -0.00442372
0.785295 33.4794 -0.526228 0.271428 -0.962445 -0.00259575
0.646033 33.4348 0.364272 0.265186 -0.964183 -0.00534879
0.637872 33.4267 1.31031 0.276594 -0.960942 -0.00917213
0.721709 33.4526 2.29392 0.263941 -0.964494 0.00900641
0.773041 33.4707 3.10098 0.272388 -0.962139 0.00397104
0.0730931 33.283 3.40755 0.252899 -0.96748 0.00479365
0.00457079 33.2612 2.59864 0.256042 -0.966648 0.00557157
-0.0221663 33.2421 1.75533 0.264869 -0.964196 0.00799561
-0.118343 33.2225 0.837875 0.260732 -0.965382 -0.00677994
-0.0395283 33.2488 0.00379396 0.262991 -0.964784 -0.00529301
0.0876497 33.2864 -0.81409 0.26443 -0.964401 -0.00254385
0.100705 33.2953 -1.90802 0.262943 -0.964792 -0.00609609
0.098817 33.2956 -2.89729 0.264544 -0.964352 0.00615728
0.08001 33.2878 -3.29881 0.268519 -0.96327 0.00299145
-0.707951 33.0755 -3.42806 0.248462 -0.968641 0.000885447
-0.703484 33.0807 -2.3921 0.256457 -0.966533 0.00167736
-0.689981 33.0801 -1.45647 0.255612 -0.966771 -0.00400656
-0.678483 33.0793 -0.549799 0.24576 -0.969327 -0.000986583
-0.834034 33.0389 0.295738 0.245681 -0.969351 0.000263976
-0.791229 33.0526 1.13257 0.242706 -0.970083 0.00405976
-0.702863 33.075 1.95719 0.240505 -0.970648 0.000631781
-0.774323 33.0601 2.94089 0.249659 -0.968316 0.00581041
-0.672297 33.0894 3.42265 0.251879 -0.967737 0.000138683
-1.47041 32.8856 3.32394 0.227987 -0.973663 0.00118526
-1.47041 32.8847 2.47123 0.231513 -0.972827 0.000506432
-1.47041 32.8842 1.52254 0.239327 -0.970932 0.00144908
-1.47041 32.8798 0.601179 0.235456 -0.971875 0.00134189
-1.47041 32.8822 -0.381148 0.237061 -0.971483 0.00310086
-1.47041 32.8855 -1.53799 0.232218 -0.972655 -0.00392755
-1.47041 32.8838 -2.43406 0.232126 -0.972683 0.00238859
-1.47041 32.8838 -3.26947 0.234856 -0.97203 -0.001193
-1.47041 32.8841 -3.46298 0.235298 -0.97192 0.000898128
-2.21777 32.7037 -3.49553 0.2255 -0.974243 0.00073456
-2.3265 32.6792 -2.58344 0.23091 -0.972973 0.00115275
-2.4713 32.6468 -1.69504 0.22663 -0.973958 0.00311731
-2.26385 32.6955 -0.744418 0.226518 -0.974 -0.00181866
-2.28218 32.6885 0.121617 0.2228 -0.974859 0.00141801
-2.27458 32.6909 1.20675 0.219903 -0.975509 0.00488079
-2.14075 32.7258 2.01737 0.229308 -0.973352 0.00205148
-2.34628 32.6791 2.81554 0.228214 -0.973604 0.00336816
-2.28922 32.6938 3.2 0.226567 -0.973993 0.0022882
-3.04101 32.5213 3.25054 0.217603 -0.976036 0.000837344
-2.95964 32.5389 2.27954 0.217352 -0.976093 0.000382389
-2.99593 32.53 1.45216 0.217754 -0.976 0.00246927
-3.09622 32.5055 0.580431 0.218625 -0.975808 0.00121671
-3.05859 32.5137 -0.333537 0.218455 -0.975847 -0.000530691
-3.26485 32.4685 -1.34861 0.217701 -0.976014 -0.00153036
-3.22641 32.475 -2.19831 0.217903 -0.975966 0.00270249
-2.89068 32.5499 -3.112 0.219039 -0.975715 -0.000923722
-2.89277 32.5489 -3.40163 0.218694 -0.975782 0.00249886
-3.67703 32.3759 -3.12479 0.214469 -0.976731 -0.000311885
-3.96259 32.3122 -2.24463 0.215079 -0.976595 0.000231525
-3.98458 32.3083 -1.14101 0.216058 -0.97638 -0.000673558
-3.88134 32.3306 -0.291388 0.215506 -0.976502 -0.000648108
-3.83557 32.3413 0.715184 0.215527 -0.976495 0.00231679
-3.70628 32.3718 1.67682 0.216802 -0.976214 0.00133944
-3.74377 32.3649 2.61454 0.216618 -0.976256 0.00127672
-3.79699 32.3539 3.09958 0.215531 -0.976495 0.00180613
-1.41673 32.8993 4.4942 0.236263 -0.971673 0.00130683
-2.72879 32.5929 4.56683 0.220093 -0.975479 0.000278046
-4.05594 32.2994 4.5294 0.214546 -0.976712 0.00173051
-5.13419 32.0601 4.06603 0.21722 -0.976119 0.0028331
-5.22785 32.0362 2.71632 0.21681 -0.976212 0.00180046
-5.21724 32.0368 1.33494 0.217189 -0.976129 0.00111658
-5.20681 32.0377 0.031378 0.216143 -0.976362 -0.000188151
-5.18342 32.0432 -1.20289 0.215997 -0.976394 -0.000368584
-5.18752 32.0432 -2.70466 0.217658 -0.976024 -0.00147722
-5.20369 32.0412 -3.87267 0.216154 -0.976355 -0.00265972
-4.44198 32.2099 -4.53341 0.213352 -0.976974 -0.00133975
-3.17087 32.4873 -4.54831 0.21543 -0.976519 9.89134e-05
-2.06256 32.7387 -4.58409 0.226583 -0.973991 0.000753357
-0.752489 33.0586 -4.62468 0.253911 -0.967145 0.0111946
0.417002 33.377 -4.61275 0.270443 -0.962723 0.00494736
1.75209 33.7749 -4.4529 0.298659 -0.954255 0.0125127
2.05333 33.8746 -3.24691 0.308185 -0.951319 -0.000978694
2.08421 33.8713 -2.09843 0.320995 -0.947054 -0.0042305
2.08486 33.8701 -0.899139 0.313957 -0.9494 0.00602404
2.01844 33.8418 0.335191 0.316058 -0.948491 -0.021677
1.99306 33.8315 1.54159 0.310263 -0.95064 0.00225576
2.03251 33.8462 2.68013 0.296284 -0.955077 0.00502763
1.97608 33.8284 3.95329 0.285431 -0.958396 -0.00233456
1.27074 33.6174 4.55949 0.285158 -0.95848 -0.000679686
-0.0154104 33.2546 4.56571 0.262741 -0.964847 -0.00592953
-1.209 32.9509 4.49672 0.239886 -0.970784 -0.00161834
-1.29404 32.924 5.5952 0.236337 -0.971639 -0.00780056
-2.42212 32.6595 5.64483 0.2252 -0.974291 -0.0065122
-3.93511 32.328 5.64146 0.211961 -0.977278 0.000637199
-5.07723 32.078 5.61174 0.215844 -0.976407 0.00632293
-6.21388 31.822 5.07496 0.220908 -0.975288 0.00362728
-6.25684 31.8085 3.74088 0.21838 -0.975861 0.00230438
-6.26302 31.8052 2.57596 0.217899 -0.975971 0.00120375
-6.3103 31.793 1.41469 0.219043 -0.975715 0.000908001
-6.24788 31.8062 0.0204908 0.218728 -0.975786 -0.000588244
-6.25108 31.806 -1.11236 0.218728 -0.975785 -0.000490755
-6.25717 31.8044 -2.22155 0.219093 -0.975704 0.000153755
-6.2491 31.8078 -3.36131 0.218373 -0.975863 -0.0021942
-6.30497 31.7987 -4.49273 0.218027 -0.975935 -0.0038879
-6.07191 31.8551 -5.57584 0.21781 -0.975983 -0.00397005
-4.77027 32.141 -5.65194 0.21147 -0.977378 -0.00362708
-3.38594 32.4419 -5.65369 0.213206 -0.977007 0.00102468
-1.95628 32.7617 -5.69014 0.226676 -0.973946 0.00562679
-0.705463 33.0628 -5.69103 0.256555 -0.966495 0.00679729
0.387252 33.3588 -5.71042 0.276326 -0.961016 0.00954214
1.46589 33.6732 -5.66575 0.294278 -0.955658 0.00926354
2.53489 34.0104 -5.64861 0.313384 -0.949416 0.0184646
3.03477 34.1938 -4.65798 0.323682 -0.946097 0.0111871
3.07885 34.2167 -3.40592 0.323818 -0.946081 0.00522224
3.09435 34.2201 -2.28668 0.326682 -0.945085 -0.00944963
3.10252 34.2132 -0.931634 0.332405 -0.943107 -0.00734748
3.03997 34.1884 0.246245 0.327905 -0.944665 -0.00917509
3.02193 34.1716 1.54367 0.323246 -0.946272 -0.00885331
3.06353 34.1808 2.73262 0.317557 -0.948235 0.000851477
3.04938 34.1724 3.90995 0.31959 -0.947545 -0.00412009
2.98405 34.1474 5.28387 0.315838 -0.948813 0.000938695
2.0383 33.8366 5.67125 0.29276 -0.955997 -0.0187671
0.702244 33.4381 5.69518 0.269652 -0.962825 -0.0150839
-0.520138 33.1155 5.66851 0.249847 -0.968258 -0.00717233
-1.05545 32.9816 5.60794 0.237062 -0.971472 -0.00626952
-1.17644 32.9394 6.71541 0.240373 -0.970613 -0.0110917
-2.50675 32.6366 6.76289 0.214521 -0.976708 -0.00471496
-3.71881 32.3757 6.76845 0.209044 -0.977906 -0.000253758
-4.85377 32.1342 6.72863 0.204297 -0.978867 0.0088798
-6.22304 31.8331 6.73844 0.222199 -0.974941 0.0108632
-7.32035 31.5764 6.19774 0.224359 -0.974485 0.00642594
-7.3303 31.5688 5.01154 0.222122 -0.975013 0.00334275
-7.32685 31.5667 3.68095 0.22157 -0.975143 0.00150072
-7.3363 31.5627 2.36247 0.22163 -0.97513 0.00109878
-7.34589 31.5597 1.06473 0.220478 -0.975392 0.000245325
-7.29667 31.5702 -0.14867 0.220714 -0.975338 0.000665842
-7.33299 31.5611 -1.43417 0.223131 -0.974788 2.00446e-05
-7.3137 31.5675 -2.78316 0.220458 -0.975395 -0.00158336
-7.34878 31.563 -4.05598 0.219417 -0.975624 -0.00371665
-7.37799 31.5614 -5.40451 0.220367 -0.975407 -0.00449607
-7.03288 31.6464 -6.7103 0.222085 -0.975004 -0.0061952
-5.78136 31.9297 -6.79836 0.213552 -0.976828 -0.014154
-4.42497 32.2191 -6.7516 0.206743 -0.978373 -0.00655696
-3.22063 32.469 -6.80331 0.206141 -0.978459 0.0111012
-2.13188 32.707 -6.79497 0.224952 -0.974177 0.0192047
-0.994141 32.9795 -6.78827 0.236649 -0.971394 0.0182881
0.459207 33.3612 -6.80161 0.270777 -0.962024 0.0342304
1.80519 33.7591 -6.77579 0.289354 -0.957059 0.0175417
2.94009 34.1202 -6.75261 0.310409 -0.950021 0.0332652
4.04754 34.5138 -6.56482 0.336373 -0.941543 0.0158166
4.08434 34.5452 -5.41142 0.327196 -0.944793 0.017572
4.08795 34.5672 -4.1173 0.331378 -0.943436 0.0107622
4.08711 34.5738 -2.94625 0.336141 -0.941778 0.00796244
4.08213 34.5716 -1.8367 0.346266 -0.93809 -0.00929519
4.10517 34.5692 -0.712827 0.345168 -0.938494 -0.00938144
4.07659 34.5499 0.441953 0.33407 -0.942516 -0.00738821
4.08211 34.5384 1.62246 0.331256 -0.943452 -0.0129463
4.108 34.5373 2.78285 0.325705 -0.945467 -0.00284075
4.08555 34.5267 4.01808 0.326066 -0.945339 -0.00352619
4.1102 34.5269 5.36729 0.324799 -0.945731 -0.00966598
3.8156 34.4037 6.6958 0.341079 -0.939976 -0.00929212
2.7557 34.0438 6.75899 0.306396 -0.951681 -0.0203349
1.48019 33.6495 6.74544 0.284282 -0.958387 -0.0260239
0.310503 33.3168 6.77322 0.258402 -0.965865 -0.0151372
-0.80991 33.0307 6.76692 0.244575 -0.969579 -0.00991345
-0.830982 33.0254 6.76422 0.243398 -0.969875 -0.0100031
