36.6681 34.1099 -3.12454 -0.341226 -0.939981 0.000677695
36.6329 34.1245 -2.02326 -0.340221 -0.940331 0.00404593
36.6338 34.1319 -0.984511 -0.333777 -0.942612 0.00644113
36.6571 34.1206 -0.130791 -0.350068 -0.93671 0.00186899
36.655 34.1302 0.846545 -0.345103 -0.938379 0.015487
36.6218 34.1433 1.73231 -0.344768 -0.938643 -0.00858566
36.4747 34.1916 2.74233 -0.332379 -0.943106 -0.000436986
36.5657 34.1613 3.14685 -0.342364 -0.939565 -0.00170294
35.8933 34.3957 3.18886 -0.315245 -0.94901 -0.00095664
35.8566 34.4096 2.24459 -0.3233 -0.946292 -0.00303918
35.9856 34.3652 1.29351 -0.323442 -0.946242 0.00332202
35.8895 34.3961 0.373739 -0.319539 -0.947565 0.00256872
35.8747 34.3975 -0.503217 -0.328134 -0.944622 0.00389608
35.8075 34.4181 -1.41249 -0.322287 -0.946612 0.00464221
35.8558 34.4007 -2.35807 -0.326473 -0.945206 0.00103551
35.8925 34.3887 -3.30011 -0.329376 -0.944196 -0.00125654
35.1428 34.6464 -3.15325 -0.319202 -0.947679 -0.00163454
35.0129 34.6872 -2.29272 -0.315698 -0.948844 -0.00530418
34.9731 34.6971 -1.44175 -0.316875 -0.948464 -0.000849002
35.0863 34.6601 -0.545757 -0.30988 -0.950775 -0.00065995
35.0836 34.6634 0.542697 -0.310617 -0.950529 0.00324086
35.3379 34.5836 1.49017 -0.311578 -0.950216 0.00288382
35.0909 34.664 2.34773 -0.314523 -0.949234 -0.00544576
35.213 34.6213 2.94804 -0.313353 -0.949636 -0.000791612
34.2205 34.94 3.38434 -0.294089 -0.955765 -0.00478306
34.2205 34.9458 2.42618 -0.293437 -0.955953 -0.00685122
34.2205 34.9476 1.45534 -0.307119 -0.951667 0.00265256
34.2205 34.9423 0.488708 -0.297517 -0.954705 0.00347904
34.2205 34.9414 -0.371407 -0.306338 -0.951918 0.00252111
34.2205 34.9394 -1.45052 -0.301559 -0.953438 -0.00304534
34.2205 34.9449 -2.31441 -0.303079 -0.95295 -0.00531321
34.2205 34.9459 -3.20209 -0.302449 -0.953165 0.000398814
33.3969 35.202 -3.23199 -0.288761 -0.957382 0.00115541
33.5349 35.1575 -2.38641 -0.290328 -0.956923 -0.00267504
33.3461 35.2088 -1.40663 -0.290204 -0.956942 -0.0065322
33.4895 35.1649 -0.428369 -0.290313 -0.956927 0.00244618
33.352 35.2103 0.436617 -0.287611 -0.95774 -8.81883e-05
33.3737 35.2054 1.36541 -0.280987 -0.959709 0.00092239
33.4113 35.1914 2.24212 -0.284174 -0.958767 -0.0029293
33.4078 35.1899 3.07606 -0.284444 -0.958687 -0.00309148
32.6336 35.4185 3.29896 -0.281007 -0.959704 -0.00180251
32.5923 35.4321 2.1025 -0.276516 -0.961007 -0.00192129
32.5562 35.4438 1.16368 -0.279185 -0.960234 -0.002016
32.6464 35.4221 0.266413 -0.287445 -0.95779 6.43637e-05
32.7205 35.396 -0.587978 -0.287425 -0.957794 0.00426106
32.6745 35.4111 -1.53468 -0.281166 -0.959645 -0.00519747
32.8653 35.3583 -2.51517 -0.279956 -0.960012 -0.000652934
32.5789 35.4423 -3.34976 -0.279522 -0.960137 0.000592921
31.8918 35.6399 -3.08501 -0.276251 -0.961085 -0.00110209
32.0511 35.5938 -2.16069 -0.273207 -0.961954 -0.000968308
31.9565 35.621 -1.19701 -0.276114 -0.961125 -0.000512875
31.9366 35.6257 0.0101465 -0.274856 -0.961485 -0.000672491
31.8237 35.6564 0.931313 -0.27198 -0.962298 -0.00297903
31.8061 35.6585 1.90936 -0.271117 -0.962544 -0.00226171
31.8512 35.6442 2.85473 -0.274703 -0.961529 0.000382215
37.9218 33.6376 0.299543 -0.37045 -0.928851 0.00137688
37.9035 33.648 1.50773 -0.371015 -0.928619 0.00378172
37.8929 33.6546 2.77622 -0.373908 -0.927465 0.000399167
37.8376 33.6773 3.91523 -0.362425 -0.93201 -0.00192249
36.8381 34.0583 4.48045 -0.352515 -0.935806 0.000559183
35.789 34.4283 4.53475 -0.322046 -0.946722 -0.00215327
34.6924 34.7922 4.54172 -0.305198 -0.952286 0.00218453
33.5885 35.1317 4.49001 -0.28892 -0.957352 0.000199745
32.4393 35.4737 4.47672 -0.279513 -0.960139 -0.000603257
31.3287 35.7883 4.40872 -0.270058 -0.962844 -0.000949504
30.664 35.9744 3.59536 -0.265601 -0.964083 -0.000827804
30.6554 35.9785 2.37213 -0.265177 -0.964198 -0.00194927
30.6473 35.9837 1.15657 -0.264395 -0.964412 -0.00192278
30.6024 35.9975 0.00812065 -0.265275 -0.964171 -0.00165397
30.6381 35.9897 -1.14227 -0.263602 -0.964631 -0.000995885
30.6478 35.9874 -2.31421 -0.265996 -0.963974 0.000121534
30.6932 35.9749 -3.96557 -0.266928 -0.963717 0.000171563
31.6767 35.701 -4.49124 -0.270715 -0.962656 0.00105409
33.0316 35.3078 -4.48744 -0.282817 -0.959172 0.00179064
34.1369 34.9705 -4.4529 -0.29895 -0.954268 -0.000408918
35.3721 34.5667 -4.41637 -0.319302 -0.947647 -0.000297792
36.503 34.1724 -4.47314 -0.343357 -0.939089 -0.0146851
37.5372 33.7827 -4.48504 -0.364803 -0.931053 -0.0076499
37.9061 33.6354 -3.37359 -0.370969 -0.928629 0.00476032
37.9267 33.6332 -2.12877 -0.372828 -0.927887 0.002852
37.8999 33.644 -1.0261 -0.370961 -0.928648 1.63384e-06
37.923 33.637 0.185489 -0.370884 -0.928678 0.00165139
38.9342 33.2265 0.00205387 -0.380823 -0.924638 0.00415518
38.9373 33.2304 1.182 -0.379822 -0.925055 0.00267552
38.9219 33.2402 2.28231 -0.382082 -0.924121 0.00157086
38.9191 33.2378 3.44679 -0.377456 -0.925968 -0.0104197
38.9385 33.2275 4.60705 -0.3819 -0.924185 0.00416431
38.4566 33.4353 5.52455 -0.37522 -0.926866 0.0112805
37.3665 33.8612 5.58754 -0.350584 -0.9364 0.0144697
35.9379 34.3763 5.63273 -0.326311 -0.945233 -0.000317458
34.6776 34.7974 5.65019 -0.314769 -0.949164 0.00190796
33.5233 35.1543 5.62989 -0.284812 -0.958573 0.00422409
32.4189 35.4802 5.62918 -0.275712 -0.96124 0.00112968
31.0473 35.8678 5.59574 -0.269792 -0.962917 0.00186806
29.9322 36.1754 5.51814 -0.264396 -0.964413 0.000795958
29.5442 36.2811 4.30815 -0.262852 -0.964836 0.000201507
29.5709 36.275 2.99069 -0.264398 -0.964413 -0.000972213
29.5508 36.2819 1.818 -0.262525 -0.964924 -0.00164649
29.5338 36.2882 0.658111 -0.262772 -0.964857 -0.00131798
29.5198 36.2939 -0.490841 -0.262843 -0.964837 -0.00173288
29.5737 36.281 -1.60963 -0.262787 -0.964853 -0.00143061
29.5498 36.2887 -2.79126 -0.263345 -0.964701 -0.000571533
29.5812 36.2818 -4.06043 -0.262771 -0.964858 -0.00078139
29.5951 36.279 -5.20459 -0.26592 -0.963995 -0.00046864
30.5965 36.0021 -5.6412 -0.267259 -0.963624 -0.00117576
31.9057 35.635 -5.62731 -0.274375 -0.961622 0.000283292
33.0128 35.3145 -5.63981 -0.284193 -0.958758 -0.00411943
34.294 34.9209 -5.5988 -0.299358 -0.954135 0.00191685
35.5105 34.5254 -5.5818 -0.315843 -0.948797 -0.00486429
36.7873 34.0757 -5.61407 -0.348704 -0.937209 -0.00653599
37.9983 33.608 -5.67014 -0.374312 -0.927253 -0.00870077
38.945 33.2122 -5.26658 -0.393353 -0.919311 -0.00616215
38.9587 33.2015 -3.98527 -0.392659 -0.919668 -0.00525342
38.9523 33.207 -2.65876 -0.388706 -0.921331 0.00692659
38.9463 33.2179 -1.36954 -0.382892 -0.92378 0.00371973
38.9579 33.2159 -0.181883 -0.381064 -0.924541 0.00369752
39.965 32.796 -0.216141 -0.391397 -0.92021 0.00460995
39.958 32.8032 0.912689 -0.390285 -0.92069 0.00271904
39.9748 32.7986 2.239 -0.393081 -0.919503 0.000585318
39.9823 32.7898 3.52198 -0.393467 -0.919264 -0.0117209
40.0056 32.7808 4.65117 -0.394482 -0.91888 0.00655281
39.9396 32.8172 5.95474 -0.399952 -0.916503 0.00777262
39.0931 33.1923 6.72959 -0.394722 -0.918655 0.0154463
38.0408 33.6236 6.7118 -0.362681 -0.931657 0.0216427
36.99 34.0211 6.76044 -0.336471 -0.941452 0.0213392
35.6055 34.5013 6.74904 -0.318037 -0.947828 0.0216095
34.5023 34.8619 6.76278 -0.305832 -0.951988 0.013637
33.2665 35.239 6.75443 -0.279122 -0.960131 0.0146458
32.1441 35.5618 6.75819 -0.274917 -0.961438 0.00747577
30.643 35.982 6.73 -0.264744 -0.964307 0.00424426
29.5008 36.2944 6.7026 -0.263337 -0.964703 0.000953271
28.46 36.5764 6.27127 -0.260319 -0.965522 0.000657289
28.4289 36.5845 5.15124 -0.261687 -0.965153 9.38085e-05
28.4426 36.5802 3.96488 -0.260731 -0.965411 -0.000775909
28.4313 36.5854 2.55512 -0.261351 -0.965243 -0.00134326
28.4632 36.5777 1.37621 -0.26136 -0.965241 -0.00096757
28.4346 36.5876 0.127561 -0.261407 -0.965227 -0.00175908
28.4911 36.5745 -1.17917 -0.261797 -0.96512 -0.00216502
28.4636 36.5841 -2.48698 -0.262435 -0.964949 -0.00103199
28.51 36.5733 -3.74618 -0.263014 -0.964791 -0.0010411
28.4886 36.5802 -5.01028 -0.262213 -0.96501 -0.000595345
28.4416 36.5938 -6.22095 -0.262287 -0.964989 -0.000775258
29.3149 36.3564 -6.68538 -0.263615 -0.964627 -0.00103169
30.5222 36.0265 -6.80107 -0.264559 -0.964357 -0.00496976
31.6071 35.7252 -6.80685 -0.269072 -0.963089 -0.00752635
32.7619 35.3954 -6.76576 -0.281006 -0.959648 -0.0101369
34.1717 34.9686 -6.78823 -0.298775 -0.954273 -0.00792516
35.2398 34.6284 -6.72938 -0.309313 -0.950762 -0.0173549
36.3427 34.2546 -6.79429 -0.332859 -0.942734 -0.0212602
37.4011 33.8595 -6.78416 -0.368505 -0.929489 -0.0158378
38.6863 33.3347 -6.7981 -0.385613 -0.922311 -0.0252854
39.8998 32.7968 -6.48785 -0.41267 -0.910793 -0.0120329
40.0557 32.7189 -5.22314 -0.409988 -0.91209 -0.000711174
39.9857 32.7515 -4.05652 -0.413803 -0.91036 0.00340985
40.0012 32.7581 -2.67346 -0.396733 -0.917877 0.0101947
39.9834 32.7802 -1.27858 -0.390791 -0.920428 0.00971911
39.9791 32.7893 -0.375179 -0.391016 -0.920378 0.00314867
