-30.9301 28.7388 4.55613 0.068114 -0.997674 0.00275151
-30.933 28.7369 3.40353 0.0609149 -0.99814 0.000709264
-30.9116 28.7361 2.12144 0.0514688 -0.998672 0.00148477
-30.8311 28.7393 0.750718 0.0470153 -0.998894 0.000856863
-30.905 28.7311 -0.572221 0.0439561 -0.999009 0.0070206
-30.9161 28.7272 -1.92656 0.0412887 -0.999113 0.00817498
-30.9008 28.7199 -3.23369 0.0377047 -0.999279 0.00413665
-31.0017 28.7201 -4.45063 0.0405775 -0.999153 -0.00286974
-31.7403 28.6848 -4.66377 0.0498049 -0.998752 -0.00379171
-31.6917 28.685 -3.33857 0.0536935 -0.998548 0.00181253
-31.6238 28.6926 -2.25852 0.0521605 -0.99863 0.00192364
-31.7269 28.6872 -1.03334 0.0610849 -0.998128 -0.00198205
-31.5992 28.6958 0.214193 0.0634841 -0.997982 0.000875226
-31.6524 28.6916 1.31024 0.0649225 -0.99789 -0.000742134
-31.7104 28.6888 2.38825 0.0678915 -0.997688 0.000526187
-31.6824 28.6875 3.78853 0.0672808 -0.997726 -0.00405413
-31.7217 28.6826 4.56344 0.0727422 -0.997351 -0.000182282
-32.6382 28.6138 4.50775 0.0772107 -0.997013 -0.0020245
-32.5236 28.6287 3.19575 0.0767222 -0.997049 -0.00246922
-32.4582 28.6363 1.78971 0.0729452 -0.997334 -0.00198727
-32.4484 28.6378 0.608594 0.0703297 -0.997522 -0.00173041
-32.52 28.6348 -0.484031 0.0666903 -0.997772 -0.00187121
-32.5536 28.6365 -1.63035 0.0621562 -0.99805 -0.00537208
-32.4046 28.6499 -2.69249 0.0548525 -0.998488 0.00248159
-32.5535 28.6379 -3.81435 0.0631206 -0.998005 0.000925955
-32.4603 28.645 -4.65516 0.0641638 -0.99793 -0.00410347
-33.2847 28.5909 -4.29949 0.069021 -0.99761 -0.0032294
-33.2861 28.5899 -2.96742 0.0701899 -0.997531 0.00153806
-33.2978 28.5865 -1.77416 0.0713044 -0.997443 -0.00472916
-33.2978 28.5819 -0.645395 0.0709772 -0.99747 -0.00363823
-33.2861 28.5793 0.448839 0.0703052 -0.997523 -0.00229787
-33.2861 28.5763 1.68849 0.0734731 -0.997288 -0.00391275
-33.2861 28.5714 2.81092 0.076528 -0.997058 -0.00423021
-33.2861 28.5665 3.90426 0.0783616 -0.996914 -0.00459615
-33.2927 28.5627 4.59566 0.0791509 -0.996852 -0.00467616
-34.0331 28.5037 4.60306 0.0793358 -0.996835 -0.00509948
-34.0134 28.5117 3.41071 0.0789395 -0.996865 -0.00540074
-34.0355 28.5162 2.30501 0.0781664 -0.996923 -0.00590084
-34.1175 28.5164 0.991269 0.0758787 -0.99711 -0.0036785
-34.0203 28.5276 -0.07436 0.0732234 -0.997312 -0.0025502
-34.0182 28.5318 -1.1838 0.0726764 -0.997347 -0.00408395
-34.1064 28.5291 -2.32498 0.0754927 -0.997142 -0.00284761
-34.0347 28.5367 -3.40166 0.0732256 -0.997313 -0.00192491
-34.0088 28.54 -4.46992 0.0709555 -0.997472 -0.00314113
-34.7438 28.4876 -4.59294 0.0733114 -0.997301 -0.00399537
-34.8707 28.4748 -3.41777 0.0718639 -0.997409 -0.00324996
-34.8434 28.4738 -2.338 0.0734828 -0.997291 -0.00316747
-34.9722 28.4598 -0.984296 0.0747441 -0.997198 -0.00315919
-34.8083 28.4668 0.259594 0.0757754 -0.997115 -0.00437149
-34.7551 28.4643 1.57619 0.0772266 -0.996997 -0.00572284
-34.859 28.449 2.72773 0.0780309 -0.996932 -0.00619435
-34.973 28.4336 3.82558 0.0781409 -0.996925 -0.00584133
-34.9359 28.4321 4.62626 0.0789012 -0.996865 -0.00586872
-35.7881 28.3647 4.63462 0.0787629 -0.996872 -0.00649282
-35.7085 28.3788 3.39745 0.0763666 -0.997055 -0.0070543
-35.6142 28.3929 2.28337 0.0763542 -0.997065 -0.00561491
-35.471 28.4119 1.09305 0.0765814 -0.997043 -0.00627444
-35.5849 28.4099 -0.00509205 0.0742585 -0.997221 -0.00605764
-35.7316 28.4051 -1.21787 0.072959 -0.997325 -0.00438458
-35.6248 28.4173 -2.51116 0.0709427 -0.997475 -0.00330215
-35.6015 28.4231 -3.61305 0.0711714 -0.997458 -0.00356704
-35.5346 28.4314 -4.66576 0.0694935 -0.997577 -0.00314297
-36.3247 28.3759 -4.42171 0.0653109 -0.997856 -0.00413702
-36.3825 28.3671 -3.33356 0.064588 -0.997901 -0.00470822
-36.4231 28.3592 -2.08227 0.0690077 -0.997605 -0.00471751
-36.455 28.3517 -0.941704 0.0717238 -0.997413 -0.00487987
-36.3102 28.3555 0.189384 0.0714431 -0.997425 -0.00618726
-36.2115 28.355 1.26256 0.0716274 -0.997405 -0.00730864
-36.3919 28.3327 2.56538 0.0730144 -0.997302 -0.00756083
-36.5477 28.3129 3.79169 0.0745919 -0.997194 -0.00632442
-36.5703 28.3078 4.33173 0.0744254 -0.997206 -0.00634759
-36.9705 28.299 1.49396 0.070992 -0.997452 -0.00703076
-36.9665 28.3032 0.985709 0.0689191 -0.997581 -0.00909186
-29.4239 28.8245 4.50597 0.052048 -0.998594 0.0100951
-29.4493 28.8158 3.71349 0.0486936 -0.998793 0.00638725
-29.4677 28.8083 2.84092 0.0434918 -0.999026 0.0072465
-29.4916 28.7999 2.04447 0.0339095 -0.999326 0.0131932
-29.4985 28.7928 1.26925 0.0329296 -0.999428 0.00752948
-29.477 28.7868 0.31888 0.0297321 -0.999539 0.00614296
-29.4643 28.7816 -0.490033 0.0278992 -0.999587 0.00682984
-29.4412 28.7761 -1.54472 0.0247226 -0.99968 0.00521766
-29.5022 28.7697 -2.33799 0.0282635 -0.999583 0.00593533
-29.5277 28.7642 -3.19267 0.0297083 -0.999548 0.00425954
-29.4986 28.7631 -4.22965 0.0246004 -0.999695 -0.000364121
-29.4978 28.7657 -5.00936 0.0252868 -0.999674 -0.00361355
-30.0772 28.7565 -5.45268 0.0271453 -0.999519 -0.0149636
-30.9413 28.7277 -5.47072 0.0465071 -0.998801 -0.0152793
-31.7375 28.6895 -5.44571 0.050579 -0.998688 -0.00794259
-32.7811 28.6289 -5.40002 0.0634477 -0.997965 -0.00629062
-33.6774 28.5683 -5.39373 0.0702064 -0.997515 -0.00594502
-34.5246 28.507 -5.42289 0.0735005 -0.997288 -0.00389173
-35.3918 28.4439 -5.44494 0.0715192 -0.997431 -0.00402799
-36.2806 28.3819 -5.42088 0.0673467 -0.997729 -0.000738317
-37.1109 28.3263 -5.37412 0.0653171 -0.997864 0.000494093
-37.7127 28.2901 -4.70219 0.0603983 -0.998167 -0.00110007
-37.7134 28.2886 -3.7851 0.0562382 -0.998414 -0.00206345
-37.7483 28.2816 -2.84223 0.0573922 -0.998312 -0.00890663
-37.7725 28.2716 -1.898 0.056312 -0.998372 -0.00911536
-37.7166 28.2702 -1.11656 0.0581017 -0.998296 -0.00549526
-37.6942 28.2662 -0.327082 0.0618766 -0.998063 -0.0065202
-37.7303 28.2537 0.643037 0.0655369 -0.997804 -0.00883032
-37.7405 28.2431 1.66071 0.0696818 -0.997525 -0.00936976
-37.7287 28.2346 2.6384 0.0711614 -0.997425 -0.00892413
-37.7034 28.2305 3.48694 0.0707272 -0.997478 -0.00597261
-37.6526 28.2278 4.34964 0.073522 -0.997264 -0.00749264
-37.2813 28.2469 5.32509 0.0746208 -0.997176 -0.00848526
-36.1635 28.3302 5.41619 0.0766264 -0.997031 -0.00742104
-35.3809 28.3916 5.44527 0.0789087 -0.99686 -0.00663063
-34.4213 28.4684 5.40598 0.0803458 -0.996752 -0.00546701
-33.479 28.5441 5.41719 0.0804368 -0.996751 -0.00408081
-32.5939 28.6152 5.41376 0.0772922 -0.997006 -0.00226673
-31.7517 28.6809 5.4012 0.0755857 -0.997134 0.00044514
-30.7612 28.7526 5.3695 0.0692245 -0.997595 0.00179422
-29.835 28.8106 5.31168 0.0559883 -0.998402 0.00559992
-29.4472 28.8257 4.74626 0.0519132 -0.998607 0.00943263
-28.6736 28.8646 4.76116 0.0483916 -0.998696 0.0162336
-28.7602 28.8718 5.71703 0.0532507 -0.998499 0.0128001
-29.5502 28.8351 6.10784 0.0581908 -0.998167 0.0163242
-30.5055 28.7772 6.14549 0.0614682 -0.998014 0.0137749
-31.387 28.7114 6.16132 0.0786465 -0.996848 0.0101684
-32.4598 28.6245 6.16145 0.080106 -0.996785 -0.000732889
-33.4196 28.5448 6.17795 0.0812189 -0.996676 -0.00624838
-34.4931 28.4588 6.17315 0.0808517 -0.996714 -0.00483398
-35.4157 28.3843 6.17903 0.0793235 -0.996833 -0.00564512
-36.2939 28.3148 6.15656 0.0782527 -0.996902 -0.00793589
-37.1474 28.2496 6.15374 0.0785238 -0.99684 -0.0111863
-37.9194 28.1903 6.12559 0.0739155 -0.99717 -0.0134067
-38.4243 28.1633 5.4628 0.0706863 -0.997418 -0.0126631
-38.401 28.1729 4.68044 0.0690918 -0.997579 -0.00795353
-38.4335 28.1774 3.75484 0.0696535 -0.99755 -0.00655043
-38.4639 28.1804 2.9411 0.0694373 -0.997553 -0.00794758
-38.4787 28.1886 2.01803 0.0676238 -0.997633 -0.0122209
-38.4986 28.1998 1.0552 0.0636591 -0.997895 -0.0122479
-38.4879 28.2131 0.0502825 0.0620996 -0.998008 -0.0111314
-38.4614 28.2264 -1.02445 0.0580969 -0.998282 -0.00740005
-38.5298 28.2289 -1.80383 0.0534754 -0.99853 -0.00888784
-38.5243 28.2372 -2.63378 0.0522359 -0.998585 -0.00991276
-38.4802 28.2481 -3.63471 0.0513093 -0.998664 -0.00610022
-38.4831 28.2497 -4.5041 0.0519883 -0.998642 0.00289466
-38.4805 28.2464 -5.3118 0.0562466 -0.998403 0.00406838
-38.3237 28.2494 -6.03289 0.0577195 -0.998291 0.0091397
-37.2998 28.31 -6.16907 0.0619058 -0.998061 0.00651282
-36.4026 28.3717 -6.16143 0.0700801 -0.997528 0.00485432
-35.6129 28.429 -6.19197 0.0751099 -0.997175 0.00105847
-34.7615 28.4923 -6.18675 0.0762881 -0.997079 -0.0035916
-33.9124 28.557 -6.15519 0.0727754 -0.997322 -0.00659564
-33.0443 28.6178 -6.15469 0.0687171 -0.997583 -0.00990096
-31.9444 28.6903 -6.18632 0.0608929 -0.998061 -0.012791
-31.0914 28.733 -6.23846 0.0432366 -0.99892 -0.0165909
-30.149 28.7676 -6.23086 0.0321757 -0.999219 -0.0224538
-29.2681 28.7899 -6.17234 0.0246294 -0.99942 -0.023501
-28.741 28.7881 -5.64826 0.00853771 -0.999862 -0.0142578
-28.6981 28.78 -4.85405 0.0127538 -0.999884 -0.00731931
-28.7454 28.777 -4.0535 0.0114053 -0.999928 0.00301822
-28.7735 28.7803 -3.14407 0.0179521 -0.999816 0.00671398
-28.7321 28.7871 -2.25839 0.0174354 -0.99983 0.00600111
-28.678 28.7949 -1.18727 0.0186212 -0.999798 0.00756834
-28.7174 28.801 -0.300614 0.0176912 -0.999813 0.00776544
-28.7374 28.8069 0.465137 0.0190397 -0.99977 0.00964954
-28.7389 28.8154 1.33957 0.0226266 -0.999682 0.0110398
-28.7463 28.8253 2.19706 0.0260731 -0.999547 0.0145561
-28.6984 28.8378 2.99093 0.0334146 -0.999331 0.0144358
-28.698 28.8497 3.85811 0.0408981 -0.999103 0.0109153
-28.678 28.8581 4.36631 0.0474817 -0.998715 0.0176368
-27.9396 28.8928 4.342 0.0487762 -0.998603 0.020277
-27.9343 28.9086 5.28883 0.0496075 -0.998689 0.0125937
-27.9622 28.9177 6.08278 0.0494857 -0.998649 0.0156806
-28.5548 28.9075 6.91045 0.044734 -0.998702 0.0242664
-29.379 28.8605 6.9075 0.0653948 -0.997511 0.0263222
-30.2569 28.8045 6.92096 0.0628792 -0.99788 0.0166794
-31.0362 28.7472 6.93508 0.0848325 -0.996368 0.00737166
-31.8322 28.6773 6.93555 0.0889072 -0.996038 0.00186094
-32.6578 28.605 6.92468 0.086704 -0.996215 -0.00616741
-33.4248 28.5375 6.95091 0.0826798 -0.996488 -0.0128562
-34.3295 28.4689 6.90721 0.0766444 -0.997032 -0.00510646
-35.2934 28.3884 6.94236 0.0840871 -0.996419 -0.0078343
-36.1019 28.3235 6.93118 0.0792788 -0.996812 -0.00889364
-36.8873 28.2631 6.90097 0.0804723 -0.996711 -0.00861698
-37.8988 28.1764 6.91466 0.0748603 -0.996857 -0.0254128
-38.7005 28.126 6.85944 0.0607971 -0.997941 -0.0201895
-39.1514 28.1014 6.38641 0.0666903 -0.997741 -0.00169595
-39.2305 28.1069 5.3487 0.071868 -0.997319 -0.0137656
-39.1765 28.122 4.39944 0.0670801 -0.997716 -0.00792615
-39.2196 28.1245 3.47317 0.0687018 -0.997621 -0.00557953
-39.1933 28.1344 2.51053 0.0686672 -0.997584 -0.0105073
-39.2384 28.1456 1.57014 0.063656 -0.997855 -0.0152641
-39.2284 28.1589 0.706631 0.0622605 -0.997915 -0.0169046
-39.2664 28.1703 -0.0582224 0.0556106 -0.9983 -0.0173351
-39.2233 28.1825 -0.815366 0.0525492 -0.998572 -0.00956427
-39.2504 28.1884 -1.65854 0.0552476 -0.998427 -0.00954545
-39.2948 28.1969 -2.54577 0.0515923 -0.998603 -0.0113984
-39.2216 28.2104 -3.50104 0.0493283 -0.998731 -0.0101033
-39.2609 28.2116 -4.31382 0.044997 -0.998987 -0.000318697
-39.274 28.2061 -5.12131 0.0540026 -0.998427 0.0150295
-39.2384 28.1968 -6.0744 0.0570918 -0.998327 0.00915892
-38.9177 28.2084 -6.83203 0.0494601 -0.998739 0.00578758
-37.961 28.2602 -6.9374 0.0542524 -0.998462 0.0114098
-37.1068 28.3123 -6.94312 0.0717482 -0.997141 0.023267
-36.3377 28.3732 -6.93139 0.0704843 -0.997506 0.00299667
-35.2559 28.4509 -6.93619 0.0785363 -0.996828 0.0126838
-34.4643 28.5219 -6.92826 0.0796393 -0.996755 -0.0114172
-33.6096 28.5841 -6.89183 0.0691783 -0.997567 -0.0085996
-32.6823 28.6509 -6.957 0.0765537 -0.997027 -0.00836949
-31.8666 28.709 -6.96685 0.0571826 -0.998126 -0.021383
-30.9076 28.7524 -6.97331 0.0387148 -0.999125 -0.0158119
-29.8607 28.796 -6.98633 0.046639 -0.998445 -0.0303743
-29.0374 28.8189 -6.98317 0.0246154 -0.998399 -0.0508965
-28.257 28.8138 -6.81896 -0.0244138 -0.999196 -0.0289825
-27.9623 28.7943 -5.8913 -0.00452495 -0.999895 -0.0130871
-27.9748 28.7848 -4.98581 0.0020743 -0.99998 -0.00578724
-27.9667 28.7822 -4.13909 0.00335492 -0.999991 0.00264242
-28.0214 28.7914 -3.26774 0.0125357 -0.999861 0.010574
-27.9686 28.7989 -2.42158 0.0153681 -0.999856 0.00707281
-27.9354 28.8062 -1.38032 0.0148424 -0.999859 0.00778557
-27.9201 28.8132 -0.563245 0.0173936 -0.999821 0.00740364
-27.9649 28.8191 0.337406 0.015863 -0.999816 0.0103567
-27.9174 28.8291 1.09078 0.0168895 -0.999689 0.017105
-27.9751 28.8474 2.28358 0.0260521 -0.999503 0.0177486
-27.9342 28.8656 3.19611 0.031473 -0.999363 0.0168442
-27.9527 28.8807 3.92163 0.0387493 -0.998816 0.0294055
