0.0419121 33.8165 -3.4829 0.276006 -0.961136 0.00621131
0.056424 33.828 -2.42094 0.270793 -0.96262 0.00264789
-0.0190116 33.8015 -1.28457 0.264654 -0.964313 -0.00762666
-0.019316 33.7982 -0.220626 0.273605 -0.961839 -0.00190752
0.258069 33.8776 0.809153 0.273471 -0.961877 0.00246745
0.327721 33.8958 1.87104 0.271466 -0.962443 -0.00302332
0.188847 33.8576 2.89756 0.261678 -0.965144 -0.00470035
0.0828976 33.8277 3.15233 0.261205 -0.965269 -0.00517703
-0.808729 33.59 3.36575 0.249894 -0.968272 -0.00167717
-0.439409 33.6867 2.36162 0.261043 -0.965297 0.00673393
-0.502223 33.6694 1.46838 0.256606 -0.966506 0.00154442
-0.624812 33.6313 0.488463 0.254279 -0.967073 0.00842712
-0.921833 33.556 -0.687442 0.248332 -0.968664 -0.0045088
-0.769058 33.5985 -1.65734 0.262027 -0.965054 -0.000938851
-0.791458 33.5839 -2.87501 0.270304 -0.962699 0.0113127
-0.776629 33.584 -3.49961 0.26892 -0.963119 0.00903347
-1.68894 33.3523 -3.54713 0.229179 -0.973379 0.00306898
-1.68894 33.3552 -2.65118 0.230262 -0.973122 0.00360514
-1.68894 33.3621 -1.71482 0.236448 -0.971628 0.00397289
-1.67764 33.3639 -0.830329 0.239491 -0.970899 8.18149e-05
-1.64564 33.3713 0.0714667 0.236595 -0.971607 0.00156097
-1.68894 33.3645 1.02511 0.240316 -0.970683 0.00404954
-1.68894 33.3683 2.07485 0.239306 -0.970934 0.0043718
-1.63607 33.378 3.06937 0.236414 -0.97164 -0.00480403
-1.63553 33.3779 3.10885 0.237509 -0.971379 -0.00274879
-2.50494 33.1681 3.28827 0.227983 -0.973654 -0.00453972
-2.52596 33.1657 2.25222 0.231054 -0.972937 0.00212213
-2.47605 33.1744 1.07737 0.231044 -0.972941 0.00198317
-2.57742 33.1484 0.117036 0.224324 -0.974513 0.00178235
-2.54683 33.1542 -0.945658 0.228801 -0.973465 -0.000207703
-2.46137 33.1762 -2.12456 0.227137 -0.973861 -0.00155497
-2.52932 33.1554 -3.22889 0.227468 -0.973778 0.00364084
-2.52922 33.1553 -3.26276 0.227977 -0.973664 0.00231652
-3.25032 32.9906 -3.25748 0.220014 -0.975496 0.000417606
-3.12259 33.0222 -2.26249 0.226086 -0.974097 0.000540325
-3.4112 32.9552 -1.36986 0.219904 -0.975521 -0.000484813
-3.59831 32.9136 -0.461982 0.221439 -0.975173 0.00158889
-3.34404 32.9733 0.620018 0.223255 -0.974758 0.00194805
-3.26027 32.9935 1.52489 0.224384 -0.974501 0.000576133
-3.37495 32.9672 2.54175 0.223333 -0.97474 -0.000827419
-3.38823 32.9641 3.27251 0.219548 -0.975601 0.000535708
-4.22336 32.7762 3.27207 0.219221 -0.975674 0.00146254
-4.15433 32.7908 2.27229 0.219813 -0.975541 0.00101098
-4.06374 32.8105 1.28396 0.219761 -0.975553 0.00107743
-4.31775 32.7516 0.138289 0.218993 -0.975726 0.00108951
-4.35918 32.7418 -0.853572 0.219639 -0.975581 0.000392013
-4.00507 32.8218 -2.00584 0.220323 -0.975427 -0.000478403
-3.91751 32.8412 -2.88473 0.219209 -0.975677 0.00101171
-3.96496 32.8305 -3.3657 0.217617 -0.976034 -0.00019956
-1.52596 33.4021 4.53031 0.240758 -0.970575 0.00052007
-2.63233 33.1374 4.54042 0.223767 -0.97464 -0.00234511
-3.83278 32.8649 4.56642 0.219591 -0.975592 -0.000679305
-5.01049 32.6004 4.53554 0.218919 -0.975743 0.000453652
-5.52458 32.483 3.57903 0.22067 -0.975347 0.00142622
-5.55392 32.475 2.24931 0.220516 -0.975383 0.000719236
-5.58769 32.4671 0.933288 0.21958 -0.975594 0.000632659
-5.58377 32.4667 -0.385013 0.219135 -0.975694 0.000635775
-5.53092 32.4781 -1.81684 0.220095 -0.975478 0.000287681
-5.50132 32.4873 -3.07549 0.22047 -0.975387 -0.00353774
-5.48951 32.494 -4.20569 0.216748 -0.976224 -0.00243248
-4.23468 32.773 -4.57841 0.215878 -0.976417 -0.00232421
-3.01917 33.0431 -4.62781 0.219581 -0.975594 -0.00078465
-1.73287 33.3399 -4.63892 0.230997 -0.972951 -0.00111799
-0.562612 33.6372 -4.61141 0.265729 -0.964042 0.00236516
0.743298 34.0128 -4.57428 0.285909 -0.958133 0.013108
1.60601 34.2868 -3.97905 0.296539 -0.955021 -0.000403119
1.62674 34.2918 -2.64297 0.293576 -0.955935 -0.00131937
1.63443 34.2863 -1.50573 0.306592 -0.951838 -0.00226555
1.65738 34.2878 -0.234125 0.298046 -0.954546 -0.000502111
1.68481 34.2931 1.03368 0.285461 -0.958373 -0.00575472
1.67373 34.2915 2.31862 0.29167 -0.956519 -7.25839e-05
1.65356 34.2835 3.51921 0.293168 -0.956048 -0.0048106
1.12646 34.1224 4.50591 0.285447 -0.958368 -0.00630867
-0.0102428 33.7992 4.565 0.266571 -0.963803 0.00044551
-1.18766 33.4884 4.52422 0.250406 -0.968129 -0.00488748
-1.33633 33.45 4.52752 0.247489 -0.968879 -0.00132231
-1.19235 33.4837 5.628 0.245339 -0.969417 -0.00605492
-0.108718 33.7653 5.65795 0.260603 -0.965422 -0.00555887
1.06315 34.0916 5.64259 0.272364 -0.962111 -0.0126255
2.31247 34.4691 5.59741 0.301961 -0.953238 -0.0112638
2.70387 34.6062 4.49633 0.311454 -0.95024 -0.00628721
2.69037 34.6089 3.19261 0.315087 -0.949052 -0.00444358
2.7473 34.6259 1.94009 0.305834 -0.952064 0.00224006
2.70091 34.6234 0.785933 0.323161 -0.946281 -0.0109108
2.67428 34.6224 -0.68888 0.322689 -0.946503 -0.00197474
2.64502 34.6196 -2.10522 0.322791 -0.946387 -0.0125589
2.66079 34.6331 -3.26969 0.32559 -0.94549 -0.00110241
2.68751 34.6383 -4.43984 0.323871 -0.946053 0.00791481
2.49412 34.5598 -5.52619 0.319393 -0.947522 0.0137294
1.40425 34.1999 -5.68488 0.300416 -0.953759 0.00950245
0.338196 33.8824 -5.68476 0.271682 -0.96228 0.0142609
-0.791396 33.5721 -5.71434 0.261851 -0.965073 0.00488136
-1.93033 33.2935 -5.7422 0.230381 -0.973083 0.00541983
-3.04179 33.0402 -5.72231 0.218835 -0.975759 -0.00245494
-4.37766 32.7448 -5.67578 0.214944 -0.976622 -0.00288162
-5.61325 32.47 -5.64444 0.217905 -0.975965 -0.00315527
-6.65017 32.2337 -5.11153 0.222415 -0.974948 -0.00268735
-6.5937 32.2422 -3.95863 0.222749 -0.97487 -0.00341424
-6.6089 32.2354 -2.85028 0.223392 -0.974727 -0.00194141
-6.58976 32.2385 -1.54366 0.22118 -0.975233 -0.000172769
-6.66139 32.2227 -0.354372 0.224315 -0.974516 0.00122599
-6.64775 32.2263 0.808303 0.222397 -0.974956 -0.00065777
-6.64503 32.2267 2.03057 0.223197 -0.974773 0.000229327
-6.6249 32.2324 3.27535 0.223731 -0.97465 0.00153265
-6.59844 32.2404 4.409 0.223754 -0.974645 0.00143998
-6.43143 32.2821 5.56628 0.223317 -0.974728 0.00595555
-5.18084 32.5643 5.68505 0.218012 -0.975942 0.00273766
-3.94776 32.8386 5.64957 0.216122 -0.976366 -0.00111613
-2.86021 33.0824 5.61917 0.221796 -0.975084 -0.00404722
-1.58284 33.385 5.63682 0.240926 -0.970508 -0.0072266
-1.57549 33.3772 6.73007 0.23876 -0.970981 -0.0137879
-0.436767 33.6608 6.74087 0.248074 -0.968457 -0.0231621
0.695369 33.9716 6.79593 0.271687 -0.962236 -0.0167564
1.81677 34.2985 6.74245 0.293864 -0.955704 -0.0159136
2.95456 34.66 6.77598 0.3094 -0.950818 -0.0139968
3.74106 34.9375 6.17045 0.325148 -0.945528 -0.0159917
3.7882 34.966 5.07089 0.327553 -0.944821 -0.0038775
3.71172 34.9469 3.95851 0.323038 -0.946375 -0.0045721
3.7328 34.9593 2.76502 0.32342 -0.946251 -0.00279412
3.7277 34.9658 1.53378 0.327419 -0.944805 -0.0118749
3.71884 34.9764 0.357258 0.329986 -0.943964 -0.00631399
3.70824 34.9834 -0.928783 0.338532 -0.940942 -0.00487489
3.67174 34.9803 -2.06903 0.338648 -0.940882 -0.00728081
3.72058 34.9996 -3.50888 0.330118 -0.943929 0.00449572
3.72485 34.99 -4.75002 0.327863 -0.944655 0.0115259
3.69284 34.96 -5.99082 0.324614 -0.945734 0.0146103
2.99748 34.7055 -6.77069 0.326688 -0.944832 0.0218486
1.82426 34.3201 -6.78051 0.304934 -0.952317 0.0103977
0.761433 33.9885 -6.79622 0.286238 -0.958019 0.0163501
-0.436185 33.655 -6.78521 0.254015 -0.967106 0.0134739
-1.84675 33.2992 -6.84245 0.235028 -0.971767 0.0199996
-2.95624 33.0485 -6.80205 0.20983 -0.977622 0.0148774
-4.19566 32.7894 -6.7946 0.215114 -0.976574 -0.00537926
-5.32807 32.5376 -6.77761 0.216357 -0.976308 -0.00346518
-6.47933 32.2811 -6.76473 0.218476 -0.975814 -0.00721722
-7.64661 32.01 -6.40274 0.231632 -0.972797 0.0023191
-7.7332 31.9845 -5.15981 0.224836 -0.974388 -0.00411003
-7.65135 31.9984 -3.90307 0.226118 -0.974095 -0.00303493
-7.69687 31.984 -2.63013 0.226891 -0.973919 -0.00144928
-7.68372 31.9854 -1.47795 0.229286 -0.973358 -0.000733126
-7.69854 31.9836 0.0092504 0.225804 -0.974173 0.000673819
-7.69675 31.9842 1.29113 0.225402 -0.974266 -5.71939e-05
-7.68678 31.987 2.39994 0.225941 -0.974141 0.000993212
-7.69958 31.9858 3.53862 0.224272 -0.974526 0.00144976
-7.69534 31.9891 4.78789 0.224589 -0.974452 0.0019513
-7.69347 31.9953 6.228 0.225922 -0.974134 0.00466458
-6.73496 32.2221 6.76467 0.22543 -0.97418 0.0122787
-5.36033 32.5333 6.77286 0.218162 -0.975849 0.011097
-4.27998 32.7667 6.76267 0.211148 -0.977451 0.000767533
-2.97628 33.0517 6.71232 0.218909 -0.975722 -0.00675621
-1.78317 33.3261 6.73576 0.233013 -0.972387 -0.0115712
