1.5602 9.41999 2.82091 0.0553403 0.998417 -0.00981668
1.52664 9.41697 1.77826 0.0617029 0.998092 0.00124033
1.52494 9.41882 0.783162 0.0407465 0.999164 -0.00266352
1.57001 9.41352 -0.319946 0.0609028 0.998132 -0.004693
1.58392 9.42543 -1.3451 0.0641953 0.997918 0.00619819
1.6439 9.42339 -2.38164 0.04551 0.99895 -0.00387081
1.64575 9.4238 -2.70457 0.0460778 0.998843 0.0132774
0.746356 9.46149 -2.79917 0.0309183 0.999513 0.0040824
0.716486 9.46326 -1.88124 0.0342241 0.999392 -0.00656657
0.685612 9.46428 -0.831225 0.0137788 0.999794 0.0138799
0.656395 9.45268 0.152682 0.0343958 0.999361 0.00708663
0.645725 9.45289 1.37402 0.0297983 0.999556 -0.000582912
0.658874 9.45516 2.4808 0.0278101 0.999612 -0.000440033
0.672066 9.45588 2.93824 0.0190398 0.999817 -0.00164975
-0.201333 9.46251 2.97498 -0.00292622 0.999993 0.00184333
-0.252894 9.4659 2.00251 -0.000570899 0.999995 0.00298423
-0.244997 9.46301 0.992372 -0.00620019 0.999967 0.000350597
-0.24072 9.4663 0.0272604 -0.00309386 0.999958 0.00792215
-0.218048 9.4735 -1.05281 0.0029223 0.999988 0.00377623
-0.14737 9.47824 -2.06819 0.0105244 0.99994 0.00266103
-0.125352 9.48037 -3.03571 0.0131944 0.99991 0.000807719
-1.03086 9.47552 -2.78267 -0.0194266 0.999802 0.00162702
-1.04688 9.47155 -1.79925 -0.0109508 0.99993 0.00447609
-1.11891 9.46123 -0.524001 -0.0200029 0.999734 0.0103172
-1.1297 9.45431 0.49313 -0.019353 0.999783 0.00401356
-1.15848 9.45392 1.42738 -0.019901 0.999796 -0.000975717
-1.13289 9.45468 2.48174 -0.022266 0.999749 -0.00158328
-1.13327 9.45499 2.89895 -0.0158812 0.999868 0.000310592
-2.02329 9.43 2.97827 -0.0353236 0.999376 0.000209347
-2.04908 9.42773 1.99776 -0.0356279 0.999363 0.000871138
-2.0196 9.43081 1.02121 -0.0342677 0.999408 -0.000208245
-2.0206 9.4312 -0.00251145 -0.0343044 0.999393 0.00308245
-1.98758 9.44171 -0.920286 -0.0317438 0.999436 0.0108063
-1.9221 9.45439 -1.96491 -0.0265232 0.999603 0.00556684
-1.91277 9.44854 -2.90716 -0.0376101 0.999287 -0.00329835
-2.78832 9.41367 -2.95323 -0.0483529 0.998827 0.00197492
-2.80579 9.41087 -1.92335 -0.0512754 0.99868 0.00240368
-2.88018 9.39722 -0.760268 -0.0470646 0.998863 0.00634056
-2.91809 9.39516 0.274795 -0.0445993 0.998994 -0.00436919
-2.9227 9.3955 1.32935 -0.044348 0.999009 0.00233555
-2.92378 9.39383 2.67619 -0.0467323 0.998907 -0.000214817
-2.92256 9.39423 2.99598 -0.0460284 0.998939 -0.00149609
-3.83128 9.34808 2.72116 -0.0549077 0.99849 -0.00150219
-3.83466 9.3485 1.66236 -0.058192 0.998301 0.0002249
-3.83307 9.34866 0.675915 -0.0562265 0.998411 0.000238231
-3.78334 9.35079 -0.326233 -0.0530596 0.998589 0.00218303
-3.72847 9.35848 -1.46189 -0.0533529 0.998549 0.00733206
-3.67863 9.36771 -2.67618 -0.0572715 0.998345 0.00487036
-3.67465 9.36844 -2.82002 -0.0582137 0.998298 0.0034124
-4.56039 9.3163 -2.97166 -0.0636183 0.997959 0.00497221
-4.61435 9.30618 -1.84611 -0.0629012 0.998008 0.00435093
-4.64894 9.30192 -0.921768 -0.0625905 0.998038 0.00152857
-4.70075 9.29683 0.0248428 -0.0670908 0.997732 0.00540175
-4.73557 9.29209 1.0606 -0.0694821 0.997582 0.00113649
-4.72768 9.29279 2.12064 -0.0679625 0.997685 -0.001256
-4.7182 9.29409 2.85963 -0.0649797 0.997885 3.20701e-05
-5.58151 9.23279 2.9781 -0.0742858 0.997229 -0.00393095
-5.63604 9.22789 2.01677 -0.0720959 0.997397 0.000564491
-5.69255 9.22449 1.01263 -0.0723006 0.997383 0.000149351
-5.58416 9.2351 -0.0369916 -0.0730469 0.997319 0.00436777
-5.53253 9.24263 -1.06384 -0.0776743 0.99696 0.00608854
-5.51136 9.24872 -2.04221 -0.0720814 0.997381 0.00501923
-5.44988 9.25647 -2.98564 -0.0681105 0.99766 0.00539626
-6.36227 9.18301 -2.95311 -0.0838642 0.99647 0.00376113
-6.42376 9.17517 -1.74385 -0.0869376 0.996184 0.00737654
-6.43142 9.16782 -0.664463 -0.0842765 0.996434 0.00398307
-6.5477 9.15725 0.495314 -0.0889901 0.996032 0.000806127
-6.61105 9.1485 1.60385 -0.0853586 0.996348 0.00209514
-6.51724 9.15458 2.78284 -0.0897958 0.99595 -0.000701496
-6.50891 9.15613 2.94749 -0.0924406 0.995711 -0.00335948
-7.39997 9.06642 2.71711 -0.107002 0.994254 0.0015808
-7.58696 9.05115 1.48619 -0.109279 0.994008 0.00258401
-7.41401 9.07833 0.260942 -0.101256 0.9948 0.00539335
-7.28989 9.08771 -0.651416 -0.0959325 0.995364 0.00662405
-7.35228 9.09105 -1.58114 -0.0901669 0.995916 0.00427811
-7.31264 9.09577 -2.68837 -0.099054 0.995082 0.000474909
-7.29828 9.09747 -2.90703 -0.101767 0.994801 -0.00162605
-8.31929 8.98305 -2.97461 -0.121222 0.992612 -0.00420804
-8.32056 8.98475 -1.94795 -0.118907 0.992903 0.00145875
-8.18268 8.99559 -0.778186 -0.111628 0.993731 0.00602256
-8.28751 8.97899 0.301033 -0.115689 0.993254 0.00708116
-8.50517 8.94886 1.36146 -0.121348 0.992607 -0.00190833
-8.30306 8.96984 2.25261 -0.111016 0.993804 0.00501368
-8.27872 8.96855 2.87294 -0.116986 0.993107 0.00371783
-9.28449 8.84194 2.87771 -0.130898 0.991383 0.00491372
-9.28272 8.84861 1.7687 -0.1328 0.991133 0.00429594
-9.28449 8.85211 0.641588 -0.133287 0.991074 0.00264901
-9.2777 8.85956 -0.304409 -0.127289 0.991831 0.0081097
-9.28196 8.86278 -1.1956 -0.126911 0.991907 0.00372823
-9.28449 8.85835 -2.45596 -0.134615 0.99089 -0.0040163
-9.29163 8.85563 -2.93633 -0.136924 0.99058 -0.000858084
-10.1609 8.73172 -2.76249 -0.158464 0.987364 -0.000639945
-10.2888 8.7147 -1.83617 -0.156627 0.987642 -0.00554977
-10.1897 8.73067 -0.93268 -0.152984 0.988226 0.00217552
-10.2176 8.72345 0.370581 -0.139538 0.990215 0.00168436
-10.1386 8.73031 1.50453 -0.142412 0.989789 0.00602618
-10.182 8.71906 2.44004 -0.143279 0.989672 0.00446462
-10.1635 8.72116 2.58472 -0.142685 0.989758 0.00436154
-11.0018 8.58958 2.9357 -0.163848 0.986485 0.0010131
-11.0332 8.58818 1.97317 -0.162323 0.986717 0.00634731
-11.1396 8.57194 0.962513 -0.172813 0.98495 -0.00311076
-11.2005 8.5621 -0.130513 -0.173043 0.984901 0.00498194
-11.2037 8.56295 -1.18907 -0.171881 0.985117 -0.00127442
-11.1215 8.57524 -2.29278 -0.171057 0.98526 -0.00128374
-11.0107 8.59525 -2.92674 -0.165916 0.986112 0.00378851
-11.89 8.44041 -2.76062 -0.179305 0.983791 0.00211693
-12.0793 8.40468 -1.66185 -0.184887 0.98276 -0.000289392
-12.1222 8.39922 -0.724564 -0.176607 0.98428 0.00166524
-12.0801 8.40356 0.229916 -0.188317 0.982102 0.00108737
-11.9775 8.42371 1.46389 -0.19238 0.98132 -0.000611414
-11.8768 8.44195 2.4011 -0.173649 0.984801 0.00173585
-11.8813 8.44093 2.8201 -0.171376 0.98517 0.00716673
-12.7769 8.26723 2.94672 -0.19819 0.980152 0.00449766
-12.8269 8.25337 1.75976 -0.208972 0.977908 -0.00116279
-12.9266 8.23291 0.802823 -0.210643 0.977562 -0.000567829
-13.0096 8.21393 -0.319617 -0.217574 0.976042 0.00174022
-12.9808 8.22256 -1.33628 -0.210043 0.977673 0.00455371
-12.8475 8.25044 -2.35594 -0.213711 0.976876 0.00251549
-12.7746 8.26922 -2.69606 -0.202358 0.979257 0.00947791
-13.6408 8.07872 -2.92922 -0.224421 0.974451 0.00747861
-13.792 8.03972 -1.82336 -0.223076 0.9748 -0.00104001
-13.9035 8.01227 -0.697959 -0.224004 0.974574 0.00464492
-13.8513 8.02494 0.250539 -0.226201 0.974062 -0.00439701
-13.7502 8.04845 1.41337 -0.227387 0.973801 0.00258784
-13.6591 8.06854 2.38617 -0.22291 0.974829 -0.00437089
-13.6708 8.06807 2.92855 -0.220038 0.975488 -0.00233457
-14.5541 7.86054 2.9746 -0.239957 0.970778 0.000673841
-14.5735 7.85488 1.83851 -0.2317 0.972774 -0.00441846
-14.6615 7.83245 0.889498 -0.238759 0.971072 0.00118509
-14.7326 7.80626 -0.133485 -0.242219 0.970175 -0.0068315
-14.7223 7.81503 -1.10666 -0.244849 0.969535 0.00677577
-14.5905 7.84556 -2.25442 -0.244893 0.969539 0.000190759
-14.5061 7.86812 -2.81788 -0.243037 0.970007 0.00373586
-15.3717 7.64025 -2.99425 -0.265784 0.964006 0.00710651
-15.4923 7.60618 -1.81729 -0.266337 0.963873 -0.0027257
-15.5671 7.58605 -0.858683 -0.264202 0.964436 0.00775002
-15.5668 7.58634 0.323746 -0.265674 0.964053 -0.00420696
-15.4951 7.60859 1.28581 -0.264608 0.964306 -0.00840858
-15.438 7.63701 2.34101 -0.264914 0.964239 -0.00775436
-15.4186 7.64596 2.90782 -0.259353 0.965711 0.000627643
-16.2898 7.40007 2.94229 -0.278241 0.960495 -0.00545895
-16.31 7.3844 1.83503 -0.280106 0.959909 -0.0107725
-16.4168 7.34767 0.699263 -0.282325 0.959313 0.00208669
-16.4371 7.34328 -0.264475 -0.268269 0.963343 0.000697038
-16.3873 7.35513 -1.34671 -0.272867 0.962046 -0.00322711
-16.285 7.38263 -2.27461 -0.272626 0.962118 -0.0018412
-16.2175 7.40032 -2.95741 -0.273517 0.961861 -0.00276937
-17.0853 7.14279 -3.04165 -0.292742 0.956176 0.00260082
-17.1445 7.12778 -2.08185 -0.291954 0.956413 -0.00580311
-17.2588 7.09492 -1.16458 -0.293427 0.955979 0.00215581
-17.2782 7.09061 -0.205221 -0.297997 0.954541 -0.00543517
-17.2526 7.09975 0.901168 -0.290905 0.956744 0.000692417
-17.1634 7.12986 2.11143 -0.297695 0.954622 -0.00853711
-17.1284 7.14959 2.97878 -0.294343 0.955645 -0.00999869
-18.0047 6.86992 2.91887 -0.305579 0.952148 -0.00598942
-18.0193 6.85876 1.85493 -0.305223 0.952272 -0.00282473
-18.095 6.83429 0.810014 -0.303018 0.952984 -0.00126304
-18.1096 6.82694 -0.330908 -0.306445 0.951861 -0.00558927
-18.0468 6.84366 -1.50411 -0.311297 0.950307 -0.00167623
-17.9864 6.85797 -2.46389 -0.309575 0.950857 -0.0052775
-17.98 6.85941 -2.66338 -0.308835 0.951112 -0.00219599
-18.7996 6.58505 -2.96891 -0.324951 0.945718 -0.00484015
-18.8438 6.57555 -1.92605 -0.319002 0.947739 -0.0052996
-18.9264 6.55187 -0.90686 -0.323529 0.946201 -0.00511617
-18.9536 6.54913 0.0924695 -0.320495 0.947222 -0.00729535
-18.932 6.55883 1.24964 -0.321152 0.947027 -0.00108553
-18.8656 6.58269 2.18323 -0.319056 0.94773 -0.00342617
-18.8532 6.59235 2.97772 -0.317289 0.948297 -0.00773331
-19.6844 6.30359 2.82072 -0.332902 0.94295 -0.00466723
-19.7224 6.28824 1.9002 -0.332575 0.943077 -0.000317269
-19.7521 6.27358 0.739056 -0.335459 0.942043 -0.00196218
-19.7632 6.2694 -0.221629 -0.326072 0.945343 -0.0020539
-19.7381 6.27216 -1.28547 -0.331153 0.943519 -0.00621111
-19.6659 6.28939 -2.41535 -0.3362 0.94177 -0.00571084
-19.6441 6.29366 -2.88843 -0.331692 0.943361 -0.00709853
-20.4913 5.99101 -2.86552 -0.345999 0.938203 -0.00777865
-20.5306 5.98377 -1.77104 -0.339438 0.940615 -0.00496332
-20.5694 5.97736 -0.769665 -0.343711 0.939047 -0.00543266
-20.5947 5.9694 0.272922 -0.345373 0.938462 -0.00259823
-20.5746 5.98225 1.22668 -0.33976 0.940493 -0.00602074
-20.5618 5.99085 2.18674 -0.333699 0.942667 -0.0034766
-20.5289 6.00374 2.85043 -0.340667 0.940166 0.00100788
1.67822 9.44353 -4.29425 0.037526 0.999242 0.0103334
2.96703 9.36823 -4.15502 0.0767124 0.996769 0.02169
3.15509 9.32446 -2.87556 0.0818535 0.996486 0.0177092
3.12184 9.30908 -1.51071 0.0879524 0.996031 0.0117506
3.04846 9.30234 -0.276529 0.0923169 0.995723 -0.0037785
2.94488 9.30951 1.03121 0.0854245 0.996342 0.002164
2.93388 9.31352 2.30748 0.0963471 0.995332 0.000601489
2.96936 9.32568 3.63011 0.106278 0.994332 -0.00286681
1.94952 9.41088 4.22119 0.0586019 0.998155 0.000645512
0.446224 9.45976 4.20806 0.0208755 0.99978 0.00217967
-0.86466 9.46453 4.25933 -0.00788356 0.999914 -0.00541475
-2.19778 9.42424 4.27821 -0.0367694 0.999323 -0.00120559
-3.51289 9.36588 4.23394 -0.0481689 0.998839 -0.00103662
-4.92925 9.28255 4.26096 -0.0655221 0.997849 -0.00213409
-6.15657 9.18775 4.25338 -0.0827364 0.99655 -0.00586357
-7.46673 9.06437 4.23794 -0.104454 0.994494 -0.00828845
-8.69221 8.92514 4.23805 -0.124996 0.992131 -0.00642457
-9.96349 8.75273 4.17895 -0.148865 0.988834 -0.00536143
-11.1954 8.55824 4.18386 -0.167547 0.985834 -0.00748074
-12.6079 8.29636 4.24387 -0.198631 0.980073 -0.00152529
-13.8414 8.02967 4.23761 -0.219289 0.975658 0.00154212
-15.0552 7.7378 4.22968 -0.24443 0.969651 -0.00154869
-16.3634 7.38207 4.23759 -0.270462 0.962726 -0.000578686
-17.7051 6.97766 4.27347 -0.311298 0.950306 -0.000229489
-18.9469 6.56808 4.24212 -0.313702 0.949513 -0.00391372
-20.331 6.07894 4.23841 -0.343437 0.939165 -0.00396815
-21.6725 5.58017 4.18755 -0.357184 0.934033 0.00111484
-22.1314 5.40301 3.06603 -0.362502 0.931974 -0.00401612
-22.1591 5.38354 1.71905 -0.359161 0.933272 -0.00256822
-22.1188 5.39477 0.264985 -0.357387 0.933954 -0.00190551
-22.1556 5.37736 -1.31827 -0.362208 0.932091 -0.00351845
-22.1636 5.36664 -2.60707 -0.360104 0.932873 -0.00849268
-22.1191 5.37934 -3.96225 -0.359303 0.933219 -0.00121003
-21.0326 5.78943 -4.29213 -0.348554 0.937288 -0.00130321
-19.8275 6.23032 -4.26232 -0.340051 0.940404 0.00234622
-18.6292 6.64971 -4.26178 -0.322588 0.946505 0.00599047
-17.3435 7.07137 -4.32902 -0.299229 0.954104 0.00773575
-15.8328 7.52125 -4.27948 -0.276103 0.961112 0.0054953
-14.4615 7.89835 -4.25106 -0.244935 0.969363 0.0134673
-13.1695 8.19076 -4.22749 -0.212566 0.977142 0.00295602
-11.514 8.51399 -4.22033 -0.180626 0.983545 0.00374625
-10.1938 8.73064 -4.22871 -0.157449 0.987502 0.00689514
-8.6795 8.94328 -4.24945 -0.134531 0.99087 0.00886549
-7.30705 9.10878 -4.27784 -0.108292 0.994017 0.0124274
-6.02066 9.22999 -4.2727 -0.0831636 0.996359 0.0187204
-4.71334 9.31329 -4.25751 -0.0580488 0.998288 0.00718988
-3.29114 9.38986 -4.24156 -0.0485609 0.998793 -0.0071879
-1.99659 9.43973 -4.26036 -0.0346146 0.999396 -0.00290131
-0.519341 9.4775 -4.28587 -0.0181487 0.999809 -0.00707871
0.782999 9.47192 -4.29655 0.0214391 0.999764 -0.00338813
1.29438 9.45758 -4.28713 0.0366607 0.999276 0.0101558
1.33318 9.4692 -5.53257 0.0189201 0.999535 0.0238643
0.0853873 9.48277 -5.49013 -0.0064019 0.999956 0.0034221
-1.27424 9.46214 -5.50999 -0.0223537 0.99973 0.00113849
-2.5291 9.42092 -5.47313 -0.0382553 0.999267 -0.000225091
-3.90037 9.36212 -5.49178 -0.049093 0.998777 0.00473476
-5.23809 9.29378 -5.4911 -0.0581678 0.998253 0.0102497
-6.61964 9.1942 -5.53751 -0.0918771 0.995719 0.00482235
-7.93792 9.05087 -5.5039 -0.123335 0.992277 0.0132455
-9.16455 8.88986 -5.49001 -0.13992 0.990082 0.012248
-10.3859 8.7089 -5.47392 -0.153298 0.988175 0.00288525
-11.6951 8.48196 -5.45816 -0.18208 0.983283 -0.000646555
-13.2039 8.18268 -5.44785 -0.212648 0.977113 0.00457064
-14.4972 7.8897 -5.48906 -0.23672 0.971559 0.00110755
-15.7389 7.5607 -5.49225 -0.267669 0.963481 0.00749243
-17.0365 7.17754 -5.54282 -0.28839 0.957406 0.0138777
-18.4704 6.71228 -5.4945 -0.321888 0.946714 0.00821637
-19.7124 6.27576 -5.49663 -0.337454 0.94133 0.00472392
-20.9723 5.8117 -5.52633 -0.352525 0.935802 -0.000617274
-22.2589 5.32136 -5.51321 -0.35959 0.93311 -0.000575761
-23.262 4.92968 -4.76641 -0.366799 0.930299 0.000463296
-23.3186 4.90995 -3.53373 -0.369402 0.929258 -0.00464109
-23.3013 4.92367 -2.10918 -0.36886 0.929474 -0.00455957
-23.2956 4.92978 -0.772454 -0.369666 0.929159 -0.00283738
-23.2602 4.94891 0.508432 -0.368908 0.92946 -0.00313212
-23.3163 4.93141 1.78995 -0.3691 0.929368 -0.00641622
-23.2923 4.9477 3.18837 -0.373166 0.927764 -0.00142179
-23.3077 4.94342 4.46788 -0.371714 0.928342 -0.00324862
-22.7727 5.15852 5.44285 -0.367173 0.930143 -0.0042038
-21.5297 5.63937 5.44631 -0.353661 0.935354 -0.00613203
-20.3705 6.07144 5.47161 -0.339946 0.940425 -0.00613445
-19.0034 6.55249 5.44861 -0.325328 0.94552 -0.011847
-17.7706 6.96088 5.48367 -0.308924 0.951066 -0.00613363
-16.2549 7.4193 5.48807 -0.279028 0.960271 -0.00465428
-14.9887 7.76145 5.47073 -0.243421 0.969877 -0.00917131
-13.7757 8.05264 5.47147 -0.221151 0.975163 -0.00841241
-12.4847 8.32741 5.46594 -0.19025 0.981706 -0.00768789
-11.0697 8.58618 5.41761 -0.161571 0.986843 0.00389574
-9.68871 8.79785 5.43324 -0.142204 0.98983 -0.000918493
-8.26356 8.98353 5.45708 -0.121622 0.992575 -0.00140416
-6.8379 9.13761 5.47272 -0.0973597 0.995203 -0.00961084
-5.45349 9.25389 5.45228 -0.0755162 0.997089 -0.0103232
-3.7414 9.3599 5.48046 -0.0521514 0.998614 -0.00664634
-2.31094 9.42226 5.45976 -0.0362638 0.999336 -0.00328195
-0.798819 9.4588 5.48238 -0.00921191 0.999942 0.00135873
0.586375 9.45687 5.43003 0.0141428 0.999899 0.00169941
2.19551 9.39841 5.46169 0.0590911 0.998141 -0.00537297
3.6721 9.2717 5.40185 0.0973669 0.995145 -0.0143524
4.21701 9.1952 4.28818 0.123336 0.992345 -0.00614334
4.18324 9.1822 3.00254 0.131643 0.991251 -0.00825758
4.13837 9.18347 1.41887 0.123868 0.992298 0.000106045
4.25013 9.17832 0.121658 0.117375 0.993047 0.0067002
4.35472 9.18487 -1.36996 0.107859 0.994031 0.0164119
4.38323 9.2031 -2.68677 0.104731 0.994372 0.0159944
4.38578 9.22327 -3.94033 0.113879 0.993297 0.0197848
4.28901 9.26539 -5.34523 0.107467 0.993982 0.0201216
2.97426 9.38876 -5.4964 0.0670464 0.997485 0.0213012
1.66996 9.46212 -5.52836 0.0389342 0.998935 0.0232719
1.51629 9.46542 -5.52989 0.0194739 0.999577 0.0213193
1.56949 9.49473 -6.73643 0.030521 0.999216 0.025185
-0.0294174 9.49305 -6.70003 -0.0163715 0.99973 0.0164684
-1.36654 9.46057 -6.74631 -0.0363293 0.999337 0.00143776
-2.63559 9.41843 -6.71555 -0.0353513 0.999371 0.00252609
-4.14155 9.35984 -6.7411 -0.0390317 0.999229 0.00395767
-5.38457 9.30072 -6.71573 -0.0614878 0.997903 0.020118
-7.07571 9.17304 -6.72802 -0.0866437 0.995732 0.0317733
-8.39623 9.01351 -6.76221 -0.128018 0.991418 0.0264966
-9.78183 8.81213 -6.71768 -0.153627 0.988048 0.0123663
-11.0944 8.59796 -6.73758 -0.175078 0.984475 0.0118817
-12.3302 8.36891 -6.70474 -0.191879 0.981156 0.0191058
-13.5923 8.10931 -6.72957 -0.213714 0.976782 0.0139043
-15.0186 7.77134 -6.6949 -0.247992 0.968454 0.0243273
-16.3124 7.4181 -6.74248 -0.274197 0.961377 0.0233264
-17.585 7.02081 -6.74992 -0.313168 0.94958 0.014897
-18.7857 6.61507 -6.68466 -0.328781 0.944287 0.0142919
-20.0201 6.17096 -6.72751 -0.346612 0.93797 0.00738015
-21.4607 5.6298 -6.75114 -0.356149 0.934406 0.0065728
-22.6416 5.17691 -6.72857 -0.36108 0.932521 0.00499905
-23.8745 4.68907 -6.67219 -0.369751 0.929126 0.00267758
-24.4064 4.47482 -5.48369 -0.372119 0.928185 -8.2657e-05
-24.4361 4.46417 -3.95284 -0.37141 0.928467 -0.00208761
-24.4377 4.46722 -2.61551 -0.37311 0.927778 -0.0040768
-24.4262 4.47652 -1.38885 -0.372825 0.927895 -0.00339576
-24.3962 4.49372 0.114923 -0.37396 0.927441 -0.00281955
-24.4768 4.46535 1.45173 -0.372939 0.927851 -0.00295217
-24.4346 4.48645 2.87242 -0.375167 0.926954 -0.00228321
-24.4696 4.47526 4.13569 -0.374395 0.927266 -0.0022853
-24.49 4.46969 5.40405 -0.37584 0.92668 -0.00275855
-24.0726 4.64337 6.61629 -0.377535 0.925989 -0.00333669
-22.9377 5.10198 6.66566 -0.366842 0.930235 -0.00941214
-21.5233 5.6512 6.66758 -0.355097 0.934774 -0.00982024
-20.3699 6.08074 6.68722 -0.342016 0.939652 -0.0087542
-19.0353 6.55646 6.66831 -0.328492 0.944436 -0.0111637
-17.6285 7.02142 6.70959 -0.297681 0.954586 -0.0122586
-16.4464 7.37583 6.70831 -0.272721 0.96196 -0.0153573
-15.1207 7.73607 6.69977 -0.252785 0.967436 -0.0128771
-13.733 8.07515 6.70865 -0.225104 0.97418 -0.0148849
-12.319 8.37156 6.68143 -0.192259 0.98121 -0.0161236
-10.8653 8.63246 6.68221 -0.160119 0.986985 -0.0149113
-9.59319 8.82289 6.68396 -0.127651 0.991746 -0.0120295
-8.3788 8.97798 6.70319 -0.125253 0.992099 -0.00707092
-6.87589 9.14957 6.68386 -0.102683 0.9946 -0.0147535
-5.52092 9.26435 6.69765 -0.0747306 0.997023 -0.01878
-4.19545 9.34543 6.72324 -0.0493144 0.998738 -0.00953418
-2.80314 9.41174 6.65177 -0.0481101 0.99882 -0.00639528
-1.50146 9.45279 6.68894 -0.00960921 0.999949 -0.00266001
-0.0455927 9.46456 6.69871 -0.00399563 0.999988 -0.00240126
1.18547 9.4565 6.64322 0.0220209 0.999642 -0.0149743
2.51388 9.4135 6.71267 0.0672056 0.995163 -0.0716511
4.03736 9.26059 6.69504 0.125902 0.991483 -0.0333101
5.45174 9.03787 6.26295 0.159489 0.987198 -0.0014285
5.49537 9.02876 5.02537 0.140398 0.990071 -0.00687085
5.46841 9.01609 3.59508 0.14211 0.989733 -0.0152798
5.3538 9.01466 2.27103 0.149555 0.988723 -0.00728289
5.3704 9.02501 0.786015 0.156974 0.987062 0.0278844
5.63546 9.03039 -0.696925 0.112642 0.993488 0.0169167
5.63298 9.04023 -2.05916 0.125106 0.99212 0.00686386
5.57278 9.06169 -3.39655 0.142435 0.989743 0.0108635
5.6357 9.06749 -4.66607 0.169385 0.984723 0.0347485
5.72878 9.09468 -6.08076 0.132579 0.990977 0.0193885
4.92662 9.22109 -6.6925 0.14999 0.988319 0.021361
3.53981 9.38802 -6.72163 0.091149 0.994749 0.0455707
2.05353 9.47919 -6.72755 0.0390043 0.998782 0.0302151
1.98981 9.48129 -6.72892 0.031465 0.999186 0.0252376
