0.124666 34.3832 -2.99016 0.269695 -0.96294 0.00279982
-0.0445623 34.3293 -2.03522 0.263932 -0.964507 -0.00754664
-0.0167492 34.3399 -1.12874 0.27047 -0.962695 0.00796897
0.113794 34.3799 -0.176398 0.2781 -0.960552 0.000161986
0.115844 34.3779 0.826331 0.273579 -0.961835 -0.00421008
0.152122 34.3849 1.68147 0.272342 -0.962183 -0.0058091
0.129974 34.3761 2.86207 0.273252 -0.961941 0.000945355
0.129564 34.3759 2.87534 0.27116 -0.962528 -0.000989814
-0.672783 34.1568 3.26964 0.257267 -0.966338 0.00187742
-0.607651 34.1745 2.39208 0.252235 -0.96766 -0.00332829
-0.625975 34.1709 1.54532 0.256145 -0.966633 0.000243257
-0.627237 34.1681 0.494378 0.26629 -0.963858 0.00661021
-0.612659 34.1728 -0.517024 0.272565 -0.962126 -0.0045479
-0.816789 34.1188 -1.41935 0.260285 -0.965531 0.000814131
-0.697766 34.1529 -2.25716 0.262085 -0.96503 -0.0052609
-0.548189 34.1951 -3.08649 0.268375 -0.963308 0.00338006
-0.564447 34.19 -3.30832 0.26054 -0.965429 0.000479644
-1.27265 34.0051 -3.21171 0.253386 -0.967356 0.00125577
-1.39525 33.9705 -2.29341 0.246695 -0.969088 -0.00300585
-1.48846 33.9444 -1.52367 0.246596 -0.969103 0.000537933
-1.34954 33.9795 -0.39808 0.25161 -0.967819 -0.00426946
-1.48236 33.9463 0.565798 0.247727 -0.968806 0.00674118
-1.41143 33.9672 1.38483 0.246281 -0.969198 -0.000236235
-1.42189 33.964 2.47014 0.244374 -0.96967 -0.00223928
-1.49547 33.944 3.46088 0.245002 -0.969521 -0.00146778
-1.49766 33.9434 3.4921 0.245782 -0.969319 -0.00300999
-2.28724 33.7477 3.48018 0.23718 -0.971455 -0.00448696
-2.28875 33.7509 2.62424 0.238126 -0.971229 -0.00241472
-2.28875 33.7494 1.81485 0.237324 -0.971428 0.0024415
-2.28875 33.7467 0.917433 0.233515 -0.972342 0.00444838
-2.28875 33.7431 0.0272273 0.239218 -0.970964 0.000796569
-2.28875 33.7448 -0.927083 0.23634 -0.971666 -0.0029138
-2.28496 33.749 -1.88053 0.236451 -0.971638 -0.00324936
-2.28875 33.7475 -2.97253 0.2416 -0.970375 -0.00069293
-2.28875 33.7482 -3.4168 0.241372 -0.970432 -0.000409283
-2.92049 33.5941 -3.49147 0.232653 -0.972558 -0.000428523
-3.10242 33.5526 -2.53053 0.229282 -0.973357 -0.000148555
-3.03675 33.5663 -1.49135 0.232065 -0.972695 -0.00308446
-3.05527 33.5619 -0.510122 0.228205 -0.973613 -0.000957874
-3.06801 33.5582 0.312511 0.226351 -0.974043 0.000680061
-3.10149 33.5529 1.12343 0.231102 -0.972928 0.00161131
-2.99469 33.5795 2.05968 0.23187 -0.972743 0.00216055
-3.11048 33.5511 2.91947 0.230731 -0.973005 -0.00290874
-3.18646 33.532 3.43403 0.226604 -0.973984 -0.00119382
-3.92885 33.3614 3.15422 0.222559 -0.974918 2.69039e-05
-3.72613 33.4084 2.23773 0.223956 -0.974598 0.00168692
-3.86001 33.3755 1.30457 0.224319 -0.974514 0.00184675
-3.78515 33.3924 0.278649 0.22336 -0.974736 -0.000852771
-3.78734 33.3926 -0.606233 0.223741 -0.974649 -0.000249803
-3.80918 33.3878 -1.47911 0.224227 -0.974537 -0.000598664
-3.89791 33.3678 -2.38437 0.223372 -0.974733 0.000178808
-3.8118 33.3867 -3.18593 0.222147 -0.975013 0.000253078
-3.68905 33.4147 -3.49349 0.222738 -0.974878 4.21086e-05
-4.54842 33.2196 -3.23707 0.220784 -0.975322 -0.0013587
-4.65875 33.1936 -2.41977 0.222701 -0.974886 -0.000719731
-4.60387 33.2055 -1.53639 0.223213 -0.97477 -0.00039238
-4.51135 33.2264 -0.499596 0.223421 -0.974722 -0.000255373
-4.53183 33.2214 0.433382 0.222525 -0.974927 4.73514e-05
-4.55224 33.2172 1.26828 0.221598 -0.975137 0.00107774
-4.47962 33.2356 2.15079 0.222307 -0.974975 0.00153304
-4.6602 33.1954 3.17578 0.221605 -0.975136 0.00103261
1.26402 34.7259 -3.66271 0.293948 -0.955814 0.00308444
1.29579 34.7314 -2.43307 0.301197 -0.95353 -0.00728103
1.2787 34.7222 -0.971182 0.305801 -0.952089 -0.00284886
1.31601 34.7341 0.327817 0.292766 -0.956176 -0.00400501
1.32521 34.7336 1.54602 0.294206 -0.955722 -0.00541011
1.33161 34.7277 2.64994 0.296394 -0.955051 -0.00462574
1.27426 34.7075 4.0194 0.29141 -0.95659 -0.000599868
0.222321 34.3996 4.54426 0.270248 -0.96279 -0.000704655
-1.01987 34.0608 4.60963 0.255798 -0.966712 -0.00534597
-2.38308 33.7216 4.57362 0.23111 -0.972927 0.00134785
-3.59071 33.4395 4.57275 0.222844 -0.974854 0.000370211
-4.74136 33.1783 4.5045 0.221376 -0.975188 0.000617442
-5.88185 32.9189 3.9921 0.222344 -0.974967 0.00175309
-5.93128 32.9056 2.74921 0.222233 -0.974993 0.00122628
-5.95321 32.899 1.62616 0.222827 -0.974856 0.00197803
-5.94394 32.8992 0.373783 0.223319 -0.974745 0.000954978
-5.93867 32.8999 -0.806277 0.223536 -0.974696 -0.000139259
-5.93653 32.9015 -1.99633 0.222618 -0.974905 -0.00109906
-5.91643 32.908 -3.10664 0.222934 -0.974831 -0.00207422
-5.82533 32.931 -4.25211 0.222874 -0.974846 -0.0015877
-4.832 33.1575 -4.64533 0.220849 -0.975305 -0.00215515
-3.74657 33.4019 -4.65213 0.219967 -0.975507 -0.000482161
-2.62647 33.6617 -4.61875 0.235771 -0.971799 0.00418451
-1.53073 33.9319 -4.61521 0.242213 -0.970191 0.00749196
-0.322124 34.2525 -4.57117 0.273268 -0.961931 0.00367795
0.841293 34.5913 -4.50079 0.284955 -0.958519 -0.00458281
1.26055 34.7238 -3.88624 0.296364 -0.954998 0.0101715
2.32162 35.068 -3.9088 0.315259 -0.949005 -0.00128545
2.30159 35.0563 -5.04908 0.316319 -0.948643 0.00407193
1.4697 34.7851 -5.63871 0.299865 -0.953977 0.00173647
0.316459 34.4303 -5.7083 0.282945 -0.95912 0.00495622
-0.934365 34.0779 -5.66571 0.260155 -0.965539 0.00722943
-2.15103 33.7685 -5.71014 0.24239 -0.970107 0.0118156
-3.25416 33.5124 -5.70991 0.217574 -0.976042 0.000667204
-4.50927 33.2335 -5.76264 0.219388 -0.975632 -0.00308159
-5.65838 32.9731 -5.69713 0.221608 -0.975132 -0.00264175
-6.84018 32.7007 -5.48951 0.225438 -0.974252 -0.00336464
-6.91718 32.6793 -4.2384 0.226888 -0.973919 -0.00183555
-7 32.658 -3.03715 0.227034 -0.973885 -0.00167555
-6.9884 32.6587 -1.69034 0.227033 -0.973886 -0.00115545
-7.01433 32.6517 -0.546008 0.226861 -0.973927 3.03021e-05
-6.99774 32.6569 0.834152 0.226909 -0.973914 0.0018258
-7.00244 32.6588 2.07953 0.226696 -0.973964 0.00188652
-6.99333 32.6626 3.45395 0.226252 -0.974068 0.00123221
-6.98126 32.6673 4.55956 0.228229 -0.973605 0.00215075
-6.4086 32.8013 5.5899 0.224249 -0.974527 0.00209611
-5.33167 33.0464 5.61011 0.219963 -0.975507 0.0016075
-4.22551 33.2957 5.62291 0.219222 -0.975675 0.000363674
-2.816 33.6176 5.64042 0.225938 -0.974139 -0.00149839
-1.5606 33.9197 5.65347 0.24214 -0.970224 -0.00209886
-0.370547 34.2291 5.67752 0.260524 -0.965391 -0.0120549
0.761934 34.546 5.62186 0.278515 -0.960328 -0.0127727
1.96635 34.9154 5.5514 0.302628 -0.953027 -0.0124473
2.3388 35.043 4.32646 0.308942 -0.951072 -0.00359387
2.37235 35.0566 3.10847 0.31069 -0.950504 -0.00352073
2.36968 35.0617 1.87393 0.310068 -0.950702 -0.00473577
2.35612 35.059 0.447977 0.303754 -0.952732 -0.00585795
2.3263 35.0603 -0.832767 0.310314 -0.950626 -0.00382937
2.35493 35.0707 -2.30891 0.321111 -0.947014 -0.00536226
2.3154 35.0655 -3.56583 0.315406 -0.948956 -0.00127203
3.34367 35.4173 -3.51912 0.333851 -0.942614 0.00468115
3.40663 35.4356 -2.12751 0.334485 -0.942365 -0.00810614
3.35345 35.4071 -1.0145 0.323527 -0.946211 -0.00308248
3.37684 35.4081 0.155675 0.323892 -0.946055 -0.00846272
3.38561 35.3989 1.42818 0.317567 -0.948198 -0.00844729
3.38095 35.3919 2.57439 0.314863 -0.949114 -0.00657513
3.39558 35.3904 3.73856 0.314633 -0.949203 -0.00436898
3.3667 35.3756 4.9565 0.318371 -0.94796 -0.00307894
3.3288 35.354 6.06157 0.322766 -0.946366 -0.0146005
2.61942 35.1068 6.721 0.308742 -0.950961 -0.0170111
1.46625 34.7438 6.75412 0.295575 -0.955094 -0.0206765
0.03337 34.3275 6.73034 0.270826 -0.96237 -0.0223095
-1.11762 34.0222 6.73929 0.24252 -0.970032 -0.0136732
-2.4939 33.6905 6.72875 0.227816 -0.973703 -0.00153948
-3.59496 33.4367 6.73004 0.220216 -0.975447 -0.00287973
-4.80391 33.1671 6.7091 0.216861 -0.976197 0.00207884
-5.88571 32.9239 6.76468 0.220288 -0.97543 0.00316481
-7.20927 32.6217 6.71335 0.227874 -0.973659 0.00760845
-8.05449 32.4184 6.00874 0.232011 -0.97271 0.0024581
-8.05199 32.4163 4.6329 0.228881 -0.973453 0.00159163
-8.07723 32.4078 3.16039 0.229091 -0.973404 0.0015342
-8.06297 32.4096 2.01677 0.229873 -0.97322 0.00135227
-8.05599 32.41 0.724744 0.228085 -0.973641 0.000131046
-8.0896 32.401 -0.387972 0.228652 -0.973508 0.000933198
-8.04422 32.4112 -1.55655 0.22917 -0.973386 -0.000695609
-8.07819 32.4056 -2.83033 0.228122 -0.973627 -0.00330921
-8.01445 32.423 -4.04414 0.227855 -0.973695 -0.000785416
-8.06716 32.4126 -5.15152 0.228994 -0.973422 -0.00344133
-8.04977 32.4213 -6.27913 0.229431 -0.973321 -0.00135556
-7.19231 32.6257 -6.80103 0.228873 -0.973413 -0.00918403
-5.85135 32.933 -6.79394 0.217968 -0.975897 -0.0103934
-4.74949 33.1825 -6.84899 0.220844 -0.975303 -0.00338756
-3.2885 33.5037 -6.81277 0.206689 -0.978389 0.00519331
-2.11233 33.7604 -6.8151 0.228913 -0.973207 0.0138538
-0.685504 34.1323 -6.78436 0.262887 -0.964557 0.0228011
0.542831 34.4836 -6.81611 0.284771 -0.958425 0.0179454
1.67153 34.8346 -6.7784 0.303093 -0.952841 0.014986
3.00384 35.2693 -6.72589 0.32534 -0.94543 0.0154405
3.36391 35.4092 -5.74439 0.321619 -0.94675 0.0147473
3.40559 35.4333 -4.6044 0.327557 -0.94477 0.0107428
3.34865 35.4185 -3.66379 0.329621 -0.9441 0.00229467
