-30.8627 29.2112 4.55285 0.0586214 -0.99828 0.000494358
-30.7594 29.2143 3.50438 0.0498029 -0.998736 0.00677645
-30.6868 29.214 2.43133 0.0452202 -0.998977 0.000399673
-30.8497 29.2038 1.13736 0.0433353 -0.999056 -0.0029169
-30.9691 29.1971 -0.145529 0.0349499 -0.999384 0.00301321
-30.8522 29.1976 -1.26956 0.0332504 -0.999442 0.000371816
-30.885 29.1952 -2.29496 0.0299496 -0.999542 0.00413933
-30.8832 29.1956 -3.4116 0.026177 -0.999651 -0.00354431
-30.7802 29.2041 -4.48731 0.0401269 -0.999175 -0.00612171
-30.778 29.2044 -4.51661 0.0409803 -0.999141 -0.00608457
-31.5969 29.1697 -4.41231 0.0444281 -0.999 -0.00456712
-31.7081 29.1622 -3.28154 0.0463777 -0.998923 -0.00126977
-31.6406 29.1659 -2.23519 0.0471884 -0.998884 0.00161138
-31.6072 29.173 -1.1778 0.0560669 -0.998398 -0.000300785
-31.7816 29.1617 0.106073 0.0514456 -0.998674 0.000404178
-31.5664 29.1706 1.37418 0.0471436 -0.998883 -0.00328106
-31.4375 29.1758 2.47085 0.0546753 -0.998502 -0.00190731
-31.5152 29.1715 3.60588 0.0582901 -0.998299 0.00112082
-31.6756 29.1611 4.47011 0.0648712 -0.997893 -0.000798213
-32.3991 29.1132 4.60774 0.0684044 -0.997655 -0.00240325
-32.2356 29.1262 3.57227 0.0653846 -0.997858 -0.00200775
-32.2125 29.1297 2.5883 0.061688 -0.998091 -0.00278349
-32.3154 29.1279 1.51481 0.063198 -0.99799 -0.00414475
-32.6152 29.1111 0.324573 0.0622757 -0.998059 -0.000942503
-32.3212 29.1301 -0.680686 0.0612698 -0.998121 -0.000797576
-32.4065 29.1268 -1.72369 0.0560663 -0.998424 -0.000508817
-32.4861 29.1237 -2.85076 0.0510299 -0.998696 -0.000781474
-32.3878 29.1283 -3.91192 0.0522557 -0.998633 0.000659354
-32.3779 29.1305 -4.59941 0.0534865 -0.998552 -0.00579197
-33.2546 29.0807 -4.53069 0.0597357 -0.998202 -0.00491743
-33.2446 29.0788 -3.55857 0.0617296 -0.998092 -0.000941869
-33.2546 29.0774 -2.39955 0.0620213 -0.998074 -0.00108428
-33.2546 29.0748 -1.19182 0.0647665 -0.997897 -0.0025694
-33.2927 29.0688 -0.0928971 0.063538 -0.997976 -0.0026196
-33.2279 29.0706 0.869922 0.0644077 -0.997918 -0.00332954
-33.2491 29.0653 2.13985 0.0653939 -0.997846 -0.00471364
-33.2546 29.0601 3.11592 0.0683531 -0.997654 -0.0037919
-33.2547 29.0565 4.04459 0.0706186 -0.997494 -0.00425295
-33.1747 29.0598 4.59793 0.0716963 -0.997416 -0.00464913
-33.9886 29.0013 4.60833 0.071674 -0.997416 -0.00486643
-34.01 29.005 3.57173 0.0719659 -0.997396 -0.00470227
-34.0457 29.0086 2.42265 0.0709112 -0.997465 -0.00590705
-33.9756 29.0188 1.45266 0.0685638 -0.997637 -0.00438469
-33.9886 29.0227 0.0760084 0.0670517 -0.997744 -0.00326082
-33.9886 29.0272 -1.22927 0.0652663 -0.997861 -0.00350379
-33.9886 29.0312 -2.46784 0.0655387 -0.997847 -0.00166849
-34.0129 29.0311 -3.64585 0.0640172 -0.997946 -0.00228444
-34.2201 29.0199 -4.41829 0.0638327 -0.997954 -0.00349526
-34.9698 28.9726 -4.66602 0.0641981 -0.997932 -0.00318015
-34.7341 28.9848 -3.66048 0.0640619 -0.997943 -0.00238481
-34.9277 28.9692 -2.67043 0.0651279 -0.997872 -0.00324591
-34.7989 28.9739 -1.62493 0.0667732 -0.997761 -0.00380936
-34.9456 28.9595 -0.489316 0.0672088 -0.997728 -0.00474097
-34.9265 28.9559 0.588732 0.069736 -0.997554 -0.00481653
-34.7686 28.9615 1.68842 0.0705356 -0.997493 -0.00565727
-34.8139 28.9518 2.77778 0.0710187 -0.997458 -0.00580759
-34.8813 28.9411 3.79638 0.0714692 -0.997427 -0.0055943
-34.925 28.9341 4.55379 0.071913 -0.997397 -0.00524525
-35.7054 28.8776 4.55919 0.070326 -0.997508 -0.00572654
-35.6422 28.8888 3.46842 0.0700595 -0.997518 -0.00702337
-35.4948 28.905 2.51636 0.0704717 -0.997498 -0.00566104
-35.4886 28.9115 1.51837 0.070327 -0.997503 -0.00646094
-35.7598 28.9005 0.310096 0.06734 -0.997712 -0.00599849
-35.7245 28.9089 -0.753565 0.065228 -0.997857 -0.00521712
-35.625 28.9205 -1.92713 0.0646924 -0.997893 -0.0048491
-35.6701 28.9219 -2.89478 0.0633479 -0.997981 -0.00439367
-35.5416 28.9345 -4.19923 0.063032 -0.998006 -0.00314315
-35.5799 28.9328 -4.38398 0.0627404 -0.998024 -0.00339466
-36.304 28.8875 -4.37701 0.0610575 -0.998129 -0.00319893
-36.3748 28.8793 -3.16898 0.0623908 -0.998044 -0.00390443
-36.4305 28.8705 -2.11588 0.0613968 -0.998093 -0.00631302
-36.4628 28.8625 -1.11652 0.0648918 -0.997881 -0.00468396
-36.5455 28.8516 -0.0722109 0.0645489 -0.997894 -0.00634453
-36.3959 28.8543 0.922967 0.0651813 -0.997848 -0.00714696
-36.1986 28.8593 2.05752 0.0664981 -0.997764 -0.00674145
-36.3534 28.8412 3.15685 0.0682841 -0.99764 -0.00724985
-36.4642 28.8251 4.41292 0.0697555 -0.997543 -0.00644796
-36.4757 28.8236 4.5281 0.0698797 -0.997534 -0.00652754
-36.9971 28.8034 2.44676 0.0662641 -0.997765 -0.00857882
-37.015 28.8089 1.63589 0.0644861 -0.997895 -0.00682003
-29.4258 29.2292 -1.53175 0.0134935 -0.999907 0.00215158
-29.4707 29.2265 -2.39681 0.015498 -0.999875 0.00314347
-29.6011 29.2228 -3.55573 0.0131495 -0.999913 0.000367176
-29.5917 29.227 -4.52623 0.00880613 -0.999947 -0.00509595
-29.9268 29.2317 -5.34008 0.0105458 -0.999853 -0.0117593
-30.7391 29.2104 -5.39691 0.0359698 -0.999304 -0.00981177
-31.6137 29.1733 -5.43611 0.0460861 -0.998897 -0.00897852
-32.4089 29.1341 -5.43004 0.0547655 -0.998468 -0.00783831
-33.3791 29.0785 -5.4601 0.0614235 -0.998082 -0.006629
-34.227 29.0236 -5.44565 0.0653491 -0.997851 -0.00472855
-35.0349 28.9709 -5.44828 0.0645127 -0.997912 -0.00306671
-35.955 28.9117 -5.41389 0.06248 -0.998044 -0.00222185
-36.8708 28.8561 -5.37022 0.0592163 -0.998244 0.000987517
-37.6357 28.8135 -5.22754 0.0539855 -0.998538 0.00246186
-37.8001 28.8021 -4.34245 0.0525267 -0.99861 -0.00429583
-37.7894 28.7989 -3.516 0.0538462 -0.998538 -0.00466439
-37.8096 28.7942 -2.71576 0.0553058 -0.998446 -0.00688531
-37.7921 28.7899 -1.9355 0.0545604 -0.998489 -0.00655274
-37.7803 28.7854 -1.14713 0.0547927 -0.998475 -0.00677107
-37.7303 28.7825 -0.347671 0.0582661 -0.998268 -0.00794035
-37.736 28.7717 0.671673 0.0603446 -0.998134 -0.00924767
-37.8078 28.7575 1.66094 0.0634479 -0.997943 -0.00908001
-37.7997 28.7505 2.47317 0.0651299 -0.997832 -0.00940216
-37.7892 28.7432 3.28571 0.0654862 -0.997809 -0.00943024
-37.7837 28.7373 4.07214 0.066674 -0.997748 -0.00723737
-37.7197 28.7355 4.84857 0.0666927 -0.997746 -0.00735512
-36.8986 28.7879 5.40872 0.0692671 -0.997566 -0.00775984
-36.0811 28.8459 5.39415 0.070246 -0.997508 -0.00657286
-35.1184 28.9154 5.36354 0.0721634 -0.997375 -0.00597384
-34.2325 28.9798 5.35293 0.0727395 -0.997338 -0.00510405
-33.3272 29.0453 5.40284 0.0720752 -0.997391 -0.00396595
-32.2528 29.1214 5.44237 0.069606 -0.997574 -0.00125355
-31.4121 29.1776 5.4098 0.0643141 -0.99793 -5.50437e-05
-30.5152 29.2309 5.34229 0.0552115 -0.998473 -0.00138508
-29.6746 29.2768 5.16136 0.0453256 -0.998942 0.00110971
-29.4612 29.2804 4.33486 0.0391175 -0.999197 0.00863936
-29.4273 29.2721 3.45011 0.0340534 -0.999335 0.0126559
-29.4421 29.2607 2.64139 0.0275184 -0.999514 0.0146574
-29.4275 29.2482 1.46858 0.0228011 -0.999704 0.00785296
-29.4232 29.2426 0.632084 0.0178377 -0.999813 0.00737403
-29.4294 29.237 -0.173042 0.019226 -0.99979 0.00699209
-29.431 29.2304 -1.07113 0.0150889 -0.999873 0.00446388
-29.4329 29.2302 -1.11491 0.0137868 -0.999902 0.002528
-28.6732 29.238 -1.1015 0.00392107 -0.999972 0.00605262
-28.6789 29.2335 -2.22855 0.00479733 -0.999982 0.00353649
-28.7871 29.2309 -3.23164 0.00180386 -0.999984 0.00459266
-28.8151 29.2294 -4.03329 0.000434284 -0.999996 -0.00175185
-28.7832 29.2337 -4.81884 -0.00594395 -0.999942 -0.00893511
-28.7366 29.2467 -5.73965 -0.0108239 -0.999707 -0.021611
-29.5115 29.2474 -6.14693 0.00820883 -0.999767 -0.0196391
-30.4266 29.228 -6.18401 0.0332351 -0.999348 -0.0133728
-31.3613 29.1937 -6.188 0.0401611 -0.999142 -0.00994476
-32.2802 29.1489 -6.17805 0.0513343 -0.998609 -0.0119828
-33.1945 29.0958 -6.21815 0.0639492 -0.997924 -0.0073145
-34.3522 29.0187 -6.1777 0.0669298 -0.997746 -0.00480647
-35.2769 28.9566 -6.219 0.0653553 -0.997862 -0.000692206
-36.0689 28.9034 -6.17529 0.0648074 -0.997885 0.0029857
-36.9407 28.8509 -6.13274 0.0591813 -0.99822 0.00733616
-37.8038 28.8029 -6.17776 0.0487213 -0.998783 0.00766865
-38.4775 28.7721 -5.65315 0.0445687 -0.999006 0.000805363
-38.5826 28.7664 -4.78447 0.0457508 -0.99895 -0.00235926
-38.5862 28.7601 -3.89579 0.0420957 -0.99909 -0.00678322
-38.5493 28.7569 -2.91834 0.0474297 -0.998865 -0.00441581
-38.5539 28.7507 -2.02434 0.0495488 -0.998751 -0.00650726
-38.5494 28.7437 -1.15614 0.0523599 -0.998594 -0.00818061
-38.5092 28.7369 -0.204436 0.0545364 -0.998446 -0.0114862
-38.5226 28.7234 0.908107 0.0572975 -0.998282 -0.0122569
-38.5622 28.7099 1.80531 0.0597685 -0.998113 -0.014078
-38.5549 28.7009 2.6451 0.0610101 -0.998084 -0.0103146
-38.5486 28.6933 3.47137 0.0601436 -0.998159 -0.00787037
-38.5423 28.6864 4.35986 0.0610476 -0.998092 -0.00929412
-38.4915 28.6843 5.1791 0.0610875 -0.998125 -0.00369994
-38.3555 28.6853 6.03016 0.0595007 -0.998157 -0.011962
-37.1512 28.764 6.18424 0.0684488 -0.9976 -0.0103138
-36.3731 28.8194 6.20311 0.0717906 -0.997385 -0.00828456
-35.4081 28.8899 6.13239 0.073409 -0.997281 -0.00630871
-34.5358 28.9539 6.13242 0.0727994 -0.997336 -0.00463571
-33.6405 29.0189 6.14891 0.0725741 -0.997349 -0.00532827
-32.8262 29.0779 6.18479 0.0725083 -0.997354 -0.00515389
-32.0567 29.1346 6.20638 0.0755732 -0.997139 -0.00137606
-31.0745 29.2032 6.1507 0.0640154 -0.997935 0.00500775
-30.294 29.2502 6.09591 0.0553189 -0.998397 0.0119868
-29.4013 29.2999 6.06116 0.0568167 -0.998306 0.0124942
-28.7336 29.3196 5.51294 0.0433713 -0.998904 0.0174686
-28.6941 29.3106 4.59424 0.0384916 -0.999234 0.00614741
-28.667 29.2937 3.42167 0.0259283 -0.999493 0.018329
-28.6874 29.2788 2.57971 0.023014 -0.999593 0.0167367
-28.661 29.2664 1.57193 0.0193479 -0.999755 0.010706
-28.664 29.2559 0.68582 0.0119494 -0.99988 0.0098768
-28.6843 29.2444 -0.358371 0.00456539 -0.999931 0.0104192
-28.6786 29.2393 -0.926983 0.00279141 -0.999962 0.00821298
-27.9133 29.2412 -0.990706 -0.000218476 -0.999985 0.00547275
-27.8997 29.2379 -1.86929 0.000916134 -0.999995 0.00305549
-27.9409 29.2339 -2.80571 0.0012 -0.999982 0.00580125
-28.0095 29.2271 -3.61873 -0.00393716 -0.999951 0.00901764
-28.0123 29.2255 -4.39145 -0.0133742 -0.999901 -0.0035972
-27.8956 29.2307 -5.21372 -0.00819622 -0.999916 -0.00994947
-27.9675 29.2443 -6.25837 -0.0224922 -0.999622 -0.0151221
-28.5564 29.2813 -6.91549 -0.024636 -0.998262 -0.0521491
-29.5635 29.2659 -6.91461 0.0245461 -0.999191 -0.0318296
-30.4255 29.2371 -6.93376 0.039654 -0.999114 -0.0138848
-31.2454 29.2061 -6.92745 0.0379189 -0.99921 -0.0118754
-32.1202 29.1689 -6.93728 0.0486962 -0.998624 -0.0189457
-32.9661 29.1165 -6.98704 0.0669351 -0.997731 -0.00717067
-33.8606 29.0561 -6.99171 0.0684932 -0.997638 -0.00523807
-34.6722 29.0002 -6.95519 0.0684987 -0.997638 -0.00511746
-35.5894 28.9344 -6.98716 0.0684235 -0.997651 0.00332068
-36.4449 28.8761 -6.91244 0.0658775 -0.997811 0.00499454
-37.2064 28.8303 -6.94192 0.0550103 -0.998466 0.00620713
-38.0031 28.7857 -6.9762 0.0530878 -0.998529 0.0104283
-38.9277 28.7434 -6.93846 0.0334012 -0.999432 0.0041292
-39.3188 28.7333 -6.10522 0.0385132 -0.999244 0.00521268
-39.3171 28.7352 -5.33072 0.0414889 -0.999136 -0.00238894
-39.3569 28.7313 -4.34246 0.041351 -0.999132 -0.00436666
-39.3187 28.7268 -3.51995 0.0416352 -0.999092 -0.00902464
-39.3124 28.718 -2.60257 0.0469358 -0.998853 -0.00935461
-39.3216 28.7103 -1.7362 0.0491896 -0.998752 -0.00866368
-39.3251 28.7009 -0.814649 0.0486447 -0.998759 -0.010658
-39.2888 28.6913 0.158244 0.049925 -0.99862 -0.015766
-39.2998 28.6785 0.96022 0.0561034 -0.998345 -0.0126268
-39.3105 28.6654 1.85707 0.0576084 -0.998238 -0.0142199
-39.3217 28.6527 2.75034 0.0610023 -0.998092 -0.00955223
-39.3399 28.6451 3.56833 0.0589444 -0.998239 -0.00661978
-39.3093 28.639 4.44376 0.060863 -0.998106 -0.00894478
-39.2982 28.6345 5.2596 0.0600932 -0.998184 -0.00314255
-39.2953 28.6291 6.14656 0.0549728 -0.99842 -0.0116048
-38.9994 28.6379 6.87373 0.0513935 -0.99865 -0.00748863
-38.211 28.6819 6.90181 0.0637797 -0.997829 -0.0163829
-37.2572 28.7477 6.96427 0.0737321 -0.997224 -0.0103961
-36.4951 28.8042 6.94228 0.0726021 -0.997313 -0.00966864
-35.4711 28.8817 6.92163 0.0768693 -0.997029 -0.00415911
-34.6969 28.9386 6.92202 0.070829 -0.997484 -0.00289499
-33.8631 28.9987 6.9255 0.0723508 -0.997366 -0.00507521
-32.9786 29.061 6.92612 0.0688919 -0.997553 -0.0115479
-32.2132 29.1262 6.9756 0.0887284 -0.996054 -0.00120765
-31.4173 29.1898 6.92567 0.0709586 -0.997285 0.0183181
-30.6499 29.2378 6.91251 0.0608146 -0.998003 0.0170344
-29.7503 29.2909 6.89989 0.0574033 -0.998256 0.0137744
-28.9179 29.344 6.89561 0.069553 -0.997349 0.0213974
-28.1055 29.3708 6.73305 0.0255313 -0.999193 0.0308353
-27.9291 29.3559 5.71561 0.0382946 -0.999121 0.0169871
-27.9462 29.3426 4.89727 0.0368761 -0.999229 0.0134413
-27.9238 29.3226 3.90641 0.0282751 -0.99932 0.0233752
-27.9187 29.3037 3.05678 0.0202046 -0.999626 0.01842
-27.9165 29.2895 2.27377 0.0143893 -0.999776 0.0154816
-27.8916 29.2771 1.43691 0.0158216 -0.999749 0.0158687
-27.8979 29.2598 0.489594 0.0052117 -0.999795 0.0192402
-27.9236 29.2435 -0.606943 0.0010295 -0.999965 0.00798445
-27.9211 29.2426 -0.762334 0.000329319 -0.999982 0.00595398
