36.5079 34.7066 3.12675 -0.32579 -0.945428 0.00502669
36.5059 34.7079 2.15489 -0.330734 -0.943701 -0.00641631
36.4524 34.7293 1.28997 -0.328071 -0.944641 0.00459409
36.413 34.74 0.17774 -0.324857 -0.945761 0.00115568
36.3695 34.76 -0.745254 -0.322594 -0.946516 -0.00588727
36.3669 34.7596 -1.61249 -0.326198 -0.945272 0.0071474
36.5273 34.6948 -2.80505 -0.336733 -0.941546 0.00766809
36.5509 34.6848 -2.99948 -0.341015 -0.940045 0.00477854
35.8342 34.9356 -3.38057 -0.322358 -0.946589 0.0073686
35.6409 35.0041 -2.23094 -0.317256 -0.948338 -0.000421438
35.6192 35.0132 -1.35249 -0.314191 -0.949354 0.00334654
35.6597 34.9987 -0.485174 -0.316604 -0.948557 -0.000697179
35.7461 34.9671 0.680854 -0.315877 -0.948767 0.0020499
35.7178 34.9781 1.65968 -0.313184 -0.949666 -0.00389453
35.765 34.957 2.74213 -0.312631 -0.949865 -0.00294524
35.749 34.962 3.39414 -0.313502 -0.949588 -0.000393452
35.0119 35.2033 3.32071 -0.3072 -0.951645 0.000194916
35.0652 35.1888 2.3583 -0.311378 -0.950273 -0.00487425
34.9794 35.2178 1.22896 -0.306837 -0.951759 0.00033462
34.9416 35.2312 0.384558 -0.307666 -0.951486 -0.00331853
34.951 35.2318 -0.558065 -0.304419 -0.952537 -0.00137656
34.91 35.2448 -1.42532 -0.302978 -0.952996 0.000747445
34.879 35.2549 -2.32423 -0.306587 -0.951821 0.000308902
35.0841 35.1883 -3.22395 -0.312868 -0.949759 0.00515951
34.1621 35.4803 -3.38854 -0.297234 -0.954802 -0.00124869
34.1621 35.4787 -2.2891 -0.296546 -0.955014 0.00170427
34.1621 35.4813 -1.36674 -0.296734 -0.954955 -0.00020088
34.1621 35.48 -0.14475 -0.295794 -0.955249 -0.00153172
34.1621 35.4798 0.966567 -0.299037 -0.954239 0.00223759
34.1621 35.478 1.8391 -0.298744 -0.954321 -0.00475045
34.1621 35.4771 2.76288 -0.291854 -0.956455 -0.0036632
34.1621 35.4751 3.13293 -0.297047 -0.954844 -0.00597444
33.3889 35.7086 3.33957 -0.282308 -0.959315 -0.00415627
33.3149 35.735 2.33393 -0.278736 -0.960361 -0.00354281
33.342 35.7295 1.47731 -0.279139 -0.96025 -0.00128424
33.3414 35.7308 0.330806 -0.286663 -0.958026 0.00142407
33.2671 35.7525 -0.573554 -0.289552 -0.957162 0.000677301
33.4171 35.7061 -1.40428 -0.284929 -0.958546 0.00199896
33.3577 35.7229 -2.34949 -0.285815 -0.958284 0.000311809
33.4319 35.7033 -3.26908 -0.284963 -0.958537 -0.00119816
32.6988 35.9206 -3.41571 -0.282294 -0.959323 -0.00249374
32.6905 35.9201 -2.44587 -0.280895 -0.959736 -0.00212794
32.6511 35.9324 -1.59349 -0.282689 -0.959211 0.000434786
32.4664 35.987 -0.600017 -0.278086 -0.960556 0.000940836
32.495 35.9781 0.441595 -0.274522 -0.961581 -0.000210354
32.5078 35.9715 1.46195 -0.277422 -0.960742 -0.00297308
32.4594 35.9825 2.53285 -0.277938 -0.960598 -0.00159289
32.6304 35.9307 3.34939 -0.278567 -0.960412 -0.0029318
31.7962 36.1708 3.14704 -0.27127 -0.962494 -0.00419689
31.6932 36.2029 1.89981 -0.272444 -0.96217 -0.00166296
31.7076 36.2006 0.933206 -0.269415 -0.963021 -0.00127371
31.6777 36.2091 0.0459835 -0.269074 -0.963116 -0.00161007
31.745 36.1934 -1.0537 -0.272488 -0.962155 -0.00264119
31.9072 36.1475 -1.89388 -0.274391 -0.961618 0.000490377
31.9826 36.1261 -2.75127 -0.275383 -0.961334 -0.000853167
31.9821 36.1267 -3.20104 -0.275394 -0.961331 -0.000503319
37.501 34.3469 4.41343 -0.349006 -0.937105 -0.00327478
36.2027 34.8092 4.55157 -0.321656 -0.946857 5.12798e-05
35.0733 35.185 4.52064 -0.312548 -0.949899 0.00180892
33.9759 35.5303 4.50755 -0.295132 -0.955455 -0.000192695
32.6407 35.9259 4.54827 -0.278492 -0.960434 0.00269416
31.3763 36.2877 4.47679 -0.271265 -0.962505 0.000132149
30.5058 36.5301 3.69772 -0.26627 -0.963899 -0.000139946
30.5027 36.5331 2.2136 -0.26398 -0.964526 -0.00185882
30.4931 36.5367 0.692467 -0.265211 -0.96419 -0.000560089
30.4792 36.5446 -0.93068 -0.264329 -0.964427 -0.00323584
30.4863 36.5449 -2.25952 -0.263688 -0.964608 -0.000392308
30.5536 36.5264 -3.47859 -0.265188 -0.964197 1.47904e-05
31.1106 36.3719 -4.47406 -0.267898 -0.963446 0.00132588
32.573 35.9584 -4.55504 -0.27907 -0.960259 3.12961e-05
33.887 35.564 -4.5485 -0.29759 -0.954689 -0.000378393
35.2807 35.1153 -4.54581 -0.31646 -0.948588 0.00579924
36.4564 34.7187 -4.50335 -0.329749 -0.944012 -0.00418686
37.5791 34.3027 -4.36545 -0.352457 -0.935814 -0.00508963
37.8088 34.2181 -3.2446 -0.355505 -0.934646 0.00664428
37.886 34.1982 -1.86507 -0.357199 -0.934007 0.00628117
37.8315 34.2281 -0.676633 -0.356557 -0.934239 0.0035414
37.8115 34.2327 0.484497 -0.354134 -0.935187 -0.00154606
37.8352 34.2221 1.69696 -0.357199 -0.934026 -0.00219423
37.8163 34.2304 2.93651 -0.346552 -0.938025 0.00200445
37.7263 34.2626 4.1021 -0.353047 -0.935604 -0.00175061
38.8019 33.846 4.07169 -0.368241 -0.92973 -0.00102831
38.86 33.8276 2.82287 -0.358664 -0.933462 -0.00301512
38.8639 33.826 1.66767 -0.360071 -0.932919 0.00292424
38.8302 33.8367 0.519493 -0.369185 -0.929348 0.00209825
38.8398 33.8325 -0.639511 -0.372963 -0.927843 0.00207144
38.9125 33.7985 -2.01112 -0.366464 -0.930416 0.00557482
38.8538 33.8107 -3.34002 -0.37105 -0.928593 0.00388684
38.7814 33.8369 -4.89014 -0.373566 -0.92759 0.00143447
38.2147 34.0667 -5.62955 -0.365587 -0.930776 -0.00157627
37.1409 34.4739 -5.632 -0.344675 -0.938714 -0.003978
35.7493 34.9644 -5.68189 -0.317835 -0.948123 -0.00627727
34.5994 35.3416 -5.68079 -0.306575 -0.951835 -0.00455398
33.3474 35.731 -5.66521 -0.28734 -0.957824 -0.00128149
32.1079 36.0911 -5.66353 -0.274478 -0.961593 -0.000857136
30.8636 36.4414 -5.61466 -0.268106 -0.963388 -0.00129594
29.6739 36.7706 -5.59332 -0.264242 -0.964456 -0.000930626
29.4761 36.8236 -4.48523 -0.263892 -0.964551 -0.00147255
29.4397 36.8317 -3.21012 -0.264286 -0.964444 -0.000601287
29.3873 36.8448 -1.98616 -0.262018 -0.965061 -0.00164171
29.3811 36.8443 -0.780165 -0.26292 -0.964816 -0.00194597
29.4158 36.8328 0.402337 -0.262922 -0.964816 -0.0010099
29.4128 36.8312 1.84621 -0.262773 -0.964856 -0.00169377
29.3955 36.8341 3.01955 -0.263083 -0.964772 -0.00160787
29.4179 36.8273 4.29919 -0.26197 -0.965076 -0.000319737
29.6526 36.7637 5.52345 -0.262121 -0.965035 0.000784998
30.7574 36.4606 5.59718 -0.265625 -0.964074 0.00203631
32.0927 36.0874 5.64488 -0.275296 -0.961356 0.00178324
33.2387 35.7538 5.65341 -0.28407 -0.958792 0.00410255
34.4282 35.3949 5.61221 -0.29284 -0.956145 0.00508295
35.7602 34.9645 5.67625 -0.316593 -0.948548 0.00499473
36.9213 34.5628 5.64087 -0.339786 -0.940447 0.00716244
38.0534 34.1434 5.58822 -0.351178 -0.936279 0.00685191
38.7809 33.8566 4.90577 -0.368141 -0.929736 0.0075373
38.7988 33.847 4.26378 -0.367233 -0.930128 -7.75167e-05
39.8569 33.424 4.33912 -0.387954 -0.921669 0.00430326
39.8502 33.4348 5.65238 -0.378136 -0.925745 0.00258458
39.3129 33.661 6.70078 -0.381285 -0.924382 0.00840597
37.9426 34.1995 6.75893 -0.356469 -0.934126 0.0183849
36.8449 34.6048 6.75564 -0.324916 -0.945565 0.0182893
35.6257 35.0204 6.77507 -0.313666 -0.949377 0.0154562
34.2245 35.4682 6.71606 -0.298335 -0.954386 0.011986
33.0349 35.8219 6.76796 -0.276725 -0.960896 0.00942936
31.6807 36.2083 6.7632 -0.273162 -0.961955 0.00497918
30.5318 36.5258 6.73588 -0.263718 -0.964597 0.00211709
29.3818 36.8391 6.77037 -0.262929 -0.964811 0.00257636
28.361 37.1142 6.47022 -0.260193 -0.965556 0.000682418
28.3035 37.1293 5.19684 -0.260679 -0.965426 -0.000309477
28.3631 37.1138 3.8972 -0.26161 -0.965173 -0.00106141
28.315 37.1279 2.7217 -0.261135 -0.965302 -0.00058808
28.3319 37.1258 1.34769 -0.261983 -0.96507 -0.0023419
28.3278 37.1289 0.182513 -0.26213 -0.965031 -0.00163557
28.3246 37.1319 -1.14095 -0.261871 -0.965101 -0.00181579
28.3258 37.1335 -2.36044 -0.261856 -0.965106 -0.0010441
28.3447 37.1298 -3.74874 -0.261579 -0.965182 -0.000994501
28.3634 37.1259 -4.94399 -0.261174 -0.965291 -0.000888104
28.3487 37.1304 -6.19718 -0.260194 -0.965556 -0.000199247
29.2871 36.8767 -6.8055 -0.26196 -0.965078 -0.000808272
30.4355 36.5634 -6.74189 -0.264548 -0.964368 -0.00284272
31.8368 36.1731 -6.79163 -0.26906 -0.963104 -0.00549349
33.059 35.8236 -6.79299 -0.28295 -0.959111 -0.00676528
34.1649 35.4893 -6.80575 -0.29999 -0.953849 -0.0127167
35.3818 35.0961 -6.81212 -0.310264 -0.950617 -0.00734897
36.5647 34.697 -6.77431 -0.328593 -0.944312 -0.016821
37.7374 34.2652 -6.78643 -0.372972 -0.927769 -0.0116554
38.8766 33.8051 -6.77228 -0.385128 -0.92248 -0.0200634
39.8651 33.3846 -6.23189 -0.393711 -0.919229 -0.00178895
39.8523 33.3923 -4.84202 -0.392823 -0.919608 0.00308888
39.8679 33.3892 -3.61108 -0.387255 -0.921961 0.00379204
39.9017 33.3846 -2.34262 -0.387631 -0.921781 0.00784759
39.892 33.4007 -1.1221 -0.380629 -0.924697 0.00751676
39.8191 33.4382 0.1751 -0.380603 -0.924731 0.00369841
39.878 33.4216 1.33635 -0.373276 -0.927698 0.00647898
39.8723 33.4255 2.76209 -0.373218 -0.927726 -0.00563333
39.8554 33.423 3.98284 -0.387771 -0.921754 0.00102638
39.856 33.4228 4.01157 -0.38786 -0.921708 0.00431221
