-0.752348 34.6754 3.10695 0.256691 -0.966492 -0.0011634
-0.630969 34.7095 2.1705 0.256129 -0.966637 -0.00337825
-0.628975 34.7113 1.23049 0.264963 -0.964256 -0.00203846
-0.78557 34.6652 0.287009 0.257498 -0.966253 0.00546613
-0.693697 34.6902 -0.830017 0.27191 -0.96232 -3.58234e-05
-0.542785 34.7336 -1.68997 0.265238 -0.964169 -0.00459771
-0.698932 34.6983 -2.53463 0.26811 -0.963349 -0.00396302
-0.701011 34.6971 -2.96373 0.260787 -0.965374 -0.0024293
-1.4747 34.4904 -3.11801 0.254981 -0.96693 0.00444894
-1.45978 34.4915 -2.15097 0.250345 -0.968155 -0.00196556
-1.36463 34.512 -1.2973 0.255363 -0.966836 -0.00343303
-1.66374 34.4326 -0.150928 0.252622 -0.96755 0.00531391
-1.53615 34.4693 0.807144 0.251841 -0.967767 0.00175439
-1.42488 34.4998 1.88972 0.253835 -0.967239 0.00210957
-1.54164 34.4704 2.85929 0.250221 -0.968188 -0.000741576
-1.59227 34.4567 3.30135 0.247804 -0.968808 -0.00194241
-2.37614 34.2587 3.34547 0.240107 -0.970744 -0.00092884
-2.36907 34.2629 2.48237 0.243719 -0.969843 -0.00203385
-2.37365 34.2579 1.5646 0.239077 -0.970995 0.00312602
-2.36753 34.2573 0.525944 0.240987 -0.970525 0.00233335
-2.35493 34.2557 -0.492802 0.245176 -0.969476 -0.00195617
-2.37365 34.2563 -1.46083 0.237862 -0.971265 -0.00814265
-2.36314 34.2612 -2.47658 0.243938 -0.96979 -0.000390805
-2.3649 34.2625 -3.35377 0.243893 -0.969801 0.0010994
-3.19258 34.0571 -3.42205 0.233931 -0.972253 -0.000165957
-3.24236 34.0465 -2.41746 0.233894 -0.972261 -2.80547e-05
-3.09008 34.0819 -1.48271 0.234791 -0.972038 -0.00329836
-3.45032 33.9938 -0.678864 0.227078 -0.973872 -0.00295774
-3.29502 34.0298 0.21487 0.231058 -0.972938 0.00126996
-3.21595 34.0511 1.27998 0.235484 -0.971876 0.00205997
-3.08108 34.086 2.11617 0.237727 -0.971326 0.00344005
-3.32181 34.028 2.88957 0.229778 -0.973242 0.00111231
-3.13606 34.0724 3.3684 0.233446 -0.972365 -0.00041027
-4.02395 33.8629 3.34763 0.22904 -0.973417 2.99793e-05
-3.98262 33.872 2.38759 0.228601 -0.97352 0.000176674
-4.00927 33.8625 1.38522 0.227536 -0.973766 0.00263717
-4.22815 33.8117 0.392155 0.226827 -0.973934 -0.00140173
-4.27431 33.8024 -0.75673 0.225948 -0.974139 -0.00079145
-3.98343 33.8714 -1.83009 0.227865 -0.973693 -0.000428015
-4.1058 33.8429 -2.89655 0.226683 -0.973967 0.000740485
-4.11105 33.8417 -3.36853 0.224507 -0.974472 -0.000662327
-4.90877 33.6582 -3.31703 0.223903 -0.974609 -0.00185525
-4.80456 33.681 -2.21986 0.225206 -0.974311 -0.00100417
-4.98616 33.6377 -0.966982 0.225266 -0.974297 -0.000884404
-5.07702 33.616 -0.00215056 0.225543 -0.974233 -0.000593858
-4.87238 33.6627 1.03457 0.223728 -0.974651 0.000593912
-4.69041 33.7061 1.87863 0.224806 -0.974398 0.00314888
-4.69472 33.7064 2.74709 0.225833 -0.974165 0.00129502
-4.78342 33.6866 3.26425 0.22545 -0.974253 0.00158826
0.981423 35.1716 2.26014 0.291677 -0.95649 -0.00589708
1.01283 35.1895 1.08428 0.290469 -0.956869 0.00547669
0.971029 35.1761 -0.0792311 0.292917 -0.956132 0.000605845
0.926123 35.16 -1.4973 0.297554 -0.954697 -0.00368885
0.910669 35.1674 -2.70058 0.292287 -0.956263 -0.00830841
0.849386 35.1417 -4.05726 0.287595 -0.957689 0.00784236
0.043275 34.9021 -4.50981 0.275657 -0.96125 0.00344242
-1.25759 34.5411 -4.56063 0.258582 -0.96596 0.00753993
-2.38921 34.2527 -4.56931 0.242965 -0.970024 0.00429385
-3.56111 33.9705 -4.56158 0.225814 -0.974169 -0.000271152
-4.82811 33.6785 -4.60462 0.22323 -0.974765 -0.00141634
-6.1216 33.3804 -4.48108 0.225296 -0.97429 -0.0011379
-6.27837 33.3419 -3.09215 0.225441 -0.974255 -0.00190737
-6.23769 33.3492 -1.93495 0.226253 -0.974066 -0.00240138
-6.2519 33.3444 -0.824676 0.226342 -0.974048 -0.000697857
-6.28685 33.3356 0.418688 0.225631 -0.974213 -0.000285408
-6.29405 33.3341 1.55845 0.226505 -0.97401 0.000837639
-6.26602 33.342 2.73299 0.226304 -0.974056 0.0013671
-6.22902 33.3527 3.92112 0.225917 -0.974144 0.00198099
-5.34676 33.5579 4.54036 0.224997 -0.974358 0.00153984
-4.24461 33.8129 4.53638 0.22577 -0.97418 0.000804556
-3.09402 34.0826 4.56849 0.23162 -0.972806 -0.000101921
-1.97512 34.3544 4.56058 0.24252 -0.970131 -0.00223963
-0.687285 34.6886 4.58484 0.25799 -0.966109 -0.00855268
0.703503 35.0857 4.41544 0.285463 -0.95837 -0.00475289
0.925789 35.1526 3.03676 0.290115 -0.956989 0.00103784
0.960098 35.163 2.62891 0.292763 -0.956177 -0.00195176
2.0166 35.495 2.5469 0.305998 -0.952029 -0.00245981
2.04145 35.5078 1.33623 0.307432 -0.951557 0.00185958
2.00754 35.4976 0.112817 0.30388 -0.952692 -0.00479263
1.9621 35.4906 -1.02093 0.309117 -0.951011 -0.00503495
1.96883 35.4983 -2.30836 0.313646 -0.949524 -0.00543547
1.93035 35.4898 -3.45292 0.315317 -0.948986 -0.00033422
1.91882 35.4826 -4.58546 0.309838 -0.95078 0.00361696
1.27949 35.2742 -5.64284 0.299209 -0.954183 0.00136124
0.187103 34.9379 -5.64274 0.284964 -0.95849 0.00754795
-1.08409 34.5785 -5.67106 0.26101 -0.965281 0.0100115
-2.25529 34.278 -5.6733 0.237208 -0.971393 0.0111895
-3.34432 34.0194 -5.67177 0.224515 -0.974469 0.00174645
-4.53939 33.7458 -5.68254 0.222042 -0.975037 -0.00095395
-5.77471 33.4638 -5.7342 0.2239 -0.974607 -0.00286435
-7.18697 33.1341 -5.5482 0.229302 -0.973351 -0.00279371
-7.29707 33.1048 -4.17606 0.229166 -0.973385 -0.00212435
-7.34185 33.0923 -2.99365 0.229878 -0.973218 -0.00133032
-7.31918 33.0959 -1.82571 0.229618 -0.97328 -0.00149215
-7.31484 33.0953 -0.671865 0.229016 -0.973422 -0.000704919
-7.38129 33.0797 0.444599 0.228194 -0.973616 -3.06489e-05
-7.3731 33.0822 1.56077 0.22843 -0.973559 0.00120581
-7.3506 33.089 2.89884 0.227694 -0.973732 0.00113825
-7.33112 33.0955 4.20463 0.228369 -0.973571 0.00251183
-7.2008 33.1292 5.50324 0.229078 -0.973407 0.00119841
-5.92713 33.4257 5.66423 0.22521 -0.97431 0.00121943
-4.53426 33.7471 5.63482 0.22382 -0.974629 0.00149225
-3.44684 33.9991 5.64256 0.228533 -0.973536 -0.000506111
-2.29554 34.2721 5.64823 0.236739 -0.971562 -0.0025632
-1.06634 34.5797 5.67825 0.25115 -0.967904 -0.00825889
0.0533918 34.8858 5.64971 0.272948 -0.962001 -0.00726533
1.23956 35.2374 5.63274 0.293896 -0.955789 -0.00888713
1.90567 35.4498 4.95006 0.296961 -0.954878 -0.00464864
1.92837 35.4627 3.64676 0.30311 -0.952949 -0.0036441
1.97761 35.4815 2.96944 0.305777 -0.952101 -0.00201599
3.02619 35.8204 2.852 0.309072 -0.951013 -0.00691354
3.00098 35.8039 3.97334 0.30671 -0.951792 -0.00462387
3.02673 35.8072 5.22347 0.309174 -0.951001 -0.000686821
2.88002 35.7507 6.56798 0.313705 -0.949441 -0.0119389
1.77935 35.3911 6.74894 0.296738 -0.954764 -0.0188171
0.583678 35.0261 6.75763 0.285024 -0.958267 -0.0209362
-0.597035 34.6949 6.79384 0.251474 -0.96778 -0.0127349
-1.94679 34.3525 6.72072 0.238528 -0.971086 -0.00963269
-3.07324 34.0841 6.74927 0.227544 -0.973761 -0.00341332
-4.31078 33.7999 6.72169 0.222642 -0.974897 0.00256684
-5.39005 33.5518 6.79364 0.226234 -0.974072 0.000482037
-6.65656 33.2599 6.77088 0.225224 -0.974303 0.00264476
-7.75574 33.0034 6.76042 0.23083 -0.972978 0.00482048
-8.41308 32.8416 6.00774 0.237305 -0.971433 0.00137073
-8.43885 32.8343 4.77018 0.2325 -0.972595 0.00144198
-8.42592 32.8364 3.29606 0.229281 -0.97336 0.000481921
-8.43347 32.8331 2.0168 0.229998 -0.97319 0.00126093
-8.44049 32.8305 0.731893 0.229238 -0.97337 -0.000131207
-8.42344 32.8336 -0.674953 0.232079 -0.972697 -0.000349488
-8.40994 32.8377 -1.80862 0.231272 -0.972888 -0.00141274
-8.40436 32.8412 -2.95539 0.230214 -0.973136 -0.00282697
-8.39431 32.8456 -4.18482 0.231101 -0.972929 -0.0010569
-8.38674 32.8498 -5.59472 0.231945 -0.972727 -0.00204909
-8.04025 32.9366 -6.72441 0.233465 -0.972353 -0.0048349
-6.90643 33.2068 -6.83874 0.230405 -0.973063 -0.00774182
-5.42913 33.5453 -6.78812 0.222766 -0.97487 -0.00194695
-4.3104 33.7996 -6.77224 0.221508 -0.975156 -0.00206306
-3.07284 34.0764 -6.77919 0.214832 -0.976647 0.00277585
-1.96323 34.3322 -6.8031 0.238059 -0.970995 0.0222813
-0.792387 34.6438 -6.78871 0.263263 -0.964494 0.0210338
0.475015 35.0101 -6.77799 0.287275 -0.957645 0.0189937
1.60891 35.3609 -6.76772 0.303239 -0.952705 0.0199695
2.90068 35.7897 -6.65846 0.324044 -0.945921 0.0119252
3.0155 35.8417 -5.51277 0.317567 -0.948187 0.00938373
2.9735 35.8355 -4.30409 0.319501 -0.947541 0.00894584
2.98722 35.8436 -3.11921 0.32864 -0.944455 -8.13843e-05
3.00528 35.8436 -1.98655 0.32543 -0.945527 -0.00856263
3.00447 35.8349 -0.748056 0.3171 -0.948365 -0.0071486
3.02122 35.8309 0.428617 0.312201 -0.949986 -0.00755865
3.0801 35.8409 1.5713 0.308364 -0.951263 -0.00317572
3.04652 35.8286 2.62496 0.30909 -0.951008 -0.0068655
