-30.7188 29.6877 4.49731 0.0500231 -0.998746 0.00178855
-30.8508 29.6781 3.66065 0.046199 -0.998909 0.00582371
-30.7239 29.6782 2.65224 0.0394253 -0.99922 0.00196109
-30.7786 29.6711 1.54029 0.0378863 -0.999273 0.000235675
-30.8491 29.6662 0.382864 0.0271816 -0.999614 0.0055326
-30.8244 29.6601 -0.715587 0.0281854 -0.999576 0.00737431
-30.8742 29.6559 -1.59455 0.0239747 -0.999712 -0.000162554
-30.9713 29.6555 -2.54418 0.0206314 -0.999778 -0.00431403
-30.8736 29.6618 -3.41962 0.0216756 -0.999737 -0.00724229
-30.7682 29.6745 -4.35817 0.0208817 -0.999768 -0.0024169
-31.5238 29.6485 -4.41778 0.0444535 -0.99901 -0.00127963
-31.6665 29.6397 -3.4714 0.0396985 -0.999187 -0.00444329
-31.7516 29.6312 -2.39854 0.0372975 -0.999283 -0.00648321
-31.6267 29.6327 -1.3968 0.0398328 -0.999206 0.000505879
-31.6219 29.6364 -0.35274 0.0368114 -0.999303 0.00422607
-31.6298 29.6408 0.6416 0.0449716 -0.998982 -0.0012172
-31.5683 29.6416 1.55742 0.0420033 -0.999102 0.00045629
-31.4396 29.6467 2.45784 0.0459108 -0.998945 -0.000450227
-31.5588 29.6421 3.32743 0.0496734 -0.998763 0.00235269
-31.4714 29.6472 4.50521 0.0532295 -0.99858 -0.00208155
-32.2434 29.6054 4.42161 0.0577321 -0.998329 -0.00215057
-32.311 29.6029 3.45268 0.0547793 -0.998498 -0.00085525
-32.167 29.6111 2.43254 0.0523756 -0.998627 -0.000618029
-32.3863 29.6006 1.59616 0.0549464 -0.998489 -0.000884879
-32.4498 29.5985 0.430196 0.0542245 -0.998525 -0.00214102
-32.4014 29.5998 -0.616408 0.0491909 -0.998788 0.00140991
-32.4177 29.5984 -1.51031 0.047279 -0.998875 -0.00171576
-32.5676 29.5962 -2.57573 0.047541 -0.998864 -0.00323662
-32.5221 29.601 -3.48514 0.0465199 -0.998915 -0.00208145
-32.2906 29.6134 -4.48069 0.0470828 -0.998889 -0.00194228
-32.2931 29.6135 -4.55247 0.0463216 -0.998915 -0.00474297
-33.2627 29.5655 -4.46155 0.0529468 -0.998583 -0.00535435
-33.2958 29.5604 -3.28408 0.0524569 -0.998621 -0.00228823
-33.2964 29.5584 -2.41137 0.053007 -0.998591 -0.00239083
-33.2455 29.5579 -1.45218 0.0554663 -0.998456 -0.00285989
-33.244 29.5569 -0.381844 0.0566841 -0.998392 0.000269569
-33.2466 29.5544 0.626823 0.0593901 -0.998229 -0.00316967
-33.2489 29.5522 1.5072 0.0574231 -0.998347 -0.00233332
-33.2627 29.5497 2.40856 0.059288 -0.998237 -0.00203528
-33.1009 29.5586 3.24265 0.0590765 -0.998248 -0.00256752
-33.1123 29.554 4.23083 0.0626713 -0.998025 -0.00429674
-33.0726 29.5554 4.50002 0.0632377 -0.99799 -0.00396634
-34.0317 29.4933 4.59785 0.0649472 -0.997877 -0.00480993
-34.0134 29.4983 3.73509 0.0644615 -0.99791 -0.00456748
-34.0014 29.5035 2.6323 0.0620631 -0.998064 -0.00402684
-34.0146 29.5061 1.70138 0.0604011 -0.998172 -0.00223759
-34.0134 29.5088 0.752282 0.0594933 -0.998226 -0.00239368
-33.9982 29.5131 -0.385836 0.0602115 -0.998181 -0.00316399
-34.0134 29.5138 -1.27385 0.0581449 -0.998307 -0.00121709
-34.014 29.5188 -2.4189 0.0573688 -0.998343 -0.00434093
-34.0073 29.5226 -3.4624 0.0570743 -0.998368 -0.00182749
-34.0132 29.5238 -4.31832 0.0566892 -0.998388 -0.00244894
-34.7563 29.4814 -4.36535 0.0582088 -0.998299 -0.0031649
-34.7618 29.4782 -3.22447 0.0587979 -0.998266 -0.00265284
-34.8168 29.4713 -2.30124 0.0594941 -0.99822 -0.0042222
-34.8929 29.4624 -1.19456 0.0597651 -0.998205 -0.00388353
-34.7693 29.4661 -0.277334 0.0604165 -0.998167 -0.00351999
-34.9947 29.4492 0.535891 0.0612894 -0.998112 -0.00401679
-34.8424 29.455 1.54227 0.0629861 -0.998008 -0.0035528
-34.8012 29.4521 2.79675 0.0639271 -0.997943 -0.00476726
-35.0436 29.4306 3.91741 0.0651544 -0.99786 -0.00557825
-34.9232 29.4355 4.46413 0.065409 -0.997845 -0.00524088
-35.7935 29.3799 4.24545 0.0633509 -0.997972 -0.00622259
-35.7351 29.3898 3.29227 0.0631649 -0.997981 -0.00660615
-35.5151 29.4085 2.36984 0.0630619 -0.998 -0.00428975
-35.6503 29.4043 1.44372 0.0625571 -0.998025 -0.0056012
-35.7609 29.4019 0.58931 0.0617442 -0.99808 -0.00479091
-35.5989 29.4162 -0.343926 0.0603615 -0.998165 -0.00468589
-35.6309 29.4189 -1.31606 0.0592417 -0.998232 -0.00484004
-35.5966 29.4251 -2.28166 0.058721 -0.998267 -0.00395611
-35.5526 29.4318 -3.27778 0.0573903 -0.998344 -0.00389421
-35.5505 29.435 -4.20307 0.0575295 -0.99834 -0.00289412
-35.6035 29.4331 -4.60201 0.0567877 -0.998383 -0.00231192
-36.39 29.3885 -4.55104 0.0547718 -0.998492 -0.00349461
-36.3188 29.3886 -3.37221 0.0560553 -0.998421 -0.00355266
-36.3816 29.3801 -2.28264 0.0562858 -0.998402 -0.00509362
-36.3935 29.3742 -1.40433 0.0575375 -0.998327 -0.00542635
-36.3929 29.37 -0.51875 0.058179 -0.998294 -0.00483222
-36.516 29.3571 0.535652 0.0583502 -0.998281 -0.00543623
-36.4026 29.3581 1.53537 0.0589417 -0.998247 -0.00524795
-36.3627 29.3546 2.5892 0.0597225 -0.998197 -0.00591785
-36.5494 29.3368 3.54732 0.0625736 -0.998019 -0.00652704
-36.5043 29.3348 4.30812 0.0625276 -0.99802 -0.00686944
-37.0728 29.2918 5.31485 0.0612109 -0.998094 -0.0076677
-37.7936 29.2502 4.99653 0.0604436 -0.998152 -0.00617006
-37.8461 29.2535 4.16029 0.0605603 -0.998133 -0.00798727
-37.8156 29.262 3.31335 0.058965 -0.998227 -0.00805947
-37.8126 29.269 2.51657 0.0582043 -0.998274 -0.00782214
-37.8572 29.2749 1.42586 0.056938 -0.998348 -0.00775472
-37.8787 29.2815 0.500785 0.0518051 -0.998619 -0.00868394
-37.8547 29.2886 -0.290682 0.0528229 -0.998585 -0.00621254
-37.7952 29.2983 -1.17551 0.0510016 -0.998675 -0.00676583
-37.7986 29.3035 -2.04016 0.049514 -0.99875 -0.00685788
-37.8192 29.3085 -3.10305 0.0490179 -0.998788 -0.00418091
-37.8442 29.3123 -4.07998 0.0465363 -0.998906 -0.00465607
-37.7918 29.3178 -4.96782 0.0492631 -0.99878 -0.000555069
-37.1906 29.3469 -5.33968 0.0512744 -0.998681 0.00227738
-36.0949 29.4063 -5.38356 0.055554 -0.998454 -0.000309955
-35.0329 29.4684 -5.42701 0.0588492 -0.998263 -0.00294539
-34.2007 29.5179 -5.41175 0.0583935 -0.998282 -0.00459734
-33.2313 29.5718 -5.39486 0.051315 -0.998667 -0.00527743
-32.182 29.6235 -5.37893 0.0473054 -0.998864 -0.00545926
-31.2109 29.6636 -5.37685 0.0347766 -0.999354 -0.00630232
-30.3818 29.6844 -5.38279 0.0216188 -0.999709 -0.0105998
-29.6163 29.6873 -5.16808 0.00264415 -0.999972 -0.00706721
-29.4211 29.682 -4.38093 0.00259938 -0.999967 -0.00763932
-29.4366 29.6762 -3.39912 0.00379941 -0.999979 -0.00500783
-29.4264 29.6754 -2.4232 0.00788534 -0.999969 -0.000566954
-29.4146 29.6811 -1.47537 0.00851601 -0.999947 0.00575055
-29.394 29.6875 -0.597688 0.0124364 -0.999867 0.0105825
-29.4007 29.6957 0.192141 0.0136556 -0.999852 0.0103969
-29.4173 29.7026 1.05231 0.0155216 -0.999857 0.00659614
-29.4251 29.7087 1.88178 0.0190369 -0.999773 0.00959372
-29.4103 29.7225 2.98014 0.0228921 -0.999615 0.0156724
-29.4159 29.7356 3.91398 0.0336215 -0.999335 0.0140748
-29.3984 29.7457 4.86602 0.0325587 -0.999448 0.00648227
-30.1282 29.7168 5.29453 0.0474298 -0.998873 0.00140248
-30.9356 29.6777 5.31882 0.0527825 -0.998601 -2.19104e-05
-31.829 29.6278 5.34368 0.0573376 -0.998351 -0.00210657
-32.7718 29.5705 5.37809 0.0622461 -0.998056 -0.00303224
-33.6197 29.5162 5.4001 0.0643678 -0.997915 -0.00470235
-34.4644 29.4609 5.3919 0.0656185 -0.997832 -0.00501204
-35.2611 29.4084 5.35697 0.0661363 -0.997794 -0.00565546
-36.1007 29.3534 5.3174 0.0644925 -0.997897 -0.00642512
-36.8279 29.3071 5.32025 0.0630684 -0.997979 -0.00767878
-36.833 29.3003 6.08561 0.0631496 -0.997959 -0.00930142
-37.9294 29.2334 6.10643 0.0597255 -0.998173 -0.00914821
-38.6191 29.1991 5.43609 0.0573826 -0.998327 -0.00703702
-38.6524 29.2035 4.44867 0.056983 -0.998339 -0.00848371
-38.5908 29.2149 3.65047 0.0553256 -0.998431 -0.00859411
-38.5826 29.2222 2.8639 0.0548188 -0.998457 -0.00890183
-38.6204 29.2284 1.95864 0.0542342 -0.998472 -0.0105008
-38.6513 29.2377 0.897691 0.0519589 -0.998608 -0.00908173
-38.6457 29.2466 -0.0549477 0.0482875 -0.9988 -0.00817403
-38.6007 29.2573 -1.0237 0.0460798 -0.998893 -0.00937069
-38.5758 29.2664 -1.8414 0.0438091 -0.999007 -0.00799561
-38.5943 29.2726 -2.88171 0.042601 -0.999066 -0.00716771
-38.6162 29.2774 -3.921 0.0407099 -0.999155 -0.0054815
-38.6528 29.2803 -4.8095 0.0409187 -0.999158 -0.00246895
-38.64 29.2805 -5.59043 0.0398773 -0.999204 0.00133997
-38.0784 29.302 -6.12187 0.0426001 -0.999065 0.00732163
-37.0917 29.35 -6.12654 0.0519044 -0.998639 0.00493603
-36.0936 29.4045 -6.17651 0.0591115 -0.998237 0.00344742
-35.3009 29.4535 -6.19246 0.0593135 -0.998239 -0.000173585
-34.4936 29.5019 -6.18438 0.060684 -0.998156 -0.000886336
-33.6794 29.5522 -6.17531 0.0597406 -0.998197 -0.00459627
-32.8854 29.5944 -6.15317 0.0501567 -0.998709 -0.00802052
-31.8878 29.6426 -6.15436 0.0432055 -0.999032 -0.00811261
-31.005 29.6739 -6.16526 0.0295326 -0.99955 -0.00525465
-30.1983 29.6941 -6.15854 0.0129094 -0.999796 -0.0147535
-29.3109 29.7031 -6.18522 0.0101945 -0.99966 -0.0239146
-28.7309 29.6935 -5.6508 -0.0137149 -0.999739 -0.01828
-28.6335 29.6824 -4.71893 -0.00609788 -0.999939 -0.00915671
-28.6321 29.6761 -3.6725 -0.00675816 -0.999971 -0.00273889
-28.6567 29.677 -2.73104 -0.00831322 -0.999964 0.00180589
-28.644 29.6831 -1.6318 -0.00143571 -0.999977 0.00660247
-28.6184 29.6931 -0.578397 0.000150876 -0.999922 0.0125023
-28.6404 29.7029 0.279595 -0.000710398 -0.999934 0.0114347
-28.6447 29.7134 1.18842 0.00876116 -0.999904 0.0103624
-28.6311 29.7235 2.08329 0.0129786 -0.999869 0.00966651
-28.618 29.7391 2.93877 0.0176559 -0.999679 0.0179103
-28.6521 29.7564 3.96615 0.0230196 -0.999543 0.0195269
-28.597 29.7702 4.85962 0.0330907 -0.999378 0.0121552
-28.6828 29.7833 5.80721 0.0334231 -0.999238 0.0201472
-29.6374 29.7488 6.07959 0.0487963 -0.998708 0.0140259
-30.4195 29.7084 6.10477 0.0527297 -0.998545 0.0111834
-31.4165 29.6533 6.11603 0.0588804 -0.998237 0.00571654
-32.5427 29.5827 6.12305 0.064801 -0.99789 -0.00130843
-33.4233 29.5246 6.16924 0.0636697 -0.99795 -0.00629889
-34.2582 29.4709 6.17722 0.0659164 -0.997819 -0.00357386
-35.1854 29.4092 6.16217 0.0665316 -0.997774 -0.00461794
-35.9959 29.3553 6.11311 0.0657403 -0.997817 -0.00634216
-36.7089 29.3081 6.08255 0.0651523 -0.99782 -0.010205
-36.7479 29.2978 6.86833 0.070521 -0.997433 -0.0118673
-37.5685 29.2445 6.89688 0.0569163 -0.998214 -0.0181315
-38.4685 29.1926 6.93409 0.0497947 -0.998564 -0.0197087
-39.3094 29.1555 6.64125 0.0470573 -0.998888 -0.00277574
-39.4185 29.1532 5.61075 0.0561408 -0.998413 -0.00436055
-39.431 29.156 4.70273 0.0589397 -0.998226 -0.00810595
-39.3936 29.1704 3.72335 0.053466 -0.998519 -0.0100144
-39.4361 29.1749 2.92758 0.05426 -0.998496 -0.00782162
-39.4544 29.1832 2.03356 0.052651 -0.998518 -0.0137439
-39.4066 29.1964 1.22221 0.0503724 -0.998656 -0.0121624
-39.4048 29.2066 0.300708 0.0482894 -0.998785 -0.00984814
-39.4325 29.2148 -0.53156 0.0422705 -0.999049 -0.0106499
-39.4031 29.227 -1.55966 0.0435061 -0.998997 -0.0106002
-39.4127 29.235 -2.41715 0.0406962 -0.999145 -0.00734736
-39.3878 29.2433 -3.28057 0.038194 -0.999224 -0.00958173
-39.4245 29.2497 -4.31175 0.0350951 -0.999372 -0.00472687
-39.4415 29.2495 -5.39233 0.0368352 -0.999321 0.00077498
-39.4385 29.2471 -6.1736 0.0350127 -0.999379 1.30407e-05
-39.0823 29.2561 -6.9168 0.0274148 -0.999611 0.00403975
-38.1636 29.2907 -6.949 0.0481014 -0.998786 0.0103386
-37.1638 29.3423 -6.93059 0.0446736 -0.998977 0.00384218
-36.116 29.3993 -6.95154 0.0628735 -0.997982 0.00885832
-35.2542 29.4573 -6.94686 0.064545 -0.997898 -0.0025859
-34.1431 29.5237 -6.93739 0.0622555 -0.99806 0.000801292
-33.0421 29.5957 -6.93933 0.0585525 -0.99815 -0.0145665
-32.1599 29.6367 -6.9553 0.0402944 -0.999155 -0.00782049
-31.2589 29.6735 -6.94641 0.038311 -0.999245 -0.00633256
-30.4376 29.7003 -6.94375 0.0254019 -0.999576 -0.0142158
-29.4288 29.7245 -6.95955 0.0218858 -0.999247 -0.0314961
-28.6077 29.7391 -6.98885 -0.0113598 -0.998551 -0.0482721
-27.9666 29.6939 -6.43309 -0.0203254 -0.99904 -0.0352625
-27.8954 29.6799 -5.58254 -0.0183278 -0.999817 -0.00531392
-27.8462 29.6739 -4.55604 -0.0107382 -0.999914 -0.00746903
-27.855 29.6677 -3.58836 -0.0193633 -0.999812 -0.000306021
-27.8756 29.6719 -2.55525 -0.00999774 -0.999927 0.00683686
-27.8625 29.6769 -1.70638 -0.0151812 -0.999865 0.00524391
-27.8518 29.686 -0.852893 -0.0104418 -0.999782 0.0172822
-27.8602 29.6987 0.0984035 -0.00670477 -0.999859 0.0153362
-27.8684 29.7146 0.92506 0.00348313 -0.999869 0.0158323
-27.8446 29.7289 1.90608 0.00393702 -0.999854 0.0165073
-27.8567 29.7483 2.79415 0.0145757 -0.999584 0.0244363
-27.858 29.7721 3.83651 0.0207717 -0.999428 0.0266824
-27.8494 29.7928 4.89584 0.0269257 -0.999533 0.0144151
-27.8064 29.811 5.89656 0.0268641 -0.999494 0.0170347
-27.9856 29.8241 6.72102 0.0241602 -0.999277 0.029271
-28.96 29.7982 6.88709 0.0403492 -0.998851 0.025192
-29.9269 29.744 6.88541 0.0555636 -0.998356 0.0139538
-30.9526 29.6877 6.89348 0.0561885 -0.998355 0.011355
-31.8345 29.6342 6.91362 0.0762072 -0.996887 0.0170044
-32.7045 29.5661 6.91733 0.073239 -0.997167 -0.016215
-33.5714 29.5119 6.93823 0.0613655 -0.998111 -0.0029925
-34.4263 29.4563 6.9389 0.0679563 -0.997671 -0.00584646
-35.3483 29.3959 6.9326 0.0665515 -0.997783 0.000142504
-36.2645 29.3309 6.89906 0.0694537 -0.997558 -0.00742082
-36.5069 29.3141 6.87768 0.068994 -0.997579 -0.00862268
