36.3296 35.2964 3.16916 -0.318445 -0.947932 -0.00408807
36.3742 35.283 2.29865 -0.315749 -0.94884 -0.00179751
36.3676 35.2843 1.24166 -0.319855 -0.94743 0.00815338
36.3971 35.269 0.385813 -0.322773 -0.946467 0.00424576
36.4654 35.246 -0.466231 -0.326349 -0.945232 -0.00514218
36.5006 35.2338 -1.40605 -0.327999 -0.944669 0.00168833
36.4303 35.2589 -2.50801 -0.32349 -0.946231 -0.000710787
36.368 35.2811 -3.06891 -0.323961 -0.946069 -0.00181233
35.6485 35.5262 -3.1251 -0.311507 -0.950236 -9.05796e-05
35.6991 35.5038 -2.25319 -0.312652 -0.94985 -0.0055898
35.7337 35.4896 -1.26354 -0.311139 -0.950363 -0.00136911
35.6881 35.5075 -0.268207 -0.310752 -0.950481 0.00435788
35.6105 35.5348 0.756664 -0.309911 -0.950763 0.000541234
35.6272 35.53 1.94289 -0.309243 -0.950982 5.95117e-05
35.6026 35.5355 2.93447 -0.306387 -0.951905 -0.00190062
35.5231 35.56 3.33972 -0.307539 -0.951532 -0.00228019
34.7984 35.7915 3.32684 -0.302752 -0.953064 -0.00310589
34.9024 35.7619 2.4973 -0.304417 -0.95252 -0.00598907
34.8387 35.7818 1.46353 -0.300825 -0.953673 0.00343445
34.8257 35.7881 0.524021 -0.297771 -0.954631 -0.00307163
34.8453 35.7799 -0.425364 -0.304244 -0.95257 0.00675942
34.9694 35.7384 -1.30622 -0.306738 -0.951791 -0.00165143
34.9316 35.7542 -2.21544 -0.309558 -0.950851 -0.0074998
34.929 35.7604 -3.20723 -0.301574 -0.953413 -0.00538188
34.9108 35.7665 -3.31735 -0.296538 -0.955017 -0.00202765
34.0822 36.0218 -3.06997 -0.292891 -0.956135 -0.00461344
34.0822 36.0198 -2.1619 -0.293056 -0.956084 -0.00160991
34.0822 36.0177 -1.23436 -0.295709 -0.955278 0.000724767
34.0822 36.0164 -0.332945 -0.288677 -0.957426 0.000124837
34.0822 36.0168 0.598601 -0.28865 -0.957433 0.000501379
34.0822 36.0168 1.58861 -0.287208 -0.957868 0.000414207
34.0822 36.0165 2.47247 -0.288297 -0.957541 -0.00106753
34.0822 36.0129 3.42358 -0.292413 -0.956281 -0.0033551
33.2307 36.2678 3.3154 -0.282599 -0.959237 -0.0013431
33.3156 36.2455 2.35682 -0.281738 -0.95949 -0.000938434
33.4518 36.2046 1.41185 -0.28314 -0.959073 -0.000968936
33.3761 36.229 0.56092 -0.286309 -0.958136 -0.000985098
33.1782 36.2879 -0.378719 -0.284091 -0.958797 0.000221019
33.2641 36.2644 -1.48365 -0.284239 -0.958749 -0.00299025
33.2147 36.2805 -2.47724 -0.282316 -0.959318 -0.00181035
33.1967 36.2879 -3.04353 -0.282644 -0.95922 -0.00298259
32.3428 36.5363 -3.09268 -0.27488 -0.961477 -0.00116305
32.4815 36.4947 -2.08002 -0.273168 -0.961965 -0.000524928
32.5375 36.4771 -0.868517 -0.27625 -0.961081 -0.00286859
32.5114 36.481 0.0125852 -0.276263 -0.961068 -0.00516344
32.763 36.4101 1.04524 -0.280424 -0.959866 0.000463661
32.6268 36.4471 1.98713 -0.279388 -0.960175 -0.0024877
32.3853 36.5159 2.82732 -0.277197 -0.960812 -0.00158707
32.416 36.5055 3.40462 -0.277465 -0.960734 -0.000922047
31.6636 36.7211 3.04982 -0.271845 -0.962336 -0.00218897
31.791 36.6876 2.07318 -0.272828 -0.962062 -0.00094651
32.0257 36.6224 1.15505 -0.274235 -0.96166 -0.000990465
31.8407 36.6733 0.276635 -0.270107 -0.962828 0.0022564
31.7949 36.688 -0.726008 -0.271727 -0.962365 -0.00413944
31.7696 36.6976 -1.5778 -0.271798 -0.962353 0.00137873
31.6243 36.7392 -2.51492 -0.270734 -0.962652 -0.00165301
31.6057 36.7445 -2.67333 -0.269537 -0.962989 -0.00119828
37.6742 34.8165 0.380524 -0.344473 -0.938784 0.00468359
37.6887 34.8087 -0.806398 -0.344872 -0.938649 0.000429105
37.6971 34.8069 -2.06271 -0.346721 -0.937941 -0.0045595
37.6911 34.8105 -3.26241 -0.343785 -0.939045 0.00238137
37.3516 34.9325 -4.41258 -0.343706 -0.939077 -0.000701925
36.2663 35.3172 -4.50076 -0.318016 -0.948065 -0.00318078
34.9768 35.7416 -4.54833 -0.306978 -0.951704 -0.000174228
33.824 36.1032 -4.50806 -0.295768 -0.95526 -0.000589371
32.5501 36.4796 -4.50376 -0.275833 -0.961205 0.000589809
31.3657 36.8133 -4.4655 -0.267923 -0.96344 0.000321931
30.4732 37.0596 -3.82028 -0.265669 -0.964064 -0.00090056
30.4417 37.068 -2.42511 -0.264698 -0.96433 -0.00118806
30.4572 37.0623 -1.17085 -0.266495 -0.963835 -0.0010883
30.4183 37.0693 0.210076 -0.266251 -0.963901 -0.00229416
30.3994 37.0746 1.33345 -0.263795 -0.964578 -0.000679574
30.4373 37.0623 2.55581 -0.263367 -0.964693 -0.0023236
30.4471 37.0586 3.77584 -0.263839 -0.964567 -0.000188811
31.3488 36.8087 4.52857 -0.270271 -0.962782 -0.000984628
32.687 36.426 4.55886 -0.279881 -0.960029 0.00332386
34.0692 36.0168 4.54348 -0.288754 -0.95739 -0.000509092
35.3309 35.6209 4.47896 -0.308478 -0.951224 0.00316296
36.6102 35.1949 4.47619 -0.320545 -0.947229 -0.000581269
37.5881 34.8538 4.03665 -0.341575 -0.939838 -0.00556231
37.637 34.8378 2.91366 -0.343335 -0.939212 0.00016416
37.6438 34.8357 1.63349 -0.344181 -0.938894 0.00236138
37.6562 34.8257 0.806193 -0.343264 -0.939218 0.00623872
38.7003 34.4374 0.930476 -0.354503 -0.935054 0.000484725
38.7271 34.4243 -0.392877 -0.354314 -0.935111 0.00362803
38.7455 34.4116 -1.73071 -0.357308 -0.933983 0.00257106
38.7759 34.4012 -3.10797 -0.361173 -0.932498 0.000281476
38.6926 34.4275 -4.23723 -0.365329 -0.930856 0.00361715
38.5543 34.4816 -5.43057 -0.361926 -0.932206 0.000858833
37.5423 34.8629 -5.6663 -0.343098 -0.939299 0.00126312
36.4796 35.2463 -5.6179 -0.331661 -0.943398 -0.00047445
35.1566 35.6866 -5.66964 -0.306777 -0.951762 -0.00476072
33.9333 36.0714 -5.63234 -0.294574 -0.95562 -0.00199612
32.8266 36.4006 -5.63923 -0.277522 -0.960717 -0.00130888
31.6024 36.7493 -5.60221 -0.269487 -0.963003 -0.00154833
30.3836 37.087 -5.68336 -0.265502 -0.964108 -0.00222886
29.4942 37.3301 -5.33059 -0.263736 -0.964594 -0.00104228
29.3839 37.3588 -4.13734 -0.263969 -0.96453 -0.0014806
29.3131 37.3769 -3.00492 -0.263504 -0.964658 -0.000951299
29.3798 37.3579 -1.79486 -0.263747 -0.964591 -0.00154019
29.3909 37.3532 -0.575815 -0.263194 -0.964742 -0.00155774
29.3304 37.3676 0.80173 -0.261866 -0.965102 -0.00203142
29.333 37.3642 2.11537 -0.262385 -0.964962 -0.00181861
29.3615 37.3548 3.41635 -0.262016 -0.965064 -0.000294763
29.3472 37.358 4.73808 -0.261284 -0.965262 -0.000308227
29.892 37.2107 5.6116 -0.262927 -0.964814 0.00138019
31.3147 36.8196 5.63829 -0.266454 -0.963843 0.00272288
32.4258 36.5052 5.67323 -0.276321 -0.96106 0.00319745
33.6414 36.1484 5.67248 -0.286877 -0.957937 0.0063914
34.7648 35.8056 5.63677 -0.297509 -0.954705 0.00442751
35.9734 35.4152 5.59951 -0.315715 -0.948839 0.00486645
37.1332 35.0166 5.61735 -0.333709 -0.942671 0.00322724
38.3715 34.5679 5.56008 -0.345564 -0.93837 0.00666351
38.7394 34.424 4.47489 -0.35066 -0.936487 0.000992903
38.712 34.4371 3.15405 -0.355106 -0.934825 0.00104939
38.6915 34.4423 1.87793 -0.354984 -0.934872 0.00102294
38.6912 34.4418 1.44882 -0.354106 -0.935204 0.00173128
39.7324 34.0418 1.49489 -0.362223 -0.932085 0.00346089
39.7731 34.0199 0.15236 -0.36544 -0.930824 0.00463188
39.7522 34.0242 -0.97967 -0.361848 -0.93223 0.00339222
39.8265 33.986 -2.26325 -0.366365 -0.930424 0.00934812
39.7938 33.9877 -3.53208 -0.379635 -0.925129 0.00357852
39.7572 34.0041 -4.71509 -0.377036 -0.926179 -0.00554579
39.6977 34.0334 -5.91133 -0.371757 -0.928327 -0.000630423
39.2366 34.2199 -6.75719 -0.366349 -0.930461 -0.00558213
37.8929 34.7495 -6.82461 -0.362088 -0.932053 -0.0127241
36.7227 35.1736 -6.78949 -0.328815 -0.944179 -0.0186186
35.5636 35.5639 -6.81128 -0.307401 -0.951434 -0.0149875
34.4125 35.9303 -6.80009 -0.296314 -0.955006 -0.0126563
33.182 36.3024 -6.78103 -0.286866 -0.95796 -0.00437025
32.1013 36.613 -6.75272 -0.2722 -0.962233 -0.00376314
30.9359 36.9385 -6.75372 -0.267126 -0.963649 -0.00500258
29.6742 37.2837 -6.8207 -0.261904 -0.96509 -0.00258132
28.5852 37.5785 -6.68043 -0.260687 -0.965422 -0.00127736
28.2753 37.661 -5.61754 -0.260346 -0.965515 -0.000547651
28.2459 37.6679 -4.38187 -0.260119 -0.965576 -0.000373963
28.2487 37.6667 -3.2418 -0.261474 -0.96521 -0.000415191
28.2575 37.6633 -1.91698 -0.261925 -0.965088 -0.000913975
28.2633 37.6599 -0.512733 -0.261407 -0.965227 -0.00199891
28.2311 37.6657 0.67958 -0.261164 -0.965292 -0.00234111
28.2467 37.6589 1.84493 -0.260934 -0.965355 -0.00194374
28.2697 37.6513 3.07796 -0.260836 -0.965383 -0.000818707
28.2358 37.6591 4.51646 -0.261193 -0.965286 -0.000787807
28.2772 37.6474 5.76753 -0.260203 -0.965554 -0.000161337
28.7564 37.5191 6.70409 -0.259625 -0.965708 0.00132687
29.9262 37.2033 6.77065 -0.261459 -0.965211 0.00242563
31.195 36.8566 6.75797 -0.26579 -0.964023 0.00379004
32.4597 36.499 6.76625 -0.274689 -0.961513 0.00611325
33.5649 36.1815 6.7582 -0.280608 -0.95971 0.0146022
34.6386 35.8557 6.77412 -0.297486 -0.954679 0.00912795
35.8031 35.4843 6.73327 -0.314558 -0.949139 0.011549
36.8969 35.1109 6.74291 -0.32815 -0.94457 0.00895997
38.2388 34.6286 6.74556 -0.352571 -0.93556 0.0203688
39.6335 34.0912 6.5856 -0.36227 -0.932053 0.00593196
39.7721 34.0351 5.06438 -0.355645 -0.934619 0.00165563
39.7615 34.0367 3.79028 -0.359241 -0.933244 0.0010291
39.7711 34.0307 2.56537 -0.360342 -0.932815 0.00264341
39.7384 34.0402 1.68033 -0.361763 -0.932265 0.00307561
