-0.69192 35.2362 -3.07942 0.270463 -0.962724 0.00329723
-0.763793 35.2115 -2.0129 0.257834 -0.966165 -0.00687337
-0.707693 35.2237 -1.19357 0.266591 -0.963808 -0.001229
-0.718149 35.2234 -0.21803 0.267029 -0.963683 0.00243279
-0.812788 35.1958 0.798538 0.277889 -0.960602 0.00400545
-0.852544 35.1876 1.71138 0.270726 -0.962654 0.000392096
-0.627641 35.2505 2.84756 0.271569 -0.962419 -0.000551857
-0.620442 35.2524 2.93962 0.271774 -0.962354 -0.00295174
-1.34139 35.0564 3.14642 0.254435 -0.967081 -0.00392489
-1.47746 35.0201 2.21146 0.255916 -0.966698 0.00156881
-1.56512 34.9946 1.25272 0.254564 -0.967051 0.00303618
-1.48031 35.0175 0.439483 0.255157 -0.966896 -0.0026428
-1.4203 35.0337 -0.519739 0.25478 -0.966999 0.00031928
-1.45967 35.0232 -1.41237 0.252547 -0.967574 -0.00425923
-1.51086 35.0149 -2.29877 0.252535 -0.967578 -0.00297897
-1.46009 35.0293 -3.2406 0.257696 -0.966212 0.00163985
-2.31219 34.8089 -3.34071 0.245719 -0.969341 -0.000147221
-2.25493 34.8225 -2.3871 0.245579 -0.969373 -0.00202081
-2.29111 34.8098 -1.54712 0.245372 -0.969413 -0.00477254
-2.15728 34.841 -0.710675 0.249237 -0.968439 -0.00173243
-2.25204 34.8161 0.189828 0.247919 -0.96878 -0.00118046
-2.16199 34.8386 1.06146 0.246756 -0.969072 0.00298771
-2.25013 34.8198 2.03779 0.243101 -0.969996 0.0027652
-2.12777 34.8519 2.88451 0.24796 -0.96877 -0.000740411
-2.16957 34.8405 3.45175 0.244503 -0.969645 -0.00200309
-3.07564 34.6158 3.18041 0.23532 -0.971914 0.00112258
-3.07564 34.6138 2.27521 0.239411 -0.970916 0.00184891
-3.07564 34.6111 1.4543 0.236784 -0.97156 0.00212011
-3.07564 34.6084 0.566933 0.238542 -0.97113 0.000431114
-3.07564 34.6103 -0.446611 0.23541 -0.971882 -0.00499467
-3.07564 34.6136 -1.33783 0.239589 -0.970859 -0.00546163
-3.07564 34.6167 -2.18626 0.240697 -0.970597 -0.00173339
-3.07564 34.6185 -3.1831 0.240563 -0.970629 -0.00278531
-3.07564 34.6191 -3.38924 0.240481 -0.970649 -0.00296587
-3.84136 34.4336 -3.42706 0.232773 -0.972524 -0.00365883
-3.72518 34.459 -2.52832 0.235673 -0.971832 -0.000858175
-3.87494 34.4218 -1.51961 0.232679 -0.972552 -0.00100528
-3.89021 34.4153 -0.451919 0.228974 -0.973428 -0.0028606
-3.74867 34.4468 0.476537 0.232088 -0.972692 0.000294394
-3.94512 34.4001 1.26115 0.231716 -0.97278 0.00135199
-3.92583 34.4076 2.36085 0.232208 -0.972664 0.00169425
-3.8253 34.4342 3.29733 0.235802 -0.971798 0.00229662
-4.52675 34.2681 3.44811 0.228185 -0.973617 0.00162883
-4.7325 34.2182 2.49223 0.227596 -0.973754 0.00184592
-4.78996 34.2022 1.47856 0.226262 -0.974063 0.00214118
-4.56756 34.2541 0.648713 0.227054 -0.973881 -0.00120131
-4.64496 34.2381 -0.506429 0.228323 -0.973583 -0.00203507
-4.63915 34.2409 -1.45617 0.228174 -0.973619 -0.00172003
-4.52887 34.2686 -2.34132 0.228404 -0.973564 -0.00208867
-4.5071 34.276 -3.36711 0.228807 -0.973469 -0.00214069
-4.51668 34.2739 -3.45048 0.228845 -0.973461 -0.0017624
-5.20979 34.1107 -3.21638 0.228302 -0.973588 -0.00211765
-5.26962 34.0946 -2.25045 0.228547 -0.973531 -0.00195854
-5.37986 34.0671 -1.32636 0.228483 -0.973546 -0.00171434
-5.37733 34.0663 -0.421077 0.228333 -0.973582 -0.00142586
-5.40519 34.0589 0.613614 0.228346 -0.97358 -0.00012723
-5.53316 34.0293 1.55072 0.227904 -0.973683 0.000620819
-5.50507 34.0372 2.3827 0.228345 -0.973578 0.00199202
-5.32257 34.0815 3.28878 0.227934 -0.973675 0.00158649
-5.29788 34.0875 3.41478 0.227962 -0.973669 0.00152826
0.559633 35.5839 4.15449 0.279178 -0.960229 -0.00432577
0.594896 35.5996 3.02117 0.282891 -0.959144 -0.00389015
0.569374 35.5982 1.61538 0.281541 -0.95954 -0.00428475
0.534338 35.5889 0.414817 0.283533 -0.958961 0.00194124
0.571303 35.5982 -0.7749 0.288215 -0.957551 0.00133397
0.563084 35.5986 -2.22273 0.292045 -0.95636 -0.0092296
0.559824 35.6008 -3.59802 0.292186 -0.956352 0.00425131
0.0488954 35.441 -4.4993 0.280747 -0.95976 0.00465459
-1.20263 35.0904 -4.55187 0.260633 -0.965409 0.00751961
-2.3922 34.7878 -4.57492 0.23907 -0.971001 0.00176626
-3.51377 34.5126 -4.62188 0.232613 -0.972567 -0.00118211
-4.7576 34.2189 -4.55884 0.228384 -0.97357 -0.00149515
-5.85286 33.9627 -4.51603 0.228108 -0.973634 -0.00198111
-6.61372 33.7821 -3.78026 0.230521 -0.973065 -0.00195976
-6.61797 33.7787 -2.61799 0.228772 -0.973477 -0.00219517
-6.65802 33.767 -1.39565 0.228843 -0.973462 -0.00172081
-6.64906 33.7679 -0.242449 0.228608 -0.973518 -0.000680121
-6.64752 33.7678 0.927779 0.228735 -0.973489 0.000421938
-6.66164 33.7655 2.26353 0.228627 -0.973512 0.0017688
-6.64575 33.7716 3.62129 0.229911 -0.97321 0.00173805
-5.89199 33.9505 4.58116 0.227885 -0.973686 0.00187423
-4.76319 34.2144 4.54536 0.227844 -0.973696 0.00150952
-3.4335 34.5288 4.5673 0.231949 -0.972728 0.000438929
-2.33192 34.7974 4.59329 0.244094 -0.96975 -0.000468447
-1.18756 35.0916 4.56451 0.25234 -0.967633 -0.00311565
-0.0183033 35.4147 4.47932 0.277466 -0.960721 -0.00521857
0.306362 35.5087 4.43368 0.2782 -0.960506 -0.00561225
0.306132 35.4996 5.59886 0.281888 -0.959376 -0.00998016
1.44498 35.848 5.48933 0.297311 -0.954759 -0.00640272
1.63629 35.9123 4.26312 0.2967 -0.954956 -0.00360337
1.63739 35.9186 3.00276 0.298778 -0.954309 -0.00494946
1.63706 35.926 1.55547 0.300449 -0.953788 -0.00380961
1.59575 35.9129 0.0954152 0.29585 -0.955223 -0.00471839
1.59832 35.9187 -1.03918 0.304887 -0.952385 -0.00244173
1.60076 35.9246 -2.22379 0.307024 -0.951701 -0.00097301
1.60701 35.9274 -3.64007 0.311278 -0.950319 -0.000255521
1.55676 35.9039 -5.03528 0.310967 -0.950397 0.00669924
0.796349 35.66 -5.62919 0.295547 -0.955303 0.00687577
-0.434061 35.2947 -5.6364 0.276459 -0.961001 0.00685456
-1.69844 34.9541 -5.64627 0.247432 -0.968827 0.0105669
-2.90627 34.6562 -5.68208 0.234266 -0.97214 0.00781187
-4.24868 34.3397 -5.71753 0.228771 -0.97348 -0.000411917
-5.44747 34.0592 -5.62444 0.226991 -0.973896 -0.00132862
-6.56379 33.7982 -5.67588 0.228371 -0.973573 -0.00146278
-7.64963 33.5398 -5.15998 0.232385 -0.972622 -0.00183224
-7.69544 33.5258 -4.00481 0.231895 -0.972737 -0.00258123
-7.67385 33.5284 -2.81097 0.231387 -0.97286 -0.00193654
-7.71375 33.5171 -1.57761 0.231705 -0.972785 -0.00162078
-7.70069 33.5185 -0.0697249 0.231505 -0.972834 -5.45234e-05
-7.71038 33.5165 1.14445 0.230736 -0.973016 0.000881657
-7.73146 33.5131 2.37823 0.230031 -0.973183 0.000981843
-7.70764 33.5202 3.77089 0.231504 -0.972833 0.00127893
-7.65711 33.5345 4.94269 0.232362 -0.972627 0.00209118
-6.96262 33.7016 5.64699 0.228857 -0.973455 0.00296094
-5.76925 33.9813 5.6744 0.227491 -0.973778 0.00198673
-4.67104 34.2376 5.63816 0.227127 -0.973865 0.000955335
-3.46578 34.521 5.64315 0.232378 -0.972625 -0.000112434
-2.33753 34.7946 5.6885 0.240762 -0.970577 -0.00351159
-1.21229 35.0795 5.70108 0.253452 -0.967321 -0.0048991
-0.10231 35.3826 5.59811 0.271433 -0.962409 -0.0096092
-0.0120522 35.4083 5.59416 0.27593 -0.961134 -0.00912437
-0.138357 35.3584 6.67294 0.279196 -0.960151 -0.0125075
1.04296 35.7108 6.79059 0.295044 -0.955421 -0.0109113
2.16635 36.0657 6.67221 0.307215 -0.951567 -0.0117398
2.67534 36.2384 5.75732 0.305817 -0.952075 -0.00369523
2.69108 36.2445 4.5651 0.301781 -0.953371 -0.00344723
2.66053 36.241 3.43046 0.302918 -0.952996 -0.00616287
2.68104 36.2546 2.09996 0.306717 -0.951797 -0.00126398
2.65961 36.2493 0.966115 0.302864 -0.953016 -0.0055977
2.65069 36.2544 -0.344646 0.310403 -0.950538 -0.0108021
2.66968 36.2717 -1.47369 0.316428 -0.948596 -0.00602207
2.65976 36.2738 -2.62157 0.315317 -0.948982 -0.000947374
2.66644 36.2757 -3.74863 0.31919 -0.94769 0.0012369
2.63844 36.2606 -5.14192 0.317271 -0.948321 0.00515234
2.56241 36.2254 -6.45426 0.318166 -0.948014 0.00611423
1.60062 35.9008 -6.77344 0.310025 -0.950581 0.0155681
0.260546 35.4863 -6.76491 0.288897 -0.957274 0.012421
-0.938948 35.1428 -6.76493 0.262342 -0.964863 0.0146515
-2.19396 34.8189 -6.77061 0.235746 -0.971626 0.0190385
-3.31806 34.5566 -6.79392 0.223704 -0.974657 -0.00056143
-4.54814 34.2692 -6.80228 0.226743 -0.973954 0.000225472
-5.82619 33.9717 -6.75666 0.226138 -0.974095 -0.000398702
-6.95031 33.7113 -6.7946 0.230544 -0.973018 -0.00920922
-8.09067 33.4392 -6.74742 0.232618 -0.972562 -0.00335447
-8.78483 33.2708 -6.01095 0.232126 -0.97268 -0.00327382
-8.74053 33.2772 -4.75305 0.234678 -0.972071 -0.00203364
-8.74227 33.2746 -3.57277 0.2335 -0.972357 -0.000646456
-8.74045 33.2731 -2.42662 0.232783 -0.972527 -0.00180977
-8.7619 33.2656 -1.23813 0.235663 -0.971834 -0.00155931
-8.76719 33.2642 -0.0985435 0.233898 -0.972258 0.00230354
-8.76294 33.2665 1.07612 0.231137 -0.972921 0.00110691
-8.79146 33.2614 2.23571 0.231448 -0.972847 0.0011474
-8.76534 33.2682 3.37571 0.231468 -0.972841 -0.00102387
-8.73235 33.2751 4.73677 0.23515 -0.971957 0.00172805
-8.75734 33.2737 6.15008 0.236018 -0.971735 0.00510427
-7.77339 33.5162 6.731 0.232935 -0.972462 0.00681762
-6.57241 33.7974 6.77559 0.22624 -0.974066 0.00322911
-5.39296 34.0707 6.74088 0.228298 -0.973589 0.000866371
-4.10207 34.3707 6.71624 0.225722 -0.974191 -0.000337215
-2.79789 34.6794 6.77494 0.231546 -0.972812 -0.00465818
-1.64496 34.9624 6.78277 0.245624 -0.969314 -0.00989693
-0.788564 35.1831 6.7905 0.254928 -0.966935 -0.00631482
