-31.6934 30.1163 -3.63398 0.0333603 -0.99941 -0.00564018
-31.7408 30.11 -2.79081 0.0240225 -0.999692 -0.0059995
-31.5987 30.1067 -1.86045 0.0301829 -0.999502 -0.00913283
-31.6844 30.1011 -0.763087 0.0321931 -0.999481 -0.0014083
-31.6275 30.1048 0.0898444 0.034258 -0.999409 0.00271593
-31.4015 30.116 0.926562 0.0229145 -0.999737 0.000334036
-31.339 30.1159 2.00383 0.0294177 -0.999567 -8.33435e-05
-31.4951 30.1131 2.96336 0.0423512 -0.999088 0.00543771
-31.6326 30.1093 3.47804 0.0452043 -0.998976 0.00199116
-32.349 30.077 3.5359 0.0451723 -0.998978 0.0010223
-32.2071 30.0819 2.69872 0.0442748 -0.999011 0.00241177
-32.2011 30.0823 1.77441 0.0422912 -0.999103 -0.00214023
-32.2488 30.0828 0.766333 0.0417046 -0.999128 0.00169797
-32.4458 30.0729 -0.166773 0.042273 -0.999105 0.00143954
-32.3979 30.0761 -1.29501 0.0410932 -0.999154 -0.00126399
-32.4471 30.08 -2.18839 0.0379989 -0.999254 -0.00682037
-32.6203 30.0774 -3.16551 0.0434569 -0.999043 -0.00356897
-32.6204 30.0786 -3.60129 0.0437716 -0.999037 -0.00188893
-33.3965 30.0421 -3.6333 0.0476965 -0.998858 -0.00287937
-33.3825 30.0401 -2.72779 0.0469882 -0.99889 -0.00326145
-33.3874 30.0356 -1.77113 0.0492314 -0.998773 -0.00534925
-33.3644 30.0329 -0.855438 0.0472459 -0.998879 -0.00284702
-33.3773 30.0305 0.00104434 0.0492042 -0.998786 -0.00214228
-33.3874 30.0282 0.768033 0.0522585 -0.99863 -0.00251759
-33.359 30.0284 1.75504 0.0517076 -0.998657 -0.00262216
-33.065 30.0415 2.52331 0.0470478 -0.998893 -0.000107613
-33.2992 30.0286 3.27739 0.0541788 -0.998529 -0.00183897
-33.2573 30.0307 3.44406 0.0549983 -0.998486 -0.000355685
-34.1408 29.9808 3.53833 0.0575625 -0.99834 -0.00212484
-34.1632 29.9823 2.58319 0.055942 -0.99843 -0.0026597
-34.1364 29.9862 1.76883 0.0547542 -0.998494 -0.00352576
-34.1271 29.9893 0.770565 0.053427 -0.998569 -0.00246049
-34.1584 29.9904 -0.123579 0.0529077 -0.998592 -0.00370351
-34.1544 29.9944 -1.19487 0.0512679 -0.998678 -0.00368338
-34.1366 30 -2.06923 0.0512039 -0.998674 -0.00515253
-34.1078 30.0056 -2.90771 0.0512736 -0.998675 -0.00439023
-34.1754 30.0036 -3.45445 0.052238 -0.998632 -0.0022707
-34.9493 29.9621 -3.29778 0.054128 -0.998529 -0.00312595
-34.9824 29.9554 -2.20694 0.0540036 -0.998529 -0.00491193
-34.9793 29.9508 -1.19424 0.0539379 -0.998534 -0.00455015
-35.0743 29.942 -0.325335 0.0541118 -0.998527 -0.00396543
-34.9293 29.946 0.708738 0.0548148 -0.998491 -0.00318532
-34.9235 29.9434 1.61388 0.0556661 -0.998442 -0.00378357
-34.9704 29.9369 2.657 0.0565652 -0.998389 -0.00442811
-34.9554 29.9341 3.57346 0.0574559 -0.998339 -0.00417714
-35.7622 29.8888 3.28518 0.0568072 -0.998372 -0.00518822
-35.7417 29.8941 2.4418 0.0566207 -0.998385 -0.00466228
-35.6918 29.9005 1.58865 0.0558043 -0.998435 -0.00366769
-35.767 29.9008 0.626097 0.0535166 -0.998557 -0.00449567
-35.8689 29.8993 -0.391459 0.053573 -0.998556 -0.00388833
-35.7649 29.9092 -1.37177 0.0541018 -0.998524 -0.00476717
-35.7459 29.9157 -2.51495 0.0525529 -0.998609 -0.00435631
-35.7248 29.92 -3.20694 0.0530934 -0.998581 -0.00408516
-30.9978 30.1431 4.64776 0.0460102 -0.998928 0.00496692
-30.0367 30.1749 4.03348 0.0345197 -0.999358 0.0095839
-30.0738 30.162 2.80378 0.0233265 -0.999667 0.0103591
-30.1032 30.1458 1.46553 0.0189887 -0.999777 0.00791856
-30.0028 30.1432 0.308656 0.0136679 -0.999904 0.00210079
-29.9589 30.135 -1.07577 0.00693993 -0.999957 0.00609003
-30.0265 30.1324 -2.25663 0.00191322 -0.999986 0.00135843
-30.0559 30.1391 -3.42688 0.000997779 -0.99994 -0.00969018
-30.1843 30.1488 -4.52332 0.000829275 -0.999952 -0.00842001
-31.4911 30.1278 -4.73745 0.0364564 -0.999325 -0.00286695
-32.6086 30.0829 -4.71448 0.0437758 -0.999026 -0.00481371
-33.7472 30.029 -4.67213 0.049019 -0.998788 -0.0044179
-34.9706 29.965 -4.65918 0.0532203 -0.998577 -0.00344974
-36.0573 29.9079 -4.6574 0.0503231 -0.998729 -0.00261566
-37.1424 29.8544 -4.28075 0.0441858 -0.999014 -0.00426322
-37.239 29.8451 -3.08106 0.042565 -0.999077 -0.00563642
-37.2453 29.8378 -1.74595 0.0464553 -0.998907 -0.00521956
-37.2908 29.829 -0.646216 0.0457622 -0.998923 -0.00767842
-37.2325 29.8245 0.625037 0.0457869 -0.998932 -0.00624453
-37.2285 29.8157 2.06987 0.0519181 -0.99862 -0.00789595
-37.2123 29.807 3.3572 0.0535811 -0.998539 -0.00691216
-37.0618 29.8087 4.43789 0.0560427 -0.998409 -0.00623363
-35.9336 29.8716 4.66106 0.0578715 -0.998307 -0.00577551
-34.5902 29.951 4.66503 0.0591622 -0.998239 -0.00444
-33.2953 30.0265 4.68023 0.0577207 -0.998325 -0.00389517
-32.1555 30.0864 4.66978 0.0493841 -0.998779 -0.000340082
-31.1158 30.1376 4.65649 0.0481254 -0.99883 0.00451036
-31.1087 30.138 5.72462 0.0485213 -0.998803 0.00621548
-30.02 30.1893 5.68317 0.0399506 -0.999168 0.00541399
-28.939 30.2193 5.16892 0.0300326 -0.999434 0.0150577
-28.9221 30.2045 4.09854 0.0203627 -0.999708 0.0129853
-29.0064 30.1854 2.92048 0.0189202 -0.999703 0.0153779
-29.0646 30.1661 1.55915 0.0139279 -0.999831 0.011852
-28.9385 30.1537 0.442225 0.0056472 -0.999854 0.0156962
-28.8949 30.1436 -0.734966 0.00490087 -0.999964 0.00696994
-28.9714 30.1361 -1.82712 0.000321214 -0.999973 0.00733828
-28.9844 30.1324 -3.08505 -0.00608409 -0.999972 -0.00189779
-28.9764 30.1413 -4.37211 -0.0111652 -0.999885 -0.0101853
-29.2229 30.1551 -5.55295 -0.00563106 -0.999908 -0.0123353
-30.5258 30.1541 -5.76488 0.0144122 -0.999855 -0.00908247
-31.7218 30.1259 -5.77762 0.0361635 -0.99932 -0.00720177
-32.9333 30.0738 -5.75582 0.0463108 -0.99891 -0.00570471
-34.0176 30.0197 -5.70236 0.05392 -0.99854 -0.00308012
-35.2882 29.9501 -5.73742 0.0554727 -0.998459 -0.000812637
-36.3668 29.8931 -5.7561 0.0513203 -0.998679 0.00212362
-37.5908 29.8348 -5.69636 0.0440142 -0.999001 0.0076791
-38.2732 29.808 -4.81223 0.0402966 -0.999186 -0.000106293
-38.291 29.8038 -3.70811 0.0403355 -0.99918 -0.00353961
-38.3101 29.797 -2.59721 0.0408938 -0.999144 -0.00615412
-38.3147 29.7894 -1.45507 0.0409877 -0.999138 -0.00656551
-38.303 29.7799 0.000311059 0.0435744 -0.999029 -0.00649662
-38.2993 29.7698 1.24305 0.0449611 -0.998953 -0.0084348
-38.3007 29.7557 2.66945 0.050932 -0.998663 -0.00883199
-38.2626 29.7483 3.75377 0.0517339 -0.998623 -0.00874772
-38.2083 29.742 4.94767 0.0546209 -0.998489 -0.00594123
-37.6805 29.767 5.70135 0.0564448 -0.998384 -0.00644773
-36.317 29.8436 5.71558 0.0570263 -0.998355 -0.00592645
-35.2424 29.9076 5.72476 0.0593965 -0.998225 -0.00423949
-33.9719 29.9831 5.70796 0.0592367 -0.998235 -0.00411345
-32.7964 30.0503 5.71293 0.0554486 -0.998452 -0.00413905
-31.7046 30.1087 5.71227 0.0547794 -0.998498 0.000644198
-31.6579 30.1113 5.7142 0.0519242 -0.998635 0.0035219
-31.6014 30.1172 6.78601 0.0555784 -0.998401 0.0102996
-33.0693 30.0289 6.77687 0.0571881 -0.998318 -0.0090686
-34.1736 29.9676 6.74954 0.0564588 -0.998398 -0.00364666
-35.5268 29.8862 6.7868 0.0606654 -0.998153 -0.00330699
-36.6806 29.8151 6.78006 0.0602272 -0.998139 -0.00906946
-37.8093 29.7494 6.79137 0.0621172 -0.997835 -0.0215202
-39.1523 29.6832 6.66088 0.0470773 -0.998774 -0.01256
-39.3465 29.6784 5.45991 0.0535559 -0.998542 -0.0068096
-39.3415 29.6881 4.19512 0.0521553 -0.998594 -0.00950389
-39.3686 29.6979 3.11121 0.0497417 -0.998694 -0.0116415
-39.3713 29.7131 1.83251 0.0479364 -0.998759 -0.0134693
-39.3272 29.729 0.747101 0.0414777 -0.999091 -0.00985034
-39.3696 29.7415 -0.689147 0.0389246 -0.999195 -0.00971226
-39.3898 29.75 -1.76828 0.0374185 -0.999253 -0.00967754
-39.3605 29.7615 -3.06737 0.0328576 -0.999431 -0.00760094
-39.357 29.77 -4.25388 0.0281593 -0.999595 -0.00395908
-39.3714 29.7679 -5.35088 0.0323994 -0.999464 0.00447514
-39.2121 29.7698 -6.54061 0.0277682 -0.999609 0.00061513
-37.8788 29.8143 -6.77523 0.0446763 -0.998958 0.00589662
-36.7834 29.8664 -6.77908 0.0503521 -0.998658 0.0120964
-35.6328 29.9304 -6.81959 0.0561599 -0.998417 -0.00273115
-34.5631 29.9896 -6.79076 0.0575284 -0.998336 0.00355401
-33.1333 30.0729 -6.80365 0.0510675 -0.998634 -0.0102613
-31.9528 30.1241 -6.82137 0.0344216 -0.999369 -0.00857173
-30.5067 30.1655 -6.82001 0.0150775 -0.999805 -0.0127814
-29.3927 30.183 -6.79441 0.0113624 -0.999515 -0.0273822
-28.0541 30.1622 -6.54074 -0.0391024 -0.99861 -0.0353332
-27.918 30.1337 -5.40505 -0.0208618 -0.99974 -0.00907936
-27.9014 30.1255 -4.17789 -0.0156847 -0.999824 -0.0102692
-27.918 30.1153 -2.97615 -0.0258686 -0.99963 -0.00838557
-27.9075 30.1206 -1.80408 -0.0228368 -0.999639 0.0139032
-27.8708 30.1372 -0.729407 -0.00872361 -0.999824 0.0163826
-27.888 30.1551 0.573334 -0.00365521 -0.999917 0.0123621
-27.9559 30.1744 1.83238 -0.0027128 -0.999796 0.0195967
-27.9427 30.2023 2.97625 0.0109925 -0.999647 0.0237407
-27.8742 30.2271 4.19416 0.0191563 -0.999592 0.0211615
-27.8863 30.2513 5.62756 0.021549 -0.999621 0.017144
-28.2216 30.2707 6.71289 0.0127469 -0.999464 0.0295618
-29.3554 30.2351 6.79861 0.0425694 -0.998739 0.0265932
-30.6913 30.1664 6.77778 0.0496519 -0.998714 0.0102035
-31.4181 30.1273 6.78572 0.0557161 -0.998401 0.00952265
