36.3681 35.8069 3.14294 -0.312362 -0.949961 -0.0013682
36.2413 35.8498 2.21382 -0.314629 -0.949209 -0.0031746
36.1713 35.8753 1.11953 -0.313594 -0.949538 -0.000326504
36.2409 35.8489 0.231876 -0.322239 -0.946658 0.00101852
36.3111 35.8248 -0.699759 -0.318666 -0.947867 0.00115262
36.3457 35.8121 -1.77782 -0.319891 -0.94742 0.000832062
36.3638 35.8062 -2.62207 -0.324892 -0.945747 -0.00269822
36.3599 35.8105 -3.22233 -0.322758 -0.946454 -0.00718705
35.5988 36.0647 -3.31747 -0.307149 -0.951661 1.17782e-05
35.6167 36.0552 -2.41014 -0.311044 -0.950376 -0.00608607
35.6265 36.0481 -1.48003 -0.311583 -0.950218 -0.0015922
35.5787 36.0646 -0.564692 -0.309203 -0.950986 0.00422221
35.5475 36.0788 0.325137 -0.308717 -0.95115 0.00185461
35.4255 36.115 1.23356 -0.305773 -0.952099 -0.000378186
35.5057 36.0903 2.09738 -0.308584 -0.951196 -0.00093262
35.6481 36.0416 3.18946 -0.307774 -0.951459 -0.000806202
35.6448 36.0426 3.31295 -0.3081 -0.951354 -0.000779001
34.9012 36.2807 3.38679 -0.303494 -0.952833 -0.000413827
34.8772 36.2902 2.55536 -0.299683 -0.954029 -0.00126128
34.6994 36.3448 1.62544 -0.299959 -0.953949 0.00150133
34.8031 36.314 0.602743 -0.296705 -0.954952 -0.00570066
34.8002 36.3159 -0.339124 -0.297923 -0.954558 0.00217487
34.9249 36.2744 -1.2253 -0.304523 -0.9525 -0.00299964
34.8791 36.2925 -2.03473 -0.296184 -0.955121 -0.00430328
34.8753 36.296 -2.95047 -0.297854 -0.954612 -4.64025e-05
34.789 36.3229 -3.36278 -0.296666 -0.954979 0.00119292
34.0748 36.5397 -3.18228 -0.286534 -0.95807 -0.000521993
34.0771 36.5386 -2.33628 -0.288444 -0.957497 0.000213097
34.0769 36.5385 -1.52229 -0.295536 -0.955327 -0.00193756
34.0748 36.5362 -0.708624 -0.288324 -0.957524 -0.00409206
34.0748 36.5357 0.125025 -0.287798 -0.957691 -0.000269504
34.0725 36.5358 1.03067 -0.286704 -0.958019 -0.000612507
34.0683 36.5377 2.02585 -0.287548 -0.957765 0.00057658
34.0748 36.5357 2.87289 -0.288234 -0.957559 0.00141269
34.0748 36.5367 3.32588 -0.288487 -0.957482 0.0012309
33.3058 36.7663 3.28491 -0.278333 -0.960485 -0.000366202
33.2559 36.7804 2.46804 -0.281005 -0.959705 0.00152733
33.3028 36.7643 1.65105 -0.281389 -0.95959 0.00272935
33.295 36.768 0.66285 -0.282826 -0.959168 -0.00230538
33.2291 36.7885 -0.250097 -0.283672 -0.958921 -5.98591e-05
33.2985 36.7691 -1.14438 -0.283759 -0.958892 -0.00271941
33.2623 36.7816 -2.02376 -0.281116 -0.959674 -7.41464e-06
33.2406 36.7878 -2.86975 -0.284045 -0.95881 -0.00101988
33.1636 36.8113 -3.2985 -0.2829 -0.959147 -0.00200841
32.3405 37.0493 -3.30341 -0.274455 -0.961599 -0.00139718
32.3797 37.0363 -2.37818 -0.274109 -0.961697 -0.00176192
32.4606 37.0146 -1.36624 -0.272266 -0.962218 0.00157515
32.41 37.0261 -0.553708 -0.272839 -0.962057 -0.00215631
32.4738 37.0069 0.453593 -0.277258 -0.960792 0.00274294
32.4806 37.0048 1.29102 -0.275417 -0.961322 -0.00245288
32.4199 37.0224 2.17641 -0.275171 -0.961394 0.000875548
32.423 37.0211 3.1556 -0.275902 -0.961185 0.000569746
31.6561 37.238 3.22423 -0.268948 -0.963155 -0.000102625
31.6377 37.2441 2.41323 -0.268643 -0.963237 -0.00253187
31.6553 37.2388 1.42108 -0.269164 -0.963093 0.00122869
31.6357 37.2436 0.544105 -0.271966 -0.962307 0.000511627
31.6122 37.2512 -0.346184 -0.270863 -0.962614 -0.0020865
31.596 37.2576 -1.43862 -0.26892 -0.96316 -0.00198563
31.5726 37.2651 -2.28585 -0.271602 -0.962408 -0.00150032
31.5581 37.2694 -2.71217 -0.269727 -0.962936 -0.00128992
37.5721 35.3841 -1.87741 -0.33439 -0.94243 0.00218623
37.5704 35.3879 -0.682411 -0.339699 -0.940532 0.00214413
37.5931 35.386 0.747287 -0.337881 -0.941167 0.00620579
37.559 35.4013 2.092 -0.330636 -0.943745 -0.00476308
37.5624 35.4 3.30677 -0.334641 -0.94234 0.00249165
37.2589 35.5075 4.44182 -0.334324 -0.942451 -0.00343445
36.091 35.8969 4.48879 -0.313305 -0.949642 0.000539788
34.9357 36.2687 4.51803 -0.299439 -0.954114 0.000771971
33.782 36.625 4.53823 -0.289238 -0.957248 0.0010648
32.6925 36.9457 4.51674 -0.276066 -0.961138 -0.00116257
31.3587 37.3203 4.48177 -0.267308 -0.963611 -5.56002e-05
30.3779 37.5904 4.16643 -0.263556 -0.964644 -0.000800986
30.2892 37.6152 2.99778 -0.262998 -0.964796 -0.000646688
30.317 37.6089 1.66273 -0.263889 -0.964553 -0.000745957
30.2784 37.6204 0.464732 -0.264408 -0.96441 -0.00130558
30.2911 37.6181 -0.711894 -0.266681 -0.963784 -0.000878958
30.3057 37.616 -1.86585 -0.266166 -0.963925 -0.00183898
30.3438 37.6073 -3.04913 -0.264445 -0.964401 -0.000290912
30.5016 37.5653 -4.37919 -0.264827 -0.964293 -0.00212703
31.7615 37.216 -4.53029 -0.269951 -0.962872 -0.00214204
32.8621 36.9022 -4.5148 -0.281184 -0.959653 -0.000583853
33.98 36.5704 -4.52895 -0.289179 -0.957272 -0.00163014
35.1199 36.2197 -4.55453 -0.299878 -0.953977 -0.00121853
36.2551 35.8525 -4.51903 -0.315646 -0.948848 -0.00524308
37.4445 35.4339 -4.3176 -0.337993 -0.941119 -0.00733796
37.5519 35.3925 -2.86035 -0.337449 -0.941343 -0.00152362
37.5713 35.3844 -2.1024 -0.33353 -0.942739 0.000237932
38.6028 35.0086 -2.23998 -0.345501 -0.938408 -0.00432556
38.5759 35.0187 -3.67656 -0.356058 -0.934462 0.000739967
38.5588 35.025 -4.83247 -0.353279 -0.935512 -0.0032512
38.0744 35.2096 -5.68492 -0.344763 -0.938678 -0.00373458
36.8647 35.6445 -5.65635 -0.33135 -0.943506 -0.0019373
35.7296 36.0282 -5.64193 -0.311035 -0.950386 -0.00391683
34.618 36.3792 -5.66988 -0.293733 -0.955882 -0.00305237
33.5379 36.7061 -5.67397 -0.285515 -0.958367 -0.00366161
32.4683 37.0177 -5.64282 -0.274779 -0.961499 -0.00362056
31.3291 37.3394 -5.66982 -0.266588 -0.963805 -0.00329363
29.8592 37.7434 -5.62119 -0.262988 -0.964798 -0.00141931
29.2497 37.9079 -4.87551 -0.261516 -0.965198 -0.00129863
29.2781 37.8986 -3.39285 -0.263243 -0.964729 -0.000394446
29.2203 37.9138 -2.02178 -0.261667 -0.965158 -0.000669474
29.2046 37.9157 -0.763087 -0.263194 -0.964739 -0.00257923
29.1983 37.915 0.503889 -0.261339 -0.965246 -0.00159743
29.2306 37.9048 1.6209 -0.261222 -0.965278 -0.00107024
29.2236 37.9052 2.88971 -0.26181 -0.965118 -0.00144759
29.2318 37.9018 4.26541 -0.261203 -0.965284 -0.000123388
29.3428 37.8721 5.45838 -0.261153 -0.965297 0.000653486
30.651 37.5158 5.60252 -0.264377 -0.964417 0.00215205
31.7272 37.2178 5.59151 -0.269506 -0.962997 0.00129384
32.8192 36.9106 5.63283 -0.278591 -0.960406 0.00186841
34.2216 36.4927 5.65055 -0.292199 -0.956355 0.00215245
35.468 36.1023 5.6138 -0.303243 -0.952912 0.00145879
36.8389 35.6507 5.58645 -0.320166 -0.947317 0.00920392
37.9078 35.2783 5.61034 -0.333723 -0.942653 0.00575255
38.5959 35.0268 4.82586 -0.343094 -0.939297 0.00273011
38.5994 35.0275 3.51691 -0.343123 -0.939283 -0.00362846
38.6127 35.0227 2.27459 -0.344113 -0.93892 0.00243263
38.6236 35.0147 0.951283 -0.345686 -0.938339 0.00445381
38.61 35.0136 -0.177907 -0.344555 -0.938753 0.00409583
38.6169 35.0053 -1.42186 -0.346005 -0.938223 0.00401339
38.609 35.0054 -2.02198 -0.346665 -0.93798 -0.000177233
39.6598 34.6111 -1.99539 -0.350072 -0.936683 0.00863023
39.6361 34.6118 -3.20364 -0.363148 -0.931728 0.00237403
39.6211 34.6183 -4.5727 -0.364371 -0.931244 -0.00315619
39.6921 34.5924 -5.80292 -0.364906 -0.93104 0.00276648
39.142 34.8081 -6.76229 -0.362986 -0.931773 -0.00623644
38.0624 35.2272 -6.80057 -0.350725 -0.936331 -0.0147865
36.8962 35.6442 -6.77193 -0.327057 -0.944826 -0.0175334
35.3767 36.1509 -6.7889 -0.300791 -0.95361 -0.0116331
34.2672 36.4937 -6.79258 -0.289416 -0.957085 -0.0132138
33.192 36.8128 -6.80516 -0.284256 -0.958717 -0.00768031
32.0345 37.146 -6.79137 -0.272203 -0.962226 -0.00506174
30.9476 37.4487 -6.79441 -0.264809 -0.964293 -0.00382207
29.8326 37.7534 -6.78364 -0.261977 -0.965071 -0.00241909
28.727 38.052 -6.78549 -0.260286 -0.96553 -0.00136442
28.2054 38.1909 -5.75349 -0.25997 -0.965616 -0.00113728
28.1507 38.2041 -4.44266 -0.259062 -0.96586 -0.000866237
28.1987 38.1909 -2.92831 -0.260614 -0.965443 -0.000344501
28.1527 38.202 -1.47415 -0.260887 -0.965369 -0.00122466
28.1423 38.2024 -0.297042 -0.260808 -0.965387 -0.00259356
28.1034 38.2101 1.02672 -0.260662 -0.965429 -0.00167686
28.1692 38.1907 2.28833 -0.260303 -0.965526 -0.00112614
28.1167 38.2034 3.59045 -0.260425 -0.965493 -0.00127358
28.1581 38.1916 4.76064 -0.260235 -0.965545 -0.000477791
28.1411 38.1955 5.93406 -0.259299 -0.965797 -0.000228127
28.7928 38.0206 6.73451 -0.259231 -0.965815 0.00083596
30.0722 37.6765 6.76388 -0.260201 -0.96555 0.00281925
31.275 37.347 6.7282 -0.268502 -0.963272 0.00358455
32.6442 36.9628 6.75089 -0.273165 -0.961954 0.00447418
34.0245 36.5614 6.75466 -0.289226 -0.957197 0.0109092
35.2988 36.1651 6.75931 -0.302252 -0.95318 0.00959838
36.4905 35.778 6.73151 -0.315577 -0.948784 0.0147866
37.6779 35.3737 6.74243 -0.326545 -0.945016 0.0176642
38.8213 34.9562 6.70877 -0.356017 -0.9344 0.0121481
39.6375 34.6414 5.84799 -0.35696 -0.934114 -0.00029419
39.6671 34.6325 4.70288 -0.345726 -0.938334 0.00132205
39.6514 34.641 3.56326 -0.346021 -0.938226 -0.00136833
39.6367 34.6447 2.37511 -0.348572 -0.937265 0.00557061
39.6643 34.6284 1.25882 -0.349461 -0.936938 0.00498357
39.6324 34.6331 0.110548 -0.354395 -0.935083 0.00488585
39.6677 34.6141 -1.05655 -0.352715 -0.935722 0.00393949
39.6735 34.6103 -1.51708 -0.350732 -0.936455 0.00543331
