-31.1588 30.5968 -3.04626 0.0176127 -0.999836 -0.00406034
-31.2448 30.5925 -2.12114 0.0179894 -0.999835 -0.00047495
-31.3231 30.5902 -1.01019 0.0280151 -0.999605 -0.00118425
-31.2408 30.5921 -0.0372245 0.0277429 -0.999609 0.00186783
-31.3708 30.591 0.881832 0.020818 -0.999781 -0.000121815
-31.3059 30.5909 1.90408 0.0251635 -0.999679 -0.00205775
-31.1292 30.5979 2.75155 0.0325204 -0.999464 0.00384681
-31.8861 30.573 3.45308 0.0394213 -0.999222 0.000723513
-31.8995 30.5709 2.50805 0.0346023 -0.999401 -0.000819632
-32.1672 30.5625 1.62452 0.0367681 -0.999321 -0.00189637
-32.0368 30.5693 0.60617 0.0360429 -0.999344 -2.26436e-05
-31.9357 30.5718 -0.304492 0.029743 -0.999557 0.000993888
-32.117 30.5674 -1.16472 0.0318971 -0.999485 -0.00113254
-31.9597 30.5776 -2.12676 0.0227329 -0.999716 -0.00630512
-31.9477 30.5798 -3.10815 0.0251978 -0.999679 -0.00253989
-31.9874 30.5803 -3.46453 0.0271319 -0.999618 -0.00518759
-32.7652 30.5529 -3.465 0.0397876 -0.999205 -0.00260617
-32.69 30.5551 -2.39264 0.0358945 -0.999355 -0.000829957
-32.9758 30.5394 -1.5956 0.0430682 -0.999062 -0.00445695
-32.777 30.5427 -0.796413 0.0369501 -0.999315 -0.00168757
-32.6701 30.5461 0.10929 0.0377304 -0.999286 -0.00129648
-32.8033 30.5384 0.931455 0.0420554 -0.999112 -0.00223827
-32.7692 30.5369 2.09192 0.0430513 -0.999071 -0.00170397
-32.6669 30.5415 3.02545 0.0421734 -0.99911 0.000214598
-32.7955 30.5363 3.46483 0.0440956 -0.999026 -0.000219297
-33.589 30.4981 3.39918 0.0501418 -0.99874 -0.00203693
-33.589 30.4987 2.53165 0.0466989 -0.998906 -0.0016206
-33.589 30.5014 1.48654 0.0467969 -0.998903 -0.00180991
-33.589 30.5055 0.365694 0.0478828 -0.998845 -0.00392935
-33.589 30.5088 -0.661046 0.0450233 -0.998979 -0.00336338
-33.589 30.5126 -1.66852 0.0456583 -0.998943 -0.00533726
-33.589 30.5169 -2.52737 0.0439193 -0.999028 -0.00384685
-33.589 30.5191 -3.46351 0.0419968 -0.999116 -0.00186972
-34.3187 30.4862 -3.32702 0.0470625 -0.99889 -0.00215535
-34.4096 30.4788 -2.50224 0.047363 -0.998864 -0.00512802
-34.37 30.4769 -1.677 0.0486806 -0.998802 -0.00493715
-34.3698 30.4729 -0.862679 0.0487649 -0.998797 -0.00504829
-34.293 30.473 -0.0596911 0.0485643 -0.998811 -0.00415682
-34.4141 30.4635 0.975231 0.0486049 -0.998813 -0.00310888
-34.3366 30.4638 2.19589 0.0501643 -0.998735 -0.0034312
-34.338 30.4609 3.10942 0.0509218 -0.998698 -0.00292188
-34.375 30.458 3.49382 0.0524792 -0.998617 -0.00321841
-35.0941 30.4199 3.52876 0.0529075 -0.998591 -0.00406069
-35.1798 30.419 2.65803 0.0518876 -0.998644 -0.00427397
-35.2439 30.4194 1.71782 0.0512113 -0.998682 -0.00331208
-35.2035 30.4248 0.775167 0.050402 -0.998723 -0.00334218
-35.1039 30.4344 -0.358228 0.0494409 -0.998768 -0.00428473
-35.1437 30.4373 -1.28705 0.0490463 -0.998782 -0.00535694
-35.2162 30.439 -2.32891 0.0485571 -0.99881 -0.00455923
-35.0689 30.4502 -3.23492 0.0490553 -0.998789 -0.00370465
-35.1157 30.4488 -3.58052 0.0482823 -0.998831 -0.00218219
-35.853 30.4125 -3.25976 0.046142 -0.998929 -0.003509
-35.9661 30.4028 -2.23846 0.0471267 -0.998877 -0.00490535
-35.9422 30.3993 -1.41069 0.0465453 -0.998901 -0.00541902
-35.88 30.3965 -0.380865 0.0483525 -0.998816 -0.00538517
-35.943 30.3893 0.498759 0.049086 -0.998784 -0.0045253
-36.0339 30.3806 1.3694 0.0486806 -0.998804 -0.00460837
-35.9989 30.3785 2.23164 0.0512626 -0.998677 -0.0039913
-35.8706 30.3801 3.27122 0.0519457 -0.998636 -0.00532017
-35.8547 30.3803 3.38278 0.0523431 -0.998615 -0.00535047
-29.9974 30.6346 3.55971 0.024256 -0.999689 0.00546471
-30.3925 30.6303 4.53748 0.0278263 -0.999591 0.00650362
-31.4993 30.5898 4.58701 0.041936 -0.999119 0.00115559
-32.7458 30.5374 4.56668 0.0448731 -0.998988 -0.00132658
-34.045 30.4722 4.60593 0.0534594 -0.998562 -0.00399412
-35.3198 30.4032 4.61488 0.0538178 -0.998538 -0.00509016
-36.6297 30.3338 4.54899 0.0523007 -0.998618 -0.00520531
-37.2186 30.3075 3.80467 0.0498479 -0.998743 -0.0053118
-37.2507 30.3133 2.68545 0.0484607 -0.998799 -0.0072346
-37.2045 30.325 1.32647 0.046794 -0.998894 -0.00467968
-37.2436 30.3298 0.153978 0.042676 -0.999071 -0.00593851
-37.243 30.3391 -1.1451 0.0421442 -0.999088 -0.00658932
-37.2676 30.3447 -2.35506 0.0428012 -0.999072 -0.00486745
-37.3236 30.3489 -3.62232 0.0394149 -0.999213 -0.00442549
-36.5691 30.3835 -4.66832 0.0436234 -0.999045 -0.000993992
-35.2618 30.4439 -4.65732 0.0478083 -0.998856 -0.000673013
-33.9796 30.5048 -4.64112 0.045542 -0.998961 -0.000599958
-32.896 30.5509 -4.61946 0.0403431 -0.999181 -0.00293382
-31.784 30.591 -4.58467 0.0295981 -0.999545 -0.00559599
-30.5518 30.6145 -4.56581 0.00656943 -0.999974 -0.000318514
-29.9757 30.6091 -3.81058 -0.00127988 -0.99997 -0.0075053
-30.0034 30.6058 -2.58471 -0.00389371 -0.999989 -0.0023451
-30.0264 30.6047 -1.38192 0.00177725 -0.999997 0.00146044
-29.9292 30.6102 -0.0982282 0.00228719 -0.999958 0.00882636
-29.8988 30.6156 0.99842 0.0117039 -0.999926 0.00289601
-29.957 30.6231 2.1269 0.0170401 -0.999801 0.0104188
-30.0005 30.633 3.14896 0.0260596 -0.999649 0.00451095
-28.9205 30.6478 3.10408 0.00872075 -0.999845 0.0152544
-28.8693 30.6339 1.9474 0.00873437 -0.999912 0.00991347
-28.8467 30.6213 0.839032 -0.00274562 -0.999885 0.0147384
-28.8574 30.6079 -0.346547 -0.00682306 -0.999953 0.0069205
-28.9354 30.6013 -1.52971 -0.00913251 -0.999942 0.00551836
-28.9102 30.5993 -2.64723 -0.0117721 -0.999917 -0.00241027
-28.8887 30.6008 -3.8819 -0.0153291 -0.999875 -0.00322936
-28.9831 30.6133 -5.42016 -0.013167 -0.999751 -0.015737
-30.1986 30.6212 -5.70634 0.00816652 -0.999909 -0.0105269
-31.4654 30.6036 -5.65887 0.0250679 -0.999682 -0.00132154
-32.545 30.5681 -5.68356 0.0396177 -0.999188 -0.00737217
-33.7275 30.5174 -5.70593 0.0453748 -0.99897 -0.000754205
-35.2243 30.4462 -5.73881 0.0485488 -0.99882 0.00107831
-36.3001 30.3954 -5.75343 0.0450679 -0.99898 0.00280216
-37.6206 30.3385 -5.71244 0.0394608 -0.999216 0.00330877
-38.3544 30.3134 -5.05052 0.0355319 -0.999367 0.00152305
-38.3898 30.3086 -3.83737 0.0377909 -0.999279 -0.003535
-38.3607 30.3036 -2.67096 0.0359257 -0.999339 -0.00491901
-38.3604 30.2963 -1.47934 0.0370405 -0.999289 -0.00702012
-38.3588 30.2884 -0.367182 0.0391656 -0.99921 -0.00668461
-38.3306 30.2787 1.00246 0.0405502 -0.99914 -0.00866869
-38.3361 30.2672 2.16488 0.0423646 -0.999044 -0.0108303
-38.3301 30.2556 3.51218 0.045665 -0.998922 -0.00832501
-38.3187 30.2468 4.63934 0.0494064 -0.998754 -0.00691327
-37.8042 30.2674 5.5857 0.0509111 -0.998688 -0.0054866
-36.6384 30.3269 5.68026 0.0532441 -0.998569 -0.00507015
-35.5098 30.3874 5.69282 0.0545665 -0.998495 -0.00541858
-34.3099 30.4533 5.65713 0.0545856 -0.998499 -0.00449563
-33.1534 30.5141 5.62971 0.0507213 -0.998702 -0.00459487
-32.0233 30.5665 5.65885 0.0448571 -0.998989 -0.00259853
-30.8391 30.6168 5.65817 0.0412833 -0.999141 0.00321957
-29.6403 30.6598 5.65676 0.031134 -0.999452 0.0111866
-28.8824 30.6693 4.83539 0.0241756 -0.999637 0.0114812
-28.9034 30.6536 3.55732 0.0132725 -0.999835 0.0123131
-28.9046 30.6527 3.49163 0.0123793 -0.999843 0.012601
-27.8497 30.6617 3.34692 0.0115442 -0.999791 0.016872
-27.7844 30.6389 2.08331 0.0014516 -0.999861 0.0166166
-27.7542 30.6174 0.90131 -0.00437469 -0.999671 0.0250354
-27.7939 30.5965 -0.368348 -0.0113859 -0.999872 0.0111861
-27.8308 30.583 -1.508 -0.0203635 -0.999737 0.0105545
-27.8336 30.5761 -2.84509 -0.026554 -0.999622 0.00486485
-27.8179 30.5824 -4.20129 -0.0248849 -0.999664 -0.00715651
-27.8062 30.5907 -5.4261 -0.0235299 -0.999606 -0.0152837
-28.014 30.6205 -6.68615 -0.0358601 -0.999125 -0.0213863
-29.402 30.6493 -6.81022 0.00887634 -0.999501 -0.0274144
-30.7075 30.6284 -6.76045 0.0140796 -0.999761 -0.0167061
-31.8626 30.6033 -6.754 0.0364752 -0.99919 -0.0168632
-33.0695 30.5538 -6.79919 0.0484148 -0.998756 -0.01185
-34.2527 30.4936 -6.76579 0.0505071 -0.998722 0.00171174
-35.4164 30.4352 -6.83454 0.0500273 -0.998747 0.00102872
-36.5082 30.3814 -6.81812 0.0507235 -0.998682 0.00567495
-37.73 30.3314 -6.81876 0.0394606 -0.999216 0.00323732
-39.0777 30.2862 -6.75627 0.024734 -0.999687 0.00358316
-39.4517 30.2778 -5.83253 0.0282174 -0.999597 0.00317327
-39.4277 30.2798 -4.61952 0.0244042 -0.999683 -0.0059431
-39.4484 30.2714 -3.30781 0.0312705 -0.999482 -0.00762302
-39.4078 30.2656 -2.13502 0.0311716 -0.999477 -0.00825732
-39.4498 30.2545 -1.01191 0.0341194 -0.999385 -0.0080923
-39.4466 30.2422 0.319894 0.0352285 -0.999318 -0.0109162
-39.3918 30.2313 1.46797 0.0405435 -0.999075 -0.0141851
-39.4259 30.2151 2.68496 0.0429316 -0.999015 -0.0112276
-39.4044 30.2044 3.78293 0.0449643 -0.99894 -0.00983406
-39.4252 30.1933 5.03959 0.0454336 -0.998945 -0.00665605
-39.4691 30.1841 6.14328 0.0433094 -0.99905 -0.00244632
-38.3706 30.2264 6.73955 0.046546 -0.998797 -0.0151784
-37.1434 30.2958 6.73565 0.0510278 -0.99869 -0.0037785
-36.0439 30.3529 6.77851 0.0505549 -0.998704 -0.00545182
-34.7819 30.4219 6.76645 0.0574688 -0.998338 -0.00424574
-33.6346 30.4846 6.77385 0.0524802 -0.998615 -0.00370647
-32.3964 30.5467 6.72088 0.0469409 -0.998896 -0.00178086
-31.0742 30.6108 6.78979 0.049653 -0.99874 0.00509156
-29.8659 30.6692 6.75271 0.0439764 -0.998797 0.0210373
-28.5136 30.7218 6.78474 0.0324291 -0.999002 0.0306899
-27.8475 30.7065 5.93859 0.0165182 -0.999531 0.0257832
-27.7862 30.6852 4.68359 0.0153842 -0.999753 0.0160101
-27.8286 30.6657 3.56606 0.0118367 -0.999785 0.0170433
