-1.24032 35.626 -3.48318 0.259819 -0.965657 -0.000758785
-1.07324 35.6686 -2.42577 0.264666 -0.96432 0.000378581
-1.12732 35.6514 -1.43356 0.260277 -0.965531 -0.000662482
-1.34113 35.5953 -0.545158 0.257488 -0.966278 0.00231117
-1.23972 35.6209 0.444792 0.261479 -0.965206 -0.00249304
-1.24394 35.6195 1.42128 0.263935 -0.964517 0.00296031
-1.19592 35.6351 2.37825 0.263436 -0.964672 -0.00131424
-1.20624 35.6302 3.27968 0.258681 -0.965942 -0.00517693
-1.21405 35.6277 3.36958 0.255902 -0.966689 -0.00516998
-2.09303 35.3961 3.48908 0.247926 -0.968777 -0.00159091
-1.97956 35.4272 2.59224 0.252348 -0.967634 0.00224095
-2.02437 35.4135 1.64979 0.254485 -0.967073 0.00265319
-2.06065 35.4017 0.774844 0.256793 -0.966462 -0.00295432
-1.92447 35.4405 -0.267347 0.255048 -0.966928 -0.000496649
-1.82834 35.4656 -1.379 0.253293 -0.967389 0.000529778
-1.84497 35.4636 -2.4885 0.255357 -0.966844 -0.002067
-2.12694 35.3923 -3.30223 0.250124 -0.96821 -0.0026316
-2.14464 35.3884 -3.54454 0.250413 -0.968136 -0.00237423
-3.00071 35.1698 -3.45438 0.241999 -0.970273 -0.0020716
-3.00187 35.1678 -2.49722 0.242205 -0.970222 5.19854e-05
-2.60811 35.2664 -1.73817 0.246553 -0.969127 -0.00129366
-2.97599 35.1707 -0.843213 0.244208 -0.969718 -0.00309292
-2.68902 35.2422 -0.0681014 0.246964 -0.969022 -0.00234284
-2.93466 35.1791 1.05235 0.242423 -0.97017 0.00131764
-2.99248 35.1675 1.95508 0.243829 -0.969811 0.00295906
-3.00347 35.1662 2.84584 0.242081 -0.970254 0.00127545
-2.96678 35.1755 3.35459 0.244272 -0.969701 -0.00227123
-3.78296 34.9746 3.43456 0.238107 -0.971237 0.00190336
-3.7516 34.9809 2.5914 0.238861 -0.971053 0.00153064
-3.77536 34.9733 1.63908 0.237716 -0.971332 0.00245546
-3.74871 34.9786 0.751288 0.234765 -0.972051 0.0015176
-3.78604 34.9693 -0.139887 0.23362 -0.972328 -0.000277428
-3.78264 34.9726 -1.03937 0.235921 -0.971767 -0.00306008
-3.78667 34.9729 -1.9536 0.239051 -0.971004 -0.00206037
-3.75487 34.9827 -3.00061 0.237008 -0.971506 -0.00156878
-3.76159 34.9821 -3.47514 0.235161 -0.971953 -0.00241873
-4.49106 34.8065 -3.4463 0.23227 -0.972649 -0.00222022
-4.49857 34.8028 -2.43293 0.232045 -0.972703 -0.00174427
-4.66209 34.7621 -1.57297 0.23078 -0.973005 -0.00134814
-4.76469 34.7366 -0.679701 0.230231 -0.973135 -0.00114429
-4.59411 34.7752 0.342611 0.229989 -0.973192 -0.00119678
-4.55889 34.7841 1.20035 0.23212 -0.972686 0.00170927
-4.5674 34.7833 2.07414 0.233024 -0.97247 0.000794929
-4.54408 34.79 2.94913 0.233152 -0.97244 0.000816204
-4.67726 34.7588 3.46819 0.232657 -0.972557 0.00162789
-5.43027 34.5796 3.27838 0.230298 -0.97312 0.000916365
-5.34587 34.5986 2.15659 0.230069 -0.973174 0.00094462
-5.33603 34.6002 1.07396 0.229081 -0.973407 0.000823878
-5.50894 34.5599 -0.0624288 0.229747 -0.97325 -0.0007183
-5.56555 34.5475 -0.990332 0.23028 -0.973124 -0.000950681
-5.42336 34.5821 -1.87649 0.230549 -0.97306 -0.00137683
-5.24675 34.6255 -2.78273 0.230263 -0.973126 -0.00197545
-5.27454 34.6201 -3.26093 0.229895 -0.973213 -0.00234939
0.195248 36.0329 0.880253 0.282337 -0.959314 0.00119307
0.231657 36.0409 -0.456339 0.280618 -0.959816 0.00247475
0.280221 36.0524 -1.65179 0.287117 -0.957893 0.000146333
0.255645 36.05 -2.80086 0.288875 -0.957364 0.00191524
0.207641 36.0337 -4.07488 0.28477 -0.958596 0.000703845
-0.670877 35.7821 -4.60866 0.272831 -0.962049 0.00415622
-1.86417 35.4604 -4.63371 0.248684 -0.968579 0.00344104
-3.22422 35.1157 -4.6055 0.24358 -0.969881 0.00033908
-4.40043 34.831 -4.62638 0.233203 -0.972427 -0.00139836
-5.58819 34.549 -4.58815 0.230228 -0.973135 -0.00153025
-6.759 34.271 -4.48337 0.231943 -0.972727 -0.00218813
-7.00806 34.2093 -3.27451 0.231519 -0.972828 -0.00202067
-7.03934 34.1993 -2.0487 0.232263 -0.972652 -0.00139857
-7.02529 34.2015 -0.670343 0.230999 -0.972953 -0.000900234
-6.97102 34.2137 0.692534 0.230671 -0.973032 -0.000106307
-6.99315 34.209 2.04716 0.230621 -0.973043 0.000855557
-6.95942 34.2175 3.16098 0.230913 -0.972975 6.49325e-05
-6.71737 34.2764 4.50172 0.2307 -0.973024 0.00126221
-5.53696 34.5559 4.58346 0.230276 -0.973125 0.00118466
-4.45107 34.8137 4.61178 0.231899 -0.972739 0.000343179
-3.08684 35.1429 4.59602 0.237862 -0.971296 -0.000524117
-1.80553 35.4676 4.58195 0.250598 -0.968081 -0.00441234
-0.562329 35.8005 4.56098 0.268542 -0.963247 -0.00620075
0.215746 36.0288 3.7074 0.277918 -0.960589 -0.0055568
0.223826 36.0369 2.42127 0.278713 -0.960369 -0.00319899
0.196407 36.0334 1.22841 0.281492 -0.959558 -0.00191596
1.2419 36.3466 1.09321 0.289201 -0.957267 0.001442
1.25699 36.3515 -0.11674 0.292552 -0.956241 -0.00386964
1.28401 36.3629 -1.26808 0.300581 -0.953755 -0.00180904
1.26318 36.3578 -2.57888 0.303447 -0.952847 0.00116049
1.29376 36.3658 -4.01803 0.308627 -0.95118 -0.00227387
1.19403 36.3358 -5.24027 0.299438 -0.954093 0.00502528
0.277687 36.052 -5.70608 0.289944 -0.956994 0.00950231
-0.821232 35.7356 -5.68771 0.27042 -0.962702 0.00696391
-1.96807 35.4282 -5.71903 0.247938 -0.96875 0.00712233
-3.24641 35.1076 -5.66991 0.236167 -0.971679 0.00474155
-4.3405 34.8467 -5.69469 0.232326 -0.972638 -8.10032e-05
-5.52289 34.566 -5.68431 0.230083 -0.97317 -0.00107457
-6.78124 34.268 -5.65286 0.231245 -0.972894 -0.00140348
-7.8866 34.0037 -5.49857 0.232935 -0.972489 -0.00238188
-8.06279 33.9586 -4.29531 0.234406 -0.972137 -0.00183842
-8.06994 33.9545 -3.07151 0.234304 -0.972162 -0.00175825
-8.09442 33.947 -1.96418 0.23303 -0.972469 -0.000775065
-8.08337 33.9488 -0.74779 0.233045 -0.972466 -0.000291641
-8.06433 33.9533 0.38089 0.232491 -0.972598 -0.000349047
-8.05575 33.9556 1.55632 0.233579 -0.972338 0.000521304
-8.04464 33.959 2.92432 0.233376 -0.972387 -8.26017e-05
-8.03052 33.9631 4.38244 0.233901 -0.97226 0.00100742
-7.53151 34.0848 5.60952 0.231766 -0.97277 0.00180356
-6.2911 34.3791 5.69417 0.22989 -0.973215 0.00196054
-5.1676 34.6444 5.65086 0.230083 -0.97317 0.000978539
-3.79774 34.9702 5.69681 0.234286 -0.972166 -0.00152054
-2.68723 35.2412 5.65015 0.239598 -0.970868 -0.00204105
-1.48374 35.5455 5.67453 0.250191 -0.968169 -0.00661275
-0.319437 35.8614 5.64314 0.272522 -0.962132 -0.00500913
0.861015 36.2128 5.63763 0.288207 -0.957554 -0.00501569
1.26379 36.3337 4.6646 0.300626 -0.953742 -0.000763483
1.27168 36.3439 3.42172 0.298204 -0.95442 -0.0123799
1.24419 36.3447 2.09126 0.29141 -0.956575 -0.00663283
1.23878 36.3462 1.45078 0.290325 -0.956923 -0.00112387
2.29027 36.6725 1.33617 0.299236 -0.954178 -0.000246056
2.31313 36.6837 -0.0729085 0.302276 -0.953191 -0.00747478
2.31121 36.691 -1.18061 0.311675 -0.950165 -0.00670376
2.28927 36.6894 -2.45459 0.312444 -0.949932 -0.00273737
2.32528 36.7028 -3.6497 0.31248 -0.949924 0.000463515
2.26584 36.682 -5.00299 0.311329 -0.950298 0.00253204
2.28752 36.6821 -6.19746 0.312337 -0.949943 0.00733175
1.39868 36.3858 -6.74497 0.308281 -0.951196 0.0135174
0.196202 36.016 -6.79677 0.287501 -0.957691 0.0129848
-1.01167 35.6682 -6.79732 0.263364 -0.96447 0.0207633
-2.13609 35.3748 -6.79701 0.244203 -0.969604 0.0152373
-3.31606 35.0897 -6.75397 0.230493 -0.973074 0.000373445
-4.47936 34.8136 -6.79836 0.227685 -0.973733 -0.000769672
-5.71069 34.5227 -6.7725 0.229094 -0.973404 0.000824536
-6.84009 34.2561 -6.75355 0.231075 -0.972934 -0.00189599
-8.17347 33.9383 -6.81283 0.230429 -0.973082 -0.00317991
-9.14253 33.7041 -6.19935 0.231137 -0.972921 0.000164185
-9.13192 33.7027 -4.93302 0.234075 -0.972201 -0.00546672
-9.13078 33.6988 -3.78257 0.236439 -0.971645 -0.00106763
-9.13092 33.6977 -2.6377 0.235415 -0.971894 -0.00125676
-9.1298 33.6965 -1.4813 0.237463 -0.971395 -0.00194955
-9.14008 33.6939 -0.0195277 0.236866 -0.97154 0.00204671
-9.11777 33.6999 1.14598 0.234457 -0.972127 -9.11447e-05
-9.13104 33.6972 2.33174 0.234167 -0.972196 0.000331765
-9.12847 33.6978 3.44691 0.234932 -0.972011 -0.00120968
-9.12204 33.6998 4.63562 0.235683 -0.971829 0.00132696
-9.08943 33.7102 5.8419 0.234971 -0.971999 0.0024155
-8.31537 33.9012 6.70745 0.235826 -0.971775 0.0063252
-7.01022 34.2128 6.75436 0.229597 -0.973269 0.00571652
-5.92629 34.4666 6.75287 0.228979 -0.973431 -0.000340714
-4.83855 34.7223 6.73707 0.227003 -0.973891 0.00108783
-3.64329 35.006 6.77078 0.236678 -0.971587 -0.00110105
-2.34336 35.3219 6.7564 0.242173 -0.97021 -0.00586413
-1.27252 35.5933 6.77154 0.249725 -0.96828 -0.00835362
-0.159281 35.8976 6.74712 0.277886 -0.960544 -0.0112293
1.12256 36.2828 6.76375 0.292109 -0.956269 -0.0148913
2.15192 36.6082 6.53447 0.30305 -0.952922 -0.00996388
2.31603 36.6656 5.19307 0.304031 -0.952656 0.00173105
2.3425 36.6756 4.05248 0.300673 -0.953702 -0.00694542
2.34266 36.6853 2.78854 0.302872 -0.953011 -0.00617019
2.29597 36.674 1.52231 0.298516 -0.954403 -0.00083991
