-31.3159 31.0703 3.30116 0.0305227 -0.999509 0.00701041
-31.2142 31.0663 2.16525 0.025835 -0.999647 0.00619765
-31.271 31.0612 1.31025 0.0149957 -0.999884 0.002787
-31.3259 31.0592 0.248381 0.013035 -0.999915 -5.95504e-06
-31.2302 31.0584 -0.607926 0.0101166 -0.999947 0.00193393
-31.2786 31.0586 -1.50601 0.0128041 -0.99991 -0.00210822
-31.3399 31.0601 -2.54397 0.0143825 -0.999889 -0.00390434
-31.2652 31.0629 -3.02022 0.013814 -0.999893 -0.00468625
-31.9621 31.0547 -3.50656 0.0216034 -0.999749 -0.00597674
-32.1134 31.047 -2.68843 0.02247 -0.999745 -0.0017933
-32.1067 31.0448 -1.72349 0.0211338 -0.999774 -0.00143225
-31.9777 31.0443 -0.773303 0.0219602 -0.999753 -0.00221787
-32.0462 31.043 0.0536975 0.023839 -0.999709 0.00281054
-32.0715 31.0434 1.15366 0.0327575 -0.999463 -0.00105352
-31.9781 31.0459 2.23197 0.0308526 -0.999513 0.000403026
-32.0871 31.0447 3.1132 0.0357824 -0.999355 0.00305238
-32.888 31.0135 3.31265 0.044365 -0.999015 0.000146501
-32.807 31.0168 2.22072 0.0348086 -0.999392 0.000251088
-32.8779 31.0159 1.12365 0.0365721 -0.999327 -0.00287264
-32.7952 31.0223 0.0917649 0.0326776 -0.999461 -0.00245929
-32.739 31.0256 -0.97296 0.030499 -0.999529 -0.00265488
-32.8553 31.0245 -1.93596 0.0305397 -0.99953 -0.00254207
-32.8457 31.0278 -2.89787 0.0325635 -0.999456 -0.0051932
-32.8175 31.0305 -3.38904 0.0345851 -0.999399 -0.00235392
-33.5796 31.0034 -3.15741 0.0351408 -0.999379 -0.0024073
-33.5796 31.0001 -2.15135 0.0352721 -0.999374 -0.00262355
-33.5796 30.9965 -1.22638 0.0380694 -0.999268 -0.00323577
-33.5796 30.9946 -0.156176 0.041038 -0.999151 -0.00343659
-33.5796 30.9912 0.681734 0.0431793 -0.999057 -0.00448965
-33.5796 30.9868 1.7552 0.0423704 -0.999098 -0.00280325
-33.5796 30.9844 2.67711 0.0422328 -0.999105 -0.00214393
-33.5796 30.9827 3.45422 0.0458098 -0.998948 -0.00212089
-34.3887 30.9459 3.28467 0.0481748 -0.99883 -0.00407708
-34.4613 30.946 2.3855 0.0462419 -0.998921 -0.00434694
-34.3613 30.9536 1.51535 0.044449 -0.999007 -0.00289501
-34.4408 30.9545 0.451595 0.0442196 -0.999012 -0.00448584
-34.3585 30.9623 -0.460079 0.0440324 -0.999023 -0.00356352
-34.6276 30.9539 -1.24757 0.0431337 -0.999059 -0.00443517
-34.5149 30.9626 -2.06913 0.04186 -0.999112 -0.00458295
-34.5202 30.9659 -2.9438 0.0424519 -0.999091 -0.00398264
-34.3503 30.9743 -3.46079 0.0409716 -0.999159 -0.00178359
-35.1482 30.9396 -3.14146 0.0429005 -0.999073 -0.0034652
-35.3332 30.9281 -2.28314 0.0427187 -0.999077 -0.00440026
-35.4417 30.9192 -1.40442 0.0433972 -0.999044 -0.00523545
-35.2372 30.9229 -0.420281 0.0444351 -0.998997 -0.00553587
-35.2009 30.9203 0.397796 0.0453846 -0.998957 -0.00495018
-35.213 30.9154 1.29822 0.0469889 -0.998883 -0.00494226
-35.1709 30.9135 2.1759 0.0475747 -0.99886 -0.00391849
-35.111 30.9118 3.18621 0.0481265 -0.998831 -0.00451439
-35.1097 30.9113 3.31411 0.0481051 -0.998832 -0.00460338
-35.86 30.8752 3.31254 0.0476968 -0.998849 -0.00502811
-35.9088 30.8771 2.44787 0.0467248 -0.998894 -0.00525162
-35.9297 30.881 1.57762 0.0455008 -0.998948 -0.00567057
-35.9934 30.8844 0.603369 0.0432068 -0.99905 -0.00563349
-36.0282 30.8874 -0.249101 0.042662 -0.999071 -0.00604761
-36.1524 30.8885 -1.3394 0.0417503 -0.999111 -0.00583358
-36.0649 30.8974 -2.38237 0.0423242 -0.999095 -0.00433927
-35.8205 30.9113 -3.26134 0.0424607 -0.999092 -0.00358512
-35.811 30.9119 -3.29866 0.0425508 -0.999089 -0.00328506
-31.6387 31.0688 -4.61234 0.0243003 -0.999669 -0.00776882
-30.4373 31.083 -4.54857 -0.002534 -0.99999 -0.00363228
-29.9343 31.069 -3.67645 -0.00704556 -0.999924 -0.00736685
-29.8957 31.0679 -2.38258 -0.00275304 -0.999994 -0.00137582
-29.9164 31.0678 -1.20362 0.00186721 -0.999992 0.00347876
-29.8985 31.0728 0.067204 0.00798331 -0.999952 0.00548867
-29.8498 31.0838 1.3952 0.00854575 -0.999955 0.00408844
-29.8259 31.0975 2.76932 0.0143817 -0.999802 0.0136736
-29.9131 31.1083 4.13118 0.0217209 -0.999759 0.00323851
-30.9663 31.0842 4.45608 0.0290324 -0.999576 -2.34894e-05
-32.1256 31.0439 4.52699 0.0386773 -0.999247 -0.00320029
-33.2777 30.9935 4.5599 0.0463105 -0.998923 -0.00242409
-34.413 30.9399 4.5638 0.0489355 -0.998791 -0.00472041
-35.7681 30.8733 4.578 0.0493403 -0.998771 -0.00478556
-37.1691 30.8077 4.35655 0.0467536 -0.998886 -0.00634572
-37.3093 30.8118 2.99908 0.0431552 -0.999043 -0.00714644
-37.3476 30.8191 1.74628 0.0403326 -0.999165 -0.00659426
-37.3049 30.8298 0.603009 0.0403583 -0.999159 -0.0071718
-37.324 30.8382 -0.882428 0.0384318 -0.999242 -0.00622257
-37.3196 30.8447 -1.98788 0.0389361 -0.999225 -0.00573711
-37.317 30.8506 -3.09648 0.0360878 -0.999338 -0.00455696
-37.1892 30.8602 -4.44395 0.0367095 -0.999321 -0.00317886
-36.069 30.9039 -4.6007 0.0400485 -0.999197 -0.00128185
-34.9061 30.9524 -4.56809 0.0416575 -0.999132 -0.000752266
-33.5666 31.0066 -4.5975 0.0370521 -0.999308 -0.003188
-32.2263 31.053 -4.62435 0.0293176 -0.999557 -0.0050165
-31.8301 31.0637 -4.61653 0.0267113 -0.999628 -0.005423
-31.6564 31.0724 -5.7065 0.0233757 -0.999724 -0.00219192
-32.8979 31.034 -5.71275 0.0359112 -0.999331 -0.0059377
-34.1776 30.9838 -5.6369 0.0410314 -0.999157 -0.000908243
-35.4404 30.9301 -5.71638 0.043558 -0.99905 0.000855638
-36.6324 30.8812 -5.70762 0.0401721 -0.999192 0.000609855
-37.839 30.8375 -5.67527 0.0337471 -0.999425 0.00317599
-38.3986 30.8189 -4.8165 0.0343776 -0.999404 -0.00307674
-38.4248 30.8139 -3.66334 0.0348518 -0.999382 -0.00463087
-38.4148 30.8083 -2.37628 0.0327409 -0.999444 -0.00602394
-38.4259 30.8001 -1.13755 0.0342137 -0.999391 -0.00686968
-38.3877 30.7935 0.0147963 0.0339639 -0.999393 -0.00768635
-38.4213 30.7829 1.14207 0.0364269 -0.999296 -0.00893367
-38.4302 30.7716 2.36864 0.0378885 -0.999251 -0.00785142
-38.3953 30.7628 3.55214 0.0405567 -0.999135 -0.00915185
-38.4009 30.7504 5.01141 0.0422611 -0.999077 -0.00768008
-37.4312 30.7877 5.65947 0.0456259 -0.998941 -0.00594484
-36.1088 30.8508 5.65643 0.0488566 -0.998792 -0.00533602
-34.9809 30.907 5.67003 0.0498548 -0.998746 -0.00464058
-33.8709 30.9619 5.64411 0.0489707 -0.998793 -0.00368456
-32.5702 31.0229 5.67334 0.0451461 -0.998974 -0.00332085
-31.4545 31.0682 5.59758 0.0360396 -0.99935 7.85006e-05
-30.0667 31.1125 5.56467 0.0268304 -0.99961 0.00579749
-28.8113 31.1409 5.42896 0.0198261 -0.999713 0.0133549
-28.7249 31.1263 4.17727 0.0147092 -0.999847 0.00932076
-28.7143 31.113 3.05519 0.00879669 -0.99985 0.0149487
-28.7546 31.0961 1.95902 0.00586492 -0.999916 0.01055
-28.7644 31.081 0.750361 -0.00187263 -0.999936 0.0111831
-28.8654 31.07 -0.349965 -0.0107216 -0.999916 0.00718398
-28.8203 31.0631 -1.44226 -0.011502 -0.999916 0.00583592
-28.7886 31.0619 -2.63702 -0.00986851 -0.999949 -0.000650937
-28.8671 31.065 -4.0982 -0.00756194 -0.999962 -0.00287557
-28.8731 31.0747 -5.24347 -0.0197272 -0.999755 -0.00955165
-29.8584 31.0917 -5.66079 -0.000326292 -0.999844 -0.0170517
-30.9813 31.0855 -5.69327 0.0126856 -0.99989 -0.00753443
-31.2297 31.0826 -5.70009 0.0178837 -0.999809 -0.00460112
-31.1982 31.0936 -6.77553 0.0175578 -0.999767 -0.0123461
-29.9441 31.1071 -6.77974 0.00943517 -0.999808 -0.0163469
-28.7946 31.109 -6.71282 -0.00334722 -0.999588 -0.0284194
-27.8053 31.0745 -6.38755 -0.0406145 -0.998505 -0.0358498
-27.7109 31.0463 -5.09607 -0.027653 -0.999464 -0.0172742
-27.7617 31.0391 -3.97204 -0.0321426 -0.999471 -0.00497008
-27.7065 31.0415 -2.84618 -0.019612 -0.999779 0.00649208
-27.7094 31.046 -1.51016 -0.0185381 -0.999824 0.00298386
-27.783 31.0546 -0.297426 -0.0183749 -0.999742 0.0122566
-27.6616 31.0801 0.856045 -0.00346899 -0.999661 0.025435
-27.6364 31.1015 2.07944 0.00165488 -0.999861 0.0164784
-27.6872 31.1226 3.219 0.00522063 -0.999753 0.0213249
-27.6159 31.1424 4.33881 0.00942096 -0.999855 0.0141694
-27.64 31.1675 5.58659 0.0189944 -0.999622 0.0198085
-27.9477 31.1853 6.69757 0.0119141 -0.999577 0.0265045
-29.0577 31.158 6.76647 0.0361712 -0.999071 0.02324
-30.4501 31.109 6.72015 0.0316698 -0.999454 0.00941018
-31.6418 31.0613 6.75011 0.0446796 -0.998999 -0.00205051
-32.9675 31.0022 6.80152 0.0445267 -0.999005 -0.0026933
-34.3033 30.9365 6.73848 0.0491864 -0.998783 -0.00367228
-35.4131 30.878 6.78147 0.0525489 -0.998572 -0.00959742
-36.6 30.8211 6.77131 0.0488709 -0.998794 -0.00471298
-37.9079 30.7568 6.73664 0.0485939 -0.99879 -0.00753695
-39.1658 30.7068 6.7159 0.033444 -0.999415 -0.00710053
-39.5326 30.7005 5.66578 0.0368553 -0.999307 -0.00442185
-39.519 30.7105 4.30866 0.0400649 -0.999166 -0.00786911
-39.5089 30.7238 2.94824 0.0378415 -0.99922 -0.0112007
-39.537 30.7374 1.71129 0.0349397 -0.999325 -0.0113628
-39.4659 30.7542 0.445565 0.0302893 -0.999485 -0.0105625
-39.4934 30.7642 -0.783408 0.028848 -0.999556 -0.00751853
-39.5301 30.7738 -2.21651 0.0284614 -0.999568 -0.007309
-39.5102 30.781 -3.49554 0.0282128 -0.999576 -0.00718558
-39.5167 30.7874 -4.65946 0.0230636 -0.99971 -0.00665554
-39.5459 30.7891 -5.83657 0.0231037 -0.999733 0.000318309
-38.8685 30.8032 -6.74384 0.0228915 -0.999736 0.000859058
-37.7232 30.8356 -6.83264 0.0342734 -0.999337 0.0119813
-36.6091 30.8785 -6.78265 0.0414071 -0.999121 0.00649706
-35.5141 30.9242 -6.83579 0.0453834 -0.998962 0.00346075
-34.2624 30.9813 -6.70355 0.0433445 -0.999059 -0.00138487
-33.1162 31.033 -6.80299 0.0467725 -0.998869 -0.00757541
-31.8233 31.0817 -6.7874 0.0282813 -0.999386 -0.0204439
-31.7323 31.084 -6.78813 0.0219419 -0.999549 -0.0201234
