-30.9813 31.5402 -2.66252 0.00642315 -0.999962 -0.00584366
-31.0747 31.5409 -3.12511 0.0160691 -0.999856 -0.00527997
-31.9375 31.5292 -3.36333 0.020324 -0.999777 -0.00573347
-31.6776 31.5291 -2.44746 0.0161495 -0.999865 -0.00287551
-31.7089 31.5273 -1.45661 0.0162894 -0.999866 -0.00126288
-31.9284 31.5218 -0.488175 0.0213532 -0.999772 -4.32252e-05
-31.9047 31.5255 0.656714 0.0192099 -0.999804 0.00383426
-32.1056 31.5177 1.50427 0.0229572 -0.999728 -0.00242612
-31.9878 31.5206 2.58545 0.0285378 -0.999586 0.00175318
-31.8246 31.5267 3.30244 0.028288 -0.999589 0.00418377
-32.6514 31.5005 3.39477 0.0336019 -0.999434 0.00140482
-32.7793 31.4963 2.2718 0.0296348 -0.99956 -0.000952911
-32.8035 31.4983 1.30293 0.0302565 -0.999533 -0.00427737
-32.6162 31.5056 0.437148 0.0281788 -0.999601 -0.00203868
-32.7475 31.5027 -0.573419 0.0259815 -0.999662 -0.000499492
-32.5444 31.5106 -1.50202 0.0261929 -0.999652 -0.00316108
-32.4648 31.5137 -2.5121 0.0253832 -0.999674 -0.00226794
-32.6929 31.5132 -3.40855 0.0277287 -0.999602 -0.00457115
-33.4933 31.4899 -3.38264 0.0295415 -0.99956 -0.00238802
-33.5098 31.4859 -2.39197 0.0307256 -0.999519 -0.00389412
-33.5098 31.4829 -1.53833 0.0336069 -0.999429 -0.00339236
-33.5098 31.4801 -0.484149 0.0339611 -0.999422 -0.00112585
-33.5098 31.4785 0.567312 0.0334574 -0.999433 -0.00389469
-33.5098 31.4744 1.46047 0.0369733 -0.999302 -0.00532746
-33.5098 31.4704 2.44938 0.0380597 -0.999267 -0.00415707
-33.5098 31.4681 3.3169 0.0385685 -0.999251 -0.00300264
-33.5098 31.4679 3.38878 0.0397723 -0.999207 -0.00173212
-34.3784 31.4342 3.0345 0.0416022 -0.999126 -0.00391008
-34.3344 31.44 2.01082 0.0405845 -0.999166 -0.00452534
-34.2793 31.4473 0.899175 0.0405233 -0.999167 -0.00482458
-34.3868 31.4462 0.106491 0.0405354 -0.99917 -0.00405241
-34.3416 31.4507 -0.803677 0.0378058 -0.999276 -0.0039887
-34.3962 31.4531 -1.67762 0.0380843 -0.999262 -0.00487117
-34.3544 31.4596 -2.61461 0.0375136 -0.999281 -0.00465557
-34.4379 31.4576 -3.19522 0.0370925 -0.999312 -0.000384599
-35.305 31.4241 -3.3602 0.0391875 -0.999229 -0.00207179
-35.1351 31.4277 -2.38098 0.0396574 -0.999206 -0.00373153
-35.0813 31.4246 -1.31942 0.0392457 -0.999217 -0.0050324
-35.2816 31.4124 -0.425761 0.039679 -0.9992 -0.00490233
-35.1419 31.4121 0.848149 0.0408964 -0.99915 -0.00514521
-35.1379 31.4071 1.94325 0.042285 -0.999095 -0.00459698
-35.1922 31.4007 2.88193 0.0422538 -0.999094 -0.00497274
-35.2317 31.3969 3.26461 0.0425716 -0.999078 -0.00559215
-35.9599 31.3658 3.26759 0.0422096 -0.999094 -0.00534345
-35.9446 31.3718 2.23458 0.0423154 -0.999094 -0.00461241
-35.9198 31.3776 1.3621 0.0402003 -0.999176 -0.0055595
-36.0198 31.3784 0.470793 0.0387695 -0.999231 -0.00579646
-36.0322 31.384 -0.590826 0.0384552 -0.999245 -0.00551729
-35.8679 31.3949 -1.50958 0.0387107 -0.999237 -0.00513359
-36.0422 31.3936 -2.71835 0.0376462 -0.999283 -0.00399316
-36.0899 31.3933 -3.18325 0.0383009 -0.999261 -0.00317484
-29.8065 31.5752 3.60657 0.0164124 -0.999797 0.0115096
-29.7774 31.5598 2.21602 0.0110286 -0.99989 0.00967413
-29.7642 31.5554 0.982221 0.0102093 -0.999939 0.00248779
-29.8081 31.5461 -0.353732 0.0069698 -0.999965 0.0047304
-29.862 31.542 -1.61017 0.00163233 -0.999995 0.00264561
-29.8405 31.5433 -3.02607 -0.00503507 -0.999984 -0.00261284
-29.8837 31.5494 -4.24179 -0.00669029 -0.999962 -0.00563631
-31.0559 31.5507 -4.50721 0.010874 -0.999925 -0.00264026
-32.4685 31.5233 -4.53498 0.0257205 -0.999652 -0.0045162
-33.8952 31.479 -4.49209 0.0348056 -0.999389 -0.00194317
-35.1226 31.4326 -4.51605 0.0382195 -0.999269 -0.000611452
-36.3493 31.3865 -4.49127 0.036329 -0.999339 -0.000553465
-37.342 31.3515 -3.7738 0.0303753 -0.999534 -0.00302543
-37.3507 31.3472 -2.5969 0.0324629 -0.999457 -0.00557838
-37.3864 31.3386 -1.13756 0.0312604 -0.999492 -0.00610813
-37.3666 31.3308 0.232001 0.0339576 -0.999404 -0.00594349
-37.3656 31.3219 1.55928 0.0350537 -0.999365 -0.00636678
-37.3374 31.3149 2.7837 0.0372816 -0.99928 -0.00709117
-37.2926 31.3061 4.1185 0.0390905 -0.99921 -0.00708318
-36.265 31.3461 4.51343 0.0421652 -0.999093 -0.00596982
-35.0424 31.3998 4.53734 0.0442125 -0.999015 -0.00388641
-33.7755 31.4546 4.52744 0.0413096 -0.999142 -0.00276948
-32.5263 31.5047 4.5119 0.0373954 -0.999299 -0.00111662
-31.3334 31.5441 4.49011 0.0311736 -0.999513 -0.000724386
-30.1625 31.575 4.44909 0.0234379 -0.999688 0.00843611
-29.8643 31.5777 4.03644 0.0208164 -0.999748 0.00845763
-28.699 31.5966 4.03599 0.0127326 -0.999839 0.01263
-28.6801 31.5774 2.82136 0.00764293 -0.999857 0.0150828
-28.6309 31.5617 1.55672 -0.00278661 -0.999952 0.00917517
-28.6974 31.5498 0.375187 -0.00531894 -0.99994 0.00925439
-28.7135 31.5425 -0.818613 -0.0072476 -0.999953 0.00637092
-28.7192 31.5358 -2.02028 -0.00839842 -0.999957 0.00379937
-28.6987 31.5354 -3.33459 -0.0132073 -0.999905 -0.0039588
-28.6707 31.5382 -4.5486 -0.020165 -0.999791 -0.00325736
-29.0672 31.5513 -5.60588 -0.010834 -0.999857 -0.0125256
-30.4255 31.5592 -5.65171 5.76893e-05 -0.999955 -0.00944223
-31.6408 31.5482 -5.63662 0.0148917 -0.999862 -0.00697111
-32.9692 31.5126 -5.66604 0.0339516 -0.999413 -0.00451477
-34.3531 31.4622 -5.63003 0.0377635 -0.999286 0.000380731
-35.5687 31.4156 -5.63066 0.0380732 -0.999275 0.000399401
-36.8897 31.3676 -5.62198 0.0351668 -0.999381 0.00091523
-38.0954 31.3307 -5.59073 0.0272925 -0.999627 0.00110149
-38.4854 31.3181 -4.36328 0.0300187 -0.999548 -0.00145213
-38.48 31.3151 -3.15536 0.0269014 -0.999627 -0.00469413
-38.5056 31.3089 -1.90677 0.029117 -0.999565 -0.00454075
-38.489 31.3025 -0.722164 0.0281659 -0.999578 -0.00704037
-38.4779 31.2935 0.477951 0.030174 -0.999508 -0.0083734
-38.4653 31.284 1.67997 0.0311227 -0.999485 -0.00781935
-38.4867 31.2732 2.87759 0.0335214 -0.999397 -0.00901575
-38.4651 31.2627 4.17372 0.0354783 -0.99933 -0.00896023
-38.3039 31.2585 5.33431 0.0364274 -0.999298 -0.00878117
-37.1973 31.2988 5.60243 0.0426949 -0.999059 -0.00747614
-35.9192 31.3553 5.64597 0.0448979 -0.998977 -0.00541507
-34.733 31.4088 5.68318 0.0453055 -0.998963 -0.004398
-33.4202 31.4669 5.65243 0.0427088 -0.999082 -0.00327588
-31.8431 31.5297 5.61882 0.0380829 -0.999273 -0.00162916
-30.5697 31.5706 5.61361 0.0300433 -0.999521 0.00709318
-29.3058 31.6038 5.6031 0.0227939 -0.999671 0.0117114
-28.7159 31.6042 4.6811 0.0157219 -0.999782 0.0137492
-28.6973 31.5996 4.27827 0.0127597 -0.99985 0.0117015
-27.5272 31.6139 4.24883 0.0103959 -0.999871 0.0119381
-27.5405 31.6377 5.63052 0.0166713 -0.999732 0.0160711
-28.0404 31.6516 6.69876 0.016615 -0.999541 0.0241106
-29.2552 31.6175 6.76349 0.0292785 -0.99945 0.0151309
-30.6654 31.5771 6.76059 0.0332686 -0.999416 0.00752542
-32.1839 31.5171 6.73153 0.0419377 -0.999118 -0.00229271
-33.4675 31.4629 6.76547 0.0443074 -0.999015 0.000376956
-34.7253 31.4043 6.77802 0.0486187 -0.998798 -0.00615088
-35.9622 31.3469 6.79744 0.0450968 -0.998966 -0.00581375
-37.285 31.2873 6.72371 0.0467365 -0.998884 -0.00684417
-38.4703 31.2376 6.76504 0.0316351 -0.999437 -0.0111164
-39.5675 31.21 6.17378 0.0254957 -0.999665 -0.00364216
-39.6068 31.2202 4.6204 0.0340106 -0.999401 -0.00640462
-39.5732 31.2306 3.45142 0.0351148 -0.999333 -0.0100468
-39.5799 31.2433 2.22723 0.0315563 -0.999452 -0.00993188
-39.6078 31.2561 0.977034 0.0294394 -0.99948 -0.0131678
-39.604 31.2702 -0.505412 0.0260218 -0.999634 -0.00733446
-39.591 31.2794 -1.80825 0.0243274 -0.999684 -0.00625551
-39.6222 31.285 -3.10109 0.0258903 -0.999656 -0.00417728
-39.6481 31.2893 -4.37424 0.0244921 -0.999687 -0.00476222
-39.5281 31.2977 -5.79094 0.0177137 -0.999838 -0.00309296
-38.9787 31.3039 -6.80237 0.0156532 -0.999842 0.00801996
-37.696 31.3374 -6.74152 0.0294745 -0.999473 0.0135747
-36.4874 31.378 -6.77448 0.0333326 -0.999419 0.00640926
-35.2078 31.4281 -6.76884 0.0442839 -0.999019 -2.05852e-05
-33.8837 31.4793 -6.74269 0.0388656 -0.999244 0.00135545
-32.5271 31.5383 -6.75663 0.0362766 -0.999206 -0.016434
-31.3309 31.5625 -6.77393 0.0125707 -0.999855 -0.0111867
-29.8642 31.5747 -6.79953 0.00165891 -0.999824 -0.0186819
-28.6822 31.5689 -6.76986 -0.00442314 -0.999669 -0.0249681
-27.593 31.5284 -6.02953 -0.0278544 -0.999481 -0.0154061
-27.5323 31.5133 -4.72484 -0.0250908 -0.999662 -0.00591613
-27.5627 31.513 -3.49457 -0.0217897 -0.999762 0.00136652
-27.5724 31.5174 -2.24694 -0.0205607 -0.999776 0.00497833
-27.5489 31.5282 -0.805751 -0.0137139 -0.999876 0.00772226
-27.5734 31.5398 0.43297 -0.0160117 -0.999772 0.0140607
-27.5388 31.5614 1.7387 -0.00360229 -0.999877 0.0152619
-27.5159 31.5922 3.08085 0.00952596 -0.999682 0.0231122
-27.5267 31.6127 4.12776 0.0121699 -0.999861 0.0111218
