-1.6336 36.5964 2.92567 0.259962 -0.965617 -0.00123354
-1.70267 36.5796 2.13929 0.261137 -0.965298 -0.00268497
-1.82107 36.5492 1.26984 0.263423 -0.964676 0.00107929
-1.84907 36.5377 0.278378 0.265615 -0.964077 0.00172628
-1.76457 36.5614 -0.596043 0.264938 -0.964263 0.00229438
-1.71339 36.5743 -1.65488 0.263017 -0.96479 0.000990629
-1.89314 36.527 -2.63917 0.25316 -0.967424 -0.00126881
-1.91263 36.5226 -3.02621 0.253317 -0.967379 -0.00263155
-2.55553 36.3555 -3.40611 0.253215 -0.967402 -0.00364442
-2.62275 36.3357 -2.43848 0.253817 -0.967252 -0.00029909
-2.39778 36.3923 -1.53587 0.255527 -0.966797 -0.00317828
-2.51751 36.3575 -0.461341 0.253121 -0.967429 -0.00316956
-2.63026 36.3269 0.414056 0.25856 -0.965995 -0.000336455
-2.55029 36.3497 1.34101 0.254965 -0.966945 0.0031779
-2.47754 36.371 2.28509 0.255358 -0.966843 -0.0011924
-2.37152 36.3993 3.26506 0.256914 -0.966434 -0.000100605
-2.37017 36.3997 3.27991 0.25635 -0.966579 -0.00294918
-3.20815 36.1814 3.15691 0.247003 -0.969015 -0.000316822
-3.2611 36.1681 2.27718 0.24959 -0.968351 -0.00129472
-3.27045 36.1596 1.13253 0.252408 -0.967604 0.00514755
-3.3542 36.1375 0.295891 0.248374 -0.96866 0.00189029
-3.26577 36.1623 -0.541998 0.250703 -0.968061 -0.00258959
-3.08995 36.2107 -1.451 0.251845 -0.96776 -0.00387788
-3.32293 36.1526 -2.35612 0.250549 -0.9681 -0.000993535
-3.26334 36.1707 -3.38094 0.2494 -0.968396 -0.00312181
-4.06246 35.9698 -3.18957 0.23952 -0.97088 -0.00425707
-4.06246 35.9677 -2.27487 0.239321 -0.970938 -0.00186564
-4.06246 35.9644 -1.42439 0.237708 -0.97132 -0.00569069
-4.06246 35.9605 -0.585769 0.238362 -0.971176 -0.00118811
-4.06246 35.9597 0.283331 0.240036 -0.970764 6.25367e-05
-4.06246 35.9597 1.20754 0.239593 -0.970865 0.00321105
-4.06246 35.9633 2.01717 0.245298 -0.969441 0.00364388
-4.06246 35.9656 2.95725 0.240364 -0.970682 0.00130982
-4.06246 35.9661 3.25756 0.240621 -0.970617 0.00205598
-4.67565 35.8146 3.17964 0.239189 -0.970972 0.00165008
-4.94792 35.7456 2.29083 0.235972 -0.971758 0.00171829
-4.79294 35.7819 1.52289 0.23604 -0.971742 0.00155732
-4.858 35.7648 0.555528 0.236328 -0.971673 0.000956021
-4.79387 35.7817 -0.349497 0.234158 -0.972194 -0.00291233
-4.7929 35.785 -1.18233 0.235147 -0.971952 -0.00383251
-4.89857 35.7615 -1.94453 0.237785 -0.971313 -0.00310546
-4.93607 35.7541 -2.76694 0.238682 -0.971097 -0.000384708
-4.95665 35.7496 -3.23449 0.237066 -0.971492 -0.00147296
-5.71111 35.5666 -3.25581 0.23489 -0.972019 -0.00212461
-5.74492 35.5565 -2.35171 0.235091 -0.971972 -0.00177613
-5.65613 35.5762 -1.1955 0.235127 -0.971963 -0.00188605
-5.57187 35.5947 -0.394323 0.233513 -0.972352 -0.0020356
-5.62727 35.5798 0.477486 0.232358 -0.97263 0.000108471
-5.53296 35.6032 1.26948 0.232507 -0.972594 0.000768428
-5.66144 35.5729 2.04686 0.233553 -0.972343 0.0013042
-5.53726 35.6041 2.81769 0.234641 -0.972082 0.000590917
-5.48399 35.6173 3.21507 0.23551 -0.971871 0.00112014
-6.25965 35.4301 3.14058 0.234332 -0.972156 0.00058115
-6.36165 35.4049 2.27006 0.233957 -0.972247 0.000955013
-6.33329 35.411 1.36837 0.233611 -0.97233 0.000293618
-6.40047 35.3948 0.278254 0.233394 -0.972382 -0.000209988
-6.37142 35.4025 -0.513766 0.234286 -0.972166 -0.00160798
-6.52667 35.3667 -1.64275 0.234818 -0.972038 -0.00135868
-6.51556 35.3709 -2.50404 0.234635 -0.972081 -0.00222604
-6.46094 35.3855 -3.21963 0.234758 -0.972052 -0.00194668
-0.568009 36.8965 -3.50089 0.27746 -0.960728 -0.00383496
-0.921958 36.7971 -4.48031 0.268648 -0.96323 -0.00337243
-2.07585 36.4836 -4.53288 0.254268 -0.967132 0.00149553
-3.18664 36.1921 -4.55196 0.250121 -0.96821 -0.000684169
-4.36221 35.8983 -4.58457 0.237782 -0.971316 -0.00210053
-5.57794 35.6018 -4.57131 0.235518 -0.971868 -0.00193811
-6.80196 35.3057 -4.56245 0.234691 -0.972069 -0.00165798
-7.66645 35.0956 -3.7927 0.234891 -0.97202 -0.00201382
-7.72251 35.0791 -2.48941 0.235629 -0.971841 -0.00195769
-7.73109 35.0755 -1.32917 0.235123 -0.971965 -0.0010748
-7.74365 35.0718 -0.199052 0.234863 -0.972028 -0.000641302
-7.75303 35.0693 0.962935 0.234923 -0.972014 0.000365084
-7.69363 35.0844 2.30594 0.234911 -0.972017 4.95156e-05
-7.68608 35.0865 3.48615 0.234738 -0.972059 0.000366641
-7.16502 35.2125 4.51124 0.234271 -0.972171 0.00041093
-5.9687 35.501 4.55601 0.234939 -0.97201 8.10658e-05
-4.65993 35.8203 4.57646 0.238432 -0.971159 -1.76759e-05
-3.43111 36.1242 4.5482 0.241085 -0.970504 -0.000462333
-2.31668 36.4096 4.54998 0.253692 -0.967271 -0.00424052
-1.04471 36.754 4.51715 0.26949 -0.962992 -0.00459318
-0.544226 36.8948 3.66606 0.277324 -0.960774 -0.00212934
-0.531882 36.9022 2.50264 0.277969 -0.960569 -0.00633695
-0.536776 36.9076 1.1133 0.275418 -0.961312 -0.00488541
-0.50692 36.9165 -0.132872 0.27746 -0.960737 0.000832487
-0.529732 36.9064 -1.38231 0.2758 -0.961203 0.00460758
-0.543518 36.9014 -2.66451 0.277232 -0.960803 -0.000992876
-0.549492 36.9006 -3.11061 0.276409 -0.961037 -0.00260977
0.534594 37.2219 -3.17033 0.288771 -0.957397 -0.000395684
0.514845 37.2136 -4.60551 0.287721 -0.957709 0.00131174
0.185904 37.1102 -5.61901 0.281998 -0.959401 0.00386129
-1.01858 36.7691 -5.60297 0.270134 -0.962812 0.0045382
-2.27468 36.4271 -5.64175 0.256107 -0.966638 0.00347405
-3.41691 36.1353 -5.66276 0.244049 -0.969762 -0.000926657
-4.52662 35.8601 -5.69076 0.238462 -0.97115 -0.0019564
-5.65287 35.5853 -5.67016 0.235438 -0.971888 -0.0013539
-6.90837 35.2815 -5.67558 0.234581 -0.972096 -0.000824954
-8.2349 34.9622 -5.67468 0.233793 -0.972284 -0.00223833
-8.74969 34.8355 -4.72837 0.235084 -0.97197 -0.00326539
-8.76718 34.8271 -3.37645 0.237354 -0.97142 -0.00240861
-8.79952 34.8171 -2.0326 0.236423 -0.97165 -0.000639939
-8.79203 34.8181 -0.784174 0.235628 -0.971843 -0.000221285
-8.80346 34.8151 0.376867 0.23529 -0.971925 -0.000143627
-8.78061 34.8207 1.51551 0.236001 -0.971753 0.000182068
-8.76212 34.8254 2.74691 0.236488 -0.971634 0.000209303
-8.75939 34.8263 3.91937 0.236101 -0.971728 0.000537584
-8.71874 34.8374 5.06192 0.235574 -0.971855 0.00179329
-7.89759 35.0364 5.63192 0.234095 -0.972213 0.00118539
-6.70169 35.3243 5.63676 0.23411 -0.97221 -0.00044324
-5.39163 35.6404 5.66062 0.234952 -0.972007 -0.000209656
-4.10186 35.9556 5.69017 0.238711 -0.971088 -0.00207539
-2.99761 36.231 5.64485 0.244762 -0.969577 -0.0034027
-1.81923 36.5371 5.67203 0.259662 -0.965694 -0.00300413
-0.586297 36.8782 5.64702 0.27544 -0.961241 -0.0121948
0.473194 37.1865 5.32046 0.280659 -0.959805 -0.00214034
0.523794 37.2032 3.96345 0.282855 -0.95915 -0.00491656
0.527908 37.2082 2.70983 0.280442 -0.959866 -0.00262582
0.516119 37.2112 1.51669 0.284736 -0.958599 -0.0033621
0.512289 37.2123 0.377786 0.286265 -0.958148 -0.00202886
0.56114 37.23 -0.914947 0.285656 -0.958332 -0.000976898
0.510218 37.2142 -2.17013 0.287291 -0.957843 0.00076889
0.523388 37.2181 -2.90149 0.289859 -0.957068 -0.00120766
1.60308 37.5478 -2.89518 0.296582 -0.955005 -0.00132218
1.60645 37.5498 -4.03034 0.295574 -0.955319 0.000500292
1.59399 37.544 -5.18173 0.296026 -0.955178 0.00199915
1.58038 37.5356 -6.37407 0.307717 -0.951458 0.00445645
0.620461 37.2332 -6.81557 0.294757 -0.955483 0.013025
-0.654724 36.8607 -6.72692 0.275038 -0.96126 0.017379
-1.82309 36.5395 -6.75351 0.255923 -0.9666 0.0124729
-3.12613 36.2038 -6.77897 0.243987 -0.969735 0.00913157
-4.33961 35.9057 -6.78822 0.238311 -0.971188 -0.000222125
-5.64039 35.5895 -6.80834 0.235322 -0.971917 0.000135702
-6.78391 35.3126 -6.76267 0.236988 -0.971511 -0.000717541
-8.13941 34.9856 -6.79526 0.231693 -0.972787 0.000746564
-9.4764 34.6701 -6.71572 0.236119 -0.971681 -0.00858971
-9.79859 34.5851 -5.56729 0.235203 -0.971933 -0.00507275
-9.84398 34.5674 -4.3329 0.238614 -0.971099 -0.00527164
-9.89402 34.55 -2.94458 0.239279 -0.970949 -0.00187816
-9.85365 34.5586 -1.77671 0.239824 -0.970816 -0.000149866
-9.85719 34.5591 -0.254506 0.236292 -0.971682 0.000549604
-9.86361 34.5565 1.09293 0.238206 -0.971212 -0.00211552
-9.83035 34.5637 2.22915 0.239137 -0.970986 0.000469696
-9.81663 34.5676 3.37553 0.238387 -0.97117 0.000820906
-9.86134 34.5591 4.54387 0.237276 -0.971435 0.00361909
-9.80319 34.5766 5.85756 0.235372 -0.971902 0.00256438
-9.30244 34.7006 6.75265 0.23547 -0.971876 0.00315569
-8.00646 35.0116 6.73494 0.232507 -0.972593 0.0017245
-6.86456 35.285 6.74051 0.233052 -0.972464 -0.000197543
-5.73722 35.5552 6.76218 0.234567 -0.972094 -0.00310469
-4.47417 35.8616 6.77761 0.23782 -0.971307 -0.00182433
-3.19211 36.1783 6.75248 0.243444 -0.969908 -0.00282315
-1.91423 36.5055 6.81033 0.25291 -0.967469 -0.00593555
-0.664462 36.8421 6.7705 0.272105 -0.962188 -0.00951775
0.539137 37.1965 6.71404 0.28352 -0.958927 -0.00851888
1.62314 37.5311 6.05766 0.292014 -0.956399 -0.00304916
1.57617 37.5162 4.78145 0.289721 -0.957111 -0.000933397
1.62008 37.5341 3.54282 0.292396 -0.956271 -0.00677003
1.59109 37.5309 2.29033 0.296098 -0.955153 -0.00215765
1.55533 37.5224 1.08627 0.289935 -0.957042 -0.00303887
1.59154 37.5394 -0.0501605 0.292487 -0.956254 -0.00544452
1.58746 37.5411 -1.26117 0.293468 -0.955969 -0.000296602
1.5884 37.5422 -2.41641 0.29743 -0.954738 0.000177005
1.59013 37.543 -2.588 0.298296 -0.954469 -0.00125524
