-30.9929 32.0189 -3.0878 0.00706973 -0.999965 -0.00401887
-31.0748 32.0166 -2.21167 0.00899725 -0.999956 -0.00277983
-31.0351 32.0156 -1.17002 0.0111367 -0.999937 -0.00166138
-31.1325 32.0151 -0.222055 0.0108107 -0.99994 0.00165024
-31.0201 32.0185 0.715375 0.0144031 -0.999893 0.00204238
-30.8989 32.0227 1.67197 0.0169676 -0.999851 0.00302803
-30.9378 32.0266 2.60249 0.0208905 -0.999757 0.00694016
-31.0033 32.0277 3.02981 0.021912 -0.999749 0.00437318
-31.8187 32.0077 3.15011 0.0261235 -0.999656 0.00212595
-31.6817 32.0092 2.09209 0.0245518 -0.999695 0.00259538
-31.7207 32.0073 1.23138 0.0194061 -0.999806 -0.00156394
-31.9303 32.0041 0.336658 0.0198038 -0.9998 0.00276316
-31.9043 32.003 -0.498668 0.0192892 -0.999814 0.000436094
-31.8395 32.0052 -1.33927 0.0157107 -0.999877 -0.000327814
-31.9159 32.0041 -2.21554 0.0172386 -0.999851 -0.000968441
-31.8097 32.0079 -3.14699 0.0185872 -0.999823 -0.00295334
-31.7938 32.0087 -3.2772 0.0187272 -0.999815 -0.004229
-32.6352 31.9924 -3.29551 0.0221637 -0.999747 -0.00382776
-32.7525 31.9867 -2.26746 0.0227341 -0.999741 -0.00075935
-32.6238 31.9894 -1.40948 0.0242353 -0.999703 -0.00255076
-32.672 31.9867 -0.509923 0.0237177 -0.999718 0.000878092
-32.7072 31.9864 0.370483 0.0272385 -0.999629 0.000664968
-32.5678 31.9892 1.37347 0.0236421 -0.999716 -0.00246977
-32.6044 31.9856 2.28968 0.0278007 -0.999611 -0.0018433
-32.6383 31.9843 3.25822 0.0302766 -0.999542 -1.69056e-05
-33.4932 31.9551 3.01993 0.0354254 -0.999371 -0.00170016
-33.4932 31.959 2.0029 0.0330445 -0.999439 -0.00526166
-33.4932 31.9636 1.02349 0.0376477 -0.999287 -0.00287983
-33.4932 31.9641 0.080213 0.0306634 -0.99953 -0.000494015
-33.4932 31.9647 -0.809532 0.0297404 -0.999557 -0.00102505
-33.4932 31.9668 -1.677 0.0307479 -0.999523 -0.00280064
-33.4932 31.9687 -2.67737 0.0271934 -0.999624 -0.00248526
-33.4932 31.9701 -2.98558 0.0256253 -0.999668 -0.00256155
-34.3236 31.9457 -3.03234 0.0322511 -0.999479 7.43621e-05
-34.2977 31.9424 -2.04146 0.0320994 -0.999478 -0.0036405
-34.3845 31.9359 -1.09359 0.0343475 -0.999402 -0.00401216
-34.2763 31.9374 -0.0172399 0.0375091 -0.999291 -0.00327593
-34.4946 31.9257 0.921564 0.0378972 -0.999274 -0.00389121
-34.3585 31.9273 1.8613 0.0385867 -0.999244 -0.00468251
-34.3049 31.9251 2.90471 0.0371209 -0.999307 -0.00263645
-34.3115 31.9245 3.079 0.0376054 -0.999291 -0.00201253
-35.085 31.8947 2.9137 0.0392081 -0.999223 -0.00407644
-35.1896 31.8955 1.78873 0.0387556 -0.999239 -0.00442779
-35.2378 31.8979 0.81764 0.0379344 -0.99927 -0.00445609
-35.1056 31.9075 -0.282404 0.0371663 -0.999303 -0.00352032
-35.2056 31.9075 -1.14993 0.0357407 -0.999351 -0.00457099
-35.1381 31.915 -2.34933 0.0350695 -0.999376 -0.00411503
-35.1913 31.9154 -3.03713 0.0349325 -0.999386 -0.00285637
-36.0208 31.8868 -2.99445 0.0340181 -0.999418 -0.00267051
-35.9574 31.8854 -2.12185 0.0348556 -0.999384 -0.00416249
-36.0004 31.879 -1.03938 0.0343532 -0.999399 -0.00473605
-35.9519 31.8753 0.0150493 0.0356715 -0.999348 -0.00558894
-35.9736 31.8701 0.869818 0.0360286 -0.999336 -0.00532921
-35.9098 31.868 1.74436 0.0379965 -0.999264 -0.00527917
-35.8431 31.8654 2.81381 0.0390637 -0.999222 -0.00534684
-35.9095 31.8613 3.0687 0.0394057 -0.999208 -0.00558394
-37.2998 31.8487 -3.70498 0.0292574 -0.999567 -0.00308328
-36.5692 31.8722 -4.48174 0.0305065 -0.999534 -0.000741731
-35.1718 31.9184 -4.48633 0.0338462 -0.999427 -0.000410227
-33.987 31.9582 -4.4613 0.0300791 -0.999545 -0.00202821
-32.5719 31.998 -4.47878 0.0234828 -0.999712 -0.00385525
-31.383 32.0193 -4.48686 0.0113858 -0.999924 -0.00295279
-29.9623 32.0253 -4.39278 -0.000293435 -0.999996 -0.00272464
-29.6624 32.0217 -3.17914 -0.000165944 -1 -9.96141e-05
-29.6779 32.0239 -1.89969 0.000121849 -0.999998 0.0010831
-29.6377 32.0287 -0.569272 -0.000933826 -0.999988 0.00475879
-29.6332 32.035 0.820042 0.00687383 -0.999944 0.00777475
-29.6352 32.0459 2.16029 0.0127223 -0.999877 0.00875954
-29.6049 32.0552 3.42569 0.0154439 -0.999857 0.00692898
-30.3305 32.0474 4.43515 0.0217156 -0.999747 0.00588553
-31.5876 32.016 4.43441 0.0278915 -0.99961 0.00105109
-33.0337 31.9688 4.45019 0.0357838 -0.999357 -0.00243484
-34.432 31.9157 4.44684 0.041499 -0.999131 -0.00397852
-35.629 31.8661 4.46307 0.0410022 -0.99915 -0.00431075
-36.9737 31.8132 4.39305 0.0368675 -0.999295 -0.00713983
-37.3583 31.8077 3.26405 0.0346182 -0.999372 -0.00746732
-37.3699 31.8152 2.04673 0.0324803 -0.999456 -0.00568792
-37.3252 31.8262 0.501769 0.0328855 -0.999439 -0.00635258
-37.34 31.8335 -0.787013 0.0299583 -0.99953 -0.00651333
-37.3345 31.8417 -2.25117 0.0280934 -0.999594 -0.00481915
-37.2907 31.8483 -3.46614 0.0292363 -0.999568 -0.00298424
-38.4524 31.8165 -3.50237 0.0273062 -0.999619 -0.00406581
-38.5327 31.8187 -4.88372 0.0261646 -0.999657 -0.00147421
-37.7277 31.8394 -5.62085 0.0262998 -0.999651 0.00240442
-36.4709 31.8751 -5.64842 0.0297439 -0.999557 0.000648849
-35.0432 31.9226 -5.61708 0.0340409 -0.99942 0.000873024
-33.5031 31.9741 -5.5731 0.0321321 -0.999483 0.000521417
-32.0894 32.0131 -5.63159 0.0206673 -0.999775 -0.00451344
-30.812 32.0301 -5.62779 0.0116652 -0.999905 -0.00728415
-29.6123 32.0328 -5.65702 -0.00278564 -0.999936 -0.0109933
-28.6282 32.0204 -4.99491 -0.0132319 -0.999901 -0.00471251
-28.4937 32.0162 -3.62603 -0.0139495 -0.999901 -0.00129011
-28.5427 32.0189 -2.24534 -0.00457186 -0.999986 0.00276928
-28.4928 32.0242 -0.992802 -0.00646329 -0.999966 0.00461817
-28.4992 32.0322 0.291315 -0.00405795 -0.999965 0.00730624
-28.4978 32.0468 1.6621 -0.0023349 -0.999926 0.0112774
-28.4707 32.0666 3.07079 0.00666323 -0.99988 0.0140154
-28.448 32.0787 4.29636 0.0132943 -0.999865 0.00954083
-28.7641 32.0865 5.46642 0.0162583 -0.999796 0.0119422
-30.0647 32.0605 5.63907 0.025184 -0.999653 0.00777441
-31.4588 32.0212 5.57341 0.0307099 -0.999525 0.0024144
-32.8889 31.9719 5.59194 0.0362943 -0.99934 -0.00158293
-34.1281 31.9234 5.59865 0.041162 -0.999143 -0.00428275
-35.4049 31.8707 5.60439 0.0414323 -0.999129 -0.00479925
-36.5762 31.8222 5.61022 0.0407232 -0.99915 -0.0064147
-38.1053 31.7651 5.52737 0.034056 -0.999396 -0.00697476
-38.4735 31.7624 4.26984 0.0327219 -0.99943 -0.0083571
-38.5326 31.7717 2.92462 0.0311405 -0.999485 -0.00762277
-38.4808 31.7831 1.63866 0.0287007 -0.999565 -0.00681745
-38.4843 31.7924 0.414122 0.0265539 -0.999618 -0.00760619
-38.4789 31.8013 -0.770731 0.0260683 -0.999634 -0.00719924
-38.489 31.8091 -2.1665 0.0277472 -0.999604 -0.00472569
-38.4485 31.8149 -3.14642 0.0276927 -0.999605 -0.0048322
-39.6227 31.7861 -3.01507 0.0231746 -0.999724 -0.00382391
-39.6356 31.7917 -4.38605 0.023357 -0.999705 -0.00652484
-39.6451 31.7965 -5.84377 0.0169478 -0.999856 -0.000401126
-39.1268 31.8038 -6.73271 0.0167959 -0.999797 0.0103155
-37.9373 31.8286 -6.78223 0.0243254 -0.999688 0.00548956
-36.5685 31.8683 -6.79835 0.0325909 -0.999449 0.00615458
-35.2545 31.9142 -6.78585 0.0353951 -0.999371 -0.00225861
-34.0291 31.9556 -6.75363 0.0343388 -0.999408 0.00199176
-32.8146 32.0024 -6.71811 0.0331542 -0.999357 -0.0136578
-31.43 32.032 -6.73285 0.0121283 -0.99984 -0.0131313
-30.2515 32.0471 -6.77116 0.00907892 -0.999787 -0.0172558
-28.8967 32.0444 -6.77746 -0.00887998 -0.999835 -0.0157926
-27.5755 32.0238 -6.68047 -0.0197854 -0.999601 -0.0201168
-27.4349 32.0055 -5.52757 -0.0178723 -0.999792 -0.0098338
-27.3595 31.9993 -4.34751 -0.0163415 -0.999864 -0.00074129
-27.3324 31.9996 -2.96747 -0.0159867 -0.999871 0.00113741
-27.3623 32.0043 -1.78891 -0.0168819 -0.99984 0.00585434
-27.3412 32.0166 -0.532382 -0.010031 -0.999914 0.00841964
-27.3955 32.0277 0.805209 -0.0125741 -0.999868 0.00968097
-27.3342 32.047 2.04062 -0.00909003 -0.999578 0.0273872
-27.3112 32.085 3.51507 0.0151738 -0.99975 0.0164127
-27.3374 32.1 4.99619 0.00940625 -0.999886 0.0117476
-27.3665 32.1174 6.26609 0.00845044 -0.99985 0.0150975
-28.5901 32.1069 6.74471 0.0257753 -0.99943 0.0217833
-30.052 32.0696 6.78026 0.0266772 -0.999613 0.00785728
-31.3968 32.0275 6.71505 0.0357327 -0.999356 0.00332833
-32.7903 31.9735 6.74341 0.0391756 -0.999231 -0.00178828
-34.0207 31.9237 6.73412 0.0405454 -0.999168 -0.00440707
-35.3794 31.867 6.74561 0.042993 -0.99907 -0.00312684
-36.5897 31.8144 6.74623 0.0431645 -0.999046 -0.00667091
-37.9793 31.7587 6.7241 0.0362746 -0.999279 -0.0109665
-39.1626 31.7213 6.70834 0.0286229 -0.99953 -0.010852
-39.6277 31.7186 5.38387 0.0293435 -0.999541 -0.00749698
-39.6271 31.7291 3.96196 0.0312807 -0.999471 -0.00877979
-39.6631 31.7403 2.63426 0.0278781 -0.99956 -0.00994724
-39.6161 31.7522 1.40822 0.0280082 -0.99955 -0.0104595
-39.6418 31.7658 -0.0308062 0.0247683 -0.999651 -0.00914454
-39.6233 31.7771 -1.48681 0.0237661 -0.999693 -0.00693986
-39.6362 31.7837 -2.5826 0.0223272 -0.999739 -0.00490552
