35.8742 38.0665 3.24696 -0.297582 -0.954691 -0.00327802
35.9117 38.0581 2.32031 -0.295313 -0.955391 -0.00426793
35.9356 38.0518 1.09973 -0.293178 -0.956058 0.000500098
35.837 38.0815 0.218123 -0.291903 -0.956446 -0.00153496
35.9108 38.0597 -0.933517 -0.298614 -0.954373 0.000887587
35.9599 38.0436 -1.99367 -0.298404 -0.954439 -0.00136162
35.8103 38.0926 -3.02227 -0.291192 -0.956659 -0.0030977
35.7932 38.0981 -3.12838 -0.292476 -0.956269 -0.000824321
35.0853 38.3128 -3.33465 -0.28773 -0.95771 -0.00175654
35.1739 38.2849 -2.3021 -0.29064 -0.956831 -0.000579517
35.1815 38.2817 -1.20082 -0.292618 -0.956227 0.00165428
35.0391 38.3247 0.0022542 -0.288651 -0.957434 -0.000375726
35.0967 38.3064 0.86576 -0.287542 -0.957768 0.000131499
35.1652 38.285 2.15673 -0.287476 -0.957787 -0.00076982
35.0934 38.3057 3.01358 -0.291165 -0.956671 -0.00173117
35.1248 38.2955 3.29143 -0.290798 -0.95678 -0.00276583
34.3003 38.5424 3.184 -0.282581 -0.959243 -0.000431623
34.3469 38.5301 2.33029 -0.283838 -0.95887 0.00184933
34.3338 38.5326 1.43711 -0.280725 -0.959787 0.000243774
34.191 38.5749 0.500469 -0.281909 -0.959441 0.000907145
34.2165 38.5668 -0.436358 -0.280213 -0.959938 -0.000299398
34.3571 38.527 -1.43687 -0.281056 -0.959684 -0.0036912
34.3035 38.5439 -2.41782 -0.283485 -0.958976 0.000512291
34.4446 38.5031 -3.37851 -0.28031 -0.959908 -0.00141767
33.467 38.786 -3.4657 -0.275878 -0.961192 -0.000784503
33.467 38.7857 -2.25513 -0.276202 -0.961099 0.000730393
33.467 38.7847 -1.3364 -0.278251 -0.960506 -0.0010983
33.467 38.7843 -0.375556 -0.275375 -0.961336 -0.000125427
33.467 38.785 0.713143 -0.2772 -0.960812 0.000563436
33.467 38.7852 1.61302 -0.275253 -0.961371 -0.000397673
33.467 38.785 2.59921 -0.272978 -0.96202 -0.000268138
33.467 38.7843 3.08289 -0.274406 -0.961612 0.000103108
32.6257 39.023 3.25411 -0.271139 -0.96254 -0.000454353
32.5481 39.0457 2.28244 -0.268948 -0.963151 -0.00254988
32.681 39.0088 1.47433 -0.273114 -0.961982 -0.000153892
32.5519 39.0462 0.366953 -0.271942 -0.962313 -0.000612205
32.5812 39.0387 -0.65016 -0.273559 -0.961852 -0.00232129
32.6747 39.0128 -1.51535 -0.270808 -0.962631 0.00209208
32.801 38.9762 -2.39538 -0.274725 -0.961522 -0.000385935
32.5736 39.0418 -3.26042 -0.275306 -0.961356 -0.00134065
32.5814 39.0396 -3.31486 -0.273649 -0.961828 -0.000308075
31.8324 39.2503 -3.21208 -0.268519 -0.963274 -0.000426292
32.0631 39.185 -2.28949 -0.270917 -0.962599 -0.00278634
31.9777 39.2089 -1.40983 -0.270568 -0.962699 0.00152927
31.7917 39.2591 -0.49964 -0.265791 -0.96403 -0.00109534
31.8017 39.2556 0.557277 -0.265005 -0.964247 -0.00028182
31.9877 39.2035 1.41305 -0.2653 -0.964164 -0.00196159
31.8495 39.2396 2.40722 -0.267191 -0.963643 -0.00141408
31.8917 39.2269 3.3699 -0.266606 -0.963805 -0.000837541
31.1483 39.4326 3.28532 -0.266264 -0.9639 -0.00095793
31.157 39.4312 2.40571 -0.265068 -0.964229 -0.0013815
31.2067 39.4187 1.16477 -0.264302 -0.96444 -0.000447561
31.0445 39.4634 0.330327 -0.264232 -0.964459 -0.000773074
31.0738 39.4568 -0.558496 -0.26425 -0.964453 -0.00160642
31.2987 39.3968 -1.75213 -0.26495 -0.964261 -0.00112836
31.1562 39.4381 -2.84513 -0.263986 -0.964525 -0.00126549
31.097 39.4544 -3.256 -0.26498 -0.964252 0.000233147
37.1461 37.6685 2.74391 -0.304517 -0.952503 -0.00263474
37.1752 37.6636 1.26958 -0.304682 -0.952452 -0.00197324
37.1505 37.6698 0.105188 -0.307913 -0.95141 0.00194523
37.1485 37.6701 -1.02405 -0.304716 -0.952442 0.000333266
37.0934 37.6854 -2.38407 -0.305731 -0.952116 0.0017795
37.0626 37.6967 -3.6003 -0.305716 -0.952123 -0.000707713
36.5317 37.8655 -4.52762 -0.304742 -0.952433 0.00195886
35.3206 38.243 -4.54244 -0.291148 -0.956674 -0.00275948
34.1691 38.5857 -4.56399 -0.278768 -0.960351 -0.00292678
33.0346 38.9119 -4.57963 -0.274919 -0.961465 -0.00182843
31.7384 39.2773 -4.53984 -0.267918 -0.963439 -0.00228238
30.3179 39.6682 -4.49303 -0.262389 -0.964962 -0.000445273
29.855 39.7922 -3.54497 -0.260214 -0.965551 -0.000784006
29.86 39.7891 -2.36985 -0.260312 -0.965524 -0.00134443
29.8347 39.7942 -0.856782 -0.260446 -0.965487 -0.0016188
29.8459 39.7895 0.472692 -0.26022 -0.965548 -0.00115315
29.8446 39.7887 1.73464 -0.259227 -0.965816 -0.000639052
29.871 39.78 2.95419 -0.25987 -0.965643 -0.00136787
30.0564 39.7285 4.41899 -0.261746 -0.965137 0.000638654
31.2382 39.4069 4.55158 -0.264964 -0.964258 -0.000224114
32.4902 39.061 4.54778 -0.269802 -0.962914 0.000220023
33.5789 38.7529 4.51189 -0.27494 -0.961458 0.000146881
34.6905 38.4252 4.48979 -0.286469 -0.958089 0.000272412
35.9225 38.0492 4.50068 -0.297886 -0.954601 -0.000638105
36.9916 37.7142 4.36144 -0.299867 -0.953978 -0.00011664
37.124 37.6743 3.25652 -0.30371 -0.952759 -0.00311711
37.1366 37.671 2.93281 -0.304498 -0.95251 -0.00246785
38.1886 37.3308 3.10591 -0.310361 -0.950613 -0.00320111
38.238 37.318 1.94337 -0.312735 -0.94984 -0.00125894
38.2042 37.3278 0.67931 -0.315692 -0.948858 0.00279879
38.1979 37.3286 -0.56162 -0.313982 -0.949426 0.00107864
38.1806 37.3329 -1.72547 -0.311896 -0.950114 0.00187188
38.1582 37.3401 -2.95055 -0.311882 -0.950118 -0.00205996
38.1344 37.3466 -4.23601 -0.315422 -0.948943 0.00299698
38.1463 37.3397 -5.39669 -0.317677 -0.948196 0.00160006
37.0042 37.7156 -5.66424 -0.309583 -0.950872 -0.00136445
35.8371 38.086 -5.64945 -0.299907 -0.953963 -0.00311954
34.4566 38.5031 -5.67707 -0.281995 -0.959415 3.46033e-05
33.3439 38.8258 -5.68282 -0.276611 -0.960979 -0.00233201
32.2002 39.151 -5.67153 -0.271045 -0.962563 -0.0025723
30.9408 39.4999 -5.6518 -0.263012 -0.964792 -0.000934321
29.6599 39.8469 -5.68338 -0.260147 -0.965568 -0.00149354
28.8094 40.0749 -5.05141 -0.259268 -0.965805 -0.00108561
28.7948 40.0775 -3.67243 -0.259347 -0.965784 -0.00115725
28.7845 40.0782 -2.38341 -0.258937 -0.965893 -0.00138808
28.754 40.0848 -1.18587 -0.258459 -0.966022 -0.000972967
28.7684 40.0794 0.190667 -0.257809 -0.966195 -0.00162684
28.793 40.0708 1.5635 -0.258065 -0.966127 -0.00119779
28.7781 40.0732 2.92334 -0.258378 -0.966043 -0.000780569
28.8012 40.0667 4.24432 -0.258682 -0.965963 0.000391399
28.9451 40.0278 5.52622 -0.258516 -0.966007 8.4155e-05
30.1855 39.6944 5.65764 -0.261063 -0.965322 0.000256374
31.3622 39.374 5.65682 -0.263812 -0.964574 0.00105255
32.7038 39.0018 5.65108 -0.271431 -0.962455 0.00245001
34.0625 38.6141 5.60467 -0.281438 -0.959555 0.00599341
35.3546 38.2268 5.59526 -0.289581 -0.957149 0.00281261
36.6098 37.8373 5.6791 -0.299795 -0.953999 0.00269867
37.9353 37.4117 5.57947 -0.310295 -0.95064 0.000599026
38.1706 37.3349 4.50265 -0.308566 -0.951203 0.000631649
38.1825 37.3324 3.23759 -0.309942 -0.950753 -0.00191025
39.2472 36.984 3.09627 -0.312386 -0.949954 -0.00174625
39.229 36.9881 4.30441 -0.312073 -0.950058 -0.00036774
39.2429 36.9812 5.50323 -0.316095 -0.948727 -0.000764278
38.9027 37.0956 6.6672 -0.317187 -0.948356 0.00353499
37.5602 37.5386 6.78781 -0.306986 -0.951672 0.00892982
36.4223 37.9029 6.7849 -0.297146 -0.954731 0.0137759
35.317 38.2421 6.76696 -0.289607 -0.957141 0.00311816
34.119 38.6027 6.7031 -0.284039 -0.958801 0.00470563
32.7917 38.9803 6.75117 -0.271414 -0.962456 0.00357687
31.526 39.3313 6.76358 -0.264133 -0.964481 0.00333139
30.3011 39.6641 6.73413 -0.260666 -0.965419 0.00426879
29.177 39.9661 6.79811 -0.257967 -0.966154 0.000663047
27.9865 40.2833 6.641 -0.257541 -0.966267 0.000593171
27.7129 40.3562 5.37662 -0.257135 -0.966375 -0.000702187
27.7037 40.3595 4.06403 -0.257337 -0.966322 -0.000689396
27.689 40.3644 2.78346 -0.257929 -0.966164 -0.000803739
27.7071 40.3607 1.52477 -0.257529 -0.96627 -0.00107225
27.7125 40.3608 0.306935 -0.25754 -0.966267 -0.00137809
27.6935 40.368 -1.10433 -0.256895 -0.966438 -0.0016938
27.7231 40.3622 -2.46546 -0.258085 -0.966122 -0.000906205
27.7201 40.3647 -3.90178 -0.257515 -0.966273 -0.00124397
27.7266 40.364 -5.02655 -0.257309 -0.966329 -0.000649842
27.7829 40.3496 -6.2755 -0.25709 -0.966387 -0.000204361
28.6502 40.1193 -6.82975 -0.256191 -0.966625 -0.000992406
30.0349 39.7483 -6.81119 -0.258997 -0.965874 -0.00298816
31.2432 39.4194 -6.75954 -0.263565 -0.96463 -0.00467205
32.4573 39.0826 -6.78566 -0.271444 -0.962437 -0.00555977
33.5479 38.7721 -6.81365 -0.275732 -0.961219 -0.00495387
34.6358 38.4557 -6.78702 -0.283831 -0.958853 -0.00537562
35.7562 38.1165 -6.77304 -0.293322 -0.956004 -0.00432561
37.1244 37.6825 -6.78535 -0.312365 -0.949941 -0.00622321
38.519 37.2143 -6.75951 -0.323572 -0.94619 -0.00431418
39.2742 36.9532 -5.91954 -0.328826 -0.944373 0.00539829
39.2256 36.9789 -4.41981 -0.320149 -0.947356 0.00459563
39.2243 36.9834 -3.27413 -0.319498 -0.947584 0.0021497
39.2349 36.9825 -1.72658 -0.31884 -0.947806 0.00186664
39.2312 36.9823 -0.204527 -0.323873 -0.946091 -0.0027998
39.2371 36.9847 1.0935 -0.31697 -0.948431 0.0028069
39.26 36.9793 2.56758 -0.315601 -0.948892 -0.000180636
39.2592 36.9796 2.59753 -0.314306 -0.949321 -0.000240337
