-1.93864 37.0502 -1.39674 0.261183 -0.965287 -0.00133732
-2.13939 36.9957 -0.502372 0.263302 -0.964712 0.00101643
-2.34346 36.9397 0.431886 0.260668 -0.965427 -0.00184192
-2.43194 36.9155 1.29878 0.26441 -0.96441 0.000299837
-2.29499 36.9524 2.3958 0.260972 -0.965346 -0.000538728
-2.14714 36.9923 3.23071 0.25946 -0.965754 4.16893e-05
-2.91668 36.7885 3.31343 0.249941 -0.968256 0.00318576
-3.09272 36.7419 2.23195 0.253337 -0.967376 0.000188454
-3.12902 36.7322 1.11297 0.251515 -0.967852 -0.00175197
-3.00419 36.765 0.0902017 0.250633 -0.968081 -0.00084576
-2.8275 36.8131 -0.770609 0.252958 -0.967474 -0.00260185
-2.71271 36.8452 -1.69144 0.253498 -0.967319 -0.00508502
-2.54874 36.8926 -2.63337 0.25493 -0.966957 -0.00200949
-2.47655 36.9125 -3.33322 0.255243 -0.966877 -0.000464893
-3.29211 36.6989 -3.37169 0.249101 -0.968472 -0.00322074
-3.56593 36.6267 -2.52604 0.251463 -0.967859 -0.00284767
-3.62245 36.609 -1.62236 0.248679 -0.968581 -0.00270099
-3.5315 36.6301 -0.750017 0.250297 -0.968168 -0.00119419
-3.75335 36.5722 0.184627 0.245114 -0.969494 0.000511192
-3.79933 36.5605 1.12471 0.245078 -0.969502 -0.0013935
-3.83376 36.5525 2.12827 0.24448 -0.969648 0.00339042
-3.66666 36.5965 2.96798 0.24445 -0.96966 0.00178134
-3.64607 36.6022 3.29978 0.244241 -0.969713 0.00165848
-4.47737 36.3934 3.35472 0.243197 -0.969977 0.000197743
-4.47737 36.3922 2.52838 0.241434 -0.970415 0.00208864
-4.47737 36.3916 1.583 0.240322 -0.970693 0.00045309
-4.47737 36.3912 0.618075 0.241461 -0.97041 0.000768479
-4.47737 36.391 -0.293139 0.241368 -0.970434 0.00010511
-4.47737 36.3911 -1.10707 0.238702 -0.971087 -0.00321492
-4.47737 36.3954 -2.21709 0.240262 -0.970698 -0.0042421
-4.47737 36.3981 -3.26035 0.241043 -0.970512 -0.00188985
-4.47737 36.3986 -3.4811 0.240748 -0.970585 -0.00220592
-5.24124 36.2091 -3.29081 0.239525 -0.970888 -0.00178451
-5.2115 36.2149 -2.42721 0.239741 -0.970834 -0.00171828
-5.17931 36.2203 -1.62677 0.23816 -0.971223 -0.0022753
-5.31729 36.1849 -0.772317 0.236531 -0.971622 -0.00196574
-5.20267 36.2112 0.363518 0.239132 -0.970986 -0.000558887
-5.2353 36.2041 1.51707 0.238283 -0.971196 0.00020657
-5.16859 36.221 2.35267 0.237683 -0.971341 0.0017047
-5.21425 36.2114 3.35673 0.238087 -0.971243 0.00116657
-5.94643 36.0322 3.28251 0.23655 -0.971619 0.000813381
-5.89707 36.0432 2.32721 0.236133 -0.97172 0.00152688
-5.99294 36.0189 1.29764 0.236398 -0.971656 0.00037043
-6.04961 36.0052 0.484088 0.234385 -0.972144 -0.000389781
-6.23377 35.9616 -0.358316 0.235351 -0.971909 -0.00145584
-6.10702 35.9936 -1.15156 0.235945 -0.971765 -0.00152588
-5.88355 36.049 -2.03939 0.23611 -0.971725 -0.00136154
-5.93013 36.0395 -2.9512 0.236397 -0.971654 -0.00228563
-5.9836 36.0274 -3.34584 0.236654 -0.971591 -0.00217229
-6.73485 35.8444 -3.22627 0.235983 -0.971756 -0.0016152
-6.62863 35.8685 -2.2019 0.235842 -0.97179 -0.00173408
-6.82753 35.8191 -1.36211 0.235924 -0.971771 -0.00125537
-6.97349 35.7829 -0.523096 0.234892 -0.972021 -0.000870789
-6.90645 35.7984 0.322448 0.23511 -0.971968 -0.00074698
-6.77093 35.8305 1.13996 0.234644 -0.972081 -0.000298408
-6.67588 35.8537 1.94599 0.235101 -0.971971 0.000600995
-6.67224 35.8555 3.15331 0.235392 -0.9719 0.000706864
-6.71142 35.8461 3.3358 0.235613 -0.971846 0.000900071
-0.849194 37.3504 -1.92571 0.275724 -0.961235 0.00156285
-0.845566 37.3544 -3.14036 0.274748 -0.961479 -0.00846412
-1.00875 37.3143 -4.44649 0.272635 -0.962115 -0.000430353
-2.16714 36.996 -4.56056 0.256814 -0.966448 -0.00313554
-3.52112 36.6435 -4.57203 0.247833 -0.968802 -0.000621986
-4.76876 36.3291 -4.57883 0.242496 -0.97015 -0.001962
-5.89076 36.0523 -4.59622 0.238448 -0.971154 -0.00127298
-7.11983 35.753 -4.57716 0.235869 -0.971784 -0.00108758
-8.11906 35.5096 -3.84251 0.235838 -0.971791 -0.00192031
-8.12028 35.5074 -2.60447 0.236032 -0.971744 -0.00137091
-8.12667 35.5045 -1.4576 0.235317 -0.971918 -0.000997048
-8.12163 35.5046 -0.130779 0.235514 -0.971871 -0.000875274
-8.10821 35.5068 1.02083 0.236241 -0.971694 -6.78546e-05
-8.1053 35.5078 2.20298 0.235698 -0.971826 0.000301512
-8.09693 35.5104 3.52153 0.235912 -0.971774 0.000403009
-7.77204 35.5894 4.56299 0.235471 -0.971881 9.24589e-05
-6.52546 35.8913 4.57006 0.235329 -0.971916 -0.000219899
-5.33373 36.1824 4.56253 0.238357 -0.971177 -0.000724555
-4.1391 36.4783 4.53507 0.243073 -0.970007 0.000272956
-2.97958 36.7738 4.55734 0.251084 -0.967964 -0.00170326
-1.61159 37.1362 4.56107 0.259129 -0.965842 0.000199844
-0.894384 37.334 3.62212 0.275956 -0.96117 -0.000651729
-0.87312 37.3434 2.39448 0.270904 -0.962597 -0.00299925
-0.863276 37.3503 1.12319 0.273642 -0.961826 -0.00319054
-0.8389 37.3574 -0.33952 0.274949 -0.961457 -0.000353784
-0.850018 37.3503 -1.75303 0.274417 -0.961607 0.00226851
0.192137 37.6557 -1.73003 0.284666 -0.958626 0.00141058
0.224625 37.6668 -3.15037 0.285694 -0.958316 -0.00302856
0.186086 37.6582 -4.4927 0.28281 -0.95917 0.00143262
-0.157087 37.5548 -5.64383 0.27575 -0.961212 0.00561818
-1.45323 37.189 -5.69035 0.266324 -0.963876 0.00149982
-2.54403 36.8954 -5.67948 0.251754 -0.967787 0.00154458
-3.74703 36.5864 -5.69484 0.24642 -0.969157 0.00236637
-4.83923 36.313 -5.69451 0.24208 -0.970256 -0.000397609
-6.26027 35.963 -5.70166 0.237871 -0.971296 -0.000843053
-7.49532 35.663 -5.67441 0.234821 -0.972038 0.000174104
-8.58937 35.3992 -5.67577 0.232443 -0.972603 -0.00311984
-9.17938 35.2548 -4.9173 0.236047 -0.971736 -0.00329083
-9.19362 35.2478 -3.7694 0.237696 -0.971336 -0.00254358
-9.18942 35.2467 -2.53243 0.238024 -0.971258 -0.00129875
-9.1858 35.2464 -1.40205 0.237218 -0.971456 -0.000574421
-9.19077 35.2445 -0.27001 0.236688 -0.971585 -0.000811356
-9.19073 35.2434 1.22385 0.237113 -0.971482 -0.000594162
-9.18964 35.2437 2.41514 0.238626 -0.971111 0.000425563
-9.179 35.247 3.64075 0.23755 -0.971375 0.00111575
-9.16806 35.2511 4.88363 0.23561 -0.971847 0.00147868
-8.52066 35.4088 5.65972 0.234506 -0.972114 0.00105332
-7.31355 35.6998 5.71408 0.23376 -0.972294 -0.000283102
-6.08601 35.9974 5.6689 0.236881 -0.971538 -0.00103982
-4.74939 36.3254 5.6744 0.240859 -0.970559 -0.00160554
-3.60265 36.612 5.64046 0.245623 -0.969359 -0.00299474
-2.53009 36.8888 5.66321 0.252932 -0.967469 -0.00537546
-1.19857 37.2439 5.65972 0.264041 -0.964479 -0.00725207
-0.0805099 37.5606 5.5499 0.275763 -0.961209 -0.00520007
0.13597 37.6259 4.48859 0.275685 -0.961244 -0.00173252
0.167278 37.6408 3.06892 0.279295 -0.960204 -0.00173664
0.183568 37.6481 1.91026 0.279198 -0.960228 -0.00258157
0.185306 37.6518 0.787829 0.278408 -0.96046 -0.00232006
0.208663 37.6608 -0.431338 0.284041 -0.958811 -0.00171481
0.183065 37.6535 -1.41221 0.284657 -0.958629 0.00101169
1.24507 37.9702 -1.5498 0.288665 -0.957429 -0.000928313
1.27808 37.9835 -2.98261 0.288624 -0.957438 -0.00285363
1.24726 37.9751 -4.13019 0.288758 -0.957401 0.00116983
1.23625 37.9708 -5.59269 0.291201 -0.95666 0.00186693
1.11318 37.927 -6.72353 0.297922 -0.954581 0.00411674
0.022765 37.5958 -6.80316 0.279377 -0.960106 0.0110316
-1.30345 37.2218 -6.80709 0.267379 -0.963374 0.0204757
-2.65854 36.8601 -6.77692 0.250617 -0.968031 0.00977157
-3.85437 36.5568 -6.80758 0.241134 -0.970491 0.000961097
-4.98328 36.2777 -6.78269 0.238281 -0.971195 0.000966799
-6.28682 35.9574 -6.82889 0.238198 -0.971217 6.49066e-05
-7.36612 35.6931 -6.79144 0.237181 -0.971458 0.00335734
-8.59967 35.3989 -6.80912 0.228453 -0.973554 0.000827151
-9.74133 35.1286 -6.72976 0.23323 -0.972378 -0.0092154
-10.2695 34.9954 -5.88232 0.237607 -0.971342 -0.00609647
-10.2335 34.9965 -4.60421 0.238898 -0.971033 -0.0046366
-10.2474 34.9885 -3.43826 0.240353 -0.970683 -0.00241495
-10.279 34.9789 -2.24351 0.239743 -0.970835 -0.000989557
-10.2612 34.9829 -0.805983 0.23849 -0.971145 0.000588687
-10.2643 34.982 0.360925 0.237371 -0.971418 -0.00119779
-10.261 34.9811 1.51754 0.2386 -0.971116 -0.00194327
-10.2372 34.9867 2.97908 0.240886 -0.970552 0.00138302
-10.2858 34.977 4.2462 0.238329 -0.971182 0.00229273
-10.2967 34.978 5.4066 0.236788 -0.971556 0.00320045
-10.1977 35.0061 6.51985 0.235488 -0.971867 0.00431
-9.17157 35.2544 6.78393 0.232428 -0.972605 0.00395481
-7.87725 35.5641 6.80452 0.232039 -0.972706 0.000717086
-6.78736 35.8254 6.77593 0.233577 -0.972336 -0.00188174
-5.45562 36.1474 6.75788 0.239647 -0.970838 -0.00569184
-4.2658 36.4425 6.75938 0.24249 -0.970147 -0.00350112
-3.17659 36.7156 6.75684 0.248685 -0.968566 -0.00581296
-2.10593 36.9925 6.80097 0.251836 -0.967752 -0.0059534
-0.929726 37.3085 6.75393 0.269585 -0.962897 -0.0123913
0.234001 37.6442 6.7676 0.280965 -0.959663 -0.0102841
1.19895 37.9371 6.39445 0.295559 -0.955316 -0.00395153
1.22592 37.9467 5.02153 0.288361 -0.95752 -0.0017578
1.24909 37.9571 3.8826 0.287101 -0.957887 -0.00478511
1.24414 37.9606 2.62076 0.286383 -0.958114 -0.00180773
1.24058 37.9617 1.48067 0.287034 -0.957913 -0.00359751
1.24105 37.9666 0.0385808 0.287167 -0.957874 -0.00296163
1.22938 37.9653 -1.06931 0.289715 -0.957112 -0.00092857
