-2.61106 37.4092 3.30694 0.255367 -0.966836 -0.00141979
-2.64008 37.4 2.46047 0.259742 -0.965678 0.000377869
-2.53951 37.4257 1.63304 0.260264 -0.965535 0.00177874
-2.56132 37.4175 0.650082 0.259135 -0.965833 0.0020425
-2.54326 37.422 -0.241351 0.263386 -0.96469 0.00012855
-2.57492 37.4164 -1.2324 0.257085 -0.966373 -0.00534245
-2.75668 37.3735 -2.04969 0.256756 -0.966454 -0.00660003
-2.78494 37.3685 -2.87547 0.258706 -0.965954 -0.00187554
-2.7166 37.3872 -3.2451 0.257837 -0.966188 -0.000566009
-3.47352 37.1876 -3.28247 0.250445 -0.968126 -0.00283681
-3.52112 37.1734 -2.25802 0.253609 -0.967302 -0.00291631
-3.39447 37.2027 -1.39297 0.253134 -0.967418 -0.00514175
-3.24901 37.2379 -0.609076 0.253559 -0.967316 -0.00250156
-3.35652 37.2083 0.298648 0.252598 -0.96757 0.000406741
-3.26653 37.2322 1.25247 0.253689 -0.967284 -0.00162402
-3.39093 37.2013 2.06807 0.25205 -0.967711 0.00247016
-3.35431 37.2139 2.97076 0.253179 -0.967414 0.00141365
-3.32532 37.2209 3.38836 0.254119 -0.967172 -0.00159349
-4.0269 37.0397 3.35306 0.247469 -0.968895 0.00031085
-4.23025 36.9862 2.3338 0.246254 -0.969196 0.00419656
-4.02696 37.0363 1.53568 0.243458 -0.969911 0.000465678
-4.15758 37.0036 0.533566 0.24458 -0.969629 0.000479663
-4.05634 37.0289 -0.420246 0.246487 -0.969143 -0.00102135
-4.14612 37.0087 -1.29278 0.247825 -0.968798 -0.00367311
-4.18296 37.0024 -2.12791 0.244484 -0.969644 -0.00437598
-4.23598 36.9913 -3.22684 0.247231 -0.968954 -0.00134137
-4.22867 36.9933 -3.26147 0.248804 -0.968552 -0.00157118
-4.90721 36.8231 -3.44122 0.24289 -0.970054 -0.000594629
-4.90721 36.8215 -2.52524 0.244134 -0.969737 -0.00293199
-4.90721 36.818 -1.57401 0.243525 -0.969887 -0.00374742
-4.90721 36.8158 -0.72622 0.24107 -0.970506 -0.00162264
-4.90721 36.8155 0.29948 0.24169 -0.970353 -0.000307649
-4.91138 36.8149 1.18519 0.24224 -0.970216 0.000208956
-4.90721 36.8156 2.02407 0.24315 -0.969988 0.00115088
-4.90721 36.8171 2.96944 0.243244 -0.969965 0.000713238
-4.90721 36.8176 3.35645 0.242799 -0.970075 0.00162143
-5.75957 36.6061 3.41773 0.239985 -0.970776 0.000383884
-5.61384 36.6414 2.50897 0.239536 -0.970887 0.00112726
-5.73743 36.6101 1.7375 0.239385 -0.970924 0.000818722
-5.63135 36.6358 0.884728 0.240291 -0.970701 0.000283858
-5.67629 36.6254 0.00159077 0.239016 -0.971015 -0.000777936
-5.83117 36.5881 -0.963259 0.238643 -0.971107 -0.0010643
-5.67274 36.6283 -1.92119 0.239914 -0.970793 -0.00127375
-5.69354 36.6257 -2.82885 0.241638 -0.970364 -0.00231899
-5.69489 36.6264 -3.27251 0.241636 -0.970365 -0.00192691
-6.44381 36.4416 -3.51213 0.238545 -0.971131 -0.00125534
-6.45606 36.4374 -2.60702 0.237878 -0.971292 -0.00221156
-6.50123 36.4248 -1.7532 0.23746 -0.971397 -0.0012766
-6.5128 36.4209 -0.911742 0.237568 -0.97137 -0.00109041
-6.34992 36.4601 -0.048322 0.237243 -0.97145 -0.000241665
-6.34611 36.4605 0.79927 0.237546 -0.971376 -0.00043389
-6.42321 36.4419 1.81377 0.237984 -0.971269 0.00110104
-6.3792 36.4534 2.61052 0.238376 -0.971173 0.000430991
-6.49794 36.4244 3.38141 0.238398 -0.971167 0.000339399
-7.23292 36.2446 3.23086 0.236955 -0.971521 -0.000157089
-7.16027 36.2622 2.33958 0.236624 -0.971601 0.000316853
-7.12562 36.2704 1.46463 0.23624 -0.971695 -0.000444497
-7.06597 36.2851 0.621833 0.235965 -0.971761 -0.000475734
-7.17897 36.2583 -0.502142 0.236091 -0.971731 -0.000568517
-7.27775 36.2348 -1.32583 0.236403 -0.971654 -0.00100289
-7.21428 36.2515 -2.37152 0.237346 -0.971424 -0.00160899
-7.18929 36.2588 -3.30077 0.236993 -0.97151 -0.00151342
-7.18546 36.2599 -3.41223 0.237141 -0.971474 -0.00180066
-5.03814 36.7841 4.5554 0.242493 -0.970151 -0.00111248
-3.79221 37.0991 4.53706 0.24988 -0.968275 -0.000909256
-2.61881 37.4044 4.50533 0.25461 -0.967042 -0.000489247
-1.38784 37.7362 4.37555 0.263582 -0.964637 0.000369988
-1.24698 37.7778 3.03977 0.265491 -0.96411 -0.00271039
-1.21369 37.7888 1.6281 0.264899 -0.964276 -0.000492934
-1.24206 37.7805 0.480799 0.269658 -0.962956 -0.000893352
-1.26442 37.7741 -0.946911 0.272448 -0.962166 0.00232841
-1.27845 37.7743 -2.09945 0.269399 -0.963002 -0.0070378
-1.29343 37.7742 -3.24152 0.270194 -0.962805 -0.00107788
-1.4129 37.7392 -4.38561 0.269792 -0.962902 0.00532734
-2.73417 37.3835 -4.56367 0.25488 -0.96697 0.00227845
-3.96372 37.0631 -4.5744 0.249285 -0.968428 -0.000159232
-5.06007 36.7862 -4.61498 0.242018 -0.97027 -0.00181959
-6.42032 36.4491 -4.67839 0.238837 -0.971059 -0.000768213
-7.63928 36.1514 -4.62368 0.235874 -0.971782 -0.0016267
-8.51742 35.9369 -4.00157 0.23654 -0.97162 -0.00188537
-8.52007 35.9339 -2.63906 0.236974 -0.971515 -0.00138028
-8.51212 35.9344 -1.3097 0.236807 -0.971556 -0.000671766
-8.51713 35.9323 -0.0924162 0.236993 -0.971511 -0.000647978
-8.50263 35.9352 1.06418 0.237294 -0.971438 -0.000369321
-8.5145 35.9322 2.27344 0.237056 -0.971496 -4.85677e-05
-8.53238 35.9279 3.72028 0.236599 -0.971607 0.000145603
-7.6496 36.1426 4.53679 0.236022 -0.971748 -0.000535751
-6.54091 36.4128 4.53159 0.238013 -0.971261 -0.00143942
-5.42473 36.6881 4.54783 0.241002 -0.970523 -0.00154184
-5.41807 36.6897 4.54788 0.241175 -0.970481 -0.00141065
-5.42519 36.6861 5.64966 0.240629 -0.970615 -0.00179124
-4.20048 36.9931 5.63892 0.244902 -0.969545 -0.00200737
-3.05032 37.2884 5.63407 0.253124 -0.96742 -0.00491488
-1.82989 37.6119 5.61735 0.261135 -0.965279 -0.00662525
-0.444624 37.996 5.57384 0.270605 -0.962663 -0.0072434
-0.178215 38.0756 4.33484 0.273965 -0.961735 -0.00308814
-0.199139 38.0724 3.13945 0.275424 -0.961322 -0.000850735
-0.143756 38.092 1.88637 0.277953 -0.96059 -0.00306713
-0.194365 38.0795 0.681631 0.279312 -0.9602 -0.000334884
-0.180433 38.0843 -0.670989 0.278771 -0.960357 -0.000664322
-0.213973 38.076 -2.08681 0.277824 -0.960621 -0.00462365
-0.216542 38.0791 -3.33554 0.275978 -0.961161 -0.00237963
-0.18046 38.089 -4.62144 0.276086 -0.961131 0.00135355
-0.584172 37.9722 -5.6419 0.276168 -0.961105 0.0019999
-1.67751 37.6634 -5.65685 0.26652 -0.963823 0.00351615
-2.88019 37.3414 -5.67161 0.252237 -0.967651 0.00382428
-4.19443 37.0042 -5.66797 0.247814 -0.968803 0.00284322
-5.55396 36.6643 -5.73331 0.241582 -0.97038 -0.000525543
-6.94452 36.3217 -5.72829 0.237113 -0.971482 -0.000711444
-8.08078 36.0461 -5.72427 0.234248 -0.972176 -0.000606148
-9.22976 35.7693 -5.58488 0.232946 -0.972484 -0.00327897
-9.56889 35.6824 -4.56296 0.236725 -0.971568 -0.00406678
-9.6047 35.6702 -3.40553 0.238275 -0.971196 -0.00154831
-9.6016 35.6691 -2.05057 0.23821 -0.971213 -0.00103134
-9.57807 35.6735 -0.634398 0.237642 -0.971353 -0.000643876
-9.58695 35.6706 0.493061 0.237878 -0.971295 -0.000638836
-9.57323 35.6733 1.65398 0.238283 -0.971196 -0.000357245
-9.58286 35.6707 2.8035 0.238265 -0.9712 -0.000130382
-9.61887 35.6628 4.05214 0.23769 -0.971341 0.00091179
-9.55619 35.6795 5.19384 0.235785 -0.971803 0.00186485
-8.47911 35.9409 5.67355 0.234529 -0.972109 0.000766332
-7.32095 36.2214 5.63999 0.235615 -0.971846 -0.00104314
-6.11083 36.5166 5.63382 0.239258 -0.970954 -0.00197217
-5.65146 36.6302 5.65394 0.240137 -0.970736 -0.00216597
-5.88548 36.568 6.78066 0.242072 -0.970242 -0.00549894
-4.66625 36.8729 6.74448 0.243667 -0.969854 -0.00291086
-3.4591 37.1775 6.74755 0.245521 -0.969353 -0.00815522
-2.33462 37.4687 6.71439 0.253963 -0.96718 -0.00808717
-1.01253 37.8258 6.75186 0.271104 -0.962491 -0.0106788
0.480607 38.2596 6.63883 0.287107 -0.957827 -0.0116099
0.889351 38.3853 5.68504 0.286409 -0.958107 -0.00105663
0.899257 38.39 4.4517 0.282668 -0.959216 -0.00204055
0.850192 38.3781 3.20501 0.282037 -0.959402 -0.00192587
0.907279 38.3989 1.97674 0.283287 -0.959029 -0.00334122
0.842117 38.3824 0.730743 0.280902 -0.959734 0.00222556
0.876333 38.3921 -0.546446 0.283571 -0.958951 -0.000719482
0.871004 38.3924 -1.83456 0.285083 -0.958496 -0.00359673
0.868121 38.3954 -2.9968 0.285573 -0.958353 -0.00242748
0.893709 38.4026 -4.36076 0.282876 -0.959156 0.000476642
0.842642 38.3893 -5.65291 0.287409 -0.957791 -0.00308677
0.500105 38.2831 -6.73722 0.284005 -0.958739 0.0117492
-0.580975 37.964 -6.80957 0.276262 -0.960968 0.0143906
-1.74572 37.6378 -6.76493 0.265482 -0.964044 0.0117354
-3.25365 37.2423 -6.78778 0.24855 -0.968615 0.00283202
-4.53488 36.9189 -6.79061 0.243018 -0.970022 0.000147332
-5.92896 36.5716 -6.81585 0.241641 -0.970365 -0.00064596
-7.14257 36.2724 -6.78713 0.237478 -0.971387 0.00282569
-8.2615 36.0025 -6.79398 0.231815 -0.972756 0.000177369
-9.65046 35.6743 -6.77478 0.231926 -0.972711 -0.00634347
-10.6247 35.4342 -6.3087 0.23929 -0.970926 -0.00650438
-10.6688 35.415 -4.90419 0.237639 -0.97134 -0.00516623
-10.6828 35.4058 -3.71534 0.240037 -0.970757 -0.00360156
-10.6947 35.4011 -2.47525 0.239751 -0.970834 -0.000704599
-10.6696 35.4064 -1.17744 0.238629 -0.971111 -0.000704246
-10.6587 35.4085 0.0152669 0.238139 -0.971231 -0.00108959
-10.6495 35.4092 1.34721 0.23886 -0.971053 -0.00147346
-10.6437 35.4092 2.67607 0.240116 -0.970744 -6.41375e-05
-10.6975 35.398 3.80492 0.238883 -0.971045 0.00228446
-10.6911 35.403 5.00151 0.237227 -0.97145 0.00278872
-10.5517 35.4426 6.49757 0.237144 -0.971457 0.00580021
-9.22323 35.7635 6.7779 0.232615 -0.972564 0.00279754
-7.99079 36.0582 6.75596 0.232947 -0.972488 -0.00146333
-6.64943 36.381 6.73073 0.23564 -0.971832 -0.00406795
-6.00617 36.5379 6.76263 0.239727 -0.970816 -0.00615371
