-30.4288 32.9828 -1.51155 0.0101486 -0.999948 0.000339894
-30.444 32.983 -0.537624 0.0103694 -0.999946 0.000457093
-30.5281 32.9837 0.578283 0.0145674 -0.999891 0.00201787
-30.4977 32.9873 1.6198 0.0161217 -0.999863 0.00355058
-30.4292 32.991 2.17299 0.0179096 -0.999833 0.00365752
-31.1958 32.9817 3.15527 0.0224215 -0.999727 0.00562217
-31.2106 32.9772 2.22108 0.0193617 -0.999809 0.00258338
-31.354 32.9721 1.24034 0.017466 -0.999847 0.00116555
-31.2673 32.9723 0.261878 0.0162266 -0.999867 0.00146349
-31.2308 32.9734 -0.711435 0.0142951 -0.999896 -0.00069415
-31.1485 32.9752 -1.80522 0.0119533 -0.999928 -0.000436524
-31.1608 32.9765 -2.81344 0.0118062 -0.999923 -0.00355889
-31.2072 32.977 -3.04383 0.0132838 -0.999903 -0.00390644
-32.0769 32.9636 -3.12198 0.0169104 -0.999854 -0.00182781
-31.8687 32.9652 -2.09483 0.0154393 -0.99988 -0.00149394
-32.1775 32.9584 -1.21456 0.0176433 -0.999841 -0.00276913
-31.9621 32.9604 -0.254542 0.0184999 -0.999828 -0.00152681
-32.1388 32.9571 0.674595 0.0180108 -0.999837 0.000781585
-32.0304 32.9589 1.88507 0.0233869 -0.999726 0.000769023
-31.9962 32.9611 3.00753 0.024055 -0.999707 0.00246334
-32.8818 32.9373 2.86934 0.0297866 -0.999551 -0.00294656
-32.88 32.938 1.96071 0.0271998 -0.999628 -0.000595269
-32.9056 32.9387 1.059 0.0257139 -0.999665 -0.00306571
-32.8497 32.942 0.0721275 0.0238848 -0.999712 -0.00161269
-32.918 32.9424 -0.923875 0.021576 -0.999764 -0.00220567
-32.8818 32.9458 -2.06583 0.0217434 -0.999761 -0.00162948
-32.8921 32.9474 -3.03828 0.0243285 -0.999703 -0.000642441
-33.6342 32.9286 -3.03064 0.0256157 -0.999672 0.000213628
-33.6907 32.9263 -2.13517 0.0257764 -0.999667 -0.00109169
-33.6221 32.9265 -1.2094 0.0270627 -0.999628 -0.003197
-33.6519 32.9225 -0.289582 0.0270039 -0.999632 -0.00251513
-33.6388 32.9204 0.681164 0.0280217 -0.999604 -0.00251617
-33.571 32.9188 1.7432 0.0280292 -0.999604 -0.00233357
-33.6505 32.9137 2.84203 0.030718 -0.999524 -0.00277022
-33.6469 32.9133 3.03006 0.030676 -0.999526 -0.00249999
-34.4394 32.8893 2.89423 0.0322995 -0.999471 -0.00371284
-34.5262 32.8906 1.70341 0.0311195 -0.999509 -0.00373807
-34.7177 32.8881 0.794219 0.0302963 -0.999533 -0.00387142
-34.5034 32.8979 -0.19249 0.0287466 -0.999581 -0.00335207
-34.4541 32.903 -1.20635 0.0283919 -0.999592 -0.00303629
-34.4975 32.9041 -2.18665 0.0279415 -0.999606 -0.00247918
-34.3464 32.9094 -2.99217 0.0272729 -0.999628 -0.000751541
-35.155 32.8873 -3.17182 0.0271833 -0.999629 -0.00142837
-35.2472 32.8829 -2.24784 0.0289018 -0.999579 -0.00270144
-35.3004 32.8784 -1.24169 0.0289305 -0.999576 -0.00327914
-35.3505 32.8734 -0.316961 0.0297282 -0.999548 -0.00441224
-35.4974 32.865 0.57457 0.0305636 -0.999523 -0.00440697
-35.4511 32.8622 1.52324 0.0313592 -0.999499 -0.00433002
-35.2093 32.8658 2.56664 0.0321556 -0.999475 -0.00406044
-35.2337 32.8628 3.06575 0.0322075 -0.999472 -0.00424329
-36.048 32.8386 2.69293 0.0319172 -0.99948 -0.0046872
-36.1075 32.8385 2.24355 0.0317033 -0.99949 -0.00385299
-37.3124 32.8329 -3.58426 0.0229753 -0.999731 -0.00318466
-37.3888 32.8258 -2.00751 0.0225326 -0.999738 -0.00391926
-37.4015 32.8194 -0.760798 0.0259935 -0.999644 -0.00598034
-37.3758 32.8125 0.571044 0.0249066 -0.999671 -0.00606917
-37.3134 32.8045 2.01886 0.0275248 -0.999601 -0.0063733
-37.276 32.7973 3.43617 0.0286126 -0.999575 -0.0055858
-36.4156 32.819 4.32029 0.0314405 -0.999489 -0.00576408
-35.136 32.8609 4.30384 0.0333065 -0.999435 -0.00445037
-33.9146 32.9017 4.31032 0.0323316 -0.999474 -0.00241633
-32.5567 32.9447 4.35753 0.0308354 -0.999524 -0.00123109
-31.1509 32.9834 4.3609 0.0246476 -0.999695 -0.000613942
-29.6429 33.014 4.30696 0.0181461 -0.999824 0.0047239
-29.2359 33.0156 3.2354 0.0149593 -0.999869 0.00620773
-29.2214 33.0074 1.93386 0.0120318 -0.999903 0.00703943
-29.231 32.9992 0.642022 0.0094763 -0.999942 0.0051165
-29.2449 32.9925 -0.69737 0.0061018 -0.999967 0.00530655
-29.2796 32.9894 -1.92995 0.00122295 -0.999998 0.001075
-29.3793 32.9882 -3.36938 4.31806e-05 -1 -0.000274645
-29.9276 32.9887 -4.34077 0.00246327 -0.999995 -0.00190472
-31.2 32.9785 -4.3705 0.011317 -0.999935 -0.00107647
-32.4296 32.9576 -4.34995 0.0224474 -0.999748 -3.89118e-06
-33.762 32.9258 -4.37537 0.0252303 -0.999681 -0.000596484
-35.2878 32.8855 -4.36443 0.0265383 -0.999648 -0.000761638
-36.6191 32.8508 -4.3264 0.0256304 -0.999671 -0.00134597
-37.299 32.8336 -3.773 0.0227497 -0.999739 -0.00197003
-38.4947 32.8086 -3.86574 0.0202287 -0.999788 -0.00378303
-38.3758 32.8148 -5.40237 0.019231 -0.999813 -0.00195297
-37.0467 32.842 -5.54194 0.0224569 -0.999748 -3.70923e-05
-35.613 32.8777 -5.55132 0.025911 -0.999664 -0.000633323
-34.2818 32.9124 -5.56995 0.0260506 -0.999661 -0.00013505
-32.9354 32.9462 -5.53452 0.0238493 -0.999715 -0.00030369
-31.6714 32.9722 -5.53636 0.0165284 -0.999863 0.000376127
-30.4109 32.9884 -5.56767 0.00570996 -0.99998 -0.00245058
-29.1936 32.9937 -5.53948 0.00266234 -0.999991 -0.00337282
-28.1455 32.9911 -4.94662 -0.00476293 -0.999982 -0.00350256
-28.2037 32.9874 -3.68933 -0.00162463 -0.999998 -0.000239143
-28.1349 32.989 -2.35952 0.000421524 -0.999992 0.00403596
-28.0481 32.997 -0.973156 0.00486851 -0.99996 0.00752952
-28.0695 33.0088 0.527235 0.00867591 -0.999925 0.00866061
-28.0366 33.0203 1.73406 0.0108229 -0.999894 0.00975828
-28.0429 33.0322 3.1321 0.0150841 -0.999849 0.00854509
-28.0244 33.0443 4.43545 0.0184856 -0.999784 0.00953549
-28.574 33.0427 5.51248 0.0206695 -0.999749 0.00862458
-29.8286 33.0165 5.569 0.0219117 -0.999748 0.00482275
-31.1512 32.9849 5.55259 0.0266378 -0.999642 0.00217499
-32.3752 32.9491 5.53073 0.0307632 -0.999525 -0.00149397
-33.7009 32.906 5.48347 0.0339326 -0.99942 -0.00274332
-34.9493 32.8627 5.47026 0.0348809 -0.999386 -0.00326659
-36.1586 32.8209 5.48742 0.0333958 -0.999421 -0.00644461
-37.7264 32.7717 5.53396 0.0298998 -0.999525 -0.00748558
-38.472 32.7572 4.68441 0.0257255 -0.999645 -0.00693044
-38.4708 32.765 3.40072 0.0259244 -0.99965 -0.00532106
-38.4989 32.7744 1.97082 0.0231357 -0.999693 -0.00881785
-38.5252 32.7835 0.724832 0.0227695 -0.999715 -0.00720985
-38.5701 32.7916 -0.661519 0.0203303 -0.999773 -0.00632687
-38.5633 32.8006 -2.18597 0.0209825 -0.999763 -0.00572006
-38.5155 32.8068 -3.48468 0.0206159 -0.99978 -0.00373089
-38.5028 32.8075 -3.63797 0.0202817 -0.999788 -0.00352721
-39.7125 32.7857 -3.52636 0.0153945 -0.999874 -0.00381729
-39.6995 32.7917 -4.96856 0.0151273 -0.999882 -0.00234418
-39.713 32.793 -6.24148 0.0124519 -0.999922 0.000615301
-38.5549 32.8106 -6.78483 0.0184107 -0.999829 0.000947218
-37.1553 32.8387 -6.75502 0.025045 -0.999661 0.00540639
-35.7821 32.8725 -6.73859 0.0253809 -0.999677 0.000949864
-34.3741 32.9104 -6.76524 0.0267159 -0.999643 -6.55625e-05
-32.9968 32.9448 -6.74903 0.024899 -0.999689 0.00119345
-31.4361 32.9796 -6.70902 0.0153796 -0.999846 -0.00775367
-30.171 32.9983 -6.73444 0.0166744 -0.999832 -0.00742445
-28.6442 33.0056 -6.71358 -0.00117806 -0.999936 -0.0109342
-27.2927 32.9968 -6.65579 -0.0130991 -0.999775 -0.0164003
-26.9174 32.9851 -5.236 -0.00595332 -0.999979 -0.00259909
-26.9501 32.9812 -3.98884 -0.00856369 -0.999962 -0.00134217
-26.9685 32.9826 -2.73045 -0.00844672 -0.999954 0.00445652
-26.8871 32.9937 -1.48274 -0.0017862 -0.999922 0.012047
-26.8979 33.009 -0.0469039 0.00145588 -0.999911 0.0131053
-26.8314 33.0287 1.22101 0.0116744 -0.999875 0.0106748
-26.8532 33.0472 2.79346 0.0147321 -0.999834 0.0107047
-26.8406 33.0653 4.22942 0.0237541 -0.999604 0.0150977
-26.8428 33.0787 5.43527 0.0218895 -0.999721 0.00883899
-27.285 33.0816 6.69497 0.0202554 -0.999722 0.0120555
-28.6994 33.0511 6.75044 0.0256191 -0.999591 0.012732
-30.0484 33.0177 6.72435 0.0230856 -0.999715 0.00611733
-31.3012 32.9831 6.75287 0.0313322 -0.999506 0.00246827
-32.6019 32.9419 6.68674 0.0324829 -0.999472 0.000433118
-33.9595 32.8945 6.67197 0.0364213 -0.99933 -0.00340125
-35.1996 32.8505 6.67339 0.0354373 -0.999368 -0.00276769
-36.6971 32.7942 6.69244 0.0336829 -0.999388 -0.00911281
-38.0027 32.7556 6.69453 0.0264377 -0.999625 -0.00711545
-39.3218 32.7225 6.60976 0.023006 -0.999713 -0.00653989
-39.7168 32.722 5.42836 0.0227174 -0.999702 -0.00893404
-39.6935 32.7329 4.13032 0.021202 -0.999749 -0.00712366
-39.6837 32.7416 2.88205 0.0202414 -0.999766 -0.007568
-39.6452 32.7536 1.46737 0.0212774 -0.999741 -0.00807207
-39.7278 32.7631 0.0524847 0.0200106 -0.999763 -0.00852763
-39.7266 32.7717 -1.16962 0.0191347 -0.999793 -0.00697073
-39.7488 32.7802 -2.43172 0.0171839 -0.999834 -0.00590388
-39.7319 32.7836 -3.1023 0.0141463 -0.999891 -0.00422228
