-2.83712 37.8859 3.0691 0.255888 -0.966703 0.000984515
-2.88528 37.8717 2.17319 0.261726 -0.965142 -0.000673983
-3.05361 37.8252 1.01775 0.259977 -0.965614 0.00133381
-3.07349 37.8179 0.118715 0.252923 -0.967486 0.000634069
-2.85419 37.8779 -1.00055 0.256779 -0.966466 -0.00280364
-2.83091 37.8866 -1.98063 0.255273 -0.966866 -0.00250833
-2.94111 37.8593 -2.96752 0.256767 -0.96647 -0.0022389
-2.94502 37.8589 -3.18041 0.25743 -0.966292 -0.00301165
-3.6739 37.668 -3.38767 0.252225 -0.967666 -0.00241664
-3.68409 37.6637 -2.47634 0.252094 -0.967702 -0.00118002
-3.51887 37.7041 -1.61816 0.252671 -0.967548 -0.00269938
-3.69031 37.6571 -0.680013 0.251783 -0.967781 -0.00194656
-3.81228 37.624 0.287844 0.254732 -0.967012 -0.000431666
-3.73726 37.6435 1.17997 0.253339 -0.967378 0.000208884
-3.67132 37.6633 2.0609 0.252889 -0.967488 0.00339436
-3.62128 37.6777 2.96275 0.254287 -0.967127 0.00136984
-3.65432 37.6696 3.21954 0.25301 -0.967462 0.000235043
-4.51096 37.4476 3.24651 0.249568 -0.968357 -0.000611256
-4.43066 37.4671 2.42147 0.248611 -0.968597 0.00364142
-4.44216 37.4633 1.59249 0.245785 -0.969324 0.000265102
-4.50305 37.4472 0.457815 0.246506 -0.96914 0.00116849
-4.46278 37.4562 -0.431849 0.247419 -0.968896 -0.00264629
-4.29247 37.504 -1.53361 0.248186 -0.968699 -0.00501928
-4.5402 37.4435 -2.36218 0.246657 -0.969096 -0.00358178
-4.47794 37.4607 -3.38326 0.245457 -0.969407 -0.000829423
-5.28204 37.2577 -3.30971 0.243787 -0.969828 -0.00126073
-5.28204 37.2551 -2.16312 0.243789 -0.969824 -0.00284066
-5.28204 37.2532 -1.29063 0.242799 -0.970076 -0.00129861
-5.28204 37.2522 -0.119157 0.240728 -0.970592 -0.000520309
-5.28204 37.2515 1.06114 0.241617 -0.970372 -5.68444e-05
-5.28204 37.2513 1.92926 0.241308 -0.970449 8.22434e-05
-5.28204 37.2524 2.80216 0.2429 -0.970051 0.000205977
-5.28204 37.2525 3.30036 0.243558 -0.969886 0.000655344
-6.07345 37.0551 3.40818 0.240636 -0.970615 -0.00045618
-5.91729 37.0937 2.30276 0.240006 -0.970771 0.000452402
-6.18093 37.0283 1.12935 0.240302 -0.970698 -3.91649e-05
-6.02897 37.0666 0.168483 0.239431 -0.970913 -0.0006568
-6.10442 37.0487 -0.651023 0.240742 -0.970589 -0.000512297
-6.05151 37.0622 -1.53939 0.240721 -0.970594 -0.00058423
-6.15343 37.0383 -2.41725 0.239413 -0.970916 -0.00183662
-5.95296 37.0892 -3.41761 0.241793 -0.970327 -0.000324099
-6.75802 36.8904 -3.1471 0.23972 -0.970841 -0.000292672
-6.93556 36.8455 -2.2417 0.238775 -0.971074 -0.000934748
-6.82105 36.8725 -1.27232 0.238113 -0.971237 -0.000777971
-6.85426 36.8639 -0.405447 0.237774 -0.97132 -0.00041747
-6.90012 36.8521 0.444586 0.237481 -0.971392 -0.000842899
-6.92497 36.8455 1.59697 0.237297 -0.971437 -0.000465789
-6.7007 36.9003 2.44182 0.23835 -0.971179 -0.000315036
-6.80302 36.875 3.18744 0.238341 -0.971181 -0.000351625
-7.5348 36.6957 3.20757 0.237205 -0.971459 -0.000636044
-7.54682 36.6932 2.2652 0.23701 -0.971507 -0.00051138
-7.70191 36.6558 1.41267 0.236871 -0.971541 -0.000519549
-7.68116 36.6614 0.442032 0.236822 -0.971553 -0.000532958
-7.63544 36.6732 -0.420972 0.236671 -0.97159 -0.000548119
-7.61134 36.6794 -1.31976 0.236831 -0.971551 -0.000546034
-7.64787 36.671 -2.24146 0.237143 -0.971475 -0.000630071
-7.53943 36.6984 -3.27278 0.237405 -0.97141 -0.00137136
-6.74862 36.894 -4.5675 0.239418 -0.970915 -0.00180071
-8.22599 36.5327 -4.53302 0.23618 -0.971708 -0.00129422
-8.93213 36.3598 -3.59639 0.236252 -0.97169 -0.00168933
-9.0003 36.3415 -2.46727 0.237155 -0.971471 -0.00100653
-9.0158 36.3368 -1.01901 0.23714 -0.971475 -0.000623199
-8.99429 36.3414 0.343064 0.236878 -0.971539 -0.000456471
-8.96164 36.3483 1.80072 0.237324 -0.97143 -0.000628064
-8.99191 36.3402 3.15168 0.237019 -0.971505 -0.000422598
-8.60031 36.4351 4.5032 0.236533 -0.971623 -0.000290486
-7.44046 36.7176 4.50293 0.236451 -0.971643 -0.000858265
-6.2553 37.0088 4.51212 0.239901 -0.970796 -0.00143016
-5.09825 37.2978 4.54521 0.243811 -0.96982 -0.00209524
-3.90519 37.6023 4.52529 0.251275 -0.967911 -0.00289704
-2.65648 37.93 4.45985 0.257782 -0.966201 -0.00110398
-1.68159 38.1939 4.08607 0.265006 -0.964244 -0.0017476
-1.62017 38.2148 2.64151 0.265272 -0.964167 -0.00203678
-1.56478 38.2308 1.164 0.266827 -0.963743 0.00142941
-1.59165 38.2208 -0.0158287 0.268034 -0.963405 0.00282728
-1.61174 38.2148 -1.45778 0.26712 -0.963661 -0.00186973
-1.6791 38.2014 -2.78218 0.26495 -0.964254 -0.0032899
-1.73281 38.1878 -4.21235 0.265181 -0.964198 0.000955526
-2.75723 37.9114 -4.56726 0.256566 -0.966527 0.000500537
-3.88843 37.6141 -4.57559 0.250371 -0.968148 -0.00184317
-5.19417 37.2811 -4.56001 0.244004 -0.969772 -0.00182283
-6.37924 36.9851 -4.55972 0.239748 -0.970832 -0.00248714
-6.60499 36.9295 -4.56305 0.239622 -0.970864 -0.00212795
-6.48554 36.9602 -5.69652 0.240228 -0.970716 -0.00062483
-5.13013 37.2989 -5.66868 0.244359 -0.969684 -0.00120753
-3.87104 37.6188 -5.68501 0.24883 -0.968546 -3.43694e-05
-2.47092 37.9862 -5.68326 0.25845 -0.966022 0.00217739
-1.08128 38.3671 -5.57932 0.271637 -0.962378 0.00487896
-0.613757 38.5009 -4.63313 0.27309 -0.961988 -0.000652778
-0.5961 38.5036 -3.30803 0.271313 -0.96249 -0.00126901
-0.560328 38.5116 -2.00333 0.273449 -0.961877 -0.00366464
-0.553106 38.5102 -0.826206 0.275216 -0.961381 0.00153303
-0.519397 38.5227 0.482226 0.273333 -0.961916 0.0024488
-0.554282 38.5139 1.87203 0.274067 -0.96171 -0.000351329
-0.535057 38.5152 2.99407 0.270298 -0.96276 -0.00490799
-0.550762 38.5089 4.13837 0.272184 -0.962238 -0.00266604
-0.668643 38.4717 5.26923 0.271466 -0.962442 -0.000427393
-1.62408 38.2046 5.62372 0.261737 -0.965115 -0.00684511
-2.76891 37.8971 5.58365 0.257398 -0.966297 -0.00399239
-3.95837 37.5848 5.65864 0.24883 -0.968545 -0.00184213
-5.34752 37.232 5.6561 0.243671 -0.969851 -0.00315844
-6.47157 36.9531 5.58956 0.238995 -0.971019 -0.00181757
-7.58964 36.6799 5.61583 0.236306 -0.971678 -0.00134413
-8.72033 36.4055 5.66831 0.235157 -0.971957 -6.44845e-05
-9.9134 36.1161 5.44879 0.236 -0.971751 0.00179305
-10.0167 36.0896 4.28649 0.237499 -0.971388 0.000414341
-10.0751 36.0755 2.88888 0.237632 -0.971355 -0.000221786
-10.0202 36.0895 1.761 0.237709 -0.971336 -0.000985699
-10.0499 36.0831 0.546426 0.237833 -0.971306 -0.000419155
-10.0784 36.0768 -0.762964 0.237724 -0.971333 -0.000579911
-10.0717 36.0793 -2.10349 0.237933 -0.971281 -0.000789306
-10.0295 36.0915 -3.31649 0.237889 -0.97129 -0.00215928
-10.0468 36.0904 -4.43768 0.236241 -0.971688 -0.00343091
-9.75922 36.1643 -5.54468 0.234108 -0.972203 -0.0037414
-8.34241 36.5063 -5.65824 0.234872 -0.972025 -0.00132034
-7.23671 36.775 -5.70239 0.238638 -0.971108 -3.96382e-06
-6.76252 36.8919 -5.7095 0.239284 -0.970949 -0.000718759
-6.7253 36.9001 -6.81255 0.239411 -0.970916 0.00203983
-7.90873 36.6111 -6.80974 0.237821 -0.9713 0.00392206
-9.25961 36.2892 -6.76863 0.229531 -0.973297 -0.00274007
-10.5518 35.9814 -6.77987 0.231382 -0.972826 -0.00827075
-11.1424 35.8298 -5.77304 0.237505 -0.97137 -0.00555883
-11.122 35.8287 -4.58391 0.238068 -0.971232 -0.00559822
-11.1186 35.8242 -3.18071 0.239079 -0.970996 -0.0027818
-11.1407 35.8168 -1.86758 0.238672 -0.9711 -0.000826342
-11.1452 35.8146 -0.421105 0.238859 -0.971054 -0.000859683
-11.1083 35.8224 0.811926 0.239595 -0.970873 -0.000799429
-11.1129 35.8209 1.96805 0.239503 -0.970896 0.000185303
-11.1702 35.8069 3.2231 0.238909 -0.971042 0.000374185
-11.122 35.8192 4.39627 0.238373 -0.971173 0.000615898
-11.1347 35.8186 5.52138 0.2371 -0.971478 0.00382476
-10.8627 35.8904 6.66256 0.235605 -0.971829 0.00613612
-9.77497 36.1529 6.76464 0.234237 -0.972171 0.00387752
-8.66547 36.4186 6.78111 0.232203 -0.972667 -0.0010905
-7.45691 36.7088 6.72594 0.235528 -0.971861 -0.00347869
-6.11347 37.0374 6.70782 0.239481 -0.970884 -0.00574954
-4.95425 37.328 6.77045 0.246592 -0.96911 -0.0040126
-3.77037 37.6286 6.80101 0.248472 -0.968611 -0.00658541
-2.61189 37.9309 6.71721 0.254282 -0.967102 -0.00720325
-1.49825 38.2298 6.75587 0.269399 -0.962986 -0.00901507
-0.249932 38.582 6.70251 0.273997 -0.961642 -0.0130195
0.479082 38.8001 5.9628 0.281791 -0.959464 -0.00331262
0.529774 38.8177 4.71998 0.278683 -0.96038 -0.00245144
0.520901 38.8182 3.50363 0.27948 -0.960148 -0.00256398
0.507273 38.8166 2.31643 0.279639 -0.960103 -0.00211745
0.551561 38.8317 0.924954 0.278299 -0.960492 0.00112901
0.524294 38.8208 -0.218984 0.277715 -0.96066 0.00240756
0.537207 38.8259 -1.34983 0.279332 -0.960188 -0.00356093
0.513035 38.823 -2.55778 0.282784 -0.95918 -0.00241877
0.539749 38.8304 -3.91517 0.279264 -0.960203 0.00372135
0.478093 38.8148 -5.21807 0.278208 -0.960516 -0.00293122
0.443018 38.8047 -6.59685 0.290681 -0.956819 0.000796109
-0.638265 38.4872 -6.75968 0.277297 -0.960718 0.0112657
-1.83494 38.1522 -6.7747 0.263548 -0.964595 0.00990398
-3.03295 37.8335 -6.8318 0.250647 -0.968066 0.00479249
-4.12557 37.5533 -6.78382 0.248366 -0.968666 0.00124302
-5.51885 37.2008 -6.78272 0.243676 -0.969855 0.00162201
-6.61545 36.9271 -6.81294 0.240642 -0.97061 0.00210009
