35.61 39.1931 2.75987 -0.287121 -0.957892 -0.00183083
35.5375 39.2156 1.81453 -0.289365 -0.957219 -0.000447701
35.4995 39.2284 0.718008 -0.288563 -0.957459 -0.0014166
35.4744 39.2352 -0.197999 -0.286621 -0.958043 0.00149424
35.54 39.2138 -1.32205 -0.286838 -0.957978 0.0016483
35.4941 39.2273 -2.20237 -0.285539 -0.958366 -0.00124274
35.4846 39.2316 -2.90199 -0.28528 -0.958442 -0.00211484
34.7489 39.4501 -3.19344 -0.280172 -0.959945 -0.00258696
34.7137 39.4587 -2.08978 -0.279929 -0.96002 0.00063005
34.8223 39.4275 -1.19096 -0.284298 -0.958736 0.000927342
34.6574 39.476 -0.337902 -0.279352 -0.960189 0.00030996
34.7372 39.4538 0.598912 -0.280214 -0.959937 0.000909929
34.7472 39.4513 1.71867 -0.283148 -0.959076 -0.000357663
34.8549 39.4183 2.78083 -0.282108 -0.959381 -0.00200113
34.8766 39.411 3.29114 -0.280772 -0.95977 -0.00247657
34.0899 39.6399 3.25328 -0.278706 -0.960374 -0.00154455
33.9874 39.6705 2.12073 -0.27448 -0.961592 -0.0012179
33.976 39.6752 1.23554 -0.275378 -0.961334 0.001629
34.0051 39.6656 0.394487 -0.276324 -0.961063 0.00106831
33.9717 39.6752 -0.657557 -0.274524 -0.96158 -0.000754758
34.109 39.6344 -1.50904 -0.277854 -0.960623 -0.00110198
33.9602 39.6781 -2.55079 -0.277338 -0.96077 -0.000664714
33.9447 39.6826 -3.11986 -0.277645 -0.960681 -0.00159242
33.1506 39.9092 -3.18712 -0.271269 -0.962502 -0.000936054
33.1506 39.9094 -2.06092 -0.271088 -0.962554 0.000867818
33.1506 39.9091 -1.13631 -0.272518 -0.962149 -0.00169484
33.1506 39.9078 0.0553966 -0.272243 -0.962227 -0.000597174
33.1506 39.9084 0.944761 -0.268924 -0.963161 -0.000440849
33.1506 39.9074 1.94323 -0.27057 -0.962699 -0.00115696
33.1506 39.9064 3.00338 -0.270771 -0.962644 -1.53376e-05
33.1506 39.9065 3.2135 -0.271492 -0.96244 2.87951e-05
32.3104 40.1407 3.01865 -0.267325 -0.963605 -0.00180659
32.3624 40.1283 2.147 -0.269871 -0.962895 -0.0014076
32.2795 40.1516 0.911347 -0.268002 -0.963418 -0.000163935
32.2658 40.1567 -0.216996 -0.268149 -0.963377 -0.000953166
32.4409 40.1091 -1.28157 -0.268484 -0.963284 -0.000716693
32.259 40.1599 -2.12231 -0.269024 -0.963132 0.000463844
32.3486 40.135 -3.03024 -0.267378 -0.963591 -0.000881435
32.3537 40.1336 -3.06113 -0.268106 -0.963388 -0.00151046
31.5275 40.3629 -3.07743 -0.266973 -0.963702 -0.00184572
31.517 40.3646 -2.18396 -0.265504 -0.96411 -0.000173807
31.7042 40.3129 -1.30799 -0.263458 -0.96467 -0.00106931
31.544 40.3557 -0.411305 -0.263651 -0.964618 -0.000817278
31.5674 40.3489 0.454562 -0.263685 -0.964609 -0.00074164
31.5644 40.3488 1.3367 -0.264962 -0.964258 -0.000750278
31.6976 40.3111 2.5678 -0.263386 -0.964689 -0.00176243
31.6224 40.331 2.96396 -0.264584 -0.96436 -0.00212558
30.8023 40.5547 3.04486 -0.261948 -0.965081 -0.00103704
30.908 40.5276 2.06743 -0.262733 -0.964868 -0.000788547
30.8332 40.5487 0.824903 -0.262314 -0.964982 -0.00078042
30.8275 40.5509 -0.226605 -0.262131 -0.965032 -0.000566827
30.885 40.5364 -1.1309 -0.262982 -0.9648 -0.00130021
30.8016 40.5597 -1.99218 -0.262307 -0.964984 -0.000574475
30.7833 40.5658 -2.85952 -0.261971 -0.965075 -0.00154422
30.7723 40.5694 -3.22678 -0.261477 -0.965208 -0.00170365
36.7737 38.8402 2.7119 -0.293493 -0.95596 0.0014957
36.8787 38.8067 1.47044 -0.294177 -0.95575 -0.00116601
36.9199 38.7944 0.116097 -0.295309 -0.955402 0.00035121
36.8698 38.8094 -1.08094 -0.294189 -0.955747 0.000847605
36.8465 38.8181 -2.37496 -0.294093 -0.955775 -0.00167363
36.8264 38.8252 -3.55387 -0.29622 -0.955119 0.000551887
36.0025 39.0771 -4.45423 -0.292821 -0.956166 0.0010601
34.7429 39.4557 -4.4636 -0.282507 -0.959262 -0.00218798
33.523 39.806 -4.50666 -0.272895 -0.962042 -0.00204614
32.0136 40.2299 -4.47011 -0.267181 -0.963645 -0.000775046
30.8584 40.5472 -4.49175 -0.262198 -0.965014 -0.000238068
29.7342 40.8512 -4.43539 -0.259592 -0.965718 -0.000887442
29.4222 40.9337 -3.26238 -0.259094 -0.965852 -0.000568469
29.4662 40.9207 -1.96847 -0.259893 -0.965636 -0.00127023
29.5053 40.909 -0.725779 -0.259707 -0.965687 -0.00116124
29.4856 40.9119 0.612425 -0.258713 -0.965953 -0.00136125
29.5027 40.9062 2.10593 -0.258878 -0.965909 -0.000959739
29.4775 40.9119 3.26681 -0.258691 -0.965959 -0.000930209
29.9701 40.7793 4.39032 -0.260385 -0.965505 0.000179725
31.2087 40.4434 4.43662 -0.263788 -0.964579 0.000525995
32.51 40.0845 4.45571 -0.267448 -0.963572 -0.000297249
33.733 39.7408 4.44581 -0.273447 -0.961886 -0.00172233
35.2279 39.3078 4.46703 -0.282151 -0.959366 -0.00271489
36.6411 38.8798 4.35036 -0.29348 -0.955962 -0.00247986
36.7672 38.8428 3.17096 -0.293344 -0.956007 2.91332e-06
36.7675 38.8426 3.01708 -0.293191 -0.956053 0.00121998
37.8535 38.505 2.90453 -0.299327 -0.95415 0.000438069
37.878 38.4966 4.20098 -0.301389 -0.953501 -0.000232794
37.8287 38.5125 5.39219 -0.302702 -0.953085 -0.000599784
36.7344 38.8522 5.5979 -0.291751 -0.95649 0.00302276
35.4256 39.2475 5.59168 -0.284144 -0.958781 0.00145449
34.1894 39.6099 5.58826 -0.275542 -0.961289 -0.000156425
33.0762 39.9264 5.584 -0.272308 -0.962208 0.00212105
31.732 40.3001 5.59966 -0.265254 -0.964178 0.00146825
30.6151 40.6051 5.58369 -0.261631 -0.965168 0.000206237
29.3896 40.9357 5.56436 -0.258749 -0.965944 0.000223461
28.461 41.1829 5.03692 -0.257137 -0.966375 0.000122077
28.3874 41.2028 3.61228 -0.257373 -0.966312 -0.000158336
28.3848 41.2041 2.3726 -0.257024 -0.966405 -0.000765178
28.3741 41.2079 1.19792 -0.256662 -0.966501 -0.000917009
28.3984 41.2032 -0.0381503 -0.256258 -0.966607 -0.00178026
28.4311 41.1965 -1.27432 -0.256622 -0.966511 -0.00112666
28.3343 41.2235 -2.5848 -0.256596 -0.966518 -0.000850263
28.3425 41.2224 -4.00083 -0.256744 -0.966479 -0.000615292
28.658 41.1404 -5.56115 -0.256887 -0.966441 -0.00101982
29.7761 40.8412 -5.68921 -0.26019 -0.965557 -0.00105784
30.9874 40.5135 -5.64125 -0.261716 -0.965143 -0.00176446
32.2341 40.171 -5.61466 -0.268345 -0.963318 -0.00298052
33.4698 39.8234 -5.65588 -0.274309 -0.961639 -0.000939039
34.7362 39.4571 -5.63122 -0.281381 -0.959594 0.00148982
36.2045 39.0162 -5.60052 -0.291224 -0.956652 -0.00219553
37.5302 38.6026 -5.60398 -0.30336 -0.952865 -0.00466548
37.8829 38.4914 -4.29423 -0.302563 -0.953128 0.00177079
37.9293 38.4791 -2.90519 -0.302583 -0.953121 0.0020245
37.9074 38.4861 -1.63995 -0.299204 -0.954189 -0.000469017
37.9802 38.4645 -0.374629 -0.298618 -0.954372 0.000533821
37.9986 38.459 0.812554 -0.298006 -0.954563 0.00110124
37.9083 38.4881 2.00199 -0.297885 -0.954602 0.000446973
37.8635 38.502 2.5294 -0.298592 -0.954381 -0.000147092
38.9804 38.1502 2.50488 -0.301666 -0.953414 0.000119789
39.0383 38.1285 1.17039 -0.303924 -0.952689 0.00360164
39.0328 38.1305 -0.3659 -0.30458 -0.952486 -0.000990157
38.9826 38.1472 -1.56241 -0.302445 -0.953167 0.000494753
39.0547 38.1209 -2.72438 -0.306518 -0.951858 0.00349335
38.9873 38.138 -3.95578 -0.306548 -0.95185 0.00327654
38.9651 38.1418 -5.22242 -0.309942 -0.950745 0.00426996
38.944 38.1455 -6.50246 -0.314451 -0.949274 0.000380211
37.7227 38.5471 -6.78475 -0.30724 -0.951555 -0.012076
36.4607 38.9431 -6.76473 -0.292702 -0.956163 -0.00888121
35.2829 39.2991 -6.72296 -0.283033 -0.959089 -0.00636587
34.1213 39.6386 -6.77985 -0.279242 -0.9602 -0.00535275
32.6459 40.0599 -6.74211 -0.271185 -0.962513 -0.00517358
31.53 40.3681 -6.78678 -0.26293 -0.964808 -0.0037737
30.3002 40.7026 -6.8127 -0.260754 -0.965399 -0.0034629
29.1823 41.0028 -6.80067 -0.258741 -0.965942 -0.00296647
27.8614 41.3532 -6.75633 -0.255635 -0.966771 -0.00213486
27.2766 41.5059 -5.78646 -0.255408 -0.966833 -0.000644048
27.2546 41.5107 -4.34991 -0.255083 -0.966919 -0.000597033
27.2868 41.5012 -3.14917 -0.255426 -0.966828 -0.000785261
27.2372 41.5129 -1.98761 -0.254647 -0.967033 -0.00151194
27.3739 41.4748 -0.618116 -0.254417 -0.967094 -0.00124789
27.3057 41.4917 0.566819 -0.255247 -0.966876 -0.000652019
27.3034 41.4913 1.7919 -0.255829 -0.966722 -0.000794801
27.2688 41.4995 3.04243 -0.255317 -0.966857 -0.000723937
27.3205 41.4853 4.21313 -0.255229 -0.966881 -0.00010758
27.3097 41.4878 5.51946 -0.255227 -0.966881 -8.51284e-05
27.599 41.4115 6.68666 -0.255504 -0.966808 0.000671468
28.8577 41.0783 6.74493 -0.257405 -0.966303 0.0010036
30.1412 40.7352 6.71275 -0.259845 -0.965646 0.00300066
31.3988 40.3946 6.74331 -0.263448 -0.964668 0.00309253
32.534 40.0819 6.71289 -0.266713 -0.963767 0.00383727
33.6534 39.7668 6.73566 -0.272545 -0.962121 0.00656548
34.7695 39.4455 6.71947 -0.278797 -0.960325 0.00692225
36.0077 39.078 6.72578 -0.290161 -0.956947 0.0077317
37.1578 38.7267 6.72501 -0.29593 -0.955153 0.0101625
38.2999 38.3641 6.74323 -0.303592 -0.952796 0.00335978
39.0159 38.1315 5.93302 -0.30728 -0.951619 -0.000724846
39.0118 38.1363 4.74098 -0.304233 -0.952595 -0.00228783
38.9714 38.152 3.40944 -0.302636 -0.953104 -0.00209344
38.9814 38.1499 2.79338 -0.301346 -0.953515 -0.000305439
