15.6571 44.5065 -5.54385 -0.25205 -0.967714 -6.41546e-05
15.5987 44.5218 -6.12726 -0.252042 -0.967716 -1.09136e-05
15.5957 44.5226 -6.24913 -0.25199 -0.96773 7.23644e-05
15.1431 44.6405 -6.43841 -0.252298 -0.967649 9.24286e-08
15.1496 44.6388 -5.9039 -0.252233 -0.967666 -0.00010215
15.1439 44.6402 -5.33521 -0.252269 -0.967657 6.00372e-05
15.2418 44.6147 -4.85637 -0.2522 -0.967675 -9.63548e-05
15.3254 44.5929 -4.35382 -0.252125 -0.967695 -2.43883e-05
15.2074 44.6236 -3.89142 -0.252159 -0.967686 -1.08045e-06
15.1956 44.6267 -3.20891 -0.252215 -0.967671 2.19695e-05
15.1464 44.6395 -2.60772 -0.252124 -0.967695 -0.000219974
15.3063 44.5978 -2.08265 -0.252313 -0.967646 -1.28949e-05
15.2217 44.6198 -1.55372 -0.252056 -0.967713 -4.84323e-05
15.1795 44.6308 -0.963969 -0.252172 -0.967682 1.93021e-05
15.1505 44.6383 -0.456044 -0.252199 -0.967675 -3.09336e-05
15.1406 44.6408 0.11188 -0.25227 -0.967657 -0.000119876
15.1332 44.6428 0.598535 -0.252258 -0.96766 -5.83546e-05
15.1454 44.6396 1.23497 -0.252186 -0.967679 1.42125e-05
15.1354 44.6421 1.76288 -0.25219 -0.967678 -0.000101619
15.1035 44.6505 2.52033 -0.252042 -0.967716 8.24094e-05
15.2229 44.6193 3.24187 -0.252313 -0.967646 1.84466e-05
15.2073 44.6234 3.91176 -0.252362 -0.967633 -2.23453e-05
15.2873 44.6025 4.54069 -0.252435 -0.967614 -1.19575e-05
15.1292 44.6437 5.21529 -0.252301 -0.967649 -7.719e-05
15.1536 44.6374 6.00203 -0.252417 -0.967619 0.000127147
15.1408 44.6407 6.42441 -0.252035 -0.967718 -3.10259e-05
14.7019 44.7551 6.37638 -0.25208 -0.967706 -0.000103749
14.7019 44.7551 5.54242 -0.252148 -0.967689 3.37858e-07
14.7019 44.7551 5.02333 -0.252125 -0.967695 -9.31658e-05
14.7019 44.7551 4.53887 -0.252249 -0.967662 -2.35869e-05
14.7019 44.7551 3.94939 -0.252237 -0.967665 -5.5153e-05
14.7019 44.7551 3.46197 -0.252273 -0.967656 0.000140422
14.7019 44.7551 2.94771 -0.252115 -0.967697 -9.14773e-05
14.7019 44.7551 2.42702 -0.252216 -0.967671 0.000130165
14.7019 44.7551 1.6268 -0.25217 -0.967683 -3.47609e-05
14.7019 44.7551 1.15231 -0.252122 -0.967696 -1.31888e-06
14.7019 44.7552 0.605021 -0.252012 -0.967724 -3.26113e-05
14.7019 44.7552 0.086917 -0.252184 -0.967679 -0.00017246
14.7019 44.7553 -0.45438 -0.252156 -0.967687 -7.39263e-05
14.7019 44.7553 -0.954856 -0.252232 -0.967667 5.26298e-05
14.7019 44.7552 -1.68538 -0.252254 -0.967661 8.46999e-05
14.7019 44.7553 -2.28692 -0.252272 -0.967656 -5.23849e-05
14.7019 44.7553 -2.7621 -0.252224 -0.967669 1.96998e-05
14.7019 44.7553 -3.56556 -0.252058 -0.967712 4.18458e-05
14.7019 44.7554 -4.05999 -0.252109 -0.967699 -8.11244e-05
14.7019 44.7554 -4.61803 -0.252087 -0.967705 -0.000134519
14.7019 44.7555 -5.34374 -0.252082 -0.967706 -5.73313e-05
14.7019 44.7555 -6.02801 -0.252137 -0.967692 6.05137e-05
14.7019 44.7555 -6.48084 -0.252072 -0.967708 1.62698e-05
14.2589 44.8709 -6.452 -0.252353 -0.967635 2.54759e-05
14.2867 44.8637 -5.91634 -0.252176 -0.967681 -3.63286e-05
14.2607 44.8704 -5.22788 -0.252101 -0.967701 -3.8941e-05
14.2952 44.8614 -4.75133 -0.252298 -0.96765 -7.05871e-05
14.2684 44.8683 -4.04713 -0.252168 -0.967684 -0.000102188
14.3434 44.8487 -3.23565 -0.252149 -0.967689 7.9706e-05
14.2544 44.8719 -2.57888 -0.252208 -0.967673 -1.22839e-05
14.2684 44.8682 -1.82784 -0.252168 -0.967683 -0.000243415
14.3093 44.8576 -1.07259 -0.252065 -0.96771 -6.74069e-05
14.2585 44.8708 -0.565794 -0.252019 -0.967722 -4.73671e-05
14.3096 44.8574 -0.0609117 -0.252039 -0.967717 -0.000175754
14.266 44.8688 0.550865 -0.25219 -0.967678 -0.000127975
14.2316 44.8776 1.38776 -0.252139 -0.967691 -3.33087e-05
14.268 44.8682 1.91772 -0.252184 -0.967679 -0.000172606
14.2684 44.8681 2.39564 -0.252204 -0.967674 0.000178062
14.2865 44.8634 2.92623 -0.25216 -0.967686 -0.000106755
14.2808 44.8649 3.45251 -0.252221 -0.96767 0.000100186
14.2892 44.8627 3.97974 -0.252222 -0.967669 5.01187e-05
14.2813 44.8648 4.57442 -0.252184 -0.967679 -7.6705e-05
14.2716 44.8672 5.28204 -0.252274 -0.967656 -4.75974e-05
14.2828 44.8643 5.82948 -0.252221 -0.96767 1.27459e-06
14.2635 44.8693 6.32376 -0.252344 -0.967638 1.26048e-05
14.2533 44.872 6.53252 -0.252374 -0.96763 5.31587e-05
13.7519 45.0029 -3.62157 -0.252227 -0.967668 -4.82982e-05
13.7172 45.0119 -3.2908 -0.252162 -0.967685 -0.000126329
13.7039 45.0154 -2.76473 -0.252021 -0.967722 -6.03555e-06
13.7234 45.0103 -2.36096 -0.252065 -0.96771 1.89029e-06
13.7683 44.9986 -1.99875 -0.252172 -0.967682 -7.32471e-05
13.7624 45 -1.43576 -0.252043 -0.967716 -9.64645e-05
13.7723 44.9974 -0.971965 -0.25218 -0.96768 -6.27686e-05
13.8198 44.9851 -0.494459 -0.252175 -0.967682 -6.4203e-05
13.8303 44.9823 -0.114729 -0.252149 -0.967688 -7.11042e-05
13.8345 44.9812 0.181999 -0.252146 -0.967689 0.000102362
13.8295 44.9825 0.539171 -0.25212 -0.967696 -0.000118614
13.8084 44.988 0.892102 -0.252154 -0.967687 -8.02778e-05
13.7735 44.997 1.32796 -0.252212 -0.967672 5.7391e-05
13.7734 44.9971 1.6434 -0.252257 -0.96766 0.000119573
13.74 45.0058 2.07558 -0.252332 -0.967641 -0.000124496
13.7421 45.0052 2.38809 -0.252206 -0.967674 -3.12416e-05
13.7591 45.0008 2.76871 -0.252298 -0.96765 0.000116918
13.7502 45.0031 3.09318 -0.252293 -0.967651 0.000139682
13.7369 45.0066 3.39384 -0.252312 -0.967646 -3.93777e-05
13.7107 45.0134 3.78792 -0.252294 -0.967651 -4.96593e-05
13.6864 45.0198 4.09247 -0.252286 -0.967653 5.98455e-06
13.6818 45.021 4.4439 -0.252208 -0.967673 6.70189e-05
13.6765 45.0224 4.77283 -0.252254 -0.967661 4.98154e-05
13.7407 45.0056 5.33018 -0.252263 -0.967659 -4.4856e-06
13.7762 44.9964 5.82278 -0.252283 -0.967654 -6.85517e-05
13.7749 44.9967 6.30618 -0.252303 -0.967648 0.00010422
13.9312 44.956 6.70068 -0.252358 -0.967634 1.06715e-05
14.1496 44.899 6.81522 -0.252359 -0.967634 -2.04921e-05
14.6301 44.7737 6.84872 -0.252317 -0.967645 6.75717e-05
15.1542 44.6372 6.8588 -0.252141 -0.96769 -0.000141413
15.5408 44.5364 6.81229 -0.252262 -0.967659 -0.000104055
15.7973 44.4696 6.33641 -0.252262 -0.967659 4.02935e-05
15.7858 44.4725 5.84102 -0.252071 -0.967709 -1.45799e-05
15.7042 44.4938 5.31263 -0.252197 -0.967676 -8.70667e-05
15.6661 44.5038 4.99671 -0.252235 -0.967666 -0.000147845
15.6637 44.5044 4.41078 -0.252247 -0.967663 5.52116e-05
15.6485 44.5083 4.00004 -0.252219 -0.96767 -4.71683e-05
15.6457 44.5091 3.67168 -0.252181 -0.96768 -2.22946e-05
15.6962 44.4959 3.12648 -0.252192 -0.967677 -1.12313e-05
15.7552 44.4806 2.7067 -0.25231 -0.967646 -0.000168533
15.7334 44.4863 2.33607 -0.252175 -0.967682 2.57308e-05
15.7191 44.49 1.92802 -0.252154 -0.967687 2.12105e-05
15.7001 44.495 1.50302 -0.252237 -0.967665 1.94656e-05
15.6935 44.4967 1.09318 -0.252267 -0.967658 -2.92523e-05
15.7002 44.495 0.760149 -0.252215 -0.967671 -3.20473e-05
15.7067 44.4933 0.475467 -0.25217 -0.967683 1.42753e-08
15.7101 44.4924 0.159656 -0.25211 -0.967699 -2.33658e-05
15.7142 44.4914 -0.130243 -0.252153 -0.967687 -0.000127555
15.725 44.4886 -0.449479 -0.252167 -0.967684 -0.000110243
15.7435 44.4838 -0.856853 -0.252141 -0.967691 -0.000107977
15.7651 44.4782 -1.48188 -0.252202 -0.967675 2.89337e-05
15.7778 44.4748 -1.88544 -0.252094 -0.967703 -0.000106355
15.7885 44.4721 -2.26749 -0.251946 -0.967741 -7.55933e-05
15.7939 44.4708 -2.70527 -0.252132 -0.967693 -0.000141766
15.817 44.4648 -3.06817 -0.252157 -0.967686 -4.76384e-05
15.8362 44.4598 -3.58225 -0.252094 -0.967703 -2.10816e-05
15.8341 44.4604 -4.04016 -0.252109 -0.967699 -2.83235e-05
15.83 44.4614 -4.49219 -0.25212 -0.967696 -4.9115e-05
15.8432 44.458 -4.88713 -0.252088 -0.967704 -7.06373e-05
15.8312 44.4612 -5.2122 -0.252033 -0.967719 -6.84719e-05
15.8374 44.4596 -5.49783 -0.252025 -0.967721 -6.27875e-05
15.8553 44.4549 -5.78654 -0.252045 -0.967716 -7.10929e-05
15.8689 44.4514 -6.10818 -0.252095 -0.967702 -4.2677e-05
15.8187 44.4645 -6.5674 -0.252079 -0.967707 2.39941e-05
15.4976 44.5481 -6.78173 -0.25205 -0.967714 -7.73125e-05
15.1467 44.6396 -6.86492 -0.25221 -0.967672 3.95287e-05
14.6703 44.7637 -6.87484 -0.252098 -0.967702 8.38782e-05
14.2238 44.8801 -6.87913 -0.252196 -0.967676 -0.000142512
13.8246 44.9841 -6.615 -0.252176 -0.967681 1.46298e-05
13.8167 44.9862 -6.14056 -0.252098 -0.967702 -0.000123861
13.8041 44.9894 -5.59987 -0.252327 -0.967642 -6.8107e-05
13.7622 45.0003 -5.12051 -0.252264 -0.967658 3.01588e-05
13.7652 44.9995 -4.61671 -0.252161 -0.967685 -0.000160364
13.7567 45.0017 -4.03996 -0.2523 -0.967649 -9.3025e-05
13.7559 45.0019 -3.86256 -0.252271 -0.967657 -3.50355e-05
13.5716 45.0499 -3.65738 -0.252271 -0.967657 -3.50355e-05
13.5736 45.0494 -4.13089 -0.2523 -0.967649 -9.3025e-05
13.5917 45.0447 -4.53233 -0.252061 -0.967711 -7.89076e-05
13.5605 45.0529 -4.85824 -0.252161 -0.967685 -0.000160364
13.5796 45.0479 -5.28593 -0.252264 -0.967658 3.01588e-05
13.6291 45.035 -5.65568 -0.252327 -0.967642 -6.8107e-05
13.602 45.0421 -6.03431 -0.252179 -0.967681 1.31434e-05
13.6451 45.0309 -6.43062 -0.252127 -0.967694 -8.93419e-05
13.6211 45.0372 -6.83108 -0.252176 -0.967681 1.46298e-05
14.0295 44.9307 -7.09177 -0.252168 -0.967684 -4.86387e-05
14.328 44.8529 -7.07595 -0.252196 -0.967676 -0.000142512
14.7574 44.741 -7.08511 -0.252212 -0.967672 -0.000196855
15.0958 44.6528 -7.06992 -0.252257 -0.96766 -6.26225e-05
15.5661 44.5303 -7.05365 -0.252023 -0.967721 -3.38797e-06
16.0266 44.4103 -6.74983 -0.252071 -0.967709 -5.47394e-05
16.0495 44.4043 -6.42207 -0.252079 -0.967707 2.39941e-05
16.059 44.4019 -6.01298 -0.252095 -0.967702 -4.2677e-05
16.0197 44.4121 -5.60462 -0.252018 -0.967723 -5.45961e-05
16.0101 44.4146 -5.20019 -0.252025 -0.967721 -6.27875e-05
16.0207 44.4118 -4.75837 -0.252088 -0.967704 -7.06373e-05
16.016 44.413 -4.36554 -0.25212 -0.967696 -4.9115e-05
16.0173 44.4126 -3.93719 -0.252109 -0.967699 -2.83235e-05
16.0186 44.4123 -3.50226 -0.252094 -0.967703 -2.10816e-05
15.9976 44.4177 -3.07938 -0.252131 -0.967693 -6.78324e-05
15.9815 44.4219 -2.62443 -0.252143 -0.96769 -6.02707e-05
15.9805 44.4221 -2.17516 -0.251946 -0.967741 -7.55933e-05
15.9773 44.4229 -1.80387 -0.252094 -0.967703 -0.000106355
15.9653 44.426 -1.43751 -0.252205 -0.967674 3.90093e-05
15.9339 44.4342 -0.984347 -0.252289 -0.967652 5.6918e-06
15.9369 44.4333 -0.382669 -0.252194 -0.967677 -6.88984e-05
15.9003 44.4429 -0.0977568 -0.252124 -0.967695 -9.48779e-05
15.8959 44.444 0.233778 -0.25217 -0.967683 1.42753e-08
15.8836 44.4472 0.578846 -0.252232 -0.967667 -3.85241e-05
15.888 44.446 0.906716 -0.252277 -0.967655 -7.99469e-05
15.8829 44.4473 1.26331 -0.252303 -0.967648 1.44273e-05
15.9039 44.4419 1.58634 -0.252237 -0.967665 1.94656e-05
15.9181 44.4382 1.98162 -0.252154 -0.967687 2.12105e-05
15.9182 44.4382 2.35564 -0.252175 -0.967682 2.57308e-05
15.944 44.4314 2.77913 -0.25231 -0.967646 -0.000168533
15.8776 44.4487 3.19314 -0.252192 -0.967677 -1.12313e-05
15.8214 44.4633 3.73232 -0.252181 -0.96768 -2.22946e-05
15.8289 44.4613 4.29625 -0.252232 -0.967667 -8.6635e-05
15.8493 44.456 4.74123 -0.25229 -0.967652 5.61154e-05
15.857 44.454 5.09833 -0.252262 -0.967659 -0.000107361
15.9387 44.4327 5.68781 -0.252019 -0.967722 -1.51335e-05
15.9952 44.418 5.95507 -0.252071 -0.967709 -1.45799e-05
16.0066 44.415 6.34464 -0.252011 -0.967724 4.27109e-05
15.9831 44.4211 6.70936 -0.252112 -0.967698 2.77812e-05
15.564 44.5303 7.0619 -0.252262 -0.967659 -0.000104055
15.1182 44.6466 7.06112 -0.252141 -0.96769 -0.000141413
14.7214 44.7499 7.04563 -0.252195 -0.967676 0.000126055
14.4416 44.8229 7.04258 -0.252317 -0.967645 6.75717e-05
13.8524 44.9765 7.0181 -0.252343 -0.967638 -4.55267e-05
13.5961 45.0434 6.68929 -0.252358 -0.967634 1.06715e-05
13.5853 45.0462 6.33472 -0.252303 -0.967648 0.00010422
13.5648 45.0515 5.96548 -0.252306 -0.967647 1.3769e-06
13.5917 45.0445 5.5778 -0.252299 -0.967649 -2.94558e-05
13.5221 45.0626 5.261 -0.252263 -0.967659 -4.4856e-06
13.4908 45.0708 4.8592 -0.252301 -0.967649 -3.26124e-07
13.4865 45.0719 4.47431 -0.252254 -0.967661 4.98154e-05
13.4961 45.0694 4.06414 -0.252286 -0.967653 5.98455e-06
13.5522 45.0548 3.63199 -0.25231 -0.967646 -5.31069e-05
13.5597 45.0528 3.19413 -0.252196 -0.967676 7.31946e-05
13.5684 45.0505 2.75836 -0.252298 -0.96765 0.000116918
13.5397 45.058 2.38218 -0.252408 -0.967621 -4.04221e-05
13.5503 45.0552 2.04403 -0.252332 -0.967641 -0.000124496
13.5391 45.0582 1.67445 -0.252231 -0.967667 -7.04277e-05
13.5701 45.05 1.2774 -0.252351 -0.967636 0.000195501
13.6145 45.0385 0.839589 -0.252154 -0.967687 -8.02778e-05
13.6437 45.0309 0.388475 -0.252115 -0.967697 -9.50535e-07
13.6074 45.0404 0.00881506 -0.252247 -0.967663 -4.68961e-06
13.641 45.0316 -0.311761 -0.252151 -0.967688 -8.49836e-05
13.6191 45.0373 -0.622493 -0.252175 -0.967682 -6.4203e-05
13.5725 45.0495 -1.08117 -0.25218 -0.96768 -6.27686e-05
13.5623 45.0522 -1.52642 -0.252043 -0.967716 -9.64645e-05
13.5342 45.0596 -1.96482 -0.252147 -0.967689 -2.3448e-05
13.5055 45.067 -2.37679 -0.252077 -0.967707 8.4493e-05
13.5219 45.0628 -2.80539 -0.252021 -0.967722 -6.03555e-06
13.5148 45.0647 -3.24074 -0.25211 -0.967699 -0.000120307
13.2621 45.1305 -3.18925 -0.252263 -0.967659 -0.00012301
13.2134 45.1432 -2.71051 -0.252349 -0.967636 -0.000117499
13.2484 45.134 -2.28684 -0.252077 -0.967707 8.4493e-05
13.3051 45.1192 -1.76049 -0.252092 -0.967703 -0.000312833
13.2596 45.131 -1.24996 -0.252141 -0.967691 8.00971e-05
13.2894 45.1233 -0.959592 -0.2522 -0.967675 4.87806e-05
13.3402 45.11 -0.522442 -0.252269 -0.967657 -6.26441e-05
13.3917 45.0966 -0.144889 -0.252278 -0.967655 -3.55827e-05
13.4312 45.0863 0.305562 -0.252286 -0.967653 1.85899e-05
13.3451 45.1087 0.70854 -0.252193 -0.967677 2.48728e-05
13.2389 45.1364 1.20015 -0.252332 -0.967641 0.000104191
13.2539 45.1325 1.47758 -0.252291 -0.967651 4.41221e-05
13.299 45.1208 1.81843 -0.252207 -0.967673 -5.98524e-05
13.3371 45.1108 2.35642 -0.252288 -0.967652 -3.28095e-05
13.2824 45.125 2.66002 -0.252184 -0.967679 -3.72102e-05
13.3765 45.1006 3.07601 -0.252197 -0.967676 9.9342e-05
13.3744 45.1011 3.39025 -0.252212 -0.967672 5.07392e-05
13.3327 45.112 3.70773 -0.252115 -0.967697 1.0652e-05
13.2369 45.1369 4.06726 -0.252216 -0.967671 3.91094e-05
13.1977 45.1472 4.42968 -0.252312 -0.967646 0.000145499
13.299 45.1208 4.85894 -0.25237 -0.967631 4.29862e-05
13.2386 45.1365 5.23135 -0.252305 -0.967648 -9.93479e-06
13.3514 45.1071 5.59834 -0.252282 -0.967654 -8.4057e-05
13.3441 45.109 6.02248 -0.252306 -0.967647 1.3769e-06
13.3093 45.1181 6.39378 -0.252245 -0.967663 -3.70888e-05
13.2626 45.1303 6.72504 -0.252085 -0.967705 0.000136564
13.4 45.0945 7.05395 -0.252293 -0.967651 -7.09288e-05
13.7379 45.0064 7.31405 -0.252259 -0.96766 -3.57885e-05
14.2059 44.8843 7.29195 -0.252339 -0.967639 5.51514e-05
14.661 44.7657 7.24089 -0.25223 -0.967667 5.11738e-05
15.127 44.6442 7.32437 -0.252161 -0.967685 -0.000161187
15.463 44.5566 7.34093 -0.252266 -0.967658 4.13927e-06
15.942 44.4318 7.1905 -0.252174 -0.967682 -6.08393e-05
16.3094 44.3361 6.90021 -0.252247 -0.967663 -0.000108833
16.2103 44.362 6.40479 -0.252305 -0.967648 -6.95851e-05
16.2694 44.3465 6.05651 -0.252114 -0.967698 6.0392e-05
16.1084 44.3885 5.6145 -0.252089 -0.967704 -6.45962e-05
16.1337 44.3819 5.22933 -0.252111 -0.967698 9.6435e-05
16.0958 44.3917 4.87399 -0.252327 -0.967642 -4.21772e-05
16.0958 44.3917 4.53752 -0.25229 -0.967652 5.61154e-05
16.0891 44.3935 4.08371 -0.252201 -0.967675 -6.84305e-05
16.0715 44.3981 3.7453 -0.252297 -0.96765 4.16347e-05
16.1258 44.384 3.31736 -0.25229 -0.967652 -0.000233465
16.2382 44.3547 2.85511 -0.252149 -0.967688 5.12515e-05
16.1815 44.3695 2.43999 -0.252328 -0.967642 -8.15706e-05
16.1969 44.3655 1.97692 -0.252533 -0.967588 -5.42554e-05
16.1897 44.3673 1.63273 -0.252367 -0.967632 -8.27813e-05
16.172 44.372 1.28981 -0.25216 -0.967686 0.000126421
16.1005 44.3906 0.906953 -0.252317 -0.967645 -8.56862e-05
16.1409 44.3801 0.607659 -0.252317 -0.967645 -5.36151e-05
16.1684 44.373 0.195037 -0.252282 -0.967654 -0.000146398
16.2125 44.3615 -0.231748 -0.25215 -0.967688 -4.60264e-05
16.233 44.3562 -0.531366 -0.252194 -0.967677 -6.88984e-05
16.2527 44.3511 -1.00122 -0.252364 -0.967632 -9.47128e-07
16.1627 44.3746 -1.35089 -0.252289 -0.967652 5.6918e-06
16.252 44.3513 -1.73707 -0.25207 -0.967709 -5.33261e-05
16.2727 44.346 -2.05606 -0.252202 -0.967675 -0.000174521
16.2866 44.3424 -2.38365 -0.252178 -0.967681 -4.78145e-05
16.1748 44.3715 -2.99517 -0.252143 -0.96769 -6.02707e-05
16.2796 44.3442 -3.41345 -0.252238 -0.967665 -8.27229e-05
16.2872 44.3423 -3.82946 -0.252109 -0.967699 -8.74561e-05
16.2874 44.3423 -4.24367 -0.251976 -0.967734 -6.28088e-05
16.2868 44.3425 -4.57026 -0.251932 -0.967745 -6.46344e-05
16.2931 44.3409 -4.89699 -0.252045 -0.967716 -2.82675e-06
16.198 44.3657 -5.54054 -0.252071 -0.967709 -9.98801e-05
16.3259 44.3323 -5.89558 -0.25212 -0.967696 -7.40979e-05
16.3344 44.3301 -6.27132 -0.252012 -0.967724 7.98491e-06
16.3117 44.3361 -6.67232 -0.252043 -0.967716 3.71424e-05
16.1775 44.371 -7.03493 -0.252127 -0.967694 2.58457e-05
15.833 44.4608 -7.35077 -0.252121 -0.967696 0.000152706
15.3851 44.5774 -7.37652 -0.25208 -0.967706 4.97178e-05
14.8854 44.7077 -7.31549 -0.252242 -0.967664 0.000179117
14.4791 44.8136 -7.30916 -0.252075 -0.967708 0.000217386
14.0438 44.927 -7.35743 -0.252123 -0.967695 0.000157559
13.5435 45.0574 -7.24166 -0.2522 -0.967675 9.17673e-05
13.2342 45.138 -6.94605 -0.25219 -0.967678 -0.000111668
13.3568 45.106 -6.55596 -0.252222 -0.967669 0.000123882
13.4224 45.0889 -6.26835 -0.252218 -0.967671 -0.000134772
13.4258 45.088 -5.807 -0.25213 -0.967693 0.000102626
13.3256 45.1141 -5.42446 -0.252247 -0.967663 -9.96809e-05
13.292 45.1229 -5.09818 -0.252231 -0.967667 6.22733e-05
13.4023 45.094 -4.6139 -0.252118 -0.967697 -0.000321264
13.3238 45.1145 -4.2752 -0.252213 -0.967672 0.000114571
13.2905 45.1232 -3.8323 -0.25224 -0.967665 -9.77534e-05
13.2673 45.1292 -3.5516 -0.252244 -0.967664 -0.000174399
13.2767 45.1267 -3.36555 -0.25228 -0.967654 -0.000206686
