-30.1937 33.4767 2.79094 0.0205004 -0.999782 0.00400059
-30.2151 33.4731 1.79608 0.0171465 -0.999845 0.00392254
-30.3676 33.4662 0.434901 0.0152595 -0.999881 0.00219873
-30.2628 33.4648 -0.824206 0.0119038 -0.999929 0.00103847
-30.1644 33.4648 -1.4817 0.0097798 -0.999952 0.000546429
-30.9345 33.4567 -2.99685 0.0128954 -0.999915 -0.00120958
-30.905 33.4559 -1.85184 0.0121168 -0.999927 0.000261292
-31.0584 33.4546 -0.687325 0.0137867 -0.999903 0.00173679
-31.1339 33.4545 0.488382 0.0165032 -0.999863 0.00145943
-30.9983 33.4596 1.72162 0.0164924 -0.999861 0.00242278
-30.9819 33.4623 2.93742 0.0187015 -0.999824 0.00153053
-30.9659 33.4629 3.08198 0.0189192 -0.999819 0.00180251
-31.828 33.4448 2.8938 0.0243072 -0.999703 -0.00128284
-31.7588 33.4461 1.92634 0.0203143 -0.999793 -0.000197056
-31.7973 33.4438 0.854875 0.0179297 -0.999837 0.0020503
-31.8393 33.4417 -0.101812 0.0189169 -0.999821 0.000273676
-31.8129 33.4422 -1.1321 0.0176579 -0.999843 -0.00111775
-31.6737 33.4448 -2.12979 0.0153137 -0.999883 -0.000382944
-31.7735 33.4434 -2.80997 0.0168502 -0.999854 -0.00274096
-32.7021 33.4266 -3.0275 0.0205376 -0.999787 -0.00169247
-32.6189 33.4274 -1.72524 0.0200523 -0.999798 -0.00114872
-32.5638 33.4281 -0.372345 0.0204255 -0.999791 -0.000286746
-32.6863 33.4255 0.640073 0.0235667 -0.999722 -0.000739699
-32.5909 33.4278 1.62268 0.0278975 -0.99961 -0.00133308
-32.7129 33.4222 2.67524 0.0274392 -0.999621 -0.00199782
-32.6473 33.423 3.13305 0.0270559 -0.999632 -0.00175047
-33.4859 33.3999 2.9622 0.0285171 -0.999589 -0.0027959
-33.4859 33.4027 1.9013 0.0276577 -0.999614 -0.00244657
-33.4859 33.4056 0.679468 0.0260221 -0.99966 -0.00181489
-33.4612 33.4079 -0.490611 0.0248517 -0.999689 -0.00116436
-33.5006 33.4083 -1.61112 0.024081 -0.999709 -0.00145728
-33.4859 33.4096 -2.59722 0.0222825 -0.999751 -0.00093907
-33.5585 33.4086 -3.11489 0.0223204 -0.99975 -0.00125269
-34.3731 33.3897 -3.18787 0.0235807 -0.999721 -0.00158638
-34.4809 33.3853 -2.00848 0.0240903 -0.999709 -0.00159398
-34.3614 33.3854 -0.843093 0.0258501 -0.999663 -0.00242889
-34.4868 33.3797 0.141056 0.0264314 -0.999646 -0.00297184
-34.3945 33.3789 1.26963 0.0284585 -0.999591 -0.00286015
-34.4938 33.3726 2.36413 0.0289377 -0.999576 -0.00336311
-34.5199 33.3695 3.08051 0.0299946 -0.999544 -0.00343777
-35.3623 33.3443 3.14449 0.0291661 -0.999566 -0.00424989
-35.33 33.3498 1.92657 0.0289676 -0.999574 -0.00356324
-35.3178 33.3546 0.780071 0.0280547 -0.999599 -0.00393766
-35.2911 33.3594 -0.26729 0.027096 -0.999623 -0.00440591
-35.2105 33.3649 -1.30019 0.0256754 -0.999666 -0.00307308
-35.2989 33.366 -2.44102 0.025103 -0.999681 -0.00258823
-35.2584 33.3682 -2.92033 0.0237554 -0.999715 -0.00217732
-36.0477 33.3488 -2.67677 0.022991 -0.999728 -0.00388617
-36.0438 33.3446 -1.41149 0.0244703 -0.999695 -0.0034046
-36.1021 33.3386 -0.381222 0.0254791 -0.999663 -0.0048947
-36.1559 33.3317 0.683047 0.0260018 -0.999646 -0.00561711
-36.1757 33.3274 1.50511 0.026741 -0.99963 -0.00487211
-37.4009 33.3047 0.218612 0.0210301 -0.999762 -0.0057106
-37.3996 33.2957 1.58757 0.0233741 -0.999709 -0.0058794
-37.3348 33.2888 3.06689 0.0239056 -0.999693 -0.00658143
-37.0717 33.2896 4.18854 0.0281776 -0.99959 -0.00489652
-35.7712 33.3269 4.33806 0.0295305 -0.999552 -0.00478866
-34.5812 33.3633 4.37834 0.0313971 -0.999502 -0.00325994
-33.3243 33.4016 4.32358 0.029966 -0.999549 -0.00187228
-32.0745 33.4377 4.31126 0.0274349 -0.999622 0.000874088
-30.7829 33.4692 4.30086 0.0226445 -0.999743 0.00120463
-29.2738 33.5018 4.16057 0.0220819 -0.999746 0.00461244
-28.9549 33.5019 3.02916 0.0189412 -0.999796 0.00682084
-28.9203 33.4934 1.69729 0.0157588 -0.999858 0.00596676
-28.924 33.4862 0.447677 0.0151008 -0.999871 0.00540793
-28.9571 33.4793 -0.84711 0.0112763 -0.999929 0.00382999
-28.9877 33.4747 -2.25932 0.00845453 -0.999963 0.00127285
-29.0035 33.4737 -3.50094 0.00787916 -0.999969 -0.000395462
-29.7677 33.4684 -4.2317 0.008154 -0.999966 -0.000699659
-31.1048 33.455 -4.26222 0.0117387 -0.999931 -0.000155284
-32.3025 33.4368 -4.32701 0.0173999 -0.999848 -0.00079939
-33.5599 33.41 -4.40807 0.0221544 -0.999753 -0.00152079
-34.7949 33.3821 -4.38325 0.0231098 -0.999731 -0.00197595
-36.2563 33.3487 -4.33537 0.0219171 -0.999757 -0.00234165
-37.243 33.3266 -3.86007 0.0191663 -0.999815 -0.00166178
-37.364 33.3198 -2.54874 0.0196382 -0.9998 -0.00367768
-37.3699 33.3145 -1.34074 0.0209974 -0.99977 -0.00430614
-37.4097 33.3062 -0.0892028 0.0223416 -0.999733 -0.00595115
-37.4096 33.306 -0.0518675 0.0216435 -0.999749 -0.00578309
-38.5885 33.2823 -0.0327982 0.0178172 -0.999824 -0.00590088
-38.5894 33.2911 -1.42268 0.0167132 -0.999841 -0.00623529
-38.5576 33.299 -2.72434 0.0175013 -0.999838 -0.00429626
-38.5209 33.3045 -3.98139 0.0163026 -0.999863 -0.00275841
-38.4513 33.3082 -5.25868 0.0162328 -0.999867 -0.00133828
-37.3363 33.3282 -5.48925 0.0203145 -0.999791 -0.00203407
-36.0484 33.3552 -5.54109 0.0224239 -0.999748 0.000157947
-34.5874 33.3889 -5.57413 0.0236786 -0.999719 -0.000938907
-33.2898 33.4178 -5.58709 0.0217283 -0.999763 -0.00129614
-31.836 33.4466 -5.48654 0.0180165 -0.999837 -0.00115207
-30.5029 33.4634 -5.48434 0.0108178 -0.99994 -0.00195086
-29.2562 33.4746 -5.46506 0.00782099 -0.999966 -0.00251606
-28.0014 33.4823 -5.37747 0.00516615 -0.999986 -0.00119119
-27.8351 33.482 -4.0089 0.0067587 -0.999977 -0.000641739
-27.8047 33.4826 -2.69148 0.00930851 -0.999956 0.000478054
-27.7955 33.4917 -1.09885 0.0128342 -0.999891 0.00734137
-27.7439 33.5039 0.470767 0.0147216 -0.999864 0.00739705
-27.7573 33.5139 1.77814 0.0178596 -0.999804 0.00853717
-27.7603 33.5259 3.13941 0.020447 -0.999754 0.0086319
-27.7667 33.5372 4.49563 0.0225627 -0.999712 0.00817834
-28.268 33.532 5.43254 0.024295 -0.99968 0.00696073
-29.5208 33.5023 5.47419 0.024246 -0.999692 0.00528418
-30.8369 33.4704 5.51945 0.0250689 -0.999681 0.00295016
-32.1878 33.434 5.51665 0.0284665 -0.999594 -0.000771063
-33.3786 33.3983 5.52161 0.0309265 -0.99952 -0.00191433
-34.6253 33.3585 5.54771 0.0321942 -0.999477 -0.00300337
-36.0495 33.3131 5.54024 0.0307663 -0.999515 -0.00487004
-37.5085 33.2714 5.49575 0.0275336 -0.999604 -0.00572438
-38.525 33.2502 5.00046 0.0216968 -0.999747 -0.00594351
-38.5166 33.2596 3.48397 0.0208091 -0.999768 -0.00563213
-38.5806 33.2682 2.03638 0.0213444 -0.99975 -0.00660387
-38.6174 33.2772 0.580092 0.0183064 -0.999804 -0.00754047
-38.5932 33.2814 0.110717 0.0185832 -0.999804 -0.00675032
-39.7955 33.2597 0.149174 0.0165435 -0.999829 -0.00827432
-39.7919 33.2498 1.38777 0.0183212 -0.999801 -0.00783087
-39.7623 33.2408 2.63415 0.0187289 -0.999799 -0.00719695
-39.7245 33.2333 3.84203 0.0196898 -0.999783 -0.00677657
-39.7897 33.2231 5.09531 0.0201366 -0.99977 -0.00734139
-39.6269 33.2155 6.42291 0.0200779 -0.999741 -0.0105756
-38.5361 33.235 6.70854 0.0236226 -0.999658 -0.0111465
-37.1881 33.2706 6.73393 0.0275874 -0.999577 -0.00924413
-35.9375 33.3103 6.71059 0.0342599 -0.999405 -0.00366178
-34.7062 33.3526 6.71039 0.0344142 -0.999406 -0.00206833
-33.3339 33.399 6.71107 0.0314336 -0.999503 0.00240568
-31.6993 33.4481 6.72726 0.0309436 -0.99952 -0.000539294
-30.2212 33.4905 6.71118 0.0267151 -0.999624 0.00591696
-28.9749 33.5235 6.69489 0.0277476 -0.999579 0.00822167
-27.3557 33.5633 6.67788 0.0243306 -0.999689 0.00506355
-26.5496 33.5814 6.08703 0.0293859 -0.999543 0.00710383
-26.5598 33.5688 4.81144 0.0254029 -0.999635 0.00923669
-26.5627 33.5565 3.54769 0.022866 -0.999701 0.00859547
-26.5706 33.5401 2.05626 0.0212437 -0.999691 0.0129046
-26.5603 33.526 0.763306 0.0166196 -0.9998 0.011067
-26.5611 33.5134 -0.47952 0.0154429 -0.999848 0.00814549
-26.5967 33.5006 -1.78226 0.0104367 -0.999869 0.012163
-26.6184 33.492 -3.07663 0.00750673 -0.99997 0.00186527
-26.6468 33.491 -4.50325 0.00788018 -0.99995 -0.00545822
-26.5913 33.4894 -5.7058 0.0124241 -0.999851 0.0105651
-27.1441 33.4862 -6.69204 -0.00259278 -0.999977 -0.00623026
-28.5746 33.4858 -6.73216 0.00244118 -0.99998 -0.00591019
-29.7858 33.4776 -6.72732 0.00973324 -0.999931 -0.00661159
-31.0739 33.4591 -6.72674 0.0144886 -0.999893 -0.00189311
-32.337 33.4381 -6.72731 0.0195486 -0.999808 -0.00104424
-33.6837 33.4109 -6.73411 0.0210003 -0.999775 -0.00314741
-34.8772 33.3826 -6.77729 0.0256151 -0.999671 5.7043e-05
-36.2157 33.35 -6.72806 0.0219463 -0.999757 0.00197019
-37.7748 33.318 -6.74738 0.0186142 -0.999821 0.00335785
-39.0962 33.2968 -6.72649 0.0154426 -0.999872 0.00419303
-39.7681 33.2905 -5.86616 0.0113886 -0.999934 -0.000790944
-39.7483 33.2887 -4.51689 0.011959 -0.999925 -0.0020761
-39.7562 33.2818 -2.97073 0.0127195 -0.999907 -0.00477439
-39.8119 33.2736 -1.74548 0.0149088 -0.999862 -0.00737924
-39.7687 33.2637 -0.264521 0.0163027 -0.999834 -0.00804371
-39.7734 33.263 -0.199022 0.0167186 -0.999823 -0.00863003
