-3.18825 38.331 -3.04884 0.25891 -0.965896 -0.00313852
-3.32833 38.2904 -2.1393 0.258008 -0.966138 -0.00307134
-3.31109 38.2934 -1.1914 0.258727 -0.965948 -0.00192903
-3.35966 38.2788 -0.217506 0.255031 -0.966933 0.000685121
-3.37373 38.2765 0.625768 0.257314 -0.966321 0.00366175
-3.37749 38.2753 1.66404 0.258781 -0.965933 -0.00250432
-3.39118 38.2704 2.72685 0.257511 -0.966275 0.000617309
-3.44405 38.2568 3.26396 0.256923 -0.966431 -0.000253449
-4.18914 38.0614 3.08874 0.251457 -0.967868 -0.00112543
-4.13887 38.0737 2.25785 0.248882 -0.968526 -0.00381721
-4.12409 38.0792 1.28142 0.250233 -0.968186 0.000272945
-4.16793 38.0674 0.404076 0.250302 -0.968167 0.00120329
-4.11349 38.0808 -0.553872 0.24788 -0.968788 0.00171752
-4.11968 38.0796 -1.58296 0.249899 -0.968272 -0.000738841
-4.06386 38.096 -2.49185 0.252781 -0.967516 -0.00389219
-3.99034 38.1189 -3.23981 0.256291 -0.96659 -0.00382597
-4.80275 37.9071 -3.18031 0.249498 -0.968368 -0.00387159
-4.97161 37.8625 -2.21886 0.244603 -0.969622 -0.00135856
-4.83812 37.8949 -1.3799 0.246762 -0.969074 -0.00101432
-4.92797 37.8725 -0.530151 0.246235 -0.969208 -0.00104842
-4.95674 37.8652 0.52981 0.244241 -0.969714 0.000831024
-4.90211 37.8788 1.37519 0.247195 -0.968965 -0.00113531
-4.85052 37.8909 2.55822 0.247015 -0.969011 -0.000600675
-5.01237 37.8493 3.33945 0.247337 -0.968929 -0.000849209
-5.77477 37.6564 3.24452 0.244694 -0.9696 -0.000455618
-5.77477 37.6585 2.2929 0.243269 -0.969955 -0.00252448
-5.77477 37.6587 1.23257 0.243795 -0.969827 -0.000421823
-5.77477 37.6593 0.373928 0.24419 -0.969727 -0.000363749
-5.77477 37.6597 -0.484987 0.242593 -0.970128 -8.47812e-05
-5.77477 37.6596 -1.43258 0.24218 -0.970231 -0.000565583
-5.77477 37.6603 -2.49004 0.241023 -0.970519 -0.000622109
-5.77477 37.6617 -3.3023 0.243268 -0.969956 -0.00225038
-6.61427 37.4531 -3.30094 0.239792 -0.970823 -0.00166923
-6.61655 37.4516 -2.36166 0.239999 -0.970773 -0.000846769
-6.51448 37.4756 -1.44129 0.239823 -0.970816 -0.00133651
-6.65441 37.4404 -0.628354 0.241124 -0.970494 -9.15853e-05
-6.49227 37.4803 0.286237 0.240852 -0.970562 -0.000230354
-6.55488 37.4643 1.18472 0.240773 -0.970581 -0.000982415
-6.62365 37.4468 1.98866 0.239828 -0.970815 -0.000215666
-6.57007 37.4595 2.8047 0.239856 -0.970808 -0.00124731
-6.4466 37.4896 3.1344 0.240201 -0.970723 -0.000895006
-7.24783 37.292 3.14647 0.238386 -0.97117 -0.00125648
-7.40076 37.2552 2.3179 0.238139 -0.971231 -0.0003679
-7.32456 37.2746 1.19612 0.238884 -0.971048 -0.000477337
-7.24064 37.2954 0.354967 0.238426 -0.971161 -0.000267064
-7.32112 37.276 -0.729438 0.238314 -0.971188 -0.000472035
-7.34127 37.2718 -1.78954 0.238151 -0.971228 -0.000786239
-7.41706 37.2542 -2.82452 0.237799 -0.971314 -0.000824926
-7.47456 37.2408 -3.35782 0.238467 -0.97115 -0.00136474
-8.21938 37.058 -3.18294 0.237583 -0.971367 -0.000459567
-8.14884 37.0743 -2.08974 0.237554 -0.971374 -0.000911664
-8.05901 37.0953 -0.970741 0.237444 -0.971401 -0.000596771
-8.01438 37.1058 0.0462046 0.237704 -0.971338 -0.000477545
-8.02808 37.1019 0.908685 0.237639 -0.971353 -0.00049176
-8.13577 37.0751 1.80088 0.237838 -0.971305 -0.00023604
-8.0986 37.0836 2.75176 0.237819 -0.971309 -0.000959213
-8.0882 37.0859 3.0272 0.237608 -0.971361 -0.000899929
-2.02423 38.6397 -0.436142 0.266599 -0.963807 0.00106312
-2.00133 38.6486 1.0142 0.265242 -0.96418 0.00162093
-1.97244 38.6553 2.37427 0.266258 -0.9639 -0.00169904
-2.02105 38.6393 3.53325 0.263653 -0.964615 -0.00210113
-2.70204 38.451 4.46073 0.259931 -0.965622 -0.00242608
-3.90139 38.1339 4.53178 0.252289 -0.967648 -0.00286303
-5.04466 37.84 4.52486 0.245822 -0.969311 -0.00209442
-6.32664 37.5183 4.49485 0.241779 -0.970331 -0.000407517
-7.54515 37.2171 4.49688 0.23761 -0.971359 -0.00166962
-8.70472 36.9342 4.47856 0.236985 -0.971513 -0.00113681
-9.42909 36.758 3.86869 0.236382 -0.97166 -3.06358e-05
-9.45136 36.7532 2.68007 0.236968 -0.971517 -0.000452489
-9.43356 36.758 1.56587 0.237183 -0.971465 -0.000493872
-9.43606 36.758 0.442768 0.237365 -0.97142 -0.000609806
-9.45696 36.7537 -0.822855 0.237289 -0.971439 -0.000642703
-9.50185 36.7441 -2.18746 0.236797 -0.971558 -0.00117732
-9.44509 36.7598 -3.37382 0.236177 -0.971709 -0.00168828
-8.98613 36.8729 -4.44494 0.235298 -0.971922 -0.00148246
-7.77726 37.167 -4.48976 0.238502 -0.971142 -0.000455031
-6.62872 37.451 -4.55709 0.24064 -0.970614 -0.000267604
-5.20113 37.809 -4.59285 0.244457 -0.96966 -0.000299766
-3.7895 38.1716 -4.59934 0.253558 -0.96732 -0.000298837
-2.49052 38.5193 -4.47535 0.262151 -0.965027 0.00044748
-2.00428 38.6515 -3.60709 0.261588 -0.965179 -0.00038714
-1.98748 38.6533 -2.39714 0.262227 -0.965003 -0.00265129
-2.04227 38.6361 -1.2447 0.264744 -0.964318 -0.000858782
-2.04218 38.6354 -0.80942 0.265363 -0.964147 -0.00164899
-0.969346 38.9328 -0.788257 0.270461 -0.96273 0.00139264
-0.913945 38.9495 0.470772 0.271338 -0.962484 0.000902028
-0.907365 38.9522 1.84495 0.271636 -0.962399 -0.00119915
-0.904245 38.9502 3.01719 0.269974 -0.962859 -0.00403895
-0.957098 38.9313 4.27298 0.270099 -0.962829 -0.0025666
-1.17521 38.8676 5.46932 0.268651 -0.963226 -0.00401445
-2.40449 38.5281 5.61072 0.261569 -0.965173 -0.00480406
-3.5392 38.225 5.63993 0.253297 -0.967384 -0.00285665
-4.89934 37.8743 5.64692 0.247267 -0.968937 -0.00434922
-6.10773 37.5696 5.63731 0.24176 -0.970333 -0.00257879
-7.43925 37.2408 5.60371 0.237841 -0.971302 -0.00180547
-8.73575 36.9251 5.6083 0.235658 -0.971835 -0.00112321
-9.83008 36.6605 5.61201 0.234497 -0.972117 -0.000113281
-10.5707 36.4819 4.91191 0.234543 -0.972106 4.51619e-05
-10.546 36.4873 3.75681 0.235115 -0.971967 0.00083566
-10.5482 36.4862 2.60479 0.236495 -0.971633 0.000367705
-10.5316 36.4901 1.33086 0.237443 -0.971401 -0.000108143
-10.5393 36.4887 -0.0496876 0.237241 -0.971451 -0.000419417
-10.5709 36.4822 -1.35609 0.237345 -0.971425 -0.00112166
-10.567 36.4858 -2.79121 0.237136 -0.971474 -0.00224484
-10.5274 36.4983 -3.95306 0.235693 -0.971823 -0.00294148
-10.498 36.5095 -5.14458 0.234733 -0.972054 -0.00329176
-9.55834 36.7366 -5.62211 0.233553 -0.972342 -0.00193812
-8.47233 36.9981 -5.61587 0.236084 -0.971732 -2.54995e-05
-6.9442 37.3728 -5.66665 0.24048 -0.970654 -0.000190843
-5.78846 37.661 -5.68941 0.243637 -0.969866 0.000267677
-4.57949 37.9678 -5.70952 0.247588 -0.968865 0.000340764
-3.30044 38.3009 -5.67669 0.255623 -0.966775 0.000218187
-2.20631 38.5937 -5.62528 0.262613 -0.964895 0.00154076
-1.10123 38.9002 -5.45518 0.271132 -0.962535 0.00221299
-0.932284 38.9487 -4.10553 0.269894 -0.962889 -0.00140928
-0.901316 38.9556 -2.91077 0.267652 -0.963513 -0.00220902
-0.958269 38.9365 -1.68976 0.2698 -0.962911 -0.00239065
-0.971083 38.9322 -0.968508 0.27011 -0.962829 0.000411506
0.100898 39.235 -0.989391 0.273318 -0.961924 0.000713106
0.154938 39.2522 -2.10059 0.273578 -0.961843 -0.00325762
0.154869 39.2548 -3.27143 0.277992 -0.960582 -0.0013039
0.141469 39.2522 -4.52695 0.271284 -0.962497 -0.0018085
0.147403 39.2577 -5.75151 0.279539 -0.960127 -0.00264434
-0.245596 39.1415 -6.73939 0.279271 -0.960168 0.00893263
-1.43986 38.7994 -6.75479 0.265748 -0.963994 0.00954889
-2.80696 38.4287 -6.77854 0.258084 -0.966101 0.00636263
-4.00594 38.1163 -6.79998 0.252164 -0.967684 0.000154718
-5.16915 37.8168 -6.79684 0.248138 -0.968724 0.000940301
-6.26867 37.5388 -6.79554 0.241453 -0.97041 0.00196732
-7.64023 37.1996 -6.76929 0.238369 -0.971171 0.00260561
-8.93363 36.8868 -6.77156 0.230043 -0.97318 0.00125581
-10.2199 36.5823 -6.73969 0.231449 -0.972836 -0.00459462
-11.5543 36.2608 -6.52845 0.23573 -0.971779 -0.00841311
-11.6318 36.2352 -5.2738 0.235677 -0.971826 -0.00329978
-11.6208 36.2328 -4.0717 0.237269 -0.971432 -0.00493474
-11.6475 36.2222 -2.78582 0.237001 -0.971505 -0.00281188
-11.6496 36.2191 -1.65837 0.237341 -0.971425 -0.00186465
-11.628 36.2222 -0.303027 0.238773 -0.971074 -0.00134251
-11.6226 36.2247 1.05716 0.234344 -0.972154 0.00025775
-11.6424 36.2194 2.38858 0.237012 -0.971507 -0.000376454
-11.6354 36.2226 3.56461 0.237735 -0.971326 0.00264105
-11.6824 36.2141 4.73752 0.229707 -0.973255 -0.00252635
-11.6379 36.224 6.04764 0.236948 -0.971517 0.00222922
-10.7566 36.4384 6.75496 0.233397 -0.972378 0.00248537
-9.39229 36.7663 6.74466 0.232781 -0.972528 0.000382972
-8.17019 37.0592 6.70853 0.234996 -0.971991 -0.0030392
-6.88667 37.3721 6.75718 0.238583 -0.971112 -0.00445592
-5.53963 37.7061 6.76382 0.243885 -0.969785 -0.00585441
-4.30161 38.0236 6.74857 0.249027 -0.968488 -0.00395022
-3.14906 38.3235 6.75044 0.254033 -0.967168 -0.00728769
-1.98588 38.6346 6.72551 0.265728 -0.963993 -0.010285
-0.79852 38.9645 6.74023 0.268763 -0.963173 -0.00790288
0.11117 39.2275 6.10045 0.275161 -0.961383 -0.00544987
0.117674 39.2347 4.77921 0.27381 -0.961779 -0.00312464
0.159016 39.2495 3.59549 0.274239 -0.961659 -0.00239524
0.168023 39.2544 2.35788 0.274007 -0.961725 -0.00217291
0.151182 39.251 0.918463 0.273084 -0.961989 0.0010768
0.134659 39.2456 -0.224742 0.272554 -0.96214 0.000724681
0.10651 39.2367 -0.862353 0.272952 -0.962027 0.00113516
