35.3408 39.7939 2.96794 -0.282526 -0.959259 -0.000801563
35.3912 39.7801 2.099 -0.283126 -0.959081 -0.00198233
35.295 39.8101 1.20703 -0.28092 -0.959727 -0.0010943
35.3138 39.8043 0.144575 -0.281265 -0.959627 0.000787944
35.3484 39.7929 -0.713235 -0.281615 -0.959526 0.00163317
35.4727 39.7541 -1.65846 -0.283848 -0.958868 0.00140543
35.364 39.7865 -2.50358 -0.283472 -0.958979 -0.00147379
35.2775 39.8128 -2.93685 -0.280823 -0.959759 -0.000335511
34.4617 40.051 -3.18993 -0.278084 -0.960554 -0.00162025
34.6186 40.0048 -2.36183 -0.279142 -0.960249 -0.000175124
34.7059 39.98 -1.55095 -0.278504 -0.960434 -0.000176206
34.5427 40.0275 -0.689221 -0.278092 -0.960554 8.65091e-06
34.5478 40.0263 0.198888 -0.276838 -0.960915 0.000420262
34.4777 40.0468 1.2376 -0.277717 -0.960663 -0.00040476
34.6229 40.0038 2.12832 -0.276898 -0.960899 -2.60329e-05
34.5526 40.024 3.23253 -0.277862 -0.960621 -0.000439502
33.8063 40.2369 3.23782 -0.27153 -0.96243 -0.000415807
33.8163 40.2345 2.40569 -0.272418 -0.962178 -0.00144794
33.7199 40.2626 1.54814 -0.272092 -0.962271 -0.000681421
33.7336 40.2588 0.541069 -0.272631 -0.962118 0.000708503
33.7611 40.2511 -0.288462 -0.272745 -0.962086 -0.00104021
33.8353 40.2315 -1.26016 -0.275667 -0.96125 -0.00064505
33.8548 40.2249 -2.31292 -0.273884 -0.961762 0.000234253
33.7346 40.26 -3.22165 -0.273515 -0.961867 -0.000872649
33.7364 40.2595 -3.24087 -0.273961 -0.961738 -0.00210815
32.9724 40.4759 -3.21881 -0.270072 -0.962839 -0.0010198
32.9724 40.4754 -2.34414 -0.270553 -0.962705 -0.000371357
32.9724 40.4751 -1.50997 -0.270184 -0.962809 -0.000420331
32.9724 40.4742 -0.441013 -0.269542 -0.962988 -0.000630565
32.9724 40.4734 0.459342 -0.269467 -0.963009 -0.00109596
32.9724 40.4726 1.427 -0.269344 -0.963044 -0.000605391
32.9724 40.4716 2.53103 -0.269595 -0.96297 -0.00257556
32.9724 40.4712 3.13342 -0.268995 -0.963141 0.000515075
32.186 40.6895 3.15647 -0.266339 -0.963877 -0.00179087
32.2042 40.686 2.17971 -0.266886 -0.963728 -0.00091983
32.1723 40.6953 1.2214 -0.2677 -0.963502 -8.2239e-05
32.1902 40.6919 0.183401 -0.268352 -0.963318 -0.00243696
32.1625 40.7003 -0.724577 -0.265919 -0.963995 4.93185e-05
32.1971 40.6914 -1.871 -0.265178 -0.964198 -0.00151534
32.1004 40.7191 -2.76872 -0.266369 -0.963871 5.44984e-05
32.0974 40.7203 -3.21152 -0.266533 -0.963824 -0.00144703
31.3199 40.9347 -3.25923 -0.262376 -0.964965 -0.00131855
31.3406 40.9276 -2.39334 -0.265032 -0.964237 -0.001968
31.3622 40.9202 -1.49959 -0.263836 -0.964566 -0.0015859
31.3643 40.9195 -0.424167 -0.262735 -0.964867 0.000240691
31.4143 40.9048 0.591988 -0.263157 -0.96475 -0.00227143
31.4347 40.8976 1.46409 -0.263747 -0.96459 -0.0016479
31.4052 40.9052 2.37659 -0.263638 -0.964621 -0.000620164
31.3154 40.929 3.0687 -0.264123 -0.964488 -0.00146666
30.5055 41.1489 2.96987 -0.261334 -0.965248 -0.00115554
30.6214 41.1187 2.09178 -0.260086 -0.965585 -0.000868542
30.6433 41.1134 1.20924 -0.262761 -0.96486 -0.00103722
30.6133 41.1226 0.114603 -0.260009 -0.965606 -0.000495021
30.5937 41.1282 -0.78667 -0.260392 -0.965502 -0.00144353
30.5684 41.1366 -1.76664 -0.260519 -0.965467 -0.00184912
30.5589 41.1402 -2.68259 -0.261001 -0.965338 -0.000624855
30.5539 41.1419 -3.09611 -0.260692 -0.965421 -0.00136038
33.6016 40.2943 4.40464 -0.270079 -0.962837 -0.000709769
34.7253 39.9732 4.39447 -0.280497 -0.959853 -0.00166937
35.9419 39.6127 4.40729 -0.288483 -0.957484 0.00127197
36.6792 39.3919 3.55808 -0.290123 -0.956986 -0.00259497
36.6811 39.3947 2.25512 -0.28833 -0.957528 -0.0019287
36.6889 39.3937 1.05206 -0.289832 -0.957077 -0.00126959
36.7015 39.3892 -0.173531 -0.291287 -0.956635 0.00133968
36.6583 39.4004 -1.38558 -0.290465 -0.956885 0.000900268
36.6962 39.3887 -2.62463 -0.291806 -0.956477 -0.000293989
36.659 39.401 -3.78758 -0.292213 -0.956352 0.00145654
35.6952 39.6911 -4.41271 -0.285915 -0.958252 0.000617996
34.4778 40.0494 -4.41918 -0.277984 -0.960582 -0.00195164
32.9847 40.4746 -4.42846 -0.269753 -0.962926 -0.00175089
31.6644 40.8406 -4.43778 -0.265433 -0.964128 -0.00130409
30.5263 41.1518 -4.40745 -0.26146 -0.965213 -0.0011333
29.2061 41.5047 -4.03165 -0.256549 -0.96653 -0.00143873
29.1498 41.5182 -2.58298 -0.256912 -0.966434 -0.00121303
29.1154 41.526 -1.41486 -0.257906 -0.966169 -0.000882242
29.1543 41.5146 -0.197258 -0.259008 -0.965874 -0.000586341
29.2386 41.4904 1.05641 -0.25812 -0.966112 -0.000801138
29.2156 41.4958 2.22661 -0.257686 -0.966228 -0.000668873
29.1784 41.5046 3.39103 -0.25811 -0.966115 0.000131222
29.66 41.3765 4.34273 -0.258779 -0.965936 0.000160287
30.8268 41.0608 4.37844 -0.262366 -0.964968 -0.000326516
32.0293 40.7317 4.38203 -0.265504 -0.96411 -0.00026019
33.2409 40.3951 4.4341 -0.270038 -0.962849 -0.00139596
33.275 40.3856 4.4325 -0.269614 -0.962968 -0.00105157
33.286 40.383 5.57309 -0.270627 -0.962684 -0.000210856
32.0619 40.7235 5.5654 -0.265389 -0.96414 0.0012934
30.7942 41.07 5.53434 -0.261444 -0.965219 2.42935e-05
29.4713 41.4269 5.52166 -0.258706 -0.965956 -0.000516632
28.138 41.7814 5.12308 -0.255621 -0.966777 0.000221832
28.0443 41.8063 3.90155 -0.255296 -0.966863 -0.000317801
28.0837 41.7963 2.51566 -0.256334 -0.966588 -0.000713421
28.1245 41.7862 1.15976 -0.255691 -0.966758 -0.000686207
28.0459 41.8087 -0.0896327 -0.254858 -0.966978 -0.00103674
27.9993 41.8219 -1.35998 -0.255158 -0.966899 -0.000800387
28.0366 41.8134 -2.73898 -0.255106 -0.966913 -0.000913964
28.0386 41.8141 -3.91818 -0.255437 -0.966824 -0.00186606
28.1 41.7995 -5.19526 -0.255615 -0.966777 -0.00166009
29.1305 41.5268 -5.55782 -0.257334 -0.966322 -0.00110661
30.2984 41.2141 -5.58315 -0.260908 -0.965363 -0.00126603
31.5577 40.8721 -5.57096 -0.263766 -0.964585 -0.00154472
33.0252 40.4645 -5.60839 -0.27032 -0.96277 -0.00089474
34.2781 40.1085 -5.56097 -0.276303 -0.96107 -0.000848028
35.6619 39.7016 -5.59111 -0.289264 -0.957249 -0.00060517
36.8685 39.3355 -5.6135 -0.293853 -0.955846 -0.00301689
37.7718 39.0557 -5.05357 -0.299933 -0.953957 0.0018627
37.8013 39.0503 -3.74999 -0.29665 -0.954984 0.00135245
37.8068 39.049 -2.48731 -0.295701 -0.955279 0.00110619
37.7769 39.0595 -1.09081 -0.293758 -0.955879 0.00130839
37.7854 39.0579 0.331428 -0.293948 -0.955822 -8.65648e-05
37.7878 39.0577 1.74379 -0.296445 -0.95505 0.000156912
37.7911 39.0549 2.9576 -0.292145 -0.956369 -0.0029703
37.7893 39.0514 4.28069 -0.295003 -0.955495 -0.00169353
37.5245 39.1326 5.47883 -0.294308 -0.955708 0.00222171
36.3355 39.4953 5.54262 -0.290106 -0.956988 0.00340067
34.8965 39.9222 5.5691 -0.281791 -0.959474 0.00170019
33.5944 40.2963 5.56374 -0.271512 -0.962435 -0.000138949
33.5909 40.3005 6.71107 -0.271232 -0.96249 0.0068032
34.7275 39.9757 6.73849 -0.278855 -0.960324 0.00419984
35.8618 39.6439 6.68965 -0.285851 -0.958234 0.00722337
36.9807 39.304 6.70996 -0.292728 -0.956165 0.00750845
38.0742 38.9653 6.70717 -0.299544 -0.954064 0.00579409
38.8879 38.7065 5.85102 -0.302225 -0.953228 -0.00269491
38.8822 38.7126 4.68029 -0.296175 -0.955132 -0.00198475
38.9046 38.7087 3.26212 -0.297478 -0.954728 -0.00126928
38.908 38.7087 1.98039 -0.297246 -0.9548 0.00156008
38.8852 38.7152 0.598805 -0.299514 -0.954092 -0.000521536
38.9034 38.7113 -0.768574 -0.297322 -0.954777 -0.000935772
38.9051 38.7073 -2.27079 -0.298385 -0.954434 0.00457921
38.897 38.7057 -3.60633 -0.301225 -0.953552 0.00121076
38.9238 38.6936 -4.7724 -0.301676 -0.953402 0.00403771
38.877 38.7034 -6.0255 -0.306099 -0.951998 0.000840665
37.9953 38.99 -6.75949 -0.304246 -0.952541 -0.00934026
36.8338 39.3515 -6.77214 -0.295158 -0.955421 -0.0072164
35.7257 39.6875 -6.77935 -0.286672 -0.958012 -0.00527528
34.3716 40.0868 -6.7213 -0.278396 -0.960452 -0.00506692
33.2325 40.4104 -6.77659 -0.270736 -0.962646 -0.00373393
32.0339 40.7449 -6.76327 -0.26495 -0.964252 -0.00416681
30.7633 41.0908 -6.7282 -0.261682 -0.965147 -0.00368588
29.6053 41.4023 -6.73698 -0.258895 -0.965899 -0.00357128
28.483 41.7013 -6.72415 -0.255682 -0.966757 -0.00254841
27.318 42.0077 -6.74082 -0.252843 -0.967506 -0.00139999
26.9621 42.0991 -5.7078 -0.253576 -0.967315 -0.00129382
26.9253 42.1073 -4.37082 -0.253712 -0.967279 -0.00108123
26.923 42.1071 -3.18902 -0.254238 -0.967141 -0.000786255
26.8997 42.1118 -1.89669 -0.253271 -0.967395 -0.00102676
26.8959 42.1119 -0.730209 -0.253605 -0.967308 -0.000287051
26.9547 42.0955 0.430828 -0.254423 -0.967093 -0.000782686
26.9674 42.0918 1.79244 -0.255223 -0.966882 -0.000218607
26.9403 42.0982 2.95632 -0.255034 -0.966932 -0.000654229
26.9468 42.0958 4.34986 -0.254869 -0.966976 -0.000238323
27.0065 42.0801 5.66506 -0.254702 -0.967019 0.000110767
27.4149 41.9732 6.70115 -0.255002 -0.966939 0.00150484
28.8953 41.5813 6.71712 -0.257267 -0.966339 0.00146085
30.107 41.2574 6.68757 -0.25977 -0.965665 0.00314895
31.4349 40.8985 6.7203 -0.261668 -0.965153 0.00304192
32.5436 40.5934 6.72136 -0.266989 -0.963689 0.0044584
33.2544 40.3954 6.70978 -0.269857 -0.962878 0.00636299
