16.1663 44.8887 6.01649 -0.252069 -0.967709 -0.000116568
16.2358 44.8707 5.11061 -0.25207 -0.967709 4.03434e-08
16.1741 44.8867 4.26582 -0.252217 -0.967671 -7.23534e-05
16.201 44.8797 3.4657 -0.251959 -0.967738 5.16033e-05
16.1695 44.8879 2.65295 -0.252087 -0.967705 3.46426e-06
16.1525 44.8924 1.77963 -0.252174 -0.967682 -0.00015279
16.1581 44.891 0.75569 -0.252103 -0.9677 7.27129e-05
16.3678 44.8363 -0.314731 -0.252154 -0.967687 4.59328e-05
16.3549 44.8397 -1.08721 -0.251804 -0.967778 -0.000159746
16.0985 44.9065 -1.87152 -0.25222 -0.96767 -0.000177505
16.2574 44.8653 -2.69844 -0.252099 -0.967701 -4.67064e-05
16.3192 44.8493 -3.83366 -0.252014 -0.967724 -0.000110727
16.2023 44.8798 -4.64548 -0.252028 -0.96772 -0.000297973
16.4071 44.8265 -5.222 -0.252038 -0.967717 -3.0741e-05
15.7011 45.0103 -6.02724 -0.252146 -0.967689 -6.18638e-05
15.8456 44.9727 -5.29218 -0.252012 -0.967724 -5.65115e-05
15.5238 45.0565 -4.37389 -0.252127 -0.967694 -1.24003e-05
15.8038 44.9835 -3.67041 -0.25205 -0.967714 -5.75381e-05
15.7357 45.0012 -2.90592 -0.252025 -0.967721 5.26066e-05
15.5104 45.0598 -2.00354 -0.252067 -0.96771 -6.01906e-05
15.7052 45.009 -1.24939 -0.252258 -0.96766 -1.33806e-05
15.7034 45.0094 -0.387764 -0.252223 -0.967669 8.79811e-07
15.4597 45.073 0.676296 -0.252238 -0.967665 -2.38606e-06
15.5731 45.0434 1.52123 -0.252129 -0.967694 1.39087e-05
15.4911 45.0646 2.4081 -0.25209 -0.967704 -5.14601e-05
15.5382 45.0524 3.14806 -0.25226 -0.967659 -7.33751e-05
15.4901 45.0649 3.89237 -0.25231 -0.967646 3.6523e-05
15.5124 45.0591 4.78991 -0.25222 -0.96767 -0.000150006
15.5427 45.0513 5.65454 -0.252104 -0.9677 0.00012514
15.4884 45.0654 6.05072 -0.252136 -0.967692 -0.000108796
14.8812 45.2236 5.9714 -0.252175 -0.967682 -8.93912e-05
14.8812 45.2237 5.1248 -0.252219 -0.96767 -7.06628e-05
14.8812 45.2237 4.39588 -0.252102 -0.967701 3.58641e-05
14.8812 45.2236 3.48889 -0.252251 -0.967662 -1.16396e-05
14.8812 45.2236 2.61028 -0.252276 -0.967655 1.12961e-05
14.8812 45.2236 1.84643 -0.252123 -0.967695 -5.65321e-05
14.8812 45.2236 0.857049 -0.252172 -0.967682 -9.36747e-05
14.8812 45.2237 0.0803498 -0.252024 -0.967721 7.3877e-06
14.8812 45.2237 -0.642948 -0.252097 -0.967702 -0.000133329
14.8812 45.2237 -1.39014 -0.252096 -0.967702 -4.91694e-05
14.8812 45.2238 -2.29236 -0.252186 -0.967679 -0.000176626
14.8812 45.2238 -3.07328 -0.252149 -0.967688 0.000118345
14.8812 45.2239 -3.88578 -0.252147 -0.967689 -7.03013e-05
14.8812 45.2239 -4.82339 -0.252227 -0.967668 9.88977e-05
14.8812 45.2239 -5.74318 -0.25211 -0.967698 -1.93781e-05
14.8812 45.2239 -5.79271 -0.252028 -0.96772 3.54067e-05
14.3517 45.362 -6.02648 -0.252347 -0.967637 -2.78978e-05
14.262 45.3853 -5.28168 -0.252304 -0.967648 -4.20844e-05
14.2832 45.3797 -4.50789 -0.252074 -0.967708 -0.000102074
14.3004 45.3752 -3.67091 -0.252024 -0.967721 3.54157e-05
14.2355 45.3921 -2.96433 -0.252216 -0.967671 -0.000100396
14.2831 45.3797 -2.12057 -0.252228 -0.967668 -8.26089e-05
14.2596 45.3857 -1.34413 -0.252377 -0.967629 -0.00015176
14.2843 45.3793 -0.54045 -0.252209 -0.967673 -8.31636e-05
14.2415 45.3903 0.432488 -0.252152 -0.967688 6.28626e-05
14.2322 45.3927 1.48738 -0.25228 -0.967654 6.10318e-05
14.2723 45.3823 2.35372 -0.252232 -0.967667 2.818e-05
14.1975 45.4019 3.08924 -0.252072 -0.967708 0.000119971
14.2296 45.3935 3.82798 -0.252284 -0.967653 1.02567e-05
14.1359 45.4179 4.63698 -0.25217 -0.967683 -0.000148027
14.3177 45.3705 5.37406 -0.252126 -0.967694 -0.000104511
14.2354 45.3919 5.94014 -0.252347 -0.967637 1.6011e-05
13.7067 45.5298 5.80247 -0.252209 -0.967673 3.63127e-06
13.644 45.5461 5.07184 -0.252218 -0.96767 -5.07184e-05
13.6183 45.5528 4.09738 -0.252213 -0.967672 0.00017935
13.5571 45.5687 3.08618 -0.252167 -0.967684 9.23589e-05
13.6092 45.5551 2.34764 -0.252025 -0.967721 3.74621e-05
13.602 45.557 1.3244 -0.252276 -0.967655 0.000104449
13.6444 45.546 0.563544 -0.25225 -0.967662 -0.000105028
13.7079 45.5295 -0.389929 -0.252193 -0.967677 4.15319e-05
13.6939 45.5331 -1.32327 -0.252208 -0.967673 -5.12638e-05
13.6367 45.5481 -2.18485 -0.252298 -0.96765 -0.000137955
13.652 45.5442 -3.0289 -0.252215 -0.967671 -1.35418e-05
13.6341 45.5489 -3.90238 -0.252181 -0.96768 -0.000161316
13.6768 45.5378 -4.84654 -0.252194 -0.967677 1.30129e-05
13.6916 45.534 -5.79588 -0.252106 -0.9677 -2.12256e-05
13.1073 45.686 0.456737 -0.25202 -0.967722 -5.18415e-05
13.1094 45.6854 0.856901 -0.252247 -0.967663 -7.77777e-05
13.1267 45.6809 1.25965 -0.25219 -0.967678 3.80756e-05
13.1273 45.6808 1.7549 -0.252246 -0.967663 -4.48344e-05
13.1093 45.6854 2.29152 -0.252242 -0.967664 -1.50175e-05
13.1105 45.6851 2.77997 -0.252316 -0.967645 3.06103e-06
13.11 45.6853 3.22074 -0.252286 -0.967653 8.89869e-05
13.1232 45.6818 3.65528 -0.252363 -0.967633 -0.000176785
13.1645 45.6711 4.05084 -0.252321 -0.967643 0.000193982
13.1689 45.67 4.72986 -0.25214 -0.967691 0.00026401
13.1656 45.6708 5.3335 -0.252323 -0.967643 5.39484e-05
13.1148 45.6841 5.96802 -0.252326 -0.967642 -2.21444e-05
13.2924 45.6377 6.31701 -0.252336 -0.96764 3.07219e-05
13.91 45.4768 6.35811 -0.252185 -0.967679 -3.7757e-05
14.3847 45.353 6.36171 -0.252269 -0.967657 0.000104842
14.7701 45.2525 6.44237 -0.252205 -0.967674 -0.000103593
15.1646 45.1497 6.46726 -0.252267 -0.967658 3.87212e-05
15.5859 45.0399 6.45934 -0.252173 -0.967682 -0.000229141
16.0145 44.9282 6.43341 -0.25223 -0.967667 -0.000211644
16.576 44.782 6.32559 -0.251946 -0.967741 -0.000237253
16.7886 44.7267 5.83027 -0.25197 -0.967735 1.54671e-05
16.8071 44.7219 5.40568 -0.252152 -0.967688 -5.88903e-05
16.7793 44.7291 4.92679 -0.252161 -0.967685 -3.08469e-05
16.7825 44.7282 4.47356 -0.252182 -0.96768 5.70129e-05
16.8018 44.7232 3.67 -0.252089 -0.967704 1.68525e-05
16.8136 44.7201 3.16946 -0.252254 -0.967661 -5.62921e-06
16.8124 44.7204 2.7048 -0.251945 -0.967742 6.33292e-05
16.8217 44.718 1.95341 -0.252096 -0.967702 -8.11956e-06
16.7663 44.7325 1.46771 -0.25212 -0.967696 -0.000166024
16.7743 44.7304 0.873564 -0.2522 -0.967675 9.77867e-05
16.8039 44.7227 0.356587 -0.252093 -0.967703 -5.56916e-05
16.7842 44.7279 -0.312871 -0.25216 -0.967686 -6.2409e-05
16.8043 44.7227 -0.843184 -0.251971 -0.967735 -0.000107782
16.8029 44.7231 -1.26578 -0.252052 -0.967714 -6.67527e-05
16.8182 44.7191 -1.66657 -0.252062 -0.967711 -0.000144944
16.8254 44.7173 -2.06993 -0.252153 -0.967687 4.47171e-05
16.7721 44.7313 -2.69324 -0.252007 -0.967725 -0.000117075
16.7949 44.7254 -3.17206 -0.252093 -0.967703 -0.000138374
16.7848 44.728 -3.65825 -0.252015 -0.967723 4.06755e-05
16.7991 44.7243 -4.11498 -0.251907 -0.967751 -6.62756e-05
16.7939 44.7257 -4.69867 -0.252055 -0.967713 8.82347e-06
16.7727 44.7313 -5.18841 -0.252051 -0.967714 -0.000140245
16.7678 44.7326 -5.68513 -0.251973 -0.967734 -4.72131e-05
16.7228 44.7443 -6.10131 -0.251951 -0.96774 3.39285e-05
16.452 44.8148 -6.40097 -0.252009 -0.967725 0.000113353
15.8929 44.9604 -6.46858 -0.252115 -0.967697 -4.53126e-05
15.4932 45.0645 -6.48723 -0.252098 -0.967702 -3.87464e-05
15.083 45.1714 -6.48889 -0.252021 -0.967722 -0.00011504
14.6596 45.2817 -6.49444 -0.252176 -0.967681 -1.60549e-05
13.9831 45.4579 -6.47267 -0.252159 -0.967686 9.19385e-05
13.5038 45.5829 -6.41524 -0.252276 -0.967655 3.80933e-05
13.1546 45.6739 -6.02847 -0.252167 -0.967684 4.27053e-05
13.1434 45.6769 -5.56612 -0.252168 -0.967683 -6.27937e-05
13.1686 45.6703 -5.06272 -0.252075 -0.967708 -6.23631e-05
13.2188 45.6572 -4.52915 -0.252167 -0.967684 -4.43718e-05
13.2 45.6621 -3.96633 -0.252246 -0.967663 -7.65021e-05
13.1991 45.6622 -3.52421 -0.252112 -0.967698 -0.000158302
13.2295 45.6543 -2.82757 -0.252124 -0.967695 -5.5375e-05
13.2345 45.653 -2.36849 -0.252205 -0.967674 8.98896e-05
13.1988 45.6622 -1.84268 -0.252272 -0.967656 -0.000124026
13.1696 45.6698 -1.38767 -0.252253 -0.967661 -7.10946e-05
13.1346 45.6789 -0.87352 -0.252308 -0.967647 -4.05459e-05
13.1399 45.6775 -0.392634 -0.252276 -0.967655 4.10739e-05
13.1209 45.6825 0.0489945 -0.252261 -0.967659 7.65832e-05
13.1178 45.6833 0.163439 -0.252142 -0.96769 -2.91851e-05
12.762 45.776 0.0792576 -0.252076 -0.967707 -8.02883e-05
12.788 45.7692 -0.323399 -0.252211 -0.967672 -9.85909e-05
12.7848 45.7701 -0.75808 -0.25227 -0.967657 -2.14906e-05
12.8113 45.7632 -1.24223 -0.25224 -0.967665 -3.40334e-05
12.854 45.7521 -1.64298 -0.252214 -0.967671 -3.71723e-05
12.8905 45.7426 -2.08933 -0.252255 -0.967661 -0.000186661
12.8828 45.7446 -2.7583 -0.252167 -0.967684 6.42593e-05
12.8731 45.7471 -3.17547 -0.252199 -0.967675 -5.55792e-05
12.8509 45.753 -3.62 -0.252106 -0.9677 -0.000209076
12.8781 45.746 -4.10157 -0.252138 -0.967691 -2.0237e-05
12.8767 45.7463 -4.54809 -0.252115 -0.967697 3.88453e-05
12.798 45.7668 -5.23276 -0.252334 -0.96764 -2.0396e-07
12.8094 45.7639 -5.71023 -0.252168 -0.967683 -6.27937e-05
12.7934 45.7681 -6.31277 -0.252214 -0.967671 -9.43654e-05
12.9293 45.7327 -6.68219 -0.25218 -0.96768 0.000125464
13.4492 45.5971 -6.80213 -0.252262 -0.967659 -1.26512e-05
14.1038 45.4265 -6.83631 -0.252301 -0.967649 -5.3713e-05
14.612 45.2941 -6.82098 -0.252023 -0.967721 -3.14112e-05
15.0976 45.1676 -6.83047 -0.2521 -0.967701 0.000173482
15.4922 45.0648 -6.83561 -0.25199 -0.96773 8.57209e-05
15.8838 44.9628 -6.82792 -0.252037 -0.967718 6.8188e-05
16.4009 44.8281 -6.79522 -0.252118 -0.967696 -0.000150364
16.9286 44.6907 -6.68228 -0.251934 -0.967744 -7.27329e-05
17.0978 44.6467 -6.09434 -0.251959 -0.967738 8.16874e-05
17.1157 44.642 -5.58978 -0.251959 -0.967738 -0.000118176
17.12 44.6408 -5.16433 -0.251728 -0.967798 -8.77518e-05
17.138 44.6361 -4.66499 -0.251893 -0.967755 -5.23666e-05
17.1334 44.6373 -4.20566 -0.251971 -0.967735 -0.000109051
17.1229 44.64 -3.62204 -0.252079 -0.967707 -7.0975e-05
17.131 44.6378 -3.20236 -0.252029 -0.96772 -0.000151154
17.1141 44.6422 -2.68116 -0.25209 -0.967704 -4.17581e-05
17.1418 44.6349 -2.26552 -0.25199 -0.96773 -0.000196688
17.1581 44.6306 -1.70631 -0.252027 -0.96772 -2.33788e-05
17.1561 44.6311 -1.25345 -0.252043 -0.967716 -5.98733e-05
17.1569 44.6309 -0.724381 -0.251971 -0.967735 -0.000107782
17.1348 44.6365 -0.322888 -0.251973 -0.967734 -0.000185169
17.1278 44.6383 0.0906972 -0.252043 -0.967716 -1.91573e-05
17.1189 44.6406 0.753207 -0.252059 -0.967712 1.08269e-05
17.1204 44.6403 1.27554 -0.252081 -0.967706 -7.34138e-05
17.1419 44.6346 1.70545 -0.25213 -0.967693 -0.000171353
17.1604 44.6297 2.14341 -0.252068 -0.96771 -4.03981e-05
17.1555 44.631 2.70577 -0.252086 -0.967705 -3.99138e-06
17.1529 44.6317 3.16915 -0.251961 -0.967737 4.69503e-05
17.1427 44.6344 3.58231 -0.252096 -0.967702 0.000126667
17.121 44.6401 4.04607 -0.252026 -0.96772 4.7855e-05
17.1262 44.6387 4.69572 -0.252051 -0.967714 5.22325e-05
17.1392 44.6353 5.14323 -0.252037 -0.967717 -3.61387e-05
17.1469 44.6334 5.53629 -0.252021 -0.967722 9.97949e-05
17.1295 44.6379 5.95602 -0.252135 -0.967692 -4.16268e-05
17.0158 44.6675 6.54976 -0.25193 -0.967745 -0.000175638
16.6814 44.7544 6.7414 -0.251877 -0.967759 -0.000124493
16.2602 44.8641 6.77293 -0.252185 -0.967679 -8.0569e-05
15.7652 44.9932 6.79527 -0.25216 -0.967686 4.95423e-05
15.3026 45.1138 6.80907 -0.252253 -0.967661 -9.2267e-05
14.8376 45.2349 6.81445 -0.252103 -0.9677 -0.000149631
14.3716 45.3564 6.74537 -0.252283 -0.967653 -1.90935e-05
13.5506 45.5704 6.76295 -0.252224 -0.967669 -3.45455e-05
13.1339 45.679 6.74954 -0.252414 -0.967619 -3.6614e-05
12.7791 45.7716 6.42227 -0.2523 -0.967649 2.69502e-05
12.7889 45.7691 5.82608 -0.25232 -0.967644 2.57187e-05
12.8518 45.7526 5.37246 -0.252285 -0.967653 3.2326e-05
12.855 45.7519 4.78466 -0.252206 -0.967673 -0.000225449
12.8398 45.7557 4.35422 -0.252226 -0.967668 -1.37489e-05
12.7874 45.7694 3.7797 -0.25218 -0.96768 0.000161429
12.764 45.7755 3.25177 -0.252279 -0.967654 0.000113235
12.7626 45.7758 2.63546 -0.252358 -0.967634 -5.91901e-05
12.7666 45.7748 2.16524 -0.252372 -0.96763 6.37532e-05
12.7883 45.7692 1.73018 -0.252183 -0.96768 -3.97724e-05
12.789 45.7689 1.3032 -0.252289 -0.967652 -4.08858e-05
12.7627 45.7758 0.868348 -0.252291 -0.967651 1.44141e-05
12.7565 45.7774 0.445632 -0.252341 -0.967638 7.87013e-05
12.7566 45.7774 0.297639 -0.252211 -0.967672 -2.23452e-05
12.3645 45.8796 0.343142 -0.252363 -0.967633 0.000122073
12.3682 45.8787 -0.164044 -0.252319 -0.967644 -0.000194974
12.4494 45.8575 -0.63641 -0.252285 -0.967653 -6.88203e-06
12.4151 45.8665 -1.21825 -0.252351 -0.967636 -9.49857e-05
12.5074 45.8424 -1.61376 -0.252375 -0.967629 -3.56587e-05
12.4874 45.8477 -2.26983 -0.252189 -0.967678 8.31035e-05
12.4826 45.8489 -2.73511 -0.252165 -0.967684 -7.75697e-06
12.5307 45.8364 -3.20712 -0.252199 -0.967675 -5.55792e-05
12.4307 45.8625 -3.61038 -0.252242 -0.967664 -0.000114292
12.4738 45.8513 -4.15216 -0.252193 -0.967677 -1.6896e-05
12.4549 45.8562 -4.59471 -0.252173 -0.967682 -3.81887e-05
12.469 45.8526 -5.07267 -0.252357 -0.967634 -0.000100468
12.402 45.8701 -5.69341 -0.252216 -0.967671 -5.60491e-05
12.4563 45.856 -6.12083 -0.252333 -0.96764 -6.47943e-05
12.4307 45.8626 -6.77555 -0.252334 -0.96764 1.35379e-05
13.0339 45.7054 -7.16206 -0.252292 -0.967651 -5.61617e-05
13.4741 45.5906 -7.22414 -0.252184 -0.967679 0.000118063
13.879 45.4851 -7.2376 -0.252259 -0.96766 -1.62481e-06
14.6411 45.2865 -7.1737 -0.252089 -0.967704 -9.62477e-05
15.0924 45.1689 -7.20581 -0.252231 -0.967667 -6.61302e-05
15.5633 45.0462 -7.17629 -0.252026 -0.96772 0.000226497
15.9596 44.943 -7.22722 -0.251833 -0.967771 0.000233995
16.3897 44.831 -7.25804 -0.252 -0.967727 0.000155872
16.7827 44.7287 -7.18634 -0.252063 -0.967711 5.01983e-05
17.1878 44.6232 -7.16083 -0.251781 -0.967784 0.000148894
17.4685 44.5502 -6.7805 -0.251562 -0.967841 7.04082e-05
17.5478 44.5297 -6.2141 -0.251483 -0.967862 -3.91886e-05
17.4728 44.5491 -5.66664 -0.251881 -0.967758 -1.86287e-06
17.4739 44.5488 -5.0845 -0.251791 -0.967782 -9.05015e-05
17.544 44.5304 -4.46733 -0.251861 -0.967763 -0.000171904
17.5521 44.5282 -3.90562 -0.25191 -0.967751 -0.000111597
17.5327 44.5332 -3.35629 -0.251937 -0.967744 -6.13211e-05
17.5141 44.538 -2.91861 -0.251867 -0.967762 -0.000133915
17.4734 44.5485 -2.44814 -0.252071 -0.967709 -9.30111e-05
17.5529 44.5278 -1.83852 -0.251969 -0.967735 -0.000157199
17.5517 44.5281 -1.35661 -0.252027 -0.96772 -6.09857e-05
17.5572 44.5266 -0.872202 -0.252219 -0.96767 -0.000125256
17.554 44.5274 -0.295322 -0.252141 -0.967691 -5.38195e-05
17.4565 44.5527 0.225821 -0.252003 -0.967726 -0.000190149
17.5087 44.5391 0.681308 -0.252103 -0.9677 2.38248e-05
17.5418 44.5305 1.13507 -0.252173 -0.967682 -9.99341e-05
17.5835 44.5195 1.85888 -0.252019 -0.967722 -6.2114e-05
17.5013 44.5409 2.31829 -0.252032 -0.967719 8.95271e-05
17.5512 44.528 2.72596 -0.251998 -0.967728 3.37292e-05
17.5179 44.5367 3.1344 -0.25197 -0.967735 -2.22769e-05
17.4847 44.5453 3.52345 -0.252106 -0.9677 9.98642e-05
17.459 44.5521 3.96313 -0.252053 -0.967713 0.000160714
17.5417 44.5305 4.41592 -0.252031 -0.967719 -1.73234e-05
17.5426 44.5303 4.88413 -0.252057 -0.967712 -4.3892e-06
17.5403 44.5309 5.49989 -0.252075 -0.967708 8.58728e-05
17.5225 44.5355 5.97124 -0.252009 -0.967725 -4.78742e-05
17.5013 44.541 6.41242 -0.252027 -0.96772 3.10415e-05
17.4344 44.5584 6.81273 -0.252106 -0.967699 -0.000233538
17.1294 44.6378 7.10015 -0.251849 -0.967766 -8.73634e-05
16.7523 44.736 7.1602 -0.252066 -0.96771 -8.34146e-06
16.3357 44.8444 7.18418 -0.252188 -0.967678 2.33474e-05
15.8768 44.9641 7.20431 -0.252179 -0.967681 -0.000107112
15.4913 45.0645 7.20715 -0.252105 -0.9677 -0.000159899
15.0951 45.1678 7.18631 -0.252355 -0.967635 9.34904e-05
14.69 45.2734 7.154 -0.252322 -0.967643 7.64738e-05
14.2786 45.3807 7.17828 -0.251593 -0.967833 0.000254304
13.8189 45.5005 7.1819 -0.252135 -0.967692 6.2725e-05
13.3668 45.6184 7.21673 -0.252445 -0.967611 1.27359e-05
12.77 45.774 7.14373 -0.252409 -0.967621 3.00765e-05
12.4474 45.8582 6.90134 -0.252296 -0.96765 3.32191e-05
12.3269 45.8895 6.47219 -0.252299 -0.967649 7.23577e-05
12.3897 45.8732 6.04548 -0.252296 -0.96765 4.45003e-05
12.4483 45.8578 5.45085 -0.252387 -0.967626 -1.891e-05
12.5413 45.8336 4.91911 -0.252374 -0.96763 8.49012e-05
12.4667 45.853 4.20167 -0.252307 -0.967647 9.87622e-05
12.4466 45.8583 3.71968 -0.252467 -0.967605 -4.82193e-05
12.3705 45.8781 3.31335 -0.252259 -0.96766 6.35147e-05
12.3352 45.8873 2.89398 -0.252279 -0.967655 -0.000120755
12.3739 45.8772 2.34642 -0.252116 -0.967697 3.48009e-05
12.3967 45.8712 1.93498 -0.25219 -0.967678 0.000134039
12.463 45.8539 1.52746 -0.252227 -0.967668 -1.97033e-05
12.4269 45.8634 0.851327 -0.252178 -0.967681 -8.07673e-06
12.415 45.8665 0.563661 -0.252275 -0.967656 -4.00805e-05
