-29.9356 33.9478 -3.63145 0.0125113 -0.999922 -0.000126855
-29.7939 33.95 -2.69479 0.0127503 -0.999919 0.000419936
-29.7704 33.9508 -1.70262 0.0132277 -0.999912 0.000339803
-29.7507 33.9519 -0.75049 0.0138381 -0.999904 0.00116343
-29.7389 33.9543 0.0906863 0.0163043 -0.999855 0.00428985
-29.6732 33.9611 1.26827 0.0179658 -0.99983 0.00411426
-29.7459 33.9646 2.22882 0.0199887 -0.99979 0.00455067
-29.7436 33.9695 3.22757 0.0224055 -0.999737 0.00480831
-29.7501 33.9702 3.40139 0.0225103 -0.999736 0.0046172
-30.5535 33.9522 3.55986 0.0224804 -0.99974 0.00381962
-30.5452 33.9491 2.52181 0.0215528 -0.999763 0.00304696
-30.4707 33.9473 1.51208 0.0188233 -0.999817 0.00340717
-30.4691 33.9445 0.507237 0.0151602 -0.999882 0.0024828
-30.5127 33.9418 -0.400754 0.0142112 -0.999899 0.000795312
-30.536 33.9406 -1.34034 0.013766 -0.999905 0.000642022
-30.4924 33.941 -2.19504 0.0138609 -0.999904 -0.000133816
-30.6046 33.9396 -3.25847 0.0126448 -0.99992 1.81297e-05
-30.6481 33.9391 -3.43226 0.0126113 -0.99992 2.899e-05
-31.3219 33.9301 -3.27419 0.0132476 -0.999912 -0.000726212
-31.2244 33.9304 -2.24732 0.0152551 -0.999883 -0.000418198
-31.3054 33.9292 -1.37158 0.015585 -0.999878 0.000419708
-31.29 33.93 -0.540224 0.0168855 -0.999857 1.53302e-05
-31.3067 33.9299 0.304782 0.0183303 -0.999832 0.000268757
-31.2351 33.9321 1.20127 0.0185784 -0.999826 0.00191571
-31.3525 33.9315 2.07316 0.0198778 -0.999802 0.000941441
-31.3355 33.9336 2.98594 0.0213072 -0.999772 0.00159011
-31.3499 33.9339 3.51313 0.0232807 -0.999729 0.000823828
-32.2065 33.9129 3.52574 0.0257408 -0.999668 -0.000543122
-32.1942 33.9137 2.49919 0.0238834 -0.999714 0.000513665
-32.1236 33.9156 1.71433 0.0218446 -0.99976 -0.00108309
-32.1957 33.9128 0.754961 0.0194585 -0.99981 0.000628355
-32.181 33.9135 -0.0961175 0.0194935 -0.99981 -0.000780629
-32.0599 33.9166 -0.919903 0.0193062 -0.999813 -0.000645466
-31.9631 33.9188 -1.8541 0.0157169 -0.999876 -0.000132153
-32.0458 33.9178 -2.75156 0.0157772 -0.999875 -0.000512363
-32.0695 33.9187 -3.52772 0.0165402 -0.999861 -0.00188359
-32.9975 33.9015 -3.32555 0.0193659 -0.99981 -0.00198192
-33.0102 33.9003 -2.46428 0.0205412 -0.999787 -0.00175218
-33.0102 33.8988 -1.63718 0.0200848 -0.999796 -0.0017515
-33.0102 33.8971 -0.511054 0.021294 -0.999773 -0.000356484
-33.0102 33.8956 0.64414 0.022637 -0.999739 -0.0027562
-33.0102 33.8944 1.53216 0.0243436 -0.999702 -0.00161671
-33.0102 33.893 2.58396 0.0258155 -0.999666 -0.000942171
-33.0102 33.8919 3.4877 0.0266981 -0.999642 -0.00148021
-33.0102 33.8917 3.5924 0.0269847 -0.999635 -0.00111929
-33.8024 33.8705 3.60929 0.0271624 -0.999629 -0.00208495
-33.7759 33.8729 2.64074 0.0264296 -0.999649 -0.00171865
-33.7209 33.8767 1.55533 0.0252604 -0.999679 -0.00198558
-33.8294 33.8767 0.341356 0.0245987 -0.999694 -0.00242458
-33.7277 33.8808 -0.489025 0.0242231 -0.999705 -0.00176886
-33.8384 33.8801 -1.38022 0.0227751 -0.999738 -0.0023296
-33.7903 33.8836 -2.27189 0.0221731 -0.999752 -0.00196912
-33.7632 33.8864 -3.24362 0.0211793 -0.999773 -0.00212162
-33.8058 33.8862 -3.66289 0.0205996 -0.999786 -0.00170859
-34.5792 33.8698 -3.58552 0.0213795 -0.999768 -0.00247792
-34.611 33.8659 -2.52951 0.0225168 -0.999741 -0.00335201
-34.6423 33.8617 -1.43597 0.0237674 -0.999712 -0.00318868
-34.5107 33.8621 -0.53482 0.0243326 -0.999701 -0.00251784
-34.6137 33.8566 0.541273 0.024866 -0.999687 -0.0028852
-34.5806 33.8543 1.6706 0.0261132 -0.999655 -0.00268527
-34.7003 33.8484 2.67712 0.0263242 -0.99965 -0.00267877
-34.5968 33.8483 3.61995 0.0274097 -0.99962 -0.00287427
-35.4252 33.8258 3.60091 0.0270386 -0.99963 -0.0031074
-35.469 33.8284 2.52929 0.0263 -0.999647 -0.0036636
-35.3748 33.8338 1.65482 0.0256093 -0.999667 -0.00305512
-35.3763 33.8369 0.781113 0.0244667 -0.999695 -0.00341207
-35.3365 33.8409 -0.131614 0.0242643 -0.999701 -0.00301337
-35.3866 33.8423 -0.983973 0.0237255 -0.999713 -0.00322178
-35.4389 33.8446 -1.82721 0.0214579 -0.99976 -0.00434919
-35.3693 33.8506 -2.95042 0.0222884 -0.999745 -0.00350425
-35.361 33.8527 -3.5356 0.0218159 -0.999759 -0.00262789
-36.1377 33.8361 -3.43099 0.020563 -0.999785 -0.00255732
-36.1665 33.8325 -2.54469 0.0206888 -0.999778 -0.00409156
-36.1858 33.8269 -1.39915 0.0202698 -0.999786 -0.00394606
-36.1328 33.8234 -0.421485 0.022236 -0.99974 -0.00488743
-36.1406 33.819 0.558589 0.0240188 -0.999704 -0.00374131
-36.1486 33.8154 1.40843 0.0225863 -0.999735 -0.00441872
-36.2344 33.8096 2.29289 0.0245754 -0.999688 -0.00439824
-36.2334 33.8063 3.11224 0.0262754 -0.999648 -0.00360682
-36.2191 33.8054 3.45005 0.0256088 -0.999665 -0.00378985
-34.7428 33.8685 -4.70857 0.0218569 -0.999759 -0.00181648
-35.8781 33.8444 -4.71159 0.020558 -0.999787 -0.0017428
-37.1019 33.8206 -4.61684 0.0170849 -0.999851 -0.00229758
-37.6783 33.809 -3.86762 0.0169055 -0.999851 -0.00331112
-37.714 33.8038 -2.61956 0.0171742 -0.999845 -0.00378032
-37.7167 33.7984 -1.45751 0.0177152 -0.999828 -0.00545106
-37.7468 33.7899 -0.21564 0.0187714 -0.9998 -0.00690913
-37.7403 33.7834 1.0168 0.0190563 -0.999802 -0.0056733
-37.6899 33.7781 2.16618 0.0191202 -0.999799 -0.00590605
-37.6619 33.7712 3.31096 0.0220874 -0.999723 -0.00810791
-37.5877 33.7663 4.38499 0.0232429 -0.999721 -0.00341929
-36.5195 33.7922 4.6642 0.0261317 -0.999647 -0.00480478
-35.4103 33.8228 4.66825 0.0276647 -0.999611 -0.00357818
-34.3369 33.8528 4.72784 0.0287468 -0.999584 -0.00219831
-33.2154 33.885 4.67298 0.027964 -0.999608 -0.00104149
-32.0137 33.9187 4.62815 0.0272124 -0.999629 0.000419588
-30.546 33.9554 4.66101 0.0248401 -0.999688 0.00246875
-29.3713 33.9849 4.64616 0.0252941 -0.999672 0.00405838
-28.2656 34.0109 4.19173 0.0267595 -0.999623 0.00615258
-28.2912 34.0024 3.0745 0.0258099 -0.99964 0.00733676
-28.2802 33.9941 1.76961 0.0241105 -0.999678 0.00768063
-28.2355 33.9861 0.589558 0.0203985 -0.999764 0.00733961
-28.2648 33.9786 -0.555317 0.0188126 -0.999805 0.00595321
-28.256 33.9729 -1.86482 0.0176345 -0.999842 0.00236982
-28.2487 33.972 -3.17375 0.0159509 -0.999873 -0.000155871
-28.3933 33.9692 -4.43275 0.0146473 -0.999893 0.000229939
-29.4999 33.9543 -4.7457 0.0128172 -0.999917 -0.000919535
-30.6221 33.9403 -4.70274 0.0122729 -0.999923 -0.00160819
-31.6885 33.9264 -4.71794 0.0138039 -0.999904 -0.000992414
-32.9141 33.9057 -4.76618 0.0186236 -0.999825 -0.00152325
-34.2845 33.8785 -4.72118 0.0211603 -0.999774 -0.00207892
-34.5018 33.8738 -4.71306 0.0216186 -0.999764 -0.0019896
-34.3291 33.8791 -5.77039 0.0228193 -0.999739 -0.000596968
-33.2021 33.9022 -5.75811 0.0196794 -0.999805 -0.00148006
-32.028 33.9229 -5.75746 0.0159907 -0.999872 -0.000739962
-30.9658 33.9378 -5.74402 0.0129809 -0.999914 -0.00206466
-29.8957 33.9513 -5.76481 0.0123824 -0.999921 -0.00205703
-28.6113 33.9668 -5.79124 0.0119433 -0.999927 -0.00202955
-27.5325 33.9813 -5.58012 0.0162673 -0.999867 0.000379079
-27.261 33.9863 -4.45234 0.0180729 -0.999835 0.00164767
-27.2211 33.9895 -3.26413 0.0209609 -0.999777 0.00206028
-27.2055 33.992 -1.99236 0.0231817 -0.999728 0.00224184
-27.2368 33.9964 -0.929559 0.0219077 -0.999732 0.00731547
-27.1875 34.0072 0.198478 0.024908 -0.999658 0.00790889
-27.2093 34.0164 1.3429 0.0275952 -0.999576 0.00927228
-27.2349 34.0248 2.40629 0.0269602 -0.999608 0.00754986
-27.1897 34.0367 3.68695 0.0292413 -0.999533 0.00890888
-27.187 34.0451 4.80438 0.0297945 -0.999535 0.00649732
-27.729 34.0336 5.69583 0.0292843 -0.99956 0.00462917
-29.0205 33.9978 5.6961 0.026606 -0.999641 0.00322101
-30.296 33.9642 5.7211 0.0262993 -0.999652 0.00221031
-31.3673 33.9357 5.71765 0.0273457 -0.999626 -0.000536932
-32.4622 33.9054 5.70444 0.0281602 -0.999603 -0.000784081
-33.8579 33.865 5.75602 0.0293273 -0.99957 -0.000740496
-34.9681 33.8315 5.74189 0.0296797 -0.999553 -0.00352327
-36.1324 33.7985 5.70261 0.0286904 -0.999578 -0.00441992
-37.2357 33.7679 5.72899 0.0249964 -0.999664 -0.00690048
-38.3078 33.743 5.71108 0.0215029 -0.999725 -0.0093726
-38.7534 33.7411 4.69434 0.0191748 -0.999796 -0.0062562
-38.7505 33.7487 3.5665 0.0178216 -0.99982 -0.00650768
-38.7524 33.7565 2.36761 0.0183172 -0.999811 -0.00657776
-38.8047 33.7635 1.12673 0.0172027 -0.999835 -0.00579049
-38.7866 33.7711 -0.0571881 0.0144871 -0.999874 -0.00648139
-38.8051 33.7786 -1.2101 0.0149169 -0.999864 -0.00703142
-38.7685 33.7862 -2.36582 0.013932 -0.99989 -0.00511154
-38.7438 33.7924 -3.70275 0.0142806 -0.999888 -0.00439414
-38.7602 33.7953 -4.81079 0.0140706 -0.999899 -0.00184576
-38.3207 33.8026 -5.64545 0.0138365 -0.999903 -0.00130975
-36.9339 33.8249 -5.70306 0.0162896 -0.999867 0.000995443
-35.755 33.8476 -5.78404 0.020477 -0.99979 0.000810209
-34.717 33.8704 -5.77343 0.0223312 -0.999751 -0.000243653
-34.5379 33.875 -6.79157 0.0238585 -0.999715 -0.000335792
-33.4543 33.8997 -6.80799 0.0202937 -0.999787 -0.00362873
-32.34 33.9192 -6.78556 0.0147525 -0.999886 -0.00287383
-31.0451 33.9386 -6.7963 0.0134334 -0.999909 -0.0012226
-29.8965 33.9562 -6.79092 0.0147801 -0.999863 -0.00741056
-28.5149 33.9708 -6.81887 0.00687742 -0.999948 -0.00638354
-27.2123 33.9829 -6.75704 0.0169118 -0.999846 0.00460409
-26.2315 34.0012 -6.42654 0.018509 -0.999819 0.00416034
-26.2605 34.0056 -5.17954 0.0209654 -0.999776 0.00284875
-26.1604 34.0108 -4.05801 0.0249999 -0.999669 0.00613009
-26.1506 34.0149 -2.93695 0.0260323 -0.99966 0.00132952
-26.1731 34.0166 -1.84644 0.0222433 -0.999748 0.00266581
-26.1858 34.0266 -0.542208 0.0250889 -0.99964 0.00945011
-26.1498 34.0393 0.525588 0.0307626 -0.999468 0.0107845
-26.1486 34.0501 1.687 0.0321934 -0.999448 0.00807912
-26.1954 34.0585 2.92785 0.0289623 -0.999536 0.00935186
-26.1167 34.0743 4.05118 0.0365067 -0.99928 0.0103623
-26.1056 34.0839 5.13297 0.0365437 -0.999302 0.00771144
-26.1538 34.0892 6.32374 0.0375613 -0.999285 0.00413109
-26.9444 34.0622 6.80995 0.0393431 -0.999218 0.0028263
-28.0668 34.0264 6.76485 0.0278897 -0.99961 0.000879999
-29.2317 33.9949 6.77673 0.0266951 -0.999642 0.00195792
-30.3485 33.9655 6.77942 0.0274099 -0.999613 0.00478422
-31.4014 33.9346 6.75428 0.0299715 -0.999548 0.000505257
-32.6858 33.8984 6.78143 0.0282364 -0.999601 -0.00018946
-33.7517 33.8676 6.7647 0.0317536 -0.999495 0.000948714
-34.9451 33.8289 6.80283 0.0322813 -0.999474 -0.00298227
-36.0478 33.7956 6.75069 0.029265 -0.999562 -0.00435935
-37.1197 33.7634 6.76851 0.0291277 -0.999551 -0.00667477
-38.2812 33.7329 6.79168 0.0222606 -0.999703 -0.00967496
-39.5517 33.7097 6.721 0.0172364 -0.999792 -0.0108351
-39.8108 33.7158 5.40281 0.0179754 -0.999811 -0.00733288
-39.8409 33.7272 3.8726 0.0184424 -0.999792 -0.00863551
-39.7921 33.738 2.58865 0.0160653 -0.99985 -0.0064942
-39.8539 33.7468 1.28553 0.0144899 -0.999861 -0.00819995
-39.8476 33.7551 0.207332 0.011752 -0.999904 -0.00729531
-39.8504 33.762 -0.958504 0.0141943 -0.999876 -0.00683126
-39.8291 33.771 -2.12782 0.0115574 -0.999907 -0.00710562
-39.825 33.7775 -3.36445 0.0116963 -0.99992 -0.00487776
-39.8302 33.7824 -4.48249 0.0105601 -0.999938 -0.00351996
-39.8525 33.7842 -5.54489 0.0096451 -0.999953 -0.000773418
-39.7671 33.7847 -6.6038 0.00769374 -0.999969 0.00147931
-38.4545 33.7981 -6.80299 0.0146055 -0.999834 0.0105836
-37.0424 33.821 -6.79752 0.0180421 -0.99983 0.00338735
-35.9067 33.8437 -6.84272 0.0213354 -0.99977 0.00205105
-34.8044 33.8687 -6.81159 0.0246764 -0.999695 0.000570057
