17.2578 45.1198 4.67795 -0.252048 -0.967715 3.14269e-05
17.1467 45.1487 3.18275 -0.252071 -0.967709 0.000138748
17.2569 45.1199 2.20653 -0.252177 -0.967681 1.21e-05
16.5461 45.3051 5.40511 -0.252031 -0.967719 -9.49233e-05
16.5495 45.3042 3.93628 -0.252128 -0.967694 9.786e-05
16.57 45.2988 2.51223 -0.25198 -0.967733 1.93423e-06
16.7896 45.2417 1.08175 -0.252123 -0.967695 6.90891e-05
16.6074 45.2891 -0.33956 -0.252095 -0.967703 -9.50426e-06
16.4619 45.3271 -1.86769 -0.25203 -0.967719 -0.000115533
16.7877 45.2425 -3.57616 -0.251838 -0.967769 5.25953e-05
16.7632 45.2489 -4.99325 -0.251891 -0.967756 -4.51652e-05
16.7734 45.2463 -5.40893 -0.251887 -0.967757 -8.46776e-05
15.9765 45.4538 -5.66716 -0.252083 -0.967705 4.50716e-05
15.9522 45.4601 -4.27094 -0.25201 -0.967725 -6.19135e-05
15.9647 45.4567 -2.60313 -0.252051 -0.967714 -7.81034e-05
15.9897 45.4501 -1.0132 -0.252206 -0.967673 7.17212e-05
16.0574 45.4324 0.714443 -0.252058 -0.967712 7.62556e-05
15.9009 45.4731 2.25462 -0.251965 -0.967736 -6.04876e-06
15.7602 45.5098 3.83196 -0.252048 -0.967715 0.000179354
15.9254 45.4668 5.25464 -0.252035 -0.967718 -0.000201006
15.8751 45.4799 5.39407 -0.252082 -0.967706 -0.000224602
15.2151 45.6518 5.61188 -0.252337 -0.967639 0.000116328
15.2151 45.6519 4.05656 -0.25222 -0.96767 -3.54736e-06
15.2151 45.6518 2.56544 -0.252175 -0.967682 3.02571e-05
15.2151 45.6519 1.10521 -0.252122 -0.967695 -0.000162113
15.2151 45.6519 -0.404444 -0.252277 -0.967655 -1.96553e-05
15.2151 45.652 -1.85506 -0.252193 -0.967677 -7.32381e-05
15.2151 45.652 -3.67017 -0.252201 -0.967675 -0.000125901
15.2151 45.6521 -5.21943 -0.252243 -0.967664 -0.000102238
15.2151 45.6521 -5.6304 -0.252106 -0.9677 6.42148e-05
14.5171 45.834 -5.58888 -0.25206 -0.967712 -8.73505e-05
14.5695 45.8203 -3.99756 -0.252142 -0.96769 -9.16372e-06
14.596 45.8133 -2.47234 -0.252119 -0.967696 -7.71707e-05
14.4865 45.8418 -0.914025 -0.252248 -0.967662 4.45363e-05
14.5529 45.8244 0.745395 -0.252267 -0.967658 -4.40387e-05
14.4366 45.8547 2.28521 -0.252367 -0.967632 -1.59959e-05
14.5161 45.834 3.92854 -0.252151 -0.967688 4.5253e-05
14.4424 45.8532 5.37956 -0.252197 -0.967676 -3.81333e-05
14.428 45.857 5.60655 -0.252291 -0.967651 1.83068e-05
13.7433 46.0354 5.54478 -0.25242 -0.967618 2.35068e-05
13.8648 46.0037 3.73387 -0.252461 -0.967607 3.61262e-05
13.6838 46.0509 2.15187 -0.252269 -0.967657 2.89006e-05
13.8714 46.0021 0.514181 -0.252149 -0.967688 1.04864e-05
13.8368 46.0112 -0.928194 -0.252225 -0.967669 -8.81045e-05
13.9582 45.9795 -2.55432 -0.252336 -0.96764 -1.54029e-05
13.8418 46.0099 -4.13487 -0.252248 -0.967663 0.000208824
13.8287 46.0134 -5.49662 -0.252382 -0.967628 -1.45376e-05
13.2861 46.1547 -3.21114 -0.252249 -0.967662 -3.33187e-05
13.2304 46.1693 -2.09342 -0.252394 -0.967624 -3.79232e-05
12.8179 46.2768 -4.42274 -0.252258 -0.96766 1.2088e-05
12.8158 46.2774 -5.07737 -0.252077 -0.967707 -0.000120012
12.8755 46.2619 -5.65064 -0.252336 -0.96764 6.73338e-05
13.1011 46.203 -6.07606 -0.252099 -0.967701 -0.000149432
13.8919 45.997 -6.19204 -0.252213 -0.967672 -0.00012751
14.4927 45.8403 -6.20431 -0.252081 -0.967706 8.28483e-05
15.0424 45.6971 -6.1721 -0.252109 -0.967699 -2.68392e-05
15.6287 45.5443 -6.14351 -0.252197 -0.967676 -0.000123778
16.1264 45.4147 -6.15251 -0.251917 -0.967749 -7.94196e-05
17.0188 45.1825 -6.13313 -0.251881 -0.967758 -4.1139e-05
17.4965 45.0582 -6.01636 -0.251799 -0.96778 -0.000134222
17.6386 45.0212 -5.48764 -0.251774 -0.967786 -9.15402e-05
17.68 45.0103 -4.82801 -0.251721 -0.9678 -8.07279e-05
17.6975 45.0058 -4.28855 -0.251782 -0.967784 -7.39084e-05
17.7194 44.9999 -3.75622 -0.251872 -0.96776 -0.00010393
17.7305 44.9971 -3.25858 -0.251908 -0.967751 -2.32669e-05
17.7206 44.9995 -2.6973 -0.252026 -0.96772 -7.18776e-05
17.706 45.0033 -1.82205 -0.251797 -0.96778 -0.000105722
17.6817 45.0095 -1.13512 -0.251884 -0.967757 -7.84049e-05
17.6816 45.0095 -0.564284 -0.25205 -0.967714 -0.000184095
17.6756 45.011 -0.00875689 -0.25192 -0.967748 -0.000167839
17.7016 45.0041 0.56957 -0.251937 -0.967744 4.85478e-05
17.6712 45.012 1.07705 -0.251943 -0.967742 -5.76377e-05
17.7075 45.0026 1.67273 -0.25202 -0.967722 5.43797e-05
17.7371 44.9948 2.32994 -0.25202 -0.967722 -6.85245e-05
17.7138 45.001 3.08923 -0.251954 -0.967739 4.86757e-05
17.7147 45.0008 3.87745 -0.251913 -0.96775 6.12198e-05
17.7387 44.9945 4.43213 -0.251979 -0.967733 0.000124832
17.7205 44.9993 4.97199 -0.252063 -0.967711 4.04227e-05
17.6601 45.0151 5.54819 -0.252113 -0.967698 -7.4538e-06
17.2969 45.1096 6.0861 -0.251851 -0.967766 -0.000140464
16.6898 45.2676 6.09925 -0.251956 -0.967739 -9.11138e-05
15.9649 45.4564 6.15925 -0.252022 -0.967721 -0.000128169
15.4344 45.5946 6.13736 -0.252229 -0.967668 -0.0002012
14.7374 45.7763 6.12219 -0.252167 -0.967684 -0.000169149
13.9569 45.9797 6.12843 -0.252104 -0.9677 -0.000124438
13.2001 46.1771 6.11983 -0.252282 -0.967654 -9.87395e-05
12.7822 46.286 5.609 -0.252193 -0.967677 6.78011e-05
12.7906 46.2838 5.1008 -0.252409 -0.967621 6.60374e-05
12.7755 46.2877 4.60248 -0.252408 -0.967621 -5.01554e-05
12.7261 46.3007 4.083 -0.252376 -0.967629 -4.45115e-05
12.7378 46.2976 3.45752 -0.252237 -0.967666 0.000175596
12.7969 46.2822 2.82601 -0.25236 -0.967633 -3.35868e-05
12.8038 46.2804 2.3163 -0.252254 -0.967661 4.78989e-05
12.7973 46.282 1.46244 -0.252186 -0.967679 3.41738e-06
12.8167 46.277 0.797334 -0.252356 -0.967635 9.95256e-05
12.8466 46.2692 0.0692673 -0.252289 -0.967652 0.000163295
12.8672 46.2638 -0.487656 -0.252315 -0.967645 -0.000113177
12.835 46.2723 -0.990011 -0.252362 -0.967633 -0.000115761
12.7868 46.2849 -1.61815 -0.252042 -0.967716 1.50157e-05
12.7561 46.2929 -2.27845 -0.25215 -0.967688 1.474e-05
12.7791 46.2869 -2.78383 -0.252175 -0.967682 -5.45063e-05
12.8207 46.276 -3.44791 -0.252176 -0.967681 -5.4826e-05
12.8331 46.2728 -4.03562 -0.252309 -0.967647 0.000143444
12.8273 46.2743 -4.15956 -0.252291 -0.967651 3.44603e-05
12.3863 46.3893 -3.98834 -0.252253 -0.967661 6.30419e-06
12.3508 46.3986 -3.39534 -0.252308 -0.967647 8.59756e-05
12.3171 46.4073 -2.81809 -0.252187 -0.967678 -0.000156924
12.2962 46.4128 -2.21313 -0.252351 -0.967636 3.35593e-05
12.3407 46.4011 -1.46587 -0.252324 -0.967643 -8.41728e-05
12.3801 46.3908 -0.857593 -0.252208 -0.967673 -4.17677e-06
12.3981 46.3861 0.0646895 -0.252336 -0.96764 -4.92058e-05
12.378 46.3914 0.55956 -0.252277 -0.967655 1.91755e-05
12.3419 46.4008 1.15077 -0.252246 -0.967663 -0.000136712
12.3356 46.4024 2.00315 -0.252201 -0.967675 -5.49862e-06
12.3417 46.4009 2.68482 -0.252134 -0.967692 0.000167695
12.3079 46.4096 3.28551 -0.252313 -0.967646 -5.04713e-06
12.2658 46.4207 3.90325 -0.252157 -0.967686 8.10784e-05
12.3385 46.4017 4.75459 -0.252312 -0.967646 4.12761e-06
12.32 46.4065 5.33732 -0.25233 -0.967641 -1.83619e-05
12.2982 46.4122 5.88727 -0.252273 -0.967656 0.000140067
12.5152 46.3556 6.52918 -0.252401 -0.967623 -0.000162084
13.1441 46.1916 6.60654 -0.252393 -0.967625 -4.65655e-05
14.0172 45.9639 6.61268 -0.252415 -0.967619 -3.73957e-05
14.5537 45.8241 6.60403 -0.252265 -0.967658 -0.000113103
15.4103 45.6008 6.61308 -0.252186 -0.967679 6.50488e-06
15.926 45.4665 6.63786 -0.251954 -0.967739 -2.42792e-05
16.5889 45.2938 6.5859 -0.252029 -0.96772 -0.000143704
17.0915 45.163 6.57908 -0.251829 -0.967772 4.62139e-05
17.6345 45.0217 6.60651 -0.251795 -0.96778 -9.21738e-05
18.0759 44.9068 6.32272 -0.251826 -0.967773 -4.92368e-05
18.14 44.8902 5.81877 -0.251735 -0.967796 2.7458e-05
18.1571 44.8857 5.06219 -0.251843 -0.967768 6.5945e-05
18.1831 44.8788 4.44917 -0.251958 -0.967738 -1.78924e-05
18.1441 44.889 3.6399 -0.251972 -0.967735 0.000100686
18.1653 44.8834 3.13911 -0.25192 -0.967748 4.75892e-05
18.1847 44.8784 2.51469 -0.251841 -0.967769 5.88207e-05
18.1851 44.8782 1.97792 -0.252141 -0.96769 1.98344e-05
18.1397 44.89 1.2788 -0.251941 -0.967743 -0.000108409
18.1447 44.8887 0.563036 -0.251994 -0.967729 7.94744e-05
18.1324 44.892 -0.101867 -0.251925 -0.967747 -0.000154253
18.1274 44.8935 -0.771215 -0.251846 -0.967767 -0.000367956
18.1519 44.8871 -1.46805 -0.251925 -0.967747 -0.000143515
18.153 44.8869 -1.99497 -0.252013 -0.967724 -7.48352e-05
18.1541 44.8867 -2.52839 -0.251897 -0.967754 -0.000121504
18.1767 44.8809 -3.37417 -0.251856 -0.967765 -7.45264e-05
18.1665 44.8837 -3.97235 -0.251745 -0.967794 -0.000129938
18.1458 44.8891 -4.66641 -0.251741 -0.967795 -0.000142684
18.1315 44.893 -5.2667 -0.251556 -0.967843 -0.000154769
18.1156 44.8972 -6.03394 -0.251654 -0.967817 -0.000235202
17.9282 44.9459 -6.51951 -0.251571 -0.967839 -7.24228e-05
17.3758 45.0896 -6.6149 -0.251808 -0.967777 0.000203357
16.8373 45.2297 -6.62062 -0.251755 -0.967791 4.46849e-05
16.2939 45.3712 -6.61742 -0.251991 -0.96773 0.000143086
15.7576 45.5108 -6.62242 -0.252125 -0.967695 -2.43176e-05
15.1917 45.6582 -6.63319 -0.251976 -0.967733 0.00013722
14.6429 45.8012 -6.67243 -0.252149 -0.967688 2.54673e-05
14.1463 45.9306 -6.68027 -0.252289 -0.967652 -5.2603e-06
13.6635 46.0564 -6.65387 -0.252295 -0.96765 2.39408e-06
13.0844 46.2074 -6.63114 -0.252154 -0.967687 -0.00013402
12.5495 46.3468 -6.5164 -0.252234 -0.967666 -2.47528e-05
12.4227 46.3799 -5.91383 -0.252199 -0.967675 4.57128e-05
12.3749 46.3923 -5.22681 -0.252237 -0.967665 -0.000159334
12.3608 46.3959 -4.47428 -0.252206 -0.967674 -4.29281e-05
12.3699 46.3936 -4.32227 -0.252274 -0.967656 8.96855e-05
11.9161 46.5119 -4.14741 -0.252269 -0.967657 -2.51508e-05
11.8543 46.528 -4.69175 -0.252495 -0.967598 -0.000106977
11.947 46.5038 -5.35224 -0.252339 -0.967639 -8.7657e-05
11.9444 46.5045 -5.99311 -0.2522 -0.967675 -1.75495e-05
11.9074 46.5142 -6.60705 -0.252387 -0.967626 3.06679e-05
12.2751 46.4183 -7.1415 -0.252198 -0.967676 -7.36408e-05
12.7974 46.2823 -7.1728 -0.252182 -0.96768 1.44884e-05
13.3173 46.1468 -7.136 -0.252276 -0.967655 -2.18406e-05
13.8066 46.0191 -7.14937 -0.25225 -0.967662 -6.33943e-05
14.285 45.8945 -7.16582 -0.252172 -0.967682 -7.01559e-05
15.1056 45.6806 -7.12099 -0.252123 -0.967695 2.28695e-05
15.7259 45.5191 -7.11671 -0.252072 -0.967708 3.81748e-05
16.4696 45.3254 -7.08371 -0.251988 -0.96773 8.78864e-05
17.0358 45.178 -7.13419 -0.251684 -0.967809 0.000185238
17.5931 45.033 -7.15412 -0.251537 -0.967848 -0.000112703
18.1946 44.8767 -7.10029 -0.251499 -0.967858 5.92727e-05
18.5662 44.7801 -6.77986 -0.251558 -0.967842 -9.88321e-05
18.5923 44.7733 -6.07059 -0.25148 -0.967862 -0.000237761
18.5832 44.7755 -5.47112 -0.251677 -0.967811 -0.000144278
18.6296 44.7634 -4.89685 -0.251587 -0.967835 -0.000305575
18.6175 44.7663 -4.13341 -0.251794 -0.967781 -0.000111403
18.6167 44.7665 -3.43611 -0.25195 -0.96774 -3.22335e-05
18.627 44.7636 -2.77438 -0.251768 -0.967788 -0.00028341
18.5707 44.7782 -2.23586 -0.251837 -0.96777 -0.000172179
18.6135 44.767 -1.7166 -0.251906 -0.967752 -6.50288e-05
18.6708 44.752 -1.12679 -0.251906 -0.967752 -0.000209137
18.582 44.775 -0.583089 -0.252043 -0.967716 -3.80613e-05
18.6146 44.7665 0.0830364 -0.251891 -0.967756 -0.000101157
18.6413 44.7595 0.622599 -0.251834 -0.967771 -2.40896e-05
18.6845 44.7482 1.38422 -0.251953 -0.967739 2.30944e-05
18.6237 44.7641 2.08679 -0.251855 -0.967765 8.34399e-05
18.6842 44.7483 2.73951 -0.251939 -0.967743 9.37013e-05
18.5706 44.7779 3.71267 -0.251954 -0.967739 2.28397e-05
18.6311 44.7622 4.30818 -0.252089 -0.967704 -7.73198e-05
18.6072 44.7686 5.1771 -0.251687 -0.967809 0.000108936
18.6113 44.7676 5.89068 -0.251803 -0.967778 5.6676e-05
18.5947 44.7719 6.42597 -0.2518 -0.967779 0.000121025
18.401 44.8222 7.01128 -0.251807 -0.967777 -0.000215123
17.7065 45.0029 7.15553 -0.251707 -0.967803 -0.000219139
16.882 45.2175 7.07135 -0.251851 -0.967766 -0.000193872
16.2874 45.3723 7.0832 -0.252006 -0.967726 -0.00018279
15.7249 45.5188 7.11903 -0.252166 -0.967684 -8.22644e-05
15.1893 45.6584 7.12605 -0.252278 -0.967655 4.29125e-05
14.4283 45.8568 7.10464 -0.252254 -0.967661 -3.87462e-05
13.659 46.0574 7.08535 -0.252297 -0.96765 6.27705e-05
13.1364 46.1936 7.08684 -0.25249 -0.9676 -1.97033e-05
12.6472 46.3211 7.11073 -0.25248 -0.967602 1.69257e-05
12.1128 46.4606 7.02775 -0.252289 -0.967652 -5.51854e-05
11.7727 46.5493 6.34588 -0.252226 -0.967668 4.06415e-05
11.8319 46.5338 5.84067 -0.252378 -0.967629 9.01578e-05
11.8492 46.5293 5.31 -0.252287 -0.967653 1.55532e-05
11.851 46.5288 4.65292 -0.252276 -0.967655 -0.000108258
11.7603 46.5524 3.85302 -0.25229 -0.967652 -4.24646e-05
11.8741 46.5227 3.36474 -0.252314 -0.967645 1.47061e-05
11.8575 46.5271 2.83278 -0.252342 -0.967638 -4.57647e-05
11.8717 46.5234 2.09174 -0.252365 -0.967632 -2.84661e-05
11.8936 46.5177 1.30063 -0.252346 -0.967637 -4.05448e-05
11.9199 46.5108 0.61718 -0.252325 -0.967642 -3.19576e-05
11.9182 46.5112 -0.261542 -0.252265 -0.967658 -2.19961e-05
11.9253 46.5094 -0.791602 -0.252308 -0.967647 -2.28039e-05
11.891 46.5184 -1.36749 -0.252234 -0.967666 -0.000111068
11.8781 46.5217 -2.00078 -0.252236 -0.967666 -6.04235e-05
11.8408 46.5315 -2.4968 -0.252335 -0.96764 0.000104402
11.8379 46.5322 -3.1446 -0.252271 -0.967657 -4.76662e-05
11.8194 46.5371 -3.76647 -0.252265 -0.967658 5.11164e-05
