-3.70953 38.7228 -2.95105 0.254753 -0.967004 -0.0021837
-3.73918 38.7135 -2.00331 0.25575 -0.966742 -0.00132039
-3.78507 38.7003 -1.07867 0.253732 -0.967273 -0.00151983
-3.6322 38.7402 -0.0425262 0.256268 -0.966605 0.0013286
-3.63176 38.7417 0.796135 0.257107 -0.966381 0.00184561
-3.86889 38.6772 2.02807 0.254128 -0.967169 -0.00164813
-3.97742 38.6479 2.92939 0.255164 -0.966896 -0.00131797
-4.70193 38.4589 2.89146 0.251228 -0.967927 -0.00133417
-4.65952 38.4705 1.95459 0.249761 -0.968305 -0.00122913
-4.46107 38.525 0.891188 0.25162 -0.967826 -5.98656e-05
-4.41598 38.5359 0.0537272 0.251165 -0.967943 0.00142345
-4.65965 38.4728 -0.946832 0.250184 -0.968197 -0.00135681
-4.59749 38.4896 -1.8548 0.25051 -0.968113 -0.00123572
-4.50394 38.5148 -2.73856 0.25206 -0.967709 -0.00207
-4.57911 38.4963 -3.35266 0.251085 -0.967963 -0.00181527
-5.46623 38.2684 -3.29006 0.246501 -0.969136 -0.00365465
-5.38384 38.2875 -2.43754 0.246289 -0.969196 0.000489629
-5.54727 38.246 -1.39907 0.246594 -0.969119 0.000272824
-5.39772 38.2841 -0.555216 0.246402 -0.969168 2.93264e-05
-5.31344 38.305 0.412523 0.24599 -0.969272 -0.00103888
-5.36325 38.2915 1.30131 0.247492 -0.968889 -0.00102747
-5.49211 38.2578 2.29349 0.24429 -0.969702 -0.000819039
-5.42934 38.2723 3.06284 0.245365 -0.96943 -0.00132258
-6.28262 38.0575 3.36218 0.242242 -0.970214 -0.00187616
-6.28262 38.0593 2.34222 0.243568 -0.969884 -0.000399373
-6.28262 38.0593 1.50893 0.242407 -0.970174 0.000571085
-6.28262 38.06 0.462748 0.242382 -0.97018 -0.000615764
-6.28262 38.0611 -0.401852 0.243647 -0.969864 -0.000374221
-6.28262 38.0614 -1.41757 0.241845 -0.970315 0.000227555
-6.28262 38.0619 -2.62847 0.241213 -0.970472 -0.000851758
-6.28262 38.0627 -3.28637 0.242855 -0.97006 -0.00203373
-7.06853 37.8673 -3.21975 0.240294 -0.970699 -0.00157912
-7.13838 37.8491 -2.21015 0.240604 -0.970623 -0.000325651
-7.15939 37.8433 -1.23282 0.240744 -0.970588 -0.000505367
-7.09838 37.858 -0.282059 0.240111 -0.970745 -0.000363329
-7.0683 37.865 0.619333 0.239782 -0.970826 -0.00118801
-7.14962 37.8443 1.48351 0.23939 -0.970923 -0.000292474
-7.00847 37.8791 2.38299 0.239703 -0.970846 -0.00056968
-7.02985 37.8725 3.31074 0.240175 -0.970728 -0.00167787
-7.7895 37.6851 3.23369 0.237368 -0.971418 -0.00166167
-7.83107 37.6764 2.12853 0.237936 -0.97128 -0.000713496
-7.8859 37.6634 0.978635 0.238575 -0.971124 -0.000564749
-7.88888 37.6633 0.0437393 0.238474 -0.971149 -0.000629209
-7.93194 37.6534 -0.927691 0.238605 -0.971117 -0.000108242
-7.98901 37.6393 -1.94597 0.237104 -0.971484 -0.000356738
-7.76411 37.6952 -2.93376 0.237835 -0.971305 -0.00112391
-7.75664 37.6973 -3.11321 0.238072 -0.971246 -0.00141752
-8.51809 37.5109 -3.09254 0.237621 -0.971357 -0.00108439
-8.6801 37.4708 -2.22363 0.236712 -0.97158 -0.000490827
-8.73661 37.4566 -1.21675 0.237031 -0.971502 -0.000365349
-8.67634 37.4706 -0.370391 0.237684 -0.971342 -0.000646675
-8.64276 37.4783 0.499253 0.237566 -0.971371 -0.000484524
-8.67897 37.4689 1.53123 0.237459 -0.971398 -0.000448465
-8.58329 37.4919 2.50958 0.237104 -0.971484 -0.00042659
-8.57194 37.4942 3.01054 0.236445 -0.971644 -0.000915328
-2.41858 39.0675 -1.29893 0.262814 -0.964845 -0.00152959
-2.41113 39.0687 0.0450239 0.264176 -0.964474 0.000832004
-2.41738 39.0665 1.55402 0.25999 -0.965608 -0.00251598
-2.43672 39.06 2.86221 0.261248 -0.965271 -0.000931367
-2.45317 39.0527 4.04456 0.263065 -0.964775 -0.00253995
-3.47695 38.7765 4.45246 0.256997 -0.966406 -0.00347257
-4.76411 38.4402 4.48678 0.249825 -0.968289 -0.00188494
-6.18008 38.0807 4.49206 0.243279 -0.969954 -0.00185121
-7.57501 37.7349 4.47482 0.238088 -0.97124 -0.00234054
-8.84256 37.4263 4.4736 0.236046 -0.97174 -0.00190848
-9.91804 37.1668 4.12236 0.23385 -0.972271 -0.00165599
-9.94585 37.1606 2.89478 0.233983 -0.97224 0.000560546
-9.97161 37.154 1.66974 0.235469 -0.971882 0.000406356
-10.0163 37.1429 0.164477 0.235909 -0.971775 -0.00013041
-9.94786 37.1612 -1.24583 0.236758 -0.971568 -0.00125358
-9.96344 37.1594 -2.51062 0.235546 -0.971862 -0.00126674
-9.95689 37.1632 -3.69807 0.234268 -0.972169 -0.00226949
-8.99667 37.3955 -4.44704 0.234984 -0.971998 -0.000628701
-7.6797 37.7177 -4.47889 0.239358 -0.970931 -0.000740212
-6.42651 38.0285 -4.48032 0.242957 -0.970035 -0.000627887
-5.28217 38.3181 -4.50675 0.246614 -0.969112 -0.00157932
-4.01053 38.6449 -4.48974 0.2539 -0.96723 -0.000832878
-2.66898 39.0015 -4.35535 0.259579 -0.965721 -0.00103511
-2.42169 39.068 -3.26404 0.260738 -0.965409 -0.000400993
-2.42587 39.0664 -2.00835 0.262738 -0.964867 -0.000284636
-2.42466 39.0663 -1.65791 0.262908 -0.96482 -0.00129368
-1.30601 39.3744 -1.81871 0.268584 -0.963256 0.000303398
-1.30924 39.3728 -0.505906 0.268849 -0.963182 -0.000228107
-1.32767 39.3667 0.689587 0.267242 -0.963625 -0.00142909
-1.28857 39.3763 2.04815 0.268539 -0.963267 -0.000876663
-1.31372 39.3681 3.39107 0.267455 -0.963568 -0.00203114
-1.29601 39.3699 4.72277 0.267175 -0.963646 -0.00167152
-2.02651 39.1667 5.51613 0.265256 -0.964177 -0.00116229
-3.35772 38.8057 5.5877 0.258313 -0.96606 -0.00117631
-4.741 38.4427 5.60489 0.249659 -0.968329 -0.00256371
-6.19982 38.0726 5.61375 0.243921 -0.969791 -0.00298351
-7.4938 37.7523 5.60901 0.237477 -0.97139 -0.00210159
-8.87963 37.4152 5.59738 0.235624 -0.971843 -0.00156687
-10.3107 37.0704 5.55987 0.233461 -0.972366 -0.000481905
-11.137 36.8747 4.82734 0.231839 -0.97275 -0.00293458
-11.0984 36.8843 3.41215 0.231721 -0.97278 0.00173314
-11.0609 36.8906 1.97614 0.233584 -0.972335 0.00193957
-11.1546 36.8671 0.783521 0.234877 -0.972025 -3.42078e-06
-11.0935 36.882 -0.498286 0.235379 -0.971903 -0.00057902
-11.0985 36.8828 -1.81335 0.234801 -0.972041 -0.00198018
-11.0889 36.8882 -3.0552 0.235052 -0.971979 -0.0026421
-11.1115 36.8886 -4.3891 0.231517 -0.972819 -0.0047849
-10.8335 36.9574 -5.4549 0.23078 -0.973004 -0.001727
-9.70082 37.2272 -5.61635 0.232303 -0.972644 8.78865e-06
-8.53454 37.5078 -5.62548 0.236454 -0.971642 0.000568638
-7.30245 37.8105 -5.61139 0.240624 -0.970618 0.000771041
-6.09429 38.1123 -5.61262 0.2444 -0.969673 0.00129927
-4.73533 38.4586 -5.6435 0.249269 -0.968431 0.000623493
-3.57339 38.7617 -5.63387 0.255102 -0.966912 -0.00088333
-2.32603 39.0959 -5.55825 0.260881 -0.965368 -0.00228041
-1.32857 39.3685 -4.94497 0.266683 -0.963783 -0.00143253
-1.30073 39.375 -3.76179 0.267526 -0.963549 -0.00152789
-1.31066 39.3724 -2.38647 0.268031 -0.96341 0.000808658
-1.31448 39.3719 -1.98397 0.268015 -0.963414 0.00104933
-0.193684 39.6855 -2.05956 0.271452 -0.962452 0.00064331
-0.224705 39.6769 -3.46247 0.27213 -0.96226 -0.00123594
-0.19302 39.6897 -4.92238 0.27284 -0.96204 -0.00566522
-0.307149 39.6593 -6.3736 0.27956 -0.960125 0.00185533
-1.43537 39.3364 -6.7607 0.266061 -0.96394 0.005323
-2.72441 38.9884 -6.75567 0.25924 -0.965812 0.000922008
-4.01891 38.6457 -6.78567 0.255541 -0.966788 0.00436962
-5.31375 38.3084 -6.75299 0.247764 -0.968817 0.00261086
-6.48162 38.0122 -6.77896 0.242153 -0.970233 0.00287442
-7.74082 37.7 -6.76136 0.238654 -0.971093 0.00464977
-8.94421 37.4065 -6.79294 0.232269 -0.972645 0.00344729
-10.1968 37.1101 -6.74431 0.230253 -0.97313 -0.00109819
-11.5049 36.8015 -6.73275 0.229538 -0.973297 -0.00206659
-12.2287 36.6297 -5.95457 0.227768 -0.97371 0.0030774
-12.234 36.6294 -4.77131 0.222901 -0.974773 -0.00902169
-12.1738 36.6263 -3.20419 0.234722 -0.972043 -0.00621708
-12.2353 36.6087 -2.02724 0.233465 -0.972365 -0.000975175
-12.1826 36.6178 -0.679529 0.237313 -0.971432 -0.00128631
-12.2514 36.602 0.671292 0.236243 -0.97169 0.00268742
-12.1912 36.6188 1.95373 0.234631 -0.972083 0.00156319
-12.2024 36.6219 3.30783 0.228506 -0.973526 0.00534549
-12.2865 36.6069 4.78136 0.219027 -0.975669 -0.00982051
-12.2275 36.6099 5.95452 0.233659 -0.9723 -0.0056485
-11.498 36.7842 6.70627 0.233823 -0.972279 5.3866e-05
-10.1585 37.1057 6.72011 0.2338 -0.972284 -0.00138074
-8.96704 37.392 6.74689 0.233085 -0.972451 -0.00310793
-7.80855 37.6721 6.70613 0.236289 -0.971676 -0.00375587
-6.43654 38.0077 6.75567 0.238059 -0.971233 -0.00590841
-5.24426 38.309 6.71984 0.248789 -0.968541 -0.00542412
-4.0892 38.608 6.74365 0.254039 -0.967177 -0.00508299
-2.54754 39.018 6.7282 0.260817 -0.965297 -0.013223
-1.16902 39.3973 6.69652 0.26852 -0.963253 -0.00637871
-0.28413 39.6489 6.06136 0.270695 -0.962656 -0.0043042
-0.169066 39.6856 4.82894 0.271062 -0.962557 -0.00295516
-0.225594 39.6727 3.60619 0.271344 -0.96248 -0.00219294
-0.174479 39.6906 2.2972 0.272596 -0.962123 -0.00266747
-0.232887 39.6744 0.920143 0.272224 -0.962234 -0.000226513
-0.222683 39.6776 -0.296577 0.270664 -0.962674 -7.66194e-05
-0.183811 39.6885 -1.63868 0.270005 -0.962858 -0.000962124
-0.184867 39.6882 -1.71157 0.271412 -0.962463 0.000755076
