35.364 40.3077 -1.68222 -0.281341 -0.959605 0.002547
35.2102 40.3523 -2.59539 -0.280145 -0.959957 -0.000615291
35.172 40.3636 -2.96164 -0.280128 -0.959962 -0.000486404
34.3886 40.5913 -2.97685 -0.277208 -0.960809 -0.000617186
34.5656 40.5395 -2.15282 -0.279307 -0.960201 0.00113086
34.6232 40.5239 -1.21605 -0.279667 -0.960096 0.000924887
34.6919 40.5038 -0.354253 -0.276989 -0.960873 -0.000251052
34.8379 40.4619 0.540475 -0.277843 -0.960626 -0.000919141
34.805 40.4705 1.36134 -0.277017 -0.960864 -0.00107556
34.6173 40.5236 2.19382 -0.275757 -0.961227 3.61741e-05
34.5233 40.5508 3.03734 -0.275922 -0.96118 0.000138853
33.8028 40.755 3.14984 -0.270783 -0.96264 0.000151019
33.8252 40.7495 2.07079 -0.272003 -0.962296 -0.00125891
34.0675 40.6817 1.15278 -0.272536 -0.962145 -0.000569098
34.0143 40.6972 0.301738 -0.272601 -0.962127 -0.000374445
33.8418 40.7479 -0.651055 -0.273152 -0.961968 -0.00108656
33.8484 40.7463 -1.48045 -0.272138 -0.962258 0.001063
33.8236 40.7527 -2.29677 -0.273447 -0.961887 -0.000870011
33.6387 40.8058 -3.06003 -0.273771 -0.961795 -0.000471424
32.9011 41.0134 -2.99036 -0.267831 -0.963465 -0.00154024
33.0458 40.9718 -2.003 -0.26931 -0.963053 -0.000466678
33.0098 40.9814 -1.15663 -0.268636 -0.963241 -0.000762055
32.9498 40.9971 -0.179488 -0.267952 -0.963431 -0.00133032
32.9869 40.9856 0.675875 -0.267559 -0.963541 -0.00113841
33.1905 40.928 1.4944 -0.269745 -0.962931 -0.000920683
33.2326 40.9155 2.42659 -0.269863 -0.962897 -0.00176259
33.0591 40.9634 3.15994 -0.268923 -0.963161 0.000668819
32.2353 41.1918 3.07779 -0.266625 -0.963799 -0.00129365
32.2375 41.1924 2.18606 -0.265407 -0.964136 -0.000712169
32.2353 41.1937 1.3553 -0.267467 -0.963567 -0.000577201
32.2543 41.1891 0.58951 -0.267332 -0.963603 -0.00148506
32.2519 41.1908 -0.259906 -0.266148 -0.963931 -0.000884944
32.2353 41.1958 -1.18876 -0.264691 -0.964333 9.07255e-06
32.2438 41.1949 -2.32575 -0.264214 -0.964463 -0.00102409
32.2325 41.1988 -3.02574 -0.265996 -0.963973 -0.0017276
31.4499 41.4138 -3.02567 -0.261036 -0.965328 -0.000969029
31.4728 41.406 -2.14157 -0.263372 -0.964693 -0.00166701
31.3662 41.4335 -1.06679 -0.262953 -0.964809 -0.00010499
31.5584 41.381 -0.149912 -0.262465 -0.964941 0.000263351
31.4518 41.409 0.637614 -0.263018 -0.964789 -0.00187786
31.3082 41.447 1.50448 -0.263358 -0.964698 -0.000584043
31.4278 41.4142 2.32843 -0.263213 -0.964738 -0.00058236
31.3759 41.4275 2.97653 -0.262933 -0.964813 -0.00124906
30.6308 41.6298 2.92747 -0.26079 -0.965395 -0.00103168
30.5909 41.6413 2.03735 -0.26017 -0.965562 -0.00106183
30.6236 41.6333 1.01377 -0.25987 -0.965643 -0.000258676
30.8406 41.5751 0.0623661 -0.260272 -0.965535 -0.000164692
30.6864 41.6168 -0.81072 -0.260036 -0.965598 -0.0008189
30.6659 41.6236 -1.62164 -0.259986 -0.965611 -0.00158378
30.677 41.622 -2.7139 -0.260418 -0.965496 -0.000856901
30.671 41.6238 -2.8685 -0.260247 -0.965542 -0.00101539
29.9325 41.8216 -2.402 -0.258315 -0.966059 -0.00167061
29.9395 41.8192 -2.00434 -0.258205 -0.96609 -0.00100547
33.0717 40.9595 4.36438 -0.26958 -0.962977 -0.000196654
34.3951 40.5874 4.33865 -0.274171 -0.96168 -0.000746931
35.81 40.1757 4.37474 -0.282855 -0.959161 -0.000750321
36.4763 39.9787 3.61426 -0.284604 -0.958643 -0.00219935
36.5195 39.9676 2.31684 -0.284426 -0.958697 -0.00154891
36.5076 39.9737 0.807985 -0.28485 -0.958572 -0.000133777
36.5267 39.9664 -0.695822 -0.285039 -0.958515 0.0010932
36.4973 39.9734 -1.9994 -0.285923 -0.958251 0.00132993
36.4858 39.9757 -3.41962 -0.287667 -0.95773 0.00046656
35.8974 40.1518 -4.32265 -0.283642 -0.958928 -0.0021135
34.6901 40.5048 -4.33208 -0.277763 -0.960648 -0.00158012
33.3086 40.9007 -4.32668 -0.272741 -0.962086 -0.000344484
31.9589 41.2747 -4.34228 -0.265581 -0.964089 -0.000358819
30.707 41.6154 -4.34435 -0.260842 -0.965381 -0.000999146
29.4415 41.9552 -4.32101 -0.257629 -0.966242 -0.00152693
28.7113 42.1481 -3.47574 -0.256257 -0.966607 -0.00124414
28.7717 42.1304 -2.20218 -0.255778 -0.966734 -0.00179743
28.8058 42.1199 -0.826471 -0.255792 -0.966731 -0.000695771
28.7919 42.1229 0.627069 -0.257309 -0.966329 -0.00057358
28.7616 42.13 1.85153 -0.256753 -0.966477 -0.00046896
28.7713 42.1271 3.18247 -0.257122 -0.966379 -1.61022e-05
29.3125 41.9832 4.3234 -0.257072 -0.966392 0.000659318
30.6262 41.6303 4.32162 -0.260895 -0.965367 8.22202e-05
31.8938 41.2849 4.32186 -0.265025 -0.964241 0
32.9153 41.0033 4.37039 -0.268155 -0.963374 3.12117e-05
32.7844 41.0403 5.55379 -0.267539 -0.963545 0.000902685
31.6266 41.3589 5.5156 -0.265137 -0.964209 0.00180805
30.446 41.6795 5.49627 -0.259616 -0.965712 0.000660742
29.0293 42.0589 5.53172 -0.256956 -0.966423 9.01341e-05
27.699 42.4109 5.19242 -0.255094 -0.966916 0.000929404
27.5861 42.4402 3.91002 -0.254943 -0.966956 -0.00041841
27.584 42.4413 2.71999 -0.254191 -0.967154 -0.000347999
27.621 42.4321 1.42341 -0.254184 -0.967156 0.000360179
27.6512 42.4242 0.0845116 -0.253985 -0.967208 -0.000306041
27.6441 42.4271 -1.46987 -0.254307 -0.967123 -0.000609629
27.5869 42.4437 -2.90455 -0.254062 -0.967187 -0.000843165
27.5495 42.455 -4.22204 -0.253584 -0.967312 -0.00134648
27.9456 42.3525 -5.41356 -0.254217 -0.967147 -0.000939787
29.2303 42.0131 -5.53002 -0.257169 -0.966366 -0.00110785
30.4001 41.7001 -5.54013 -0.259832 -0.965652 -0.00157452
31.8297 41.3118 -5.53132 -0.263226 -0.964732 -0.0016184
33.0486 40.9746 -5.53233 -0.268856 -0.963178 -0.0014044
34.2011 40.648 -5.51959 -0.276715 -0.96095 -0.0021135
35.4129 40.2974 -5.52735 -0.280691 -0.959795 -0.00239296
36.5622 39.9542 -5.54466 -0.289521 -0.95717 -0.00154243
37.5438 39.6567 -4.99988 -0.292835 -0.956161 0.000987529
37.6412 39.6285 -3.75266 -0.289716 -0.957112 -5.27403e-06
37.6394 39.6298 -2.54537 -0.290998 -0.956721 0.00102255
37.6534 39.6281 -1.34962 -0.289263 -0.957247 0.00199193
37.6425 39.6328 -0.0853479 -0.288989 -0.95733 0.00169551
37.6272 39.6377 1.13535 -0.290589 -0.956847 -0.0012431
37.6659 39.6241 2.36507 -0.289476 -0.957184 -0.00130288
37.6467 39.6267 3.67739 -0.288958 -0.957338 -0.00282921
37.5879 39.6424 4.89463 -0.290513 -0.95687 -0.0013261
36.4962 39.9719 5.56108 -0.288288 -0.957538 0.00322409
35.3344 40.3147 5.53995 -0.280198 -0.95994 0.00159555
34.0886 40.6736 5.5379 -0.272723 -0.962093 -0.000560974
33.156 40.9365 5.54415 -0.268833 -0.963187 0.000279061
33.25 40.913 6.70432 -0.268439 -0.963292 0.00305164
31.7672 41.3234 6.70637 -0.263305 -0.964706 0.0028706
30.6136 41.6361 6.68779 -0.26085 -0.965378 0.00153425
29.2988 41.9882 6.69745 -0.257691 -0.966227 0.0010821
28.0253 42.3261 6.71178 -0.255149 -0.966901 0.00122035
26.7899 42.6506 6.64017 -0.253054 -0.967451 0.00134637
26.4615 42.7358 5.5252 -0.25318 -0.967419 -0.000120052
26.4427 42.7407 4.33048 -0.253389 -0.967364 0.000152968
26.4279 42.7447 3.00591 -0.253489 -0.967338 -0.000442424
26.4619 42.7365 1.42259 -0.253723 -0.967277 0.000225475
26.4898 42.729 0.242051 -0.25316 -0.967424 -0.000158011
26.5047 42.7256 -1.08921 -0.25303 -0.967458 -0.000715459
26.4514 42.7407 -2.38328 -0.252446 -0.967611 -0.000620087
26.4145 42.7513 -3.61012 -0.252071 -0.967708 -0.000747347
26.4174 42.7519 -5.04444 -0.252114 -0.967697 -0.000763916
26.5094 42.7291 -6.3113 -0.251976 -0.967732 -0.00139992
27.4752 42.4783 -6.70527 -0.252986 -0.967467 -0.00240147
28.7682 42.1384 -6.74033 -0.255521 -0.9668 -0.00252025
30.1561 41.7684 -6.72707 -0.259404 -0.965764 -0.00299398
31.6066 41.3758 -6.73947 -0.262448 -0.964941 -0.00323233
32.89 41.0228 -6.73242 -0.268327 -0.963317 -0.004564
34.1775 40.6591 -6.70162 -0.274686 -0.961527 -0.0036903
35.4665 40.2855 -6.71617 -0.283203 -0.959046 -0.00521367
36.7495 39.903 -6.73775 -0.287451 -0.957777 -0.00587083
37.8784 39.5556 -6.70716 -0.296964 -0.95488 -0.0040201
38.7641 39.2762 -5.92048 -0.303194 -0.952922 0.00169991
38.7286 39.2935 -4.66899 -0.295612 -0.9553 0.00361074
38.8193 39.2667 -3.17853 -0.296539 -0.955021 -0.000134133
38.7977 39.2798 -1.58383 -0.292641 -0.956218 0.00293355
38.7742 39.2885 -0.358991 -0.29083 -0.956774 -0.000746069
38.7536 39.2928 0.945355 -0.293632 -0.955918 -0.000717136
38.7871 39.2816 2.41379 -0.293845 -0.955852 -0.00152212
38.7949 39.277 3.65906 -0.292193 -0.956357 -0.00207728
38.7587 39.2851 4.97974 -0.293055 -0.956094 -0.00176112
38.7435 39.288 6.19326 -0.298314 -0.954468 0.000139561
37.5799 39.6485 6.73277 -0.293145 -0.956055 0.00488455
36.3502 40.0218 6.74711 -0.287582 -0.957726 0.00760907
34.7881 40.4764 6.70795 -0.277152 -0.960807 0.00599784
33.5919 40.8178 6.74034 -0.270297 -0.962756 0.00564585
33.4582 40.8549 6.73263 -0.26834 -0.963317 0.00365093
