-29.5058 34.46 3.52688 0.0257344 -0.999658 0.00468863
-29.4551 34.4573 2.65615 0.0248 -0.999681 0.00487139
-29.4809 34.4527 1.83891 0.0252945 -0.999673 0.00363985
-29.5033 34.448 0.985145 0.0247137 -0.999681 0.00490423
-29.5235 34.4429 0.093367 0.0250138 -0.999676 0.0046439
-29.5016 34.4393 -0.746896 0.0218328 -0.999759 0.00221692
-29.5733 34.4362 -1.75515 0.0183805 -0.99983 0.000527174
-29.5851 34.4354 -2.66275 0.0171068 -0.999853 0.000510798
-29.5155 34.4357 -3.45837 0.0189352 -0.99982 -4.58856e-05
-30.2901 34.4238 -3.57602 0.0144506 -0.999896 -0.000197857
-30.398 34.4222 -2.6393 0.0157283 -0.999876 0.00017473
-30.3497 34.423 -1.60259 0.0166987 -0.99986 0.000295414
-30.2923 34.4243 -0.754925 0.0170354 -0.999855 0.000302663
-30.3232 34.4266 0.154038 0.0179618 -0.999834 0.00294599
-30.3039 34.4303 1.10015 0.0204818 -0.999784 0.0034131
-30.2701 34.435 1.97781 0.0223611 -0.999741 0.00419304
-30.2277 34.4394 2.85247 0.0232908 -0.999723 0.00331015
-30.2827 34.4403 3.44085 0.02464 -0.999692 0.00302375
-31.0772 34.4211 3.43351 0.0238 -0.999713 0.00254717
-31.033 34.4191 2.30972 0.0228261 -0.999735 0.00306745
-31.1131 34.4149 1.36294 0.0198198 -0.999798 0.00324134
-31.1205 34.4126 0.4308 0.0191491 -0.999814 0.00225195
-31.093 34.4113 -0.512455 0.0160742 -0.99987 0.00109677
-31.1098 34.4103 -1.55198 0.0168855 -0.999857 -7.0652e-05
-31.2453 34.4086 -2.37592 0.0161709 -0.999869 -0.000986507
-31.1062 34.4119 -3.32097 0.0146985 -0.999892 -0.00084501
-31.0734 34.4126 -3.53383 0.0144631 -0.999895 -0.00107817
-31.8851 34.4007 -3.64817 0.0160489 -0.99987 -0.00137628
-31.9736 34.3971 -2.75066 0.0168305 -0.999856 -0.00222922
-31.8905 34.397 -1.81483 0.0172155 -0.999851 -0.00109544
-31.8704 34.3971 -0.764883 0.0178148 -0.999841 0.000514627
-32.0091 34.395 0.0991431 0.0189298 -0.999821 0.000694793
-31.9462 34.3978 1.08512 0.0198156 -0.999801 0.00221534
-31.9239 34.3997 2.08479 0.021386 -0.999771 0.00104446
-31.8598 34.402 2.92842 0.0228995 -0.999737 0.00138984
-31.9607 34.3998 3.56692 0.024802 -0.999692 0.000765191
-32.7419 34.3797 3.59102 0.0259837 -0.999662 -0.000963228
-32.7419 34.3804 2.72151 0.0246281 -0.999696 -0.00039583
-32.7419 34.381 1.77979 0.0241066 -0.999709 3.90692e-05
-32.7419 34.3804 0.568622 0.0213429 -0.999771 0.00131325
-32.7419 34.3804 -0.300452 0.0208091 -0.999783 -0.000465447
-32.7419 34.3812 -1.25212 0.0194269 -0.999811 -0.00115275
-32.7419 34.3827 -2.19708 0.0187723 -0.99982 -0.00265744
-32.7419 34.3854 -3.26606 0.0176753 -0.999841 -0.00248181
-32.7419 34.3857 -3.38977 0.017532 -0.999842 -0.00284583
-33.5202 34.3721 -3.49847 0.0186326 -0.999823 -0.00262999
-33.5825 34.3682 -2.65722 0.0191047 -0.999812 -0.00318368
-33.7087 34.3629 -1.71866 0.0194929 -0.999806 -0.00290971
-33.5734 34.3638 -0.754074 0.0206794 -0.999784 -0.00206549
-33.5526 34.363 0.0890847 0.0214884 -0.999769 -0.000370136
-33.6926 34.3591 0.950489 0.023723 -0.999718 -0.000472246
-33.7793 34.3559 1.77482 0.0247996 -0.999691 -0.00160674
-33.6479 34.3575 2.79947 0.0253941 -0.999677 -0.00119439
-33.5115 34.3598 3.60704 0.0260911 -0.999658 -0.00149017
-34.2128 34.3417 3.33013 0.0263292 -0.999651 -0.00198597
-34.5327 34.335 2.53458 0.0254384 -0.999672 -0.00272357
-34.611 34.3355 1.67389 0.0243409 -0.9997 -0.00283837
-34.5455 34.3389 0.858106 0.0235699 -0.99972 -0.00211703
-34.4687 34.3432 -0.234037 0.0226572 -0.999739 -0.00299122
-34.5088 34.3446 -1.04815 0.0218383 -0.999757 -0.0031118
-34.5667 34.3466 -2.00074 0.0207933 -0.999779 -0.00321392
-34.3955 34.3528 -2.88192 0.0204172 -0.999786 -0.00329437
-34.3958 34.3547 -3.48344 0.0201197 -0.999794 -0.00254795
-35.2888 34.337 -3.56461 0.0196957 -0.999802 -0.00292633
-35.3489 34.3324 -2.53583 0.0197841 -0.999799 -0.00317308
-35.407 34.328 -1.69689 0.0191736 -0.999808 -0.00408899
-35.3461 34.3261 -0.851159 0.0206509 -0.999779 -0.00384516
-35.3131 34.3236 0.00294593 0.0223351 -0.999744 -0.00349452
-35.3894 34.319 0.959897 0.0215744 -0.99976 -0.00362488
-35.3965 34.3156 1.96665 0.0232721 -0.999723 -0.0033467
-35.1143 34.3189 3.07805 0.0252981 -0.999676 -0.00294608
-34.9871 34.3209 3.56324 0.0260923 -0.999655 -0.00293689
-35.8488 34.2995 3.45162 0.0234219 -0.999717 -0.00403555
-36.0564 34.2979 2.56614 0.023672 -0.999713 -0.00362721
-36.1997 34.2991 1.46926 0.0209241 -0.99977 -0.00461248
-36.1632 34.3043 0.423296 0.0186901 -0.999817 -0.00406279
-36.1633 34.3084 -0.624068 0.0183361 -0.999818 -0.00512354
-36.2297 34.3121 -1.62457 0.0169304 -0.999846 -0.00441766
-36.1965 34.3161 -2.45242 0.0185369 -0.99982 -0.00390892
-36.1257 34.32 -3.2655 0.0176694 -0.999839 -0.00293677
-36.1262 34.3202 -3.34558 0.0169912 -0.999851 -0.0031086
-27.8875 34.4731 -2.59472 0.027503 -0.999618 0.00254549
-27.9242 34.4689 -3.67514 0.0240008 -0.9997 0.00332659
-28.2748 34.4601 -4.55996 0.0214498 -0.999769 0.00117335
-29.473 34.4373 -4.68734 0.0165954 -0.99986 -0.00193695
-30.7276 34.4183 -4.70294 0.0137468 -0.999905 -0.000792304
-31.9117 34.4014 -4.71927 0.0153098 -0.999882 -0.00110891
-33.0222 34.3836 -4.66582 0.0171491 -0.999852 -0.00151436
-34.1559 34.3623 -4.65586 0.0203334 -0.999791 -0.00191259
-35.2768 34.3399 -4.66911 0.0192751 -0.999812 -0.00221594
-36.6327 34.3151 -4.65721 0.0173958 -0.999847 -0.0019579
-37.6132 34.2982 -4.08294 0.0144983 -0.999891 -0.0026318
-37.6355 34.2937 -2.81288 0.0145761 -0.999887 -0.00346945
-37.7086 34.2875 -1.54037 0.0155781 -0.999868 -0.00463503
-37.6987 34.2814 -0.218999 0.0156052 -0.999869 -0.00440593
-37.6752 34.2755 0.896897 0.0165711 -0.999844 -0.00607943
-37.7275 34.2669 2.14276 0.0164291 -0.999847 -0.00601612
-37.6683 34.2596 3.40319 0.0197032 -0.999777 -0.00765661
-37.3564 34.2595 4.48798 0.0220753 -0.999745 -0.00468295
-36.1957 34.2859 4.67408 0.0255665 -0.999664 -0.00427264
-35.1077 34.3143 4.63821 0.0269353 -0.999632 -0.00325131
-34.0192 34.344 4.65438 0.0276283 -0.999617 -0.00174713
-32.8959 34.3747 4.70899 0.0275979 -0.999619 -0.000893358
-31.8066 34.4041 4.6892 0.0259958 -0.999662 -3.86481e-05
-30.651 34.4339 4.64116 0.0264243 -0.99965 0.00127513
-29.3983 34.4675 4.60996 0.0277504 -0.99961 0.00299176
-28.1879 34.5037 4.5686 0.0324241 -0.999472 0.0021622
-27.8836 34.5078 3.39881 0.0330419 -0.999437 0.00579637
-27.867 34.5029 2.26819 0.0325439 -0.999461 0.00439793
-27.851 34.4943 1.0389 0.0296598 -0.999529 0.00785152
-27.8396 34.4849 -0.224512 0.0323367 -0.999451 0.00727031
-27.885 34.4763 -1.46126 0.0256756 -0.999664 0.00311377
-27.9042 34.474 -2.08933 0.0273425 -0.999623 0.00256481
-26.8405 34.5064 -2.09247 0.0356486 -0.999359 0.00336047
-26.817 34.5034 -3.25532 0.0340311 -0.999405 0.00495168
-26.8316 34.496 -4.57455 0.033215 -0.999447 0.00163873
-27.0641 34.4877 -5.65903 0.0272085 -0.999629 -2.2506e-05
-28.1606 34.4621 -5.70414 0.0208583 -0.999781 -0.000740742
-29.3196 34.4411 -5.74757 0.0162196 -0.999868 -0.00100396
-30.4901 34.4234 -5.76028 0.0142738 -0.999896 -0.00182196
-31.5831 34.4084 -5.78711 0.0143565 -0.999896 -0.00112516
-33.1602 34.3836 -5.71091 0.016709 -0.999858 -0.00219432
-34.4151 34.359 -5.71926 0.0211254 -0.999776 -0.00096104
-35.5267 34.3361 -5.7431 0.0193441 -0.999813 -0.000638124
-36.8357 34.3129 -5.72015 0.0169628 -0.999856 1.8672e-05
-37.9588 34.2956 -5.70805 0.0128524 -0.999917 0.000108915
-38.7117 34.2862 -5.15858 0.0104427 -0.999944 -0.000958969
-38.745 34.2823 -3.80065 0.0118045 -0.999924 -0.00365623
-38.7268 34.2781 -2.52167 0.0108557 -0.999934 -0.00375778
-38.7928 34.2709 -1.24262 0.0125691 -0.999907 -0.00525772
-38.7543 34.2655 -0.144784 0.0132073 -0.999897 -0.0056944
-38.7423 34.2573 1.20062 0.0137284 -0.999885 -0.0063093
-38.8229 34.2476 2.32067 0.0140111 -0.999868 -0.00825381
-38.7281 34.2387 3.75435 0.0164928 -0.99984 -0.00689689
-38.6846 34.2321 4.89692 0.0178417 -0.999826 -0.00540477
-38.1407 34.2372 5.66903 0.0199047 -0.999783 -0.00612963
-36.8864 34.2633 5.73484 0.0242266 -0.99969 -0.00526485
-35.7972 34.2919 5.72553 0.0263445 -0.999645 -0.00398658
-34.4605 34.3294 5.69813 0.0284933 -0.999591 -0.00237484
-33.3728 34.3601 5.75037 0.0283005 -0.999599 -0.0012017
-32.0319 34.3975 5.74777 0.0270993 -0.999632 -0.00101582
-30.9206 34.4279 5.70585 0.0268591 -0.999639 0.000542644
-29.7296 34.4603 5.65999 0.0281831 -0.999601 0.00167232
-28.4906 34.4968 5.71219 0.0309086 -0.99952 0.00200497
-27.3093 34.5379 5.66518 0.0390742 -0.999233 0.00219497
-26.7679 34.5574 4.79405 0.0438971 -0.999008 0.00735427
-26.8219 34.5476 3.63291 0.0392904 -0.999192 0.00840299
-26.7988 34.5415 2.54523 0.0371572 -0.999302 0.0038588
-26.7862 34.5338 1.41337 0.0372428 -0.999269 0.00865988
-26.7381 34.5254 0.168102 0.0395719 -0.999176 0.00905159
-26.7879 34.5129 -1.06438 0.0369461 -0.999292 0.00712533
-26.84 34.5069 -1.95827 0.035639 -0.999357 0.00389531
-25.7672 34.5445 -2.09819 0.0349701 -0.999381 0.00374572
-25.7073 34.5538 -0.956838 0.0371684 -0.999243 0.0107722
-25.6602 34.5697 0.26601 0.0472508 -0.998764 0.0147168
-25.7032 34.5789 1.5419 0.0434976 -0.999021 0.0080525
-25.7223 34.5871 2.82761 0.0428675 -0.999057 0.00691037
-25.7018 34.5997 4.11025 0.0461687 -0.998902 0.00793285
-25.6806 34.6106 5.35412 0.0494134 -0.998755 0.00565635
-25.7757 34.606 6.50091 0.0547933 -0.998459 -0.00588587
-26.9774 34.5496 6.76661 0.0421628 -0.999089 -0.00665026
-28.3182 34.5026 6.7752 0.0305784 -0.999532 -0.00103954
-29.5878 34.4652 6.75717 0.0278596 -0.999611 -0.00108705
-30.6731 34.4348 6.74169 0.028121 -0.999604 -0.000615661
-31.8195 34.4026 6.78383 0.027749 -0.999614 -0.00102939
-33.0849 34.3674 6.80293 0.0280257 -0.999607 -0.000619664
-34.5253 34.3249 6.75604 0.0321483 -0.999481 -0.00109532
-35.6258 34.2928 6.77731 0.0253921 -0.999667 -0.00420152
-36.8159 34.2613 6.7853 0.0278437 -0.999599 -0.00472996
-37.934 34.233 6.76029 0.019805 -0.999759 -0.00946835
-39.0608 34.2114 6.77468 0.0180974 -0.999805 -0.00783497
-39.807 34.2063 5.89755 0.015472 -0.999851 -0.00757903
-39.8233 34.2139 4.79301 0.0154475 -0.999855 -0.0070906
-39.8123 34.2235 3.57538 0.0132073 -0.99988 -0.00812444
-39.8496 34.2331 2.27497 0.0126087 -0.999847 -0.0114944
-39.8209 34.2451 1.11217 0.00919085 -0.999921 -0.0085765
-39.8105 34.2513 -0.0102105 0.0116938 -0.999925 -0.00358233
-39.8486 34.2575 -1.12782 0.0111151 -0.999911 -0.00735347
-39.7998 34.2651 -2.20837 0.00861489 -0.99995 -0.00515071
-39.8078 34.2703 -3.38709 0.00930967 -0.999949 -0.00392979
-39.8297 34.2749 -4.73369 0.00861091 -0.999958 -0.00316315
-39.7947 34.2763 -5.81615 0.00773763 -0.99997 -0.00028823
-39.3329 34.2782 -6.79659 0.00641938 -0.999946 0.00756225
-37.9913 34.2936 -6.81014 0.0136505 -0.999902 0.00313839
-36.8285 34.3111 -6.79678 0.0190795 -0.999806 0.00466225
-35.5593 34.3359 -6.78843 0.0179664 -0.999838 0.0001064
-34.352 34.3623 -6.78796 0.0246839 -0.999691 -0.0024692
-33.2802 34.3849 -6.77276 0.0169769 -0.999839 -0.00578767
-32.0974 34.4028 -6.82121 0.0144131 -0.999894 -0.00226891
-30.8938 34.4196 -6.80445 0.0139447 -0.999901 -0.001918
-29.7318 34.4374 -6.82046 0.0145563 -0.999883 -0.00473996
-28.5247 34.4534 -6.7897 0.00815483 -0.999944 0.000433416
-27.3117 34.4742 -6.82107 0.0231728 -0.999678 0.00848604
-26.0933 34.5108 -6.75098 0.0313899 -0.999432 0.0106694
-25.7309 34.5309 -5.67146 0.036074 -0.999332 0.00514599
-25.7514 34.535 -4.56711 0.03763 -0.999281 0.00464418
-25.7268 34.5414 -3.44708 0.0378062 -0.999271 0.00538868
-25.7539 34.5446 -2.20451 0.0346135 -0.999393 0.00385637
