17.6343 45.5376 -5.27333 -0.251732 -0.967797 5.1054e-06
17.5932 45.5482 -4.12457 -0.251692 -0.967807 -9.23205e-05
17.6366 45.5367 -3.19376 -0.251731 -0.967797 -0.00014397
17.6948 45.5215 -2.02196 -0.251843 -0.967768 -0.000209724
17.7778 45.4998 -1.08575 -0.251777 -0.967785 4.23063e-05
17.7169 45.5156 -0.214765 -0.251903 -0.967752 -4.2423e-05
17.5712 45.5534 0.732056 -0.251806 -0.967778 -0.000159515
17.7008 45.5196 1.67406 -0.251901 -0.967753 3.26721e-05
17.6221 45.5402 2.6874 -0.251925 -0.967747 8.22333e-05
17.5359 45.5627 3.64156 -0.251881 -0.967758 -1.00284e-06
17.5913 45.5483 4.60022 -0.251952 -0.96774 -9.02372e-05
17.624 45.5398 5.2373 -0.251805 -0.967778 -8.34079e-05
16.9756 45.7085 5.13195 -0.251861 -0.967763 -7.17641e-05
16.7987 45.7546 4.1417 -0.251956 -0.967739 0.00022384
16.9341 45.7193 3.22583 -0.251844 -0.967768 0.000145193
16.9193 45.723 2.34787 -0.251864 -0.967763 8.471e-05
17.0057 45.7006 1.32655 -0.251886 -0.967757 -0.000209145
16.8017 45.7537 0.436082 -0.251913 -0.96775 9.11738e-06
17.0863 45.6798 -0.76836 -0.251979 -0.967733 -6.44664e-05
16.9875 45.7056 -1.81044 -0.251803 -0.967779 -0.000196546
16.9406 45.7179 -2.69636 -0.251904 -0.967752 -4.59708e-05
16.9823 45.7071 -3.97955 -0.251933 -0.967745 -7.11079e-05
16.872 45.7359 -4.84529 -0.251893 -0.967755 -7.52178e-05
16.9609 45.7128 -5.23135 -0.251962 -0.967737 -2.74719e-05
16.2402 45.9003 -5.05548 -0.251771 -0.967787 -0.000106529
16.2899 45.8874 -4.06705 -0.251854 -0.967765 -0.00014884
16.2661 45.8935 -3.2011 -0.251993 -0.967729 -6.8397e-05
16.1964 45.9115 -2.08805 -0.251955 -0.967739 -0.000124196
16.1763 45.9167 -1.21432 -0.25196 -0.967738 4.55235e-07
16.1887 45.9133 0.0563699 -0.252197 -0.967676 -0.000146173
16.1256 45.9297 0.954464 -0.251974 -0.967734 -9.39484e-05
16.1932 45.9121 1.97899 -0.252163 -0.967685 -8.1281e-05
16.2426 45.8993 3.03932 -0.252007 -0.967725 6.72665e-05
16.0141 45.9589 3.85222 -0.252121 -0.967696 4.37304e-06
16.319 45.8794 4.76039 -0.251941 -0.967743 -5.23923e-05
16.2577 45.8954 5.26482 -0.251932 -0.967745 -5.48496e-05
15.482 46.0974 5.14381 -0.251972 -0.967735 1.83358e-05
15.482 46.0975 4.15515 -0.252015 -0.967723 -1.86863e-05
15.482 46.0975 3.10058 -0.252107 -0.967699 8.59574e-05
15.482 46.0975 2.08888 -0.252128 -0.967694 -1.71542e-05
15.482 46.0974 1.15009 -0.252182 -0.96768 -7.31783e-05
15.482 46.0975 0.266564 -0.252136 -0.967692 1.44121e-05
15.482 46.0975 -0.609329 -0.252047 -0.967715 -0.000110254
15.482 46.0977 -1.54209 -0.25211 -0.967699 -7.39588e-05
15.482 46.0977 -2.41527 -0.25215 -0.967688 -4.61253e-05
15.482 46.0977 -3.3025 -0.251965 -0.967736 1.65247e-05
15.482 46.0977 -4.26338 -0.252134 -0.967692 -0.000135689
15.482 46.0977 -5.27326 -0.252043 -0.967716 -4.68774e-05
14.7517 46.288 -5.16273 -0.252058 -0.967712 4.30244e-05
14.7304 46.2936 -4.10733 -0.252152 -0.967688 -8.70018e-05
14.7045 46.3002 -3.02046 -0.252016 -0.967723 -0.000106201
14.7839 46.2795 -2.08592 -0.252128 -0.967694 -0.000103522
14.8013 46.2749 -1.21264 -0.252129 -0.967694 4.92616e-05
14.8858 46.2529 -0.290461 -0.252205 -0.967674 2.2178e-06
14.7511 46.2879 0.61532 -0.252169 -0.967683 -8.8557e-05
14.8162 46.2709 1.6136 -0.252381 -0.967628 1.02663e-05
14.6857 46.305 2.70143 -0.252396 -0.967624 4.0547e-05
14.7737 46.282 3.57591 -0.252216 -0.967671 -0.000125136
14.7902 46.2777 4.76335 -0.25213 -0.967693 0.00013219
14.8654 46.2581 5.20693 -0.252341 -0.967638 6.06088e-05
14.2098 46.429 5.1871 -0.252156 -0.967686 0.00013392
14.1215 46.452 4.2993 -0.252327 -0.967642 3.10817e-05
14.0435 46.4723 3.19258 -0.252184 -0.967679 -8.05384e-05
13.9968 46.4844 2.2349 -0.252352 -0.967635 -2.47704e-05
14.0303 46.4758 0.995926 -0.252134 -0.967692 2.6589e-06
14.2175 46.427 -0.134123 -0.252101 -0.967701 -2.09934e-05
14.1895 46.4343 -1.13491 -0.252216 -0.967671 -0.000100624
14.0467 46.4716 -2.25143 -0.252356 -0.967634 -2.60178e-05
13.9675 46.4923 -3.25133 -0.252282 -0.967654 -7.4473e-05
13.9378 46.5001 -4.40013 -0.252171 -0.967683 -0.000118196
14.0323 46.4754 -5.16574 -0.25221 -0.967672 7.26675e-05
13.237 46.6827 -3.87312 -0.252157 -0.967686 -1.8484e-05
13.2536 46.6784 -2.97728 -0.25221 -0.967672 -0.000142684
13.3587 46.6509 -2.0616 -0.252102 -0.967701 -6.47061e-05
13.5724 46.5952 -0.878919 -0.252289 -0.967652 7.82206e-05
13.5049 46.6128 0.205693 -0.252235 -0.967666 -8.80654e-05
13.3603 46.6504 1.15321 -0.252313 -0.967646 -1.28066e-05
13.3451 46.6544 2.0961 -0.252273 -0.967656 3.29948e-05
13.3213 46.6605 3.09841 -0.252351 -0.967636 -0.000167327
13.4077 46.6381 4.07147 -0.252215 -0.967671 5.49472e-05
13.4784 46.6197 4.99898 -0.252257 -0.96766 -5.43099e-05
13.4783 46.6197 5.11927 -0.252188 -0.967678 -3.10245e-05
12.6625 46.8325 -2.52632 -0.252127 -0.967694 0.000101067
12.6667 46.8313 -1.76874 -0.252235 -0.967666 -3.66944e-06
12.6267 46.8418 -0.983503 -0.252371 -0.967631 -2.88779e-05
12.5909 46.8511 -0.139903 -0.252249 -0.967662 -3.32662e-05
12.6053 46.8473 0.680801 -0.25226 -0.96766 -4.33588e-05
12.6494 46.8357 1.27699 -0.252258 -0.96766 1.54053e-05
12.654 46.8346 1.99649 -0.252287 -0.967653 8.55799e-05
12.5969 46.8494 2.76993 -0.252225 -0.967668 -9.44341e-05
12.615 46.8448 3.52636 -0.252494 -0.967598 1.98708e-05
12.6578 46.8336 4.27516 -0.252231 -0.967667 -2.92972e-05
12.6977 46.8232 4.97088 -0.25219 -0.967678 -7.62817e-05
12.7488 46.8099 5.61103 -0.252307 -0.967647 0.000244344
13.5572 46.5992 5.85815 -0.252258 -0.96766 8.22163e-05
14.1826 46.4361 5.85632 -0.252367 -0.967631 -0.00023243
15.0097 46.2206 5.86298 -0.252201 -0.967675 -0.000152122
15.6252 46.0602 5.89064 -0.252167 -0.967684 -0.000216598
16.3732 45.8653 5.89938 -0.251968 -0.967736 -0.000168014
17.0084 45.6998 5.8774 -0.251926 -0.967746 -0.000204683
17.5689 45.554 5.86064 -0.251778 -0.967785 -0.000158794
18.1422 45.405 5.82089 -0.251606 -0.96783 0.000104337
18.5688 45.294 5.43308 -0.251635 -0.967822 3.62953e-05
18.5794 45.2912 4.72476 -0.251767 -0.967788 0.000105004
18.586 45.2894 4.14254 -0.251719 -0.9678 0.000125115
18.5873 45.289 3.23233 -0.252001 -0.967727 0.000193198
18.5844 45.2897 2.58551 -0.251823 -0.967773 -4.78583e-05
18.565 45.2947 1.68051 -0.251785 -0.967783 -4.61337e-06
18.6053 45.2842 1.03768 -0.251835 -0.96777 8.2566e-05
18.6295 45.278 0.441314 -0.251888 -0.967756 2.1404e-05
18.6401 45.2753 -0.292961 -0.251751 -0.967792 -0.000128301
18.6432 45.2746 -1.01859 -0.251879 -0.967759 -0.000152411
18.637 45.2763 -1.70649 -0.251829 -0.967772 -0.000112301
18.6573 45.2711 -2.45832 -0.251822 -0.967774 -0.000234428
18.6318 45.2779 -3.21531 -0.25174 -0.967795 -0.00013625
18.6126 45.283 -3.93556 -0.251866 -0.967762 -0.000171473
18.6216 45.2808 -4.53419 -0.25171 -0.967803 -0.000217065
18.5953 45.2878 -5.20387 -0.251543 -0.967846 -0.000207156
18.2953 45.3658 -5.82007 -0.251395 -0.967885 -3.55932e-05
17.5912 45.5488 -5.88579 -0.251509 -0.967855 -0.00016721
17.0149 45.6988 -5.88845 -0.25179 -0.967782 4.96233e-05
16.3654 45.8677 -5.879 -0.251842 -0.967768 0.00018547
15.3999 46.1192 -5.8907 -0.252032 -0.967719 -2.73887e-05
14.5778 46.3333 -5.89123 -0.252058 -0.967712 -8.03621e-05
13.7512 46.5488 -5.89594 -0.252236 -0.967666 -4.52503e-05
12.9462 46.7586 -5.78391 -0.252229 -0.967668 1.30445e-05
12.6945 46.8242 -5.22208 -0.252267 -0.967658 1.31631e-05
12.665 46.8319 -4.51397 -0.252265 -0.967658 0.000101608
12.6748 46.8293 -3.87845 -0.252308 -0.967647 -2.36871e-05
12.6502 46.8357 -2.95174 -0.252193 -0.967677 -0.000110042
12.6532 46.8349 -2.84222 -0.25224 -0.967665 6.3321e-05
12.116 46.9749 -2.76418 -0.252319 -0.967644 -0.000123022
12.1112 46.9761 -2.07139 -0.252192 -0.967677 -0.000149452
12.0718 46.9864 -1.06599 -0.252204 -0.967674 -7.80508e-05
12.0372 46.9954 -0.385057 -0.252316 -0.967645 7.36487e-05
12.0391 46.995 0.344448 -0.252168 -0.967683 2.09398e-05
12.0948 46.9804 1.12725 -0.252346 -0.967637 -2.12359e-05
12.1131 46.9756 1.89133 -0.25239 -0.967626 -5.21584e-05
12.0729 46.9861 2.51576 -0.252261 -0.967659 0.000102454
12.0435 46.9938 3.22902 -0.252351 -0.967636 -3.96393e-05
12.0979 46.9796 4.03885 -0.252382 -0.967628 3.04136e-05
12.1257 46.9723 4.83197 -0.25244 -0.967613 -5.87746e-05
12.1108 46.9762 5.58051 -0.252447 -0.967611 4.14937e-05
12.243 46.9418 6.33338 -0.252189 -0.967678 -1.34776e-07
12.9828 46.7489 6.44486 -0.252238 -0.967665 4.16866e-05
13.6114 46.585 6.45329 -0.252306 -0.967647 -0.000133534
14.44 46.369 6.43976 -0.252153 -0.967687 4.91537e-06
15.3987 46.1191 6.43081 -0.25218 -0.96768 -0.000129311
15.9585 45.9732 6.46658 -0.252174 -0.967682 -3.91784e-05
16.6669 45.7887 6.45133 -0.252134 -0.967692 -0.000243145
17.4581 45.5828 6.43649 -0.251755 -0.967791 -2.70387e-05
18.0493 45.4291 6.41296 -0.251631 -0.967823 -0.000252935
18.8912 45.2102 6.31195 -0.251582 -0.967836 -5.71064e-05
19.1531 45.1421 5.74838 -0.251679 -0.967811 -7.90236e-05
19.1485 45.1432 5.09974 -0.251639 -0.967821 0.000241661
19.147 45.1435 4.49352 -0.251816 -0.967775 0.000221655
19.1302 45.1477 3.88592 -0.251779 -0.967785 5.6838e-05
19.1415 45.1447 3.06608 -0.251697 -0.967806 0.000125108
19.1279 45.1483 2.43901 -0.251932 -0.967745 -1.99598e-05
19.1179 45.1509 1.76205 -0.251887 -0.967757 0.000159323
19.1422 45.1446 1.15142 -0.251906 -0.967752 -6.4124e-05
19.176 45.1358 0.47877 -0.251853 -0.967766 7.35916e-07
19.1875 45.1328 -0.175165 -0.251728 -0.967798 -0.000235791
19.1916 45.1318 -0.956007 -0.25193 -0.967745 9.07475e-05
19.1838 45.134 -1.86961 -0.251829 -0.967772 -0.000161058
19.2239 45.1238 -2.71633 -0.251793 -0.967781 -0.000364717
19.1706 45.1379 -3.3959 -0.251647 -0.967819 -0.000159254
19.1576 45.1414 -4.16486 -0.251402 -0.967883 -0.00013428
19.1753 45.137 -4.88897 -0.251549 -0.967845 -0.000222753
19.1275 45.1496 -5.82484 -0.251136 -0.967952 -0.000141931
18.8732 45.2157 -6.3767 -0.25138 -0.967888 -7.10393e-05
18.1747 45.3971 -6.45599 -0.251716 -0.967801 -0.000138697
17.4477 45.5861 -6.46746 -0.251604 -0.96783 -6.68312e-05
16.7969 45.7555 -6.45244 -0.251772 -0.967787 -9.18464e-05
15.987 45.9663 -6.46056 -0.251993 -0.967729 -2.90009e-05
15.2736 46.1521 -6.47056 -0.252092 -0.967703 0.000129001
14.5641 46.3369 -6.46108 -0.252196 -0.967676 0.000102022
13.8984 46.5104 -6.49413 -0.252292 -0.967651 -6.91503e-05
13.2344 46.6834 -6.48222 -0.252264 -0.967659 -2.6061e-05
12.5405 46.8643 -6.483 -0.252238 -0.967665 -5.847e-05
12.1806 46.9581 -6.02305 -0.252409 -0.967621 -6.29853e-05
12.1052 46.9778 -5.317 -0.252151 -0.967688 7.08712e-05
12.0865 46.9827 -4.64597 -0.252151 -0.967688 -5.17177e-05
12.1119 46.976 -4.06337 -0.252234 -0.967666 -2.30802e-05
12.1262 46.9722 -3.41848 -0.252278 -0.967655 -3.69311e-05
12.1157 46.975 -2.97929 -0.252249 -0.967662 -0.000145013
11.5558 47.1209 -3.06577 -0.25219 -0.967678 -9.17162e-05
11.5415 47.1246 -2.18667 -0.252197 -0.967676 -0.000126616
11.5635 47.1189 -1.56269 -0.25218 -0.96768 -8.55367e-06
11.495 47.1369 -0.984512 -0.252309 -0.967647 0.000132741
11.4782 47.1412 -0.163915 -0.252496 -0.967598 2.77035e-05
11.5105 47.1327 0.712431 -0.252278 -0.967655 -8.08304e-05
11.5516 47.1221 1.53317 -0.252357 -0.967634 0.000166889
11.5316 47.1272 2.14935 -0.252411 -0.96762 -5.7044e-06
11.4876 47.1387 2.79444 -0.252369 -0.967631 3.90255e-05
11.5299 47.1277 3.63223 -0.252362 -0.967633 0.000116736
11.5678 47.1178 4.32433 -0.252163 -0.967685 -9.8638e-05
11.5686 47.1177 4.99642 -0.252333 -0.96764 -7.15816e-05
11.5401 47.1251 5.59031 -0.25229 -0.967652 5.87877e-05
11.4773 47.1415 6.20953 -0.252363 -0.967633 2.15061e-05
11.7028 47.0827 6.88294 -0.252515 -0.967593 -8.58466e-05
12.2073 46.9511 7.0181 -0.25231 -0.967646 -3.15086e-05
12.8765 46.7766 7.03111 -0.25247 -0.967605 -0.000263043
13.6182 46.5832 7.05468 -0.252294 -0.967651 -0.000137529
14.188 46.4346 7.04089 -0.252304 -0.967648 -0.000116347
14.7788 46.2806 7.00051 -0.25237 -0.967631 -0.00018827
15.5284 46.0853 6.99375 -0.252044 -0.967716 -0.000254674
16.151 45.923 7.04052 -0.252163 -0.967685 -0.000132417
16.9464 45.7159 7.01626 -0.251933 -0.967745 -5.39268e-05
17.8291 45.4862 6.99738 -0.251673 -0.967812 -0.000163148
18.6435 45.2744 6.99118 -0.251601 -0.967831 -0.000278579
19.283 45.1082 6.98386 -0.251299 -0.967909 1.53765e-05
19.7057 44.9984 6.43648 -0.251387 -0.967887 9.7754e-05
19.7319 44.9917 5.87386 -0.251408 -0.967881 -1.33393e-05
19.7044 44.9988 5.25259 -0.251576 -0.967838 0.00025923
19.7056 44.9981 4.41358 -0.251685 -0.967809 0.000310228
19.6952 45.0007 3.67679 -0.251978 -0.967733 0.000164703
19.7462 44.9874 2.98482 -0.251824 -0.967773 8.39194e-05
19.6856 45.0031 2.39384 -0.2519 -0.967753 -9.276e-05
19.6588 45.0102 1.71879 -0.251828 -0.967772 -2.15502e-05
19.7021 44.9989 1.04616 -0.251835 -0.96777 -6.77365e-05
19.7151 44.9955 0.389752 -0.251822 -0.967773 -1.89976e-05
19.7445 44.9879 -0.57567 -0.251942 -0.967742 -7.42298e-05
19.739 44.9894 -1.21035 -0.251681 -0.96781 -0.00023714
19.761 44.9838 -1.81579 -0.251709 -0.967803 -0.000181483
19.7602 44.9842 -2.39691 -0.251714 -0.967801 -0.000377856
19.7248 44.9937 -3.22623 -0.251762 -0.967789 -0.000319167
19.7283 44.993 -4.0963 -0.251479 -0.967863 -0.000231908
19.7311 44.9927 -5.02073 -0.251184 -0.967939 -0.000503298
19.7197 44.9959 -5.77572 -0.251171 -0.967943 -0.000107792
19.7213 44.9956 -6.43691 -0.25106 -0.967972 7.39087e-07
19.2295 45.1232 -6.9777 -0.251213 -0.967932 8.81685e-05
18.4475 45.3262 -7.0351 -0.251411 -0.967881 -1.04354e-05
17.65 45.5335 -7.04552 -0.251516 -0.967853 5.04221e-05
16.8905 45.7311 -7.00894 -0.251837 -0.96777 0.000145898
16.3031 45.8839 -6.9932 -0.251824 -0.967773 0.000126925
15.4642 46.1024 -7.04733 -0.251985 -0.967731 0.000145963
14.5048 46.3524 -7.05062 -0.252177 -0.967681 6.05745e-05
13.8089 46.5337 -7.05262 -0.252177 -0.967681 -2.84661e-05
13.2169 46.688 -7.05758 -0.252233 -0.967666 -3.38947e-05
12.4275 46.8937 -7.08077 -0.252075 -0.967708 -1.46833e-05
11.7109 47.0806 -7.00206 -0.252287 -0.967652 -7.28511e-05
11.5296 47.1279 -6.23297 -0.252291 -0.967651 -1.67609e-05
11.5414 47.1247 -5.60471 -0.252276 -0.967655 -9.73428e-05
11.5275 47.1284 -4.78596 -0.252268 -0.967657 -0.000115089
11.55 47.1225 -4.1387 -0.252306 -0.967647 -5.28355e-06
11.4936 47.1372 -3.30939 -0.252207 -0.967673 -9.01314e-06
