-4.76197 38.976 3.0364 0.252526 -0.967588 -0.00209762
-4.73884 38.9828 2.10764 0.252034 -0.967718 -0.000183411
-4.72968 38.9868 1.12751 0.2529 -0.96749 -0.00235535
-4.72749 38.9866 0.0571034 0.252795 -0.967519 0.00135075
-4.63866 39.0086 -0.841283 0.250472 -0.968124 -0.000364086
-4.75906 38.9785 -1.67265 0.252865 -0.967501 -0.00117706
-4.67763 39.0003 -2.57362 0.252652 -0.967557 -0.000544802
-4.61545 39.0168 -2.91325 0.252947 -0.967479 -0.00113938
-5.33802 38.8297 -3.18695 0.247193 -0.968961 -0.00307285
-5.45778 38.7976 -2.26223 0.249149 -0.968465 -0.000203528
-5.52985 38.7789 -1.45365 0.24945 -0.968388 -0.000225442
-5.38346 38.8164 -0.619149 0.246318 -0.969188 -0.000634357
-5.56308 38.7704 0.335889 0.248477 -0.968637 -0.000364551
-5.46915 38.795 1.19377 0.249237 -0.968441 -0.00127569
-5.48056 38.7912 2.06978 0.245268 -0.969455 -0.000971278
-5.49984 38.7851 2.92755 0.248598 -0.968606 -0.00119214
-5.51349 38.781 3.238 0.247936 -0.968775 -0.00153142
-6.28082 38.5869 3.11274 0.243569 -0.96988 -0.00275576
-6.31507 38.5804 2.18955 0.244062 -0.969759 -0.000438527
-6.27804 38.5896 1.33768 0.244594 -0.969625 0.000688692
-6.29967 38.5835 0.498802 0.243129 -0.969993 -0.00101622
-6.29878 38.5848 -0.699138 0.242204 -0.970225 -0.000163267
-6.34765 38.5726 -1.69103 0.242298 -0.970202 0.000373177
-6.29572 38.5854 -2.53787 0.242268 -0.970209 5.36655e-05
-6.27963 38.59 -3.03593 0.242549 -0.970139 -0.00107058
-7.044 38.3991 -3.09977 0.24071 -0.970596 -0.000285006
-7.0699 38.3927 -2.23049 0.239363 -0.97093 0.000131161
-7.06326 38.3948 -1.33419 0.241241 -0.970465 -3.92214e-05
-7.0454 38.3984 -0.437436 0.240767 -0.970583 -0.000677127
-7.04394 38.3979 0.667497 0.240819 -0.97057 -0.000342309
-7.04511 38.3975 1.59088 0.241408 -0.970424 0.000212827
-7.01873 38.4033 2.56725 0.240782 -0.970579 -0.000995833
-7.01498 38.4041 2.78314 0.241116 -0.970495 -0.00141893
-7.93711 38.1749 3.0742 0.2385 -0.971141 -0.00158308
-7.83668 38.2009 2.22306 0.239793 -0.970824 -0.000658564
-7.93828 38.1761 1.32568 0.240007 -0.970771 -0.000172903
-7.97403 38.1682 0.278601 0.239224 -0.970964 -0.00110487
-7.8238 38.2062 -0.724123 0.239465 -0.970905 -7.04395e-05
-7.94047 38.1778 -1.72668 0.237452 -0.971399 -0.000536834
-7.77304 38.2194 -2.60511 0.237678 -0.971344 -0.000584474
-7.84085 38.2031 -3.04357 0.23763 -0.971356 -0.000345956
-8.57577 38.0233 -3.19313 0.23731 -0.971434 -0.000387602
-8.60627 38.0154 -2.29071 0.237058 -0.971495 -0.00039171
-8.59448 38.0175 -1.21922 0.237218 -0.971456 -0.000841042
-8.68116 37.995 -0.154044 0.238017 -0.97126 -0.00137376
-8.74989 37.977 0.868799 0.238218 -0.971211 -0.00109593
-8.64788 38.0013 1.89052 0.238146 -0.971229 -0.000440847
-8.66092 37.9974 2.85574 0.238756 -0.971079 -0.00124359
-9.40292 37.8167 2.49521 0.2364 -0.971656 -5.92886e-06
-9.41951 37.8123 2.07029 0.23647 -0.971639 0.000609651
-10.5851 37.5326 -0.996034 0.235035 -0.971983 -0.0027701
-10.5824 37.5305 0.241516 0.235548 -0.97186 -0.00228886
-10.5554 37.5371 1.39532 0.233954 -0.972247 0.000438235
-10.596 37.5286 2.74595 0.234015 -0.972232 0.00155607
-10.5326 37.5439 3.99709 0.230447 -0.973084 -0.000597133
-9.41978 37.8101 4.29586 0.235825 -0.971793 -0.00209752
-8.11456 38.1288 4.30711 0.237752 -0.971323 -0.00234119
-6.69769 38.4789 4.39665 0.242755 -0.970083 -0.00280531
-5.55936 38.7671 4.43466 0.247027 -0.969005 -0.00248602
-4.26017 39.1024 4.43746 0.253514 -0.967322 -0.00371874
-3.08773 39.4154 4.21243 0.259185 -0.965824 -0.002703
-2.93073 39.4621 3.00122 0.260733 -0.965403 -0.00396916
-2.89566 39.4733 1.77519 0.259695 -0.965689 -0.0016304
-2.87318 39.4795 0.537363 0.262259 -0.964996 0.0015647
-2.83032 39.4891 -0.769337 0.260966 -0.965347 0.000680487
-2.86119 39.4827 -2.10803 0.261993 -0.965069 -0.000614508
-2.90475 39.4723 -3.43607 0.261699 -0.965149 -0.000561876
-3.37741 39.3443 -4.34248 0.258454 -0.966022 -0.00168451
-4.68291 39.0003 -4.35047 0.251437 -0.967873 0.000113667
-6.15557 38.6232 -4.35407 0.246041 -0.969259 -0.000436781
-7.57695 38.2679 -4.38336 0.240371 -0.970681 -0.000161504
-8.81089 37.9664 -4.37161 0.234097 -0.972212 0.000308177
-10.1272 37.6523 -4.35763 0.230309 -0.973117 -0.00107823
-10.59 37.5395 -3.26138 0.231952 -0.972722 -0.00327285
-10.5364 37.547 -1.86345 0.234826 -0.972028 -0.00416595
-10.5644 37.5385 -1.31956 0.234925 -0.97201 -0.0028139
-11.6724 37.2731 -1.47636 0.231326 -0.972862 -0.00521047
-11.7351 37.2654 -2.68516 0.228026 -0.973633 -0.00658787
-11.7608 37.2668 -3.85728 0.223974 -0.97457 -0.00705917
-11.6461 37.2981 -5.05179 0.223267 -0.974757 -0.00124763
-10.6387 37.5318 -5.56444 0.228798 -0.973474 0.000235237
-9.31435 37.8453 -5.56155 0.23218 -0.972672 0.00108155
-8.02694 38.1571 -5.57728 0.238131 -0.97123 0.00193424
-6.9072 38.4344 -5.56977 0.242613 -0.970122 0.00121659
-5.52079 38.7843 -5.53527 0.245369 -0.96943 -2.89727e-05
-4.3078 39.0995 -5.55469 0.255539 -0.966796 -0.00204472
-3.10644 39.4197 -5.5716 0.259229 -0.965814 -0.00190207
-2.00629 39.7189 -5.44095 0.267922 -0.96344 0.000310991
-1.75479 39.7874 -4.1798 0.265767 -0.964037 -0.00074741
-1.76862 39.7815 -2.92581 0.265978 -0.963978 -0.000583109
-1.71085 39.797 -1.69896 0.267172 -0.963648 -0.000646776
-1.71897 39.7938 -0.530878 0.265995 -0.963974 0.00038927
-1.7244 39.7928 0.707305 0.266289 -0.963893 0.000108798
-1.77627 39.7775 1.98344 0.26667 -0.963786 -0.00206268
-1.76669 39.7771 3.23241 0.265775 -0.964033 -0.00185663
-1.72014 39.7875 4.40587 0.264861 -0.964284 -0.00232039
-2.42446 39.5916 5.46884 0.262691 -0.964877 -0.0022025
-3.69747 39.2478 5.57364 0.257245 -0.966345 -0.00133315
-4.92036 38.9271 5.58856 0.250554 -0.968098 -0.00259327
-6.14369 38.6148 5.59134 0.245528 -0.969385 -0.00284676
-7.2557 38.3371 5.52015 0.240207 -0.970717 -0.00300418
-8.5778 38.0128 5.46447 0.236875 -0.971537 -0.00223465
-9.85115 37.7046 5.4827 0.232677 -0.972554 -1.32251e-05
-11.0024 37.4309 5.49715 0.229952 -0.973199 -0.00251515
-11.6835 37.2732 4.6719 0.225862 -0.974158 -0.00160691
-11.756 37.2568 3.50704 0.223585 -0.974677 0.00352809
-11.6972 37.267 2.11272 0.228191 -0.973608 0.00397309
-11.7024 37.264 0.859237 0.228967 -0.973434 0.000892442
-11.7147 37.2604 -0.373499 0.229764 -0.973246 -0.000107818
-11.6857 37.2688 -1.26851 0.231183 -0.9729 -0.00438956
-12.7985 37.0042 -1.33382 0.231266 -0.972883 -0.00259044
-12.8811 36.9949 -2.56686 0.23024 -0.97307 -0.0111522
-12.921 37.001 -3.82619 0.222401 -0.974876 -0.0124461
-12.8524 37.026 -5.18636 0.216085 -0.97636 0.00490653
-12.8183 37.0216 -6.47435 0.230095 -0.973146 0.00662449
-11.6434 37.2951 -6.7499 0.226668 -0.97397 0.00200148
-10.3937 37.587 -6.7569 0.229675 -0.973264 0.00248867
-9.1795 37.8749 -6.77447 0.231902 -0.972728 0.00460842
-7.84721 38.1979 -6.74167 0.237511 -0.971373 0.00472539
-6.42723 38.5521 -6.75049 0.244648 -0.969601 0.0044849
-4.95695 38.9276 -6.67526 0.248237 -0.968696 0.00255303
-3.67901 39.2657 -6.76465 0.258018 -0.966135 0.00308481
-2.36658 39.6187 -6.71066 0.259449 -0.965751 0.00326096
-0.948426 40.012 -6.62533 0.2695 -0.962976 0.0052838
-0.597733 40.1143 -5.52295 0.274824 -0.961487 -0.00255686
-0.597688 40.1083 -4.36709 0.2679 -0.963437 -0.00426909
-0.600763 40.1046 -3.11058 0.268364 -0.963317 0.00075096
-0.60915 40.1036 -1.8122 0.269983 -0.962865 -3.22091e-05
-0.58829 40.1079 -0.324894 0.267918 -0.963441 -0.000635235
-0.565481 40.1161 1.08566 0.270803 -0.962632 0.00217436
-0.63469 40.0948 2.2609 0.271581 -0.962407 -0.00398843
-0.600803 40.0993 3.74678 0.268736 -0.96321 -0.00272513
-0.539917 40.1134 5.12003 0.268778 -0.9632 -0.00186879
-0.585912 40.0991 6.29574 0.269274 -0.963062 -0.00128812
-1.82664 39.7506 6.63825 0.26734 -0.963587 -0.00538416
-3.08145 39.4074 6.73923 0.259225 -0.965794 -0.00638013
-4.21818 39.1052 6.73328 0.255241 -0.966855 -0.00606207
-5.61357 38.7431 6.74726 0.248693 -0.968556 -0.00707575
-6.78498 38.4478 6.74023 0.241747 -0.970314 -0.00657182
-8.29098 38.0792 6.66059 0.236873 -0.971533 -0.00390926
-9.49475 37.7887 6.67635 0.233276 -0.972409 -0.00173441
-10.7337 37.4915 6.69708 0.232805 -0.972514 -0.00421922
-11.8824 37.2195 6.6977 0.228058 -0.973637 -0.00447838
-12.8811 36.9894 6.09195 0.226541 -0.973913 -0.012345
-12.8232 37.0155 4.85676 0.212848 -0.977062 -0.0065808
-12.8987 36.9954 3.57001 0.222294 -0.974937 0.00891163
-12.8448 36.9988 2.20511 0.22833 -0.973576 0.00389596
-12.8243 37.0006 0.960518 0.227646 -0.973743 0.00139124
-12.8916 36.983 -0.379346 0.227502 -0.973773 0.00276803
-12.8468 36.9928 -0.99682 0.230251 -0.973131 0.000386206
