35.0933 40.9082 -0.0212759 -0.275707 -0.961241 0.00134683
35.0076 40.9328 0.970903 -0.277484 -0.960729 -0.00137552
35.0219 40.927 1.88813 -0.276084 -0.961131 -0.00190906
35.0453 40.9203 2.68475 -0.27672 -0.960949 -0.000955627
34.2601 41.1436 2.73981 -0.27225 -0.962226 -0.000870286
34.1926 41.165 1.5004 -0.273616 -0.961836 -0.00249283
34.2602 41.1466 0.469017 -0.273015 -0.96201 0.000509524
34.3342 41.1248 -0.50333 -0.273475 -0.961878 0.00026374
34.3783 41.1118 -1.57534 -0.275398 -0.96133 0.000108077
34.2791 41.1402 -2.71436 -0.274351 -0.961628 -0.00158624
34.2713 41.1425 -2.78331 -0.273628 -0.961835 -0.000806084
33.4197 41.3831 -2.72664 -0.270429 -0.962739 -0.00106427
33.5695 41.3416 -1.77994 -0.270041 -0.962847 -0.000857204
33.5069 41.3581 -0.517901 -0.269959 -0.962872 -0.000435406
33.444 41.3757 0.481884 -0.269199 -0.963084 0.000360661
33.403 41.3863 1.50601 -0.267984 -0.963422 -0.00149919
33.4647 41.3677 2.49795 -0.267138 -0.963658 -0.000785383
33.4616 41.3681 2.96749 -0.26795 -0.963432 -7.54253e-05
32.6154 41.6033 2.84925 -0.265415 -0.964134 0.000126682
32.6163 41.6035 1.85844 -0.265424 -0.964131 -0.00133402
32.6182 41.6041 0.938348 -0.266011 -0.96397 -0.000578225
32.5968 41.6111 -0.0215419 -0.266119 -0.96394 -0.000308043
32.6358 41.601 -1.11297 -0.266348 -0.963876 -0.000984695
32.6398 41.6002 -2.10216 -0.265377 -0.964145 0.000441631
32.6969 41.5853 -2.88064 -0.266762 -0.963761 -0.00143373
31.8223 41.8252 -2.98599 -0.263933 -0.96454 -0.00129368
31.7785 41.8363 -2.11469 -0.263727 -0.964597 -0.000629807
31.6239 41.8775 -1.05952 -0.263182 -0.964746 -0.00112917
31.7622 41.8397 -0.126445 -0.26328 -0.964719 -0.000152694
31.8403 41.8179 0.734183 -0.262119 -0.965034 -0.00119041
31.8615 41.8107 1.59319 -0.262936 -0.964813 -0.000263837
31.8297 41.8188 2.55053 -0.261925 -0.965088 -0.000553246
31.787 41.8302 2.91339 -0.263129 -0.96476 -0.000460925
30.9849 42.0479 3.00502 -0.260655 -0.965432 -0.000551493
30.9921 42.0465 1.94723 -0.260695 -0.965421 -0.000207392
30.9529 42.0576 1.09666 -0.260147 -0.965569 -0.00092856
30.8314 42.0914 -0.0957272 -0.259753 -0.965675 -0.000671555
30.8383 42.0904 -1.0054 -0.259394 -0.965771 -0.00133983
30.9218 42.0689 -1.89214 -0.262029 -0.965059 -0.00109482
30.9097 42.0734 -2.99132 -0.26155 -0.96519 -0.000620723
30.1437 42.2794 -2.7888 -0.257955 -0.966156 -0.00142099
30.2 42.263 -1.91658 -0.25821 -0.966088 -0.000937559
30.1114 42.2857 -1.02004 -0.258092 -0.96612 -0.0011335
30.0367 42.3047 -0.133283 -0.258997 -0.965878 -0.000668352
30.1265 42.28 0.966994 -0.259483 -0.965747 -0.00057053
30.1908 42.2621 1.90917 -0.25957 -0.965724 -0.000718471
30.1514 42.2725 2.64081 -0.259475 -0.96575 -0.000269321
29.3777 42.4798 2.29472 -0.258238 -0.966081 -0.00027854
29.379 42.4797 1.37145 -0.257518 -0.966273 -0.000291039
29.3423 42.4896 1.03453 -0.257048 -0.966398 -8.0486e-05
29.0766 42.5596 4.20319 -0.256424 -0.966564 -0.000167366
28.2152 42.7873 3.54678 -0.254197 -0.967152 -2.01598e-05
28.1576 42.8031 2.22646 -0.254193 -0.967153 0.000256459
28.1579 42.803 0.823189 -0.254945 -0.966955 -0.000289693
28.0594 42.8298 -0.431046 -0.255135 -0.966905 -0.000640319
28.0333 42.8375 -1.70723 -0.254666 -0.967029 -0.000648563
28.078 42.8268 -2.95506 -0.25437 -0.967106 -0.00107624
28.3142 42.7661 -4.14033 -0.254308 -0.967122 -0.00110306
29.5935 42.4281 -4.22497 -0.257506 -0.966276 -0.00091131
30.9112 42.0742 -4.25119 -0.261267 -0.965266 -0.00068446
32.5606 41.624 -4.31468 -0.266255 -0.963902 -0.000570234
33.8403 41.2658 -4.28587 -0.27338 -0.961905 -0.000966317
35.2348 40.8674 -4.29308 -0.275838 -0.961202 -0.00194471
36.285 40.5587 -3.93593 -0.282856 -0.959158 -0.00243441
36.3172 40.5499 -2.57665 -0.283569 -0.958952 0.000618498
36.2862 40.5603 -1.15427 -0.281415 -0.959585 0.00114827
36.275 40.5652 0.314312 -0.281349 -0.959605 0.000692785
36.2866 40.5612 1.66582 -0.27971 -0.960083 -0.00150589
36.301 40.5557 2.92033 -0.27962 -0.960111 -0.000377373
36.0257 40.636 4.1901 -0.278759 -0.960361 0.000455969
34.6064 41.0452 4.25221 -0.2737 -0.961814 0.000472766
33.4064 41.3833 4.20866 -0.2688 -0.963194 0.000382356
32.0687 41.753 4.2596 -0.263554 -0.964644 -0.000371
30.6088 42.1492 4.28148 -0.261211 -0.965282 0.00013125
29.4892 42.4497 4.21448 -0.257338 -0.966321 0.000320464
29.5742 42.4278 5.46425 -0.258175 -0.966098 0.000355656
28.2689 42.7744 5.45416 -0.255745 -0.966744 0.000758796
27.1075 43.079 4.95314 -0.253547 -0.967323 0.000964447
26.9927 43.1083 3.71121 -0.253193 -0.967416 0.000225977
26.975 43.1133 2.34512 -0.253255 -0.967399 -0.00094165
26.9731 43.1143 1.01319 -0.252988 -0.967469 0.000230356
26.902 43.1333 -0.24281 -0.253258 -0.967399 -0.000642695
26.856 43.1463 -1.69069 -0.252599 -0.967571 -0.000848635
26.9021 43.1349 -3.00705 -0.252235 -0.967666 -0.000664963
26.9255 43.1296 -4.31116 -0.252561 -0.967581 -0.000941387
27.4175 43.0026 -5.49304 -0.253304 -0.967385 -0.00179447
28.7564 42.6509 -5.48689 -0.254536 -0.967062 -0.00123146
30.0636 42.3034 -5.4609 -0.258735 -0.965948 -0.00107037
31.3232 41.9641 -5.46777 -0.262096 -0.96504 -0.00143602
32.6416 41.603 -5.51226 -0.26662 -0.963799 -0.00210272
33.869 41.2605 -5.49925 -0.27167 -0.962386 -0.00276185
35.3658 40.8314 -5.48841 -0.277647 -0.960683 -0.000906177
36.5887 40.4709 -5.5335 -0.286797 -0.957991 -0.00115619
37.4862 40.201 -4.72642 -0.287709 -0.957718 0.000467703
37.4974 40.1984 -3.3531 -0.285371 -0.958415 0.00189016
37.4818 40.2061 -2.02746 -0.285569 -0.958353 0.00191885
37.4643 40.2127 -0.605705 -0.28491 -0.958553 0.00171735
37.4313 40.2249 0.985433 -0.284313 -0.958731 2.22761e-06
37.5217 40.1971 2.28622 -0.285912 -0.958256 -0.000760116
37.4339 40.2215 3.92095 -0.286622 -0.958043 -0.000781903
37.362 40.2428 5.20018 -0.287457 -0.957792 -0.000908787
36.185 40.5899 5.46746 -0.281009 -0.959701 0.00258013
34.726 41.0117 5.48037 -0.274516 -0.96158 0.00205137
33.4216 41.3796 5.46623 -0.269314 -0.963051 0.000741382
32.0938 41.7466 5.47558 -0.264801 -0.964303 0.000692863
30.8061 42.0968 5.49362 -0.260702 -0.965418 0.00157866
29.9099 42.3377 5.47786 -0.25913 -0.965843 0.000122274
29.9955 42.3164 6.70492 -0.258051 -0.96613 0.00147368
28.7343 42.6519 6.69661 -0.256094 -0.966651 0.00147852
27.4406 42.9935 6.69894 -0.254126 -0.96717 0.00129843
25.9717 43.3769 6.57765 -0.251803 -0.967778 0.000884623
25.8106 43.418 5.31874 -0.252119 -0.967696 0.000284866
25.8021 43.4197 4.06186 -0.252553 -0.967583 0.000221023
25.7677 43.4286 2.71805 -0.252819 -0.967513 -0.000600577
25.7794 43.426 1.45862 -0.252471 -0.967605 -0.000208005
25.752 43.4337 -0.178041 -0.252178 -0.967681 -0.000389828
25.6927 43.4493 -1.49921 -0.251564 -0.967841 -0.000285279
25.7109 43.445 -2.81942 -0.251719 -0.9678 -0.000309365
25.7219 43.4433 -4.30115 -0.251745 -0.967793 -0.00117805
25.8028 43.4237 -5.64514 -0.251475 -0.967863 -0.00143419
26.5631 43.2278 -6.71371 -0.251465 -0.967864 -0.00197919
27.9199 42.8738 -6.76418 -0.253295 -0.967385 -0.00269827
29.1681 42.5445 -6.70218 -0.257025 -0.9664 -0.00296926
30.5668 42.1709 -6.70196 -0.259624 -0.965707 -0.00235552
31.8225 41.831 -6.71686 -0.262959 -0.964803 -0.00274128
33.0839 41.4842 -6.74626 -0.267857 -0.963452 -0.00331065
34.4914 41.0877 -6.72177 -0.27286 -0.96205 -0.00288965
35.7248 40.7315 -6.72834 -0.281748 -0.959473 -0.00501242
37.0958 40.3238 -6.73573 -0.287826 -0.957638 -0.00841024
38.336 39.9433 -6.63454 -0.293925 -0.955828 -0.00116859
38.6675 39.8415 -5.41958 -0.291692 -0.95651 0.00192264
38.6338 39.8541 -4.02721 -0.29274 -0.956188 0.00264402
38.6774 39.8432 -2.67252 -0.290545 -0.956858 0.00244349
38.6516 39.8554 -1.28354 -0.28818 -0.957572 0.00286232
38.6354 39.863 0.0937267 -0.288338 -0.957528 0.00118068
38.6442 39.8613 1.34175 -0.287933 -0.957651 0.000333194
38.6828 39.8485 2.6626 -0.288836 -0.957377 -0.0016881
38.6508 39.8556 4.07212 -0.289277 -0.957243 -0.00222079
38.6499 39.8536 5.33063 -0.288961 -0.95734 -0.00129926
38.5292 39.8894 6.57516 -0.292679 -0.95621 0.00110693
37.2574 40.2765 6.65881 -0.291052 -0.956702 0.00276954
35.9951 40.6494 6.68161 -0.279967 -0.960003 0.0034006
34.4926 41.0816 6.69495 -0.272929 -0.962023 0.00464157
33.1592 41.4552 6.6657 -0.268272 -0.963334 0.00412955
31.8926 41.8039 6.69599 -0.263936 -0.964538 0.0021277
30.6459 42.1419 6.71112 -0.26042 -0.965494 0.00163828
30.2643 42.2445 6.70195 -0.258885 -0.965906 0.0016211
