-4.48972 39.5802 -2.01202 0.253157 -0.967425 -0.000587158
-4.5339 39.5689 -2.9105 0.253463 -0.967345 -7.81894e-05
-5.31545 39.3652 -3.03052 0.249556 -0.96836 0.000712162
-5.25669 39.3804 -1.75436 0.248693 -0.968582 9.71495e-05
-5.22328 39.3889 -0.73961 0.249296 -0.968426 -0.000663407
-5.27165 39.3765 0.529283 0.250437 -0.968132 3.11386e-06
-5.21014 39.3928 1.47593 0.250448 -0.968129 -0.000474128
-5.33541 39.3578 2.489 0.250475 -0.968119 -0.00278875
-5.46344 39.3234 3.07464 0.249699 -0.968319 -0.00281359
-6.29534 39.1107 3.10827 0.245903 -0.969289 -0.00335385
-5.98018 39.1935 2.18391 0.247092 -0.96899 -0.00209893
-6.0996 39.1645 0.998809 0.247194 -0.968966 0.000192336
-5.9919 39.192 -0.198127 0.246358 -0.969179 -0.000748067
-6.01506 39.1866 -1.22248 0.245016 -0.969519 0.000455718
-6.15909 39.1495 -2.21954 0.245513 -0.969392 -0.000505911
-6.09866 39.1648 -2.80577 0.245089 -0.9695 -0.000767908
-6.91254 38.9602 -3.04268 0.242484 -0.970155 -0.000373997
-6.93718 38.9538 -2.03251 0.241582 -0.97038 -0.000176679
-6.89842 38.9636 -1.09214 0.244513 -0.969645 -0.000348502
-6.91254 38.9594 -0.164155 0.243106 -0.969999 -0.00142587
-6.97914 38.9416 0.770332 0.243538 -0.96989 -0.000110704
-6.91254 38.9583 1.6969 0.243823 -0.969817 -0.00226235
-6.90709 38.9576 2.64716 0.24271 -0.970097 -0.00184219
-6.96357 38.9427 3.03988 0.242496 -0.970151 -0.00177645
-7.66765 38.7674 3.14053 0.240748 -0.970586 -0.00150076
-7.69745 38.7615 2.05569 0.240836 -0.970566 -0.000560975
-7.68172 38.7659 0.878776 0.24143 -0.970418 -0.000476107
-7.69353 38.7645 -0.151025 0.240747 -0.970587 -0.00135133
-7.67356 38.7705 -1.19655 0.241205 -0.970474 -0.000431901
-7.66295 38.774 -2.15999 0.240365 -0.970682 -7.01018e-05
-7.68136 38.7693 -3.04414 0.239271 -0.970953 -0.000484797
-8.62235 38.5384 -2.94015 0.238375 -0.971173 -0.000266179
-8.57307 38.5495 -1.83055 0.23811 -0.971238 -0.00104485
-8.44656 38.5793 -0.841178 0.238539 -0.971131 -0.00168909
-8.5644 38.5483 0.199287 0.239271 -0.970952 -0.00142585
-8.50741 38.561 1.18769 0.240009 -0.97077 -0.00100913
-8.46999 38.57 2.09904 0.239689 -0.97085 -9.31067e-05
-8.45836 38.5726 3.07723 0.239006 -0.971018 -0.000687857
-9.27289 38.3725 2.8839 0.237795 -0.971315 9.76544e-05
-9.23572 38.3815 1.86594 0.238059 -0.971251 0.000191835
-9.32281 38.3608 0.708683 0.239252 -0.970957 -0.0010211
-9.22118 38.388 -0.432998 0.23852 -0.971135 -0.00224664
-9.27131 38.3777 -1.35269 0.23829 -0.971192 -0.00199239
-9.35709 38.3586 -2.39743 0.235067 -0.971978 -0.00150249
-9.35682 38.3591 -2.78958 0.235731 -0.971818 0.000447035
-10.0948 38.1788 -1.71788 0.235426 -0.971888 -0.0030074
-9.99223 38.2001 -0.579287 0.235347 -0.971908 -0.00252238
-10.0362 38.1876 0.134014 0.23497 -0.972001 -0.00176591
-3.32174 39.891 0.688633 0.259451 -0.965755 -0.00145884
-3.32995 39.8901 -0.53778 0.260111 -0.965579 -0.000668522
-3.33911 39.888 -1.77893 0.261129 -0.965304 0.000145724
-3.30113 39.8981 -3.10466 0.261953 -0.965081 -7.34179e-05
-3.73873 39.7794 -4.29257 0.258637 -0.965974 -0.000501377
-5.04291 39.4365 -4.37058 0.252589 -0.967573 -0.000752935
-6.51904 39.0594 -4.34167 0.246042 -0.969258 -0.000711524
-7.91086 38.713 -4.31512 0.238585 -0.971122 1.96572e-05
-9.22097 38.3927 -4.29617 0.235439 -0.971889 -0.000800838
-10.4287 38.1029 -4.29016 0.230939 -0.972965 0.00222754
-11.2371 37.9114 -3.57992 0.226233 -0.974072 -0.00144433
-11.2839 37.8973 -2.22159 0.229591 -0.973283 -0.00242659
-11.2878 37.8911 -0.717607 0.230741 -0.973008 -0.00365775
-11.2219 37.9026 0.690617 0.2317 -0.972785 -0.00194284
-11.1785 37.912 1.96497 0.230765 -0.973009 0.000674745
-11.2635 37.8936 3.23334 0.230293 -0.97312 0.00142743
-10.687 38.0299 4.27452 0.231129 -0.97292 -0.00246988
-9.4061 38.338 4.34102 0.236566 -0.971612 -0.00242461
-8.01861 38.678 4.33773 0.238554 -0.971126 -0.00234583
-6.3724 39.0878 4.30482 0.245555 -0.969379 -0.00210856
-5.04737 39.4274 4.352 0.251088 -0.967959 -0.00325598
-3.62544 39.8034 4.20088 0.258617 -0.965973 -0.00346294
-3.33977 39.8843 2.96722 0.260131 -0.96557 -0.0021032
-3.33745 39.8859 1.64192 0.260382 -0.965505 -0.000824937
-3.32325 39.8903 0.923849 0.260472 -0.96548 -0.0010628
-2.17322 40.2038 1.07571 0.263605 -0.96463 -0.000105608
-2.1394 40.2133 -0.167682 0.265187 -0.964197 -0.000442322
-2.19111 40.2004 -1.51092 0.265224 -0.964186 -0.00038759
-2.11964 40.2198 -2.7395 0.264542 -0.964374 0.00052944
-2.11205 40.2226 -3.97124 0.265159 -0.964204 -0.000438231
-2.27702 40.1775 -5.33419 0.264368 -0.964421 -0.000780857
-3.57463 39.8257 -5.53224 0.259266 -0.965805 -0.00161187
-5.01373 39.445 -5.54522 0.252334 -0.96764 -0.000220182
-6.38424 39.0928 -5.55335 0.246003 -0.969265 0.00242185
-7.67362 38.7704 -5.50109 0.239761 -0.970827 0.00281379
-8.88786 38.4729 -5.51506 0.235742 -0.971814 0.0016129
-10.091 38.1833 -5.4925 0.231481 -0.972839 0.00028523
-11.5127 37.8479 -5.50677 0.228573 -0.973527 0.000725209
-12.4593 37.629 -4.78622 0.224069 -0.97457 0.00237542
-12.4075 37.6411 -3.42341 0.222106 -0.975017 -0.00316588
-12.4648 37.6225 -2.18527 0.225228 -0.974276 -0.00754611
-12.4592 37.615 -0.851405 0.228155 -0.97361 -0.00521261
-12.3629 37.6351 0.508861 0.226225 -0.974075 0.000240778
-12.3485 37.6377 1.83488 0.225817 -0.97417 -0.000512416
-12.4458 37.6161 3.07068 0.225733 -0.974189 0.000806029
-12.4779 37.6109 4.30897 0.225339 -0.97428 -5.89729e-05
-12.0526 37.7076 5.413 0.226108 -0.974099 -0.00261391
-10.7577 38.0112 5.49724 0.231213 -0.972902 -0.000909992
-9.42005 38.3323 5.53087 0.23499 -0.971996 -0.00196857
-7.92938 38.6972 5.5271 0.239094 -0.970992 -0.00288354
-6.65895 39.0121 5.50605 0.24199 -0.970274 -0.00298483
-5.36408 39.3419 5.5075 0.248769 -0.968559 -0.00280617
-4.07798 39.6777 5.51754 0.257783 -0.966194 -0.0039263
-2.80876 40.0204 5.46126 0.262107 -0.965037 -0.00207628
-2.14475 40.2039 4.51659 0.264239 -0.964454 -0.00235251
-2.17506 40.1993 3.01305 0.26317 -0.964747 -0.00156266
-2.16095 40.2067 1.52169 0.263502 -0.964657 -0.00187699
-2.16241 40.2063 1.47095 0.263546 -0.964646 -0.00106492
-0.994985 40.5289 1.20262 0.269355 -0.963041 0.000633878
-0.994704 40.5265 2.61494 0.27003 -0.96285 -0.00213917
-0.955115 40.5334 4.15176 0.266606 -0.963804 -0.00172772
-0.990932 40.521 5.63712 0.266273 -0.963896 -0.0017827
-1.51327 40.374 6.66696 0.269941 -0.962868 -0.00408204
-2.91347 39.9863 6.69907 0.264004 -0.964483 -0.00801969
-4.13211 39.6588 6.70898 0.256704 -0.966484 -0.0034675
-5.31348 39.349 6.70921 0.248921 -0.968494 -0.00750976
-6.6366 39.0132 6.67679 0.244022 -0.969759 -0.00456142
-7.82851 38.7176 6.71784 0.238013 -0.971254 -0.00394037
-9.17268 38.3903 6.68078 0.234475 -0.972119 -0.00243003
-10.7334 38.0141 6.70419 0.232878 -0.972489 -0.00577772
-11.9316 37.7308 6.73371 0.227159 -0.973848 -0.00423473
-13.3758 37.3984 6.59029 0.221612 -0.975106 -0.0075007
-13.6414 37.3455 5.09382 0.221223 -0.975221 0.00223896
-13.6475 37.3413 3.82795 0.222217 -0.974995 0.00203968
-13.5941 37.3518 2.40754 0.222089 -0.975026 -0.000128397
-13.5492 37.3621 0.863619 0.222996 -0.974819 0.000160912
-13.6152 37.3471 -0.599063 0.222545 -0.974918 0.00174132
-13.6201 37.3546 -2.03539 0.226012 -0.974038 -0.012684
-13.5403 37.386 -3.27469 0.216086 -0.976362 -0.00486598
-13.6673 37.3528 -4.63398 0.224103 -0.974538 0.00680456
-13.6201 37.3587 -5.87744 0.224303 -0.97451 0.00415341
-12.6763 37.5755 -6.72645 0.226852 -0.973929 -5.44912e-05
-11.2477 37.9086 -6.75893 0.228643 -0.973507 0.00237874
-9.94248 38.2165 -6.71973 0.231434 -0.972844 0.00346445
-8.71286 38.5116 -6.7301 0.235582 -0.971843 0.00482078
-7.34975 38.847 -6.74408 0.242108 -0.970229 0.00634832
-5.82972 39.2313 -6.75994 0.249347 -0.968411 0.00266567
-4.62977 39.5435 -6.72854 0.255185 -0.966885 0.00366219
-3.42215 39.865 -6.73567 0.260048 -0.965584 0.00432166
-2.06704 40.2328 -6.67991 0.263093 -0.964749 0.00598508
-1.04383 40.5211 -6.1807 0.273448 -0.961885 0.00123151
-0.969294 40.5398 -4.96231 0.270803 -0.962624 -0.00450272
-0.967312 40.537 -3.53651 0.265972 -0.96398 -0.000902395
-0.961006 40.5395 -2.31216 0.266741 -0.963768 0.000279725
-0.984962 40.5318 -0.92739 0.26674 -0.963765 -0.00231739
-0.961942 40.5379 0.585335 0.267253 -0.963626 0.000226185
-0.986596 40.5311 1.08503 0.267216 -0.963637 0.000353004
