35.3458 41.8747 3.29902 -0.273467 -0.961881 7.3126e-06
35.2798 41.8936 2.30999 -0.274178 -0.961679 6.82674e-05
35.2444 41.9036 1.35658 -0.272791 -0.962071 -0.00193428
35.2477 41.9043 0.237712 -0.274094 -0.961702 -0.00141625
35.2787 41.8961 -0.797812 -0.272806 -0.962069 -0.000251923
35.2301 41.9097 -1.99666 -0.273893 -0.96176 0.000141961
35.1739 41.9253 -3.0471 -0.274191 -0.961675 0.00049815
35.169 41.9266 -3.24222 -0.27429 -0.961647 0.000601064
34.3358 42.1621 -3.25963 -0.270214 -0.9628 -0.00110431
34.3767 42.1506 -2.16147 -0.270507 -0.962718 0.000596572
34.4125 42.1405 -1.23543 -0.269998 -0.962861 -0.000117632
34.428 42.1354 0.00455225 -0.268439 -0.963296 -0.00071154
34.4164 42.1382 0.991575 -0.2691 -0.963112 -0.000358639
34.4345 42.1326 2.23716 -0.26998 -0.962866 -0.000168404
34.4765 42.1212 3.34035 -0.268469 -0.963288 0.000284824
34.4885 42.1179 3.52437 -0.270158 -0.962813 -0.000823365
33.629 42.3569 3.38711 -0.2675 -0.963558 2.82613e-05
33.5647 42.3747 2.02715 -0.266558 -0.963819 -0.000179348
33.5541 42.3777 1.08688 -0.266325 -0.963883 -0.000649139
33.5909 42.3682 -0.166457 -0.266709 -0.963777 -3.45423e-05
33.5741 42.3739 -1.13248 -0.267314 -0.963609 -0.000288903
33.5256 42.3877 -2.17338 -0.267656 -0.963514 -0.000215215
33.4748 42.4026 -3.13353 -0.267675 -0.963509 -0.000852179
33.4667 42.4046 -3.56014 -0.267868 -0.963455 0.000865702
32.6013 42.6435 -3.57184 -0.263334 -0.964705 0.000182927
32.6599 42.6265 -2.51059 -0.263865 -0.96456 -0.000454222
32.7181 42.61 -1.37259 -0.264875 -0.964283 -0.000483299
32.7367 42.6041 -0.134868 -0.264507 -0.964382 -0.00157459
32.704 42.6122 0.922266 -0.264939 -0.964265 -0.000450388
32.7154 42.6089 1.88439 -0.265089 -0.964224 -0.000350693
32.7365 42.6035 2.83799 -0.263871 -0.964557 0.000137158
32.7863 42.5897 3.5387 -0.264847 -0.964289 -0.00106851
31.8985 42.8315 3.44563 -0.262459 -0.964943 -0.000491361
31.8594 42.8425 2.18653 -0.26112 -0.965306 -0.000485329
31.8448 42.8471 0.973472 -0.261756 -0.965133 -0.0011299
31.8672 42.8419 -0.0375196 -0.26181 -0.965119 -0.000253283
31.8923 42.8345 -1.15814 -0.261425 -0.965223 -0.000764195
31.8316 42.8523 -2.13806 -0.261309 -0.965255 -0.00101699
31.76 42.8723 -3.23123 -0.261636 -0.965167 -5.74658e-05
31.7488 42.8753 -3.41345 -0.261692 -0.965151 4.81981e-06
30.8799 43.1095 -3.51284 -0.260063 -0.965591 9.62882e-05
30.9371 43.0938 -2.54479 -0.25925 -0.96581 -0.000567038
31.022 43.0699 -1.58993 -0.259923 -0.965628 -0.00177376
31.041 43.0646 -0.644684 -0.2602 -0.965554 0.000532905
31.0052 43.0741 0.467043 -0.259811 -0.965659 -0.00067075
30.9841 43.079 1.55502 -0.259461 -0.965753 -0.000547986
31.0128 43.0708 2.74188 -0.259313 -0.965793 -0.000231169
31.0332 43.0653 3.48537 -0.260115 -0.965578 0.000309497
30.1604 43.2995 3.43542 -0.258079 -0.966124 0.000306627
30.155 43.3007 2.37823 -0.258082 -0.966123 -0.000135244
30.1151 43.312 1.20447 -0.257529 -0.96627 -0.000598805
30.14 43.3062 0.265306 -0.258231 -0.966083 -0.000168485
30.2006 43.2897 -0.75923 -0.257956 -0.966157 -4.05924e-05
30.1586 43.3012 -1.68671 -0.257187 -0.966361 -0.00138207
30.0599 43.3286 -2.63602 -0.256797 -0.966465 -0.000897004
30.0229 43.3393 -3.52416 -0.257482 -0.966283 -0.000981808
29.1452 43.5726 -3.59912 -0.255898 -0.966702 -0.00187255
29.219 43.5515 -2.42587 -0.256226 -0.966616 -0.0010592
29.3387 43.5191 -1.33729 -0.256893 -0.96644 -0.000449925
29.3147 43.5252 -0.208628 -0.255916 -0.966699 -0.000176116
29.2402 43.5446 0.866672 -0.255994 -0.966678 -0.000459281
29.2809 43.5337 1.86189 -0.256353 -0.966583 0.000249523
29.2893 43.5315 2.9023 -0.256961 -0.966422 -0.000253638
29.2964 43.5293 3.60329 -0.256343 -0.966586 0.00035492
28.4279 43.7593 3.33245 -0.254778 -0.967 0.000194096
28.4475 43.7542 2.38654 -0.254656 -0.967031 -0.000607506
28.3857 43.7706 1.43162 -0.255224 -0.966882 0.000181677
28.405 43.7655 0.44155 -0.25532 -0.966857 -0.000239965
28.4863 43.7445 -0.526768 -0.254826 -0.966987 -0.000351674
28.4886 43.744 -1.45457 -0.255525 -0.966802 -0.000351296
28.3587 43.779 -2.45063 -0.255143 -0.966903 -0.000741054
28.2804 43.801 -3.58873 -0.254347 -0.967112 -0.00111909
28.2839 43.8001 -3.63632 -0.254203 -0.96715 -0.000873635
27.4107 44.0291 -3.50704 -0.253744 -0.967271 -0.00102094
27.5153 44.0009 -2.34617 -0.253855 -0.967242 -0.000618055
27.6567 43.9632 -1.39477 -0.25409 -0.967181 -0.000524387
27.6333 43.9691 -0.469506 -0.254333 -0.967117 -0.000478097
27.5479 43.9912 0.596249 -0.253552 -0.967322 -6.13228e-05
27.5616 43.9873 1.75365 -0.25344 -0.967351 -0.000871309
27.5659 43.9857 2.79052 -0.25383 -0.967249 -0.000398003
27.5407 43.9924 3.34868 -0.253755 -0.967269 0.00023302
26.6675 44.2207 3.55037 -0.252599 -0.967571 5.79751e-05
26.7541 44.1983 2.52711 -0.252449 -0.96761 -0.000219704
26.6974 44.2133 1.53707 -0.252096 -0.967702 -0.000194365
26.7265 44.2063 0.318644 -0.25256 -0.967581 -0.000330553
26.7963 44.1884 -0.671877 -0.252792 -0.96752 -0.000397544
26.7931 44.1898 -1.59774 -0.252747 -0.967532 -0.000435993
26.6203 44.2351 -2.69699 -0.252664 -0.967554 -0.000626884
26.5683 44.249 -3.24 -0.252414 -0.967619 -0.000883808
25.7922 44.4513 -3.60489 -0.251668 -0.967814 -0.000585619
25.8515 44.4353 -2.50584 -0.251687 -0.967809 -0.000447473
25.9178 44.4177 -1.53211 -0.25164 -0.967821 -0.000174645
25.912 44.4188 -0.278673 -0.251715 -0.967801 -0.000450058
25.8051 44.446 0.868581 -0.251597 -0.967832 -0.000455149
25.8524 44.4334 1.78622 -0.251627 -0.967824 -0.000109486
25.8842 44.4251 2.9656 -0.25175 -0.967792 0.000122418
25.8451 44.4353 3.19064 -0.251711 -0.967803 0.000119251
24.9838 44.6593 3.34366 -0.251297 -0.96791 0.000293009
24.9838 44.6591 2.29837 -0.25149 -0.96786 -6.12815e-05
24.9838 44.6592 1.25888 -0.251253 -0.967921 -0.000335477
24.9838 44.6596 0.156568 -0.251132 -0.967953 -0.000424746
24.9838 44.66 -0.929175 -0.250921 -0.968007 -0.000386352
24.9838 44.6604 -1.93184 -0.250957 -0.967998 -0.000512854
24.9781 44.6623 -2.89078 -0.251139 -0.967951 -0.000469026
24.9838 44.6611 -3.43432 -0.251017 -0.967983 -0.000370348
23.8655 44.9509 -3.36963 -0.250837 -0.968029 -0.000427571
23.7699 44.9753 -2.43574 -0.250814 -0.968035 -0.000575928
24.005 44.914 -1.47617 -0.25067 -0.968072 -0.000353519
24.0037 44.9139 -0.353488 -0.250832 -0.968031 -0.000294748
23.941 44.9299 0.653203 -0.250925 -0.968007 -0.000141548
23.8938 44.942 1.61105 -0.251037 -0.967978 -0.000358802
24.143 44.8775 2.54678 -0.251124 -0.967955 0.000136108
23.8945 44.942 3.28016 -0.251064 -0.967971 0.000149802
23.013 45.1706 3.38747 -0.251105 -0.96796 0.000140708
23.0878 45.151 2.30862 -0.251016 -0.967983 9.5427e-05
22.936 45.1905 1.26915 -0.251091 -0.967963 -9.05096e-05
22.874 45.2067 0.343211 -0.250888 -0.968016 -0.000209672
23.077 45.1543 -0.775741 -0.250932 -0.968005 -0.000245508
23.1052 45.1473 -1.69487 -0.250961 -0.967997 -0.000451026
22.8508 45.2135 -2.68825 -0.250632 -0.968082 -0.000331024
22.8826 45.2057 -3.56053 -0.250909 -0.968011 -0.000383793
21.9496 45.4473 -3.16159 -0.250881 -0.968018 -0.000353611
22.0464 45.4219 -2.22023 -0.250886 -0.968017 -0.000324347
22.1815 45.3866 -1.28002 -0.25103 -0.967979 -0.000188009
22.0384 45.4234 -0.305241 -0.251001 -0.967987 -0.000381651
21.9537 45.4451 0.615888 -0.251113 -0.967958 -0.00017161
22.0354 45.4238 1.59221 -0.25096 -0.967998 -8.20864e-05
22.1667 45.3898 2.79986 -0.251037 -0.967978 6.19685e-05
22.1391 45.397 3.34543 -0.250938 -0.968003 0.000140621
21.2544 45.6264 3.25956 -0.251155 -0.967947 8.1062e-05
21.207 45.6387 2.25784 -0.251233 -0.967927 -8.52496e-05
21.1191 45.6615 1.32043 -0.25122 -0.96793 -0.00024592
21.0781 45.6724 0.231305 -0.251183 -0.96794 -0.000141426
21.1826 45.6455 -0.88257 -0.250974 -0.967994 -0.000253538
21.2064 45.6396 -1.93812 -0.251097 -0.967962 -0.000172771
21.1051 45.6662 -2.96276 -0.251012 -0.967984 -0.000347922
21.1025 45.6669 -3.27105 -0.251074 -0.967968 -0.000301996
20.2673 45.8837 -3.50543 -0.251107 -0.967959 -0.000126031
20.2746 45.8815 -2.24478 -0.25106 -0.967971 -0.000170951
20.3004 45.8746 -1.26604 -0.251149 -0.967948 -0.000299618
20.2154 45.8963 -0.218018 -0.25143 -0.967875 -0.000188686
20.198 45.9008 0.793944 -0.251337 -0.9679 -9.32815e-05
20.2648 45.8833 1.82231 -0.251374 -0.96789 -0.000118345
20.3439 45.8626 2.86745 -0.25133 -0.967901 -0.00015974
20.3604 45.8584 3.35328 -0.251289 -0.967912 0.000206575
19.48 46.0872 3.56722 -0.251587 -0.967835 4.50107e-05
19.4235 46.1018 2.49286 -0.251526 -0.967851 8.41832e-05
19.3467 46.1217 1.35199 -0.251282 -0.967914 -7.54313e-05
19.3157 46.13 0.189768 -0.251314 -0.967906 -6.22423e-05
19.3954 46.1094 -1.05492 -0.251341 -0.967899 -0.000158852
19.3969 46.1093 -2.00321 -0.2514 -0.967883 -8.62574e-05
19.3954 46.1099 -3.12944 -0.251339 -0.967899 -0.000150979
19.4152 46.1048 -3.65848 -0.25128 -0.967914 -4.7517e-05
18.5459 46.3306 -3.60543 -0.251368 -0.967892 -0.000171575
18.5262 46.3356 -2.51991 -0.251673 -0.967812 -0.000217376
18.5244 46.3359 -1.57144 -0.251721 -0.9678 -0.000292561
18.4547 46.3539 -0.398664 -0.251664 -0.967815 -0.000100944
18.4433 46.3567 0.6726 -0.251735 -0.967796 -9.46876e-05
18.5056 46.3404 1.90198 -0.25163 -0.967824 -6.60544e-05
18.5732 46.3229 2.93099 -0.251686 -0.967809 -4.73894e-05
18.6084 46.3137 3.55446 -0.251532 -0.967849 9.10523e-05
17.7379 46.5402 3.54468 -0.251758 -0.96779 -1.81347e-05
17.6695 46.5579 2.56604 -0.251934 -0.967744 0.000212884
17.6236 46.57 1.63299 -0.252054 -0.967713 0.00015903
17.5903 46.5787 0.608131 -0.25194 -0.967743 -0.000244613
17.6255 46.5696 -0.562967 -0.251738 -0.967795 -0.00015498
17.6411 46.5658 -1.63411 -0.251957 -0.967738 -0.000205169
17.6545 46.5624 -2.83427 -0.251798 -0.96778 -0.000220505
17.6866 46.554 -3.43176 -0.251818 -0.967775 -0.000122432
16.8305 46.7769 -3.5605 -0.251847 -0.967767 -2.97067e-05
16.7935 46.7864 -2.49484 -0.251915 -0.967749 -0.000106001
16.7715 46.792 -1.27953 -0.251927 -0.967746 -7.20835e-05
16.7486 46.7978 -0.281947 -0.252075 -0.967708 9.5013e-05
16.7284 46.8031 0.781025 -0.25205 -0.967714 4.16787e-05
16.7754 46.7908 1.74535 -0.25209 -0.967704 -8.32132e-06
16.821 46.779 2.79016 -0.252025 -0.967721 0.000194362
16.8588 46.7691 3.42478 -0.252088 -0.967704 4.73546e-05
15.9901 46.9954 3.5126 -0.252078 -0.967707 -9.39573e-05
15.9263 47.0121 2.49368 -0.252093 -0.967703 -5.18259e-05
15.8863 47.0223 1.54113 -0.2522 -0.967675 9.40511e-05
15.871 47.0264 0.430845 -0.25222 -0.96767 4.26733e-05
15.8916 47.0211 -0.749673 -0.252116 -0.967697 -1.20815e-05
15.9238 47.0128 -1.71438 -0.252036 -0.967718 -6.51858e-05
15.9332 47.0104 -2.64901 -0.25184 -0.967769 -0.000297709
15.9822 46.9978 -3.57967 -0.251955 -0.967739 0.000118679
15.136 47.2182 -3.43877 -0.252053 -0.967713 -7.19092e-05
15.091 47.2298 -2.47111 -0.252106 -0.9677 -2.89891e-05
15.0756 47.2337 -1.43513 -0.252139 -0.967691 -0.000147716
15.0189 47.2485 -0.318539 -0.252154 -0.967687 -2.75066e-05
14.9989 47.2535 0.909842 -0.252118 -0.967697 -7.92741e-05
15.0396 47.243 1.91261 -0.25225 -0.967662 5.44733e-05
15.0862 47.2309 2.95223 -0.252191 -0.967677 -7.36412e-05
15.1093 47.2249 3.49631 -0.252223 -0.967669 -3.06718e-05
18.112 46.4435 -4.73005 -0.251646 -0.967819 -4.65129e-05
19.2312 46.1528 -4.7398 -0.251272 -0.967917 -0.000122494
20.2927 45.8773 -4.68053 -0.250887 -0.968016 -0.000283792
21.4851 45.5681 -4.70854 -0.250751 -0.968052 -0.000406641
22.5556 45.2908 -4.65084 -0.250637 -0.968081 -0.000403796
23.6196 45.0152 -4.6361 -0.250702 -0.968064 -0.000558831
24.7872 44.7127 -4.68795 -0.250961 -0.967997 -0.00049257
25.8397 44.4397 -4.68787 -0.251238 -0.967925 -0.000649444
27.0711 44.1189 -4.68378 -0.253026 -0.967459 -0.000904378
28.3086 43.7944 -4.69619 -0.254403 -0.967098 -0.00056555
29.4852 43.4836 -4.7331 -0.25666 -0.966501 -0.0010561
30.5997 43.1858 -4.66906 -0.259193 -0.965825 -0.00059669
31.628 42.9084 -4.65876 -0.261817 -0.965117 0.000303483
32.9044 42.56 -4.677 -0.265575 -0.96409 -0.000113848
33.9583 42.2677 -4.65759 -0.269097 -0.963113 0.000335217
35.0358 41.9646 -4.67305 -0.273162 -0.961968 0.000333974
36.2133 41.6273 -4.59333 -0.276896 -0.9609 -0.000754679
36.4512 41.5583 -3.40209 -0.278517 -0.960431 -0.000268988
36.4965 41.5456 -2.3155 -0.278506 -0.960433 0.00142916
36.49 41.5495 -1.18282 -0.278126 -0.960543 0.00177766
36.4673 41.5561 -0.0426261 -0.275983 -0.961162 -0.0013671
36.4468 41.5605 1.03218 -0.275636 -0.961261 -0.00126848
36.4578 41.5563 2.36495 -0.275601 -0.961272 -0.000430863
36.4621 41.5549 3.4935 -0.277381 -0.96076 -6.15843e-05
36.1952 41.6317 4.59715 -0.277647 -0.960683 -0.000917585
34.9573 41.9849 4.68854 -0.27135 -0.962481 -0.000203522
33.9056 42.2799 4.64442 -0.268193 -0.963365 -0.000210792
32.7115 42.6097 4.58741 -0.264221 -0.964461 -0.000448652
31.2993 42.9931 4.67551 -0.260807 -0.965391 0.000802395
30.2504 43.2752 4.71854 -0.258907 -0.965902 -2.96337e-05
29.1911 43.5576 4.67366 -0.256208 -0.966621 -9.20249e-05
28.1238 43.8395 4.62174 -0.254879 -0.966973 0.00058016
26.9474 44.1482 4.63238 -0.252969 -0.967474 0.000690674
25.7848 44.4515 4.65498 -0.251769 -0.967787 0.000525492
24.372 44.8184 4.51992 -0.251069 -0.967969 0.00032121
23.0485 45.1617 4.52795 -0.250901 -0.968013 0.000181025
21.847 45.473 4.55743 -0.251026 -0.96798 0.000157748
20.776 45.7507 4.6183 -0.251062 -0.967971 0.000155221
19.722 46.0244 4.65519 -0.251283 -0.967914 8.07643e-05
18.6755 46.2964 4.67934 -0.251716 -0.967801 0.000141019
17.3561 46.6398 4.70644 -0.25199 -0.96773 -6.11122e-05
16.0177 46.9882 4.68129 -0.252083 -0.967706 -0.000101373
14.9621 47.2633 4.68844 -0.252159 -0.967686 0.000173638
13.6602 47.6026 4.60884 -0.252227 -0.967668 3.5628e-05
13.3025 47.6958 3.60735 -0.252103 -0.9677 9.14254e-05
13.2855 47.7002 2.42121 -0.252278 -0.967655 -4.88784e-05
13.2823 47.7011 1.07221 -0.252062 -0.967711 -7.39583e-06
13.3081 47.6944 -0.0303401 -0.252259 -0.96766 1.94102e-05
13.2879 47.6997 -1.15179 -0.252352 -0.967636 -5.24956e-05
13.3039 47.6956 -2.50124 -0.252177 -0.967681 3.49886e-05
13.328 47.6893 -3.91666 -0.252249 -0.967662 7.11515e-05
13.9396 47.5299 -4.58216 -0.252152 -0.967688 1.92181e-05
15.0587 47.2383 -4.63553 -0.252049 -0.967715 -2.30063e-05
16.2471 46.9287 -4.64456 -0.2521 -0.967701 5.30794e-05
17.4025 46.6281 -4.67192 -0.251734 -0.967796 -1.61393e-05
17.9086 46.4964 -4.70925 -0.251746 -0.967793 1.33527e-05
17.8453 46.513 -5.78008 -0.251702 -0.967805 -6.13003e-05
18.9775 46.2188 -5.82624 -0.251308 -0.967907 -4.4976e-05
20.2419 45.8907 -5.74876 -0.250956 -0.967998 -0.000166064
21.5038 45.5636 -5.79328 -0.25079 -0.968042 -0.000364773
22.6979 45.2544 -5.71708 -0.25066 -0.968075 -0.000246499
23.8048 44.9679 -5.71326 -0.250742 -0.968054 -0.000684842
24.9235 44.6782 -5.76154 -0.250712 -0.968061 -0.000821981
25.9953 44.4001 -5.76984 -0.251501 -0.967857 -0.000954203
27.1092 44.1099 -5.74053 -0.252744 -0.967533 -0.000810533
28.2361 43.8143 -5.76147 -0.254118 -0.967173 -0.000907222
29.3476 43.5212 -5.76951 -0.25652 -0.966538 -0.000952051
30.5003 43.2138 -5.74209 -0.259178 -0.965827 -0.00235386
31.5976 42.9173 -5.70391 -0.261771 -0.965128 -0.0019373
32.6916 42.6191 -5.74016 -0.264915 -0.964271 -0.00144042
33.9318 42.2758 -5.71396 -0.268011 -0.963414 -0.0011242
35.0897 41.9498 -5.74614 -0.272356 -0.962194 -0.00241317
36.3095 41.6005 -5.74696 -0.278312 -0.960489 -0.00148143
37.2862 41.3143 -5.58923 -0.28415 -0.958779 -0.00123201
37.4684 41.2598 -4.51279 -0.283775 -0.958891 0.000773955
37.5042 41.2498 -3.34647 -0.282875 -0.959157 0.000245768
37.5187 41.2474 -2.2889 -0.281941 -0.959428 0.00249268
37.5161 41.2507 -1.20014 -0.281464 -0.95957 0.00201667
37.4903 41.2599 -0.0678803 -0.281673 -0.95951 2.68874e-07
37.468 41.2657 1.1285 -0.279782 -0.960063 -0.000741082
37.4916 41.257 2.26492 -0.279653 -0.960099 -0.00121818
37.4956 41.2548 3.31878 -0.280323 -0.959906 0.000125407
37.4616 41.2642 4.42873 -0.281208 -0.959646 -0.00102509
37.2786 41.3179 5.597 -0.279863 -0.96004 0.000221487
36.1417 41.6475 5.72297 -0.276336 -0.96106 0.00109428
35.0323 41.9645 5.74713 -0.272693 -0.962101 0.000795578
33.9708 42.2625 5.70547 -0.269431 -0.963019 0.00135221
32.8098 42.5828 5.65929 -0.264559 -0.964369 0.000493991
31.3789 42.9725 5.71258 -0.261035 -0.965329 0.000831955
30.3012 43.2618 5.75408 -0.257995 -0.966146 0.000599185
29.2327 43.5464 5.74283 -0.256053 -0.966663 0.000242659
27.9991 43.8725 5.67594 -0.254396 -0.9671 9.09661e-05
26.765 44.1965 5.74015 -0.253124 -0.967434 0.000359505
25.6109 44.4973 5.72904 -0.251864 -0.967762 0.00060368
24.5651 44.7689 5.63903 -0.251069 -0.967969 0.000727298
23.4252 45.0644 5.63629 -0.250755 -0.968051 0.000398338
22.3197 45.3507 5.64164 -0.250882 -0.968018 0.000275064
21.1075 45.6649 5.65467 -0.25112 -0.967956 0.00016047
19.9184 45.9736 5.70688 -0.251266 -0.967918 3.95465e-06
18.6864 46.2936 5.72453 -0.251764 -0.967789 6.82502e-05
17.5981 46.5767 5.75303 -0.251897 -0.967754 -0.000123372
16.4214 46.8831 5.75979 -0.252 -0.967727 -3.93231e-05
15.3325 47.1667 5.75655 -0.252062 -0.967711 -5.24135e-05
14.1861 47.4655 5.74498 -0.252258 -0.96766 7.85578e-05
12.8891 47.8037 5.68336 -0.252296 -0.96765 -5.05117e-05
12.2891 47.9601 5.00274 -0.252371 -0.967631 -6.06999e-05
12.2801 47.9625 3.91066 -0.252501 -0.967597 -8.09491e-06
12.2667 47.966 2.67845 -0.252231 -0.967667 -3.86905e-06
12.2709 47.9648 1.2885 -0.25244 -0.967612 5.08936e-05
12.3109 47.9544 0.0589923 -0.252327 -0.967642 -0.000106885
12.2824 47.9618 -1.22296 -0.252299 -0.967649 -4.72989e-05
12.2701 47.965 -2.33039 -0.252222 -0.967669 3.01969e-05
12.2603 47.9677 -3.50785 -0.252308 -0.967647 3.06733e-05
12.3021 47.9568 -4.60271 -0.252351 -0.967636 2.01969e-05
12.4041 47.9302 -5.67081 -0.252317 -0.967645 3.77744e-05
13.4436 47.6592 -5.75282 -0.252113 -0.967698 9.802e-05
14.8356 47.2965 -5.72691 -0.252145 -0.967689 -5.52654e-05
15.8625 47.029 -5.70429 -0.252062 -0.967711 -6.24279e-06
17.1575 46.6919 -5.70509 -0.251841 -0.967769 -7.0617e-05
17.6588 46.5615 -5.75122 -0.251769 -0.967787 -8.44074e-05
17.5168 46.5984 -6.77685 -0.251353 -0.967896 9.87887e-05
18.5779 46.3226 -6.85241 -0.251414 -0.96788 0.000165289
19.6136 46.0537 -6.82494 -0.250748 -0.968052 0.000137823
20.6759 45.7785 -6.8213 -0.250755 -0.968051 -0.000300242
21.6988 45.5136 -6.87708 -0.250698 -0.968065 -0.000197209
22.8671 45.2111 -6.81871 -0.250584 -0.968095 -0.000151741
24.0584 44.9028 -6.82562 -0.2504 -0.968142 -0.000439
25.1815 44.6124 -6.81945 -0.250659 -0.968075 -0.00117644
26.3894 44.2988 -6.8232 -0.251965 -0.967735 -0.00129821
27.8665 43.9131 -6.79944 -0.253389 -0.967362 -0.00201433
29.0278 43.6081 -6.81923 -0.255735 -0.966744 -0.00230683
30.1789 43.3017 -6.82658 -0.256836 -0.96645 -0.00295683
31.5395 42.9355 -6.7648 -0.260968 -0.965341 -0.00352522
32.7714 42.5997 -6.81246 -0.266184 -0.963915 -0.00372489
34.0695 42.2407 -6.79265 -0.26693 -0.963706 -0.00443974
35.2227 41.915 -6.78984 -0.273118 -0.961973 -0.00370354
36.3584 41.5894 -6.80142 -0.280197 -0.959931 -0.00443427
37.4662 41.2638 -6.80849 -0.281765 -0.959475 -0.00409048
38.461 40.9662 -6.56467 -0.287248 -0.95785 -0.00303247
38.5704 40.9317 -5.4908 -0.286475 -0.958088 -0.00015989
38.4963 40.9539 -4.39121 -0.286581 -0.958056 0.00085305
38.5431 40.942 -3.21633 -0.285211 -0.958463 0.00186224
38.5355 40.9476 -2.10915 -0.285684 -0.958313 0.00442252
38.5334 40.9525 -0.832703 -0.281628 -0.959522 0.001619
38.5054 40.9618 0.27502 -0.281839 -0.959462 -3.29055e-05
38.4914 40.9649 1.52077 -0.282202 -0.959354 -0.00119903
38.5345 40.9511 2.70092 -0.282209 -0.959353 -0.000586906
38.484 40.9653 3.84061 -0.28204 -0.959402 -0.000674673
38.4946 40.9609 4.99882 -0.282533 -0.959257 -0.000225488
38.4524 40.9744 6.47042 -0.284342 -0.95872 0.0020121
37.4881 41.2598 6.77214 -0.279886 -0.960022 0.00433636
36.3393 41.5927 6.77909 -0.277632 -0.960684 0.00247428
34.9075 42.001 6.80475 -0.271993 -0.962297 0.00173314
33.7728 42.3194 6.73611 -0.269299 -0.963055 0.00168165
32.6914 42.6166 6.74724 -0.264429 -0.964404 0.00151988
31.4047 42.9666 6.76482 -0.259637 -0.965705 0.00135546
30.3221 43.2572 6.78439 -0.25835 -0.96605 0.00178509
29.1419 43.5714 6.80146 -0.256118 -0.966645 0.00126162
28.0061 43.8718 6.72349 -0.2545 -0.967071 0.00160707
26.7439 44.2029 6.80981 -0.25296 -0.967475 0.00167578
25.3328 44.5705 6.80836 -0.25169 -0.967807 0.00115109
24.0757 44.8966 6.7341 -0.250586 -0.968094 0.000778962
22.878 45.2065 6.75593 -0.250534 -0.968108 0.000229736
21.7745 45.4922 6.72172 -0.250882 -0.968018 -0.000111554
20.6882 45.7739 6.76084 -0.250999 -0.967987 -5.71731e-05
19.6367 46.0468 6.77314 -0.25133 -0.967901 7.65668e-05
18.5446 46.3304 6.7975 -0.251481 -0.967862 -0.000187392
17.5163 46.5978 6.81605 -0.251817 -0.967775 2.01314e-05
16.4377 46.8787 6.8009 -0.252004 -0.967726 -0.000219267
15.1062 47.2256 6.77261 -0.252313 -0.967646 -0.00014904
13.7871 47.5694 6.80745 -0.252161 -0.967685 -0.000160406
12.7429 47.8418 6.79855 -0.252411 -0.96762 -5.64647e-05
11.6406 48.1293 6.75758 -0.252335 -0.96764 -4.70457e-05
11.2446 48.2325 5.84476 -0.252363 -0.967633 -2.37909e-05
11.2291 48.2366 4.56253 -0.252414 -0.967619 -3.12099e-05
11.2479 48.2316 3.19842 -0.252383 -0.967627 5.13939e-05
11.2427 48.233 1.99796 -0.252328 -0.967642 2.75035e-05
11.2829 48.2225 0.870696 -0.252205 -0.967674 0.00011607
11.2603 48.2283 -0.328217 -0.252325 -0.967643 -1.02757e-05
11.2502 48.231 -1.42914 -0.252335 -0.96764 3.00107e-05
11.2573 48.2291 -2.60835 -0.252375 -0.967629 -3.97073e-05
11.2292 48.2365 -3.73603 -0.252333 -0.96764 -7.49153e-05
11.2197 48.239 -4.92915 -0.252303 -0.967648 0.000120491
11.2714 48.2255 -6.19313 -0.25237 -0.967631 -9.29363e-06
12.0029 48.0347 -6.84202 -0.252376 -0.967629 -6.26161e-05
13.0717 47.7561 -6.84737 -0.252236 -0.967666 9.08584e-05
14.1212 47.4825 -6.80782 -0.252153 -0.967687 -6.88262e-05
15.4282 47.1421 -6.80217 -0.252017 -0.967723 3.88842e-05
16.4928 46.8649 -6.82089 -0.25208 -0.967706 -0.000128275
17.3781 46.6344 -6.74832 -0.251618 -0.967827 4.76459e-05
