-4.33067 40.1529 1.32512 0.253224 -0.967406 -0.00168789
-4.34658 40.1501 0.683287 0.253488 -0.967338 -0.0013235
-4.79817 40.0265 3.52922 0.255258 -0.966869 -0.00262515
-4.8255 40.0222 2.33127 0.253874 -0.967235 -0.00173829
-5.14769 39.9396 1.14546 0.253208 -0.967411 -0.00133321
-4.94526 39.9939 -0.12659 0.253024 -0.96746 -0.000262713
-4.86326 40.0152 -1.37611 0.251536 -0.967847 0.000769936
-4.90299 40.0049 -2.68497 0.251646 -0.967819 0.000207628
-4.85392 40.0172 -3.54712 0.251637 -0.967821 0.000684408
-5.67708 39.8034 -3.59876 0.250168 -0.968202 0.000351121
-5.70002 39.798 -2.38297 0.250205 -0.968192 -7.98688e-05
-5.66217 39.808 -1.24418 0.250455 -0.968128 0.000209756
-5.66301 39.8064 -0.120861 0.251879 -0.967758 -0.000957485
-5.90638 39.7432 1.05016 0.248042 -0.968749 -0.00087859
-5.56871 39.828 2.34608 0.252253 -0.967657 -0.00283299
-5.56539 39.8267 3.40095 0.250868 -0.968018 -0.00242089
-6.3757 39.6191 3.3661 0.246282 -0.969195 -0.00264539
-6.34009 39.6302 2.20034 0.247036 -0.969005 -0.00140733
-6.66092 39.5507 1.12251 0.246629 -0.969108 -0.00145104
-6.38098 39.6224 0.006764 0.247595 -0.968863 -0.000745599
-6.47312 39.6003 -1.18478 0.247325 -0.968932 -0.000649716
-6.5321 39.5847 -2.37612 0.247291 -0.968941 0.000230822
-6.54542 39.5821 -3.49783 0.246674 -0.969098 6.77107e-05
-7.42603 39.3591 -3.70288 0.24437 -0.969682 3.15867e-05
-7.42484 39.3595 -2.55514 0.243024 -0.97002 0.000783908
-7.39217 39.3675 -1.21227 0.243976 -0.969781 -0.000553467
-7.22783 39.4077 -0.0811273 0.243776 -0.969831 -0.000525634
-7.44147 39.3532 0.944029 0.243783 -0.969829 -0.000800264
-7.2517 39.3991 2.16319 0.245061 -0.969506 -0.00179951
-7.37852 39.3652 3.3921 0.242677 -0.970105 -0.00197082
-8.22853 39.1528 3.38986 0.2414 -0.970424 -0.00175268
-8.23259 39.1539 1.82791 0.24199 -0.970278 -0.00101189
-8.23331 39.1553 0.692725 0.240367 -0.97068 -0.00209441
-8.22853 39.1585 -0.598375 0.240734 -0.97059 -0.00120455
-8.22395 39.1606 -1.79082 0.240148 -0.970736 -0.000520858
-8.24812 39.1548 -3.01176 0.241095 -0.970501 -0.000377331
-8.2788 39.1473 -3.59204 0.239659 -0.970857 -0.000105188
-9.10926 38.9427 -3.65393 0.238303 -0.971189 -0.0012024
-9.24371 38.9095 -2.36759 0.2367 -0.971582 -0.000630233
-9.21538 38.9151 -0.93866 0.238472 -0.971148 -0.00149687
-9.12663 38.9352 0.353479 0.239314 -0.970941 -0.00140035
-9.08889 38.9419 1.58747 0.239065 -0.971002 -0.00154177
-9.06678 38.9462 2.7292 0.23934 -0.970936 -0.000522894
-9.11441 38.933 3.64271 0.238704 -0.971089 -0.00228496
-9.92438 38.7358 3.39429 0.235618 -0.971845 -0.00127084
-9.91539 38.7393 2.06445 0.236737 -0.971573 -0.00106523
-9.95169 38.7318 0.888876 0.236137 -0.971717 -0.00183449
-10.0387 38.7125 -0.30572 0.236471 -0.971636 -0.00201313
-10.0268 38.718 -1.51094 0.236146 -0.971714 -0.00248875
-9.95368 38.7372 -2.69186 0.235629 -0.971843 -0.000709156
-9.81474 38.7714 -3.49819 0.234717 -0.972063 -0.000772135
-10.6335 38.5743 -3.55664 0.232945 -0.972488 -0.00193982
-10.7733 38.5391 -2.42744 0.233762 -0.972293 -0.00158702
-10.8415 38.5213 -1.29309 0.232339 -0.972634 -0.00122503
-10.8593 38.5145 -0.0989625 0.232338 -0.972634 -0.00173122
-10.7424 38.5401 1.43829 0.233874 -0.972266 -0.0015674
-10.707 38.5474 2.80074 0.233497 -0.972357 -0.00101491
-10.6878 38.5517 3.352 0.233783 -0.972289 -0.000548929
-12.4881 38.1354 -3.64465 0.227931 -0.973676 -0.0015884
-12.4752 38.1363 -2.33382 0.228974 -0.97343 -0.00202741
-12.4868 38.1308 -1.15836 0.227549 -0.973758 -0.00358666
-12.5103 38.1225 0.168174 0.229511 -0.973306 -0.000752329
-12.5158 38.1201 1.30642 0.227677 -0.973736 -0.00133548
-12.5394 38.1143 2.53812 0.228138 -0.973629 -0.000236069
-12.4951 38.1238 3.85052 0.228236 -0.973606 0.000239125
-11.9432 38.2531 4.60911 0.228725 -0.973489 -0.00189442
-10.7 38.5484 4.65532 0.232446 -0.972608 -0.00177158
-9.3526 38.8732 4.67574 0.237665 -0.971347 -0.00110141
-7.96609 39.2148 4.69209 0.241249 -0.970459 -0.00294475
-6.79583 39.5082 4.69823 0.245233 -0.969459 -0.0030259
-5.63743 39.8039 4.66676 0.250643 -0.968072 -0.00324327
-4.596 40.0757 4.67342 0.253782 -0.967255 -0.0035173
-3.34826 40.4078 4.41061 0.257044 -0.966395 -0.00279566
-3.26929 40.4336 3.01799 0.26156 -0.965178 -0.00408893
-3.32915 40.4201 1.92621 0.260583 -0.965449 -0.00200365
-3.30114 40.4298 0.854458 0.262024 -0.96506 -0.00170906
-3.24559 40.4463 -0.400653 0.260425 -0.965494 0.0003908
-3.30882 40.4298 -1.7784 0.261616 -0.965171 -0.00102511
-3.30868 40.4285 -3.09515 0.260997 -0.965339 0.00124792
-3.38476 40.4085 -4.31591 0.259977 -0.965614 -0.0012293
-4.27824 40.1692 -4.66955 0.258274 -0.966071 -0.000611791
-5.63196 39.814 -4.70578 0.251682 -0.96781 3.15279e-05
-6.72891 39.5348 -4.79344 0.245876 -0.969301 0.000389331
-7.80088 39.2652 -4.74492 0.240524 -0.970642 0.00129441
-9.0012 38.9694 -4.72115 0.237438 -0.971402 0.000962441
-10.2493 38.6668 -4.70424 0.233173 -0.972435 0.00030238
-11.4255 38.3871 -4.68451 0.229997 -0.973191 -0.000537291
-12.4574 38.1436 -4.26882 0.228673 -0.973502 -0.0015901
-12.4688 38.1406 -4.0237 0.228182 -0.973617 -0.00156178
-13.5383 37.89 -4.01165 0.225709 -0.974194 0.000713973
-13.4969 37.9003 -5.18799 0.229022 -0.973421 -0.000537594
-12.4034 38.1579 -5.75331 0.228886 -0.973453 -0.000762132
-11.2951 38.4187 -5.76224 0.228994 -0.973427 -0.000967692
-10.16 38.688 -5.78086 0.232213 -0.972665 0.000479135
-8.98032 38.9731 -5.75421 0.236769 -0.971563 0.00211111
-7.67469 39.2949 -5.81163 0.240962 -0.970532 0.0020138
-6.51466 39.5883 -5.83304 0.246133 -0.969228 0.00305816
-5.40251 39.8732 -5.76048 0.250923 -0.968005 0.00176282
-4.36929 40.1438 -5.72436 0.257462 -0.966286 0.00169737
-3.22504 40.4511 -5.75307 0.261594 -0.965176 0.000360366
-2.32885 40.6956 -5.25776 0.264354 -0.964426 -0.000267955
-2.31299 40.6997 -4.08158 0.264281 -0.964446 -0.000189853
-2.29822 40.7036 -3.00269 0.263439 -0.964676 0.000557327
-2.3237 40.6978 -1.85304 0.265695 -0.964056 0.000201378
-2.22131 40.7253 -0.494818 0.265007 -0.964246 -0.000489888
-2.28343 40.7075 0.763247 0.265046 -0.964235 -0.000843275
-2.30558 40.6986 2.11555 0.263363 -0.964691 -0.00323434
-2.23219 40.7154 3.32277 0.264822 -0.964295 -0.00222919
-2.25024 40.7069 4.5057 0.265112 -0.964213 -0.00299495
-2.63651 40.5975 5.62062 0.263426 -0.964674 -0.00317295
-3.8626 40.2661 5.67603 0.258443 -0.966021 -0.00326243
-4.99835 39.9665 5.72708 0.25217 -0.967673 -0.0044644
-6.04807 39.6943 5.72909 0.249067 -0.968474 -0.0048101
-7.26111 39.3875 5.725 0.24295 -0.970034 -0.00314596
-8.54518 39.0692 5.72391 0.238299 -0.971188 -0.00258557
-9.82274 38.7575 5.73705 0.235017 -0.971989 -0.00204574
-11.0049 38.474 5.70771 0.231825 -0.972756 -0.001746
-12.1444 38.204 5.72978 0.229669 -0.973269 5.28363e-05
-13.2252 37.9524 5.60906 0.225696 -0.974198 0.000119987
-13.5359 37.8802 4.49868 0.226607 -0.973986 -0.000208565
-13.5598 37.8752 3.36821 0.226676 -0.97397 -0.000629992
-13.5803 37.8714 2.17372 0.226721 -0.973959 -0.000870288
-13.5277 37.8845 1.10753 0.225841 -0.974164 -0.000950528
-13.5605 37.8781 0.0278147 0.225176 -0.974314 -0.00270765
-13.4819 37.9014 -1.29333 0.223115 -0.974785 -0.00345467
-13.5435 37.8889 -2.4431 0.223532 -0.974697 -0.000118525
-13.5526 37.8871 -3.51022 0.225768 -0.974181 -0.000714397
-13.5435 37.8891 -3.79268 0.225936 -0.974142 0.00107708
-14.5333 37.6592 -3.9943 0.225876 -0.974149 0.00356292
-14.534 37.6559 -5.09222 0.229669 -0.973269 -5.36458e-05
-14.5401 37.6552 -6.21511 0.228705 -0.973495 -0.000799279
-13.8299 37.8238 -6.80103 0.230195 -0.973143 -0.00121987
-12.5709 38.1196 -6.8226 0.227383 -0.973804 -0.00171485
-11.4913 38.3725 -6.82737 0.228593 -0.973522 0.0010767
-10.2571 38.6625 -6.85166 0.230538 -0.973054 0.00328665
-9.21967 38.9113 -6.82724 0.234859 -0.972018 0.00455794
-8.05144 39.1975 -6.81915 0.240229 -0.970704 0.00454284
-6.62846 39.5537 -6.85763 0.2451 -0.969479 0.00601567
-5.5452 39.8312 -6.81496 0.248399 -0.96863 0.00727539
-4.31361 40.1559 -6.78957 0.257786 -0.96619 0.00483064
-2.91385 40.5327 -6.83616 0.260669 -0.965425 0.00228943
-1.75639 40.8519 -6.79353 0.271131 -0.962534 0.00392589
-1.30153 40.9812 -5.86924 0.271483 -0.962443 -0.000142629
-1.30162 40.9787 -4.74983 0.266831 -0.96374 -0.00232415
-1.25266 40.9911 -3.54636 0.265097 -0.964222 0.000281952
-1.28542 40.984 -2.26298 0.266953 -0.963708 0.00179043
-1.24454 40.9945 -1.07292 0.265492 -0.964109 -0.00253535
-1.26014 40.9884 0.0767731 0.263066 -0.964778 0.000354012
-1.30823 40.9764 1.48102 0.268961 -0.963151 -0.000564047
-1.23913 40.9923 2.92015 0.266919 -0.963709 -0.0038408
-1.23823 40.987 4.03667 0.265495 -0.964109 -0.00246178
-1.23748 40.9846 5.17014 0.266328 -0.96388 -0.00223617
-1.27596 40.9717 6.24215 0.267208 -0.963637 -0.00191499
-2.13494 40.7324 6.7762 0.266511 -0.963826 -0.0031528
-3.23042 40.4313 6.76408 0.263599 -0.964621 -0.0046107
-4.3401 40.1338 6.83089 0.25716 -0.966359 -0.00438044
-5.51435 39.8255 6.7644 0.250546 -0.968073 -0.00780084
-6.93463 39.4636 6.74723 0.246147 -0.969211 -0.00638909
-8.02022 39.1942 6.77976 0.236852 -0.971539 -0.0036543
-9.07432 38.9371 6.75431 0.237315 -0.971429 -0.00281238
-10.1544 38.6752 6.79198 0.234724 -0.972058 -0.00289971
-11.2745 38.4067 6.78708 0.230539 -0.973046 -0.00545995
-12.4327 38.1342 6.79289 0.226737 -0.973953 -0.00238203
-13.4951 37.8889 6.78446 0.223548 -0.97469 -0.00217394
-14.5071 37.6579 6.13398 0.223411 -0.974724 0.000481457
-14.5294 37.6505 4.97539 0.225124 -0.974328 0.0018971
-14.5456 37.645 3.82813 0.227063 -0.973879 0.0002063
-14.5745 37.6406 2.38323 0.225595 -0.974218 -0.0022089
-14.5711 37.6426 1.27113 0.224928 -0.974375 -0.000974027
-14.5763 37.6442 0.0676619 0.226114 -0.974088 -0.00466423
-14.5214 37.664 -1.08375 0.220663 -0.975336 -0.00528998
-14.5683 37.6546 -2.24242 0.221986 -0.975049 0.00105879
-14.5619 37.6541 -3.509 0.222635 -0.974893 0.00370072
-14.5503 37.6562 -3.61592 0.224461 -0.974474 0.0038791
