35.1454 42.452 -3.41968 -0.27316 -0.961969 -0.00028188
35.1477 42.4511 -2.47294 -0.272768 -0.96208 -0.000274947
35.1647 42.4458 -1.56001 -0.27255 -0.962142 -0.000269826
35.2013 42.4351 -0.416504 -0.272514 -0.962152 -0.000389883
35.1582 42.4472 0.503414 -0.270908 -0.962605 0.000140287
35.159 42.4471 1.48336 -0.271793 -0.962355 0.000151233
35.1237 42.4571 2.44045 -0.270289 -0.962779 -0.000617094
35.1374 42.4528 3.21739 -0.270567 -0.962701 -8.64679e-05
34.2873 42.6911 3.55713 -0.268309 -0.963333 -0.000166278
34.2597 42.699 2.59756 -0.26794 -0.963435 -0.00046155
34.3202 42.6824 1.40919 -0.269296 -0.963058 -1.94072e-06
34.3196 42.6829 0.283198 -0.270134 -0.962823 -0.000666425
34.3142 42.6855 -0.986025 -0.26989 -0.96289 -0.00105983
34.2949 42.6909 -1.92102 -0.268978 -0.963146 0.000217966
34.2986 42.6906 -2.90976 -0.269147 -0.963099 0.00014486
34.2908 42.6927 -3.5586 -0.269655 -0.962957 1.63504e-05
33.4253 42.9326 -3.36266 -0.264918 -0.96427 -0.000727988
33.4265 42.9315 -2.17275 -0.265309 -0.964163 -0.000552109
33.4407 42.9272 -1.19558 -0.265179 -0.964199 1.52333e-06
33.5014 42.9103 -0.0623434 -0.266344 -0.963877 -0.000758292
33.4601 42.9214 1.05654 -0.265678 -0.964062 -7.94695e-05
33.4315 42.9295 2.01086 -0.266732 -0.963771 -8.80352e-05
33.4096 42.9351 3.07303 -0.266061 -0.963955 0.000572463
33.4178 42.9329 3.30844 -0.267254 -0.963625 -0.00106028
32.5708 43.1641 3.50696 -0.263037 -0.964785 -0.000885075
32.5288 43.1768 2.55725 -0.263156 -0.964753 -0.000671738
32.5797 43.1632 1.64956 -0.261209 -0.965282 0.000231891
32.6205 43.1511 0.644418 -0.262721 -0.964871 -0.000349009
32.631 43.149 -0.491012 -0.262879 -0.964828 0.000758855
32.5556 43.1698 -1.47964 -0.26327 -0.964721 -0.00102596
32.5761 43.1649 -2.65691 -0.26406 -0.964506 -0.000237286
32.6061 43.157 -3.68632 -0.263004 -0.964794 -0.00143433
31.7499 43.3894 -3.57792 -0.260956 -0.96535 -1.18574e-05
31.6979 43.4037 -2.46229 -0.259467 -0.965752 4.03663e-05
31.7014 43.4012 -1.51133 -0.26076 -0.965402 -0.00178595
31.7674 43.3829 -0.309834 -0.260642 -0.965436 0.000191703
31.7644 43.3839 0.623282 -0.260426 -0.965494 -0.000169089
31.7055 43.3998 1.72225 -0.261006 -0.965337 0.000248083
31.6639 43.4108 2.73579 -0.260775 -0.965399 -0.00072546
31.7021 43.4 3.20849 -0.260338 -0.965517 -0.000962927
30.8389 43.632 3.28603 -0.2588 -0.965931 -0.000745855
30.8015 43.6425 2.18723 -0.257874 -0.966179 0.000178537
30.9109 43.6133 1.03295 -0.258316 -0.96606 -8.94888e-05
30.929 43.6087 0.0447915 -0.25875 -0.965944 -0.00019376
30.8711 43.6243 -0.925757 -0.259173 -0.965831 -8.73109e-05
30.8201 43.639 -2.1068 -0.258727 -0.96595 -0.000990652
30.8616 43.6285 -3.16126 -0.259091 -0.965853 -0.000279983
30.8845 43.6223 -3.45753 -0.259192 -0.965826 -0.000270386
30.0386 43.8488 -3.55457 -0.257371 -0.966312 -0.000646169
29.9427 43.8735 -2.49756 -0.256492 -0.966546 -0.000842521
29.9696 43.8652 -1.38575 -0.257381 -0.96631 -0.000825189
30.0311 43.8486 -0.43487 -0.256924 -0.966431 -0.000681816
30.0796 43.8352 0.64735 -0.257016 -0.966407 -0.000559952
29.9542 43.8684 1.73208 -0.257592 -0.966254 7.96895e-05
29.9261 43.8758 2.87273 -0.257425 -0.966298 -5.27029e-06
29.9608 43.8664 3.41749 -0.257063 -0.966395 -0.000364282
29.1012 44.0947 3.45422 -0.256393 -0.966572 0.000109623
29.0162 44.1176 2.29794 -0.256547 -0.966532 0.000421596
29.1316 44.0865 1.37056 -0.256288 -0.9666 0.000266848
29.2169 44.0642 0.104755 -0.255898 -0.966704 -0.00046582
29.1538 44.0818 -0.933348 -0.256389 -0.966573 -0.000686889
29.0407 44.1126 -2.22876 -0.255895 -0.966704 -0.000707854
29.1168 44.0933 -3.1594 -0.256484 -0.966548 -0.0011522
29.1853 44.0756 -3.60179 -0.256409 -0.966568 -0.00092769
28.3074 44.3072 -3.34534 -0.254253 -0.967137 -0.000699001
28.1603 44.3448 -2.13298 -0.254598 -0.967047 -0.00076003
28.2666 44.3162 -1.01621 -0.254603 -0.967045 -0.000414842
28.3767 44.2865 -0.0718607 -0.255762 -0.96674 -0.000541858
28.354 44.2922 0.905851 -0.255481 -0.966814 2.42115e-06
28.1167 44.3549 2.12964 -0.254535 -0.967063 -0.000633051
28.1918 44.3349 3.0629 -0.254475 -0.967079 -3.28918e-05
28.2222 44.3269 3.35935 -0.254751 -0.967007 -0.00010651
27.3971 44.5437 3.63995 -0.253248 -0.967401 -0.000120331
27.215 44.5917 2.41037 -0.25379 -0.967259 -0.000315746
27.3378 44.56 1.52144 -0.254113 -0.967174 0.000246911
27.5563 44.5025 0.375473 -0.253874 -0.967237 -0.000245154
27.4732 44.5246 -0.533742 -0.253757 -0.967268 -0.000691831
27.2939 44.5721 -1.61585 -0.253424 -0.967355 -0.000163871
27.324 44.5647 -2.578 -0.253255 -0.967399 -0.000604769
27.4635 44.5287 -3.4267 -0.253317 -0.967383 -0.00116235
26.6034 44.7537 -3.65055 -0.252614 -0.967567 -0.000711979
26.4707 44.7877 -2.67728 -0.252269 -0.967657 -0.000513894
26.3917 44.808 -1.77314 -0.252436 -0.967614 -0.000124514
26.5488 44.7667 -0.765257 -0.252665 -0.967554 -0.000443674
26.689 44.7297 0.248602 -0.252871 -0.9675 -0.000179632
26.5573 44.7636 1.21394 -0.252302 -0.967649 -0.000219042
26.2707 44.8383 2.11838 -0.252148 -0.967689 0.000163484
26.4994 44.7786 3.15946 -0.253054 -0.967452 -6.70846e-05
26.5506 44.7652 3.49415 -0.253119 -0.967435 -0.000164149
25.6761 44.9932 3.51089 -0.251827 -0.967772 0.000174002
25.4922 45.041 2.52154 -0.251939 -0.967743 0.000221047
25.5511 45.0256 1.42654 -0.251949 -0.967741 -0.000215944
25.7956 44.9623 0.531618 -0.251991 -0.967729 -0.000578002
25.6782 44.9935 -0.73555 -0.251574 -0.967838 -5.80043e-05
25.5191 45.0353 -1.66116 -0.251581 -0.967836 -0.000300496
25.6281 45.0073 -2.6018 -0.251609 -0.967829 -0.000368858
25.6052 45.0136 -3.41789 -0.251485 -0.967861 -0.000682173
24.7269 45.2418 -3.57443 -0.251251 -0.967922 -0.000504083
24.7269 45.2413 -2.46138 -0.251226 -0.967928 -0.000463227
24.7269 45.2409 -1.39203 -0.251187 -0.967938 -0.000483709
24.7269 45.2405 -0.359067 -0.251334 -0.9679 -0.000360415
24.7269 45.2401 0.788878 -0.251362 -0.967893 -0.000273339
24.7269 45.2399 1.91586 -0.251362 -0.967893 -0.00013662
24.7269 45.24 2.94681 -0.251567 -0.96784 0.000203895
24.7269 45.2401 3.44453 -0.251559 -0.967842 0.000200103
24.0166 45.4246 3.42291 -0.251222 -0.96793 0.00015312
23.8219 45.4749 2.10948 -0.251224 -0.967929 5.09564e-06
23.8216 45.4752 0.995442 -0.251164 -0.967945 -6.12014e-05
23.7858 45.4847 -0.235718 -0.251228 -0.967928 -0.00025946
23.7671 45.4898 -1.11177 -0.251197 -0.967936 -0.000358546
23.8691 45.4638 -2.07338 -0.251125 -0.967954 -0.000308257
23.8277 45.4749 -3.29388 -0.250961 -0.967997 -0.000405109
23.8855 45.4601 -3.55399 -0.251068 -0.967969 -0.000453622
23.0317 45.6815 -3.55044 -0.250937 -0.968003 -0.000446172
23.0172 45.6848 -2.63713 -0.251034 -0.967978 -0.000341702
22.9627 45.6986 -1.56593 -0.251148 -0.967949 -0.000263666
22.9938 45.6902 -0.657732 -0.251053 -0.967973 -0.000323687
22.8997 45.7144 0.419745 -0.251224 -0.967929 -0.000181073
22.9237 45.7081 1.38704 -0.251087 -0.967964 -0.000143562
22.9873 45.6915 2.42046 -0.2511 -0.967961 6.54564e-05
23.1657 45.6454 3.30917 -0.251238 -0.967925 0.000292517
23.1605 45.6467 3.35738 -0.251109 -0.967959 0.000143667
22.2894 45.8726 3.35617 -0.25104 -0.967977 8.02927e-05
22.1492 45.9089 2.40194 -0.251074 -0.967968 0.000115
22.0544 45.9335 1.25771 -0.251097 -0.967962 -0.000210943
22.0616 45.9319 0.248977 -0.251095 -0.967963 -0.000282825
22.1333 45.9136 -0.947045 -0.25113 -0.967953 -0.000249527
22.1426 45.9114 -1.96483 -0.251001 -0.967987 -0.000387892
22.1697 45.9048 -3.09882 -0.251008 -0.967985 -0.000422085
22.1729 45.904 -3.22701 -0.250957 -0.967998 -0.000306698
21.3025 46.1298 -3.31287 -0.251199 -0.967935 -0.000262963
21.3038 46.1291 -2.2711 -0.251249 -0.967922 -0.000344932
21.2809 46.1349 -1.24553 -0.251207 -0.967933 -0.000372822
21.2337 46.1467 0.0298815 -0.251443 -0.967872 -0.000327464
21.2031 46.1545 1.05737 -0.251404 -0.967882 -0.00027104
21.2633 46.1387 1.97653 -0.251202 -0.967935 1.59525e-05
21.3619 46.1132 2.89819 -0.251297 -0.96791 0.000106819
21.3628 46.113 3.53408 -0.251213 -0.967932 0.00010873
20.4711 46.3445 3.58892 -0.251505 -0.967856 0.000117397
20.4562 46.3484 2.41567 -0.251746 -0.967793 -3.09593e-05
20.3597 46.3736 1.28493 -0.251358 -0.967894 -7.90936e-05
20.3655 46.3721 0.333444 -0.251548 -0.967845 -0.000100943
20.3807 46.3684 -0.616844 -0.251396 -0.967884 -0.000260609
20.4188 46.3588 -1.69671 -0.251249 -0.967922 -0.000242356
20.4303 46.356 -2.87304 -0.251202 -0.967935 -0.000323801
20.4046 46.3629 -3.31499 -0.251244 -0.967924 -0.000133198
19.5132 46.5943 -3.41774 -0.251368 -0.967892 -2.75012e-05
19.5432 46.5863 -2.35281 -0.251505 -0.967856 -0.000229
19.5395 46.5871 -1.40559 -0.251342 -0.967898 -0.000160992
19.5391 46.5869 -0.338323 -0.25149 -0.96786 -0.000183483
19.5024 46.5965 0.595709 -0.251531 -0.967849 -0.000142676
19.5227 46.5911 1.49924 -0.251603 -0.967831 -6.73246e-06
19.6225 46.5651 2.6844 -0.251571 -0.967839 -0.000107
19.601 46.5707 3.44505 -0.251812 -0.967776 0.0001077
18.7038 46.804 3.58667 -0.251704 -0.967804 -3.47759e-05
18.7766 46.785 2.6633 -0.251682 -0.96781 -5.42487e-05
18.6743 46.8117 1.56106 -0.25169 -0.967808 -0.000150997
18.6621 46.8149 0.420144 -0.251539 -0.967847 -5.02935e-05
18.6554 46.8167 -0.560597 -0.251778 -0.967785 -9.85108e-05
18.6704 46.8129 -1.46392 -0.251667 -0.967814 -0.000202173
18.6728 46.8125 -2.39582 -0.251681 -0.96781 -0.000174298
18.6537 46.8176 -3.37452 -0.251577 -0.967837 -0.000147697
18.6508 46.8184 -3.41704 -0.251583 -0.967836 -3.66657e-05
17.7781 47.0453 -3.60041 -0.251749 -0.967793 -8.39081e-05
17.8019 47.039 -2.54339 -0.251627 -0.967824 -5.11873e-05
17.8026 47.0387 -1.50254 -0.251742 -0.967794 -4.78367e-05
17.7922 47.0414 -0.522689 -0.251933 -0.967745 -0.000145158
17.8035 47.0383 0.393024 -0.251905 -0.967752 -1.20546e-05
17.8038 47.0381 1.40484 -0.251717 -0.967801 -0.000157374
17.8832 47.0175 2.513 -0.251966 -0.967736 5.99942e-05
17.8522 47.0256 3.4857 -0.251922 -0.967748 -3.85277e-05
17.8464 47.0271 3.54427 -0.251872 -0.967761 1.97127e-05
16.9791 47.2529 3.50108 -0.252071 -0.967709 2.95103e-05
17.0207 47.242 2.50788 -0.252014 -0.967723 -8.8088e-05
16.9698 47.2553 1.26982 -0.25213 -0.967693 8.38858e-06
16.9444 47.2619 0.282725 -0.251999 -0.967728 -0.000127287
16.937 47.264 -0.876264 -0.251886 -0.967757 -0.000196645
16.9526 47.2601 -2.15289 -0.251905 -0.967752 -0.000123129
16.9322 47.2654 -3.1977 -0.25201 -0.967725 -3.77094e-05
16.9139 47.2703 -3.53325 -0.251897 -0.967754 -8.47444e-05
16.0275 47.5011 -3.64723 -0.251984 -0.967731 8.30386e-05
16.0953 47.4834 -2.53756 -0.252082 -0.967706 -5.89671e-05
16.0967 47.4829 -1.57939 -0.251984 -0.967731 -9.6075e-05
16.0758 47.4882 -0.373956 -0.252266 -0.967658 -0.000151107
16.0717 47.4892 0.894912 -0.252174 -0.967682 2.05895e-05
16.1462 47.4698 1.97313 -0.252201 -0.967675 -3.06597e-05
16.1551 47.4675 2.94508 -0.252164 -0.967685 0.000131506
16.1335 47.4732 3.51867 -0.251969 -0.967735 -2.97246e-05
15.263 47.7 3.63223 -0.252301 -0.967649 -5.06903e-05
15.3027 47.6897 2.56082 -0.252189 -0.967678 1.8367e-08
15.2566 47.7016 1.55749 -0.252237 -0.967665 0.000119225
15.2221 47.7106 0.442573 -0.25224 -0.967665 0.000102437
15.2237 47.7102 -0.68167 -0.252203 -0.967674 -1.40016e-06
15.2456 47.7045 -1.64536 -0.252374 -0.96763 0.000140018
15.2126 47.7133 -2.6715 -0.252178 -0.967681 -0.000153089
15.1561 47.728 -3.68662 -0.252026 -0.96772 -4.39285e-05
14.3103 47.9484 -3.5226 -0.252255 -0.967661 1.67738e-05
14.3636 47.9344 -2.3703 -0.252096 -0.967702 -4.65774e-05
14.3934 47.9267 -1.17424 -0.252177 -0.967681 -6.70558e-06
14.3721 47.9322 -0.199612 -0.252201 -0.967675 1.1203e-06
14.3668 47.9336 0.73042 -0.252305 -0.967648 1.23322e-05
14.4367 47.9153 1.69472 -0.252273 -0.967656 -3.59604e-06
14.4115 47.9219 2.75238 -0.252186 -0.967679 0.000129238
14.4155 47.9209 3.33917 -0.252261 -0.967659 -5.96915e-05
24.4262 45.3204 -4.72967 -0.251021 -0.967982 -0.00044422
25.4607 45.052 -4.76173 -0.251336 -0.9679 -0.000459865
26.6234 44.7492 -4.75123 -0.252521 -0.967591 -0.000834446
27.7619 44.4512 -4.70613 -0.253549 -0.967322 -0.000800752
28.8027 44.1775 -4.70294 -0.254725 -0.967013 -0.000695133
29.9919 43.8623 -4.67315 -0.257481 -0.966282 -0.0014097
31.1264 43.5584 -4.68638 -0.259922 -0.965629 -0.00125265
32.2887 43.2439 -4.76282 -0.26204 -0.965057 -0.000583125
33.4686 42.9208 -4.71256 -0.266314 -0.963886 4.63633e-05
34.6187 42.6009 -4.6102 -0.269875 -0.962894 0.000187454
35.8802 42.2433 -4.64767 -0.274695 -0.961531 -0.000447955
36.3917 42.0965 -3.85257 -0.275664 -0.961254 0.000303799
36.4198 42.0883 -2.65279 -0.275693 -0.961245 -0.00047551
36.423 42.0889 -1.2504 -0.276342 -0.961059 0.000602753
36.3596 42.1062 -0.11034 -0.274328 -0.961635 -0.00151689
36.3766 42.1013 1.15923 -0.273867 -0.961768 0.000289737
36.3512 42.1085 2.56705 -0.273558 -0.961855 1.39482e-05
36.3608 42.1065 3.80677 -0.273841 -0.961775 0.000325722
35.7641 42.2762 4.63894 -0.272972 -0.962022 -9.58311e-05
34.7318 42.5671 4.69369 -0.269965 -0.96287 0.00090925
33.599 42.8819 4.66518 -0.265717 -0.964051 3.71834e-05
32.5748 43.1623 4.65999 -0.263386 -0.96469 0.000318607
31.526 43.4468 4.68391 -0.26055 -0.96546 -0.000164873
30.3647 43.7588 4.66725 -0.258653 -0.96597 0.000266136
29.3294 44.0343 4.70367 -0.256207 -0.966622 -0.000104533
27.9667 44.3946 4.69178 -0.254984 -0.966945 0.000649857
26.9369 44.6645 4.70259 -0.253013 -0.967463 0.000544213
25.7638 44.9707 4.62057 -0.252076 -0.967707 0.000393264
24.5197 45.2943 4.65415 -0.251261 -0.967919 0.000226898
23.1779 45.6424 4.60383 -0.25104 -0.967977 0.000295537
22.008 45.9459 4.66604 -0.250967 -0.967996 6.10801e-05
20.7569 46.2704 4.68994 -0.251291 -0.967912 0.000205576
19.5558 46.5825 4.69599 -0.251526 -0.96785 -4.79425e-05
18.3408 46.8984 4.65738 -0.251753 -0.967792 1.35272e-05
17.1261 47.2147 4.61479 -0.251935 -0.967744 2.55643e-06
15.7829 47.5645 4.72122 -0.252055 -0.967713 -0.000121505
14.4747 47.9054 4.67182 -0.252337 -0.967639 0.000105375
13.4223 48.1797 4.57651 -0.252313 -0.967646 8.0434e-06
13.1047 48.2626 3.58797 -0.252251 -0.967662 -1.5227e-05
13.116 48.2596 2.41311 -0.252311 -0.967646 1.08458e-05
13.1527 48.2501 1.27615 -0.252336 -0.96764 6.14618e-05
13.1167 48.2595 -0.16321 -0.25228 -0.967654 -1.82823e-05
13.0901 48.2664 -1.43102 -0.252281 -0.967654 -1.6063e-06
13.0798 48.2691 -2.5125 -0.25235 -0.967636 -2.1829e-05
13.1155 48.2598 -3.59131 -0.252332 -0.967641 -0.000165308
13.3976 48.1863 -4.65503 -0.252405 -0.967622 2.25459e-05
14.415 47.9211 -4.75051 -0.252147 -0.967689 0.000104081
15.6452 47.6006 -4.74907 -0.252122 -0.967695 -6.01922e-05
16.718 47.3213 -4.69599 -0.251894 -0.967755 1.29652e-06
17.7406 47.0552 -4.70619 -0.251723 -0.967799 -0.000102492
18.8674 46.7622 -4.70198 -0.251537 -0.967848 -9.38471e-05
19.9932 46.4699 -4.69512 -0.251307 -0.967907 -0.000212204
21.015 46.2047 -4.68063 -0.251037 -0.967977 -0.000457368
22.0811 45.9283 -4.68894 -0.250986 -0.967991 -0.000288418
23.1398 45.6539 -4.6958 -0.250789 -0.968042 -0.000408662
24.1926 45.381 -4.72038 -0.251021 -0.967981 -0.000435345
24.1431 45.3944 -5.77987 -0.250903 -0.968012 -0.000567669
23.0123 45.6874 -5.76287 -0.250856 -0.968024 -0.000496807
21.8349 45.9925 -5.71485 -0.250849 -0.968026 -0.000206753
20.6736 46.2936 -5.74385 -0.251041 -0.967976 -0.000260659
19.621 46.5666 -5.75656 -0.251347 -0.967897 2.27846e-06
18.4296 46.876 -5.75486 -0.251347 -0.967897 -5.02561e-05
17.3765 47.1499 -5.73675 -0.251817 -0.967775 1.49495e-05
16.3521 47.4166 -5.78459 -0.251975 -0.967734 -3.59555e-05
15.0732 47.7497 -5.79301 -0.252204 -0.967674 2.70935e-05
14.0283 48.0219 -5.81366 -0.252193 -0.967677 9.06648e-05
12.7844 48.3461 -5.77132 -0.252345 -0.967637 0.000109605
12.161 48.5088 -5.03398 -0.252294 -0.967651 -5.0691e-05
12.0948 48.526 -3.91661 -0.252239 -0.967665 -5.07266e-06
12.0599 48.535 -2.75543 -0.252394 -0.967625 2.41477e-05
12.0845 48.5286 -1.63121 -0.252328 -0.967642 -0.000126714
12.0844 48.5286 -0.533302 -0.252243 -0.967664 -0.000122277
12.1711 48.5061 0.796387 -0.252416 -0.967619 6.13207e-05
12.135 48.5154 1.86747 -0.252371 -0.96763 -0.000126283
12.0904 48.5271 3.22632 -0.252381 -0.967628 -1.0867e-05
12.0781 48.5303 4.34635 -0.25228 -0.967654 8.18773e-05
12.4203 48.4411 5.63134 -0.252316 -0.967645 -7.41168e-05
13.6439 48.122 5.69828 -0.252322 -0.967643 -5.50233e-05
14.7731 47.8277 5.77407 -0.252041 -0.967716 -5.55517e-05
16.088 47.4849 5.7599 -0.252162 -0.967685 -2.3607e-05
17.1173 47.2169 5.67475 -0.251909 -0.967751 -9.76006e-05
18.1435 46.9499 5.7079 -0.251881 -0.967758 -1.63362e-05
19.4938 46.5987 5.7358 -0.251411 -0.96788 -5.11681e-05
20.7609 46.2696 5.71891 -0.25117 -0.967943 0.000173722
21.8813 45.9789 5.74421 -0.251008 -0.967985 0.000366194
22.9513 45.7016 5.67187 -0.250935 -0.968004 0.000453762
24.2354 45.3688 5.72557 -0.251159 -0.967946 0.000546244
25.4244 45.0598 5.69817 -0.2521 -0.967701 0.000799396
26.6312 44.7452 5.7303 -0.252734 -0.967536 0.00068674
27.7812 44.4437 5.74349 -0.254267 -0.967134 0.000376027
28.8889 44.1515 5.76695 -0.255807 -0.966728 0.000549097
29.9203 43.8775 5.69634 -0.257994 -0.966146 0.000796548
31.0899 43.5647 5.7134 -0.259562 -0.965725 0.00159215
32.3927 43.2126 5.71343 -0.262514 -0.964928 0.000981064
33.5429 42.898 5.70119 -0.265431 -0.964129 0.00104398
34.7273 42.5693 5.72921 -0.269235 -0.963074 0.000996347
35.8061 42.2654 5.74512 -0.273821 -0.96178 0.00118205
36.8612 41.9637 5.67234 -0.275783 -0.961219 0.00109888
37.3844 41.8128 4.65163 -0.277385 -0.960759 0.000279182
37.4018 41.8079 3.45227 -0.276961 -0.960881 0.000250694
37.3835 41.8138 2.1682 -0.27599 -0.96116 -0.00088033
37.3812 41.8146 0.750806 -0.274803 -0.9615 0.000589054
37.4073 41.8061 -0.376787 -0.276471 -0.961022 0.00020231
37.436 41.7969 -1.55103 -0.278237 -0.960511 0.00158803
37.427 41.798 -2.73356 -0.280042 -0.959987 0.0014594
37.4299 41.7954 -3.95094 -0.280166 -0.959951 0.00115646
37.3942 41.8062 -5.07296 -0.279118 -0.960257 -0.000727745
36.7543 41.9931 -5.75352 -0.27846 -0.960446 -0.00161838
35.6591 42.3076 -5.71027 -0.273421 -0.961891 -0.00263873
34.4353 42.6526 -5.66075 -0.269579 -0.962976 -0.00129979
33.2582 42.979 -5.78396 -0.266616 -0.963802 -0.000761275
32.1518 43.2822 -5.78946 -0.263598 -0.964632 -0.000934274
30.9418 43.61 -5.72907 -0.259908 -0.965631 -0.00196974
29.9115 43.8853 -5.72686 -0.256488 -0.966546 -0.00146257
28.7653 44.1883 -5.76689 -0.254918 -0.966962 -0.0014617
27.7174 44.4638 -5.77109 -0.254023 -0.967197 -0.00112451
26.4886 44.7852 -5.81248 -0.252313 -0.967645 -0.000713542
25.2954 45.0956 -5.77294 -0.251402 -0.967883 -0.000668854
24.3049 45.3525 -5.77745 -0.250896 -0.968014 -0.000715729
24.2971 45.3551 -6.81398 -0.250737 -0.968055 -0.000345989
23.195 45.6405 -6.8106 -0.250666 -0.968073 -0.000424963
22.1188 45.9193 -6.80523 -0.250852 -0.968025 -0.000376738
20.9011 46.2348 -6.79779 -0.250988 -0.96799 -6.12765e-05
19.7207 46.5408 -6.79134 -0.251025 -0.96798 -3.89458e-05
18.6859 46.8095 -6.79058 -0.251559 -0.967842 6.92498e-05
17.4289 47.1363 -6.80565 -0.251769 -0.967787 3.44346e-05
16.2413 47.4455 -6.84403 -0.252027 -0.96772 0.000126229
15.1507 47.7295 -6.82513 -0.252014 -0.967724 0.000158134
14.0726 48.0104 -6.85118 -0.252089 -0.967704 0.000303638
12.9733 48.2969 -6.83496 -0.252276 -0.967655 2.39439e-05
11.9537 48.5627 -6.82486 -0.252492 -0.967599 -0.000160034
11.1536 48.7714 -6.28387 -0.252451 -0.96761 -2.25675e-05
11.0768 48.7914 -5.10789 -0.252381 -0.967628 5.80572e-05
11.0591 48.796 -4.02317 -0.252523 -0.967591 -4.89134e-05
11.0389 48.8013 -2.70775 -0.252169 -0.967683 -5.19606e-05
11.0824 48.7899 -1.47172 -0.252361 -0.967633 -1.99832e-05
11.0612 48.7954 -0.333814 -0.252352 -0.967636 1.96214e-05
11.1486 48.7727 0.880041 -0.252372 -0.96763 4.05187e-05
11.0856 48.7892 2.25476 -0.252488 -0.9676 8.46631e-05
11.1036 48.7845 3.47782 -0.252502 -0.967596 -3.1217e-05
11.0573 48.7966 4.75416 -0.252307 -0.967647 0.000125269
11.0733 48.7925 5.80396 -0.252329 -0.967641 -8.78923e-05
11.4528 48.6935 6.7065 -0.252453 -0.967609 -8.87717e-05
12.5053 48.4189 6.75398 -0.252448 -0.96761 -9.14474e-05
13.5766 48.1395 6.74431 -0.252303 -0.967648 -2.64661e-05
14.8386 47.8105 6.82489 -0.252183 -0.96768 -0.000215936
16.2328 47.4472 6.78445 -0.25201 -0.967725 -0.000217727
17.3285 47.1618 6.741 -0.251909 -0.967751 -0.000104975
18.6764 46.8111 6.78288 -0.251695 -0.967807 -0.000216838
19.804 46.5181 6.76014 -0.251375 -0.96789 -3.26963e-05
20.8472 46.2473 6.75599 -0.251136 -0.967952 8.70525e-05
22.017 45.9439 6.785 -0.250658 -0.968076 0.000210207
23.2014 45.6372 6.76072 -0.250711 -0.968062 0.000398219
24.3995 45.3269 6.79133 -0.25075 -0.968052 0.000756066
25.4967 45.0419 6.75916 -0.25203 -0.967719 0.00104141
26.5118 44.7773 6.78664 -0.2526 -0.967569 0.00158663
27.7685 44.4481 6.80327 -0.253937 -0.96722 0.00155369
28.8182 44.1713 6.79789 -0.256224 -0.966616 0.00133229
29.9843 43.8615 6.72319 -0.257454 -0.966289 0.00166729
31.252 43.5225 6.77918 -0.259156 -0.965834 0.00178844
32.3491 43.2262 6.74334 -0.262121 -0.965032 0.00198972
33.4065 42.9374 6.75034 -0.264823 -0.964294 0.00251858
34.4233 42.656 6.77259 -0.269388 -0.963024 0.00374221
35.5736 42.3326 6.8042 -0.271881 -0.962329 0.00204852
36.5954 42.0418 6.76979 -0.276042 -0.961134 0.00473039
37.7491 41.7093 6.81314 -0.277906 -0.960606 0.00217653
38.4127 41.5148 5.97613 -0.279748 -0.960074 -0.000126254
38.4119 41.5154 4.89767 -0.279005 -0.96029 -0.00029082
38.437 41.5086 3.84114 -0.278701 -0.960378 -0.000205576
38.4222 41.5131 2.76649 -0.278446 -0.960452 -0.000382533
38.4694 41.5008 1.61662 -0.2784 -0.960465 -0.000982597
38.4081 41.5187 0.56678 -0.277018 -0.960864 0.000724403
38.4173 41.5146 -0.650819 -0.278901 -0.960318 0.00176254
38.4355 41.5062 -1.8505 -0.279365 -0.960182 0.00250469
38.4512 41.4986 -2.98585 -0.281551 -0.959541 0.00296579
38.4452 41.4966 -4.09313 -0.282886 -0.95915 0.00258535
38.4402 41.4992 -5.23237 -0.282031 -0.959405 -0.00118585
38.3751 41.5206 -6.47671 -0.282166 -0.959363 -0.00211753
37.5028 41.7771 -6.79525 -0.279861 -0.960038 -0.00223205
36.3213 42.1209 -6.82307 -0.275508 -0.961283 -0.00539002
35.1089 42.4661 -6.75804 -0.272523 -0.962139 -0.00429233
34.1004 42.749 -6.7511 -0.266967 -0.96369 -0.00505319
33.075 43.0313 -6.83924 -0.265016 -0.964234 -0.00435236
32.009 43.3229 -6.81154 -0.261652 -0.965159 -0.0026642
30.9532 43.6092 -6.75598 -0.261256 -0.965267 -0.0021352
29.8411 43.9058 -6.79079 -0.256622 -0.96651 -0.00176128
28.8243 44.1745 -6.79871 -0.254932 -0.966955 -0.00273574
27.7504 44.4567 -6.81515 -0.253536 -0.967324 -0.00171442
26.4248 44.8028 -6.83787 -0.252093 -0.967702 -0.00115625
25.3557 45.081 -6.83684 -0.251192 -0.967937 -0.00114335
24.558 45.2876 -6.817 -0.25052 -0.968111 -0.000466707
