-26.9008 36.0105 -0.00283405 0.0582105 -0.998278 0.00713442
-26.9231 36.0045 -0.603602 0.0583881 -0.998277 0.00559309
-27.4603 35.9654 -3.56928 0.0515082 -0.998651 0.00599386
-27.5675 35.965 -2.2395 0.0429266 -0.999074 0.00259193
-27.6765 35.9623 -1.1363 0.0409284 -0.999156 0.00260102
-27.7014 35.9669 0.0794827 0.0498615 -0.998732 0.00644474
-27.5268 35.9815 1.30601 0.0474708 -0.998854 0.00598158
-27.4325 35.9939 2.36591 0.0516291 -0.998647 0.00484536
-27.4822 35.9931 3.30956 0.0513117 -0.99868 0.00251323
-28.3159 35.9543 3.43819 0.0454121 -0.998965 0.00239394
-28.2349 35.9565 2.38574 0.0443828 -0.998992 0.00555844
-28.3458 35.9424 1.17123 0.0408879 -0.999139 0.00685524
-28.5068 35.9325 0.159224 0.038506 -0.99925 0.00308458
-28.4934 35.9318 -0.985286 0.0375313 -0.999292 0.00269984
-28.3556 35.9317 -2.18616 0.0420497 -0.999105 0.00443201
-28.2331 35.9318 -3.25433 0.0419717 -0.999107 0.00489504
-28.2311 35.9317 -3.29782 0.0397898 -0.999205 0.00217339
-29.0503 35.9034 -3.5729 0.031586 -0.9995 0.00138715
-29.1249 35.9029 -2.49092 0.0330056 -0.999448 0.0038135
-29.24 35.904 -1.43616 0.0310947 -0.999504 0.00462101
-29.3339 35.9038 -0.223796 0.0288851 -0.999582 0.000920647
-29.189 35.9085 0.98922 0.0362434 -0.999337 0.00192625
-29.0543 35.9206 2.32117 0.0415572 -0.999129 0.00366825
-29.1549 35.9218 3.4919 0.0363179 -0.99933 0.00419056
-30.0204 35.893 3.56574 0.0303599 -0.999538 0.00167169
-29.8353 35.8938 2.33214 0.028266 -0.999591 0.00440899
-29.9975 35.8848 1.1281 0.0272068 -0.999623 0.00345428
-30.1035 35.8815 -0.211436 0.0278459 -0.999608 -0.00158255
-29.9928 35.8823 -1.41867 0.0270855 -0.999629 0.00296509
-29.9541 35.8806 -2.48212 0.0251002 -0.999684 0.000794299
-29.8507 35.8838 -3.56565 0.0232515 -0.99973 -0.00034012
-30.6599 35.866 -3.47133 0.0217255 -0.999764 -0.000243067
-30.8157 35.862 -2.23548 0.0198837 -0.999802 -0.000373672
-30.8366 35.862 -0.970782 0.020653 -0.999787 -1.69942e-05
-30.777 35.8641 0.0892995 0.0236695 -0.999719 -0.00125626
-30.8574 35.8629 1.20512 0.0251096 -0.999682 0.00245333
-30.6679 35.8708 2.30388 0.0265218 -0.999644 0.00300422
-30.8902 35.8679 3.50684 0.0281556 -0.999601 0.00192501
-31.6517 35.8473 3.42647 0.0257864 -0.999667 0.00100094
-31.6517 35.8455 2.16629 0.0248995 -0.999688 0.00199798
-31.6517 35.8442 1.09016 0.0227114 -0.999741 0.000993629
-31.6517 35.8443 -0.154869 0.0211856 -0.999775 -0.000826792
-31.6517 35.8451 -1.1908 0.0202252 -0.999795 -0.0004405
-31.6517 35.8455 -2.26773 0.0199875 -0.9998 -0.000536741
-31.6517 35.8463 -3.30629 0.0185311 -0.999828 -0.00124214
-31.6517 35.8466 -3.52051 0.0185546 -0.999827 -0.00137557
-32.5017 35.8309 -3.42516 0.0182723 -0.999832 -0.00121028
-32.5964 35.8276 -2.38071 0.0186268 -0.999825 -0.00141795
-32.5033 35.8279 -1.18537 0.0195068 -0.999809 -0.00133543
-32.5052 35.8264 -0.00758551 0.0209722 -0.999779 -0.00165241
-32.5793 35.8238 1.13364 0.021664 -0.999765 -0.000836021
-32.4296 35.8269 2.22744 0.0230059 -0.999735 0.000699227
-32.7532 35.8199 3.43938 0.0243484 -0.999703 0.000637495
-32.7732 35.8194 3.49992 0.024572 -0.999698 0.000401457
-33.6126 35.7994 3.55035 0.0236228 -0.999721 -5.54955e-05
-33.2361 35.8083 2.36318 0.0220544 -0.999757 -0.000703881
-33.3809 35.8063 1.1734 0.0216888 -0.999764 -0.000824945
-33.4045 35.8079 0.0241652 0.0204364 -0.999789 -0.00224983
-33.3805 35.8112 -1.33778 0.0195162 -0.999808 -0.00179685
-33.4507 35.8118 -2.35444 0.0182225 -0.999832 -0.00182525
-33.41 35.8143 -3.30402 0.0177968 -0.99984 -0.00182667
-34.2022 35.8005 -3.4404 0.0175779 -0.999843 -0.00231553
-34.265 35.7967 -2.25488 0.0179284 -0.999837 -0.00227085
-34.2501 35.7945 -1.2243 0.0185066 -0.999825 -0.00254551
-34.2755 35.7909 -0.0849006 0.0189665 -0.999817 -0.00258239
-34.1731 35.7902 0.973578 0.0199015 -0.9998 -0.00178379
-34.1231 35.789 2.24476 0.0215294 -0.999767 -0.00168149
-34.3318 35.7834 3.24475 0.0212619 -0.999773 -0.000852069
-34.3659 35.7827 3.42815 0.0222634 -0.999752 -0.000298435
-35.1396 35.7665 3.44228 0.0199881 -0.999797 -0.00227489
-34.9817 35.7715 2.3973 0.0197811 -0.999802 -0.00198654
-34.9943 35.7741 1.17375 0.0175937 -0.999844 -0.0015042
-35.0944 35.7756 0.0738487 0.0165007 -0.999857 -0.00372893
-35.1016 35.7787 -1.10262 0.0159905 -0.999867 -0.00323663
-35.0862 35.7831 -2.15909 0.0160988 -0.999864 -0.00341319
-35.0362 35.7864 -3.35321 0.0157475 -0.999874 -0.0021026
-35.8354 35.7747 -3.55447 0.014191 -0.999898 -0.0017421
-35.9014 35.7706 -2.2015 0.0150405 -0.99988 -0.0035883
-35.9312 35.7657 -1.08956 0.0152555 -0.999875 -0.00403957
-35.8767 35.7626 0.146144 0.015536 -0.999875 -0.00308795
-35.7972 35.7603 1.19314 0.0159412 -0.999867 -0.00346053
-35.7863 35.7567 2.2721 0.0173802 -0.999842 -0.00359498
-35.9336 35.7509 3.39283 0.0186878 -0.999821 -0.00280023
-35.9431 35.7505 3.4764 0.0187732 -0.999819 -0.00310516
-26.5957 36.0453 4.65243 0.0590747 -0.998222 0.00783454
-27.7329 35.9837 4.66023 0.0459529 -0.998941 0.00207537
-28.9916 35.9306 4.68942 0.0382976 -0.999265 0.00152938
-30.24 35.8876 4.69985 0.029889 -0.999553 0.000881123
-31.4211 35.8546 4.68345 0.0267554 -0.999642 0.000341378
-32.6207 35.8232 4.645 0.0253517 -0.999679 -1.88428e-05
-33.7669 35.795 4.64749 0.0239943 -0.999712 -0.000826802
-35.0227 35.7662 4.65581 0.0218221 -0.999759 -0.00254616
-36.2121 35.7416 4.62318 0.0194773 -0.999808 -0.00232289
-37.4788 35.7208 4.40759 0.0150233 -0.999878 -0.00415969
-37.6155 35.7246 3.31618 0.0142869 -0.999886 -0.00481438
-37.619 35.7299 2.13822 0.0126568 -0.999906 -0.00526116
-37.5594 35.7361 1.02704 0.0122882 -0.999915 -0.00431571
-37.5329 35.7431 -0.268246 0.0102475 -0.999936 -0.00471464
-37.5772 35.7471 -1.36252 0.00881672 -0.99995 -0.00480063
-37.5979 35.7521 -2.7027 0.00916007 -0.999955 -0.00217437
-37.5724 35.7547 -4.02915 0.00700759 -0.999973 -0.00216976
-36.7237 35.7651 -4.66759 0.0118174 -0.999926 -0.00272215
-35.5536 35.7807 -4.69902 0.0148917 -0.999887 -0.00199052
-34.4556 35.7986 -4.70868 0.0169212 -0.999856 -0.00158469
-33.3622 35.8175 -4.7125 0.0173793 -0.999848 -0.0014983
-32.0605 35.8404 -4.67308 0.0177858 -0.999841 -0.000967895
-30.8848 35.862 -4.67349 0.0199675 -0.999801 7.04175e-05
-29.7172 35.8871 -4.67876 0.0243503 -0.999703 0.000954546
-28.5808 35.9173 -4.70944 0.027824 -0.999613 0.000349648
-27.4454 35.9584 -4.71971 0.0485043 -0.998818 0.00152383
-26.1703 36.0311 -4.59199 0.0637629 -0.997908 0.0106777
-25.8934 36.0556 -3.49444 0.0719063 -0.997408 0.00209992
-25.8884 36.0671 -2.13679 0.0680266 -0.997612 0.0119323
-25.884 36.0731 -0.941258 0.0776217 -0.99697 0.00506207
-25.8785 36.0788 0.261564 0.0760009 -0.997106 -0.00011685
-25.8715 36.0821 1.34404 0.0708829 -0.997428 0.0106506
-25.8356 36.0903 2.65304 0.0789645 -0.996847 0.00321388
-25.8264 36.0919 3.75049 0.0719327 -0.997386 0.00677129
-26.2403 36.0666 4.63385 0.0601564 -0.998159 0.00777171
-26.249 36.0696 5.73836 0.0625761 -0.99804 -0.000883145
-24.9866 36.1656 5.53079 0.0853577 -0.996342 0.00297269
-24.7438 36.1863 4.45133 0.088946 -0.996036 -0.00095434
-24.7669 36.1837 3.28178 0.0881261 -0.996108 0.00106026
-24.8058 36.1761 1.9784 0.0879839 -0.996114 0.00402114
-24.8197 36.1672 0.82129 0.0889384 -0.996014 0.00564479
-24.855 36.1599 -0.35259 0.0815607 -0.99665 0.00581225
-24.8317 36.1548 -1.47112 0.0829127 -0.996532 0.00695054
-24.8661 36.1409 -2.72726 0.0845504 -0.996378 0.00905339
-24.8629 36.134 -3.86334 0.0854821 -0.996316 0.0057511
-24.8592 36.1251 -5.18797 0.0852249 -0.996344 0.00584347
-25.7589 36.0522 -5.70713 0.070664 -0.997495 0.00318797
-26.9157 35.9823 -5.76323 0.0524724 -0.99862 0.00130925
-28.0264 35.9347 -5.76055 0.0335392 -0.999425 0.00408239
-29.2749 35.8973 -5.75573 0.0264742 -0.999649 -0.000314957
-30.5192 35.8693 -5.72853 0.0193708 -0.999812 0.000191703
-31.7192 35.8475 -5.74899 0.0176835 -0.999843 -0.000995084
-33.0998 35.8233 -5.75264 0.0173465 -0.999849 -0.00113462
-34.4827 35.7996 -5.76326 0.016535 -0.999863 -0.00117527
-35.8826 35.778 -5.75332 0.0136883 -0.999906 -0.00116636
-37.0351 35.7632 -5.74357 0.0110549 -0.999938 -0.0010841
-38.1296 35.7519 -5.65354 0.00772906 -0.999968 5.18987e-05
-38.6072 35.7488 -4.63248 0.00645331 -0.999979 -0.000982029
-38.685 35.7463 -3.51184 0.00603749 -0.999979 -0.00215594
-38.6489 35.7432 -2.36572 0.00644605 -0.99997 -0.00428388
-38.6197 35.7375 -1.10224 0.00761713 -0.999959 -0.00489304
-38.6031 35.7314 0.0321633 0.00647814 -0.999959 -0.00626788
-38.6303 35.7239 1.28422 0.00862423 -0.999948 -0.00526058
-38.6862 35.7152 2.54679 0.0111546 -0.999921 -0.00585671
-38.6813 35.7074 3.84126 0.0125871 -0.999904 -0.0057627
-38.5961 35.7019 5.03286 0.0144822 -0.999877 -0.00608105
-37.7922 35.7109 5.63603 0.0164471 -0.999854 -0.0046221
-36.6496 35.7308 5.70495 0.0187851 -0.999817 -0.00349391
-35.3917 35.7556 5.74314 0.021769 -0.999759 -0.00272737
-34.2174 35.7828 5.68882 0.0232386 -0.999728 -0.00208963
-32.7216 35.8201 5.70694 0.0258331 -0.999666 -0.000612559
-31.4231 35.8547 5.74033 0.0272899 -0.999627 -0.000786589
-30.3189 35.8863 5.72816 0.0293304 -0.99957 -0.000263661
-29.1388 35.9245 5.72964 0.033919 -0.999424 -0.000913245
-27.9656 35.9741 5.73806 0.0453828 -0.99897 -0.00016941
-26.7447 36.0387 5.73262 0.0618747 -0.998083 -0.00147003
-26.434 36.058 5.74449 0.062246 -0.99806 -0.00125238
-26.4612 36.0512 6.79629 0.0585754 -0.998247 -0.00783239
-25.1875 36.1404 6.76493 0.0780557 -0.99682 -0.0160118
-23.853 36.2698 6.51362 0.101577 -0.994796 -0.00790125
-23.7197 36.2875 5.08096 0.101883 -0.994796 0.000904023
-23.7317 36.2832 3.76648 0.0986655 -0.995117 0.00263036
-23.7299 36.2806 2.63292 0.0964573 -0.995333 0.0024998
-23.7519 36.2722 1.55091 0.0986804 -0.995052 0.0107127
-23.776 36.2618 0.316625 0.0921353 -0.995746 0.00027231
-23.7956 36.2467 -0.924061 0.0880525 -0.996088 0.00724823
-23.7999 36.2388 -2.22995 0.0922979 -0.995715 0.00563655
-23.8223 36.2296 -3.36632 0.0894388 -0.995981 0.00475685
-23.7829 36.2253 -4.7928 0.0977948 -0.995192 0.0051564
-23.8489 36.2134 -5.98892 0.0962804 -0.995331 0.00660788
-24.5776 36.1311 -6.77964 0.0898871 -0.995578 0.0261451
-25.7103 36.0378 -6.81371 0.0676737 -0.997434 0.0232909
-26.8059 35.9734 -6.84005 0.0497835 -0.998566 0.0196825
-27.8863 35.9312 -6.83588 0.0353054 -0.999252 0.0155048
-29.1179 35.8958 -6.821 0.023552 -0.999681 0.00912147
-30.231 35.8739 -6.82029 0.0164995 -0.999863 0.00111357
-31.3834 35.8545 -6.81893 0.0171022 -0.999853 -0.000905238
-32.5633 35.8335 -6.79237 0.0178645 -0.99984 -0.000267506
-33.7676 35.8126 -6.82874 0.0172211 -0.999851 -0.00138807
-34.9697 35.7917 -6.80186 0.0160183 -0.999871 0.000300362
-36.2364 35.7726 -6.81939 0.014175 -0.999898 0.00190467
-37.3787 35.7581 -6.81258 0.0120862 -0.999923 0.00288911
-38.6352 35.7451 -6.76976 0.00977549 -0.999938 0.00534301
-39.6844 35.7415 -6.41262 0.00243606 -0.999989 0.00392448
-39.6823 35.7468 -5.03007 0.000323395 -0.999995 -0.000420751
-39.7095 35.7421 -3.80058 0.00423099 -0.99998 -0.00452193
-39.7119 35.7377 -2.50571 0.00305304 -0.999985 -0.00450436
-39.6905 35.7314 -1.19545 0.004975 -0.999975 -0.00497476
-39.6889 35.7235 0.137191 0.00593106 -0.999955 -0.00739456
-39.6898 35.7125 1.41917 0.00945275 -0.999923 -0.0080276
-39.7181 35.704 2.52782 0.0106562 -0.999917 -0.0071902
-39.7295 35.6954 3.80815 0.0107264 -0.999922 -0.0063527
-39.6897 35.6866 5.1753 0.0126708 -0.999903 -0.0058654
-39.6877 35.6795 6.30709 0.0116154 -0.999909 -0.00686842
-38.9023 35.6861 6.74718 0.0138201 -0.999874 -0.00780116
-37.7055 35.7064 6.75079 0.0178117 -0.999818 -0.00679136
-36.2967 35.7329 6.78167 0.0207413 -0.999771 -0.00511705
-35.2125 35.7565 6.79344 0.0225585 -0.999734 -0.00475458
-33.9838 35.7862 6.76121 0.0256903 -0.999663 -0.00334976
-32.8572 35.8156 6.79381 0.0240944 -0.999709 -0.000127087
-31.5408 35.8504 6.78873 0.0271126 -0.999632 -0.00114311
-30.4235 35.8826 6.79315 0.0307415 -0.999526 -0.00175362
-29.1945 35.9215 6.78683 0.0314858 -0.999503 -0.00109764
-28.0678 35.9661 6.79218 0.0453673 -0.998955 -0.00545493
-26.7136 36.0364 6.78914 0.0583746 -0.998269 -0.00687959
-26.676 36.0385 6.79187 0.0578617 -0.998312 -0.0048701
