-5.34726 40.4132 3.38446 0.252376 -0.967627 -0.00202068
-5.3044 40.4266 2.5017 0.254208 -0.967147 -0.00230311
-5.25442 40.4413 1.54945 0.254256 -0.967136 -0.0014692
-5.28946 40.4331 0.518243 0.253472 -0.967342 -0.00105884
-5.40106 40.4048 -0.620229 0.253029 -0.967459 -0.000381581
-5.4653 40.388 -1.50291 0.252233 -0.967666 0.00108511
-5.40028 40.4039 -2.74306 0.252234 -0.967666 0.000323629
-5.35946 40.4143 -3.4035 0.252024 -0.967721 -0.000508946
-6.15183 40.2093 -3.44629 0.248588 -0.968609 0.000492838
-6.18956 40.1999 -2.51363 0.249213 -0.968449 0.000243286
-6.22856 40.1903 -1.56071 0.250596 -0.968092 0.000554504
-6.16453 40.2063 -0.467231 0.249064 -0.968486 -0.00110274
-6.08984 40.2247 0.408887 0.250322 -0.968161 -0.00100529
-6.03423 40.2383 1.38871 0.250558 -0.968101 -0.00120839
-6.07891 40.2247 2.39204 0.249766 -0.968301 -0.00300136
-6.17109 40.1987 3.25324 0.251994 -0.967727 -0.00176709
-6.98642 39.9898 3.50875 0.246863 -0.969049 -0.0013373
-6.89885 40.0138 2.57192 0.246115 -0.969236 -0.00307339
-6.8335 40.0326 1.52784 0.247603 -0.96886 -0.00170512
-6.87033 40.0247 0.577587 0.24736 -0.968922 -0.00162063
-6.9409 40.0083 -0.332918 0.246369 -0.969175 -0.000669222
-7.03015 39.9854 -1.25772 0.245101 -0.969497 -0.000747772
-6.96849 40.0019 -2.15539 0.245514 -0.969392 0.000222018
-6.93953 40.0081 -3.10194 0.247251 -0.968951 0.000196217
-6.93076 40.0102 -3.54741 0.247522 -0.968882 0.000260754
-7.70877 39.8137 -3.3441 0.240964 -0.970534 0.000503544
-7.74297 39.806 -2.30121 0.244601 -0.969624 0.000246354
-7.80111 39.7909 -1.33265 0.243267 -0.969959 -0.00105786
-7.75484 39.802 -0.312251 0.242524 -0.970145 -0.00117129
-7.64756 39.8276 0.633826 0.244538 -0.969638 -0.00170987
-7.63831 39.8284 1.594 0.245292 -0.969448 -0.00138173
-7.79334 39.7878 2.59176 0.243061 -0.970008 -0.00231352
-7.74765 39.797 3.46483 0.243464 -0.969907 -0.00256372
-8.55301 39.5954 3.50688 0.241145 -0.970486 -0.00225592
-8.55301 39.5975 2.44594 0.241828 -0.970318 -0.00130828
-8.55301 39.5991 1.37992 0.242681 -0.970104 -0.00185276
-8.55301 39.601 0.493514 0.242147 -0.970238 -0.00178921
-8.55301 39.6029 -0.417768 0.241406 -0.970423 -0.00171055
-8.55301 39.6035 -1.37901 0.239558 -0.970882 -0.000710981
-8.55301 39.6048 -2.44252 0.239838 -0.970812 -0.00102826
-8.55301 39.6052 -3.47191 0.238453 -0.971154 0.000246544
-9.40986 39.3953 -3.52199 0.238005 -0.971263 -0.000818247
-9.50309 39.3716 -2.6201 0.237564 -0.971371 -0.000801073
-9.28076 39.4241 -1.41771 0.238126 -0.971232 -0.00224704
-9.36762 39.4009 -0.471058 0.240385 -0.970676 -0.00196113
-9.50795 39.3642 0.724666 0.238949 -0.971031 -0.00161175
-9.45996 39.3739 1.73615 0.238233 -0.971207 -0.00127053
-9.36241 39.3963 2.86408 0.237975 -0.97127 -0.00140565
-9.33363 39.4027 3.35324 0.239363 -0.970928 -0.00214669
-10.2495 39.1785 3.41291 0.236347 -0.971668 -0.000992791
-10.2291 39.1844 2.55507 0.237706 -0.971337 -0.0010409
-10.3307 39.1609 1.6533 0.235213 -0.971943 -0.00128151
-10.3609 39.1553 0.755031 0.23605 -0.971739 -0.00157443
-10.2288 39.1886 -0.0980044 0.238219 -0.971209 -0.00198921
-10.0821 39.2267 -0.945505 0.237304 -0.971431 -0.00281124
-10.1778 39.2058 -1.82958 0.235666 -0.97183 -0.00237523
-10.2637 39.1862 -2.71968 0.235675 -0.97183 -0.00161545
-10.1678 39.2107 -3.47736 0.235463 -0.971882 -0.00139556
-10.9845 39.0133 -3.38163 0.234202 -0.972185 -0.00243969
-11.04 38.9979 -2.39647 0.234608 -0.972088 -0.00212519
-10.9246 39.0239 -1.48591 0.233131 -0.972444 -0.00185568
-10.9535 39.0148 -0.598081 0.233016 -0.97247 -0.00224441
-11.1487 38.966 0.292943 0.233522 -0.97235 -0.00175741
-11.18 38.9568 1.20684 0.233365 -0.972386 -0.0026613
-11.1107 38.9717 2.13717 0.233361 -0.972389 -0.00119087
-11.0761 38.9789 3.01293 0.231865 -0.972748 -0.000376162
-11.1192 38.9684 3.5665 0.232331 -0.972637 -0.000322028
-11.9284 38.7758 3.54831 0.231004 -0.972953 -0.000390123
-11.9169 38.7795 2.59425 0.230515 -0.973068 -0.00112592
-11.9698 38.7672 1.70894 0.232249 -0.972655 -0.00147057
-11.9739 38.7681 0.834574 0.230928 -0.972969 -0.00172893
-11.8621 38.7965 -0.211944 0.231294 -0.972882 -0.00212266
-11.7171 38.8338 -1.2058 0.232326 -0.972635 -0.00245255
-11.7853 38.8194 -2.13124 0.231863 -0.972747 -0.00163928
-11.8183 38.8132 -3.04101 0.231204 -0.972903 -0.00207017
-11.7816 38.8229 -3.50622 0.231596 -0.97281 -0.00189412
-13.46 38.415 4.03743 0.22864 -0.973511 0.000229062
-13.5508 38.3939 2.58203 0.228425 -0.973561 -0.000654817
-13.4921 38.4088 1.42559 0.228433 -0.973559 -0.00115238
-13.467 38.4162 0.202217 0.228244 -0.973603 -0.00162435
-13.5055 38.4097 -0.952566 0.228714 -0.973492 -0.00188747
-13.4698 38.4207 -2.25223 0.229453 -0.973318 -0.00179897
-13.4606 38.4253 -3.60829 0.229835 -0.973228 -0.00180783
-13.0074 38.5346 -4.64712 0.230408 -0.973093 -0.00127454
-11.6563 38.8545 -4.68265 0.230295 -0.97312 -0.000999139
-10.2453 39.1927 -4.68551 0.234332 -0.972156 0.000715073
-8.92766 39.5128 -4.67799 0.237637 -0.971353 0.0015379
-7.69304 39.817 -4.69344 0.242888 -0.970053 -0.00011143
-6.49432 40.1207 -4.68547 0.247794 -0.968812 0.000749944
-5.33306 40.4208 -4.70965 0.25309 -0.967443 0.000644157
-4.02798 40.7671 -4.65341 0.25973 -0.965681 -0.000338624
-3.69985 40.8551 -3.33274 0.259544 -0.965731 -0.000579839
-3.698 40.8555 -2.15724 0.260515 -0.965469 0.000340316
-3.69027 40.8582 -0.92514 0.259986 -0.965612 -0.000871912
-3.67357 40.8613 0.212698 0.259432 -0.96576 -0.00151733
-3.70147 40.8531 1.35409 0.259114 -0.965847 0.000158904
-3.70163 40.8511 2.82545 0.257597 -0.966251 -0.00168994
-3.76785 40.8299 4.228 0.258859 -0.965911 -0.00263553
-4.92909 40.5196 4.64973 0.25611 -0.966641 -0.00362933
-6.21011 40.1856 4.62343 0.248627 -0.968594 -0.00313868
-7.47752 39.8624 4.62613 0.245092 -0.969496 -0.00284779
-8.58722 39.5841 4.63545 0.23956 -0.97088 -0.00167826
-9.73214 39.3024 4.64475 0.238015 -0.97126 -0.00153519
-10.8717 39.0271 4.65848 0.233178 -0.972432 -0.00216111
-12.0517 38.746 4.67792 0.229996 -0.973191 -0.000814131
-13.427 38.4228 4.31888 0.228454 -0.973555 -5.892e-05
-14.5433 38.1617 4.41458 0.227731 -0.973724 0.000768518
-14.5811 38.1524 3.19142 0.227747 -0.97372 -0.000137302
-14.5339 38.1641 2.02296 0.22809 -0.97364 -0.000711051
-14.5419 38.1639 0.796873 0.227806 -0.973704 -0.00201314
-14.5167 38.172 -0.60889 0.228068 -0.973644 -0.00149656
-14.5497 38.1658 -1.74184 0.228849 -0.973461 -0.00130715
-14.4749 38.185 -3.15986 0.23066 -0.973033 -0.0016239
-14.5723 38.1629 -4.36197 0.231354 -0.972869 -0.000856331
-14.3554 38.2161 -5.56559 0.231527 -0.972827 -0.00172687
-13.121 38.5091 -5.75741 0.230051 -0.973177 -0.00141547
-12.0405 38.7645 -5.75621 0.230055 -0.973177 -0.000616978
-10.8668 39.0426 -5.71838 0.23216 -0.972677 0.000114438
-9.67868 39.3281 -5.75681 0.235655 -0.971834 0.00250597
-8.46927 39.6231 -5.75948 0.239394 -0.970918 0.00291039
-7.33613 39.9055 -5.74286 0.243779 -0.969828 0.00199301
-6.09977 40.221 -5.74771 0.247961 -0.96877 0.000513983
-4.96282 40.5161 -5.81435 0.253583 -0.96731 0.00161819
-3.651 40.8675 -5.76389 0.260818 -0.965386 0.00174499
-2.71276 41.1221 -5.26803 0.263296 -0.964715 -8.74426e-05
-2.70399 41.1243 -4.14812 0.261876 -0.965101 -0.000462219
-2.67499 41.1326 -2.96138 0.26229 -0.964989 0.000784285
-2.65994 41.1379 -1.74832 0.263371 -0.964694 -0.000229106
-2.6673 41.1348 -0.355189 0.264039 -0.964511 -0.00118092
-2.67242 41.1321 0.985067 0.263978 -0.964529 -0.000349597
-2.66667 41.1326 2.29828 0.263714 -0.9646 -0.00088046
-2.65216 41.1336 3.61307 0.262275 -0.964989 -0.00292352
-2.68699 41.12 5.05561 0.263233 -0.96473 -0.00228073
-3.66872 40.8522 5.69134 0.260536 -0.965458 -0.00356818
-4.96434 40.5063 5.72896 0.255729 -0.966743 -0.00339608
-6.1822 40.1887 5.68557 0.250564 -0.96809 -0.00447073
-7.41226 39.8752 5.6826 0.244347 -0.969682 -0.00340716
-8.5442 39.5924 5.67002 0.240046 -0.970758 -0.00265515
-9.78899 39.2868 5.67534 0.237217 -0.971454 -0.00214068
-11.0588 38.9806 5.70817 0.232696 -0.972546 -0.00227234
-12.2058 38.7087 5.72336 0.229169 -0.973386 -0.000679677
-13.403 38.4288 5.69822 0.226797 -0.973942 0.000159094
-14.3937 38.1977 5.33326 0.226371 -0.97404 0.00125712
-14.5353 38.1639 4.7341 0.228068 -0.973645 0.000885745
-15.574 37.9206 4.82095 0.228737 -0.973481 0.00352342
-15.6163 37.9091 3.57685 0.230893 -0.972979 -0.000347978
-15.5736 37.9203 2.38786 0.22819 -0.973616 -0.000698511
-15.5902 37.9172 1.216 0.229326 -0.973347 -0.00216435
-15.5486 37.9296 -0.0596349 0.228214 -0.97361 -0.00147647
-15.5947 37.9201 -1.26881 0.228366 -0.973575 -0.000578235
-15.5265 37.9354 -2.6691 0.230826 -0.972995 -0.00034272
-15.5577 37.9277 -3.79747 0.232849 -0.972512 0.00136293
-15.6092 37.9143 -5.0967 0.239154 -0.970969 -0.00409773
-15.5374 37.9364 -6.28004 0.231503 -0.972831 -0.00255753
-14.4146 38.2046 -6.76471 0.231721 -0.97278 -0.00215833
-13.1361 38.5077 -6.84371 0.228229 -0.9736 -0.00339444
-12.0252 38.7675 -6.80339 0.226361 -0.974042 0.00109924
-10.7626 39.0634 -6.78208 0.228919 -0.973436 0.00419669
-9.67236 39.3246 -6.8226 0.234391 -0.972119 0.00663304
-8.57309 39.5939 -6.82275 0.240749 -0.970577 0.00443608
-7.2795 39.9171 -6.80318 0.243712 -0.969824 0.00674125
-5.98893 40.2438 -6.81845 0.248718 -0.968551 0.00698798
-4.75844 40.5659 -6.82995 0.258197 -0.966073 0.00593853
-3.42352 40.9255 -6.84111 0.262072 -0.965041 0.00373347
-2.27187 41.2407 -6.76036 0.267179 -0.963642 0.00283864
-1.63848 41.4184 -6.03507 0.268574 -0.963258 -0.00132286
-1.64416 41.4145 -4.69683 0.264885 -0.96428 -0.000968318
-1.66432 41.4091 -3.53108 0.26552 -0.964105 0.000318593
-1.62317 41.4211 -2.29694 0.264725 -0.964324 5.93556e-05
-1.64497 41.4153 -1.10711 0.266006 -0.963971 -0.000687673
-1.63696 41.4161 0.267693 0.263238 -0.964731 -0.000596562
-1.64273 41.4152 1.45289 0.26674 -0.963768 -0.00108559
-1.63824 41.4137 2.73939 0.26629 -0.963889 -0.00266898
-1.6329 41.4111 3.99646 0.264235 -0.964454 -0.00291075
-1.63592 41.4063 5.37454 0.26452 -0.964377 -0.00215312
-1.73484 41.3764 6.48445 0.266797 -0.963751 -0.000909309
-2.78013 41.0878 6.79734 0.263296 -0.964704 -0.00466647
-4.11075 40.7277 6.8016 0.258465 -0.966005 -0.00548134
-5.44131 40.375 6.79761 0.253752 -0.967247 -0.00646667
-6.57938 40.0808 6.78073 0.247034 -0.968989 -0.00591447
-7.77286 39.7794 6.74743 0.241815 -0.970295 -0.00701797
-8.89352 39.5039 6.71973 0.239011 -0.971016 -0.00161837
-10.2186 39.1799 6.74938 0.234973 -0.971998 -0.00278238
-11.4168 38.8924 6.78215 0.230025 -0.97317 -0.00542299
-12.7378 38.5815 6.77922 0.228294 -0.973572 -0.00621204
-14.1574 38.2562 6.70024 0.224891 -0.974375 0.00412355
-15.4219 37.9619 6.65912 0.226819 -0.973932 0.00307635
-15.5593 37.926 5.46134 0.227263 -0.973829 0.00278195
-15.5704 37.922 5.04847 0.227874 -0.973686 0.0030718
