35.1332 42.9735 3.35398 -0.269208 -0.963082 -0.000542213
35.1346 42.9736 2.40909 -0.270129 -0.962823 -0.00123568
35.1118 42.9799 1.42252 -0.268688 -0.963227 0.000909668
35.0955 42.9842 0.492972 -0.268955 -0.963153 -0.000157379
35.0706 42.9919 -0.553075 -0.270578 -0.962697 -0.000735697
35.0656 42.9937 -1.74414 -0.270926 -0.9626 -0.000173568
35.0152 43.0088 -2.70611 -0.271483 -0.962443 -0.000999886
35.0118 43.0101 -3.33973 -0.271168 -0.962532 -0.000380138
34.1474 43.2508 -3.53592 -0.264871 -0.964284 -0.000593594
34.1756 43.2421 -2.39504 -0.266327 -0.963882 -0.00104601
34.2051 43.2337 -1.47819 -0.267115 -0.963664 0.000398666
34.24 43.2231 -0.310981 -0.267671 -0.96351 -0.000717053
34.2687 43.215 0.800121 -0.268281 -0.96334 0.000317394
34.2721 43.2141 1.71837 -0.267993 -0.963421 8.26274e-05
34.3034 43.205 2.729 -0.267083 -0.963673 -0.000286756
34.3084 43.2034 3.32022 -0.266838 -0.963741 -0.00038318
33.4622 43.4374 3.28683 -0.266092 -0.963946 -0.00121621
33.4392 43.4441 2.34563 -0.264648 -0.964345 -0.000755993
33.4271 43.4474 1.41774 -0.265168 -0.964202 0.000609663
33.4235 43.4478 0.409287 -0.264426 -0.964406 -0.000335768
33.3879 43.4581 -0.910694 -0.263484 -0.964664 0.000168639
33.3206 43.4768 -1.89074 -0.264443 -0.964401 -0.000452654
33.3015 43.4824 -2.80062 -0.264183 -0.964473 -0.000323055
33.3011 43.4832 -3.64968 -0.263714 -0.964601 -0.000678711
32.4437 43.717 -3.61066 -0.262534 -0.964923 -0.000428011
32.4325 43.7197 -2.62286 -0.262358 -0.96497 -0.000514016
32.492 43.7025 -1.35904 -0.261446 -0.965217 -0.000994433
32.5353 43.6908 -0.400563 -0.261233 -0.965275 0.000761544
32.5607 43.6831 0.631819 -0.262548 -0.964918 9.73837e-05
32.5879 43.6765 1.75815 -0.261985 -0.965072 0.000500564
32.5922 43.6751 2.67553 -0.262786 -0.964854 -0.000978923
32.615 43.6678 3.55652 -0.26229 -0.964989 -0.000943
31.7423 43.904 3.40676 -0.259822 -0.965656 -0.000696801
31.7309 43.9079 2.40544 -0.259832 -0.965654 -0.000262345
31.7158 43.912 1.39013 -0.25982 -0.965657 6.02778e-05
31.6772 43.9221 0.414291 -0.259783 -0.965667 -0.00023523
31.6623 43.9265 -0.562906 -0.260866 -0.965375 -0.000257387
31.6112 43.9408 -1.55146 -0.26068 -0.965424 -0.00166044
31.5887 43.9482 -2.52234 -0.259422 -0.965764 -0.000593862
31.5623 43.9555 -3.65231 -0.259722 -0.965684 -3.32335e-05
30.7155 44.1829 -3.39399 -0.25828 -0.96607 2.08165e-05
30.7357 44.1767 -2.18866 -0.258168 -0.966099 -0.0010511
30.7742 44.1656 -1.21987 -0.256982 -0.966416 -0.000265623
30.8184 44.1533 -0.237162 -0.258974 -0.965884 -0.000653086
30.85 44.1441 0.81387 -0.258353 -0.966051 -0.000188591
30.8563 44.1426 1.92757 -0.258598 -0.965985 -6.83996e-05
30.8894 44.1336 3.11445 -0.259012 -0.965874 -0.000227355
30.8864 44.1344 3.1754 -0.259206 -0.965822 -0.000457289
29.9875 44.3741 3.48744 -0.25708 -0.96639 -0.000355912
30.0266 44.3642 2.50743 -0.257812 -0.966195 -0.000471037
30.0121 44.3682 1.57908 -0.256644 -0.966506 0.000213833
29.9901 44.3738 0.545914 -0.256989 -0.966414 9.60245e-05
29.9458 44.3857 -0.500628 -0.256642 -0.966506 -0.000463828
29.9207 44.3928 -1.46433 -0.25612 -0.966645 -0.000836246
29.8708 44.4069 -2.45723 -0.256739 -0.96648 -0.000581351
29.8372 44.4164 -3.39316 -0.25681 -0.966462 -0.000548267
28.9839 44.6428 -3.52617 -0.255045 -0.966929 -5.12166e-06
29.0267 44.6308 -2.55319 -0.254998 -0.966941 -0.000678792
29.0471 44.6243 -1.46371 -0.255787 -0.966733 -0.00105169
29.0678 44.6183 -0.539036 -0.255543 -0.966798 -0.000342372
29.113 44.6063 0.368675 -0.255584 -0.966787 0.000230285
29.1398 44.5994 1.54139 -0.255646 -0.966771 5.56903e-05
29.1586 44.5944 2.7393 -0.255392 -0.966838 -1.24537e-05
29.1345 44.6007 3.46331 -0.255455 -0.966821 -0.000242147
28.2707 44.8285 3.39356 -0.254735 -0.967011 -0.000281136
28.2955 44.8223 2.32069 -0.25489 -0.96697 -0.00023897
28.2797 44.8264 1.37502 -0.254935 -0.966958 0.000172395
28.2634 44.8306 0.399968 -0.255 -0.966941 0.000147881
28.1891 44.8503 -0.848389 -0.255058 -0.966926 -0.000189762
28.1928 44.85 -1.87144 -0.254526 -0.967066 -0.00083618
28.1385 44.865 -2.84602 -0.253969 -0.967212 -0.000674073
28.1198 44.8703 -3.44821 -0.25381 -0.967254 -0.000700426
27.2419 45.1005 -3.62147 -0.253095 -0.967441 -0.000489819
27.3075 45.0828 -2.60573 -0.253351 -0.967374 -0.000630491
27.3527 45.0704 -1.47353 -0.253935 -0.967221 -0.00046142
27.3349 45.0746 -0.348296 -0.253494 -0.967337 -0.000364107
27.4298 45.0495 0.795986 -0.253557 -0.96732 -2.78065e-06
27.4383 45.0474 1.85214 -0.253634 -0.9673 2.22546e-05
27.4194 45.0523 2.94293 -0.253629 -0.967302 -0.00013374
27.4011 45.057 3.45703 -0.253328 -0.96738 1.38989e-06
26.5288 45.285 3.61881 -0.252816 -0.967514 -0.000110487
26.5605 45.2769 2.63926 -0.252292 -0.967651 -0.000192384
26.5561 45.2782 1.48862 -0.252109 -0.967699 -0.00017212
26.5161 45.2887 0.318361 -0.252503 -0.967596 -9.47456e-05
26.4047 45.3182 -0.885503 -0.25289 -0.967495 -0.000326602
26.5234 45.2876 -2.0054 -0.252815 -0.967515 -0.000298998
26.4105 45.3175 -3.04765 -0.252544 -0.967585 -0.000470505
26.39 45.3231 -3.47747 -0.252632 -0.967562 -0.000559416
25.5542 45.5408 -3.49887 -0.251893 -0.967755 -0.000393528
25.6204 45.5232 -2.35752 -0.251998 -0.967728 -0.00034075
25.6634 45.5116 -1.35997 -0.252008 -0.967725 -0.000278493
25.6044 45.5266 -0.345972 -0.251742 -0.967794 -0.00033842
25.6389 45.5173 0.686969 -0.252367 -0.967632 -0.000189462
25.6567 45.5125 1.67394 -0.251828 -0.967772 -0.000253525
25.6992 45.5014 2.65847 -0.252146 -0.967689 -6.28472e-05
25.6518 45.5138 3.54634 -0.252025 -0.967721 2.55966e-05
24.7204 45.7561 3.54725 -0.251627 -0.967824 0.000157775
24.7204 45.756 2.57435 -0.251637 -0.967822 0.000235633
24.7204 45.756 1.47956 -0.251629 -0.967824 -0.000115653
24.7204 45.7562 0.391511 -0.251325 -0.967903 -5.44598e-05
24.7204 45.7565 -0.772655 -0.251471 -0.967865 -0.00040942
24.7204 45.7568 -1.7982 -0.25149 -0.96786 -0.000298789
24.7204 45.7573 -2.79943 -0.251391 -0.967886 -0.000585078
24.7204 45.7575 -3.39239 -0.251461 -0.967867 -0.000310069
23.9655 45.9536 -3.53315 -0.2511 -0.967961 -0.000328996
23.6814 46.0269 -2.43326 -0.251203 -0.967934 -0.0003667
23.6952 46.0229 -1.25932 -0.251222 -0.96793 -0.000258874
23.7309 46.0134 -0.23188 -0.251249 -0.967922 -0.000296823
23.8646 45.9785 0.667097 -0.251263 -0.967919 -9.41663e-05
23.6126 46.0438 1.67658 -0.251377 -0.967889 3.86162e-06
23.7945 45.9966 2.5787 -0.251307 -0.967907 2.15484e-05
23.666 46.0299 3.43267 -0.251263 -0.967919 5.55015e-05
22.7093 46.2782 3.27121 -0.25112 -0.967956 4.3776e-05
22.7855 46.2584 2.33238 -0.25104 -0.967977 4.65956e-05
22.8465 46.2426 1.30819 -0.251221 -0.96793 -0.000158915
22.9778 46.2087 0.34504 -0.251209 -0.967933 -4.02024e-05
22.7101 46.2784 -0.730211 -0.251196 -0.967936 -0.000200398
22.796 46.2565 -1.90337 -0.251275 -0.967916 -0.000262686
22.9773 46.2098 -3.0097 -0.251254 -0.967921 -0.000382258
23.1377 46.1684 -3.53765 -0.251188 -0.967938 -0.000300738
22.2 46.4117 -3.50482 -0.251167 -0.967944 -0.000348471
22.0156 46.4592 -2.61548 -0.251333 -0.967901 -0.000243281
21.8756 46.4953 -1.63794 -0.251287 -0.967913 -0.00035977
21.8994 46.4888 -0.603787 -0.251191 -0.967938 -0.000136728
22.062 46.4464 0.330071 -0.251178 -0.967941 -0.000122455
21.9983 46.4628 1.37023 -0.251187 -0.967939 -0.000156833
21.8815 46.493 2.57664 -0.251206 -0.967934 5.44182e-05
21.8459 46.5023 3.36028 -0.251277 -0.967915 0.000133102
21.0044 46.7208 3.56672 -0.251607 -0.96783 2.4586e-05
21.0271 46.7148 2.6344 -0.251588 -0.967834 0.000131057
21.1127 46.6927 1.6238 -0.251242 -0.967924 -8.97933e-05
21.1692 46.6781 0.412275 -0.251325 -0.967903 -0.000115432
21.0549 46.708 -0.542382 -0.251212 -0.967932 -0.000168473
21.0318 46.7143 -1.73683 -0.251302 -0.967909 -0.00028584
21.1517 46.6834 -2.64657 -0.251053 -0.967973 -0.000255637
21.3007 46.645 -3.51911 -0.250941 -0.968002 -0.0002071
20.4174 46.8743 -3.51948 -0.251411 -0.96788 -0.000241404
20.2884 46.9075 -2.53649 -0.251534 -0.967848 -0.000319516
20.1761 46.9365 -1.62814 -0.251369 -0.967891 -0.000279884
20.1737 46.9369 -0.587756 -0.251442 -0.967872 -7.31327e-05
20.2872 46.9073 0.382236 -0.251644 -0.96782 -5.47051e-05
20.2338 46.9212 1.40677 -0.251774 -0.967786 1.68836e-05
20.1696 46.9378 2.32855 -0.251686 -0.967809 -1.23268e-05
20.1544 46.9417 3.32674 -0.251681 -0.96781 0.000136014
20.1528 46.9422 3.52578 -0.251716 -0.967801 0.000187425
19.2783 47.1696 3.54219 -0.251836 -0.96777 -0.000171831
19.3061 47.1624 2.39343 -0.251745 -0.967794 -6.67483e-05
19.3311 47.156 1.45917 -0.251688 -0.967808 -9.07102e-06
19.3516 47.1506 0.447473 -0.251689 -0.967808 -1.95678e-05
19.3272 47.157 -0.507558 -0.25169 -0.967808 -5.10596e-05
19.324 47.1579 -1.46975 -0.251642 -0.96782 -0.000274851
19.4004 47.1382 -2.38592 -0.251492 -0.967859 -5.56181e-05
19.531 47.1045 -3.40385 -0.25142 -0.967878 -0.000220298
19.5327 47.104 -3.43197 -0.251332 -0.967901 -0.00011032
18.6579 47.3314 -3.59725 -0.251678 -0.967811 -0.000140898
18.569 47.3544 -2.68214 -0.251759 -0.96779 2.35176e-05
18.4758 47.3785 -1.54154 -0.251824 -0.967773 -8.16131e-05
18.4604 47.3824 -0.501899 -0.251758 -0.96779 -0.000134438
18.4925 47.3741 0.588619 -0.251772 -0.967787 7.20362e-05
18.4532 47.3843 1.82342 -0.251677 -0.967811 -1.22624e-05
18.4414 47.3873 2.8268 -0.251831 -0.967771 -8.89511e-06
18.434 47.3893 3.38561 -0.251897 -0.967754 -4.53848e-05
17.5876 47.6095 3.41103 -0.25185 -0.967766 8.80502e-05
17.593 47.6081 2.49089 -0.252053 -0.967714 -3.21172e-05
17.6224 47.6005 1.48448 -0.252009 -0.967725 8.13695e-05
17.6392 47.5962 0.482016 -0.251824 -0.967773 -0.000160245
17.5855 47.6102 -0.458831 -0.251887 -0.967757 5.64207e-05
17.6187 47.6016 -1.46378 -0.252024 -0.967721 -0.000106926
17.7025 47.5798 -2.44931 -0.25167 -0.967813 -0.000185527
17.7837 47.5588 -3.44978 -0.251866 -0.967762 -0.000140489
17.7903 47.5571 -3.5672 -0.251833 -0.967771 -0.000194989
16.9293 47.7812 -3.52006 -0.251816 -0.967775 -6.1914e-05
16.8345 47.8057 -2.41456 -0.251942 -0.967742 -5.9516e-05
16.7645 47.8239 -1.44737 -0.251971 -0.967735 3.20875e-05
16.7273 47.8336 -0.445096 -0.252072 -0.967709 1.6136e-05
16.7726 47.8218 0.608771 -0.252016 -0.967723 -2.84421e-05
16.7646 47.8238 1.79575 -0.252127 -0.967694 6.70294e-05
16.7212 47.8351 2.80654 -0.251925 -0.967747 -4.96132e-05
16.7338 47.8318 3.44087 -0.251975 -0.967734 -6.89151e-05
15.8741 48.0557 3.50982 -0.252129 -0.967694 7.61055e-06
15.8852 48.0529 2.59038 -0.252126 -0.967694 6.84322e-05
15.9164 48.0448 1.34464 -0.252125 -0.967695 5.78196e-05
15.8987 48.0494 0.203348 -0.252044 -0.967716 -4.47563e-05
15.88 48.0543 -0.727665 -0.252136 -0.967692 -0.000129463
15.9378 48.0393 -1.93753 -0.252047 -0.967715 3.68968e-05
16.0348 48.0141 -2.97698 -0.252089 -0.967704 3.75188e-05
16.0681 48.0054 -3.5801 -0.252037 -0.967718 -0.000131322
15.211 48.2287 -3.65496 -0.252215 -0.967671 3.6967e-05
15.1307 48.2496 -2.50302 -0.252102 -0.967701 -2.89012e-05
15.069 48.2657 -1.48212 -0.252147 -0.967689 -5.61802e-05
15.0386 48.2736 -0.554357 -0.252237 -0.967666 -8.12399e-05
15.0422 48.2725 0.377546 -0.252141 -0.967691 -3.38592e-05
15.0556 48.2691 1.31116 -0.25231 -0.967647 9.40592e-05
15.0432 48.2723 2.24684 -0.252195 -0.967676 4.41664e-05
15.0313 48.2754 3.35897 -0.252275 -0.967656 -4.26217e-05
14.1841 48.4963 3.25849 -0.252163 -0.967685 -2.73754e-05
14.1944 48.4936 2.07146 -0.252173 -0.967682 -6.49747e-05
14.1814 48.497 1.12685 -0.252263 -0.967659 2.78074e-05
14.1938 48.4938 -0.0774833 -0.252344 -0.967638 -1.34146e-05
14.2073 48.4903 -1.24926 -0.252331 -0.967641 6.95477e-05
14.238 48.4822 -2.3548 -0.25227 -0.967657 5.89577e-05
14.3294 48.4585 -3.26676 -0.252181 -0.96768 1.08887e-05
14.3373 48.4564 -3.41578 -0.252193 -0.967677 -5.83588e-05
19.3822 47.1434 -4.73107 -0.251313 -0.967906 -0.000256847
20.4065 46.8774 -4.76234 -0.251165 -0.967944 -3.14348e-05
21.6789 46.5472 -4.69307 -0.251211 -0.967932 -0.000224653
22.7875 46.2597 -4.68646 -0.251119 -0.967956 -0.000293743
23.9251 45.9646 -4.70033 -0.251281 -0.967914 -0.000472457
24.9811 45.6905 -4.73123 -0.25174 -0.967795 -0.000361651
26.1717 45.3807 -4.77163 -0.251826 -0.967773 -0.000274757
27.4502 45.0464 -4.70735 -0.2535 -0.967335 -0.000481835
28.5586 44.7554 -4.67817 -0.25448 -0.967078 -0.000554145
29.5995 44.4806 -4.71035 -0.256209 -0.966621 -0.000836339
30.7041 44.1866 -4.73736 -0.258525 -0.966004 -0.000787374
31.8988 43.8653 -4.7096 -0.260953 -0.965351 -0.000554955
33.062 43.5494 -4.7216 -0.263106 -0.964767 -0.000385462
34.1927 43.2384 -4.71943 -0.267147 -0.963656 -7.96488e-05
35.2754 42.9364 -4.72689 -0.271681 -0.962387 0.000130032
36.2258 42.6666 -4.47141 -0.273734 -0.961805 -0.000587776
36.2709 42.654 -3.24692 -0.27404 -0.961718 0.000176041
36.3475 42.632 -2.1451 -0.274002 -0.961728 0.00130498
36.3475 42.6324 -1.06945 -0.271987 -0.962301 -0.00019097
36.2916 42.6471 0.0693288 -0.27281 -0.962068 -0.000382788
36.2445 42.661 1.42825 -0.272812 -0.962067 0.000931404
36.3053 42.6435 2.47716 -0.272698 -0.962099 -0.0012582
36.3572 42.6289 3.84452 -0.271478 -0.962444 0.00095226
35.5398 42.86 4.6648 -0.270255 -0.962788 0.000544266
34.3944 43.1792 4.67455 -0.26681 -0.963749 0.000147521
33.362 43.4636 4.68545 -0.264696 -0.964332 -3.83448e-05
32.3123 43.7496 4.64581 -0.261432 -0.965221 0.000539629
31.2758 44.029 4.69389 -0.260318 -0.965523 -0.00046771
30.1907 44.3201 4.68354 -0.257519 -0.966273 -4.97491e-05
28.9697 44.6441 4.64864 -0.2553 -0.966862 0.000182018
27.9146 44.9224 4.64427 -0.254548 -0.96706 0.000128221
26.7907 45.2169 4.66487 -0.252782 -0.967523 0.000505854
25.7467 45.4893 4.69066 -0.252036 -0.967718 0.000443101
24.4267 45.8327 4.69503 -0.251468 -0.967866 0.000340959
23.0298 46.1953 4.63516 -0.251239 -0.967925 0.000274172
21.9138 46.4849 4.64921 -0.251194 -0.967937 0.00028562
20.8566 46.7593 4.619 -0.251317 -0.967905 0.000336868
19.7755 47.0403 4.63546 -0.251486 -0.967861 7.48533e-05
18.6573 47.3311 4.69219 -0.251903 -0.967752 0.000210048
17.4492 47.6456 4.68655 -0.251913 -0.96775 -7.04899e-05
16.3355 47.9356 4.67474 -0.252141 -0.96769 1.99593e-05
15.2774 48.2113 4.69139 -0.252091 -0.967703 0.00018129
14.2024 48.4915 4.68115 -0.252319 -0.967644 -7.86141e-05
13.1635 48.7625 4.4641 -0.252317 -0.967645 6.34271e-05
13.024 48.7988 3.19006 -0.252374 -0.96763 5.19576e-05
13.0111 48.8021 1.96895 -0.25221 -0.967672 -8.71562e-05
13.0431 48.7938 0.87858 -0.252405 -0.967622 -4.59993e-05
13.0477 48.7925 -0.168869 -0.252156 -0.967687 -4.04701e-05
13.0408 48.7944 -1.34689 -0.252355 -0.967635 2.50523e-06
13.0497 48.7921 -2.5826 -0.252237 -0.967665 -5.8056e-05
13.0691 48.787 -3.79843 -0.25234 -0.967639 4.92994e-05
13.4526 48.6871 -4.64405 -0.252234 -0.967666 -1.13115e-06
14.5868 48.3915 -4.76476 -0.252199 -0.967675 4.05888e-05
15.7521 48.0878 -4.75571 -0.252021 -0.967722 -7.00605e-05
16.9549 47.7747 -4.73222 -0.25195 -0.96774 -0.000147782
18.2248 47.4442 -4.73875 -0.251743 -0.967794 -2.87818e-05
19.002 47.2421 -4.7269 -0.251487 -0.967861 -0.00025113
18.9236 47.2626 -5.76766 -0.251382 -0.967888 8.35796e-05
17.7677 47.5632 -5.78622 -0.25173 -0.967798 -0.000134466
16.632 47.8588 -5.7813 -0.251895 -0.967755 -2.60017e-05
15.5256 48.1468 -5.81428 -0.251972 -0.967735 -0.000182001
14.2994 48.4663 -5.79208 -0.252169 -0.967683 -4.98064e-05
13.278 48.7326 -5.79189 -0.252251 -0.967662 1.73666e-05
12.1847 49.0176 -5.47513 -0.252266 -0.967658 -4.55576e-05
12.0219 49.0601 -4.43218 -0.252323 -0.967643 8.6976e-05
12.0431 49.0546 -3.38222 -0.252203 -0.967674 -5.11502e-05
12.0133 49.0624 -2.25095 -0.25236 -0.967633 7.27844e-05
11.9733 49.0727 -1.00793 -0.252452 -0.96761 2.85315e-05
12.0394 49.0555 0.0531532 -0.252354 -0.967635 -6.27598e-05
11.965 49.075 1.22476 -0.252301 -0.967649 -3.95788e-05
12.0237 49.0596 2.57465 -0.252381 -0.967628 -3.78343e-06
11.9976 49.0665 3.7003 -0.252244 -0.967664 -1.26385e-06
12.0178 49.0612 5.15709 -0.252413 -0.96762 -4.04218e-05
12.8957 48.8322 5.70611 -0.252417 -0.967618 -1.45783e-05
13.8997 48.5704 5.73841 -0.252333 -0.96764 -6.71221e-06
14.9909 48.286 5.74111 -0.252253 -0.967661 -2.49892e-05
16.2588 47.9555 5.71623 -0.25217 -0.967683 -4.89626e-05
17.3575 47.6693 5.75812 -0.251996 -0.967728 -3.03693e-05
18.6006 47.3459 5.76462 -0.251753 -0.967791 -3.34957e-05
19.7268 47.053 5.71323 -0.251543 -0.967846 0.000130544
20.8825 46.7528 5.68758 -0.251395 -0.967885 0.000114327
21.8894 46.4913 5.72504 -0.251083 -0.967966 0.00015447
22.9331 46.2207 5.70067 -0.250986 -0.967991 0.000221192
24.0034 45.943 5.71983 -0.25117 -0.967943 0.000444635
25.2159 45.6282 5.75644 -0.251772 -0.967786 0.000686305
26.4701 45.3012 5.74891 -0.252692 -0.967547 0.000554104
27.5779 45.0111 5.72465 -0.254047 -0.967192 0.00011079
28.628 44.7348 5.69649 -0.255479 -0.966814 0.000395491
29.7495 44.4377 5.71676 -0.256964 -0.966421 0.000138206
30.8731 44.1378 5.76919 -0.258282 -0.96607 0.000432646
32.1019 43.8069 5.71683 -0.260503 -0.965472 0.00134063
33.4076 43.4519 5.72311 -0.263996 -0.964523 0.000937097
34.6047 43.1219 5.73798 -0.267855 -0.963458 0.00128577
35.6517 42.8291 5.74752 -0.271018 -0.962574 0.000401452
36.8396 42.4925 5.69744 -0.273498 -0.961872 0.00050728
37.3242 42.3547 4.90744 -0.275182 -0.961392 -0.000644116
37.4046 42.3311 3.81475 -0.27509 -0.961418 0.000541987
37.3498 42.3464 2.70514 -0.274817 -0.961497 -0.000356391
37.2695 42.3699 1.45275 -0.273924 -0.961751 -4.61993e-06
37.2981 42.3615 0.105651 -0.274363 -0.961626 0.000127189
37.3771 42.3389 -1.03966 -0.274575 -0.961565 0.000595928
37.3583 42.3431 -2.15366 -0.275718 -0.961238 0.00107646
37.3241 42.3523 -3.20526 -0.276855 -0.960911 0.00107421
37.3182 42.3533 -4.2826 -0.278008 -0.960579 0.000325537
37.3036 42.3577 -5.35938 -0.277174 -0.96082 -0.000488651
36.5073 42.5871 -5.78088 -0.275489 -0.961304 -0.000560542
35.3715 42.91 -5.77313 -0.271338 -0.962484 -0.000672377
34.2413 43.226 -5.78838 -0.266346 -0.963877 -0.00122792
33.044 43.5552 -5.79703 -0.263992 -0.964524 -0.00161008
32.034 43.83 -5.72776 -0.261735 -0.965139 -0.00117666
30.8402 44.1516 -5.77363 -0.259127 -0.965842 -0.00142876
29.755 44.4405 -5.77757 -0.255771 -0.966736 -0.00155649
28.6019 44.7447 -5.72882 -0.254464 -0.967081 -0.00155886
27.3414 45.0756 -5.77283 -0.253242 -0.967403 -0.000555954
26.0976 45.4005 -5.83477 -0.252121 -0.967695 -0.000650036
24.9022 45.7115 -5.79297 -0.251621 -0.967825 -0.00069933
23.7446 46.0119 -5.7633 -0.251064 -0.96797 -0.000429557
22.5307 46.3266 -5.74065 -0.251007 -0.967985 -0.000468278
21.4409 46.6092 -5.76674 -0.25106 -0.967971 -0.000225303
20.3071 46.9033 -5.78088 -0.251228 -0.967928 -4.46666e-05
19.2674 47.1734 -5.76761 -0.251341 -0.967899 0.000211517
19.3384 47.1549 -6.78927 -0.25138 -0.967888 4.782e-05
20.3391 46.8951 -6.83863 -0.250979 -0.967993 8.51257e-05
21.3875 46.6233 -6.80281 -0.25086 -0.968023 -0.000118259
22.5332 46.3264 -6.81155 -0.25099 -0.96799 -0.000385175
23.557 46.0611 -6.84315 -0.250733 -0.968056 -0.000636468
24.5775 45.7966 -6.86634 -0.250894 -0.968014 -0.000803024
25.9126 45.4496 -6.86496 -0.252034 -0.967718 -0.00109009
26.9681 45.1745 -6.84759 -0.252655 -0.967555 -0.00134623
28.0714 44.8856 -6.78877 -0.253801 -0.967256 -0.000883953
29.3067 44.5609 -6.84753 -0.254949 -0.966953 -0.00183021
30.4219 44.2651 -6.82797 -0.256645 -0.966504 -0.00185821
31.5439 43.9641 -6.7914 -0.261339 -0.965245 -0.00208008
32.729 43.6431 -6.84021 -0.262379 -0.964963 -0.00163066
33.7644 43.3594 -6.83493 -0.265363 -0.964147 -0.00177822
34.8887 43.0481 -6.81444 -0.269975 -0.962859 -0.00390715
36.0561 42.7178 -6.82957 -0.275327 -0.96135 -0.00146365
37.1752 42.3968 -6.84852 -0.279009 -0.960281 -0.00356091
38.2285 42.0908 -6.70669 -0.279025 -0.960284 -0.000611709
38.3905 42.0431 -5.48485 -0.278248 -0.960508 -0.001267
38.3676 42.0485 -4.39481 -0.281408 -0.959588 -0.000813832
38.3776 42.0478 -3.25824 -0.27854 -0.960423 0.00160721
38.3528 42.0568 -2.1957 -0.277585 -0.9607 0.00140438
38.3819 42.0516 -1.01181 -0.276251 -0.961082 0.00278461
38.3244 42.0688 0.2078 -0.274753 -0.961515 -0.000597935
38.2987 42.0755 1.40853 -0.275832 -0.961206 -0.000782192
38.35 42.0604 2.47394 -0.275564 -0.961283 0.000179442
38.3833 42.0509 3.5794 -0.275289 -0.961362 0.000184916
38.4096 42.0436 4.66531 -0.275917 -0.961181 -0.000367443
38.3111 42.0718 5.69945 -0.276028 -0.96115 0.000196521
38.0259 42.1543 6.73202 -0.27672 -0.96095 0.000902301
36.9855 42.4521 6.83122 -0.274558 -0.96157 0.00132304
35.979 42.7383 6.81755 -0.27136 -0.962477 0.00138919
34.8818 43.0466 6.81992 -0.268571 -0.963254 0.00348584
33.8296 43.338 6.79969 -0.264847 -0.964287 0.0024965
32.5694 43.6826 6.82824 -0.262077 -0.965043 0.0026254
31.4501 43.9846 6.80469 -0.259454 -0.965754 0.00159382
30.3657 44.2747 6.81206 -0.25786 -0.966181 0.00164593
29.3205 44.5526 6.77168 -0.255937 -0.966693 0.000767073
28.0714 44.8825 6.79654 -0.254648 -0.967033 0.00135252
27.0422 45.1527 6.80962 -0.253251 -0.9674 0.0012257
25.8657 45.4597 6.78847 -0.25241 -0.96762 0.00115912
24.767 45.7456 6.80054 -0.251452 -0.967869 0.000809729
23.7293 46.0148 6.7707 -0.250923 -0.968007 0.000391509
22.625 46.301 6.82357 -0.25075 -0.968052 0.000310386
21.567 46.5752 6.79064 -0.251164 -0.967945 9.7109e-05
20.4425 46.8671 6.75397 -0.251345 -0.967897 3.27936e-05
19.3298 47.1563 6.78512 -0.251706 -0.967804 7.95991e-05
18.1362 47.4667 6.8277 -0.251805 -0.967778 2.15063e-05
17.1159 47.7322 6.78932 -0.252168 -0.967683 -1.07258e-05
16.0069 48.0211 6.78078 -0.25216 -0.967686 -0.000267696
14.9103 48.3069 6.79935 -0.252267 -0.967658 -8.38043e-05
13.7388 48.6123 6.8105 -0.252194 -0.967677 7.61183e-05
12.5728 48.9164 6.77952 -0.252332 -0.967641 -9.58028e-05
11.4931 49.198 6.80766 -0.252342 -0.967638 -1.03861e-05
10.9535 49.3388 6.01159 -0.252462 -0.967607 4.12578e-06
10.9611 49.3368 4.58609 -0.252608 -0.967569 8.74906e-05
10.999 49.3269 3.43597 -0.252474 -0.967604 0.000126713
10.9614 49.3367 2.24458 -0.252468 -0.967605 -1.99669e-05
10.8952 49.354 1.20835 -0.252525 -0.96759 1.75668e-05
10.9767 49.3327 0.163492 -0.252456 -0.967608 -7.07848e-05
10.9251 49.3461 -0.948889 -0.252476 -0.967603 -1.30749e-05
10.9749 49.3332 -2.36589 -0.252324 -0.967643 -0.000163435
11.0196 49.3215 -3.4418 -0.252335 -0.96764 -2.72342e-05
10.9948 49.328 -4.61142 -0.252495 -0.967598 -2.06367e-05
10.9778 49.3324 -5.89726 -0.252422 -0.967617 3.64054e-06
11.3665 49.2311 -6.79055 -0.252358 -0.967634 -6.3517e-05
12.5369 48.9258 -6.86142 -0.252296 -0.96765 -3.68388e-05
13.7091 48.6202 -6.86383 -0.252205 -0.967674 -2.71725e-05
14.9306 48.3019 -6.85091 -0.252155 -0.967687 3.91719e-05
16.151 47.984 -6.84959 -0.251955 -0.967739 0.000229723
17.2527 47.6972 -6.80117 -0.251938 -0.967743 0.000199778
18.3412 47.4141 -6.8249 -0.25163 -0.967824 0.000155849
19.0708 47.2244 -6.79149 -0.251455 -0.967869 2.21713e-05
