-26.1772 36.5655 3.41693 0.0662215 -0.997775 0.00761909
-26.2657 36.5551 2.17751 0.0694188 -0.997578 0.00428562
-26.359 36.5438 1.26558 0.0696934 -0.997538 0.00622699
-26.3974 36.5391 0.290944 0.0721235 -0.997356 -0.00310281
-26.3735 36.5381 -0.583076 0.0673007 -0.99773 0.00235581
-26.3431 36.5373 -1.75099 0.0812022 -0.996679 0.00606597
-26.4055 36.5289 -2.716 0.061806 -0.998062 0.00722052
-26.4664 36.5216 -3.14369 0.0614004 -0.998099 0.00535065
-27.2827 36.4724 -3.55699 0.0544878 -0.998505 0.00417379
-27.2026 36.48 -2.35754 0.0633308 -0.997988 0.00313265
-27.1679 36.4858 -1.42554 0.0589066 -0.998256 0.00326845
-27.2228 36.4863 -0.184253 0.0516976 -0.998644 0.00595265
-27.2231 36.4908 0.85736 0.0576159 -0.998336 0.00037346
-27.1565 36.4969 1.71679 0.060169 -0.998158 0.00782793
-26.9941 36.5118 2.92135 0.0570388 -0.998369 0.00243654
-26.9987 36.5128 3.47008 0.0584268 -0.998286 0.00308029
-27.8251 36.4672 3.60877 0.0511141 -0.998686 0.00348347
-27.8851 36.4631 2.52036 0.0496921 -0.998764 -0.000567331
-28.004 36.4527 1.62453 0.0483981 -0.99882 0.00372375
-28.0909 36.4467 0.721901 0.045456 -0.998963 0.00259135
-28.0236 36.4448 -0.330613 0.0463542 -0.998917 0.00132257
-27.9654 36.4456 -1.28557 0.0405119 -0.999173 0.0021003
-27.9899 36.442 -2.16709 0.0475953 -0.998862 0.00313946
-28.1336 36.4314 -3.07105 0.0431704 -0.999052 0.00530427
-28.1203 36.4287 -3.53624 0.0390533 -0.999209 0.00745341
-28.9861 36.3955 -3.49073 0.036334 -0.999329 0.00436771
-28.8625 36.4035 -2.46525 0.0403898 -0.999184 0.000987092
-28.773 36.4097 -1.56803 0.0376155 -0.999277 0.00527606
-28.8308 36.4118 -0.620151 0.0385456 -0.999251 0.00259697
-28.9095 36.4102 0.320412 0.0376011 -0.99929 0.00230705
-28.9021 36.4132 1.28207 0.0396134 -0.999212 0.000978422
-28.7617 36.4204 2.37333 0.043223 -0.999059 0.00353332
-28.6343 36.4291 3.40502 0.0420206 -0.999115 0.00151827
-28.648 36.4285 3.60048 0.0413292 -0.999145 0.000850428
-29.5509 36.3927 3.54353 0.0344144 -0.999403 0.00210215
-29.628 36.387 2.45029 0.0328767 -0.99945 0.00400024
-29.7235 36.3829 1.36073 0.0314794 -0.999504 -0.000285057
-29.6817 36.3833 0.514429 0.0335501 -0.999437 0.000858541
-29.7091 36.3817 -0.682136 0.0319723 -0.999489 8.92439e-05
-29.5934 36.3806 -1.57267 0.0336081 -0.999425 0.00457089
-29.7159 36.3733 -2.58908 0.0314955 -0.999499 -0.00160561
-29.8639 36.3683 -3.55969 0.0285495 -0.999592 0.000888625
-30.6484 36.35 -3.51843 0.0223014 -0.999751 -0.000423234
-30.5725 36.351 -2.64748 0.0231569 -0.999731 -0.00106028
-30.5057 36.3534 -1.78544 0.0255306 -0.999665 0.0035223
-30.5817 36.3552 -0.640809 0.0300156 -0.999546 0.00261713
-30.5181 36.3576 0.364986 0.0286002 -0.999591 -0.000529215
-30.5415 36.3578 1.32063 0.0282237 -0.9996 0.00195837
-30.6016 36.3574 2.21875 0.0278381 -0.999612 0.00102333
-30.564 36.3603 3.06761 0.0292195 -0.999571 0.00221471
-30.5188 36.3624 3.493 0.0292665 -0.999571 0.00067307
-31.4509 36.3355 3.44656 0.0270714 -0.999633 0.000837041
-31.36 36.3372 2.64015 0.0267792 -0.999641 0.00115621
-31.3991 36.3351 1.77703 0.025123 -0.999684 0.000406145
-31.36 36.3358 0.870455 0.0256189 -0.999672 0.000511204
-31.36 36.3357 -0.0146797 0.0238165 -0.999716 -0.000310149
-31.37 36.3344 -1.12507 0.0229601 -0.999734 0.00219162
-31.36 36.3335 -2.17356 0.0210684 -0.999778 -3.9262e-05
-31.36 36.3337 -3.04288 0.0226078 -0.999744 -0.000917637
-31.36 36.3341 -3.48333 0.0222229 -0.999753 -0.000965487
-32.2301 36.3163 -3.65163 0.0190518 -0.999817 -0.00160067
-32.3424 36.3134 -2.62949 0.0198239 -0.999803 -0.000389639
-32.2896 36.3142 -1.37972 0.0207012 -0.999786 -0.000329965
-32.1881 36.3161 -0.541247 0.021703 -0.999764 -0.00032095
-32.2984 36.3134 0.401406 0.0234961 -0.999724 -0.000353364
-32.4158 36.3101 1.29361 0.023033 -0.999734 -0.000609827
-32.6472 36.3042 2.20715 0.0238165 -0.999716 -0.00027358
-32.556 36.3063 3.28355 0.0248308 -0.999692 0.000240849
-33.3412 36.2875 3.32199 0.0234578 -0.999725 -0.000250546
-33.5077 36.2844 2.45817 0.02205 -0.999756 -0.00155519
-33.3592 36.2889 1.27288 0.0217522 -0.999763 -0.000498078
-33.1759 36.2937 0.243248 0.0214976 -0.999768 -0.00100074
-33.0234 36.2986 -0.827199 0.0203493 -0.999791 -0.00157998
-33.1417 36.2971 -1.69325 0.0196566 -0.999807 -0.000512802
-33.2249 36.2964 -2.62266 0.0187661 -0.999823 -0.00110057
-33.1562 36.2989 -3.57882 0.0184186 -0.999829 -0.00156115
-34.0014 36.2838 -3.61071 0.0172006 -0.99985 -0.00200899
-34.043 36.2815 -2.70747 0.0175565 -0.999845 -0.00141648
-33.964 36.2811 -1.45596 0.0190373 -0.999818 -0.0015227
-33.8989 36.2803 -0.554424 0.0191433 -0.999814 -0.00216568
-34.035 36.2762 0.302218 0.0190324 -0.999818 -0.00137618
-34.2752 36.2698 1.4941 0.0199036 -0.999801 -0.000851112
-34.2851 36.268 2.42363 0.0204336 -0.99979 -0.00176428
-34.1392 36.2695 3.28497 0.021005 -0.999779 -0.000879219
-34.1136 36.2701 3.35862 0.0216146 -0.999766 -0.000350066
-34.878 36.2539 3.4866 0.020722 -0.999784 -0.00176224
-35.0937 36.2518 2.28143 0.0206929 -0.999782 -0.00265322
-35.0678 36.2553 1.3018 0.0191321 -0.999814 -0.00230496
-34.9029 36.2599 0.428759 0.0179337 -0.999836 -0.002298
-34.758 36.2653 -0.793017 0.0174713 -0.999844 -0.00240474
-34.8314 36.2665 -1.7119 0.0157246 -0.999873 -0.00260347
-34.8774 36.2676 -2.73328 0.0147988 -0.999889 -0.0019172
-34.8487 36.2695 -3.49872 0.0150458 -0.999884 -0.00220467
-35.6701 36.2572 -3.32735 0.0136691 -0.999905 -0.00179998
-35.7004 36.2547 -2.28691 0.0145302 -0.999891 -0.00267025
-35.6436 36.2529 -1.40554 0.0151493 -0.999878 -0.00369968
-35.6114 36.25 -0.407416 0.015694 -0.999873 -0.00282243
-35.7852 36.2444 0.644307 0.0158756 -0.99987 -0.00274139
-35.8986 36.2385 1.84439 0.0166186 -0.999854 -0.003848
-35.8052 36.2362 2.91244 0.0182577 -0.999827 -0.00353928
-35.692 36.2375 3.4465 0.0200045 -0.999797 -0.00216151
-35.1106 36.2677 -4.69248 0.0151472 -0.999884 -0.00175785
-36.4453 36.2502 -4.6713 0.011669 -0.999929 -0.00221214
-37.4179 36.2398 -4.2452 0.00771733 -0.999968 -0.00198767
-37.4634 36.2374 -3.16483 0.00662682 -0.999976 -0.0019053
-37.5027 36.2344 -1.99695 0.00703526 -0.999963 -0.00489932
-37.5162 36.2288 -0.902191 0.00759105 -0.999961 -0.00453787
-37.4976 36.2245 0.208404 0.00915692 -0.999946 -0.00490826
-37.4876 36.2182 1.4054 0.0106313 -0.99993 -0.00513326
-37.478 36.2111 2.79902 0.0127841 -0.999904 -0.00541358
-37.4624 36.2046 3.95874 0.0139436 -0.999889 -0.00508802
-36.8623 36.2115 4.64877 0.0186678 -0.999821 -0.00302717
-35.7504 36.2334 4.61115 0.0212008 -0.999772 -0.00246265
-34.6992 36.2559 4.59713 0.0214691 -0.999768 -0.00183001
-33.5064 36.283 4.60942 0.0235135 -0.999724 -5.17241e-05
-32.3438 36.3118 4.62997 0.0257988 -0.999667 -7.4684e-05
-31.2358 36.342 4.62455 0.0280171 -0.999607 -0.000254841
-29.8276 36.3841 4.63757 0.0347711 -0.999392 8.01983e-05
-28.5841 36.4326 4.66695 0.0402692 -0.999189 0.000669888
-27.2206 36.5018 4.66007 0.0618167 -0.998087 -0.000460814
-26.0835 36.5773 4.64007 0.073174 -0.997319 0.000468984
-24.8224 36.6859 4.50721 0.0978957 -0.995195 -0.00177994
-24.6429 36.7036 3.44789 0.102412 -0.994737 0.00329779
-24.6278 36.7039 2.38524 0.105779 -0.994374 0.00508173
-24.591 36.7027 1.25911 0.101385 -0.99484 0.00368468
-24.6413 36.696 0.156301 0.111537 -0.99376 -3.40659e-05
-24.6869 36.6894 -0.999367 0.100115 -0.994972 0.00267958
-24.7044 36.6778 -2.25563 0.0992577 -0.994998 0.0112551
-24.773 36.6605 -3.44318 0.101318 -0.994844 0.00319837
-25.0419 36.6267 -4.49138 0.0965122 -0.995281 0.0097342
-26.1038 36.5389 -4.58433 0.0702922 -0.997447 0.0125349
-27.2338 36.467 -4.65697 0.0543215 -0.998496 0.00741316
-28.4901 36.4096 -4.73603 0.0322743 -0.999478 0.00119589
-29.8551 36.3685 -4.69827 0.0263162 -0.999648 -0.00114952
-31.1021 36.3403 -4.70411 0.0213983 -0.999771 -0.000524962
-32.1465 36.3193 -4.7119 0.01894 -0.99982 -0.00123842
-33.5056 36.2942 -4.70637 0.0177662 -0.999841 -0.00158843
-34.724 36.2736 -4.72078 0.0158269 -0.999873 -0.00155896
-34.7416 36.2733 -4.71994 0.0153314 -0.999881 -0.00157248
-34.7641 36.2748 -5.76082 0.0158273 -0.999874 -0.00071017
-35.8562 36.2588 -5.75426 0.0128667 -0.999916 -5.31731e-05
-36.9019 36.2467 -5.73155 0.010515 -0.999943 -0.00134976
-38.0349 36.2361 -5.69434 0.0074889 -0.999971 -8.88009e-05
-38.5372 36.2334 -4.77831 0.00601429 -0.999981 -0.000961837
-38.535 36.232 -3.69008 0.00446712 -0.999989 -0.00161918
-38.5554 36.2288 -2.44944 0.00454549 -0.999982 -0.00389332
-38.5722 36.2222 -1.06015 0.00664707 -0.999966 -0.00480624
-38.5544 36.2157 0.162962 0.00604898 -0.99996 -0.00646653
-38.5818 36.2065 1.54379 0.00867793 -0.999944 -0.00603731
-38.5533 36.1984 2.8772 0.0102787 -0.999923 -0.00694797
-38.5558 36.1914 3.95368 0.0107207 -0.999928 -0.0054005
-38.5404 36.1862 5.03989 0.011131 -0.999924 -0.00524342
-37.831 36.1923 5.71697 0.016619 -0.999847 -0.00548696
-36.6989 36.2121 5.71878 0.0194591 -0.999805 -0.00341587
-35.3424 36.2402 5.66801 0.0217814 -0.999762 -0.0014651
-34.2891 36.2637 5.66993 0.0229232 -0.999736 -0.00134583
-33.0549 36.2929 5.70265 0.0250343 -0.999686 -0.000796372
-31.7743 36.3265 5.69988 0.0275397 -0.99962 -0.00145217
-30.5848 36.3606 5.68318 0.0291697 -0.999574 -0.00116572
-29.4212 36.3999 5.7147 0.0392998 -0.999227 -4.0631e-05
-28.2176 36.4483 5.75485 0.0454197 -0.998963 -0.000632581
-26.9843 36.5153 5.70774 0.0623931 -0.998047 0.00268725
-25.8642 36.5947 5.7236 0.0797777 -0.996813 0.000207987
-24.4826 36.7161 5.69317 0.103671 -0.994581 -0.00358816
-23.6063 36.817 5.09571 0.121587 -0.992576 -0.00316806
-23.5873 36.8232 3.87796 0.11868 -0.992929 -0.00251451
-23.5785 36.8236 2.61924 0.120563 -0.992703 0.00226291
-23.5375 36.8243 1.5479 0.122015 -0.992515 0.00497889
-23.5795 36.8161 0.396447 0.122092 -0.992498 0.00534484
-23.6058 36.8091 -0.762546 0.111045 -0.993767 0.00981176
-23.6359 36.7961 -1.85154 0.114538 -0.993377 0.009059
-23.6575 36.7831 -3.01511 0.11048 -0.993857 0.0064522
-23.7958 36.759 -4.23029 0.110737 -0.99378 0.0117478
-23.8414 36.7456 -5.35081 0.109889 -0.993937 0.00355675
-25.0677 36.6123 -5.71019 0.098116 -0.995135 0.00868815
-26.1368 36.5247 -5.65879 0.0669521 -0.997715 0.0090408
-27.2211 36.4589 -5.73806 0.0518683 -0.998619 0.00796615
-28.2693 36.413 -5.80157 0.035489 -0.999345 0.00477366
-29.5013 36.3781 -5.75711 0.0255879 -0.999667 0.00223563
-30.6552 36.3505 -5.76441 0.0214499 -0.99977 1.99057e-05
-31.9853 36.3231 -5.74673 0.0191964 -0.999816 -0.000342962
-33.0535 36.3034 -5.76407 0.0177967 -0.999842 4.94883e-05
-34.3661 36.2811 -5.76114 0.0159766 -0.999872 -0.00103085
-34.4997 36.2789 -5.75973 0.0158865 -0.999873 -0.00138314
-34.5087 36.279 -6.80699 0.0156767 -0.999877 0.000294688
-33.4292 36.2966 -6.83133 0.0170973 -0.999853 0.000885236
-32.328 36.3165 -6.81017 0.0189749 -0.99982 0.000524461
-31.1241 36.3399 -6.82183 0.0187349 -0.999823 -0.0019119
-29.7051 36.3676 -6.79142 0.0200014 -0.999783 0.00577543
-28.5197 36.3954 -6.82908 0.0279485 -0.99954 0.0109403
-27.3546 36.4403 -6.83482 0.0447248 -0.998903 0.0135911
-26.1767 36.5095 -6.76732 0.0635735 -0.997807 0.0183131
-25.133 36.5879 -6.79009 0.0797799 -0.996582 0.0213175
-24.0305 36.7031 -6.82673 0.113328 -0.993354 0.0200981
-22.9579 36.8348 -6.70297 0.138319 -0.990265 0.015556
-22.7373 36.8741 -5.55224 0.12661 -0.991946 0.00163376
-22.773 36.8763 -4.42085 0.121287 -0.99258 0.00864425
-22.6002 36.909 -3.21571 0.12364 -0.99227 0.0106126
-22.5847 36.9188 -2.06205 0.125801 -0.992038 0.00582163
-22.5358 36.9373 -0.831398 0.130989 -0.991349 0.00831517
-22.4931 36.9524 0.490468 0.132365 -0.991156 0.00897471
-22.5296 36.9528 1.74412 0.131963 -0.991249 0.00345531
-22.513 36.9632 2.9349 0.134968 -0.990818 0.00781608
-22.5187 36.9623 4.01892 0.132928 -0.991123 -0.00227108
-22.5161 36.9582 5.28023 0.139923 -0.990146 -0.00555804
-22.5776 36.9423 6.33652 0.140458 -0.990024 -0.0105932
-23.6546 36.7958 6.7591 0.121904 -0.99235 -0.0187363
-24.797 36.6731 6.77279 0.0966623 -0.995176 -0.015137
-25.8733 36.5863 6.77745 0.0743145 -0.99715 -0.0120022
-27.1872 36.4967 6.78684 0.0597899 -0.998149 -0.0108337
-28.281 36.4436 6.8003 0.0448731 -0.998992 -0.00133938
-29.471 36.3958 6.75393 0.0357111 -0.999349 -0.00495154
-30.5922 36.3582 6.75689 0.0300027 -0.999544 -0.00334663
-31.9164 36.3207 6.78519 0.0273962 -0.999623 -0.00194208
-33.1129 36.2908 6.73546 0.0241741 -0.999708 -8.789e-05
-34.2925 36.262 6.74223 0.0247718 -0.99969 -0.00216271
-35.3879 36.2359 6.75413 0.0217044 -0.999758 -0.00361918
-36.5882 36.2105 6.79062 0.0200686 -0.999791 -0.00387625
-37.7003 36.19 6.76392 0.0186124 -0.999816 -0.00445548
-39.1264 36.1688 6.78576 0.0103157 -0.999914 -0.00805244
-39.6081 36.1695 5.93377 0.0100858 -0.999928 -0.00641549
-39.6515 36.1764 4.73562 0.00930643 -0.99994 -0.0057421
-39.6351 36.1835 3.60029 0.00854601 -0.999942 -0.0064908
-39.6297 36.1923 2.30568 0.00882768 -0.999938 -0.00678633
-39.6466 36.2012 1.07608 0.00726286 -0.999936 -0.00850324
-39.611 36.2102 -0.0059994 0.00539145 -0.999954 -0.00791075
-39.6166 36.2173 -1.15918 0.00388102 -0.999979 -0.0052524
-39.6144 36.2227 -2.21145 0.00330562 -0.999978 -0.00574511
-39.6404 36.2278 -3.34162 0.00129546 -0.999994 -0.00308412
-39.608 36.2299 -4.45662 0.000959939 -0.999999 -0.000537268
-39.614 36.2296 -5.59 9.79507e-05 -0.999998 0.00190926
-39.4212 36.2268 -6.66257 0.000887156 -0.999994 0.00318123
-38.1135 36.233 -6.78213 0.00835176 -0.999954 0.00469132
-37.0185 36.244 -6.78902 0.0117324 -0.999929 0.00220913
-35.909 36.2586 -6.78841 0.0148792 -0.999889 -0.000285434
-34.7591 36.275 -6.80883 0.0142241 -0.999897 0.000626149
