34.9261 43.5507 3.4235 -0.268214 -0.963359 0.000114249
34.9572 43.5421 2.37835 -0.267317 -0.963608 -0.00119527
34.9779 43.5365 1.27574 -0.268144 -0.963379 0.000365021
34.9791 43.5359 0.146611 -0.267471 -0.963566 -0.000371014
34.9765 43.5375 -0.868202 -0.267272 -0.963621 -0.000213864
34.964 43.5407 -1.79945 -0.26766 -0.963514 4.19262e-05
34.9215 43.5529 -2.94801 -0.267568 -0.963538 -0.000916073
34.9227 43.5535 -3.52265 -0.266378 -0.963868 -0.000808558
34.079 43.7856 -3.52214 -0.264755 -0.964316 5.54764e-05
34.0858 43.7841 -2.29387 -0.264748 -0.964318 0.000154678
34.1407 43.7686 -1.15897 -0.265299 -0.964166 1.75419e-05
34.1344 43.7696 0.127955 -0.265602 -0.964082 -0.000398241
34.1335 43.7705 1.42777 -0.265344 -0.964154 0.000532896
34.1082 43.7773 2.44486 -0.265934 -0.963991 -0.000289768
34.0888 43.7823 3.31377 -0.264814 -0.964299 -0.000343122
33.2382 44.0148 3.45752 -0.262257 -0.964998 -0.00052923
33.243 44.0145 2.37148 -0.262612 -0.964901 -0.00101405
33.283 44.0038 1.31041 -0.263844 -0.964565 0.000282452
33.3056 43.9972 0.253542 -0.26317 -0.964748 8.7681e-05
33.2799 44.0048 -0.675634 -0.2637 -0.964605 3.62762e-05
33.2598 44.0105 -1.76944 -0.263415 -0.964682 -6.02722e-05
33.2332 44.0173 -2.76165 -0.262988 -0.964799 0.00048103
33.2262 44.0188 -3.63759 -0.263056 -0.96478 0.000208982
32.3753 44.2502 -3.61646 -0.261889 -0.965098 -0.000401389
32.3737 44.251 -2.60083 -0.260736 -0.96541 7.92461e-05
32.4233 44.238 -1.56772 -0.260769 -0.965401 0.000517281
32.4329 44.2348 -0.643297 -0.260043 -0.965597 -0.000105682
32.445 44.2306 0.420472 -0.261475 -0.965209 -0.000913828
32.4275 44.2356 1.34013 -0.260848 -0.96538 0.000399635
32.3896 44.2459 2.31042 -0.260352 -0.965514 -0.000576398
32.3843 44.2468 3.22917 -0.260606 -0.965445 -0.000356044
32.387 44.246 3.49003 -0.260544 -0.965462 -0.000270639
31.5369 44.475 3.39416 -0.25935 -0.965783 -0.000341273
31.5332 44.4762 2.12518 -0.259077 -0.965857 -0.000282109
31.5911 44.4607 0.950375 -0.259083 -0.965855 0.000127665
31.5752 44.4652 -0.107905 -0.259376 -0.965776 -0.000448228
31.5676 44.4679 -1.07917 -0.259188 -0.965827 -0.000814519
31.5467 44.474 -2.09184 -0.259426 -0.965763 0.000268824
31.4778 44.4924 -3.30543 -0.258943 -0.965892 0.000239902
31.5078 44.4844 -3.57589 -0.258625 -0.965977 -0.000631772
30.6319 44.7187 -3.47647 -0.256968 -0.96642 -0.00028342
30.6796 44.7058 -2.52244 -0.257567 -0.96626 -0.000584624
30.7139 44.6962 -1.48017 -0.257029 -0.966403 -0.000420969
30.7161 44.6953 -0.5279 -0.258525 -0.966004 -0.000533698
30.7184 44.6944 0.424576 -0.258164 -0.966101 -0.00030151
30.6974 44.7 1.70257 -0.258147 -0.966106 4.98427e-05
30.6798 44.7046 2.85972 -0.258274 -0.966072 -0.000154189
30.6744 44.7059 3.50201 -0.258213 -0.966088 -8.20181e-05
29.7763 44.9453 3.47745 -0.257054 -0.966397 -8.30511e-05
29.824 44.9326 2.25872 -0.256409 -0.966568 0.000299002
29.8515 44.9249 1.08303 -0.256008 -0.966675 0.000442908
29.8664 44.9208 0.0717477 -0.256104 -0.966649 9.22892e-05
29.872 44.9195 -0.99062 -0.255801 -0.96673 -0.000150141
29.8506 44.9258 -1.91624 -0.256148 -0.966637 -0.00108771
29.7874 44.943 -2.98241 -0.256589 -0.96652 -0.000370135
29.7701 44.9477 -3.43465 -0.25681 -0.966462 -0.000508516
28.8938 45.1798 -3.30672 -0.255377 -0.966841 -9.5149e-05
28.9564 45.1626 -2.16351 -0.255151 -0.966901 -0.000822051
29.0048 45.1489 -1.05707 -0.255634 -0.966774 -0.000308487
29.0127 45.1466 -0.129485 -0.255639 -0.966772 -0.000152534
28.9899 45.153 1.00386 -0.255537 -0.966799 0.00067565
28.9556 45.1623 2.21053 -0.255392 -0.966838 0.000214059
28.9331 45.1684 3.16261 -0.255 -0.966941 0.000274264
28.9261 45.1704 3.45992 -0.254959 -0.966952 7.81542e-05
28.0624 45.3975 3.49931 -0.253745 -0.967271 2.15406e-06
28.1005 45.3876 2.33908 -0.253728 -0.967276 -9.84284e-05
28.1257 45.3809 1.10523 -0.254035 -0.967195 0.000104135
28.149 45.3744 0.170695 -0.254027 -0.967197 5.31994e-05
28.1618 45.3709 -0.825181 -0.254913 -0.966964 0.000108045
28.1294 45.3801 -1.74159 -0.254427 -0.967092 -0.000781458
28.043 45.4035 -2.67917 -0.254344 -0.967114 -0.000637753
28.0318 45.407 -3.61206 -0.254344 -0.967114 -0.000586666
27.0868 45.6547 -3.49969 -0.25308 -0.967445 -0.000395168
27.2124 45.6213 -2.4546 -0.253173 -0.967421 -0.000478927
27.2835 45.6023 -1.50303 -0.254091 -0.96718 -0.000700675
27.2842 45.6016 -0.490098 -0.253805 -0.967255 -6.1456e-05
27.268 45.6057 0.424323 -0.253023 -0.96746 4.61832e-05
27.2465 45.6116 1.34463 -0.253072 -0.967447 0.000177838
27.2273 45.6167 2.32184 -0.25362 -0.967304 7.13766e-05
27.1818 45.6283 3.40189 -0.253337 -0.967378 -6.71842e-05
26.3087 45.8566 3.39113 -0.252499 -0.967597 -1.82476e-05
26.3513 45.8455 2.46517 -0.25255 -0.967584 -3.07877e-05
26.3561 45.8443 1.4455 -0.252556 -0.967582 -3.62878e-05
26.3887 45.8357 0.522387 -0.25266 -0.967555 -6.27917e-06
26.3857 45.8367 -0.488568 -0.252643 -0.967559 -0.000257933
26.3855 45.837 -1.41392 -0.252522 -0.967591 -0.000301936
26.3067 45.8581 -2.64653 -0.252784 -0.967523 -0.000351944
26.1287 45.9049 -3.43593 -0.252264 -0.967658 -0.000402115
25.2934 46.1224 -3.38651 -0.252055 -0.967713 -0.000592975
25.4748 46.0748 -2.47139 -0.25209 -0.967704 -0.000353037
25.4389 46.0838 -1.52698 -0.251898 -0.967754 -0.000411452
25.4824 46.0721 -0.547495 -0.251903 -0.967752 -0.000312972
25.4862 46.0709 0.808328 -0.252095 -0.967702 2.13374e-05
25.4293 46.0858 1.72267 -0.251844 -0.967768 -0.000132743
25.4445 46.0818 2.76882 -0.251821 -0.967774 4.10442e-05
25.4886 46.0704 3.56255 -0.252096 -0.967702 6.76062e-05
24.5704 46.3093 3.38668 -0.251669 -0.967813 0.000106159
24.5704 46.3091 2.33548 -0.251714 -0.967802 1.6552e-05
24.5704 46.3092 1.15071 -0.251781 -0.967784 -3.96238e-05
24.5704 46.3092 0.208059 -0.251718 -0.967801 8.92048e-05
24.5704 46.3096 -1.0182 -0.25165 -0.967818 -0.000550362
24.5704 46.3098 -1.94993 -0.251711 -0.967802 -0.000355582
24.5704 46.3103 -2.9665 -0.251552 -0.967844 -0.000581811
24.5704 46.3106 -3.42594 -0.251682 -0.96781 -0.000361665
23.7103 46.534 -3.5728 -0.251235 -0.967926 -0.000502624
23.705 46.535 -2.57956 -0.251338 -0.967899 -0.000457423
23.6126 46.5586 -1.63553 -0.251537 -0.967848 -0.000312373
23.6192 46.5567 -0.684733 -0.25149 -0.96786 -0.000240146
23.547 46.5753 0.316693 -0.251419 -0.967878 -3.48932e-05
23.6976 46.5361 1.24866 -0.251334 -0.9679 -0.000180813
23.7081 46.5332 2.26964 -0.251431 -0.967875 -0.000221399
23.6677 46.5438 3.22398 -0.251556 -0.967843 8.39863e-05
23.6717 46.5427 3.31605 -0.251609 -0.967829 0.000216854
22.7555 46.7807 3.49551 -0.251288 -0.967912 1.53332e-05
22.8586 46.754 2.42976 -0.251186 -0.967939 0.00014432
22.867 46.7518 1.37763 -0.251428 -0.967876 -0.000135705
22.7371 46.7857 0.435649 -0.251575 -0.967838 -0.000103511
22.7658 46.7783 -0.567756 -0.251433 -0.967875 -0.000184127
22.7811 46.7746 -1.49386 -0.251391 -0.967886 -0.000264444
22.8523 46.7564 -2.48271 -0.251516 -0.967853 -0.000337028
22.7821 46.7749 -3.39839 -0.251334 -0.9679 -0.000285598
22.7778 46.776 -3.41559 -0.25137 -0.967891 -0.000381958
21.8292 47.0224 -3.61897 -0.251322 -0.967903 -0.000180691
21.9683 46.9859 -2.53044 -0.251181 -0.96794 -0.000230197
21.9427 46.9924 -1.30746 -0.251409 -0.967881 -0.000192034
21.9087 47.0009 -0.309429 -0.251565 -0.96784 -0.000285378
21.9377 46.9933 0.688943 -0.251429 -0.967876 -0.000179696
22.0413 46.9663 1.84258 -0.2516 -0.967831 -0.000105135
21.951 46.9897 3.03009 -0.25135 -0.967896 5.45113e-05
21.8781 47.0087 3.44137 -0.251405 -0.967882 5.73687e-05
20.9696 47.2447 3.443 -0.251582 -0.967836 1.70555e-05
21.1106 47.208 2.36771 -0.251569 -0.967839 -0.00014586
21.1583 47.1958 1.3092 -0.251534 -0.967848 -4.64769e-05
21.0608 47.2212 0.0844251 -0.251458 -0.967868 -4.07944e-05
21.0818 47.2159 -0.92721 -0.251434 -0.967874 -0.000344278
21.1062 47.2097 -1.96176 -0.251505 -0.967856 -0.00011719
21.0486 47.2249 -2.899 -0.25141 -0.967881 -0.000194621
20.9888 47.2406 -3.36972 -0.251385 -0.967887 -0.000192541
20.1232 47.4655 -3.60649 -0.251571 -0.967839 -0.000162398
20.2303 47.4375 -2.5097 -0.251315 -0.967905 -0.000265158
20.2383 47.4351 -1.50987 -0.251487 -0.967861 -0.00014116
20.2346 47.436 -0.478171 -0.2516 -0.967831 -1.42447e-05
20.2347 47.4359 0.532104 -0.251591 -0.967834 -0.000149082
20.246 47.4329 1.88116 -0.251643 -0.96782 -6.0426e-06
20.193 47.4466 2.85841 -0.251764 -0.967789 -5.13679e-05
20.093 47.4727 3.56795 -0.251666 -0.967814 7.4624e-05
19.2249 47.6984 3.41567 -0.251821 -0.967774 -8.04791e-05
19.3698 47.6607 2.42772 -0.251866 -0.967762 -8.38478e-06
19.3944 47.6544 1.33073 -0.251602 -0.967831 0.000151216
19.3609 47.6632 -0.0338446 -0.251665 -0.967814 -0.000150396
19.395 47.6544 -1.16486 -0.251629 -0.967824 -3.87673e-05
19.3906 47.6556 -2.16752 -0.251639 -0.967821 -4.71178e-05
19.3213 47.6737 -3.13252 -0.251642 -0.96782 -0.000137028
19.2588 47.6902 -3.59676 -0.251524 -0.967851 -0.000224011
18.4215 47.9078 -3.41357 -0.252039 -0.967717 -0.000225805
18.528 47.8801 -2.37347 -0.251777 -0.967785 -0.000104879
18.5487 47.8746 -1.43861 -0.25179 -0.967782 -0.000110168
18.5103 47.8844 -0.369353 -0.251755 -0.967791 -8.42871e-05
18.5102 47.8845 0.611523 -0.251907 -0.967752 -1.49585e-05
18.5603 47.8714 1.59654 -0.251867 -0.967762 -4.51977e-06
18.4728 47.8941 2.60894 -0.251753 -0.967791 3.29465e-05
18.3661 47.9218 3.52631 -0.251907 -0.967752 -9.2841e-05
18.3631 47.9226 3.58189 -0.252004 -0.967726 -5.00115e-05
17.5324 48.1389 3.36011 -0.252107 -0.967699 4.19588e-05
17.642 48.1104 2.41248 -0.252106 -0.9677 6.94836e-05
17.676 48.1016 1.18042 -0.2519 -0.967753 -0.000172506
17.6514 48.108 0.115646 -0.251933 -0.967745 0.000112858
17.6635 48.1049 -1.03378 -0.25196 -0.967738 2.81456e-05
17.6677 48.104 -2.19461 -0.251803 -0.967778 -0.000213081
17.5599 48.1321 -3.40874 -0.25202 -0.967722 -0.000108844
16.6681 48.3643 -3.60077 -0.251856 -0.967765 -2.30903e-06
16.7591 48.3405 -2.57468 -0.252064 -0.967711 7.36908e-06
16.8053 48.3284 -1.62451 -0.252061 -0.967711 -2.4283e-05
16.8084 48.3276 -0.702637 -0.251967 -0.967736 -4.18302e-05
16.7823 48.3344 0.260578 -0.251979 -0.967733 -7.69254e-05
16.8134 48.3262 1.42035 -0.252122 -0.967696 -5.47551e-05
16.7688 48.3378 2.33748 -0.252219 -0.96767 2.94465e-05
16.6994 48.3558 3.34967 -0.252138 -0.967691 2.43179e-05
15.8447 48.5786 3.57973 -0.252125 -0.967695 -5.33231e-06
15.8848 48.5682 2.6298 -0.252229 -0.967667 -0.000182945
15.9504 48.551 1.44741 -0.252143 -0.96769 3.10502e-05
15.9404 48.5537 0.527638 -0.252084 -0.967705 -2.0324e-05
15.9782 48.5438 -0.540526 -0.252142 -0.96769 -4.93402e-05
15.9271 48.5572 -1.6216 -0.25219 -0.967678 -6.29238e-05
15.889 48.5671 -2.71302 -0.252015 -0.967723 4.13369e-05
15.8133 48.5869 -3.57539 -0.252042 -0.967716 -0.000102238
14.9557 48.8104 -3.50659 -0.252059 -0.967712 -4.47595e-06
15.0332 48.7901 -2.569 -0.252337 -0.967639 -2.50128e-05
15.0592 48.7833 -1.6103 -0.252272 -0.967656 -9.81595e-05
15.1042 48.7715 -0.580732 -0.252114 -0.967697 -4.9006e-05
15.0903 48.7751 0.4322 -0.252298 -0.96765 6.45087e-05
15.0975 48.7733 1.37695 -0.252235 -0.967666 6.47645e-05
15.0279 48.7915 2.4442 -0.252155 -0.967687 -6.35413e-05
14.9768 48.8048 3.3521 -0.252189 -0.967678 3.75681e-06
14.1222 49.0276 3.37195 -0.252387 -0.967626 0.000161064
14.1614 49.0173 2.4117 -0.252325 -0.967643 -2.14262e-06
14.2246 49.0009 1.47513 -0.252231 -0.967667 -0.000161366
14.2358 48.998 0.510008 -0.252273 -0.967656 -4.66434e-05
14.2438 48.9958 -0.407531 -0.252308 -0.967647 4.51279e-05
14.2041 49.0062 -1.51213 -0.2523 -0.967649 5.13695e-05
14.1727 49.0144 -2.48747 -0.252316 -0.967645 -1.92894e-05
14.142 49.0224 -2.99536 -0.252136 -0.967692 -6.67697e-05
13.0849 49.298 -4.24304 -0.252383 -0.967627 -6.10551e-06
13.0112 49.3173 -2.98895 -0.252499 -0.967597 5.07356e-05
12.9884 49.3232 -1.82302 -0.252369 -0.967631 4.63521e-05
12.9283 49.3389 -0.621554 -0.252239 -0.967665 -5.11682e-05
12.9918 49.3223 0.804028 -0.25223 -0.967667 4.0306e-06
12.9914 49.3224 2.11139 -0.25239 -0.967626 8.027e-06
12.9566 49.3315 3.29453 -0.252323 -0.967643 -6.61084e-05
13.1125 49.2908 4.46166 -0.252318 -0.967644 5.54364e-05
14.3177 48.9766 4.67001 -0.252278 -0.967655 -0.000153342
15.8505 48.577 4.63682 -0.252117 -0.967697 2.72027e-05
17.0186 48.2726 4.60451 -0.251958 -0.967738 -3.42591e-08
18.3905 47.9156 4.67389 -0.25199 -0.96773 0.000104105
19.7096 47.5724 4.65924 -0.25164 -0.967821 0.000109218
20.8466 47.2768 4.68901 -0.251682 -0.96781 0.000139704
22.2419 46.9143 4.6785 -0.251259 -0.96792 0.000267665
23.6139 46.558 4.62782 -0.251515 -0.967853 0.000243354
25.0708 46.1793 4.63556 -0.251647 -0.967819 0.000274871
26.1834 45.8894 4.62099 -0.252589 -0.967574 5.20138e-05
27.3767 45.5773 4.5805 -0.2535 -0.967335 0.000250614
28.7159 45.2256 4.62119 -0.25459 -0.967049 -0.000129677
30.0166 44.8813 4.62041 -0.257053 -0.966397 6.39282e-06
31.2417 44.554 4.60706 -0.259149 -0.965837 0.000657004
32.5568 44.2001 4.65046 -0.261168 -0.965293 8.01492e-05
34.0165 43.8016 4.69128 -0.265247 -0.96418 -0.000406319
35.3522 43.4325 4.60653 -0.268091 -0.963393 0.000817381
36.1489 43.2088 3.70874 -0.269921 -0.962882 1.60742e-05
36.1828 43.1996 2.51685 -0.270188 -0.962807 -0.00107607
36.1719 43.2031 1.30146 -0.270302 -0.962776 0.000276958
36.2256 43.1881 -0.00926631 -0.26974 -0.962933 -0.000594638
36.1756 43.202 -1.17064 -0.269892 -0.96289 -2.49345e-05
36.1728 43.203 -2.36738 -0.270773 -0.962643 -6.01114e-05
36.2232 43.1887 -3.63887 -0.272527 -0.962147 0.00138052
35.493 43.3934 -4.61471 -0.270101 -0.962832 -0.000472877
34.3264 43.7177 -4.70548 -0.266659 -0.963791 4.66234e-05
33.1677 44.0355 -4.69933 -0.262725 -0.96487 -0.00131791
31.9963 44.3539 -4.73235 -0.261028 -0.96533 -0.00104034
30.9013 44.6478 -4.71347 -0.258558 -0.965995 -0.00105648
29.671 44.9751 -4.64431 -0.256806 -0.966462 -0.000864636
28.4962 45.2853 -4.67389 -0.254638 -0.967036 -0.000709667
27.3239 45.5932 -4.72638 -0.253788 -0.96726 -0.000671981
26.0063 45.9373 -4.67255 -0.252229 -0.967667 -0.000491106
24.5646 46.3125 -4.64456 -0.251539 -0.967847 -0.000257565
23.3017 46.6405 -4.69298 -0.251276 -0.967915 -0.000497589
22.1957 46.9275 -4.69364 -0.251163 -0.967945 -0.000205633
21.0006 47.2378 -4.67288 -0.251331 -0.967901 -0.000227833
19.7325 47.5672 -4.69499 -0.251464 -0.967867 -0.000115783
18.5014 47.8872 -4.72622 -0.251842 -0.967768 -7.86548e-05
17.0959 48.2529 -4.74212 -0.251903 -0.967752 -8.68563e-05
15.834 48.5816 -4.70928 -0.252047 -0.967715 6.24239e-05
14.4394 48.9449 -4.67146 -0.252269 -0.967657 -3.86859e-05
13.1671 49.2766 -4.36566 -0.252324 -0.967643 8.83154e-06
12.0297 49.5732 -4.27932 -0.252293 -0.967651 -4.82509e-05
11.9806 49.586 -2.81822 -0.25237 -0.967631 -2.34733e-05
11.9581 49.5919 -1.5196 -0.252369 -0.967631 -7.88641e-05
11.9257 49.6003 -0.297663 -0.252378 -0.967629 -4.90368e-05
11.9565 49.5923 0.863149 -0.252445 -0.967611 9.53245e-06
11.952 49.5934 2.00971 -0.25234 -0.967639 3.51291e-05
11.9372 49.5973 3.33813 -0.252285 -0.967653 -0.000150246
11.983 49.5854 4.67738 -0.252368 -0.967631 7.07433e-05
12.3612 49.4868 5.64345 -0.252395 -0.967624 2.12333e-05
13.51 49.1872 5.73669 -0.25222 -0.96767 -0.000137186
14.7435 48.8656 5.72801 -0.252289 -0.967652 -9.03033e-05
15.8681 48.5725 5.71466 -0.252029 -0.96772 1.27225e-05
17.3329 48.1909 5.67902 -0.252016 -0.967723 1.69606e-05
18.8213 47.8035 5.70851 -0.25179 -0.967782 -5.81203e-05
20.1586 47.4557 5.72763 -0.251478 -0.967863 0.000129384
21.3091 47.1568 5.73694 -0.251427 -0.967876 -3.039e-05
22.6505 46.8085 5.73653 -0.251338 -0.967899 0.000130947
23.9691 46.4661 5.67855 -0.251468 -0.967865 0.000449778
25.2472 46.1337 5.72225 -0.251796 -0.96778 0.00067813
26.3669 45.8419 5.70708 -0.252654 -0.967556 0.00098001
27.5727 45.5263 5.66411 -0.253583 -0.967313 0.00076708
28.7372 45.2202 5.70669 -0.25476 -0.967004 0.000676237
29.8766 44.9187 5.6884 -0.257362 -0.966315 0.000576681
31.2027 44.5652 5.68677 -0.258444 -0.966026 0.000525924
32.3683 44.2514 5.71592 -0.260857 -0.965377 0.000738662
33.5961 43.9174 5.73392 -0.263998 -0.964523 0.00074681
34.7445 43.6015 5.72201 -0.266415 -0.963858 0.00121063
36.0019 43.2513 5.6646 -0.270038 -0.962849 0.000590509
37.1926 42.9151 5.21173 -0.272099 -0.962269 0.000126706
37.1706 42.9217 3.8251 -0.27174 -0.962371 0.000146344
37.2077 42.9109 2.55203 -0.271716 -0.962377 -0.000278194
37.2108 42.9107 1.36978 -0.271263 -0.962505 5.62124e-05
37.225 42.907 0.209563 -0.271115 -0.962547 -0.00071154
37.1773 42.9201 -1.01481 -0.27231 -0.962209 0.000822975
37.1999 42.9131 -2.14982 -0.273006 -0.962012 0.000617136
37.2316 42.9026 -3.67168 -0.273577 -0.96185 0.000702972
37.2264 42.9033 -4.83419 -0.274935 -0.961463 0.000230552
36.5725 43.089 -5.67257 -0.273068 -0.961995 3.93893e-05
35.2662 43.4573 -5.69341 -0.269777 -0.962921 -0.00142599
33.755 43.8761 -5.7735 -0.26572 -0.964049 -0.00140961
32.4078 44.2433 -5.76675 -0.261605 -0.965174 -0.00126342
31.2944 44.5437 -5.78143 -0.25936 -0.96578 -0.000861951
30.1829 44.8406 -5.71691 -0.256798 -0.966464 -0.00146309
29.0894 45.1299 -5.67418 -0.254745 -0.967007 -0.00143512
27.9098 45.4403 -5.79983 -0.253528 -0.967328 -0.000895266
26.4975 45.8098 -5.74177 -0.252418 -0.967618 -0.000883223
25.1924 46.1497 -5.71214 -0.251831 -0.967771 -0.000576368
23.9145 46.4819 -5.72174 -0.25136 -0.967894 -0.000488483
22.5548 46.8347 -5.74968 -0.251185 -0.967939 -0.000336949
21.1689 47.1943 -5.73984 -0.251162 -0.967945 -0.00019746
19.9756 47.5041 -5.74964 -0.251335 -0.9679 -5.64215e-06
18.8467 47.7974 -5.7541 -0.251564 -0.967841 -0.000144341
17.7119 48.0927 -5.78449 -0.251816 -0.967775 5.44313e-05
16.6102 48.3794 -5.77772 -0.251937 -0.967744 0.000215952
15.3356 48.7114 -5.74938 -0.252197 -0.967676 -9.42313e-06
14.0658 49.0424 -5.74258 -0.252264 -0.967658 -9.644e-05
12.7655 49.3813 -5.71925 -0.252261 -0.967659 -2.89877e-05
12.0186 49.5761 -5.05906 -0.252365 -0.967632 -7.9056e-05
12.02 49.5757 -4.53926 -0.252298 -0.96765 5.68311e-05
10.9769 49.8478 -4.39397 -0.252534 -0.967588 -9.46745e-05
10.9534 49.8539 -3.0898 -0.252511 -0.967594 -0.000131811
10.9439 49.8564 -1.86165 -0.252429 -0.967615 -7.50811e-05
10.9071 49.866 -0.644988 -0.252301 -0.967649 -3.7827e-05
10.9388 49.8578 0.686723 -0.252361 -0.967633 0.000115624
10.9276 49.8607 1.94902 -0.252461 -0.967607 -3.77038e-05
10.9366 49.8583 3.20619 -0.252434 -0.967614 -0.000116575
10.9531 49.8541 4.41802 -0.25229 -0.967652 0.000157417
10.976 49.8481 5.66052 -0.252422 -0.967617 2.30458e-06
11.2792 49.769 6.72989 -0.252474 -0.967604 7.8497e-05
12.6653 49.4075 6.77848 -0.252397 -0.967624 -8.70797e-05
13.9049 49.0841 6.82108 -0.252365 -0.967632 6.36983e-05
15.1027 48.7719 6.77308 -0.252236 -0.967666 2.93343e-05
16.2495 48.473 6.76094 -0.252194 -0.967677 -5.75696e-05
17.7199 48.0901 6.77535 -0.251901 -0.967753 7.3004e-05
18.9542 47.769 6.7875 -0.251927 -0.967746 2.20429e-05
20.1986 47.4454 6.79097 -0.251483 -0.967862 -9.72611e-05
21.4746 47.1139 6.77744 -0.251355 -0.967895 -6.07201e-06
22.8827 46.7484 6.79822 -0.250795 -0.96804 0.000207222
24.1837 46.4109 6.71036 -0.25137 -0.967891 0.000708959
25.3099 46.1182 6.80882 -0.251764 -0.967788 0.00105079
26.6959 45.757 6.79574 -0.252226 -0.967668 0.000942477
27.8958 45.4425 6.75264 -0.254001 -0.967203 0.00109162
28.9979 45.1523 6.77223 -0.255112 -0.966911 0.00124947
30.2501 44.8206 6.74588 -0.257113 -0.96638 0.00119353
31.624 44.4536 6.76531 -0.259026 -0.965869 0.00138164
32.9463 44.0965 6.78052 -0.26123 -0.965275 0.00169322
34.0992 43.7808 6.82046 -0.265175 -0.964199 0.00184112
35.3903 43.4238 6.7597 -0.267954 -0.963429 0.00187669
36.5433 43.1 6.76103 -0.271338 -0.962483 0.00124757
37.9097 42.7125 6.72114 -0.274827 -0.961492 0.00124671
38.2259 42.6218 5.7166 -0.273795 -0.961788 0.000244012
38.2261 42.6226 4.43185 -0.273122 -0.961979 -0.000958477
38.202 42.6294 3.13249 -0.272747 -0.962086 0.000138966
38.2096 42.6271 1.96041 -0.273672 -0.961823 0.000503262
38.2294 42.6218 0.704689 -0.273954 -0.961742 -0.000731983
38.2339 42.621 -0.440738 -0.273011 -0.962011 0.000591117
38.1901 42.6324 -1.61942 -0.272901 -0.96204 0.00184177
38.2318 42.6184 -2.76533 -0.274984 -0.961447 0.00187251
38.2174 42.6201 -4.01628 -0.276291 -0.961074 0.000956951
38.2533 42.609 -5.29872 -0.276541 -0.961002 0.000695129
38.2171 42.6191 -6.44744 -0.276758 -0.96094 -0.000150072
37.0116 42.965 -6.77221 -0.274025 -0.961719 -0.00224328
35.5915 43.3693 -6.77054 -0.271407 -0.96246 -0.00230197
34.3078 43.7256 -6.84821 -0.265806 -0.964023 -0.00237548
33.0206 44.0791 -6.78392 -0.262532 -0.964921 -0.00146654
31.8896 44.3854 -6.83852 -0.261157 -0.965295 -0.00173643
30.6971 44.7055 -6.80028 -0.257731 -0.966214 -0.0022206
29.5611 45.0069 -6.72096 -0.255743 -0.966744 -0.00139207
28.1592 45.376 -6.84544 -0.254163 -0.96716 -0.00141852
26.7377 45.7479 -6.81101 -0.252454 -0.967609 -0.000720724
25.4671 46.079 -6.78764 -0.251991 -0.967729 -0.00113222
24.2996 46.3825 -6.77801 -0.251214 -0.967931 -0.000700653
23.0649 46.7029 -6.82904 -0.250974 -0.967994 -0.000423855
21.9175 47.0003 -6.8162 -0.251123 -0.967955 -0.000134313
20.796 47.2913 -6.8179 -0.251103 -0.96796 -0.000219822
19.5471 47.6154 -6.81051 -0.251514 -0.967854 3.8538e-05
18.4206 47.9082 -6.81056 -0.251689 -0.967808 0.000146187
17.1211 48.2464 -6.79192 -0.251942 -0.967742 0.000104598
15.8604 48.5746 -6.81249 -0.252077 -0.967707 3.12182e-05
14.5577 48.9141 -6.81907 -0.252248 -0.967663 3.14131e-05
13.4084 49.2136 -6.81035 -0.252294 -0.967651 0.0001108
12.1023 49.5543 -6.76465 -0.252345 -0.967637 2.74364e-05
11.0293 49.8342 -6.50918 -0.252268 -0.967657 2.63135e-05
10.961 49.852 -5.30149 -0.252354 -0.967635 -3.0717e-05
10.9709 49.8494 -4.75539 -0.252548 -0.967584 5.95546e-05
