-5.83324 41.8724 -3.09315 0.254885 -0.966968 0.00179519
-5.85255 41.8687 -1.95099 0.252585 -0.967574 0.00114056
-5.94556 41.8448 -0.960038 0.253186 -0.967417 -0.000273052
-6.08673 41.8068 0.195272 0.254808 -0.966991 -0.000532151
-6.14881 41.7899 1.15173 0.253697 -0.967283 -0.000460404
-6.13226 41.793 2.27443 0.25538 -0.966837 -0.00255058
-5.99397 41.8274 3.25823 0.254481 -0.967077 -0.00141752
-6.85425 41.6015 3.40835 0.249529 -0.968365 -0.0017555
-6.99589 41.5677 2.41227 0.249348 -0.968414 -0.000679731
-7.04375 41.5563 1.36716 0.250883 -0.968016 -0.000924111
-6.97669 41.5747 0.367677 0.250745 -0.968051 -0.00180738
-6.85409 41.6071 -0.583423 0.250985 -0.967991 -0.000252003
-6.7572 41.6334 -1.67943 0.252021 -0.967721 0.000723675
-6.73951 41.6373 -2.84919 0.248595 -0.968607 0.000519308
-6.71375 41.6438 -3.35879 0.247838 -0.968801 0.000279599
-7.60493 41.4157 -3.49208 0.248007 -0.968758 0.000318304
-7.63352 41.4083 -2.36961 0.246744 -0.969081 -0.000127917
-7.64345 41.4048 -1.3137 0.247387 -0.968914 -0.00191337
-7.77497 41.3703 -0.137248 0.248351 -0.968669 -0.00112426
-7.93597 41.3268 1.26903 0.247446 -0.9689 -0.00162584
-7.87304 41.3418 2.45812 0.247906 -0.968783 -0.00112875
-7.71566 41.38 3.48473 0.247015 -0.969009 -0.00242503
-7.71159 41.3809 3.52393 0.247176 -0.968968 -0.00224601
-8.60967 41.1525 3.42874 0.246205 -0.969214 -0.00269252
-8.81619 41.1017 2.03229 0.246279 -0.969198 -0.000745486
-8.78774 41.1113 0.95438 0.244047 -0.969762 -0.00154335
-8.66298 41.1448 -0.0773479 0.244737 -0.969588 -0.00176101
-8.54279 41.1767 -1.29176 0.243662 -0.96986 -0.000909783
-8.49619 41.1894 -2.4407 0.244585 -0.969628 -0.000269063
-8.4979 41.1892 -3.46599 0.244671 -0.969606 -0.000202394
-9.38237 40.9672 -3.31683 0.242251 -0.970213 -0.000356829
-9.37137 40.9699 -2.35559 0.242634 -0.970118 -0.000314749
-9.44898 40.9499 -1.08053 0.242063 -0.97026 -0.00030589
-9.54029 40.924 0.162747 0.242689 -0.970099 -0.00327491
-9.72555 40.8762 1.42305 0.239864 -0.970804 -0.00193753
-9.6604 40.8902 2.50494 0.240814 -0.97057 -0.00154324
-9.49753 40.9285 3.3913 0.243358 -0.969933 -0.00222587
-10.3559 40.716 3.54442 0.238821 -0.971061 -0.00204239
-10.5463 40.6715 2.47879 0.23797 -0.971269 -0.00222715
-10.6342 40.6516 1.48317 0.239327 -0.970937 -0.00161892
-10.4309 40.7037 0.279253 0.239371 -0.970927 -0.00112632
-10.3568 40.7243 -0.768947 0.239481 -0.970899 -0.00210682
-10.2758 40.7453 -1.86613 0.2395 -0.970896 -0.000732857
-10.2703 40.7477 -3.11086 0.23826 -0.971201 -0.00106627
-10.27 40.7481 -3.49317 0.238312 -0.971188 -0.000796763
-11.1602 40.5305 -3.60977 0.236982 -0.971514 -0.000540076
-11.1567 40.5304 -2.59558 0.236837 -0.971548 -0.00166704
-11.2156 40.5142 -1.41358 0.236839 -0.971548 -0.00135142
-11.2926 40.4931 -0.086665 0.23773 -0.97133 -0.00169337
-11.491 40.4431 1.10124 0.236585 -0.97161 -0.000836691
-11.4844 40.4435 2.18266 0.236094 -0.971729 -0.00121498
-11.2491 40.4984 3.50366 0.236167 -0.971711 -0.00173857
-12.0964 40.2931 3.54361 0.234968 -0.972003 -0.000896325
-12.3042 40.2446 2.4797 0.233182 -0.972431 -0.00195142
-12.4093 40.2211 1.4445 0.232998 -0.972477 -0.000752079
-12.2715 40.255 0.478548 0.233684 -0.97231 -0.00208884
-12.1389 40.2888 -0.503653 0.234573 -0.972097 -0.00179262
-12.0782 40.3052 -1.64546 0.235018 -0.971991 -0.000789152
-12.0292 40.3189 -2.67776 0.235005 -0.971991 -0.00230751
-12.0701 40.3104 -3.53834 0.234625 -0.972085 -0.0010002
-12.9677 40.0946 -3.39238 0.232373 -0.972626 -0.00142878
-12.9574 40.095 -2.26231 0.232144 -0.972679 -0.00234047
-12.9627 40.0923 -1.28987 0.232515 -0.972592 -0.00160621
-13.0457 40.0703 -0.149422 0.23277 -0.97253 -0.0017085
-13.2516 40.0203 1.07412 0.2318 -0.972763 -0.00110364
-13.2766 40.0128 2.08232 0.231103 -0.972928 -0.0015725
-13.0384 40.0679 3.09127 0.230568 -0.973055 -0.00163369
-12.9547 40.087 3.55542 0.230817 -0.972996 -0.00144394
-13.8487 39.8755 3.40138 0.230254 -0.973129 -0.00149778
-14.0871 39.8202 2.39338 0.230297 -0.97312 -0.00106726
-14.1534 39.8061 1.16651 0.230526 -0.973066 -0.00108966
-13.9361 39.8586 0.05589 0.230676 -0.97303 -0.00119559
-13.8383 39.8832 -0.958987 0.231298 -0.972882 -0.00128198
-13.8524 39.8812 -1.95549 0.2319 -0.972739 -0.00144517
-13.8805 39.8761 -3.0301 0.232264 -0.972652 -0.0014008
-13.8851 39.8757 -3.57466 0.232324 -0.972638 -0.00133942
-14.8393 39.6473 -3.29671 0.233242 -0.972418 -0.00126584
-14.7551 39.6662 -2.16731 0.23205 -0.972703 -0.00115589
-14.711 39.6757 -1.09144 0.23128 -0.972887 -0.000831207
-14.7733 39.6604 -0.0572836 0.231006 -0.972952 -0.000758046
-14.9481 39.6182 0.882932 0.230909 -0.972975 -0.00100066
-15.0505 39.5928 1.8566 0.230193 -0.973145 -0.000900814
-14.7655 39.6594 2.90434 0.229915 -0.973211 -0.00068046
-14.6977 39.6752 3.1735 0.229896 -0.973215 -0.000879735
-15.4723 39.4922 3.52141 0.229454 -0.97332 -0.000287912
-15.7738 39.4215 2.23779 0.23047 -0.973079 -0.000572428
-15.8165 39.412 1.25497 0.230426 -0.97309 -0.000646691
-15.6273 39.4574 -0.0208791 0.231431 -0.972851 -0.000407532
-15.614 39.4607 -1.01119 0.232181 -0.972673 0.000184601
-15.6773 39.4457 -2.06694 0.232954 -0.972488 -0.00018846
-15.7701 39.4239 -3.07933 0.232961 -0.972486 -0.000549398
-15.7976 39.4175 -3.51525 0.233953 -0.972248 -0.000107299
-16.7961 39.1771 -3.60359 0.234242 -0.972178 0.000355671
-16.7074 39.1987 -2.32058 0.233426 -0.972375 0.000438396
-16.558 39.2353 -1.2559 0.231581 -0.972816 0.000375506
-16.512 39.247 -0.261777 0.231007 -0.972952 0.00107959
-16.5175 39.2463 0.781961 0.229151 -0.973391 0.000449291
-16.7492 39.1922 1.80303 0.226916 -0.973914 8.03351e-05
-16.3698 39.2812 2.8954 0.228827 -0.973467 -0.000193638
-16.308 39.2956 3.34286 0.228186 -0.973617 0.000307944
-17.1921 39.089 3.49503 0.2275 -0.973778 0.000120929
-17.4161 39.0371 2.56374 0.225691 -0.974199 -0.000685465
-17.9967 38.903 1.87559 0.22161 -0.975132 0.00234063
-17.4538 39.0273 0.801751 0.227742 -0.97372 0.0016979
-17.466 39.0217 -0.239881 0.22839 -0.973567 0.00211396
-17.5765 38.9937 -1.3728 0.226153 -0.974089 0.00238554
-17.7571 38.9489 -2.46875 0.228723 -0.97349 0.00158504
-17.8318 38.9286 -3.51469 0.233105 -0.972451 0.000565246
-18.9377 38.6727 -3.57232 0.218799 -0.975762 0.00405223
-18.9675 38.6695 -2.61278 0.219998 -0.975492 0.00411985
-18.7627 38.7199 -1.50527 0.223328 -0.974738 0.00278642
-18.54 38.7722 -0.295592 0.222887 -0.974843 0.000980866
-18.8201 38.7133 0.968351 0.215558 -0.97647 0.00554172
-19.2359 38.6279 2.20122 0.212184 -0.977228 0.000769996
-18.4999 38.7875 2.92792 0.216069 -0.976362 -0.00525699
-18.2791 38.8382 3.31137 0.223371 -0.974733 0.00054042
-19.6352 38.5421 3.43108 0.205045 -0.978753 6.29502e-05
-20.4311 38.3799 2.53199 0.194283 -0.980945 -0.000818176
-20.5403 38.3569 1.38596 0.195194 -0.980748 0.00502162
-20.1507 38.4266 0.505879 0.198707 -0.979977 0.012636
-19.8951 38.472 -0.40859 0.204901 -0.978772 0.00439956
-20.1898 38.414 -1.47915 0.19681 -0.980441 -0.00101386
-20.3801 38.3722 -2.58999 0.196348 -0.980517 0.00580987
-20.3324 38.3765 -3.15443 0.20515 -0.978703 0.00727665
-21.3841 38.17 -3.48396 0.183984 -0.982879 0.0095661
-21.4366 38.1734 -2.24776 0.171222 -0.985218 0.00389936
-21.3787 38.1855 -1.27791 0.168193 -0.985739 -0.00239675
-21.417 38.1796 0.0159627 0.184079 -0.98291 0.00100945
-21.417 38.1849 1.07958 0.183486 -0.982991 0.00772088
-21.417 38.1889 2.05407 0.185034 -0.982732 -0.000553751
-21.417 38.193 3.1579 0.176401 -0.984313 0.00311406
-21.417 38.1932 3.21895 0.176582 -0.984281 0.00310766
-22.4854 38.0102 3.37636 0.159085 -0.987264 0.000821611
-22.4408 38.0116 2.26701 0.162393 -0.986686 0.00882429
-22.4016 38.0159 1.30812 0.16171 -0.986838 -0.000707334
-22.4083 38.0072 0.337425 0.156758 -0.987604 0.00633622
-22.2594 38.0346 -0.634461 0.161098 -0.986918 -0.00631549
-22.1847 38.0481 -1.63359 0.163005 -0.986619 0.00350155
-22.3693 38.0115 -2.70653 0.16242 -0.986695 0.00715162
-22.3028 38.0185 -3.2196 0.159753 -0.987087 0.0115524
-23.1894 37.8784 -3.48384 0.152333 -0.988289 0.00895792
-23.2081 37.8806 -2.51769 0.136496 -0.990591 0.00986875
-23.0483 37.9095 -1.39127 0.156546 -0.987657 0.00514929
-23.2517 37.8834 -0.169229 0.137699 -0.990462 0.00411019
-23.3503 37.8722 0.870002 0.139548 -0.990215 -0.000139345
-23.3982 37.8658 1.98256 0.136205 -0.990679 0.000179408
-23.4321 37.8617 2.98155 0.132974 -0.991114 0.00306253
-23.4053 37.8682 3.49804 0.144315 -0.989523 -0.0017439
-24.3207 37.7465 3.46057 0.113021 -0.993543 0.00119648
-24.3507 37.742 2.49588 0.123654 -0.992321 -0.00131518
-24.2978 37.7467 1.35987 0.127264 -0.991863 0.00332032
-24.2187 37.7556 0.3985 0.132706 -0.991154 -0.00148197
-24.0382 37.778 -0.832709 0.12781 -0.991796 0.0022625
-23.9908 37.7802 -1.89176 0.128888 -0.991625 0.0081014
-24.0887 37.7606 -2.85681 0.126461 -0.991947 0.00689866
-24.1131 37.7531 -3.4744 0.125877 -0.992016 0.00767674
-24.9991 37.6436 -3.56567 0.112643 -0.993598 0.00693046
-24.9505 37.6599 -2.58981 0.110434 -0.993795 0.0132471
-24.893 37.6793 -1.37067 0.110385 -0.993865 0.00666729
-25.0303 37.6634 -0.417212 0.110023 -0.993926 -0.00200056
-25.1547 37.6472 0.570288 0.10701 -0.994256 -0.000463647
-25.2386 37.6451 1.68375 0.0951908 -0.995427 0.00765183
-25.2612 37.6494 2.73852 0.0946152 -0.995505 0.00374259
-25.2378 37.6554 3.4525 0.0934836 -0.995608 0.00497896
-26.1536 37.5714 3.39368 0.0841314 -0.99645 0.00285753
-26.1755 37.5634 2.22101 0.083963 -0.996435 0.0069805
-26.1483 37.5554 1.18094 0.0886235 -0.995961 0.013169
-26.028 37.5602 0.227691 0.0908209 -0.995863 0.00249037
-25.9013 37.5712 -0.746988 0.101676 -0.994817 -4.43328e-05
-25.8155 37.578 -1.91504 0.089368 -0.995888 0.0144607
-25.8673 37.5593 -2.99573 0.0865111 -0.996188 0.00877403
-25.8748 37.5574 -3.5604 0.0915585 -0.995662 0.0111389
-26.7896 37.4903 -3.57713 0.0636316 -0.997947 0.00361246
-26.7483 37.501 -2.23794 0.0679662 -0.997677 0.00363379
-26.7601 37.5007 -1.07852 0.0690258 -0.997613 -0.00175291
-26.9375 37.4903 0.16208 0.0636043 -0.997963 0.00494508
-27.0381 37.4879 1.1251 0.0688548 -0.997567 0.00879096
-27.0919 37.4927 2.11623 0.0686635 -0.997614 0.00652612
-27.0626 37.4992 3.32716 0.0708867 -0.997467 0.00549565
-27.0528 37.5008 3.44129 0.072651 -0.997343 0.00486741
-27.9599 37.4433 3.45066 0.0530843 -0.998588 0.00212588
-27.989 37.4386 2.36442 0.0543919 -0.998516 0.00281613
-27.9516 37.4365 1.26688 0.0527703 -0.998593 0.0052409
-27.8581 37.4366 0.282112 0.0528032 -0.998593 0.00489454
-27.7442 37.4409 -0.720007 0.0514092 -0.998677 -0.00117143
-27.6624 37.4446 -1.67756 0.0544949 -0.998503 0.00355757
-27.6546 37.4431 -2.66833 0.0524106 -0.99862 0.00330525
-27.698 37.4389 -3.51061 0.0550383 -0.998479 0.00303585
-28.6215 37.3914 -3.4487 0.0428754 -0.999075 0.00312561
-28.5682 37.3974 -2.21044 0.0490173 -0.998797 0.000752024
-28.6249 37.3967 -1.22701 0.0443936 -0.998996 0.00376319
-28.7168 37.3916 -0.103895 0.0484148 -0.998802 0.00292854
-28.8336 37.3941 1.13089 0.0456061 -0.998947 0.00493819
-28.8804 37.3931 2.35276 0.0461745 -0.998933 0.000363151
-28.8732 37.396 3.32052 0.0478968 -0.998847 0.00269213
-28.8659 37.3966 3.50591 0.04751 -0.99887 0.000902615
-29.7737 37.3578 3.6191 0.0379594 -0.999278 -0.000106211
-29.7857 37.3545 2.40293 0.0375187 -0.999292 0.0027065
-29.7472 37.3552 1.08063 0.0368181 -0.999321 0.00126412
-29.6297 37.3567 -0.00898255 0.0355823 -0.999366 0.00107901
-29.5712 37.3576 -1.15148 0.0377813 -0.999279 -0.000534119
-29.4877 37.3586 -2.16088 0.039176 -0.999228 0.0026329
-29.4985 37.3575 -3.12522 0.0361912 -0.999341 0.00260496
-29.5417 37.3548 -3.57526 0.03581 -0.999357 0.00200075
-30.4595 37.3252 -3.58729 0.0284432 -0.999591 0.00231572
-30.3914 37.3268 -2.49464 0.0288083 -0.999585 0.000112724
-30.4312 37.328 -1.41158 0.0334445 -0.999438 0.00234392
-30.532 37.3268 -0.0889373 0.0319787 -0.999488 0.000842784
-30.6358 37.3242 1.03815 0.0310647 -0.999516 0.00143547
-30.6774 37.3239 2.09866 0.0316711 -0.999498 0.00042359
-30.6985 37.3243 3.06956 0.0334889 -0.999437 0.00219677
-30.6731 37.3262 3.52423 0.0337155 -0.999431 0.00047133
-31.6001 37.2969 3.51082 0.0298468 -0.999554 0.00131547
-31.6177 37.2949 2.3649 0.0306179 -0.999531 0.000520043
-31.5611 37.2967 1.35885 0.0286315 -0.99959 -6.98382e-05
-31.4858 37.2987 0.357007 0.0281259 -0.999604 7.76739e-05
-31.3977 37.3001 -0.734048 0.0273219 -0.999625 0.00180417
-31.3325 37.3015 -1.71566 0.0260421 -0.99966 0.000687476
-31.3102 37.3015 -2.89987 0.0267866 -0.999641 -4.58943e-05
-31.3616 37.3002 -3.60765 0.027115 -0.999632 -0.000889091
-32.2734 37.2779 -3.39422 0.0224873 -0.999747 -0.000189267
-32.2268 37.2792 -2.28931 0.0231524 -0.999732 0.000542236
-32.2598 37.2785 -1.1896 0.0232394 -0.99973 8.78736e-05
-32.3949 37.2757 -0.113853 0.0246979 -0.999695 -0.000256572
-32.4613 37.2735 1.15062 0.0236941 -0.999719 -0.000397952
-32.4944 37.2723 2.16148 0.0251712 -0.999683 -0.000335834
-32.5101 37.272 3.36512 0.0248299 -0.999691 0.000877383
-32.5034 37.2724 3.64261 0.0249549 -0.999688 0.000890056
-33.4121 37.2505 3.46169 0.0235974 -0.999721 0.000442879
-33.4207 37.2502 2.17173 0.0225573 -0.999744 -0.00147674
-33.3521 37.253 1.14879 0.0209052 -0.999781 -0.000581161
-33.3075 37.2544 0.175819 0.0217494 -0.999763 -0.000839781
-33.2154 37.2571 -0.802366 0.0213119 -0.999773 -0.000392118
-33.1419 37.2594 -2.13577 0.0201465 -0.999797 -0.000849282
-33.158 37.2595 -3.15295 0.0194802 -0.99981 -6.62974e-05
-33.2008 37.2585 -3.5911 0.0193899 -0.999812 7.16661e-05
-34.1148 37.2415 -3.66464 0.0178517 -0.999841 -0.000486707
-34.0477 37.2419 -2.57578 0.0187104 -0.999825 -0.000536944
-34.0786 37.2406 -1.57167 0.0177558 -0.999842 -0.00114974
-34.1664 37.2376 -0.548148 0.0182585 -0.999832 -0.00164137
-34.2126 37.2358 0.410889 0.0191985 -0.999815 -0.000493012
-34.2691 37.234 1.39018 0.0192672 -0.999814 -0.000992291
-34.3215 37.2307 2.56014 0.0191029 -0.999816 -0.00132648
-34.3358 37.2299 3.40926 0.0208156 -0.999783 0.00016505
-35.2354 37.213 3.21771 0.0181965 -0.999832 -0.00212919
-35.2236 37.2152 2.14716 0.016442 -0.999862 -0.00234028
-35.15 37.2186 0.995139 0.0161512 -0.999868 -0.001698
-35.093 37.2216 -0.0381743 0.0162615 -0.999866 -0.00213012
-35.0154 37.2248 -1.18891 0.0156929 -0.999877 -0.000657654
-34.9827 37.2265 -2.18769 0.0138737 -0.999903 -0.00082567
-34.9963 37.2262 -3.2359 0.0138334 -0.999904 -0.000316556
-35.0132 37.2262 -3.4495 0.0147495 -0.999891 -0.000492429
-35.9394 37.2149 -3.51277 0.0102857 -0.999947 -0.000734655
-35.9156 37.2149 -2.53065 0.0114696 -0.999934 -0.000472275
-35.9116 37.213 -1.34955 0.0113705 -0.999934 -0.00167524
-35.9863 37.2093 -0.19555 0.0116781 -0.999925 -0.00345154
-36.0364 37.2057 0.896217 0.0129283 -0.999916 -0.00112073
-36.1428 37.2007 2.16451 0.0146311 -0.999887 -0.00339641
-36.1264 37.1979 3.24611 0.0152641 -0.99988 -0.00275149
-37.3063 37.1892 1.43333 0.0107965 -0.999934 -0.00374549
-37.3891 37.1844 2.5048 0.0100045 -0.999942 -0.00399982
-37.3677 37.1795 3.69653 0.0118799 -0.999921 -0.00402199
-36.7993 37.1836 4.57119 0.0145441 -0.999891 -0.00259773
-35.4501 37.2065 4.59677 0.0191923 -0.999814 -0.00168919
-34.3172 37.2288 4.63927 0.0219474 -0.999758 -0.00164665
-33.2026 37.2547 4.71527 0.0248702 -0.99969 -0.000905701
-32.0742 37.2838 4.72381 0.0270022 -0.999634 -0.00132016
-30.973 37.3166 4.70267 0.0328347 -0.999459 0.000211879
-29.6959 37.3632 4.6749 0.0398389 -0.999204 0.00221177
-28.6003 37.4116 4.62604 0.0500002 -0.99874 0.00307808
-27.2472 37.4907 4.64443 0.0643983 -0.99792 0.00267531
-25.9778 37.5912 4.69239 0.0885463 -0.996063 0.00414207
-24.8476 37.6961 4.70794 0.0990063 -0.995087 -9.73437e-05
-23.7149 37.8256 4.6699 0.13013 -0.991494 0.00231393
-22.6284 37.9834 4.66875 0.165192 -0.98625 -0.00459229
-21.4263 38.1899 4.62071 0.176082 -0.984358 -0.00584375
-20.228 38.4183 4.58222 0.197045 -0.980328 -0.00923646
-19.0529 38.6667 4.60022 0.212188 -0.977225 0.00107089
-17.9315 38.9175 4.61049 0.222111 -0.975018 -0.00116534
-16.8793 39.1617 4.63049 0.227283 -0.973828 -0.000908424
-15.8201 39.4101 4.61172 0.229207 -0.973378 0.000294779
-14.5236 39.7151 4.59054 0.229098 -0.973403 -0.000381987
-13.3149 40.0003 4.66611 0.23059 -0.97305 -0.0008349
-12.0183 40.3103 4.64777 0.234276 -0.972168 -0.001871
-10.6132 40.6512 4.65994 0.237911 -0.971285 -0.000949656
-9.24559 40.9896 4.62692 0.242682 -0.970103 -0.00228755
-8.20589 41.2507 4.62795 0.245768 -0.969321 -0.0033257
-7.03243 41.5533 4.63466 0.251306 -0.967904 -0.00241131
-5.80262 41.875 4.61799 0.254793 -0.966989 -0.00358826
-4.83413 42.1336 4.07772 0.258491 -0.966008 -0.00334025
-4.77386 42.1521 2.99757 0.257526 -0.96627 -0.0018985
-4.79357 42.1488 1.93442 0.256847 -0.966451 -0.00100178
-4.77937 42.1532 0.674975 0.257225 -0.966351 -0.000810555
-4.75886 42.1584 -0.508507 0.256478 -0.96655 9.37122e-05
-4.7817 42.1522 -1.80826 0.257399 -0.966305 -0.000472016
-4.77948 42.1527 -2.87522 0.258966 -0.965886 0.000318814
-4.77897 42.1523 -4.0949 0.25818 -0.966097 0.000746364
-5.50041 41.9607 -4.67998 0.254795 -0.966995 -6.37947e-05
-6.54741 41.6856 -4.71049 0.250947 -0.967997 0.000322948
-7.77278 41.3719 -4.66412 0.247136 -0.968979 0.0017771
-8.85242 41.0994 -4.648 0.242677 -0.970106 0.000545476
-10.0835 40.794 -4.6517 0.238347 -0.971179 0.00112779
-11.1966 40.522 -4.67476 0.23614 -0.971719 0.00012264
-12.2707 40.2629 -4.69675 0.233894 -0.972262 -1.08767e-05
-13.461 39.9789 -4.73115 0.231903 -0.972738 -0.00124392
-14.7186 39.6782 -4.69084 0.232803 -0.972523 -0.00105035
-15.7602 39.4272 -4.66207 0.234613 -0.972089 -0.000674688
-16.8033 39.1752 -4.70196 0.234718 -0.972064 -7.61686e-05
-17.9926 38.8889 -4.68242 0.232909 -0.972498 0.00091397
-19.3588 38.5755 -4.67396 0.21736 -0.976091 0.000674071
-20.4338 38.3468 -4.58914 0.205483 -0.978646 0.00510033
-21.6487 38.1121 -4.58556 0.168696 -0.985648 0.00467475
-22.7862 37.9233 -4.63947 0.156344 -0.987592 0.0125405
-24.1418 37.7337 -4.72214 0.119958 -0.992642 0.0152447
-25.2478 37.6109 -4.71156 0.10367 -0.994588 0.00534675
-26.3205 37.5173 -4.72798 0.0724174 -0.997372 -0.00135607
-27.4715 37.4443 -4.70226 0.0584948 -0.998265 0.00678844
-28.662 37.3865 -4.68022 0.0418347 -0.999119 0.00317656
-29.7983 37.3441 -4.71439 0.0336444 -0.999434 -0.000381452
-31.2646 37.3028 -4.7126 0.0257591 -0.999668 0.000458181
-32.4913 37.2737 -4.69168 0.0217148 -0.999764 -0.000122835
-33.6217 37.2511 -4.72708 0.0184245 -0.999829 -0.00122153
-34.8319 37.2307 -4.75738 0.0153397 -0.999881 -0.0017026
-35.8954 37.2176 -4.70085 0.00905238 -0.999959 -0.00065092
-37.0284 37.2079 -4.58115 0.00708191 -0.999974 -0.00106285
-37.3009 37.2047 -3.56004 0.0063721 -0.999978 -0.0019173
-37.3119 37.2027 -2.49211 0.00733527 -0.999971 -0.00213425
-37.2474 37.1991 -1.14581 0.00723506 -0.999968 -0.00343539
-37.2784 37.1946 0.168244 0.0094632 -0.999949 -0.00361868
-37.2987 37.1897 1.3273 0.0107088 -0.999937 -0.00313333
-38.367 37.18 1.30901 0.00849718 -0.999953 -0.0046278
-38.3383 37.1858 0.202547 0.00720182 -0.999956 -0.00598535
-38.3133 37.1917 -0.870045 0.00542099 -0.999973 -0.00489088
-38.3494 37.1957 -1.94178 0.00469456 -0.999985 -0.00289678
-38.352 37.1988 -3.30548 0.00309104 -0.999993 -0.00207867
-38.3299 37.2006 -4.50424 0.00464375 -0.999988 -0.00128258
-38.1508 37.202 -5.65081 0.00472914 -0.999989 8.77711e-05
-36.9403 37.2092 -5.72212 0.00715617 -0.999974 -0.000163491
-35.7899 37.2192 -5.77595 0.0103277 -0.999947 0.000270183
-34.7027 37.2336 -5.79044 0.0163046 -0.999866 0.000367542
-33.6316 37.251 -5.77646 0.017449 -0.999847 -0.000284113
-32.5376 37.2721 -5.75683 0.0208828 -0.999781 0.00027126
-31.2326 37.3032 -5.75238 0.0262354 -0.999655 0.00150344
-29.9232 37.3388 -5.7568 0.0307499 -0.999516 0.00476768
-28.6503 37.3828 -5.73737 0.039545 -0.999205 0.00297732
-27.5934 37.4302 -5.74121 0.047608 -0.998844 0.00622369
-26.4115 37.5052 -5.7892 0.0809387 -0.996696 0.0062894
-25.0102 37.6309 -5.76958 0.0966389 -0.995167 0.0173114
-23.7916 37.7635 -5.76739 0.11912 -0.992788 0.0134431
-22.5477 37.9498 -5.71748 0.158683 -0.987173 0.0175705
-21.1443 38.195 -5.65746 0.189469 -0.981711 0.0163846
-20.0468 38.4191 -5.70337 0.213044 -0.976972 0.0107748
-18.8503 38.6851 -5.76363 0.224814 -0.974398 0.00250117
-17.6341 38.9735 -5.72434 0.235401 -0.971894 0.00296224
-16.57 39.2316 -5.73226 0.236774 -0.971564 -0.000685382
-15.4591 39.5012 -5.73002 0.235046 -0.971983 -0.00142421
-14.1076 39.8263 -5.77203 0.232295 -0.972644 -0.00142133
-13.0729 40.0728 -5.78614 0.23159 -0.972813 -0.000965788
-11.9523 40.3398 -5.75752 0.231086 -0.972932 0.00141429
-10.8176 40.6126 -5.72226 0.235437 -0.971886 0.00217149
-9.7906 40.8641 -5.73016 0.240297 -0.970696 0.00235669
-8.66279 41.1453 -5.71409 0.242995 -0.970026 0.00141909
-7.63387 41.4055 -5.72305 0.246488 -0.969145 0.00138716
-6.53207 41.6878 -5.7517 0.250052 -0.968225 0.00371206
-5.2854 42.0156 -5.74128 0.256092 -0.966642 0.00431684
-4.00814 42.3575 -5.60153 0.259013 -0.965873 0.000873831
-3.74017 42.4302 -4.57001 0.259493 -0.965745 0.000200979
-3.75385 42.4276 -3.29609 0.26004 -0.965597 0.00147285
-3.75713 42.4278 -2.00994 0.26028 -0.965533 0.000186848
-3.75776 42.4273 -0.894038 0.261255 -0.96527 -0.000231444
-3.77286 42.4236 0.467154 0.260514 -0.96547 -0.000611452
-3.75671 42.4267 1.88469 0.259866 -0.965644 -0.00116416
-3.73501 42.4304 3.11896 0.260278 -0.965532 -0.00171318
-3.77053 42.4183 4.38177 0.260939 -0.965353 -0.00207555
-3.94126 42.3691 5.57131 0.26062 -0.965438 -0.00241555
-5.19525 42.0319 5.67859 0.258218 -0.966082 -0.00271976
-6.25731 41.7523 5.70061 0.252254 -0.967656 -0.00299762
-7.46894 41.4378 5.69302 0.250045 -0.968231 -0.00253019
-8.60898 41.1469 5.69194 0.246015 -0.969264 -0.00169423
-9.67158 40.8813 5.70533 0.24058 -0.970627 -0.00216777
-10.9184 40.575 5.72606 0.23713 -0.971476 -0.00198653
-11.9581 40.3236 5.71024 0.23308 -0.972456 -0.00142611
-13.0086 40.072 5.73631 0.231368 -0.972865 -0.00132022
-14.256 39.7781 5.6766 0.228367 -0.973575 0.000214146
-15.3062 39.5316 5.62548 0.229235 -0.973371 0.000873347
-16.551 39.2387 5.71683 0.228812 -0.97347 0.00138596
-17.9353 38.916 5.70484 0.225742 -0.974184 -0.000879749
-18.9934 38.6775 5.67859 0.216807 -0.976199 -0.00558546
-20.1014 38.4355 5.66893 0.209432 -0.977823 -0.000981214
-21.3134 38.2032 5.6779 0.182111 -0.983228 -0.00983838
-22.5819 37.9828 5.74612 0.155015 -0.987825 -0.0106922
-23.7147 37.8205 5.72127 0.123103 -0.992261 -0.01524
-24.8804 37.6886 5.75187 0.0991847 -0.994905 -0.0180054
-25.9998 37.5865 5.73706 0.0841869 -0.996434 -0.00571548
-27.1667 37.4972 5.70669 0.0722595 -0.997381 -0.00184576
-28.5923 37.4135 5.68771 0.0506853 -0.998709 0.000449654
-29.6998 37.3632 5.72169 0.0416859 -0.999126 0.000484026
-31.0089 37.3142 5.74879 0.0331379 -0.999448 -0.00180004
-32.0687 37.2829 5.77483 0.0280839 -0.999604 -0.00158377
-33.2037 37.2533 5.76304 0.0240439 -0.99971 -0.000943921
-34.2671 37.2288 5.72697 0.0209855 -0.99978 -0.000611592
-35.4435 37.205 5.64331 0.0199377 -0.999801 -0.00104538
-36.9307 37.1783 5.66329 0.0175705 -0.999841 -0.00287411
-37.9968 37.1629 5.67053 0.012091 -0.999909 -0.00596999
-38.39 37.1635 4.71694 0.0111696 -0.999924 -0.00511618
-38.4199 37.1685 3.58364 0.00917802 -0.999944 -0.00522783
-38.4178 37.1759 2.15023 0.00889707 -0.999948 -0.00502281
-38.3771 37.1792 1.45984 0.008083 -0.999959 -0.00411122
-39.4224 37.171 1.5242 0.00824383 -0.999954 -0.00472412
-39.4295 37.178 0.355637 0.00818174 -0.999949 -0.00574454
-39.4015 37.1884 -1.01849 0.00346087 -0.999965 -0.00762468
-39.4407 37.1926 -2.1742 0.00266106 -0.999992 -0.00297373
-39.401 37.1962 -3.37478 0.00186958 -0.999993 -0.00326334
-39.3978 37.1987 -4.43957 -0.000424131 -1 -0.00073392
-39.4005 37.1986 -5.65636 0.000589131 -0.999998 0.00197687
-39.1695 37.1954 -6.69318 0.00266738 -0.99998 0.00547472
-37.8954 37.2011 -6.81911 0.00704724 -0.999974 0.00143981
-36.7357 37.2096 -6.74612 0.00838985 -0.999963 0.00158284
-35.6151 37.2207 -6.82054 0.0118818 -0.999929 0.000442379
-34.3641 37.2376 -6.81228 0.0146359 -0.999889 0.00263818
-33.1198 37.2578 -6.83034 0.017971 -0.999833 0.00298959
-32.0397 37.281 -6.81838 0.0246375 -0.999692 0.00303218
-30.9514 37.3081 -6.81709 0.0258992 -0.999663 0.0010519
-29.7904 37.3378 -6.83511 0.0222746 -0.99974 0.00376672
-28.5328 37.3808 -6.82656 0.0394191 -0.999197 0.00720073
-27.3796 37.4338 -6.79377 0.055376 -0.99841 0.0103731
-26.13 37.5132 -6.84924 0.0815899 -0.996442 0.0205802
-25.0318 37.6089 -6.83478 0.0896511 -0.995465 0.0300554
-23.7725 37.7456 -6.84189 0.109474 -0.993583 0.028253
-22.6794 37.9028 -6.81461 0.153544 -0.987753 0.0271801
-21.3312 38.135 -6.76628 0.189608 -0.981469 0.0269802
-20.1785 38.3727 -6.78322 0.212925 -0.976936 0.0153542
-19.1374 38.6087 -6.85686 0.228697 -0.973415 0.0126502
-17.9401 38.8952 -6.79164 0.236318 -0.971663 0.00495161
-16.6334 39.2174 -6.79889 0.239951 -0.970777 -0.00397106
-15.2937 39.5438 -6.80588 0.234958 -0.971985 -0.00627911
-14.2224 39.8011 -6.81555 0.231582 -0.972806 -0.00431784
-13.0729 40.0742 -6.83515 0.230393 -0.973091 -0.00350393
-11.9266 40.3443 -6.81449 0.229855 -0.973222 0.00254407
-10.8765 40.5946 -6.80574 0.234255 -0.972126 0.00963391
-9.67488 40.8898 -6.80784 0.241858 -0.970306 0.00311637
-8.55353 41.1706 -6.79276 0.243076 -0.970005 0.00213651
-7.49054 41.4394 -6.78276 0.243339 -0.96993 0.00471552
-6.41117 41.7131 -6.78071 0.248794 -0.968506 0.00884525
-5.26909 42.0143 -6.7867 0.255385 -0.966806 0.0080355
-4.09665 42.3297 -6.77699 0.262 -0.965052 0.00562613
-3.05808 42.6137 -6.75713 0.266501 -0.963825 0.00437931
-2.70431 42.7115 -5.8103 0.265052 -0.964231 -0.00145009
-2.6885 42.7147 -4.73931 0.261473 -0.965211 0.000170124
-2.72168 42.7061 -3.54903 0.261208 -0.965282 0.000599279
-2.75276 42.6986 -2.35385 0.261192 -0.965287 0.000815033
-2.74748 42.701 -1.19133 0.261922 -0.965088 0.00110331
-2.73426 42.7051 0.0183812 0.263132 -0.96476 -0.000422702
-2.72794 42.705 1.39246 0.261097 -0.965311 -0.00161783
-2.73091 42.702 2.73218 0.261603 -0.965174 -0.00142267
-2.69804 42.7102 3.85953 0.263054 -0.96478 -0.00134095
-2.71298 42.7042 5.02371 0.26331 -0.964709 -0.00197733
-2.73615 42.6944 6.12645 0.26344 -0.964667 -0.00408385
-3.44621 42.4984 6.74335 0.261977 -0.965041 -0.0080516
-4.50363 42.2135 6.74328 0.25813 -0.966101 -0.00421634
-5.5626 41.9313 6.73509 0.255251 -0.966865 -0.00429582
-6.72412 41.6265 6.77515 0.253402 -0.967344 -0.0057742
-7.77678 41.356 6.75193 0.247135 -0.96897 -0.00466268
-8.87 41.0783 6.75459 0.245085 -0.969495 -0.00358242
-9.91923 40.8168 6.76988 0.24112 -0.970488 -0.00365343
-11.0985 40.5274 6.78119 0.236172 -0.971698 -0.00441413
-12.3445 40.2283 6.79392 0.232269 -0.972644 -0.00362492
-13.4837 39.9589 6.74817 0.227269 -0.97383 -0.0016275
-14.5244 39.7152 6.72061 0.225907 -0.974146 -0.000451277
-15.7252 39.435 6.77295 0.229386 -0.973328 0.00369733
-17.1915 39.0882 6.79023 0.232103 -0.972689 0.00141463
-18.4719 38.7888 6.73992 0.221575 -0.975113 -0.00767574
-19.5114 38.5556 6.78827 0.212585 -0.977077 -0.0106686
-20.5488 38.3347 6.75025 0.202979 -0.97909 -0.0126687
-21.6518 38.1212 6.81507 0.180212 -0.983464 -0.0173214
-23.057 37.8947 6.77804 0.146962 -0.988644 -0.030259
-24.2028 37.7409 6.76891 0.114526 -0.992975 -0.0296932
-25.456 37.6192 6.79274 0.0882138 -0.995977 -0.0157588
-26.7581 37.5171 6.77941 0.0714818 -0.997375 -0.0109063
-27.8669 37.4462 6.77809 0.0547424 -0.998423 -0.00916407
-28.9601 37.3937 6.74622 0.0480563 -0.998834 -0.00453773
-30.1829 37.3415 6.7824 0.0386077 -0.99925 -0.00303359
-31.2637 37.3034 6.77854 0.0293716 -0.999557 -0.00408303
-32.4 37.2718 6.78689 0.0267331 -0.999634 -0.00354564
-33.6105 37.2423 6.78694 0.0232473 -0.999727 -0.00243286
-34.7067 37.2178 6.77875 0.0218383 -0.99976 -0.0014953
-35.9026 37.1933 6.74764 0.0197504 -0.999801 -0.00293975
-37.0636 37.1711 6.77143 0.0181373 -0.999818 -0.00591109
-38.1867 37.154 6.78395 0.0121302 -0.999901 -0.00708015
-39.4118 37.143 6.34735 0.0107712 -0.999922 -0.00632942
-39.4392 37.1499 5.20724 0.00980316 -0.999935 -0.00585923
-39.4607 37.1562 4.13697 0.00849473 -0.999942 -0.00661866
-39.4733 37.1636 2.92705 0.00757563 -0.999952 -0.00620891
-39.4325 37.1705 1.64267 0.00732616 -0.999964 -0.00432797
