34.9085 44.0744 3.20433 -0.265874 -0.964008 0.000219666
34.8821 44.0815 2.28823 -0.265352 -0.964151 5.19173e-05
34.8749 44.084 1.29595 -0.265728 -0.964048 -0.000297221
34.9015 44.0761 0.242604 -0.266143 -0.963933 0.000513807
34.908 44.0748 -0.820888 -0.265836 -0.964017 -0.00133632
34.9581 44.0614 -1.96196 -0.267499 -0.963558 7.06318e-05
34.936 44.0674 -3.15272 -0.266702 -0.963779 -0.00039069
34.9382 44.0668 -3.29375 -0.26657 -0.963816 -0.000213955
34.0973 44.2983 -3.40965 -0.263379 -0.964692 0.00031359
34.1258 44.2906 -2.1306 -0.263268 -0.964722 -0.000803915
34.0712 44.3049 -1.03699 -0.263307 -0.964712 0.000151179
34.0651 44.3061 -0.0147233 -0.263844 -0.964565 -0.000708304
34.0077 44.3224 1.07125 -0.26429 -0.964443 0.00013028
34.0081 44.3215 2.04978 -0.264038 -0.964512 -0.000645955
34.062 44.3068 2.98141 -0.264271 -0.964448 0.000476694
34.0761 44.303 3.50591 -0.263939 -0.964539 -7.37302e-05
33.2254 44.535 3.60285 -0.261751 -0.965135 -0.000585576
33.1723 44.55 2.37322 -0.263364 -0.964697 -8.79724e-05
33.1589 44.5538 1.42598 -0.261444 -0.965218 -0.000110942
33.1474 44.5566 0.353901 -0.261308 -0.965255 0.000794099
33.1875 44.5457 -0.580476 -0.262207 -0.965011 -0.000667889
33.2475 44.5294 -1.5806 -0.262769 -0.964859 -6.48204e-05
33.2319 44.5338 -2.78358 -0.261377 -0.965237 -0.000220121
33.2496 44.5285 -3.60219 -0.261745 -0.965137 -0.000165356
32.4019 44.7583 -3.5563 -0.261354 -0.965243 -0.000744161
32.3692 44.767 -2.43821 -0.260764 -0.965403 -0.000353652
32.3634 44.7688 -1.46608 -0.260546 -0.965461 0.000635594
32.3384 44.7754 -0.530976 -0.259891 -0.965638 -0.000567482
32.307 44.7837 0.475458 -0.259882 -0.96564 -0.000186394
32.2742 44.7925 1.61997 -0.259579 -0.965722 -0.000114906
32.3297 44.7777 2.8365 -0.260077 -0.965588 8.59137e-05
32.3866 44.7624 3.42943 -0.259408 -0.965768 -0.000472983
31.5406 44.9894 3.59985 -0.258929 -0.965896 -0.000256843
31.4392 45.0167 2.4961 -0.258791 -0.965933 -0.000111895
31.3957 45.0286 1.56012 -0.259029 -0.965869 8.9517e-05
31.4506 45.0137 0.649208 -0.258755 -0.965943 -4.02823e-05
31.4766 45.0069 -0.294769 -0.258974 -0.965884 -0.000213326
31.5396 44.9903 -1.40993 -0.259102 -0.96585 -0.000434063
31.5283 44.9933 -2.34936 -0.25941 -0.965767 0.000127488
31.512 44.9979 -3.31261 -0.258534 -0.966002 0.000249825
31.5181 44.9963 -3.48097 -0.258412 -0.966035 -0.000421695
30.6507 45.2282 -3.57674 -0.257183 -0.966363 -0.000410039
30.6664 45.2238 -2.58965 -0.257563 -0.966261 -0.000414481
30.6946 45.216 -1.65352 -0.257337 -0.966322 -0.000309675
30.6605 45.225 -0.422418 -0.257704 -0.966224 -7.32072e-06
30.5783 45.2468 0.607592 -0.257367 -0.966314 0.000172636
30.5216 45.262 1.5261 -0.257157 -0.96637 -1.96109e-05
30.5994 45.2412 2.7374 -0.257172 -0.966366 4.18781e-05
30.6744 45.2211 3.39017 -0.257606 -0.96625 -0.000184286
29.8214 45.4479 3.38045 -0.256215 -0.96662 2.50506e-05
29.708 45.4778 2.44352 -0.256245 -0.966612 7.35555e-05
29.6373 45.4965 1.52629 -0.256053 -0.966663 -7.03844e-05
29.7093 45.4774 0.599779 -0.25556 -0.966793 0.000116119
29.8083 45.4513 -0.338248 -0.255839 -0.966719 -0.000218289
29.8477 45.4411 -1.28839 -0.256076 -0.966657 -0.000102353
29.8209 45.4486 -2.4027 -0.25679 -0.966467 -0.000277995
29.7815 45.4591 -3.5096 -0.256633 -0.966509 -0.000355233
28.9059 45.6911 -3.63372 -0.255381 -0.96684 -0.000151518
28.924 45.686 -2.70303 -0.25518 -0.966894 -0.00030667
28.9883 45.6685 -1.67393 -0.255164 -0.966898 -0.000404482
28.9709 45.6727 -0.632659 -0.255302 -0.966861 -0.000340955
28.8728 45.6984 0.347611 -0.254747 -0.967008 -3.0339e-05
28.7702 45.7255 1.29537 -0.254472 -0.96708 0.000257968
28.8143 45.7138 2.28096 -0.254355 -0.967111 -1.61154e-05
28.9593 45.6757 3.198 -0.254719 -0.967015 7.7007e-05
28.9957 45.6661 3.58497 -0.254646 -0.967034 5.81805e-06
28.1307 45.8936 3.46458 -0.253953 -0.967216 -0.00019371
27.978 45.9338 2.5454 -0.253635 -0.9673 2.23325e-05
27.8921 45.9563 1.61851 -0.253384 -0.967366 0.000217774
27.9622 45.9378 0.62132 -0.253887 -0.967234 -8.26982e-05
28.1005 45.9016 -0.392469 -0.254241 -0.967141 -0.000100633
28.1486 45.8896 -1.4626 -0.253865 -0.96724 -0.000498742
28.1032 45.9019 -2.53638 -0.253674 -0.96729 -0.000308647
27.9809 45.9343 -3.45368 -0.254031 -0.967196 -0.000663145
27.0769 46.1714 -3.54129 -0.253417 -0.967357 -0.000791404
27.2194 46.1336 -2.54807 -0.253363 -0.967371 -0.000571473
27.3191 46.107 -1.32832 -0.25323 -0.967406 -0.000499382
27.2298 46.1299 -0.350978 -0.253418 -0.967357 -0.000393463
27.0764 46.1699 0.718846 -0.253085 -0.967444 9.44593e-05
26.9736 46.1969 1.7476 -0.252383 -0.967627 -4.28314e-05
27.2001 46.1375 2.91579 -0.253169 -0.967422 -0.000244692
27.2718 46.1187 3.4519 -0.253364 -0.967371 -0.000135324
26.4172 46.3422 3.48919 -0.252559 -0.967581 -2.25201e-05
26.2037 46.3979 2.35473 -0.252259 -0.96766 -0.000110295
26.1359 46.4156 1.45458 -0.252388 -0.967626 3.52832e-05
26.2671 46.3815 0.340398 -0.252454 -0.967609 -0.000413646
26.3997 46.3472 -0.598655 -0.25277 -0.967526 -0.00044736
26.4272 46.3404 -1.55599 -0.252587 -0.967574 -0.000365328
26.3598 46.3584 -2.673 -0.252308 -0.967647 -0.00030255
26.1812 46.4053 -3.42073 -0.252399 -0.967623 -0.000633315
25.3122 46.6317 -3.3505 -0.251949 -0.96774 -0.000479519
25.5377 46.5725 -2.43999 -0.252033 -0.967719 -0.000344214
25.4953 46.5833 -1.37146 -0.251972 -0.967734 -0.000308041
25.434 46.5989 -0.16194 -0.252134 -0.967692 -0.000250184
25.4148 46.6036 0.800488 -0.252207 -0.967673 -0.000129119
25.2472 46.6472 1.85418 -0.252247 -0.967663 7.72067e-05
25.4678 46.5897 2.86412 -0.252258 -0.96766 -3.57379e-05
25.5135 46.5779 3.558 -0.252308 -0.967647 7.8268e-06
24.5315 46.8335 3.24362 -0.251888 -0.967756 0.000148456
24.5315 46.8334 2.19115 -0.251952 -0.96774 8.9837e-05
24.5315 46.8336 1.04568 -0.251758 -0.96779 -8.73943e-05
24.5315 46.8337 -0.000728853 -0.251865 -0.967762 4.59317e-05
24.5315 46.8339 -1.01247 -0.251837 -0.96777 -0.000280802
24.5315 46.8342 -1.93995 -0.25171 -0.967803 -0.000340261
24.5315 46.8346 -2.89987 -0.251806 -0.967778 -0.00055456
24.5315 46.8349 -3.52112 -0.251924 -0.967747 -0.000558704
23.6538 47.063 -3.54475 -0.251393 -0.967885 -0.000290905
23.697 47.0514 -2.44033 -0.25153 -0.967849 -0.00041058
23.6639 47.0598 -1.51408 -0.251707 -0.967803 -0.000352898
23.6326 47.0676 -0.172639 -0.251678 -0.967811 -0.000266031
23.6071 47.074 0.794632 -0.251577 -0.967837 -0.00019777
23.6469 47.0636 1.81817 -0.251704 -0.967804 -5.6501e-05
23.7115 47.0467 2.74382 -0.251733 -0.967797 3.06079e-05
23.7234 47.0437 3.4564 -0.251738 -0.967796 0.00012979
22.8706 47.2654 3.20914 -0.251717 -0.967801 -2.56223e-05
22.8154 47.2797 2.28029 -0.251522 -0.967852 -5.77264e-05
22.7315 47.3017 0.968065 -0.251663 -0.967815 -0.000170825
22.7371 47.3004 -0.150551 -0.251374 -0.96789 -0.000194782
22.8276 47.277 -1.16192 -0.251548 -0.967845 -0.000231743
22.8411 47.2738 -2.31645 -0.25142 -0.967878 -0.000256601
22.7628 47.2944 -3.29269 -0.251176 -0.967941 -0.000402829
22.762 47.2947 -3.47775 -0.251215 -0.967931 -0.000371193
21.9239 47.5125 -3.56437 -0.251493 -0.967859 -0.000326796
21.9648 47.5015 -2.38604 -0.251495 -0.967859 -9.56533e-05
21.9665 47.5008 -1.18897 -0.251678 -0.967811 -0.000261902
21.9032 47.5171 -0.274913 -0.251625 -0.967825 -7.04751e-05
21.8739 47.5246 0.751586 -0.251538 -0.967847 -0.000140535
21.9451 47.5059 1.95925 -0.25162 -0.967826 -0.000128659
21.9745 47.4982 2.89937 -0.251557 -0.967842 -1.21151e-05
21.9663 47.5004 3.16744 -0.251659 -0.967816 5.88567e-05
21.0583 47.7364 3.34263 -0.251601 -0.967831 -2.69168e-05
21.075 47.7321 2.08333 -0.251614 -0.967828 0.000161485
21.0144 47.748 0.70497 -0.251536 -0.967848 -0.0001572
21.0631 47.7354 -0.309993 -0.251594 -0.967833 -0.00020914
21.1076 47.724 -1.41781 -0.251504 -0.967856 -0.000256435
21.1003 47.7261 -2.42867 -0.25157 -0.967839 -0.000351387
21.0758 47.7327 -3.54124 -0.251226 -0.967928 -9.58062e-05
21.0756 47.7327 -3.58136 -0.251226 -0.967928 -0.000307115
20.2168 47.956 -3.615 -0.251663 -0.967815 -0.000165103
20.2558 47.9456 -2.25258 -0.251603 -0.967831 -0.000194499
20.2503 47.9468 -1.19109 -0.251586 -0.967835 -0.000151931
20.1986 47.9602 -0.278271 -0.251616 -0.967827 -9.10183e-05
20.1662 47.9686 0.911128 -0.251717 -0.967801 -0.000203989
20.1986 47.9601 2.05784 -0.251771 -0.967787 -2.02377e-05
20.2007 47.9594 3.00965 -0.251668 -0.967814 3.05597e-05
20.1655 47.9686 3.61221 -0.251708 -0.967803 -1.80916e-05
19.2977 48.1944 3.33383 -0.251819 -0.967774 -4.7707e-05
19.3231 48.1878 2.28276 -0.2517 -0.967805 -3.95455e-05
19.2993 48.1941 1.23547 -0.251759 -0.96779 -7.64986e-05
19.3086 48.1916 0.0401808 -0.251751 -0.967792 -7.66038e-05
19.3954 48.1692 -1.01858 -0.25177 -0.967787 -8.02816e-05
19.3995 48.1683 -2.2938 -0.251788 -0.967782 -0.000140733
19.3689 48.1764 -3.31192 -0.251751 -0.967792 -0.00012195
19.3652 48.1773 -3.38594 -0.251626 -0.967825 -9.33432e-05
18.5032 48.4016 -3.40206 -0.25171 -0.967803 4.87315e-05
18.5335 48.3936 -2.42011 -0.251857 -0.967764 -0.000131531
18.5403 48.3917 -1.22594 -0.251992 -0.967729 -5.06098e-05
18.4518 48.4146 -0.242641 -0.251922 -0.967748 -6.38995e-05
18.4392 48.4178 0.673529 -0.251931 -0.967745 -8.57267e-05
18.4416 48.4173 1.68582 -0.25177 -0.967787 1.83606e-05
18.457 48.4132 2.66097 -0.251811 -0.967776 0.000154097
18.4404 48.4175 3.36357 -0.251813 -0.967776 -6.64863e-05
17.5935 48.638 3.43761 -0.251913 -0.96775 3.80068e-05
17.6217 48.6307 2.27715 -0.251953 -0.967739 -6.77734e-05
17.5888 48.6392 1.32877 -0.251896 -0.967754 -2.18683e-05
17.5809 48.6413 0.206987 -0.251939 -0.967743 -0.000161805
17.6173 48.6319 -0.709681 -0.25199 -0.96773 -0.000153876
17.6736 48.6174 -1.79966 -0.252079 -0.967707 -0.000121409
17.6634 48.6201 -2.83745 -0.251871 -0.967761 0.00012521
17.6513 48.6233 -3.47552 -0.251953 -0.96774 -0.000108125
16.7544 48.8568 -3.61481 -0.252061 -0.967711 -2.59341e-05
16.8064 48.8432 -2.34434 -0.251947 -0.967741 -3.30315e-05
16.7913 48.8471 -1.4074 -0.251974 -0.967734 -2.30481e-05
16.7439 48.8594 -0.220476 -0.252235 -0.967666 -7.02174e-05
16.7286 48.8633 0.825351 -0.252098 -0.967702 1.68008e-05
16.7504 48.8576 1.87225 -0.25208 -0.967706 -0.000108374
16.7648 48.8538 2.89354 -0.252077 -0.967707 -0.000139045
16.7352 48.8615 3.56533 -0.251901 -0.967753 0.000104293
15.8906 49.0817 3.53594 -0.252155 -0.967687 -1.52017e-06
15.8899 49.0819 2.5538 -0.252219 -0.96767 4.33909e-05
15.8875 49.0825 1.55593 -0.252151 -0.967688 6.15269e-05
15.8901 49.0818 0.227697 -0.252213 -0.967672 -3.56525e-05
15.9098 49.0768 -0.864052 -0.252122 -0.967696 -2.56553e-05
15.945 49.0676 -2.07834 -0.252159 -0.967686 -0.00025331
15.9213 49.0738 -3.17461 -0.252194 -0.967677 -3.50357e-05
15.8833 49.0837 -3.65875 -0.25202 -0.967722 -2.951e-05
15.038 49.304 -3.5758 -0.252339 -0.967639 8.60415e-05
15.0836 49.2921 -2.3832 -0.252205 -0.967674 -3.74528e-05
15.0624 49.2976 -1.269 -0.25212 -0.967696 -2.08814e-06
15.043 49.3026 -0.348659 -0.252306 -0.967647 -0.000161503
15.0179 49.3091 1.06256 -0.252115 -0.967697 1.19359e-05
15.0188 49.3089 1.9818 -0.252213 -0.967672 -8.29549e-06
15.0292 49.3062 3.0033 -0.252149 -0.967688 -1.28953e-05
15.0392 49.3036 3.59588 -0.252124 -0.967695 2.30939e-05
14.177 49.5284 3.16053 -0.252308 -0.967647 -7.64707e-05
14.175 49.5289 2.10872 -0.2522 -0.967675 8.35775e-06
14.16 49.5328 1.05568 -0.252332 -0.967641 1.3692e-07
14.1632 49.532 0.0891729 -0.252171 -0.967683 8.33392e-06
14.2253 49.5158 -0.837552 -0.252289 -0.967652 -0.000252016
14.223 49.5164 -2.06375 -0.252227 -0.967668 -1.75902e-05
14.2019 49.5219 -3.17612 -0.252276 -0.967655 -3.63398e-05
14.1951 49.5237 -3.3049 -0.252134 -0.967692 -2.24271e-06
18.7033 48.3491 4.64142 -0.251862 -0.967763 -0.000132445
19.7753 48.0702 4.66531 -0.251737 -0.967796 -2.50621e-05
20.8468 47.7915 4.69271 -0.251646 -0.967819 0.000233112
22.0055 47.4904 4.61318 -0.251569 -0.967839 7.64142e-05
23.3393 47.1436 4.62884 -0.251568 -0.96784 8.33798e-05
24.6065 46.8142 4.64442 -0.251872 -0.96776 0.000282411
25.7738 46.5101 4.66788 -0.252362 -0.967633 0.000195535
26.863 46.2259 4.66302 -0.253246 -0.967402 0.000479042
28.0081 45.9257 4.68179 -0.253719 -0.967278 4.73568e-05
29.1232 45.6324 4.65149 -0.255026 -0.966934 -0.00035338
30.5123 45.2639 4.67998 -0.257362 -0.966315 1.2637e-05
31.6322 44.9648 4.6896 -0.259027 -0.96587 0.000195708
32.6573 44.6891 4.6625 -0.260655 -0.965432 -5.15262e-05
33.8549 44.3632 4.6644 -0.263411 -0.964683 0.000533405
35.0589 44.0328 4.68801 -0.265444 -0.964126 0.000950977
35.9673 43.7809 4.22224 -0.268307 -0.963333 0.000730688
36.0841 43.7482 2.96912 -0.267956 -0.963431 0.000165371
36.1035 43.7435 1.73861 -0.268162 -0.963374 -0.000245228
36.1277 43.7367 0.610785 -0.26742 -0.96358 0.000554906
36.0825 43.7485 -0.772711 -0.268485 -0.963284 0.000295278
36.0809 43.7491 -1.83785 -0.268573 -0.963259 -0.000427584
36.1068 43.7416 -3.30162 -0.269421 -0.963022 0.000631025
36.0479 43.7569 -4.39882 -0.268903 -0.963167 -0.000191212
34.9886 44.052 -4.67238 -0.267523 -0.963551 0.000975957
33.8436 44.3672 -4.67883 -0.263862 -0.96456 -0.000353479
32.6864 44.682 -4.68307 -0.261576 -0.965182 -0.000729064
31.5617 44.9855 -4.70602 -0.259386 -0.965773 -0.000896875
30.3628 45.3058 -4.7175 -0.256825 -0.966457 -0.00135169
29.3063 45.5859 -4.74838 -0.255679 -0.966761 -0.000861016
28.2178 45.8727 -4.69997 -0.254243 -0.96714 -0.00058392
26.9122 46.2149 -4.66542 -0.252879 -0.967498 -0.000334099
25.7337 46.5225 -4.67714 -0.252218 -0.96767 -0.000160219
24.3865 46.8731 -4.65281 -0.251608 -0.967829 -0.000451204
23.355 47.1411 -4.67621 -0.251444 -0.967872 -0.000233454
22.0991 47.4672 -4.69707 -0.251367 -0.967892 -0.00015621
20.9911 47.755 -4.7152 -0.251308 -0.967907 -0.000190129
19.7552 48.076 -4.7159 -0.251451 -0.96787 -3.04828e-05
18.5163 48.3983 -4.69364 -0.251746 -0.967793 -9.57993e-05
17.4791 48.6682 -4.68454 -0.251939 -0.967743 -0.000179892
16.3926 48.9512 -4.69994 -0.252049 -0.967714 -2.2748e-06
15.173 49.2689 -4.74079 -0.25225 -0.967662 -1.36285e-05
14.0002 49.5745 -4.72139 -0.252288 -0.967652 -1.50382e-05
13.0909 49.8117 -4.28143 -0.252435 -0.967614 -3.94588e-06
13.0017 49.8349 -3.24333 -0.252375 -0.967629 -0.000146168
13.0208 49.8299 -1.97947 -0.252364 -0.967632 0.000102187
12.9495 49.8485 -0.648392 -0.252312 -0.967646 1.90103e-05
12.9787 49.8409 0.650485 -0.252254 -0.967661 7.64835e-05
13.0061 49.8337 1.78904 -0.252535 -0.967588 -4.41627e-05
13.0263 49.8285 2.8979 -0.25233 -0.967641 4.40051e-05
13.0232 49.8293 3.9727 -0.252325 -0.967643 0.000122943
13.7678 49.6351 4.6402 -0.252295 -0.96765 -0.000112249
14.9675 49.3222 4.70434 -0.252424 -0.967617 -0.000119468
15.9929 49.0549 4.66277 -0.252316 -0.967645 -6.88399e-05
17.18 48.7458 4.62966 -0.251941 -0.967743 4.91e-05
18.3236 48.448 4.6363 -0.251819 -0.967774 0.000138756
18.5352 48.3929 4.64064 -0.251891 -0.967756 -5.70806e-06
18.609 48.3737 5.70182 -0.251869 -0.967761 -7.1795e-05
19.8778 48.0436 5.74646 -0.251792 -0.967781 -5.99689e-05
20.9914 47.754 5.76196 -0.251506 -0.967856 0.000110941
22.3226 47.4081 5.65667 -0.251486 -0.967861 0.000208327
23.4424 47.1171 5.69461 -0.251551 -0.967844 0.00037794
24.5999 46.8162 5.71467 -0.251807 -0.967777 0.000485568
25.63 46.5479 5.70226 -0.252286 -0.967653 0.000411039
26.6758 46.275 5.70731 -0.252678 -0.96755 0.000811678
28.0244 45.9218 5.71331 -0.253936 -0.967221 0.000520078
29.3306 45.5776 5.72448 -0.255536 -0.9668 0.00032245
30.4622 45.2777 5.74829 -0.256861 -0.966448 0.000576818
31.5267 44.9937 5.77614 -0.258938 -0.965894 0.000725709
32.6094 44.7021 5.70648 -0.2605 -0.965474 0.000458478
33.9111 44.3485 5.70015 -0.263386 -0.96469 0.000551863
35.2443 43.9821 5.75059 -0.26679 -0.963754 0.000413993
36.6271 43.597 5.69617 -0.269924 -0.962882 9.37373e-05
37.0292 43.4846 4.71823 -0.269279 -0.963062 -0.000535501
37.077 43.4714 3.52889 -0.269483 -0.963005 6.77196e-05
37.1179 43.4601 2.42386 -0.269943 -0.962876 -0.000513256
37.1503 43.451 1.04745 -0.270738 -0.962653 2.85491e-05
37.1306 43.4561 -0.055295 -0.270035 -0.96285 0.000573484
37.1011 43.464 -1.20549 -0.270185 -0.962809 0.000179513
37.1022 43.4634 -2.30847 -0.269808 -0.962914 0.000474417
37.1104 43.459 -3.62303 -0.2712 -0.962522 0.0014792
37.1362 43.4511 -4.6933 -0.271682 -0.962387 0.000437218
36.7874 43.5497 -5.70496 -0.271364 -0.962476 -0.00112258
35.6762 43.8613 -5.73 -0.268979 -0.963146 -0.000880359
34.647 44.1466 -5.72786 -0.265518 -0.964106 -0.00061334
33.6048 44.4331 -5.75619 -0.263194 -0.96474 -0.002081
32.5339 44.7242 -5.73417 -0.261148 -0.965298 -0.00111841
31.3042 45.0557 -5.7414 -0.259308 -0.965794 -0.000942364
30.0778 45.3826 -5.79744 -0.255905 -0.966701 -0.00101587
29.0238 45.6612 -5.77601 -0.25521 -0.966885 -0.00131
27.8641 45.9661 -5.75013 -0.253973 -0.967211 -0.00074257
26.5125 46.3197 -5.73352 -0.252631 -0.967563 -0.000451561
25.3406 46.6253 -5.71035 -0.252196 -0.967676 -0.000441992
23.9307 46.9919 -5.72119 -0.251167 -0.967944 -0.000549854
22.7244 47.3052 -5.75983 -0.251257 -0.96792 -0.000298463
21.4996 47.6231 -5.75197 -0.251299 -0.967909 -0.000244244
20.3733 47.9156 -5.77335 -0.251402 -0.967883 7.98324e-05
19.1693 48.2284 -5.75045 -0.251568 -0.96784 0.000127039
18.0332 48.524 -5.72326 -0.251936 -0.967744 0.000106973
16.8942 48.8205 -5.74043 -0.252062 -0.967711 -2.96338e-07
15.6509 49.1444 -5.75056 -0.252144 -0.96769 0.000147038
14.1243 49.5422 -5.76674 -0.252222 -0.96767 1.41792e-05
12.7633 49.8971 -5.721 -0.252392 -0.967625 4.53099e-05
11.9687 50.1043 -5.14748 -0.252342 -0.967638 -3.76275e-05
11.9347 50.1132 -3.87559 -0.252372 -0.96763 4.95306e-05
11.9836 50.1004 -2.7595 -0.252449 -0.96761 4.87572e-05
11.9733 50.103 -1.6086 -0.252368 -0.967631 -7.48459e-05
11.9357 50.1128 -0.319479 -0.252138 -0.967691 3.08717e-05
11.9484 50.1095 0.798955 -0.252382 -0.967628 5.95151e-05
11.9762 50.1024 2.22328 -0.25237 -0.967631 9.50444e-05
11.981 50.1011 3.36119 -0.252483 -0.967601 -5.42214e-05
11.9726 50.1033 4.77741 -0.25237 -0.967631 0.000161127
12.4348 49.9827 5.62272 -0.252486 -0.967601 1.87787e-05
13.5811 49.6837 5.68574 -0.252373 -0.96763 8.61852e-05
14.6556 49.4036 5.76795 -0.25252 -0.967592 -0.000125819
15.8083 49.1031 5.74861 -0.25223 -0.967667 2.80554e-06
16.9171 48.8142 5.69353 -0.251982 -0.967732 6.01265e-05
18.2474 48.4678 5.72231 -0.2521 -0.967701 7.89638e-05
18.3189 48.4492 5.72049 -0.252006 -0.967726 9.41023e-06
18.3079 48.452 6.7748 -0.25175 -0.967792 -8.8142e-05
17.0056 48.7911 6.75277 -0.252159 -0.967686 -0.000148299
15.9575 49.0641 6.79951 -0.252298 -0.96765 3.10394e-05
14.7975 49.3665 6.81147 -0.252334 -0.96764 -5.88392e-05
13.6262 49.672 6.75555 -0.252307 -0.967647 0.000113231
12.4969 49.9665 6.74476 -0.252441 -0.967612 4.8187e-05
11.3278 50.2715 6.70346 -0.252454 -0.967609 -5.71644e-05
10.8994 50.3833 5.82439 -0.252393 -0.967625 -4.79641e-05
10.9234 50.377 4.57824 -0.252467 -0.967605 4.07903e-05
10.9545 50.3689 3.38357 -0.252508 -0.967595 -2.94169e-05
10.9543 50.3689 2.26169 -0.252523 -0.967591 -4.84844e-05
10.9368 50.3734 0.861111 -0.252516 -0.967593 7.77144e-05
10.9395 50.3727 -0.316115 -0.252351 -0.967636 -7.17945e-05
10.942 50.372 -1.44804 -0.252483 -0.967601 7.40921e-05
10.9425 50.3719 -2.73812 -0.252477 -0.967603 -2.83131e-06
10.9268 50.376 -3.88852 -0.252376 -0.967629 -4.42569e-05
10.9301 50.3752 -5.25315 -0.252368 -0.967631 -0.000115006
10.9604 50.3673 -6.32761 -0.252359 -0.967634 8.29498e-05
11.9219 50.1165 -6.81128 -0.252404 -0.967622 -5.40089e-05
12.9608 49.8455 -6.79917 -0.252349 -0.967636 2.16023e-05
13.9976 49.5752 -6.80687 -0.252151 -0.967688 8.4457e-05
15.1594 49.2724 -6.80233 -0.252309 -0.967647 -7.86672e-06
16.2579 48.9861 -6.78296 -0.252007 -0.967725 6.71393e-05
17.387 48.6922 -6.81251 -0.252001 -0.967727 7.94609e-05
18.6356 48.3672 -6.79339 -0.251743 -0.967794 3.59071e-05
19.6618 48.1005 -6.82934 -0.25159 -0.967834 0.00016927
20.8178 47.8003 -6.79583 -0.251209 -0.967933 -0.000137807
22.0015 47.4931 -6.80721 -0.251273 -0.967916 -0.00013735
23.3556 47.1417 -6.83416 -0.251044 -0.967976 -0.000320527
24.4915 46.8468 -6.80966 -0.251436 -0.967874 -0.000477625
25.5389 46.5742 -6.78258 -0.252076 -0.967707 -0.00084983
26.6005 46.2977 -6.80185 -0.252464 -0.967606 -0.00113545
27.6907 46.0127 -6.7847 -0.25345 -0.967348 -0.00130592
28.9148 45.6912 -6.83903 -0.254322 -0.967119 -0.0010343
29.9516 45.4175 -6.83763 -0.256415 -0.966565 -0.00129904
31.077 45.1185 -6.82444 -0.257803 -0.966196 -0.00127701
32.2502 44.8023 -6.78704 -0.261026 -0.965331 -0.00145262
33.3959 44.4923 -6.79412 -0.262902 -0.964817 -0.00313837
34.4355 44.2075 -6.81066 -0.265594 -0.96408 -0.00289018
35.5296 43.9054 -6.80383 -0.267793 -0.96347 -0.00295797
36.6053 43.6031 -6.84126 -0.273428 -0.961889 -0.00242966
37.7663 43.2733 -6.76384 -0.273823 -0.961776 -0.00267715
38.1391 43.1665 -5.7846 -0.273591 -0.961846 -0.000106033
38.1674 43.1587 -4.61135 -0.273102 -0.961985 0.000820911
38.1162 43.1749 -3.50708 -0.272041 -0.96228 0.00310449
38.1267 43.1756 -2.26168 -0.270139 -0.96282 0.00139657
38.1352 43.1736 -0.894546 -0.270636 -0.962682 -2.19682e-05
38.1371 43.1732 0.233191 -0.271297 -0.962496 -0.000148798
38.1656 43.1648 1.35078 -0.27173 -0.962374 0.000126321
38.1536 43.1697 2.60186 -0.270259 -0.962788 0.000452225
38.1152 43.1808 3.78279 -0.270087 -0.962836 -0.000225035
38.1003 43.1836 4.91283 -0.270711 -0.96266 -0.0012837
38.0928 43.1849 6.10089 -0.270976 -0.962586 6.6097e-05
37.4446 43.3681 6.7585 -0.270793 -0.962637 0.00110947
36.4087 43.6588 6.81787 -0.269744 -0.962931 0.0016061
35.1272 44.0154 6.78722 -0.266671 -0.963786 0.00185071
33.9754 44.3324 6.77009 -0.264211 -0.964461 0.00265141
32.9398 44.6141 6.75676 -0.261336 -0.965247 0.00130637
31.8063 44.9198 6.83224 -0.258925 -0.965895 0.00210915
30.672 45.2228 6.78658 -0.257358 -0.966315 0.00145991
29.5008 45.5336 6.79281 -0.255631 -0.966774 0.000961343
28.4467 45.8115 6.78256 -0.254537 -0.967063 0.000832039
27.3154 46.1087 6.7556 -0.253681 -0.967287 0.00130385
26.284 46.3781 6.74905 -0.252476 -0.967603 0.0010675
25.1623 46.6705 6.76184 -0.251818 -0.967774 0.000605352
24.1243 46.9405 6.76266 -0.251357 -0.967894 0.00115754
22.8703 47.2659 6.74696 -0.251336 -0.9679 -2.75407e-05
21.7515 47.5566 6.7684 -0.25139 -0.967886 2.20239e-06
20.6945 47.8312 6.81748 -0.251639 -0.967821 -0.000156569
19.5246 48.1354 6.79927 -0.251654 -0.967817 -4.21921e-05
18.7077 48.348 6.76641 -0.25174 -0.967795 -0.000188264
