-6.98303 42.0963 2.76225 0.252295 -0.967646 -0.00288572
-6.98077 42.0986 1.78315 0.25218 -0.96768 -0.00096537
-6.9636 42.1045 0.731314 0.252301 -0.967647 -0.0018447
-7.0156 42.0921 -0.332591 0.252754 -0.96753 -0.000900302
-7.09563 42.0719 -1.55069 0.251076 -0.967966 0.000655026
-7.15872 42.0546 -2.56578 0.248905 -0.968528 0.000521592
-7.17453 42.0504 -2.88047 0.248757 -0.968566 0.00048845
-8.04727 41.8269 -2.9085 0.246916 -0.969036 0.00113234
-8.00478 41.8378 -1.91556 0.246875 -0.969047 -0.000254357
-7.87324 41.8698 -0.498905 0.250694 -0.968066 -0.000996929
-7.82037 41.8825 0.584024 0.249113 -0.968473 -0.00141319
-7.83452 41.877 1.55886 0.250031 -0.968236 -0.00144196
-7.84015 41.8746 2.5428 0.24992 -0.968266 -0.00128645
-7.84554 41.873 2.66403 0.249653 -0.968333 -0.00207839
-8.71331 41.6508 2.80958 0.247099 -0.968989 -0.00117648
-8.69783 41.656 1.77863 0.246481 -0.969145 -0.00208056
-8.67858 41.6629 0.687313 0.24627 -0.9692 -0.00183067
-8.71186 41.656 -0.388473 0.245622 -0.969365 -0.00117995
-8.81715 41.6308 -1.45579 0.244767 -0.969581 -0.0013381
-8.88507 41.6141 -2.48509 0.244755 -0.969585 0.000148913
-8.90247 41.6098 -2.72654 0.2442 -0.969725 0.000128146
-9.7782 41.3895 -2.86543 0.242838 -0.970067 -0.000343708
-9.68767 41.4121 -1.82119 0.243 -0.970026 -0.000952569
-9.59918 41.4326 -0.725219 0.241847 -0.97031 -0.00259355
-9.54789 41.4436 0.252877 0.243127 -0.969993 -0.00114897
-9.55687 41.4401 1.2332 0.243337 -0.969939 -0.00191496
-9.55662 41.438 2.24754 0.242535 -0.97014 -0.00199583
-9.5818 41.4301 2.97441 0.244253 -0.969709 -0.00222029
-10.4354 41.2172 2.75811 0.240561 -0.970629 -0.00319084
-10.4366 41.2201 1.7024 0.240671 -0.970603 -0.00280093
-10.4009 41.2314 0.540679 0.240888 -0.970551 -0.00181782
-10.4398 41.2228 -0.532834 0.239145 -0.970982 -0.00162414
-10.5481 41.1976 -1.62008 0.240155 -0.970735 -0.000268674
-10.6732 41.168 -2.81149 0.238649 -0.971105 -0.00123438
-10.6849 41.1652 -2.91576 0.238335 -0.971182 -0.00120779
-11.578 40.947 -2.87824 0.237317 -0.971432 -0.000723995
-11.4602 40.9743 -1.87014 0.236408 -0.971653 -0.00161927
-11.3546 40.9989 -0.883803 0.237347 -0.971424 -0.00141883
-11.2944 41.0116 0.110955 0.238238 -0.971204 -0.00228957
-11.2869 41.0111 1.27046 0.23915 -0.97098 -0.00215208
-11.2879 41.0093 2.34294 0.2372 -0.97146 -0.00128474
-11.2971 41.0057 2.81901 0.236207 -0.971699 -0.00257171
-12.1828 40.7911 2.93791 0.234668 -0.972074 -0.00189596
-12.1574 40.7989 1.77813 0.234426 -0.972133 -0.00135127
-12.1575 40.7997 0.753801 0.234022 -0.972229 -0.00167349
-12.1822 40.7959 -0.449568 0.234794 -0.972044 -0.00162291
-12.2744 40.7755 -1.45387 0.234866 -0.972026 -0.00163067
-12.4275 40.7404 -2.48423 0.235327 -0.971914 -0.00190469
-12.4424 40.737 -2.6163 0.235576 -0.971854 -0.00184616
-13.3487 40.5196 -2.92604 0.233253 -0.972415 -0.00163161
-13.2145 40.5499 -1.88112 0.232694 -0.972549 -0.00145677
-13.105 40.5746 -0.876402 0.233548 -0.972344 -0.0018077
-13.0208 40.5931 0.271331 0.232668 -0.972556 -0.00109778
-13.021 40.592 1.34504 0.232916 -0.972496 -0.00114262
-13.0423 40.5853 2.50172 0.232843 -0.972513 -0.00146139
-13.0549 40.5818 2.83653 0.232758 -0.972534 -0.00122471
-13.9333 40.3722 2.8738 0.231333 -0.972874 -0.000941881
-13.9072 40.3795 1.86304 0.231463 -0.972843 -0.00138173
-13.8821 40.3868 0.819181 0.231543 -0.972824 -0.00119773
-13.9101 40.3817 -0.454203 0.2319 -0.972739 -0.00141643
-14.0502 40.3496 -1.59782 0.232448 -0.972608 -0.0012207
-14.215 40.3119 -2.745 0.232721 -0.972542 -0.00155248
-14.2314 40.3083 -2.91014 0.232676 -0.972553 -0.00151898
-15.0937 40.1017 -2.83461 0.23309 -0.972454 -0.00117817
-14.9579 40.1328 -1.77145 0.232601 -0.972572 -0.000851366
-14.8009 40.1693 -0.522862 0.231725 -0.972781 -0.000775691
-14.7591 40.1783 0.610981 0.231282 -0.972886 -0.000862195
-14.7639 40.1762 1.75584 0.231017 -0.972949 -0.000824752
-14.7965 40.1675 2.92537 0.230491 -0.973074 -0.000666171
-15.6617 39.9627 2.88662 0.230039 -0.973181 -0.000746804
-15.6427 39.968 1.85321 0.229998 -0.973191 -0.000428028
-15.6326 39.9708 0.562435 0.230863 -0.972986 -0.000302158
-15.682 39.9595 -0.69439 0.231927 -0.972733 -5.39375e-05
-15.8398 39.922 -1.73388 0.232645 -0.972562 -0.000395786
-15.987 39.8875 -2.85461 0.233362 -0.972389 -0.000935059
-16.8946 39.6697 -2.95401 0.233504 -0.972356 -0.000511952
-16.7685 39.7001 -1.94036 0.231223 -0.9729 0.000894136
-16.5935 39.7421 -0.801911 0.231608 -0.972809 0.000458394
-16.5305 39.7582 0.21814 0.230259 -0.973129 0.000836902
-16.5067 39.7645 1.37006 0.228791 -0.973475 0.000104344
-16.524 39.7601 2.42697 0.226967 -0.973902 0.000129936
-16.5316 39.7582 2.90106 0.226738 -0.973956 -0.000296907
-17.4273 39.5499 2.88167 0.226388 -0.974037 -0.000155029
-17.405 39.5549 1.61772 0.225573 -0.974225 0.00167394
-17.4149 39.5508 0.510881 0.228124 -0.973629 0.00202615
-17.4781 39.5331 -0.612741 0.229668 -0.973266 0.00229536
-17.6468 39.4919 -1.64424 0.22788 -0.973689 -0.000655586
-17.7696 39.4626 -2.65194 0.226682 -0.973966 0.00239839
-17.7771 39.4606 -2.76282 0.227071 -0.973876 0.00221395
-18.6412 39.2605 -2.80804 0.224071 -0.974568 0.00294281
-18.5495 39.2839 -1.7636 0.220514 -0.975379 0.00300801
-18.3663 39.3266 -0.67171 0.224658 -0.974435 0.00204177
-18.3418 39.3344 0.415614 0.224717 -0.974421 0.00254642
-18.3512 39.3366 1.62374 0.219419 -0.975628 0.00203266
-18.3478 39.3383 2.71678 0.222873 -0.974848 0.000339554
-18.3581 39.336 2.86495 0.222937 -0.974833 0.000365761
-19.2924 39.1294 2.5869 0.214116 -0.976804 -0.00240915
-19.2823 39.129 1.53206 0.207023 -0.97833 0.00334381
-19.2909 39.1213 0.442985 0.210826 -0.977492 0.00743228
-19.2528 39.1271 -0.687097 0.216956 -0.976171 -0.00450534
-19.4334 39.0871 -1.78663 0.213364 -0.976961 0.00414162
-19.4895 39.0724 -2.74914 0.206591 -0.978423 0.00311725
-19.541 39.0608 -2.96701 0.208478 -0.978022 0.00114571
-20.388 38.8852 -2.82922 0.199975 -0.979757 0.00876536
-20.3109 38.9064 -1.81634 0.200577 -0.97967 0.00251999
-20.2963 38.9078 -0.886816 0.19943 -0.97988 -0.00623444
-20.2983 38.9046 0.120487 0.198798 -0.979997 0.00349031
-20.3057 38.914 1.22795 0.197049 -0.980378 0.0045544
-20.2976 38.9173 2.24754 0.195814 -0.980641 -0.000685451
-20.2958 38.9174 2.75611 0.195733 -0.980657 -0.000435336
-21.2397 38.7314 2.91351 0.176592 -0.984277 0.00380717
-21.2097 38.7366 1.86851 0.186642 -0.982428 -0.000888036
-21.2091 38.7304 0.890295 0.184591 -0.982781 0.00817299
-21.2455 38.7219 -0.134376 0.187427 -0.982279 0.000250778
-21.213 38.7262 -0.856451 0.189058 -0.981962 0.00109044
-21.2546 38.7166 -2.17066 0.174426 -0.984662 0.00243224
-21.213 38.7199 -2.88766 0.182404 -0.983179 0.00871085
-22.8089 38.4498 -2.83538 0.148743 -0.988857 0.00297865
-22.9262 38.4292 -1.82519 0.153714 -0.988055 0.000933061
-23.1653 38.3929 -0.824585 0.152715 -0.988204 0.000612824
-22.735 38.4597 0.0307071 0.145269 -0.989387 0.00317989
-22.1697 38.5558 0.863911 0.15968 -0.987146 0.0067499
-22.1147 38.5702 1.86624 0.166706 -0.985995 0.00485633
-22.6031 38.4954 2.92786 0.157144 -0.987558 0.00541915
-22.6322 38.4914 3.01437 0.155279 -0.987857 0.0050012
-24.1257 38.2764 2.97841 0.127567 -0.991821 0.000553719
-23.5442 38.3507 2.16273 0.127568 -0.991829 0.00151642
-23.2461 38.3915 1.28928 0.140278 -0.990112 0.000392132
-23.8098 38.3136 0.483143 0.131502 -0.991315 0.000528492
-24.337 38.244 -0.504245 0.114738 -0.993387 0.00302939
-24.2472 38.2501 -1.51651 0.118848 -0.992897 0.00530878
-24.0513 38.2668 -2.59966 0.124878 -0.992132 0.00889198
-23.9765 38.2724 -3.03295 0.12591 -0.992012 0.00756046
-25.1212 38.1381 -2.75947 0.101552 -0.99483 0.000779377
-25.2859 38.1283 -1.64386 0.114081 -0.993456 0.00559192
-25.3441 38.1282 -0.669104 0.106624 -0.994283 0.00556935
-25.3228 38.1378 0.331275 0.0982565 -0.995154 0.00232745
-24.5264 38.224 1.2777 0.114856 -0.993381 0.00162397
-24.9899 38.1762 2.12389 0.106629 -0.994281 0.0058929
-25.3126 38.1481 2.85994 0.0967012 -0.995293 0.00638151
-26.296 38.0564 2.69213 0.0890094 -0.996024 0.00357561
-25.8736 38.0862 1.47438 0.0870982 -0.996178 0.00606752
-26.2724 38.0466 0.395998 0.0857391 -0.996314 0.00253857
-26.3159 38.0373 -0.628655 0.0903356 -0.995887 0.00689054
-26.2674 38.0332 -1.65325 0.0887381 -0.99602 0.00830765
-26.139 38.0443 -2.77301 0.0860895 -0.996281 0.0020535
-26.1116 38.0457 -2.96863 0.0874609 -0.996157 0.00471058
-27.1071 37.969 -2.83507 0.070851 -0.997484 0.000651005
-27.188 37.9676 -1.55917 0.0602533 -0.998176 0.00381951
-27.2129 37.9727 -0.319385 0.065074 -0.997835 0.0094816
-26.9857 37.9958 0.806951 0.0717056 -0.997387 0.0086815
-26.9747 37.9994 2.0565 0.0722845 -0.997382 0.00224313
-27.2354 37.9824 3.0133 0.0728115 -0.997344 0.0018816
-28.0203 37.9287 2.83208 0.0527689 -0.998595 0.00403836
-27.7322 37.9454 1.85643 0.0550829 -0.998478 0.000388764
-27.8099 37.9409 0.803253 0.0593763 -0.998222 0.00493453
-28.0318 37.9242 -0.209118 0.0541643 -0.998527 0.00292879
-28.0817 37.9179 -1.21561 0.0512392 -0.998662 0.0060778
-28.0387 37.9148 -2.45902 0.0566399 -0.998389 0.00329586
-27.9984 37.9167 -2.8941 0.0570739 -0.998368 -0.00189373
-28.9057 37.8683 -3.0355 0.0439657 -0.999032 0.00111599
-28.9523 37.8704 -1.98701 0.0448215 -0.998985 0.00450305
-28.9491 37.8758 -0.818826 0.0483962 -0.998825 0.00265443
-28.7441 37.8882 0.494831 0.053165 -0.998583 0.00242342
-28.5334 37.903 1.52596 0.0506187 -0.998711 0.00377721
-28.8043 37.8887 2.63758 0.047717 -0.998859 6.05691e-06
-28.8983 37.885 3.04173 0.0479718 -0.998848 0.00149536
-29.7303 37.8476 2.93771 0.0405024 -0.999179 0.000209634
-29.5048 37.8582 1.97532 0.0413827 -0.99914 0.000148656
-29.4953 37.8555 1.01428 0.046522 -0.998907 0.00365832
-29.7172 37.843 -0.0716314 0.0397797 -0.999203 0.0032419
-29.8454 37.8351 -1.06138 0.0396797 -0.999212 0.00102421
-29.8564 37.8311 -2.24187 0.0415306 -0.99913 0.00371462
-29.7994 37.8305 -2.95011 0.0400547 -0.99919 0.00347441
-30.7306 37.7995 -2.90868 0.0287565 -0.999584 0.00177456
-30.7476 37.8017 -1.87722 0.0307298 -0.99952 0.00293717
-30.6894 37.8067 -0.703874 0.0312231 -0.999509 0.00245496
-30.5006 37.816 0.511819 0.031481 -0.999502 0.00233052
-30.3507 37.824 1.49173 0.03754 -0.999294 0.00167607
-30.4948 37.8184 2.49531 0.0372252 -0.999305 -0.00195788
-30.6065 37.8143 2.9614 0.0327435 -0.999462 0.00180659
-31.4563 37.7871 2.88172 0.0311182 -0.999515 -1.00503e-05
-31.258 37.7923 1.76077 0.0314118 -0.999506 -0.000157295
-31.363 37.7889 0.689796 0.0302048 -0.999541 -0.000248043
-31.4964 37.7839 -0.279522 0.0282033 -0.999599 0.00231623
-31.6103 37.779 -1.30327 0.0263479 -0.999652 0.00129965
-31.6095 37.7766 -2.28313 0.0239367 -0.999713 0.00103864
-31.6512 37.775 -3.00562 0.0236342 -0.99972 0.000633696
-32.5709 37.7538 -3.00777 0.0223671 -0.99975 -0.000296956
-32.5038 37.7561 -1.80089 0.023551 -0.999722 0.00147534
-32.4573 37.7582 -0.818336 0.0250436 -0.999686 0.000703554
-32.3216 37.7618 0.279664 0.0263161 -0.999654 0.00036208
-32.1762 37.7655 1.44996 0.0278165 -0.999613 -0.000602825
-32.2732 37.7624 2.5464 0.0284641 -0.999594 -0.00079182
-32.3736 37.7592 2.87788 0.0276912 -0.999616 -0.00064717
-33.2667 37.7361 2.882 0.0240799 -0.99971 -0.000237648
-33.0881 37.7413 1.85649 0.0250548 -0.999684 -0.0020067
-33.1336 37.7412 0.807146 0.024584 -0.999698 -0.00060087
-33.2803 37.7382 -0.161481 0.023001 -0.999735 -0.00100239
-33.3578 37.7371 -1.23088 0.0220075 -0.999758 0.000111616
-33.4314 37.7352 -2.28163 0.0206216 -0.999787 -4.65722e-05
-33.4564 37.7346 -2.86701 0.0201279 -0.999797 -0.00050788
-34.3528 37.7176 -2.94086 0.0182901 -0.999832 -0.000788816
-34.306 37.718 -1.70552 0.0189079 -0.999821 -0.000148527
-34.221 37.7184 -0.635401 0.0198188 -0.999803 -0.00139087
-34.0575 37.7208 0.589416 0.0209921 -0.99978 -0.000197233
-33.9946 37.7214 1.60787 0.0218729 -0.99976 -0.00149361
-34.1287 37.717 2.61516 0.0207249 -0.999785 -0.000495794
-34.1865 37.7157 2.87437 0.02001 -0.9998 -0.000233917
-35.0558 37.6986 2.87616 0.0193917 -0.999812 -0.000743653
-34.9175 37.7035 1.64151 0.0186001 -0.999825 -0.00173507
-34.9838 37.7039 0.378278 0.016708 -0.999859 -0.00171702
-35.146 37.7038 -0.784443 0.0144182 -0.999895 -0.00164575
-35.2192 37.7035 -1.79078 0.0140803 -0.999901 -0.000205731
-35.247 37.7038 -2.82209 0.0139199 -0.999902 -0.00121941
-18.537 39.2774 -4.23573 0.225221 -0.974289 0.00212434
-17.2602 39.5822 -4.25221 0.233378 -0.972385 0.000672191
-15.9969 39.8864 -4.26623 0.233994 -0.972238 -0.000732915
-14.5044 40.2451 -4.17466 0.232943 -0.972489 -0.00152381
-13.2387 40.5481 -4.21093 0.232861 -0.972508 -0.00179506
-11.8571 40.8805 -4.279 0.234595 -0.972093 -0.000489293
-10.574 41.1937 -4.24138 0.238929 -0.971037 -7.46449e-05
-9.17954 41.5396 -4.21779 0.242823 -0.97007 0.000185136
-7.95839 41.8489 -4.27784 0.24766 -0.968847 -3.98714e-06
-6.68832 42.1756 -4.2576 0.252717 -0.967538 0.000787659
-5.61318 42.4587 -3.93168 0.255768 -0.966738 0.000439274
-5.55036 42.4762 -2.50465 0.256684 -0.966493 0.00183888
-5.55492 42.4765 -1.21288 0.255988 -0.966679 0.000998231
-5.53814 42.4801 0.388966 0.256812 -0.96646 -0.00124609
-5.56789 42.47 1.66513 0.256676 -0.966497 -0.00108146
-5.5752 42.4657 2.91379 0.255469 -0.966813 -0.00278974
-5.74869 42.4163 4.12355 0.257209 -0.96635 -0.00325528
-6.95751 42.0987 4.2224 0.25248 -0.967598 -0.0026428
-8.18327 41.7825 4.20956 0.2473 -0.968934 -0.00302692
-9.53581 41.4393 4.23542 0.244173 -0.969729 -0.00224722
-10.7694 41.1318 4.23211 0.238535 -0.971133 0.000187232
-12.1195 40.8036 4.2171 0.233932 -0.972252 -0.00113741
-13.3208 40.5164 4.22238 0.231018 -0.972949 -0.000433402
-14.5249 40.231 4.17483 0.230282 -0.973124 -0.000448527
-16.0403 39.8736 4.19915 0.22843 -0.97356 8.66563e-05
-17.3848 39.5598 4.25945 0.226595 -0.973989 -0.000474552
-18.742 39.2514 4.2337 0.217132 -0.976141 0.00130331
-20.1142 38.9559 4.21275 0.205803 -0.978591 0.00213034
-21.5548 38.6773 4.24013 0.175159 -0.98453 -0.00448096
-22.7857 38.4672 4.26416 0.153157 -0.988138 -0.00266435
-24.1633 38.2763 4.27065 0.122886 -0.992404 0.00491622
-25.6491 38.122 4.25127 0.0962731 -0.995354 0.0015296
-27.1097 37.9932 4.24388 0.0770087 -0.997 0.00119265
-28.6794 37.8966 4.27629 0.0547485 -0.998499 0.00106063
-30.1497 37.8336 4.26923 0.0408199 -0.999166 0.000288516
-31.4607 37.7859 4.21991 0.0310845 -0.999517 0.00060518
-32.8733 37.7452 4.23111 0.025419 -0.999676 -0.00124
-34.3342 37.7117 4.18175 0.0220258 -0.999756 -0.00153494
-35.6824 37.686 4.19719 0.0174021 -0.999847 -0.00168261
-36.7348 37.6715 3.65892 0.0130778 -0.999911 -0.00254021
-36.8013 37.6746 2.09594 0.0120478 -0.999921 -0.00344482
-36.7926 37.6791 0.644629 0.0108856 -0.999937 -0.00278208
-36.7862 37.6827 -0.686069 0.0097272 -0.999951 -0.00167447
-36.7918 37.6867 -2.17334 0.00776182 -0.999969 -0.0012049
-36.7894 37.6883 -3.58893 0.0069818 -0.999974 -0.0014771
-35.7896 37.698 -4.19904 0.010486 -0.999944 -0.00111483
-34.4719 37.7162 -4.21924 0.015572 -0.999878 0.000374514
-32.8222 37.7479 -4.27708 0.0212511 -0.999774 0.000998856
-31.252 37.7848 -4.27671 0.0245229 -0.999699 0.000107111
-29.8421 37.8302 -4.29555 0.0394372 -0.999217 -0.00319077
-28.3638 37.8968 -4.24947 0.0523902 -0.998618 0.00415842
-26.9735 37.9791 -4.23711 0.066716 -0.997768 0.00275532
-25.7301 38.0737 -4.27602 0.0807866 -0.996728 -0.00249887
-24.3526 38.2111 -4.27554 0.109486 -0.993984 0.000311911
-22.944 38.4137 -4.28316 0.156028 -0.987679 0.0120454
-21.6036 38.634 -4.24212 0.174588 -0.984536 0.00982141
-20.0267 38.9498 -4.23529 0.205447 -0.978649 0.00578069
-18.7094 39.2385 -4.23706 0.219958 -0.975503 0.00347391
-18.7607 39.2236 -5.46892 0.224871 -0.974381 0.00171947
-17.5372 39.5147 -5.49463 0.234519 -0.972111 0.00117334
-16.2945 39.815 -5.51696 0.235447 -0.971887 8.50539e-05
-14.8511 40.1636 -5.42266 0.233807 -0.972282 -0.00130116
-13.6407 40.4536 -5.43588 0.232481 -0.9726 -0.00132624
-12.3153 40.7709 -5.50055 0.232787 -0.972527 -0.00109727
-10.9697 41.0959 -5.49306 0.236759 -0.971567 0.0013204
-9.45792 41.4696 -5.45608 0.242614 -0.970122 0.00119767
-8.15378 41.7985 -5.51153 0.246722 -0.969086 0.000971354
-6.88221 42.1242 -5.47543 0.251315 -0.967898 0.00289232
-5.65068 42.4467 -5.49873 0.25745 -0.96629 0.00189761
-4.44702 42.7684 -5.19212 0.258237 -0.966081 0.00136398
-4.3395 42.7985 -3.8175 0.25876 -0.965941 0.00105549
-4.37607 42.7902 -2.27934 0.25917 -0.965831 0.000894936
-4.3715 42.7915 -0.714564 0.25889 -0.965907 -0.000544463
-4.35776 42.7945 0.71677 0.259899 -0.965635 -0.000850976
-4.40855 42.7788 2.08419 0.259981 -0.965612 -0.00180498
-4.37989 42.784 3.46843 0.259455 -0.965754 -0.00163805
-4.37 42.7834 4.80743 0.260809 -0.965386 -0.00280124
-5.22326 42.5518 5.45926 0.258304 -0.966059 -0.00265275
-6.49296 42.216 5.46792 0.253858 -0.967239 -0.00221245
-7.76746 41.8851 5.44303 0.248728 -0.968569 -0.00257048
-8.98082 41.5763 5.41123 0.245384 -0.969423 -0.00243687
-10.3012 41.2461 5.47882 0.239486 -0.970898 -0.00163521
-11.6142 40.9246 5.42192 0.2358 -0.971799 -0.00171972
-12.8173 40.6356 5.48358 0.231522 -0.972829 -0.00066186
-14.0392 40.3459 5.40155 0.23077 -0.973008 0.000200236
-15.2494 40.0603 5.40502 0.229196 -0.97338 0.000701826
-16.6082 39.7404 5.45206 0.228214 -0.97361 0.000985053
-17.861 39.4496 5.50601 0.224572 -0.974456 -1.19668e-05
-19.1071 39.1696 5.45118 0.215876 -0.976407 -0.0052541
-20.4538 38.8782 5.45495 0.199974 -0.979784 -0.00256684
-21.7784 38.6284 5.47666 0.177065 -0.984167 -0.00587296
-23.1569 38.4092 5.4962 0.141738 -0.989874 -0.00763809
-24.4744 38.2406 5.49216 0.109589 -0.993879 -0.00899975
-25.7735 38.1104 5.48146 0.0944963 -0.995519 -0.00322043
-27.0752 37.9988 5.45223 0.0781975 -0.996937 0.00134741
-28.3235 37.9168 5.46924 0.0568555 -0.998379 0.00271412
-29.8604 37.8449 5.5002 0.0418991 -0.999121 -0.000922435
-31.4056 37.7876 5.47646 0.0339579 -0.999423 6.98162e-05
-32.9172 37.744 5.47481 0.0254118 -0.999677 0.000875645
-34.2523 37.7117 5.43764 0.0211778 -0.999773 -0.00206377
-35.5251 37.6864 5.40761 0.0185612 -0.999825 -0.00239008
-36.8734 37.6637 5.46398 0.0151978 -0.999877 -0.00389705
-37.9301 37.6517 5.01604 0.01163 -0.999922 -0.00458121
-38.0055 37.6561 3.70462 0.0107908 -0.999937 -0.0031739
-38.0194 37.6613 2.30415 0.00986227 -0.999946 -0.00341372
-38.0316 37.6661 0.959902 0.00816297 -0.999959 -0.00379863
-38.0033 37.6728 -0.470684 0.00591745 -0.999974 -0.00406747
-37.9889 37.6782 -1.94071 0.0049657 -0.999985 -0.00244142
-38.0432 37.6804 -3.20275 0.00485776 -0.999986 -0.00189019
-37.9565 37.6831 -4.66981 0.00508553 -0.999987 -0.000381489
-36.9155 37.6893 -5.51102 0.00586799 -0.999983 -0.000169047
-35.3361 37.7042 -5.42308 0.0127882 -0.999918 -0.000623631
-33.8217 37.726 -5.49348 0.0166357 -0.999861 -0.00098265
-32.5345 37.7525 -5.50601 0.0213944 -0.99977 0.00139444
-31.2949 37.7842 -5.47673 0.0282682 -0.9996 0.000204477
-29.9974 37.8238 -5.50787 0.0365669 -0.999324 0.00364432
-28.4136 37.8888 -5.49228 0.0468628 -0.998877 0.0058871
-27.1453 37.956 -5.46459 0.0661418 -0.997682 0.0151165
-25.88 38.0569 -5.5081 0.0842252 -0.996436 0.00462811
-24.6308 38.1777 -5.50444 0.101408 -0.994831 0.00532194
-23.2699 38.3484 -5.50406 0.159618 -0.987121 0.0104548
-21.8016 38.5931 -5.47886 0.173039 -0.984744 0.0183657
-20.5716 38.8297 -5.46192 0.197351 -0.980229 0.0138037
-19.2132 39.1204 -5.4718 0.219721 -0.975541 0.00535087
-19.0756 39.1519 -5.47108 0.222403 -0.974949 0.00346648
-18.9355 39.1756 -6.69929 0.231962 -0.97265 0.0111852
-20.2378 38.8801 -6.71981 0.213406 -0.976827 0.0161441
-21.5361 38.6154 -6.71668 0.189426 -0.981489 0.0274954
-23.1354 38.351 -6.72052 0.152525 -0.987874 0.0289938
-24.5584 38.1649 -6.72507 0.115986 -0.99305 0.0186752
-25.9674 38.0357 -6.72134 0.080814 -0.996529 0.0198774
-27.2835 37.9392 -6.735 0.0615654 -0.998063 0.00894185
-28.7852 37.8636 -6.7416 0.0434617 -0.999018 0.00860772
-30.2222 37.8133 -6.71296 0.029919 -0.99955 0.00211013
-31.6545 37.772 -6.71581 0.0259799 -0.999652 0.0041795
-32.9634 37.7408 -6.71808 0.0208187 -0.999779 0.00282004
-34.3939 37.7158 -6.69568 0.0147827 -0.999886 0.00298832
-35.7246 37.6982 -6.66049 0.0104725 -0.999944 0.00175393
-37.0496 37.6868 -6.75894 0.00734354 -0.999971 0.00223082
-38.2868 37.6796 -6.69244 0.005479 -0.999983 0.00198153
-39.2119 37.6799 -6.00905 -0.000223754 -0.999989 0.00470443
-39.1826 37.682 -4.72648 -0.00178142 -0.999996 -0.00185481
-39.2539 37.678 -3.25968 0.0011475 -0.999995 -0.00305256
-39.2165 37.6728 -1.67585 0.00197041 -0.999991 -0.00365911
-39.2357 37.6626 0.0476862 0.00579687 -0.999964 -0.00612684
-39.2192 37.6548 1.60537 0.00735694 -0.999966 -0.00357713
-39.2414 37.6474 3.24506 0.00683369 -0.999965 -0.00472195
-39.2458 37.6403 4.64822 0.00838635 -0.999952 -0.00502913
-39.2463 37.6317 6.09738 0.0104042 -0.999923 -0.00675512
-38.1976 37.6392 6.71147 0.0109568 -0.999923 -0.00589461
-36.9097 37.6572 6.68495 0.0171026 -0.999832 -0.00654468
-35.6247 37.6803 6.67451 0.0186654 -0.99982 -0.00333534
-34.366 37.7062 6.68814 0.02252 -0.999744 -0.00227395
-33.0813 37.7372 6.69986 0.0252209 -0.999675 -0.00382595
-31.7432 37.7755 6.71663 0.0319596 -0.999482 -0.00328056
-30.4904 37.8175 6.66456 0.038111 -0.999265 -0.00373921
-29.2433 37.8693 6.7334 0.045767 -0.998942 -0.00441187
-27.8686 37.9396 6.66673 0.0626717 -0.998015 -0.00571836
-26.5469 38.0327 6.70627 0.0777347 -0.99693 -0.00839216
-25.231 38.146 6.70265 0.0933635 -0.995402 -0.021028
-23.9308 38.286 6.69005 0.123125 -0.991885 -0.0292988
-22.5549 38.4829 6.69135 0.156828 -0.987394 -0.0212015
-20.9875 38.7642 6.72482 0.193796 -0.980778 -0.0226889
-19.7632 39.0176 6.66461 0.209657 -0.977734 -0.00827685
-18.377 39.3264 6.6973 0.221183 -0.975197 -0.00788059
-17.121 39.6201 6.698 0.23029 -0.973122 0.000951448
-15.8304 39.9247 6.68302 0.229396 -0.973332 0.00150957
-14.4504 40.2495 6.63274 0.229037 -0.973417 0.000829516
-12.9997 40.5904 6.70412 0.230244 -0.973128 -0.00321646
-11.5006 40.949 6.67408 0.236478 -0.971631 -0.00310985
-10.1515 41.2806 6.7035 0.239701 -0.970841 -0.00331655
-8.74019 41.6344 6.66715 0.244449 -0.969653 -0.00379321
-7.23945 42.017 6.68619 0.248915 -0.968512 -0.00509265
-5.79294 42.3961 6.68081 0.255187 -0.966879 -0.00480181
-4.53752 42.7315 6.70806 0.25836 -0.966037 -0.00459489
-3.24856 43.0808 6.50369 0.261901 -0.965085 -0.0042316
-3.16163 43.1107 4.99949 0.263312 -0.964705 -0.00320554
-3.17963 43.1084 3.74074 0.263261 -0.964724 -0.00119505
-3.21392 43.1005 2.44515 0.261056 -0.965322 -0.00175434
-3.18833 43.1095 1.12229 0.26089 -0.965368 -0.00145594
-3.1733 43.1144 -0.288684 0.261977 -0.965074 -1.77301e-05
-3.18648 43.1106 -1.66681 0.260607 -0.965445 0.000419374
-3.17831 43.1118 -2.97008 0.260934 -0.965356 0.000747938
-3.19457 43.1068 -4.54755 0.261805 -0.965121 0.000376837
-3.15831 43.1161 -5.80864 0.262184 -0.965017 0.00110664
-3.82514 42.9327 -6.73203 0.262317 -0.964978 0.00252218
-5.16633 42.5691 -6.71441 0.260817 -0.965373 0.0054551
-6.41954 42.2376 -6.70452 0.253765 -0.967216 0.00973689
-7.7326 41.9035 -6.73859 0.245218 -0.969455 0.00457409
-8.97896 41.5887 -6.7168 0.243474 -0.969906 0.00145715
-10.4137 41.2277 -6.70687 0.242802 -0.97006 0.00547737
-11.7145 40.9139 -6.72766 0.229584 -0.973287 0.00148014
-12.9386 40.6226 -6.68653 0.231984 -0.972719 -0.00061528
-14.1795 40.3274 -6.70072 0.231853 -0.972746 -0.00314623
-15.6374 39.9763 -6.76436 0.237084 -0.971488 -0.00162827
-17.046 39.6314 -6.72288 0.237255 -0.971435 0.00448959
-18.545 39.2683 -6.70513 0.230281 -0.973097 0.00728567
-18.5515 39.2668 -6.70493 0.23061 -0.973018 0.00732625
