34.7697 44.6309 3.37837 -0.264309 -0.964438 7.5699e-05
34.7691 44.6313 2.37265 -0.264269 -0.964449 -0.000327855
34.7985 44.6235 1.37623 -0.264084 -0.9645 -0.000269844
34.8109 44.6198 0.163676 -0.264689 -0.964334 2.84136e-05
34.8059 44.6216 -0.750967 -0.26491 -0.964273 -0.000459151
34.7843 44.6279 -1.74481 -0.265249 -0.96418 9.82048e-05
34.751 44.6368 -2.77735 -0.265686 -0.964059 0.00110176
34.7746 44.6302 -3.33458 -0.26533 -0.964158 0.00018922
33.9328 44.8598 -3.5196 -0.262068 -0.965049 0.000626238
33.8808 44.8745 -2.57227 -0.261729 -0.965141 -0.000115652
33.9319 44.8603 -1.56042 -0.262542 -0.964921 -4.26118e-05
33.9631 44.8518 -0.520903 -0.262244 -0.965002 -0.000204241
33.9708 44.8496 0.5045 -0.262883 -0.964828 0.000325692
33.9394 44.8581 1.53175 -0.262268 -0.964995 -0.000707077
33.9172 44.8637 2.72665 -0.262559 -0.964916 0.000117878
33.9219 44.8626 3.30845 -0.261497 -0.965204 -0.000564476
33.0563 45.097 3.45669 -0.261321 -0.965252 1.14266e-05
33.0597 45.0963 2.51022 -0.261052 -0.965324 -0.000728989
33.1026 45.0853 1.41569 -0.260724 -0.965413 -0.00020785
33.1359 45.0762 0.20247 -0.260918 -0.965361 0.000294953
33.1045 45.0851 -0.922316 -0.262094 -0.965042 -0.000142629
33.0681 45.0947 -1.83567 -0.261135 -0.965302 0.000382589
33.0488 45.0996 -2.92605 -0.260978 -0.965345 0.000330644
33.0712 45.0932 -3.50473 -0.261095 -0.965312 0.00102455
32.2249 45.3217 -3.58773 -0.260364 -0.965511 0.000263792
32.2051 45.3272 -2.67401 -0.260182 -0.965559 0.000499612
32.1965 45.3302 -1.76084 -0.260291 -0.96553 0.000297439
32.2774 45.3081 -0.728537 -0.25942 -0.965764 -0.00060508
32.3052 45.3003 0.250684 -0.259623 -0.96571 0.000122131
32.2669 45.3107 1.24802 -0.259232 -0.965815 -3.09511e-06
32.2042 45.327 2.36907 -0.259485 -0.965747 -0.000434086
32.2139 45.3242 3.39726 -0.259752 -0.965675 -0.000171016
31.3616 45.5529 3.49837 -0.258374 -0.966045 -0.000295367
31.3398 45.5588 2.561 -0.257539 -0.966268 -0.00016337
31.3524 45.5557 1.64687 -0.257285 -0.966335 0.000348663
31.425 45.5361 0.680552 -0.258163 -0.966101 0.000310004
31.4396 45.5323 -0.350357 -0.258312 -0.966061 -0.000316447
31.3593 45.5545 -1.54991 -0.257457 -0.96629 -0.00068317
31.3283 45.5624 -2.59606 -0.258182 -0.966096 0.00024151
31.3741 45.5497 -3.59699 -0.257951 -0.966158 -0.00038054
30.4995 45.7831 -3.31764 -0.257562 -0.966262 0.000213075
30.4571 45.7944 -2.18774 -0.256819 -0.96646 4.49536e-05
30.5276 45.7755 -1.17329 -0.25698 -0.966417 -7.56153e-05
30.606 45.7544 -0.161923 -0.25686 -0.966448 -0.000567159
30.5724 45.763 0.780065 -0.256743 -0.96648 -5.87764e-05
30.5262 45.7752 1.74653 -0.256562 -0.966528 -1.87469e-05
30.4793 45.7878 2.68853 -0.25663 -0.96651 -9.57798e-05
30.4914 45.7845 3.37072 -0.256716 -0.966487 -0.000294474
29.6213 46.0151 3.58356 -0.255736 -0.966747 -0.000236401
29.6222 46.015 2.64127 -0.255701 -0.966756 -1.02514e-05
29.6791 45.9998 1.45909 -0.255641 -0.966772 6.72014e-05
29.7537 45.98 0.515081 -0.255561 -0.966793 -6.9451e-05
29.7173 45.9899 -0.542837 -0.255773 -0.966737 -0.000430745
29.6224 46.0156 -1.71932 -0.255536 -0.9668 -0.000448215
29.5794 46.0274 -2.67077 -0.255385 -0.966839 -0.000244995
29.6517 46.0083 -3.4193 -0.256551 -0.966531 -0.00020493
28.794 46.2349 -3.56409 -0.254452 -0.967085 -0.000101567
28.6881 46.2623 -2.44394 -0.254213 -0.967148 -0.000490532
28.8131 46.229 -1.391 -0.254141 -0.967167 -0.000461589
28.8918 46.2077 -0.492593 -0.254697 -0.967021 -0.000644071
28.8973 46.2061 0.550269 -0.254471 -0.96708 -0.000151594
28.8255 46.2251 1.56584 -0.254248 -0.967139 0.000110213
28.7757 46.2381 2.46543 -0.254436 -0.96709 -0.000261799
28.7436 46.2466 3.5643 -0.254675 -0.967027 0.00013759
27.8536 46.4804 3.47326 -0.253971 -0.967212 1.75178e-05
27.9582 46.4531 2.30953 -0.253972 -0.967212 -7.85512e-05
27.9969 46.4427 1.15445 -0.253935 -0.967221 0.000227749
28.0718 46.4232 0.0186919 -0.2538 -0.967257 -0.000185128
28.0097 46.4398 -1.06444 -0.253903 -0.96723 -0.000420349
27.8608 46.4793 -1.96873 -0.253854 -0.967242 -0.000521423
27.8459 46.4836 -2.87485 -0.253648 -0.967296 -0.000532196
27.9022 46.4691 -3.39593 -0.253978 -0.96721 -0.000629323
27.0736 46.6863 -3.56334 -0.253047 -0.967454 -0.000521236
26.9463 46.719 -2.48814 -0.252984 -0.96747 -0.000555192
27.0718 46.6859 -1.57984 -0.253406 -0.96736 -0.00048543
27.2263 46.645 -0.399006 -0.253421 -0.967356 -0.00043158
27.1797 46.6572 0.747846 -0.253338 -0.967378 0.000258856
27.1313 46.67 1.69949 -0.253328 -0.96738 7.60759e-05
27.0169 46.6997 2.90364 -0.25279 -0.967521 -0.000205396
26.9775 46.7098 3.44271 -0.253184 -0.967418 -0.00029293
26.1357 46.9298 3.55664 -0.252509 -0.967595 -0.000116738
26.2137 46.9095 2.5946 -0.25244 -0.967613 -9.48364e-05
26.2936 46.8887 1.6443 -0.252495 -0.967598 -0.000139008
26.3267 46.8802 0.531732 -0.252675 -0.967551 -0.000173564
26.3736 46.8681 -0.466194 -0.252744 -0.967533 -0.000166087
26.2513 46.9003 -1.38812 -0.252636 -0.967561 -0.000213025
26.1069 46.9384 -2.56832 -0.25242 -0.967618 -0.000133124
26.2396 46.904 -3.35186 -0.252506 -0.967595 -0.000426827
25.4398 47.1127 -3.56289 -0.25217 -0.967683 -0.000431006
25.22 47.1695 -2.55549 -0.251979 -0.967733 -0.000419989
25.4271 47.1153 -1.4936 -0.25203 -0.967719 -0.000102929
25.4403 47.1118 -0.361518 -0.252355 -0.967635 8.42341e-05
25.4455 47.1102 0.614247 -0.252107 -0.967699 -0.000285104
25.4501 47.1087 1.72321 -0.252311 -0.967646 -0.000374485
25.3004 47.1476 2.65845 -0.252038 -0.967717 -3.39592e-05
25.3093 47.1453 3.55607 -0.252116 -0.967697 3.32471e-05
24.4544 47.3679 3.39915 -0.251836 -0.96777 6.67378e-05
24.4544 47.3679 2.03074 -0.251877 -0.967759 -3.17413e-05
24.4544 47.3681 1.04917 -0.25163 -0.967823 -0.000210462
24.4544 47.3684 0.0506822 -0.251568 -0.96784 -0.000143628
24.4544 47.3685 -1.05186 -0.251772 -0.967787 -0.000193363
24.4544 47.3687 -2.14677 -0.251928 -0.967746 -0.000216968
24.4544 47.3691 -3.38937 -0.251789 -0.967782 -0.000302206
24.4544 47.3692 -3.43658 -0.251764 -0.967789 -0.000305909
23.6243 47.5851 -3.58721 -0.251559 -0.967842 -0.000210975
23.5619 47.601 -2.53885 -0.251627 -0.967824 -0.0003832
23.5404 47.6063 -1.54273 -0.251703 -0.967804 -0.000205875
23.564 47.6 -0.454229 -0.251668 -0.967814 -0.000166753
23.5502 47.6034 0.594754 -0.251622 -0.967826 -0.000140019
23.5902 47.5929 1.53343 -0.25179 -0.967782 -8.32295e-05
23.481 47.6211 2.54228 -0.251716 -0.967801 -9.05447e-05
23.5633 47.5997 3.25664 -0.251699 -0.967806 3.89061e-05
22.7499 47.8113 3.38054 -0.251428 -0.967876 3.50953e-05
22.6507 47.8371 2.46858 -0.251577 -0.967837 -8.57153e-06
22.7315 47.8161 1.54476 -0.251663 -0.967815 -0.000126251
22.7633 47.808 0.536084 -0.251572 -0.967839 -0.000155455
22.6901 47.8272 -0.483943 -0.251628 -0.967824 -2.61239e-05
22.6104 47.848 -1.41791 -0.251539 -0.967847 -0.000211443
22.7071 47.8232 -2.43602 -0.25134 -0.967899 -0.000383768
22.7628 47.809 -3.39356 -0.251404 -0.967882 -0.000212772
22.7383 47.8153 -3.54409 -0.251422 -0.967877 -0.000152937
21.8706 48.0409 -3.47519 -0.251504 -0.967856 -0.000202105
21.846 48.0471 -2.45085 -0.251375 -0.96789 -0.0002632
21.7877 48.0619 -1.42261 -0.251621 -0.967826 -0.00019188
21.8688 48.0407 -0.415101 -0.251521 -0.967852 -4.38456e-05
21.9202 48.0272 0.688027 -0.251651 -0.967818 -0.000172841
21.8763 48.0385 1.60715 -0.251759 -0.96779 -8.07911e-05
21.8307 48.0503 2.55972 -0.25175 -0.967792 0.000170615
21.919 48.0274 3.39837 -0.251753 -0.967791 1.55868e-05
21.0712 48.2478 3.53581 -0.251692 -0.967808 0.000107804
21.0108 48.2636 2.51106 -0.251775 -0.967786 5.77968e-05
21.0251 48.2599 1.55126 -0.251737 -0.967796 -9.03401e-06
21.0419 48.2556 0.456511 -0.251714 -0.967802 -0.000125516
20.997 48.2674 -0.443182 -0.251698 -0.967806 -6.2121e-05
20.9672 48.2753 -1.50315 -0.251649 -0.967818 -0.000118585
20.994 48.2685 -2.60701 -0.2516 -0.967831 -0.00027374
21.0151 48.2632 -3.31961 -0.251505 -0.967856 -0.000151703
20.1289 48.4936 -3.55265 -0.251799 -0.96778 -0.000147913
20.1457 48.489 -2.61768 -0.251649 -0.967819 -0.000132488
20.1046 48.4996 -1.61323 -0.25161 -0.967829 -0.000235692
20.1345 48.4917 -0.580083 -0.251813 -0.967776 -2.99133e-05
20.1666 48.4833 0.475343 -0.251725 -0.967799 -6.78002e-05
20.1734 48.4815 1.39209 -0.251728 -0.967798 -3.70266e-05
20.1799 48.4798 2.48863 -0.251914 -0.967749 -4.94781e-05
20.2091 48.4721 3.20634 -0.251911 -0.96775 -7.61533e-05
19.3721 48.69 3.43385 -0.251989 -0.96773 -7.56739e-05
19.3298 48.701 2.37797 -0.251822 -0.967774 -1.95905e-05
19.3181 48.7041 1.4698 -0.251845 -0.967768 5.3958e-06
19.3074 48.7069 0.500234 -0.251864 -0.967763 -9.94858e-05
19.2816 48.7137 -0.426215 -0.251951 -0.96774 -7.6882e-05
19.2612 48.719 -1.40899 -0.252023 -0.967721 -2.49537e-05
19.2739 48.7159 -2.61274 -0.251799 -0.96778 -0.000211016
19.2451 48.7235 -3.59185 -0.25163 -0.967824 -9.74771e-05
18.3999 48.9434 -3.31058 -0.25184 -0.967769 -0.000132322
18.4058 48.9418 -2.18877 -0.252017 -0.967723 -4.05387e-05
18.4247 48.9368 -1.22178 -0.251839 -0.967769 -0.00025471
18.4281 48.9358 -0.172918 -0.252131 -0.967693 -0.00018038
18.4582 48.9279 0.802704 -0.25183 -0.967771 -0.000108536
18.4758 48.9233 2.03676 -0.251872 -0.96776 -4.91012e-06
18.5059 48.9154 3.15307 -0.251953 -0.967739 4.32998e-05
18.513 48.9136 3.40385 -0.25185 -0.967766 1.46883e-05
17.6652 49.1343 3.55164 -0.252041 -0.967717 -0.000142942
17.6304 49.1434 2.372 -0.251867 -0.967762 -2.96068e-05
17.6186 49.1465 1.46597 -0.252045 -0.967716 8.03035e-05
17.5931 49.1532 0.225223 -0.252061 -0.967711 -1.54609e-05
17.5768 49.1575 -0.706429 -0.251944 -0.967742 -8.88184e-05
17.5327 49.1691 -1.88103 -0.251929 -0.967746 -9.38981e-05
17.5288 49.1701 -2.88318 -0.251966 -0.967736 -7.10661e-05
17.5294 49.17 -3.46947 -0.251889 -0.967756 -9.66436e-05
16.6791 49.3915 -3.59967 -0.25212 -0.967696 3.55514e-05
16.6842 49.3901 -2.54308 -0.252128 -0.967694 -1.58896e-05
16.6879 49.3891 -1.51781 -0.252161 -0.967685 -8.67367e-05
16.7288 49.3784 -0.54301 -0.252111 -0.967698 -1.5915e-05
16.7449 49.3742 0.631083 -0.251995 -0.967728 -7.35934e-05
16.7843 49.3638 1.81283 -0.25214 -0.967691 3.16602e-05
16.7959 49.3608 2.86052 -0.2523 -0.967649 6.99961e-06
16.8246 49.3533 3.51737 -0.252043 -0.967716 -4.47465e-05
15.9725 49.5754 3.39169 -0.252232 -0.967667 -4.54293e-05
15.9389 49.5842 2.45877 -0.252024 -0.967721 -4.48013e-05
15.926 49.5875 1.20653 -0.252112 -0.967698 5.00815e-05
15.8934 49.596 -0.0318661 -0.252218 -0.96767 -6.28191e-05
15.8631 49.604 -1.0608 -0.252182 -0.96768 -4.59483e-05
15.8306 49.6125 -2.00308 -0.25235 -0.967636 5.39523e-05
15.8255 49.6138 -2.96736 -0.252082 -0.967706 -7.36001e-05
15.8186 49.6156 -3.40471 -0.252085 -0.967705 -4.53417e-05
14.9668 49.8376 -3.5207 -0.252248 -0.967663 7.55282e-05
14.9733 49.8359 -2.39769 -0.252346 -0.967637 5.67025e-05
14.9947 49.8303 -1.4389 -0.252262 -0.967659 -7.00697e-05
15.0242 49.8227 -0.326663 -0.252192 -0.967677 -4.31373e-05
15.0735 49.8098 0.827835 -0.252273 -0.967656 -0.000190712
15.0732 49.8098 1.95324 -0.252245 -0.967663 -0.000106743
15.1134 49.7994 3.04699 -0.252242 -0.967664 4.45556e-05
15.1108 49.8 3.4718 -0.252375 -0.967629 -9.90633e-05
14.2451 50.0258 3.15905 -0.252319 -0.967644 3.01818e-05
14.2206 50.0322 1.93887 -0.252377 -0.967629 -6.84485e-05
14.2148 50.0336 0.627751 -0.252286 -0.967653 -4.59914e-05
14.1651 50.0466 -0.300449 -0.252261 -0.967659 6.15468e-06
14.1531 50.0497 -1.35283 -0.252206 -0.967674 1.78672e-05
14.1407 50.053 -2.43609 -0.252217 -0.967671 2.11455e-05
14.1332 50.055 -3.06972 -0.252428 -0.967616 0.000133072
33.7867 44.8992 -4.65482 -0.262885 -0.964827 -0.00025072
34.8821 44.5998 -4.65512 -0.264989 -0.964251 0.00072919
35.8415 44.3347 -4.35558 -0.267261 -0.963624 -0.000180005
35.9427 44.3081 -2.95955 -0.26778 -0.96348 0.000469319
35.9598 44.3033 -1.71923 -0.266849 -0.963738 -0.000143143
35.9874 44.2957 -0.529716 -0.266799 -0.963752 -7.25174e-05
36.0016 44.2921 0.597158 -0.265811 -0.964025 0.000424
35.9818 44.2978 1.79144 -0.26691 -0.963721 -4.28608e-05
35.9571 44.3041 2.89165 -0.267055 -0.963681 -0.000311723
35.9291 44.3118 3.98095 -0.26732 -0.963607 -0.000798343
35.0892 44.5434 4.6209 -0.264859 -0.964287 -0.000494178
33.926 44.8613 4.6396 -0.262418 -0.964954 -0.000174998
32.5319 45.2385 4.6971 -0.260497 -0.965475 5.13553e-05
31.4619 45.5261 4.67973 -0.258082 -0.966123 0.000427617
30.2058 45.8604 4.6584 -0.256467 -0.966553 0.000519661
29.1322 46.1443 4.63613 -0.254676 -0.967026 0.00024831
27.6761 46.527 4.65211 -0.253813 -0.967253 -0.000158927
26.5665 46.8173 4.60876 -0.252768 -0.967527 1.20608e-05
25.3045 47.1465 4.62422 -0.25213 -0.967693 0.000202683
24.0162 47.482 4.61823 -0.251889 -0.967756 7.82305e-05
22.6174 47.8458 4.62308 -0.251641 -0.967821 4.0633e-05
21.287 48.1919 4.62596 -0.251706 -0.967804 3.07344e-05
20.1915 48.4767 4.65199 -0.251806 -0.967778 -5.41035e-05
18.9462 48.8008 4.65913 -0.251915 -0.967749 -2.97539e-05
17.71 49.1226 4.64305 -0.251949 -0.96774 -5.5134e-05
16.6232 49.4058 4.63273 -0.252173 -0.967682 -4.40874e-05
15.5426 49.6874 4.65144 -0.252284 -0.967653 5.55211e-06
14.3757 49.9917 4.69663 -0.252338 -0.967639 5.09194e-06
13.3081 50.2701 4.61496 -0.252445 -0.967611 3.14952e-05
13.0387 50.3404 3.54599 -0.252551 -0.967584 2.68269e-05
13.0585 50.3352 2.20437 -0.25252 -0.967592 0.000102354
13.0855 50.3281 0.922716 -0.252291 -0.967651 9.39114e-06
13.0782 50.33 -0.224079 -0.252326 -0.967642 -1.86038e-05
13.0301 50.3425 -1.56694 -0.252275 -0.967656 5.18637e-05
13.048 50.3379 -2.87501 -0.252352 -0.967635 -9.30993e-05
13.0411 50.3397 -4.00224 -0.252376 -0.967629 -4.7204e-05
13.7912 50.1441 -4.68409 -0.252346 -0.967637 0.000147966
15.1572 49.788 -4.66895 -0.252171 -0.967683 4.79567e-05
16.3848 49.4681 -4.69683 -0.252192 -0.967677 -0.000109791
17.7108 49.1228 -4.74218 -0.252122 -0.967696 -6.46806e-05
19.0987 48.7617 -4.7137 -0.251722 -0.9678 -3.52371e-05
20.3487 48.4367 -4.67349 -0.251594 -0.967833 -9.75961e-05
21.7299 48.0777 -4.66498 -0.251469 -0.967865 -0.00016193
22.8539 47.7856 -4.70336 -0.251672 -0.967813 -0.00023781
23.9123 47.5105 -4.66984 -0.251483 -0.967862 -0.000389875
24.9614 47.2376 -4.66781 -0.251956 -0.967739 -0.000306811
26.181 46.9198 -4.65049 -0.252438 -0.967613 -0.000224616
27.2748 46.634 -4.6331 -0.253028 -0.967459 -0.000306203
28.3287 46.3577 -4.63251 -0.254603 -0.967046 -0.000434328
29.3977 46.0759 -4.68862 -0.255131 -0.966907 -0.000177997
30.6563 45.7419 -4.70001 -0.257975 -0.966151 -0.00101698
31.7271 45.4556 -4.72395 -0.258607 -0.965982 -0.000901315
32.7734 45.1733 -4.67856 -0.260724 -0.965413 -0.00075262
33.3801 45.0095 -4.65041 -0.261346 -0.965245 -0.000352443
33.3488 45.0187 -5.73473 -0.262419 -0.964952 -0.00129662
32.1336 45.3472 -5.77388 -0.260588 -0.965449 -0.00105596
31.0558 45.6364 -5.76459 -0.258142 -0.966106 -0.00120072
29.9286 45.9362 -5.77311 -0.255737 -0.966746 -0.000983822
28.6254 46.2802 -5.7236 -0.254252 -0.967138 -0.000670548
27.2683 46.636 -5.68799 -0.253209 -0.967412 -0.000213447
26.2049 46.9139 -5.7356 -0.25264 -0.96756 -0.000547787
24.9172 47.2496 -5.72886 -0.251787 -0.967782 -0.000427564
23.8632 47.5237 -5.72919 -0.251669 -0.967813 -0.000314529
22.6254 47.8453 -5.7507 -0.251444 -0.967872 -0.000301001
21.4367 48.1541 -5.74658 -0.25145 -0.96787 -0.000304897
20.2942 48.4508 -5.75423 -0.251533 -0.967849 3.51428e-05
19.0967 48.7622 -5.76403 -0.251724 -0.967799 -2.69188e-05
18.0053 49.0462 -5.78875 -0.251942 -0.967742 -5.36818e-06
16.6868 49.3895 -5.7318 -0.251966 -0.967736 2.29769e-05
15.3839 49.7289 -5.6995 -0.252172 -0.967682 -1.14654e-05
14.2739 50.0182 -5.79054 -0.252321 -0.967644 -1.52863e-06
13.1566 50.3096 -5.74321 -0.252448 -0.96761 0.000130371
12.0637 50.5947 -5.21316 -0.252299 -0.967649 -4.52461e-05
12.0016 50.6108 -4.11002 -0.252296 -0.96765 -1.26792e-05
12.0105 50.6085 -2.94275 -0.252569 -0.967579 1.64518e-05
12.0221 50.6054 -1.74983 -0.25244 -0.967613 7.98764e-05
12.017 50.6068 -0.53107 -0.252297 -0.96765 -2.44241e-05
12.052 50.5977 0.570532 -0.25244 -0.967613 1.98239e-05
12.0453 50.5994 1.8554 -0.252394 -0.967625 -2.1692e-05
11.9899 50.614 3.04237 -0.252392 -0.967625 0.00012899
12.0266 50.6043 4.30443 -0.252432 -0.967615 2.04868e-05
12.1587 50.5699 5.48618 -0.252335 -0.96764 9.221e-05
13.4278 50.2389 5.75339 -0.25232 -0.967644 8.03481e-05
14.7513 49.8938 5.74214 -0.252379 -0.967629 -9.89673e-05
15.8936 49.5959 5.70227 -0.25217 -0.967683 -3.07727e-05
16.9518 49.3202 5.6877 -0.252128 -0.967694 -7.14323e-05
18.3026 48.9683 5.7077 -0.251914 -0.96775 -2.47563e-05
19.4077 48.6808 5.71952 -0.251947 -0.967741 0.00015468
20.4729 48.4036 5.74931 -0.251734 -0.967796 -4.20308e-06
21.5643 48.1197 5.70098 -0.251658 -0.967816 -3.64176e-05
22.6281 47.8431 5.71262 -0.251624 -0.967825 0.000172257
23.6941 47.566 5.67022 -0.251695 -0.967807 0.000339638
24.7826 47.2828 5.70485 -0.251983 -0.967731 0.000452309
26.2106 46.9106 5.64911 -0.25255 -0.967584 0.00046817
27.3961 46.6007 5.71187 -0.253406 -0.96736 0.000355855
28.4766 46.3171 5.69534 -0.254241 -0.967141 0.00061171
29.6368 46.0115 5.69986 -0.255514 -0.966805 0.000634828
30.7178 45.7249 5.70821 -0.257344 -0.96632 0.000723236
31.9923 45.3842 5.7623 -0.259525 -0.965736 0.000644868
33.0656 45.0949 5.72194 -0.261074 -0.965318 0.00118119
34.26 44.7703 5.70191 -0.2632 -0.96474 0.00116767
35.4468 44.4448 5.68685 -0.266325 -0.963883 0.000259295
36.5004 44.1531 5.64558 -0.267071 -0.963677 0.000332047
36.9739 44.0217 4.72895 -0.26829 -0.963338 -0.000521005
36.9805 44.0203 3.39847 -0.26772 -0.963497 6.64507e-05
37.0044 44.0139 2.0512 -0.268351 -0.963321 7.92386e-05
37.0111 44.0125 0.804449 -0.269284 -0.963061 -0.000307526
37.016 44.0107 -0.423357 -0.267796 -0.963475 0.000110966
36.9876 44.0183 -1.6182 -0.267717 -0.963498 0.000173303
36.9737 44.0217 -2.81898 -0.268647 -0.963238 0.00103137
36.9856 44.0166 -4.09162 -0.269396 -0.963029 0.000864727
36.9088 44.0377 -5.19429 -0.270433 -0.962738 0.000374021
36.1133 44.2596 -5.7262 -0.267262 -0.963623 -0.000936761
34.7584 44.6336 -5.73525 -0.264182 -0.964473 -0.000220976
33.6294 44.942 -5.73733 -0.26212 -0.965034 -0.00138109
33.6138 44.9462 -5.73729 -0.263411 -0.964683 -0.00146543
33.6591 44.9359 -6.80995 -0.2632 -0.964736 -0.00307776
32.6112 45.2197 -6.81673 -0.260383 -0.965503 -0.00211626
31.4518 45.532 -6.77206 -0.259015 -0.965872 -0.00163651
30.261 45.8492 -6.82295 -0.256999 -0.966411 -0.00125419
29.0128 46.1791 -6.81701 -0.254504 -0.967071 -0.00118312
27.9276 46.4643 -6.83076 -0.253088 -0.967443 -0.000655771
26.5556 46.823 -6.78764 -0.252752 -0.967531 -0.000648847
25.4486 47.1118 -6.82031 -0.252346 -0.967637 -0.000748928
24.2856 47.4144 -6.81577 -0.251568 -0.96784 -0.000497513
23.052 47.7348 -6.84167 -0.251282 -0.967914 -0.000430084
21.6539 48.0978 -6.83264 -0.251329 -0.967902 -0.000237819
20.4398 48.413 -6.80738 -0.25141 -0.967881 -0.000122014
19.136 48.752 -6.79205 -0.251695 -0.967806 0.000201788
18.0005 49.0474 -6.80539 -0.251885 -0.967757 4.87577e-05
16.7294 49.3784 -6.79328 -0.252065 -0.96771 0.000157153
15.4283 49.7173 -6.74612 -0.252296 -0.96765 0.000137539
14.3177 50.0068 -6.86918 -0.252348 -0.967637 -2.71413e-06
13.22 50.2931 -6.84789 -0.252494 -0.967598 4.26357e-05
12.0122 50.6081 -6.81426 -0.252475 -0.967604 0.000134772
11.0544 50.858 -6.26533 -0.252369 -0.967631 -2.08575e-05
10.9966 50.8731 -5.1452 -0.252327 -0.967642 -2.87589e-06
10.9634 50.8817 -3.99729 -0.252403 -0.967622 -8.83367e-05
10.9867 50.8756 -2.75116 -0.252577 -0.967577 0.000144754
10.9739 50.8789 -1.42553 -0.252371 -0.967631 -5.64098e-05
11.002 50.8716 -0.258882 -0.252355 -0.967635 -9.39378e-05
10.9943 50.8736 0.842173 -0.252494 -0.967598 -5.87914e-05
11.0054 50.8707 2.08994 -0.252341 -0.967638 3.26062e-05
10.9753 50.8786 3.47318 -0.252374 -0.96763 9.53849e-05
11.009 50.8698 4.6468 -0.252279 -0.967654 -4.7359e-05
10.9953 50.8734 5.86095 -0.252443 -0.967612 3.97896e-05
11.4795 50.7471 6.73226 -0.252545 -0.967585 1.17765e-05
12.5815 50.4596 6.77231 -0.252331 -0.967641 -2.08435e-05
13.8128 50.1384 6.78342 -0.2524 -0.967623 -0.000105503
15.1414 49.792 6.80326 -0.252253 -0.967661 -4.87265e-05
16.5234 49.4318 6.75913 -0.252116 -0.967697 -0.000117981
17.6332 49.1426 6.76115 -0.25205 -0.967714 -4.64225e-05
18.8742 48.8195 6.76768 -0.251861 -0.967763 -0.000202111
20.0052 48.5253 6.79936 -0.251778 -0.967785 -9.02574e-05
21.3119 48.1854 6.79413 -0.251658 -0.967816 6.97131e-05
22.7183 47.8198 6.75107 -0.251722 -0.9678 0.000141144
23.901 47.5126 6.72909 -0.251242 -0.967924 0.00050447
25.1567 47.1859 6.77583 -0.252032 -0.967719 0.000675295
26.2504 46.9008 6.70654 -0.252536 -0.967587 0.000811329
27.3798 46.6057 6.7829 -0.253112 -0.967437 0.000923245
28.5598 46.296 6.77308 -0.254234 -0.967143 0.000738215
29.6532 46.0081 6.7674 -0.255319 -0.966856 0.00111449
30.891 45.6795 6.74065 -0.257473 -0.966285 0.00103151
32.2534 45.3153 6.81175 -0.259119 -0.96584 0.00307264
33.6485 44.9382 6.73377 -0.261568 -0.965183 0.00194818
34.872 44.6041 6.76656 -0.265874 -0.964006 0.0017368
36.0889 44.2681 6.74336 -0.266723 -0.963769 0.0029949
37.1579 43.9705 6.7693 -0.2688 -0.963196 -6.8883e-05
38.0527 43.7208 6.20503 -0.2688 -0.963196 0.000780474
38.0142 43.7316 5.09497 -0.268962 -0.963151 -0.000783782
38.0307 43.7278 3.85911 -0.268494 -0.963281 -0.000354756
38.0042 43.7357 2.51344 -0.267602 -0.96353 -6.09166e-05
38.0139 43.7318 1.21381 -0.270265 -0.962786 0.000244808
38.0269 43.7291 0.032881 -0.268989 -0.963143 -0.00062927
38.0467 43.7237 -1.08036 -0.26794 -0.963436 -0.000132133
38.0249 43.7293 -2.16136 -0.268315 -0.963331 0.000815641
38.0424 43.7219 -3.32658 -0.26926 -0.96306 0.00367353
38.0305 43.7231 -4.52227 -0.271126 -0.962543 0.000998622
38.0086 43.7285 -5.73132 -0.27145 -0.962452 6.852e-05
37.6535 43.8291 -6.78768 -0.271219 -0.962517 -0.00105347
36.5182 44.1494 -6.80188 -0.270753 -0.962641 -0.00241512
35.3438 44.4749 -6.78828 -0.265529 -0.964101 -0.00207388
34.0731 44.8234 -6.8162 -0.262848 -0.964833 -0.00294101
