-21.0755 39.2477 -3.42707 0.186976 -0.982357 0.00370669
-21.0755 39.2545 -2.21119 0.196205 -0.980557 0.00329932
-21.0755 39.2564 -1.23739 0.186412 -0.982451 0.00641619
-21.0755 39.2619 -0.168408 0.187134 -0.982333 0.00100898
-21.0755 39.2637 1.05998 0.18484 -0.982691 0.0100702
-21.9745 39.1092 3.48918 0.175096 -0.984513 0.000207504
-21.8747 39.1258 2.51542 0.175965 -0.984384 0.00381031
-21.9224 39.1157 1.45547 0.168469 -0.98569 0.00576546
-22.0613 39.0813 0.49838 0.166754 -0.985779 0.0192146
-21.871 39.1124 -0.519895 0.161249 -0.986906 -0.00324824
-21.934 39.1004 -1.54993 0.16879 -0.985647 0.00286949
-21.9659 39.0887 -2.58424 0.161156 -0.986905 0.00692887
-21.8962 39.0955 -3.60709 0.16898 -0.985615 0.0015944
-22.7229 38.9569 -3.5856 0.158456 -0.987331 0.00832992
-22.8014 38.9529 -2.62852 0.15466 -0.987873 0.0136651
-22.7976 38.9631 -1.67727 0.154887 -0.987917 0.00548943
-22.661 38.9856 -0.671452 0.151883 -0.988394 0.001761
-22.9099 38.9505 0.425635 0.14295 -0.989599 0.0108877
-22.8512 38.9659 1.59572 0.153557 -0.988136 0.00260405
-22.8678 38.9654 2.68692 0.151467 -0.988462 0.000314929
-22.8614 38.9673 3.50984 0.154936 -0.987924 0.000612043
-23.7124 38.8407 3.40356 0.141463 -0.989903 0.00881517
-23.717 38.8386 2.44456 0.135356 -0.990794 -0.00219662
-23.7282 38.8387 1.24796 0.137163 -0.990548 0.00122856
-23.6899 38.84 0.285917 0.13719 -0.990525 0.00623196
-23.5 38.862 -0.767121 0.140062 -0.990139 0.00281061
-23.5864 38.843 -1.72333 0.144911 -0.989406 0.00814851
-23.594 38.8369 -2.82188 0.138656 -0.990303 0.00866242
-23.5728 38.8334 -3.44968 0.132979 -0.991072 0.00964099
-24.42 38.7194 -3.47681 0.13114 -0.991333 0.00739321
-24.4225 38.7297 -2.30109 0.120291 -0.992695 0.00886474
-24.3432 38.7456 -1.30616 0.120649 -0.992667 0.00688031
-24.42 38.7472 -0.215792 0.122624 -0.992424 0.00437409
-24.5523 38.7313 0.776582 0.116321 -0.993208 0.000569414
-24.5421 38.7298 1.83559 0.122842 -0.992413 -0.00505016
-24.5595 38.7279 3.05806 0.10554 -0.994402 0.00460957
-24.5554 38.7291 3.18358 0.104156 -0.994543 0.00593906
-25.3831 38.6451 3.39455 0.0996952 -0.994995 0.00676919
-25.372 38.6341 2.10232 0.0884635 -0.99602 0.010445
-25.3684 38.6377 1.13319 0.10767 -0.994165 -0.000554819
-25.2981 38.6433 0.0382189 0.108626 -0.994074 0.00122424
-25.1708 38.6488 -1.34577 0.111711 -0.99369 0.00901091
-25.2347 38.6317 -2.37449 0.105848 -0.994334 0.00889149
-25.2586 38.6193 -3.48524 0.101889 -0.994689 0.0120892
-26.0633 38.5453 -3.53799 0.086977 -0.996203 0.00317189
-26.068 38.5477 -2.48213 0.0847662 -0.996331 0.00861015
-26.0239 38.5612 -1.49597 0.0951405 -0.99543 0.00815145
-26.063 38.5646 -0.520897 0.0933468 -0.99561 0.00675713
-26.1839 38.5585 0.756484 0.0916703 -0.995787 0.0020038
-26.1976 38.5602 1.90305 0.0839838 -0.996464 0.00252216
-26.2264 38.5616 2.93029 0.0845854 -0.996405 0.00476803
-26.2059 38.5661 3.43562 0.0839648 -0.996443 0.0069603
-27.0478 38.4991 3.51416 0.0730595 -0.997309 0.00595275
-27.0411 38.4939 2.41351 0.0740736 -0.997246 0.00373319
-27.0178 38.4938 1.31508 0.0771103 -0.997022 0.0013619
-26.9687 38.4923 0.248756 0.0714502 -0.99743 0.00431671
-26.898 38.4904 -0.867393 0.075512 -0.997128 0.00570138
-26.8815 38.4864 -2.1322 0.0764945 -0.997067 0.00117509
-26.8754 38.4834 -3.23781 0.0699153 -0.997545 0.00374532
-26.8784 38.4827 -3.33215 0.0704829 -0.997497 0.00545258
-27.6908 38.4284 -3.27857 0.0551871 -0.998466 0.0042097
-27.6962 38.4305 -2.27786 0.056512 -0.9984 0.0016767
-27.745 38.433 -0.945257 0.0602675 -0.998159 0.00674111
-27.8015 38.4343 0.0338715 0.0686614 -0.997607 0.00706087
-27.8369 38.4372 0.991069 0.0617898 -0.998087 -0.00198204
-27.8524 38.4353 2.07386 0.0587805 -0.998265 0.00103064
-27.8702 38.4381 3.03113 0.0610131 -0.998127 0.00452669
-27.8622 38.4404 3.45781 0.0618493 -0.998075 0.00446669
-28.6759 38.3926 3.53796 0.0551824 -0.998471 0.0028221
-28.6819 38.3893 2.29649 0.0531991 -0.998577 -0.00271503
-28.6898 38.3882 1.34412 0.0518082 -0.998653 0.00289791
-28.6706 38.3854 0.382221 0.0564235 -0.998403 0.00279531
-28.5827 38.3872 -0.794629 0.0514781 -0.99867 0.00181311
-28.5154 38.3855 -1.76548 0.0488428 -0.998792 0.00491981
-28.5312 38.383 -2.76316 0.0521895 -0.998632 0.00328792
-28.5391 38.3802 -3.5579 0.0556092 -0.998449 0.00255564
-29.382 38.341 -3.44484 0.0398567 -0.999204 0.00146606
-29.343 38.3452 -2.27605 0.0453087 -0.99897 0.00256076
-29.391 38.346 -1.25488 0.0460957 -0.998936 3.95429e-05
-29.4724 38.3437 -0.134213 0.0431291 -0.999065 0.00295354
-29.5344 38.3442 0.924015 0.046469 -0.9989 0.00459038
-29.5217 38.3488 1.91911 0.0441646 -0.999019 -0.000263363
-29.5017 38.3483 2.93026 0.0458546 -0.998948 0.000853155
-29.4862 38.3495 3.29803 0.0464352 -0.998916 0.0031838
-30.3224 38.3148 3.607 0.0395651 -0.99921 0.00375818
-30.3418 38.3127 2.60552 0.0406324 -0.999173 -0.00141035
-30.3796 38.3113 1.63774 0.0410791 -0.999154 0.00201317
-30.3702 38.3086 0.641294 0.0383385 -0.999255 0.00318823
-30.3136 38.3081 -0.349928 0.0348416 -0.999389 0.00259091
-30.1862 38.3116 -1.62274 0.0367231 -0.999324 0.0012655
-30.1749 38.3095 -2.72214 0.036776 -0.999322 0.00150287
-30.1991 38.3082 -3.4873 0.03818 -0.999271 -0.00048163
-31.0315 38.2792 -3.58921 0.0337786 -0.999429 9.39072e-05
-31.0059 38.2807 -2.58757 0.0320706 -0.999484 0.00145645
-31.0293 38.2816 -1.47428 0.0317815 -0.999494 0.00131224
-31.1461 38.2793 -0.518405 0.0336197 -0.999433 0.00146624
-31.1828 38.2799 0.698247 0.0352537 -0.999377 0.0017879
-31.2161 38.2792 1.89184 0.033923 -0.999423 0.000719273
-31.1668 38.2832 3.05278 0.0344968 -0.999402 0.0024134
-31.16 38.2836 3.47316 0.0373549 -0.999302 -0.000865978
-31.9919 38.2557 3.57288 0.0317142 -0.999496 -0.00120018
-32.0172 38.254 2.45015 0.0322042 -0.999479 0.00189252
-32.0425 38.2523 1.42221 0.030671 -0.999529 0.00119183
-31.9997 38.2517 0.195699 0.0328623 -0.99946 0.000614992
-31.9514 38.2533 -0.771164 0.0289108 -0.999582 -0.0004336
-31.8543 38.2561 -1.77134 0.0267919 -0.999641 0.00058378
-31.8436 38.2559 -2.76859 0.0266636 -0.999644 0.000230406
-31.868 38.2553 -3.65388 0.0265231 -0.999648 -0.000787529
-32.6996 38.2346 -3.37703 0.0244201 -0.999701 -0.00024777
-32.6619 38.2347 -2.37402 0.0253585 -0.999678 -0.000113511
-32.7454 38.2325 -1.32392 0.0257123 -0.999669 -0.000887896
-32.8034 38.2299 -0.295933 0.0252805 -0.99968 -0.000733289
-32.8503 38.2287 0.890853 0.0245102 -0.999699 0.000943872
-32.8565 38.2291 1.98699 0.0259286 -0.999663 -0.000864597
-32.828 38.2303 2.96424 0.0268505 -0.999637 0.00202932
-32.8287 38.231 3.37197 0.0277452 -0.999614 0.00074216
-33.6579 38.2106 3.54515 0.0221707 -0.999753 -0.00108207
-33.6631 38.209 2.5454 0.0237125 -0.999718 0.0014146
-33.717 38.2092 1.59098 0.0221537 -0.999754 -0.000959338
-33.6842 38.2099 0.623184 0.0220768 -0.999756 0.000921865
-33.6254 38.2106 -0.571932 0.0219305 -0.999759 -2.69015e-05
-33.5529 38.2132 -1.57152 0.0226477 -0.999743 0.000166361
-33.4924 38.2152 -2.63428 0.0217003 -0.999764 -0.000441384
-33.5335 38.2151 -3.51093 0.0207576 -0.999784 -0.000200979
-34.3623 38.1988 -3.44719 0.0189314 -0.999821 -0.000655661
-34.3402 38.1982 -2.45847 0.0184689 -0.999829 -0.000816742
-34.3796 38.1964 -1.47513 0.0203491 -0.99979 -0.00215346
-34.4629 38.1933 -0.331208 0.0156514 -0.999877 -0.000500979
-34.4938 38.1938 0.62174 0.0176801 -0.999843 0.00124263
-34.5305 38.1928 1.67672 0.019535 -0.999809 -0.000241545
-34.5198 38.1918 2.74701 0.0188658 -0.999822 0.000326706
-34.4948 38.1923 3.29791 0.0210527 -0.999778 -0.000497701
-35.3681 38.1755 3.33073 0.0178488 -0.999841 -0.000448171
-35.3546 38.177 2.19553 0.015267 -0.999882 -0.0018642
-35.3506 38.1786 1.10277 0.0156176 -0.999877 -0.00124611
-35.3096 38.1799 -0.00587599 0.0151767 -0.999885 1.06701e-05
-35.2582 38.1822 -0.9631 0.0136488 -0.999903 -0.00270832
-35.1936 38.1839 -1.92957 0.0130861 -0.999914 -0.00042416
-35.1744 38.1855 -2.93419 0.0133838 -0.99991 -0.000995231
-35.2194 38.1855 -3.59217 0.0140621 -0.999901 -0.000622055
-18.7046 39.7509 -4.65103 0.226351 -0.974038 0.000189738
-19.8374 39.4983 -4.6958 0.210949 -0.977478 0.0028507
-20.9334 39.2714 -4.67585 0.195154 -0.980757 0.00542698
-22.3421 39.014 -4.70281 0.164271 -0.986393 -0.000426696
-23.4096 38.847 -4.71239 0.140773 -0.990038 -0.00154247
-24.5221 38.701 -4.70062 0.12601 -0.992029 0.000357587
-25.7883 38.5664 -4.65428 0.0928686 -0.995678 0.000683808
-26.8825 38.4747 -4.59802 0.0714249 -0.997444 0.00167848
-28.0896 38.4003 -4.64073 0.0547423 -0.998496 0.00286273
-29.4292 38.3381 -4.65839 0.040832 -0.999166 0.000681395
-30.8423 38.286 -4.66548 0.0330711 -0.999453 0.000459954
-31.9878 38.2518 -4.72938 0.0273849 -0.99962 0.00308031
-33.4929 38.215 -4.70695 0.0217705 -0.99976 0.00188512
-34.7738 38.1917 -4.68484 0.0146541 -0.999892 0.000578241
-35.8716 38.1777 -4.68921 0.0100189 -0.99995 0.000179246
-36.914 38.1687 -4.54076 0.00781798 -0.999969 -0.000956358
-37.0609 38.1669 -3.3511 0.00613731 -0.999981 -0.00063245
-37.0043 38.1672 -2.21143 0.00635809 -0.999979 -0.000762421
-36.9752 38.1646 -1.06513 0.00843167 -0.999961 -0.00240048
-36.9906 38.1608 0.194647 0.00943168 -0.999952 -0.00273921
-37.0164 38.1575 1.28068 0.00973565 -0.999947 -0.00336759
-36.934 38.1553 2.60392 0.012334 -0.999923 -0.00136757
-36.9267 38.1518 3.98079 0.0135251 -0.999904 -0.0028173
-36.2424 38.1592 4.61089 0.0140993 -0.999894 -0.0037376
-34.797 38.1842 4.64612 0.0178665 -0.999839 -0.00174415
-33.3755 38.2157 4.66396 0.0233816 -0.999726 0.000727065
-32.2275 38.2476 4.66704 0.0311304 -0.999513 -0.00042707
-31.0151 38.289 4.68717 0.038246 -0.999268 -0.000679988
-29.7919 38.3394 4.66629 0.043909 -0.999035 4.51911e-05
-28.4809 38.4045 4.63542 0.0570349 -0.998371 -0.000140272
-27.331 38.4793 4.5979 0.0720624 -0.997398 -0.00183403
-25.9679 38.5911 4.6474 0.0885825 -0.996065 -0.00119253
-24.7916 38.7098 4.58169 0.105116 -0.994457 0.00217194
-23.669 38.8461 4.59741 0.136756 -0.990582 -0.00666295
-22.5091 39.0206 4.6165 0.155966 -0.987741 -0.00652121
-21.0693 39.2702 4.60389 0.17787 -0.984046 -0.00381743
-19.9812 39.494 4.55793 0.208107 -0.978106 -0.000369307
-18.8944 39.7302 4.59357 0.218618 -0.975811 -0.000329966
-17.8214 39.9733 4.62399 0.225025 -0.974353 0.000409724
-16.7206 40.2286 4.58695 0.227078 -0.973876 0.000684652
-15.6342 40.4838 4.56712 0.229717 -0.973258 0.000322316
-14.4595 40.7619 4.58722 0.230695 -0.973025 -0.0010674
-13.3207 41.0332 4.64417 0.232498 -0.972597 -0.000252265
-12.0463 41.3407 4.6189 0.236611 -0.971603 -0.00153621
-10.8705 41.6287 4.64403 0.238587 -0.971117 -0.00260133
-9.79802 41.8955 4.64992 0.244136 -0.969736 -0.00257571
-8.70608 42.1726 4.67268 0.247394 -0.96891 -0.00308961
-7.31032 42.5314 4.64046 0.251235 -0.967922 -0.0026431
-6.03354 42.8659 4.57429 0.254702 -0.967013 -0.00358587
-5.5432 42.9997 3.43016 0.25644 -0.966556 -0.00282929
-5.4751 43.0202 2.33577 0.256298 -0.966597 -0.0014674
-5.43485 43.0318 1.09446 0.256034 -0.966667 -0.000903233
-5.43673 43.033 0.0164356 0.255839 -0.966719 -0.00108954
-5.45508 43.0289 -1.28113 0.256223 -0.966618 -0.000256401
-5.46898 43.0246 -2.55721 0.257114 -0.96638 0.00136361
-5.48566 43.0193 -3.6288 0.257028 -0.966403 0.000877746
-6.06678 42.8642 -4.56181 0.254795 -0.966993 0.00215905
-7.11319 42.5901 -4.60526 0.251011 -0.967983 0.000258495
-8.44125 42.2497 -4.65104 0.246597 -0.969118 0.000633903
-9.61439 41.9532 -4.70633 0.243785 -0.969829 0.00114957
-10.698 41.6826 -4.68769 0.24037 -0.970681 0.000523559
-11.8935 41.3899 -4.64449 0.236795 -0.971559 -0.000504452
-13.1559 41.0857 -4.66722 0.233363 -0.972389 -0.00135562
-14.2002 40.8351 -4.67285 0.233489 -0.972358 -0.00161471
-15.4177 40.5423 -4.69347 0.234303 -0.972163 -0.0011563
-16.4851 40.2841 -4.6924 0.235155 -0.971958 0.000159548
-17.5511 40.0265 -4.6478 0.234573 -0.972098 0.000749681
-18.4349 39.8147 -4.65859 0.229938 -0.973205 0.00113839
-18.5283 39.7917 -5.71867 0.230389 -0.973091 0.00235142
-17.282 40.0907 -5.7281 0.235389 -0.9719 0.00162708
-16.1949 40.3545 -5.74863 0.23596 -0.971763 -0.000156885
-14.9946 40.6457 -5.73427 0.235039 -0.971984 -0.00172315
-13.8933 40.9105 -5.71426 0.233227 -0.97242 -0.00190527
-12.5594 41.2302 -5.73545 0.233524 -0.972351 0.000402463
-11.4489 41.4981 -5.71866 0.236509 -0.971629 0.000588246
-10.1705 41.8129 -5.75244 0.241818 -0.970321 0.00129279
-9.07772 42.0873 -5.76014 0.244692 -0.9696 0.00103734
-7.93988 42.3759 -5.72307 0.246356 -0.969179 0.000806341
-6.90396 42.6408 -5.6823 0.249886 -0.968264 0.00420456
-5.70267 42.9568 -5.71016 0.256316 -0.966585 0.00372438
-4.61116 43.2501 -5.55939 0.260298 -0.965526 0.00224878
-4.45291 43.2937 -4.52543 0.25865 -0.965971 0.00079205
-4.46732 43.2919 -3.20844 0.258839 -0.965919 0.00162042
-4.44071 43.3003 -2.05957 0.259435 -0.96576 0.000485746
-4.4372 43.3007 -0.902549 0.259683 -0.965693 -0.000831102
-4.42397 43.3029 0.393157 0.260587 -0.96545 -0.0012265
-4.43195 43.2995 1.70511 0.261055 -0.965323 -0.00115605
-4.49453 43.281 2.99076 0.25986 -0.965645 -0.00150318
-4.5161 43.2728 4.30238 0.260612 -0.965441 -0.00240161
-4.56872 43.2549 5.4422 0.2604 -0.965497 -0.0026343
-5.51907 42.9986 5.69262 0.257844 -0.966181 -0.00319251
-6.8918 42.6367 5.69144 0.25131 -0.967902 -0.00290972
-8.26767 42.2817 5.74419 0.248295 -0.968684 -0.0010699
-9.34833 42.0065 5.7379 0.245217 -0.969466 -0.00201024
-10.454 41.7296 5.70138 0.239921 -0.970791 -0.00141211
-11.8795 41.3792 5.70027 0.238629 -0.971109 -0.00142931
-13.0167 41.1053 5.70111 0.232481 -0.972601 -0.000870581
-14.2688 40.807 5.69416 0.231137 -0.972921 -5.48028e-05
-15.3855 40.5429 5.63348 0.229668 -0.973269 0.000537539
-16.5426 40.27 5.65438 0.228522 -0.973538 -3.892e-05
-17.672 40.0066 5.68607 0.226402 -0.974033 -0.0010211
-19.0098 39.7016 5.63656 0.215023 -0.976606 -0.00253316
-20.1188 39.4613 5.63392 0.208467 -0.978023 -0.00335764
-21.4169 39.2035 5.68482 0.188881 -0.981995 -0.00311121
-22.5514 39.0077 5.67552 0.157915 -0.987435 -0.00588739
-23.8004 38.8203 5.68391 0.129288 -0.991527 -0.0108264
-24.9265 38.6917 5.67313 0.104361 -0.994447 -0.0135852
-26.1804 38.5689 5.70379 0.0888359 -0.996 -0.00786227
-27.5712 38.4593 5.66876 0.0714103 -0.997433 -0.00334183
-28.7495 38.3887 5.71782 0.0530539 -0.998589 -0.00231194
-30.1151 38.3233 5.72189 0.0438169 -0.999038 -0.00146522
-31.2186 38.2797 5.72193 0.0353101 -0.999375 -0.00173226
-32.4811 38.2398 5.7301 0.0298468 -0.999554 -0.000919923
-33.8081 38.2039 5.70189 0.0250093 -0.999685 -0.00112612
-35.0248 38.1771 5.70845 0.0193527 -0.999803 -0.00433344
-36.3926 38.1524 5.66681 0.0154701 -0.999864 -0.00570119
-37.6752 38.1346 5.66273 0.0118332 -0.999917 -0.00498961
-38.0582 38.1361 4.62397 0.010818 -0.999927 -0.00541673
-38.0175 38.1411 3.49142 0.010342 -0.999939 -0.00380643
-38.0732 38.1447 2.34102 0.0090649 -0.999955 -0.00281367
-38.0943 38.1477 1.05868 0.00880638 -0.999956 -0.00310501
-38.037 38.1545 -0.379785 0.00734694 -0.999965 -0.00401311
-38.0675 38.1592 -1.61898 0.00556222 -0.99998 -0.0029113
-38.1144 38.1618 -2.8451 0.00460102 -0.999988 -0.00167126
-38.147 38.1631 -4.16116 0.00332192 -0.999994 -0.000656753
-38.0493 38.1634 -5.26854 0.00412642 -0.999991 0.000736603
-37.1494 38.1675 -5.76791 0.0064941 -0.999978 0.00129301
-36.0603 38.1758 -5.73852 0.00740066 -0.999971 0.0013381
-34.8509 38.1897 -5.71645 0.0139434 -0.999901 0.00155796
-33.7823 38.2075 -5.7593 0.0199932 -0.999797 -0.000588286
-32.5897 38.234 -5.78493 0.0241315 -0.999708 0.00115254
-31.3268 38.2688 -5.75068 0.0304068 -0.999532 0.00328693
-30.2542 38.3031 -5.71943 0.0337369 -0.999426 0.00285624
-29.1573 38.3449 -5.7223 0.0404323 -0.999171 0.00479787
-27.9748 38.401 -5.71152 0.052549 -0.998584 0.00818787
-26.7339 38.4805 -5.71059 0.0770381 -0.997007 0.00630825
-25.5402 38.5839 -5.75381 0.0937001 -0.995506 0.0136827
-24.3066 38.7249 -5.76543 0.125564 -0.992054 0.00782639
-22.8762 38.9241 -5.7495 0.150496 -0.988582 0.0020424
-21.6724 39.1227 -5.75463 0.175857 -0.984343 0.0119023
-20.4343 39.3661 -5.74163 0.199562 -0.979812 0.0116958
-19.1328 39.6513 -5.71815 0.22365 -0.974668 0.00193065
-18.9647 39.6898 -5.7142 0.225016 -0.974353 0.00107317
-19.0833 39.6565 -6.7791 0.228192 -0.973593 0.00659642
-17.8911 39.9399 -6.81053 0.235205 -0.971931 0.00532624
-16.7124 40.227 -6.77844 0.239832 -0.970813 0.00105707
-15.6444 40.4893 -6.79317 0.238621 -0.971112 -0.00011923
-14.3673 40.7996 -6.80097 0.232721 -0.972536 -0.00352323
-13.2204 41.0727 -6.77943 0.232077 -0.972697 -0.00110415
-11.9075 41.386 -6.80963 0.231481 -0.972838 0.00131524
-10.858 41.638 -6.78256 0.238276 -0.971178 0.00601824
-9.63394 41.9462 -6.84748 0.24596 -0.969277 0.00246035
-8.38515 42.2625 -6.80447 0.244979 -0.969528 0.000810904
-7.07506 42.5928 -6.83149 0.245169 -0.969458 0.00652683
-6.03358 42.8627 -6.81467 0.254616 -0.966998 0.00920277
-4.583 43.2541 -6.77184 0.260862 -0.965369 0.00365414
-3.49976 43.5493 -6.59945 0.262849 -0.964836 0.00149301
-3.41164 43.5753 -5.29189 0.26235 -0.964972 0.00153886
-3.46573 43.5615 -4.02728 0.263424 -0.96468 -2.65672e-06
-3.43534 43.5704 -2.81202 0.261469 -0.965212 0.000833972
-3.42236 43.5748 -1.64379 0.260859 -0.965377 0.000267302
-3.40305 43.5798 -0.52342 0.261301 -0.965257 -0.000378764
-3.42625 43.5729 0.696603 0.262303 -0.964985 -0.000659754
-3.41035 43.576 1.89647 0.261963 -0.965077 -0.00124433
-3.43305 43.5684 3.01868 0.261942 -0.965083 -0.0012639
-3.44375 43.5643 4.2599 0.263238 -0.964728 -0.00203553
-3.4135 43.567 5.70433 0.261773 -0.965115 -0.00517122
-3.75321 43.4708 6.69209 0.262134 -0.965019 -0.0047374
-4.86852 43.1695 6.79944 0.259409 -0.96576 -0.00381172
-5.96794 42.8748 6.75252 0.257432 -0.966286 -0.00428273
-7.20632 42.5513 6.79494 0.251133 -0.967945 -0.00390928
-8.31322 42.2666 6.79718 0.248414 -0.968632 -0.00649492
-9.38332 41.9947 6.79158 0.246099 -0.969226 -0.00600959
-10.7599 41.6511 6.74966 0.23961 -0.970861 -0.00364715
-12.0428 41.3376 6.75836 0.235343 -0.971904 -0.00398292
-13.102 41.0831 6.75718 0.231529 -0.972824 -0.00291196
-14.2396 40.8144 6.75505 0.230244 -0.973133 0.000720568
-15.3018 40.5635 6.7285 0.229572 -0.973291 0.000788508
-16.3972 40.3051 6.72468 0.230183 -0.973147 0.000943895
-17.4939 40.0462 6.78512 0.23007 -0.973172 -0.001526
-18.6012 39.7897 6.72752 0.222035 -0.975026 -0.00479536
-19.7831 39.5266 6.72289 0.210712 -0.977517 -0.00620273
-20.9225 39.2889 6.7395 0.191257 -0.981364 -0.0185098
-21.9973 39.0914 6.75738 0.172529 -0.984902 -0.0141982
-23.2303 38.8912 6.75727 0.148896 -0.988674 -0.0184319
-24.4244 38.7333 6.71663 0.111942 -0.993315 -0.0281576
-25.8614 38.5862 6.80561 0.0943623 -0.995462 -0.0122463
-27.0923 38.4897 6.74151 0.0714505 -0.997398 -0.00937823
-28.4945 38.3978 6.77099 0.0526349 -0.998566 -0.00949309
-29.6705 38.3406 6.74403 0.0453911 -0.998954 -0.00556985
-30.7991 38.2922 6.81941 0.0383985 -0.999257 -0.00331604
-32.0773 38.2486 6.77249 0.030134 -0.999528 -0.00573578
-33.4358 38.2103 6.73221 0.0260911 -0.999642 -0.00583688
-34.5244 38.1831 6.7394 0.0234567 -0.999715 -0.00427529
-35.6235 38.1607 6.75884 0.0188207 -0.999811 -0.00485136
-37.0163 38.1365 6.75874 0.0146138 -0.999851 -0.0091648
-38.1107 38.1231 6.75719 0.0100957 -0.999932 -0.00577756
-39.1554 38.1156 6.37557 0.00869974 -0.999947 -0.00556325
-39.1837 38.1217 5.27122 0.00867166 -0.999949 -0.00512232
-39.1337 38.1286 4.00168 0.00796842 -0.999955 -0.00522202
-39.1591 38.1342 2.72161 0.00718386 -0.999967 -0.00387149
-39.1716 38.1387 1.40897 0.00608583 -0.999978 -0.00253721
-39.1592 38.1428 0.317382 0.00818077 -0.999949 -0.00590956
-39.1542 38.1518 -1.06305 0.00447995 -0.999968 -0.00668543
-39.18 38.1566 -2.18026 0.00275625 -0.999989 -0.00382611
-39.1727 38.1605 -3.41618 0.00126149 -0.999996 -0.0023224
-39.207 38.1625 -4.76954 -0.00211008 -0.999998 -0.000499158
-39.1761 38.1612 -5.93457 -6.06324e-05 -0.999994 0.00340229
-38.4654 38.1583 -6.7916 0.00329352 -0.999985 0.00433748
-37.3604 38.164 -6.81487 0.00668557 -0.999974 0.00264629
-36.1859 38.1727 -6.8093 0.00884124 -0.999959 0.00196533
-34.9146 38.1865 -6.77516 0.0158989 -0.999865 0.0040352
-33.8397 38.2049 -6.81746 0.0185167 -0.999818 0.00447311
-32.4815 38.2335 -6.84594 0.0233432 -0.999724 0.0024486
-31.4097 38.2616 -6.83791 0.0289833 -0.999559 0.00611389
-30.2618 38.2977 -6.79834 0.0323732 -0.999461 0.00550509
-29.1317 38.3395 -6.79636 0.0426138 -0.999069 0.00613655
-27.9268 38.3962 -6.79935 0.0561686 -0.998365 0.00948449
-26.7362 38.4688 -6.80119 0.0693766 -0.997436 0.015463
-25.2901 38.5926 -6.81929 0.0905586 -0.995735 0.0176118
-24.1251 38.7298 -6.82542 0.128599 -0.99155 0.0170636
-22.9841 38.8891 -6.77287 0.149885 -0.98834 0.0268148
-21.7783 39.0865 -6.83401 0.175275 -0.984359 0.0172962
-20.4408 39.3504 -6.81116 0.208053 -0.97797 0.0163515
-19.3859 39.5856 -6.81259 0.230073 -0.973095 0.0110814
