-7.1707 43.0934 3.31752 0.253293 -0.967387 -0.00238611
-7.16304 43.0977 1.97333 0.254575 -0.967053 -0.000477107
-7.16652 43.0977 1.02898 0.255069 -0.966922 -0.00139465
-7.17789 43.0972 -0.271246 0.253248 -0.9674 -0.0017756
-7.17366 43.0992 -1.32243 0.251715 -0.967801 -0.000308193
-7.16975 43.1006 -2.56646 0.252246 -0.967662 -0.00026784
-7.19928 43.0929 -3.39447 0.251188 -0.967936 -0.000213361
-8.10067 42.8609 -3.52166 0.247872 -0.968793 0.000498167
-8.05152 42.8732 -2.47188 0.249117 -0.968473 -0.00117701
-8.03572 42.8762 -1.53234 0.250098 -0.96822 -0.00115313
-8.07783 42.8638 -0.56699 0.249739 -0.968312 -0.00144085
-8.04161 42.8709 0.437075 0.250471 -0.968122 -0.00180765
-8.06623 42.8621 1.58013 0.250664 -0.968072 -0.00229741
-8.04247 42.8673 2.55371 0.251929 -0.967745 -0.00109639
-8.06302 42.8608 3.51495 0.251473 -0.967864 -0.000758314
-8.97377 42.6267 3.52227 0.247576 -0.968868 -5.91649e-05
-8.94331 42.6351 2.43778 0.246415 -0.969162 -0.00207041
-8.92636 42.6417 1.36251 0.246934 -0.969028 -0.00282611
-8.93037 42.6445 0.22663 0.246262 -0.9692 -0.00252793
-8.94084 42.6437 -0.818154 0.246635 -0.969107 -0.00142506
-8.91581 42.6515 -1.78518 0.247104 -0.968988 -0.00135667
-8.9739 42.6381 -2.82841 0.247285 -0.968942 -0.000445107
-9.01324 42.628 -3.52653 0.245842 -0.96931 -0.000346463
-9.91407 42.3998 -3.49931 0.245189 -0.969475 -0.000540469
-9.84881 42.416 -2.45228 0.244684 -0.969603 -0.000752983
-9.80956 42.4248 -1.42689 0.244594 -0.969625 -0.00111766
-9.84252 42.4145 -0.416487 0.244924 -0.96954 -0.00212996
-9.79655 42.424 0.632073 0.243025 -0.970014 -0.00328842
-9.83048 42.412 1.57859 0.24291 -0.970044 -0.00275836
-9.845 42.4062 2.52742 0.243187 -0.969973 -0.00340947
-9.86401 42.4003 3.56449 0.245548 -0.969384 0.000845339
-10.7469 42.1807 3.54671 0.240541 -0.970639 -0.000568337
-10.7187 42.189 2.42771 0.241156 -0.970483 -0.0023237
-10.7103 42.1932 1.3837 0.241153 -0.970484 -0.00230927
-10.7056 42.1971 0.42653 0.241617 -0.970371 -0.00139
-10.7138 42.1966 -0.606461 0.241716 -0.970345 -0.00158492
-10.7143 42.1984 -1.87285 0.242145 -0.970239 -0.00138625
-10.8039 42.1763 -2.94418 0.24165 -0.970363 0.000356657
-10.8096 42.175 -3.38233 0.242887 -0.970054 -0.000377616
-11.7138 41.9521 -3.33084 0.237441 -0.971401 -0.00145015
-11.6624 41.9632 -2.30296 0.238069 -0.971247 -0.00128408
-11.618 41.9733 -1.25764 0.240137 -0.970738 -0.00101916
-11.635 41.9674 -0.190189 0.240515 -0.970643 -0.00195714
-11.5768 41.98 0.888156 0.238394 -0.971167 -0.00160816
-11.6102 41.9697 1.93855 0.238177 -0.971219 -0.00208622
-11.6248 41.9646 2.92154 0.238794 -0.97107 -0.00114497
-11.6367 41.961 3.49791 0.239456 -0.970907 -0.00108604
-12.5221 41.7439 3.51705 0.236846 -0.971545 -0.00194737
-12.5205 41.746 2.52216 0.237025 -0.971502 -0.001614
-12.5001 41.7524 1.57692 0.236399 -0.971655 -0.00151768
-12.5005 41.7537 0.606554 0.237406 -0.971409 -0.00112729
-12.4923 41.7571 -0.540828 0.237981 -0.971269 -0.00117626
-12.52 41.7518 -1.59912 0.236934 -0.971521 -0.00268643
-12.5762 41.7402 -2.54457 0.235763 -0.971808 -0.00207556
-12.6169 41.7325 -3.57649 0.236233 -0.971694 -0.00211293
-13.516 41.5144 -3.41281 0.235068 -0.971977 -0.0019266
-13.4558 41.5268 -2.28385 0.234776 -0.972048 -0.00186866
-13.4055 41.5366 -1.12752 0.234629 -0.972083 -0.00189859
-13.372 41.5427 -0.0698905 0.23399 -0.972238 -0.00115051
-13.4112 41.532 0.896611 0.235113 -0.971966 -0.00202233
-13.4049 41.5318 1.93375 0.235415 -0.971894 -0.00116215
-13.4183 41.527 3.25176 0.234679 -0.972072 -0.00149969
-13.4115 41.5279 3.6335 0.234166 -0.972195 -0.00175363
-14.2974 41.3162 3.56206 0.231691 -0.972789 -0.000951071
-14.3163 41.3123 2.55366 0.231672 -0.972794 -0.000438315
-14.3336 41.3094 1.26143 0.233358 -0.97239 -0.00126165
-14.2914 41.3215 -0.00877968 0.232422 -0.972614 -0.00140178
-14.2874 41.3242 -1.15417 0.233434 -0.972371 -0.00168347
-14.3533 41.3103 -2.27285 0.23387 -0.972267 -0.00126569
-14.4206 41.2956 -3.23545 0.234536 -0.972106 -0.00170929
-14.4297 41.2937 -3.4296 0.234426 -0.972132 -0.00171412
-15.3471 41.073 -3.49859 0.233724 -0.972303 -0.000790168
-15.2711 41.0902 -2.43895 0.232912 -0.972497 -0.000985191
-15.1726 41.1121 -1.2452 0.233279 -0.972409 -0.00158686
-15.1905 41.1066 -0.172174 0.232411 -0.972617 -0.000883285
-15.2295 41.0964 0.803662 0.231601 -0.972811 -0.000910682
-15.2312 41.095 1.7757 0.231639 -0.972801 -0.000931851
-15.2033 41.1013 2.90973 0.230919 -0.972973 -0.000301345
-15.1956 41.1029 3.53174 0.230618 -0.973044 -0.00016948
-16.0914 40.8907 3.57523 0.230318 -0.973115 0.000363734
-16.1158 40.8854 2.56945 0.230181 -0.973148 -0.00065553
-16.1363 40.8812 1.51367 0.229687 -0.973264 -0.000804293
-16.1159 40.8865 0.542137 0.230173 -0.97315 -0.000458508
-16.0734 40.8964 -0.786762 0.231588 -0.972814 -0.000305092
-16.1334 40.8838 -2.09417 0.231364 -0.972867 -0.000331898
-16.2689 40.8515 -3.04571 0.23289 -0.972503 0.000432623
-16.2894 40.8465 -3.42701 0.232937 -0.972492 0.000324582
-17.2125 40.626 -3.40341 0.232448 -0.972609 0.000350303
-17.0793 40.6589 -2.3276 0.22915 -0.97339 0.000920751
-16.9651 40.6857 -1.33627 0.229803 -0.973237 -0.000447534
-16.9751 40.6832 -0.271565 0.228236 -0.973605 0.00100922
-17.0174 40.6743 0.694477 0.227674 -0.973736 0.00131759
-17.042 40.6681 1.7648 0.226577 -0.973992 -0.00105903
-17.0136 40.675 2.8219 0.225709 -0.974195 -0.000564243
-17.002 40.6772 3.30896 0.226372 -0.97404 -0.000596415
-17.8957 40.4714 3.4443 0.223078 -0.9748 -4.79267e-05
-17.9404 40.4628 2.38468 0.221882 -0.975071 -0.00223251
-17.9809 40.4514 1.2842 0.222781 -0.974868 0.00110719
-17.9134 40.465 0.0812868 0.226072 -0.97411 0.0010901
-17.8867 40.4697 -1.05337 0.226777 -0.973946 0.000538616
-17.9238 40.4605 -2.08007 0.227422 -0.973795 0.00128518
-18.1338 40.4087 -3.28635 0.226584 -0.973989 0.000881986
-18.1287 40.4097 -3.35356 0.225914 -0.974139 0.00381275
-19.0464 40.1985 -3.57832 0.221945 -0.975055 0.00280756
-18.8603 40.2442 -2.32819 0.210248 -0.977626 0.00400567
-18.7713 40.2663 -1.35602 0.223004 -0.974807 0.00442626
-18.8271 40.255 -0.403503 0.221767 -0.975099 0.00070291
-18.9011 40.242 0.864902 0.220066 -0.975479 0.0031281
-18.9022 40.2441 1.86975 0.220249 -0.975441 0.00238221
-18.8023 40.2649 3.01612 0.220706 -0.975326 0.00180828
-18.8197 40.263 3.5067 0.215989 -0.976394 0.000602143
-19.7866 40.0527 3.54275 0.200192 -0.979756 -8.85605e-05
-19.7863 40.0548 2.46086 0.207861 -0.978146 -0.00401694
-19.8747 40.0322 1.28843 0.206619 -0.978396 0.00701995
-19.8063 40.0402 0.308529 0.212971 -0.977044 0.00529276
-19.7347 40.055 -0.684191 0.209528 -0.977799 -0.000639561
-19.6461 40.0755 -1.67293 0.207806 -0.97817 -0.000546573
-19.9932 40.0013 -2.87375 0.19834 -0.980088 0.0094366
-19.947 40.0042 -3.57607 0.201713 -0.979381 0.0111232
-20.8625 39.8174 -3.58216 0.190477 -0.981617 0.011663
-20.8854 39.8214 -2.61722 0.199836 -0.979811 0.00591383
-20.8015 39.8394 -1.719 0.195229 -0.980758 -0.000313489
-20.7973 39.8363 -0.496939 0.185155 -0.982709 -0.000566361
-20.7954 39.8328 0.44311 0.196278 -0.980524 0.00466857
-20.7759 39.8463 1.51593 0.194588 -0.98087 0.00539203
-20.781 39.8515 2.63243 0.192856 -0.981217 0.00250106
-20.8055 39.8471 3.5783 0.195582 -0.98067 -0.00277966
-21.7254 39.6747 3.41236 0.178227 -0.983979 0.00133541
-21.741 39.6656 2.29648 0.177792 -0.984056 0.00459703
-21.8001 39.6554 1.16386 0.173285 -0.984849 -0.00662251
-21.8051 39.6513 0.0860553 0.169409 -0.98554 -0.00333897
-21.6084 39.6863 -0.898342 0.171518 -0.98518 0.00134359
-21.7455 39.6628 -1.83335 0.171813 -0.98513 -0.000446783
-21.7005 39.6633 -2.80456 0.18104 -0.98347 0.00338357
-21.702 39.6603 -3.32279 0.176203 -0.984331 0.00600333
-22.6141 39.5045 -3.40672 0.167453 -0.985802 0.0123739
-22.6736 39.5042 -2.38945 0.161986 -0.986748 0.00926182
-22.6457 39.5127 -1.30683 0.159729 -0.98716 0.000745611
-22.576 39.5224 -0.223398 0.159966 -0.987121 -0.00147431
-22.7793 39.4895 0.725313 0.159171 -0.98725 0.00132216
-22.6779 39.5037 1.68426 0.162089 -0.98677 -0.00173503
-22.6431 39.5123 2.66697 0.151339 -0.988465 0.00533079
-22.6365 39.5184 3.40097 0.154593 -0.987969 0.00377169
-23.5834 39.375 3.42958 0.145807 -0.989284 0.00753639
-23.5901 39.3684 2.44612 0.148938 -0.988825 0.00652856
-23.6276 39.3574 1.40298 0.14216 -0.989833 0.00436268
-23.6028 39.3655 0.105717 0.138454 -0.990339 0.000560916
-23.4504 39.3854 -0.857117 0.148484 -0.98891 0.00143065
-23.5917 39.3634 -1.95078 0.147725 -0.989015 -0.000932588
-23.5685 39.3604 -2.98665 0.141366 -0.989924 0.00801634
-23.5064 39.3641 -3.51418 0.140259 -0.990048 0.0113374
-24.4283 39.2372 -3.28555 0.137285 -0.990472 0.0107798
-24.4962 39.2352 -2.19081 0.132811 -0.991139 0.00208949
-24.4064 39.2504 -1.20741 0.131522 -0.99131 0.00221966
-24.4778 39.2455 -0.0598707 0.125314 -0.992081 0.00790795
-24.5697 39.2358 1.12752 0.117029 -0.993127 -0.00169459
-24.5234 39.2417 2.07872 0.11924 -0.992859 0.0033296
-24.4996 39.25 3.11355 0.124005 -0.992279 0.00210837
-24.509 39.2493 3.517 0.12606 -0.992016 0.00264942
-25.4339 39.1447 3.49649 0.0992732 -0.995052 0.000331708
-25.4216 39.1445 2.48365 0.0991597 -0.995067 0.00288948
-25.4433 39.14 1.5095 0.10159 -0.994822 0.00278771
-25.4433 39.1379 0.493582 0.108893 -0.994011 0.0071907
-25.3609 39.1385 -0.472269 0.10738 -0.99421 0.0039634
-25.3486 39.1326 -1.48068 0.106722 -0.994237 0.0100812
-25.3881 39.1221 -2.46781 0.116335 -0.993199 0.00351525
-25.3178 39.1267 -3.449 0.115924 -0.993255 -0.0024074
-26.2484 39.0341 -3.42627 0.0886458 -0.996051 0.00436271
-26.2989 39.0313 -2.33128 0.0827277 -0.996566 0.00123219
-26.2574 39.043 -1.15511 0.0959542 -0.995353 0.00803429
-26.3154 39.0448 -0.201008 0.0920672 -0.995693 0.0104955
-26.3492 39.05 1.01904 0.0861247 -0.996268 0.00543799
-26.364 39.0527 2.06672 0.0916265 -0.99579 0.00256558
-26.3479 39.0569 3.07508 0.0925107 -0.995707 0.00289677
-26.3296 39.0607 3.56491 0.0900013 -0.995926 0.00550963
-27.2548 38.9826 3.42041 0.078299 -0.996911 0.00619419
-27.2738 38.9763 2.45229 0.0799184 -0.996793 0.00407862
-27.2433 38.9758 1.27944 0.0788481 -0.996882 0.0009681
-27.2495 38.9711 0.0436103 0.0734952 -0.997288 0.00382868
-27.191 38.9653 -0.963673 0.0770592 -0.997006 0.00605663
-27.1894 38.9613 -1.95094 0.0678449 -0.997695 0.000127507
-27.1889 38.9624 -2.99042 0.0739344 -0.997262 -0.00142862
-27.1663 38.962 -3.47224 0.0763696 -0.997061 0.00602577
-28.0858 38.9029 -3.4206 0.0590631 -0.99825 0.00283484
-28.1058 38.9027 -2.46403 0.0597268 -0.998215 -0.000383939
-28.0996 38.9041 -1.45637 0.0593791 -0.998226 0.00423591
-28.1477 38.9065 -0.464637 0.0596844 -0.998209 0.00404933
-28.1776 38.9082 0.483844 0.0634719 -0.997963 0.00519938
-28.1628 38.9132 1.64007 0.0584819 -0.998281 0.00372461
-28.1784 38.9134 2.65134 0.0610063 -0.998115 0.00649611
-28.1628 38.9178 3.61527 0.0636941 -0.99796 0.00398712
-29.0795 38.8624 3.61278 0.0566746 -0.998384 0.00395917
-29.0872 38.8591 2.59944 0.055508 -0.998453 0.00204054
-29.1003 38.8585 1.50436 0.0571055 -0.998364 0.002621
-29.1124 38.8538 0.501262 0.0553319 -0.998447 0.00643051
-29.0794 38.8532 -0.525092 0.0539029 -0.998545 -0.00137116
-29.0253 38.8544 -1.50389 0.0495516 -0.998768 0.00281618
-29.0361 38.8503 -2.72048 0.0486895 -0.998808 0.00291559
-29.0144 38.8499 -3.61317 0.0525287 -0.998614 0.00041052
-29.9266 38.8089 -3.50934 0.0423943 -0.9991 -0.000955316
-29.9477 38.8083 -2.37733 0.0391623 -0.999231 0.00210296
-29.9558 38.8105 -1.33018 0.0459817 -0.99894 0.00138648
-30.0062 38.8088 -0.392479 0.0433836 -0.999058 5.83578e-05
-30.0326 38.81 0.591187 0.0449869 -0.998982 0.00323067
-30.0121 38.8146 1.87477 0.0465795 -0.998908 0.00293177
-30.0088 38.8143 2.82565 0.0460406 -0.998939 0.00026831
-29.9968 38.8165 3.5174 0.0452886 -0.998964 0.00449554
-30.9556 38.7772 3.29471 0.0389102 -0.999242 0.00130775
-30.9446 38.7748 2.16245 0.0348961 -0.999388 0.00208491
-30.9673 38.7727 1.20691 0.0396822 -0.999212 -0.000287798
-30.9444 38.7732 0.0437746 0.0354158 -0.999372 0.000598304
-30.8938 38.7743 -1.1364 0.0368337 -0.999321 -0.000241808
-30.8483 38.7743 -2.14528 0.0366929 -0.999322 0.00304729
-30.8493 38.7732 -3.17784 0.0365567 -0.999331 0.000530539
-30.841 38.7733 -3.56915 0.0360823 -0.999348 0.00107516
-31.7646 38.7437 -3.59339 0.0281252 -0.999604 -0.000395448
-31.7587 38.7445 -2.3878 0.0302026 -0.999544 0.000148724
-31.8011 38.7438 -1.23227 0.0309911 -0.999519 0.000907497
-31.8601 38.7418 0.0139726 0.0283961 -0.999596 -0.000483305
-31.878 38.7409 1.188 0.0296135 -0.99956 0.00149629
-31.8525 38.7443 2.26833 0.0335785 -0.999428 0.00382563
-31.8692 38.744 3.46504 0.0338729 -0.999426 -0.00056622
-31.8692 38.744 3.50673 0.0334795 -0.999439 -0.000206226
-32.7816 38.7156 3.26989 0.0288326 -0.999584 -0.00072322
-32.7665 38.7157 2.16741 0.0300575 -0.999548 -0.000707496
-32.7851 38.7155 0.924733 0.0273836 -0.999625 0.000622469
-32.7586 38.7167 -0.366489 0.0273466 -0.999625 -0.00077597
-32.7015 38.7191 -1.36491 0.0253971 -0.999677 -8.99537e-06
-32.6687 38.7189 -2.48417 0.02589 -0.999665 0.000655218
-32.6792 38.7191 -3.31991 0.0261718 -0.999657 1.9646e-05
-33.6323 38.6962 -3.55286 0.0227209 -0.999742 0.000651361
-33.5983 38.6968 -2.61526 0.0212675 -0.999774 0.000446188
-33.6343 38.6973 -1.64416 0.0209789 -0.999778 0.00169544
-33.6779 38.6951 -0.638318 0.0238339 -0.999715 -0.00143331
-33.6869 38.6929 0.379701 0.0222887 -0.99975 -0.00170746
-33.6867 38.6921 1.33087 0.0237828 -0.999717 -0.000512678
-33.6779 38.6908 2.41133 0.02581 -0.999666 -0.000985566
-33.6836 38.6913 3.54494 0.0231333 -0.99973 -0.00226739
-34.6229 38.6702 3.54176 0.0219353 -0.999758 -0.00135478
-34.5871 38.6712 2.5008 0.0196919 -0.999805 0.00113983
-34.597 38.6726 1.53636 0.0196568 -0.999807 -9.3667e-05
-34.5952 38.6742 0.462609 0.0183051 -0.999831 -0.00189892
-34.605 38.676 -0.487573 0.0168626 -0.999856 -0.00188704
-34.553 38.6781 -1.44164 0.0199555 -0.999801 -0.000420225
-34.5363 38.6784 -2.64161 0.0189052 -0.999821 0.000111936
-34.566 38.6779 -3.29077 0.0166296 -0.999862 0.000551916
-35.4727 38.6637 -3.4106 0.0140699 -0.9999 -0.000671506
-35.4693 38.6628 -2.46772 0.0161964 -0.999868 -0.000783622
-35.4655 38.6628 -1.31856 0.0159824 -0.999872 -0.00109717
-35.4921 38.6605 -0.327462 0.0147558 -0.999887 -0.00271861
-35.5161 38.6578 0.7154 0.0154539 -0.999877 -0.00217964
-35.5028 38.6558 1.89306 0.0148249 -0.999889 -0.00176078
-35.5471 38.6537 2.92401 0.0134104 -0.999908 -0.00177018
-35.5634 38.6525 3.30605 0.0136208 -0.999905 -0.00135656
-15.648 41.0013 -4.71034 0.234721 -0.972063 -0.000690066
-14.6007 41.2542 -4.67938 0.234748 -0.972055 -0.00118825
-13.509 41.5181 -4.68095 0.234989 -0.971997 -0.00138539
-12.239 41.8258 -4.66619 0.2366 -0.971607 -0.000785854
-10.9821 42.133 -4.65845 0.239717 -0.970842 -0.000522475
-9.78155 42.4338 -4.72494 0.244371 -0.969682 -0.000449814
-8.75645 42.6933 -4.77765 0.246439 -0.969158 0.000658775
-7.65952 42.9737 -4.78888 0.250502 -0.968115 -0.000343968
-6.44909 43.2882 -4.69029 0.253115 -0.967424 0.00395821
-5.85556 43.4466 -3.75026 0.257946 -0.966159 -0.000150354
-5.82339 43.4553 -2.58029 0.257207 -0.966356 -0.000190051
-5.84014 43.4508 -1.50105 0.258344 -0.966053 0.000346784
-5.8434 43.4501 -0.394916 0.257355 -0.966317 -0.000135734
-5.82546 43.4534 0.744272 0.257521 -0.966272 -0.00138471
-5.81451 43.4545 1.81114 0.257765 -0.966206 -0.00187776
-5.87878 43.4354 2.90859 0.257115 -0.966379 -0.00199721
-5.85044 43.4402 4.04322 0.257732 -0.966214 -0.00206537
-6.68459 43.2172 4.65352 0.25397 -0.967207 -0.0030532
-8.09076 42.8515 4.65298 0.249831 -0.968287 -0.00207194
-9.29427 42.5442 4.6634 0.245734 -0.969334 -0.0025747
-10.3248 42.2844 4.64913 0.241581 -0.970378 -0.00222973
-11.4939 41.9948 4.74655 0.238531 -0.971133 -0.00192027
-12.5528 41.7358 4.6991 0.236547 -0.971619 -0.00024797
-13.7724 41.4406 4.6884 0.233282 -0.972408 0.000237284
-15.0112 41.1464 4.69873 0.230276 -0.973125 0.000383869
-16.054 40.8997 4.70304 0.229774 -0.973244 -0.000375643
-17.2139 40.6287 4.69481 0.226138 -0.974095 -8.40176e-05
-18.3042 40.3769 4.66184 0.221583 -0.975135 -0.00111661
-19.5099 40.11 4.64791 0.207599 -0.978211 0.00132866
-20.5478 39.893 4.65504 0.201216 -0.979538 -0.00310131
-21.6558 39.684 4.64454 0.168452 -0.985706 -0.00156131
-22.7964 39.4963 4.65506 0.148787 -0.988865 -0.00295292
-23.9415 39.3312 4.64995 0.131575 -0.991305 -0.000989569
-24.9999 39.1974 4.62156 0.11181 -0.993675 0.00976429
-26.2241 39.0727 4.67787 0.0911236 -0.995826 -0.00252316
-27.4594 38.9684 4.66277 0.0752173 -0.997163 -0.00271293
-28.7618 38.8816 4.70502 0.0575323 -0.998339 -2.50941e-05
-29.9662 38.8211 4.70708 0.0467553 -0.998906 1.56078e-05
-31.028 38.7754 4.69885 0.0405354 -0.999178 0.000419489
-32.218 38.7322 4.66243 0.0344331 -0.999407 -0.000755085
-33.2753 38.7003 4.66472 0.0264647 -0.999647 -0.000182575
-34.7489 38.6656 4.67556 0.0209952 -0.999778 -0.00118466
-35.8921 38.6447 4.63093 0.0179969 -0.999833 -0.0031004
-36.8374 38.6332 4.27613 0.0123661 -0.999918 -0.00332092
-36.8913 38.6364 2.99583 0.0120763 -0.999923 -0.00266747
-36.9325 38.6382 1.78977 0.00996841 -0.999948 -0.00198364
-36.9621 38.6409 0.698213 0.00996995 -0.999948 -0.00195186
-36.9338 38.645 -0.73674 0.00909252 -0.999955 -0.00246984
-36.9475 38.6471 -1.8207 0.00785633 -0.999966 -0.00251737
-36.9023 38.6486 -3.17567 0.00700094 -0.999975 -0.000481588
-36.773 38.6506 -4.42979 0.00671762 -0.999977 -0.00063937
-35.4273 38.6636 -4.66366 0.0126568 -0.999918 -0.000188703
-34.2483 38.6829 -4.68334 0.0187261 -0.999825 0.00036136
-33.1801 38.7053 -4.7151 0.0240281 -0.999708 0.00242527
-31.9402 38.7381 -4.66634 0.0294081 -0.999561 0.00356714
-30.5423 38.7838 -4.65644 0.0380102 -0.999272 0.000430426
-29.2045 38.841 -4.72419 0.044825 -0.998995 -0.000352163
-27.9529 38.9074 -4.72129 0.0601549 -0.998183 0.00290889
-26.7825 38.987 -4.6755 0.0806102 -0.996745 -0.000789709
-25.7239 39.0781 -4.70873 0.107358 -0.994204 0.00446922
-24.4556 39.2256 -4.69124 0.128982 -0.991644 0.0020772
-23.2681 39.3868 -4.7108 0.15283 -0.988191 -0.00316956
-22.1348 39.5782 -4.68573 0.172746 -0.984961 0.00317607
-20.9329 39.7961 -4.69747 0.186998 -0.982354 -0.000663117
-19.7646 40.0349 -4.67771 0.207014 -0.97833 0.00400908
-18.6651 40.2773 -4.65964 0.227846 -0.973686 0.00469826
-17.548 40.544 -4.63404 0.232836 -0.972515 0.00170568
-16.3704 40.8269 -4.66536 0.234669 -0.972075 0.000117353
-15.8704 40.9476 -4.71021 0.234494 -0.972117 -0.000448498
-16.069 40.8996 -5.79389 0.235531 -0.971867 -0.000139015
-17.4173 40.5738 -5.64382 0.233442 -0.97237 0.000833454
-18.4936 40.3158 -5.74027 0.231092 -0.972927 0.00308696
-19.7799 40.0219 -5.74222 0.216828 -0.976099 0.0146875
-20.8632 39.8074 -5.73791 0.190929 -0.981575 0.00752903
-21.9819 39.5998 -5.77642 0.172688 -0.98495 0.00715734
-23.106 39.4119 -5.75071 0.153713 -0.988115 0.00123471
-24.2439 39.2469 -5.76247 0.132512 -0.991155 0.00710326
-25.4048 39.1039 -5.77967 0.112854 -0.993532 0.0112399
-26.5162 39.003 -5.75248 0.0854666 -0.996276 0.0103512
-27.8264 38.9104 -5.73044 0.0581975 -0.998278 0.00739366
-29.0068 38.8466 -5.78098 0.0474363 -0.998862 0.00403644
-30.3527 38.7885 -5.76213 0.0376596 -0.999286 0.00282376
-31.4873 38.7492 -5.71051 0.0319124 -0.999476 0.00504746
-32.7773 38.7134 -5.78403 0.0246124 -0.999697 0.000895565
-34.0008 38.6866 -5.73946 0.019647 -0.999806 0.00155839
-35.199 38.6664 -5.70664 0.0148823 -0.999886 0.00155337
-36.3393 38.654 -5.69467 0.00948787 -0.999954 0.001643
-37.5813 38.6449 -5.62579 0.00422975 -0.999989 0.00094176
-37.9286 38.644 -4.53765 0.0024773 -0.999996 -0.0011451
-37.9316 38.6432 -3.27636 0.00389687 -0.999992 -0.000432975
-37.9919 38.6413 -2.2031 0.00481906 -0.999985 -0.00250356
-37.9743 38.6372 -0.857584 0.00576999 -0.999975 -0.00417201
-37.992 38.6318 0.49369 0.00829541 -0.999959 -0.00334766
-37.988 38.6293 1.57838 0.00834038 -0.999964 -0.00182239
-37.9645 38.6259 2.9109 0.00897553 -0.999952 -0.00396835
-37.9544 38.6218 4.05082 0.00992396 -0.999945 -0.00340031
-37.9093 38.6164 5.29866 0.0102433 -0.999931 -0.00566453
-36.8594 38.6264 5.6676 0.0134728 -0.999892 -0.00593723
-35.5823 38.6465 5.71324 0.0188475 -0.999809 -0.00509675
-34.3656 38.6714 5.73484 0.0237291 -0.999704 -0.0053781
-33.2778 38.7002 5.71807 0.0280458 -0.999607 0.000160423
-32.0088 38.7386 5.69806 0.0317575 -0.999495 -0.000530658
-30.9395 38.7767 5.72288 0.0384824 -0.999258 -0.00145556
-29.7263 38.8313 5.77483 0.0483729 -0.998829 -0.00113161
-28.5453 38.894 5.74872 0.0577091 -0.998332 -0.00195119
-27.3262 38.9761 5.69887 0.078315 -0.996893 -0.00293038
-26.2348 39.0699 5.72991 0.0889439 -0.996016 -0.00624589
-25.1594 39.1732 5.68904 0.103572 -0.994568 -0.0080631
-23.806 39.343 5.70168 0.134396 -0.990882 -0.0095534
-22.4887 39.5391 5.72964 0.158397 -0.987324 -0.00405596
-21.1427 39.7766 5.73101 0.185108 -0.982713 -0.00278442
-20.0723 39.9887 5.70671 0.206522 -0.978433 -0.00426813
-18.8573 40.2491 5.69842 0.215826 -0.976422 -0.00103039
-17.6762 40.5201 5.70984 0.225974 -0.974132 -0.00149348
-16.4016 40.8178 5.75719 0.228988 -0.973429 -0.000104674
-15.1665 41.1099 5.75059 0.230537 -0.973064 3.33939e-05
-14.1302 41.3555 5.73356 0.231332 -0.972875 -9.43715e-05
-13.0985 41.6026 5.69419 0.234393 -0.972141 -0.00155448
-11.9468 41.8823 5.77989 0.237596 -0.971363 -0.00144943
-10.7955 42.1647 5.73294 0.239656 -0.970854 -0.00240393
-9.70048 42.4385 5.69855 0.244509 -0.96964 -0.00316026
-8.67325 42.6992 5.73419 0.247676 -0.968839 -0.00258555
-7.46563 43.0104 5.7275 0.251315 -0.967902 -0.00266883
-6.31218 43.3121 5.75437 0.256168 -0.966628 -0.00277298
-5.08377 43.6414 5.61086 0.259631 -0.965702 -0.00331851
-4.79338 43.7221 4.58029 0.25902 -0.965869 -0.00227475
-4.83235 43.7144 3.21725 0.260639 -0.965435 -0.00169677
-4.82557 43.7185 2.08487 0.260095 -0.96558 -0.00199833
-4.81338 43.7242 0.826973 0.260088 -0.965585 -0.000818463
-4.82762 43.7213 -0.25937 0.259181 -0.965828 -0.000569583
-4.82004 43.7238 -1.40397 0.259986 -0.965612 -0.000366165
-4.80183 43.729 -2.4737 0.25991 -0.965633 -0.000321469
-4.81169 43.7266 -3.58893 0.259434 -0.965761 -0.00013485
-4.84666 43.7162 -5.02681 0.259578 -0.965721 0.00113551
-5.44007 43.5558 -5.68331 0.258331 -0.966053 0.00256982
-6.49354 43.275 -5.77639 0.253996 -0.967201 0.00221769
-7.66078 42.9721 -5.85025 0.247961 -0.968768 0.00148931
-8.74129 42.6967 -5.80635 0.24593 -0.969288 0.000270031
-9.80879 42.4265 -5.76559 0.244339 -0.969688 0.00173102
-10.9185 42.149 -5.70592 0.240427 -0.970664 0.00242901
-12.0304 41.8768 -5.70039 0.236368 -0.971663 0.000628731
-13.0859 41.6215 -5.71379 0.234359 -0.97215 -0.000724256
-14.2205 41.3479 -5.76629 0.235152 -0.971956 -0.00225828
-15.381 41.067 -5.77572 0.236214 -0.9717 -0.00111156
-15.8034 40.964 -5.81484 0.236328 -0.971672 -0.000913182
-15.9155 40.9368 -6.80729 0.23902 -0.971015 0.000184902
-17.1682 40.6304 -6.74347 0.235693 -0.971821 0.00354996
-18.2647 40.3668 -6.8157 0.232965 -0.972479 0.00343471
-19.3427 40.1128 -6.80323 0.221661 -0.975102 0.0062212
-20.5449 39.8548 -6.82442 0.195798 -0.980486 0.0163794
-21.6103 39.6498 -6.84152 0.18365 -0.982902 0.0125197
-22.77 39.4477 -6.84634 0.164171 -0.986201 0.0213257
-23.943 39.2668 -6.81415 0.135937 -0.990477 0.0216709
-25.0076 39.1292 -6.81404 0.114533 -0.993129 0.0212462
-26.1876 39.0151 -6.80168 0.0869042 -0.996099 0.0152187
-27.3419 38.931 -6.78056 0.0618004 -0.998035 0.0100834
-28.5254 38.8628 -6.82702 0.0497538 -0.998639 0.0147483
-29.7625 38.8063 -6.82959 0.0447596 -0.99896 0.00857879
-31.0566 38.7575 -6.80865 0.0349014 -0.999364 0.00727178
-32.2149 38.7234 -6.81811 0.0252282 -0.999655 0.00726573
-33.6165 38.6902 -6.81201 0.0201183 -0.999766 0.00740593
-34.7413 38.6703 -6.78992 0.0165013 -0.999852 0.00483412
-35.9934 38.6551 -6.80319 0.0099801 -0.99994 0.0044826
-37.0451 38.6458 -6.77323 0.00746487 -0.999966 0.00360442
-38.2637 38.6397 -6.76408 0.00319644 -0.999984 0.004681
-39.0252 38.6414 -6.16994 -0.000593472 -0.999992 0.0039981
-39.0152 38.6426 -4.82322 -4.71484e-05 -1 0.000634361
-38.987 38.6409 -3.57487 0.00196768 -0.999997 -0.00142708
-39.0285 38.6381 -2.25148 0.00141811 -0.999993 -0.00341257
-39.0223 38.6317 -0.860365 0.00483155 -0.999972 -0.00569894
-39.0178 38.6242 0.511169 0.00700119 -0.99997 -0.00326518
-39.0129 38.6218 1.63821 0.0054321 -0.999983 -0.00217599
-38.9982 38.6183 2.78509 0.00620773 -0.999971 -0.00422848
-39.0151 38.6133 3.84113 0.0075447 -0.999962 -0.00445294
-39.0237 38.6068 5.1488 0.00818729 -0.999954 -0.00505037
-38.9895 38.6016 6.22758 0.0084346 -0.999949 -0.00556727
-38.0617 38.6064 6.75528 0.00873711 -0.999946 -0.00561383
-36.849 38.6194 6.73962 0.0145625 -0.999861 -0.00813883
-35.7205 38.6385 6.78035 0.0184144 -0.999817 -0.00519178
-34.5536 38.6618 6.75644 0.0242417 -0.999691 -0.00485938
-33.4905 38.6903 6.76753 0.0279951 -0.999593 -0.00541963
-32.3824 38.7234 6.75255 0.0295318 -0.999552 -0.00474844
-31.2547 38.7621 6.77759 0.0373052 -0.99929 -0.00502632
-29.9341 38.8186 6.79842 0.0479559 -0.998837 -0.00497715
-28.6294 38.8835 6.80292 0.0544967 -0.998477 -0.00853807
-27.5743 38.9521 6.74731 0.0755777 -0.997084 -0.0103909
-26.4133 39.0425 6.78724 0.0873191 -0.995953 -0.0206448
-25.3181 39.1459 6.74348 0.103174 -0.994388 -0.022617
-24.1048 39.2897 6.75292 0.137966 -0.990134 -0.0244784
-23.03 39.4384 6.78337 0.148805 -0.988677 -0.0188859
-21.8824 39.6306 6.78632 0.175459 -0.984361 -0.0157041
-20.6309 39.8667 6.7848 0.198919 -0.979875 -0.013916
-19.3849 40.1289 6.74911 0.209556 -0.97776 -0.0083768
-18.1397 40.4108 6.75456 0.225422 -0.974258 -0.00251177
-17.0539 40.6644 6.81371 0.228743 -0.973487 -0.000749287
-16.0175 40.9087 6.79977 0.230001 -0.97319 0.000416279
-14.9503 41.161 6.79147 0.23025 -0.973131 -0.000334734
-13.7228 41.4519 6.76129 0.230859 -0.972987 -0.0010355
-12.6301 41.7146 6.79121 0.235326 -0.971916 -0.0010417
-11.3177 42.0345 6.80049 0.238312 -0.971183 -0.00318765
-9.97319 42.3664 6.75144 0.242592 -0.970118 -0.00449553
-8.94931 42.6257 6.80072 0.246487 -0.96914 -0.00335475
-7.75239 42.9321 6.77668 0.249943 -0.96825 -0.00450962
-6.68747 43.2094 6.82624 0.253116 -0.967429 -0.00367321
-5.52995 43.5176 6.78761 0.259955 -0.965616 -0.00300227
-4.44733 43.8096 6.68933 0.260821 -0.965384 -0.00250785
-3.76046 43.9969 6.02898 0.260654 -0.965428 -0.00283898
-3.76419 43.9997 4.8519 0.261607 -0.96517 -0.00278875
-3.80327 43.9918 3.57388 0.261374 -0.965236 -0.00162419
-3.80803 43.9942 2.09147 0.261931 -0.965084 -0.00222903
-3.8097 43.9951 1.02835 0.261749 -0.965136 -0.000746316
-3.81941 43.993 -0.0962569 0.260864 -0.965375 -0.000438231
-3.81744 43.9941 -1.26785 0.261051 -0.965325 0.000252742
-3.78479 44.0028 -2.36848 0.260695 -0.965421 -0.000222829
-3.77937 44.0052 -3.58314 0.261575 -0.965183 -0.000532505
-3.78829 44.0026 -4.65275 0.263531 -0.964649 0.00184657
-3.75384 44.0094 -5.89216 0.260795 -0.965392 0.0019955
-4.1625 43.8969 -6.75756 0.261501 -0.965201 0.00221598
-5.20462 43.6153 -6.79275 0.259816 -0.96564 0.00585311
-6.28236 43.3255 -6.80643 0.254517 -0.967038 0.00762693
-7.43309 43.0269 -6.85779 0.243815 -0.969809 0.00490143
-8.58818 42.7356 -6.83229 0.247431 -0.968905 -0.000230536
-9.7765 42.4334 -6.79304 0.24639 -0.96917 0.0014423
-10.8106 42.1722 -6.7812 0.242124 -0.970222 0.00678005
-11.9589 41.8929 -6.78964 0.232172 -0.97267 0.00270363
-13.059 41.6292 -6.75958 0.233309 -0.972402 -0.00098106
-14.3301 41.3245 -6.79389 0.233796 -0.972274 -0.00436701
-15.4961 41.0401 -6.8066 0.239063 -0.971004 -0.000518832
-15.6833 40.9939 -6.80747 0.239097 -0.970996 -0.000127781
