34.6597 45.6968 -3.48555 -0.263271 -0.964722 -0.00035245
34.6718 45.6935 -2.51351 -0.262417 -0.964954 0.00037256
34.6275 45.7056 -1.30191 -0.261079 -0.965317 -0.000299033
34.6053 45.7117 -0.184432 -0.261575 -0.965183 1.80974e-05
34.5709 45.7209 0.799344 -0.26203 -0.96506 0.00023815
34.5535 45.726 1.88661 -0.262048 -0.965055 0.000485234
34.5878 45.7169 2.97764 -0.262166 -0.965023 -0.000353121
34.6003 45.7134 3.2005 -0.262311 -0.964983 -0.000811457
33.7378 45.9467 3.40811 -0.26061 -0.965444 -0.000792286
33.6912 45.9595 2.45423 -0.260274 -0.965535 6.646e-05
33.7064 45.9555 1.1562 -0.261357 -0.965242 0.000190026
33.7194 45.9516 0.240341 -0.260791 -0.965395 0.000320742
33.7553 45.9416 -0.719191 -0.26038 -0.965506 0.000204297
33.7854 45.9333 -1.90159 -0.260488 -0.965477 0.000115307
33.8004 45.9293 -2.81978 -0.261144 -0.965299 -0.000396862
33.797 45.9307 -3.42347 -0.260306 -0.965526 -8.89518e-05
32.911 46.169 -3.5218 -0.259349 -0.965784 3.66658e-05
32.9204 46.1664 -2.59558 -0.259658 -0.965701 7.3968e-05
32.9228 46.1658 -1.65754 -0.259879 -0.965641 -0.000125613
32.8963 46.173 -0.567346 -0.259445 -0.965758 0.000276036
32.8642 46.182 0.51746 -0.259603 -0.965715 2.6232e-05
32.8323 46.1906 1.46226 -0.25848 -0.966017 9.72341e-05
32.8331 46.1905 2.37677 -0.258967 -0.965886 -0.000122654
32.8874 46.1754 3.47139 -0.259285 -0.965801 -0.000465706
32.0108 46.4105 3.41262 -0.257354 -0.966317 -0.000351273
31.9805 46.4183 2.33472 -0.257844 -0.966187 4.25171e-05
31.9855 46.4169 1.39387 -0.257765 -0.966208 -3.59797e-05
32.0211 46.4077 0.449507 -0.257726 -0.966218 -0.000378047
32.0376 46.4033 -0.548695 -0.25871 -0.965955 0.00088675
32.0513 46.3996 -1.56629 -0.258667 -0.965967 -0.000368521
32.0573 46.398 -2.55939 -0.258491 -0.966013 0.000598333
32.0348 46.4037 -3.48117 -0.258664 -0.965967 0.000138347
31.1733 46.6338 -3.49027 -0.257138 -0.966375 -0.000196156
31.1867 46.6303 -2.44092 -0.256835 -0.966455 -0.000239128
31.2005 46.6263 -1.38529 -0.256659 -0.966502 -0.000298171
31.1694 46.6345 -0.280916 -0.256685 -0.966495 -4.41945e-05
31.1547 46.6384 0.760208 -0.256462 -0.966554 -0.00020895
31.0993 46.6529 1.775 -0.256255 -0.966609 -1.31001e-06
31.1531 46.6386 3.08831 -0.256975 -0.966418 0.000119859
31.1648 46.6354 3.50714 -0.256388 -0.966574 -0.000136707
30.3208 46.8591 3.57905 -0.255797 -0.96673 0.000242369
30.2707 46.8724 2.434 -0.255741 -0.966745 -0.00015643
30.2536 46.877 1.45801 -0.255199 -0.966888 -9.19391e-05
30.3189 46.86 0.384049 -0.255132 -0.966906 -0.000233944
30.3376 46.8551 -0.537447 -0.255976 -0.966683 4.32303e-05
30.3543 46.8509 -1.58325 -0.255944 -0.966692 -0.000165729
30.3213 46.8598 -2.52957 -0.255686 -0.96676 -0.000615708
30.3062 46.8639 -3.30649 -0.256152 -0.966637 -1.67242e-06
29.4179 47.0985 -3.30892 -0.25515 -0.966901 -0.000329135
29.4756 47.0833 -2.3204 -0.255189 -0.966891 -2.80434e-05
29.5051 47.0753 -1.17977 -0.254975 -0.966947 -0.00123633
29.4759 47.0825 -0.12051 -0.254639 -0.967036 -0.000428188
29.4363 47.0927 0.839731 -0.254904 -0.966966 -0.000236697
29.386 47.1059 2.01212 -0.254997 -0.966942 0.000141734
29.4325 47.0937 3.04041 -0.254773 -0.967001 0.000347217
29.435 47.0931 3.41496 -0.254563 -0.967056 0.000207636
28.569 47.321 3.51376 -0.253931 -0.967222 -0.00011836
28.5681 47.3212 2.46843 -0.254558 -0.967058 -2.68976e-05
28.5178 47.3346 1.4306 -0.2545 -0.967073 -0.000208215
28.5855 47.3167 0.487791 -0.254234 -0.967143 0.000173522
28.6505 47.2998 -0.720575 -0.254118 -0.967173 -0.000351625
28.6445 47.3018 -1.74024 -0.254045 -0.967192 -0.00033416
28.6051 47.3126 -2.65469 -0.254395 -0.9671 -0.000332346
28.5194 47.335 -3.53677 -0.254372 -0.967106 4.66611e-06
27.655 47.5619 -3.42136 -0.253249 -0.967401 -2.18916e-05
27.7441 47.5385 -2.49654 -0.253359 -0.967372 -0.000434021
27.7925 47.5253 -1.47015 -0.25378 -0.967262 -0.000403133
27.7717 47.5304 -0.394211 -0.253735 -0.967274 -5.68769e-05
27.6917 47.5514 0.861452 -0.25353 -0.967327 -0.000111652
27.6652 47.5582 1.78368 -0.25318 -0.967419 1.23717e-05
27.7143 47.5452 2.77435 -0.253714 -0.967279 -0.000214463
27.7187 47.5439 3.24368 -0.253571 -0.967317 -0.000157536
26.816 47.7804 3.5124 -0.253106 -0.967439 -0.000179659
26.8664 47.7673 2.54768 -0.253432 -0.967353 -3.41649e-05
26.7958 47.7858 1.43661 -0.253305 -0.967386 -0.000145447
26.9002 47.7585 0.448222 -0.253069 -0.967448 4.2997e-06
26.9272 47.7516 -0.608325 -0.253055 -0.967452 -7.32006e-05
26.9268 47.7521 -1.62421 -0.252822 -0.967513 -0.000456554
26.8901 47.7619 -2.66018 -0.252838 -0.967509 -0.000238572
26.7489 47.7991 -3.57804 -0.253104 -0.967439 -0.000184555
25.8439 48.0354 -3.60852 -0.252464 -0.967606 -0.000475122
26.0257 47.9877 -2.66764 -0.252597 -0.967572 -0.000187258
26.0483 47.9815 -1.60501 -0.252641 -0.96756 -0.000258953
26.079 47.9733 -0.561855 -0.252606 -0.967569 -0.000205949
26.0868 47.9712 0.431382 -0.25293 -0.967484 1.40301e-05
25.9279 48.0126 1.43193 -0.252394 -0.967625 -0.000161546
26.0569 47.9787 2.53012 -0.252556 -0.967582 7.86283e-05
25.9463 48.0076 3.33307 -0.252458 -0.967608 -0.000212462
25.0309 48.2464 3.28721 -0.25206 -0.967712 -0.000101442
25.2154 48.1983 2.27063 -0.252338 -0.967639 -0.000222659
25.0846 48.2325 1.23595 -0.252385 -0.967627 -1.91964e-05
25.2581 48.1874 0.310521 -0.252465 -0.967606 -8.57311e-06
25.0289 48.2472 -0.66845 -0.252433 -0.967614 -3.00607e-05
25.132 48.2206 -1.78654 -0.25214 -0.967691 -7.65041e-05
25.1155 48.2252 -2.7968 -0.252115 -0.967697 -0.000325104
25.0115 48.2524 -3.24601 -0.252063 -0.967711 -0.000353299
24.1836 48.4681 -3.43918 -0.252039 -0.967717 -0.000384684
24.1793 48.4689 -2.32411 -0.251984 -0.967731 -0.000174533
24.1836 48.4676 -1.36953 -0.252045 -0.967716 -4.14933e-05
24.1836 48.4675 -0.205996 -0.251921 -0.967748 -0.000255212
24.1836 48.4673 0.735744 -0.251892 -0.967755 -0.000161548
24.1836 48.4673 1.88065 -0.252021 -0.967722 -5.83879e-05
24.2073 48.461 3.15816 -0.251926 -0.967747 -3.90327e-05
24.1885 48.4659 3.26918 -0.251905 -0.967752 -3.09965e-05
23.2572 48.7084 3.49591 -0.251887 -0.967757 -0.000127839
23.2237 48.7171 2.4149 -0.252015 -0.967723 8.9343e-06
23.0516 48.762 1.5278 -0.251886 -0.967757 -0.000139363
23.165 48.7326 0.455676 -0.251923 -0.967747 -7.04116e-05
23.1313 48.7415 -0.675588 -0.251789 -0.967782 -0.000260261
23.257 48.709 -1.80437 -0.25198 -0.967733 -0.000176971
23.2569 48.7092 -2.74004 -0.251772 -0.967787 -0.000277391
23.1864 48.7277 -3.51741 -0.251677 -0.967811 -0.00035292
22.347 48.9461 -3.47889 -0.251721 -0.9678 -0.00022201
22.3993 48.9323 -2.56885 -0.251764 -0.967789 -0.000182957
22.3092 48.9556 -1.64267 -0.251729 -0.967798 -0.000187489
22.1525 48.9962 -0.483204 -0.251779 -0.967785 -9.23903e-05
22.1411 48.999 0.664401 -0.2519 -0.967753 -0.000173021
22.1211 49.0042 1.6385 -0.251865 -0.967762 -5.31411e-05
22.2963 48.9585 2.54755 -0.251893 -0.967755 -9.60179e-05
22.3761 48.9377 3.4492 -0.251976 -0.967734 -2.53797e-05
21.4845 49.1698 3.471 -0.251851 -0.967766 -5.50656e-05
21.2836 49.2221 2.25296 -0.251951 -0.96774 -5.3951e-05
21.2202 49.2388 1.113 -0.251839 -0.967769 -0.000137901
21.2366 49.2345 -0.190856 -0.25172 -0.9678 -0.000125025
21.3582 49.203 -1.2327 -0.251837 -0.96777 -0.000140994
21.4769 49.1722 -2.21424 -0.252057 -0.967712 -0.000184859
21.4976 49.167 -3.30312 -0.251648 -0.967819 -0.000200897
21.51 49.1638 -3.65646 -0.251652 -0.967818 -7.94284e-05
20.6473 49.3883 -3.70916 -0.251922 -0.967748 -6.2705e-05
20.5965 49.4014 -2.70229 -0.251857 -0.967765 -5.01982e-05
20.5471 49.4141 -1.70736 -0.251851 -0.967766 -0.000202216
20.3985 49.4527 -0.784224 -0.251985 -0.967731 2.51126e-05
20.3108 49.4754 0.402415 -0.251795 -0.96778 -4.21742e-05
20.3247 49.4718 1.36861 -0.251841 -0.967769 -0.000108746
20.4412 49.4414 2.41455 -0.251932 -0.967745 2.57979e-05
20.5574 49.4111 3.22173 -0.251994 -0.967729 0.000198897
19.7029 49.6336 3.46783 -0.251939 -0.967743 -6.23253e-05
19.5676 49.6689 2.47846 -0.25201 -0.967724 -0.000240669
19.4497 49.6996 1.49141 -0.252084 -0.967705 -0.00012077
19.4302 49.7047 0.492591 -0.252077 -0.967707 -2.09463e-05
19.4753 49.693 -0.524304 -0.252056 -0.967713 3.1686e-05
19.5947 49.662 -1.4793 -0.252 -0.967727 -3.2006e-05
19.7238 49.6285 -2.48391 -0.251948 -0.967741 -6.52564e-05
19.7439 49.6234 -3.40584 -0.251919 -0.967748 -0.000116634
19.763 49.6184 -3.62326 -0.251935 -0.967744 8.74789e-05
18.9088 49.8407 -3.62198 -0.251908 -0.967751 -5.22162e-05
18.8322 49.8606 -2.69221 -0.251807 -0.967777 -4.8044e-05
18.7337 49.8862 -1.66643 -0.251996 -0.967728 0.000119439
18.629 49.9134 -0.755267 -0.252063 -0.967711 -9.57204e-05
18.56 49.9313 0.423624 -0.25205 -0.967714 -5.8702e-05
18.5821 49.9256 1.49833 -0.251982 -0.967732 -0.000100266
18.7177 49.8902 2.57818 -0.252104 -0.9677 -0.000118091
18.8353 49.8595 3.50642 -0.252062 -0.967711 0.000203526
17.9429 50.092 3.43997 -0.252123 -0.967695 2.29202e-05
17.8249 50.1228 2.44217 -0.252131 -0.967693 -0.000240794
17.6989 50.1556 1.33564 -0.252053 -0.967713 -0.000106738
17.7087 50.1531 0.18017 -0.252045 -0.967716 -0.000147415
17.7606 50.1397 -0.811658 -0.25215 -0.967688 3.80573e-05
17.9025 50.1026 -2.09022 -0.252108 -0.967699 6.91731e-05
17.9815 50.0821 -3.07734 -0.251948 -0.967741 -5.70295e-05
18.0287 50.0699 -3.57723 -0.251886 -0.967757 -6.66494e-05
17.1614 50.2958 -3.58692 -0.252207 -0.967673 -0.000147167
17.0939 50.3134 -2.6554 -0.25212 -0.967696 -0.000129416
16.9393 50.3536 -1.37147 -0.252259 -0.96766 -0.000233196
16.8665 50.3725 -0.435335 -0.252297 -0.96765 -8.85617e-05
16.8408 50.3792 0.565322 -0.252247 -0.967663 0.000200984
16.8636 50.3732 1.61559 -0.252142 -0.96769 7.71019e-05
16.9737 50.3445 2.66811 -0.252148 -0.967689 -1.53616e-05
17.1072 50.3098 3.59156 -0.252194 -0.967677 -5.43456e-05
16.23 50.5384 3.63493 -0.252128 -0.967694 -3.2969e-05
16.1004 50.5722 2.71873 -0.252351 -0.967636 -6.62769e-05
15.9956 50.5995 1.64927 -0.25229 -0.967652 -5.08656e-05
15.9923 50.6004 0.614476 -0.252253 -0.967661 -0.000252275
16.0328 50.5898 -0.400642 -0.252262 -0.967659 5.28599e-05
16.0996 50.5725 -1.67757 -0.252145 -0.967689 4.94872e-05
16.2411 50.5356 -2.90258 -0.252326 -0.967642 -9.46529e-05
16.2844 50.5243 -3.49288 -0.252178 -0.967681 -7.5625e-05
15.4242 50.7486 -3.48996 -0.252285 -0.967653 -0.000127347
15.3409 50.7703 -2.5123 -0.252332 -0.967641 -5.52719e-05
15.2111 50.8041 -1.47728 -0.252281 -0.967654 -4.29144e-05
15.1605 50.8173 -0.207333 -0.252335 -0.96764 -0.00011465
15.1201 50.8278 0.838087 -0.252235 -0.967666 1.74567e-05
15.1061 50.8314 1.7775 -0.252312 -0.967646 -6.7341e-05
15.2388 50.7968 2.88095 -0.252241 -0.967664 -6.34895e-05
15.2981 50.7813 3.26665 -0.252285 -0.967653 9.93719e-05
14.4512 51.0022 3.43553 -0.252386 -0.967627 -6.85185e-06
14.3022 51.041 2.47646 -0.252364 -0.967632 8.66672e-05
14.2774 51.0475 2.24977 -0.252446 -0.967611 -7.27139e-05
35.8057 45.3847 -1.03013 -0.26339 -0.964689 -4.29766e-05
35.8101 45.3834 -2.08683 -0.263694 -0.964606 0.000207024
35.8319 45.3769 -3.2627 -0.263597 -0.964633 0.000545507
35.7351 45.4035 -4.46455 -0.263381 -0.964692 2.02888e-05
34.6313 45.7044 -4.70215 -0.262267 -0.964995 0.000751434
33.3787 46.0432 -4.7234 -0.259939 -0.965625 0.000181915
32.24 46.3488 -4.7507 -0.258565 -0.965993 -0.000811371
31.2105 46.6241 -4.74139 -0.257793 -0.9662 -0.000574863
30.0271 46.9381 -4.70722 -0.255757 -0.966741 -0.000506616
28.8009 47.2614 -4.71755 -0.254345 -0.967113 -0.000392957
27.5689 47.5851 -4.69121 -0.25329 -0.96739 -0.00084355
26.4544 47.8765 -4.71099 -0.252646 -0.967559 -0.000343934
25.3701 48.1594 -4.6805 -0.252197 -0.967676 -0.000508792
24.0452 48.5045 -4.74895 -0.251839 -0.967769 -0.00039933
22.7319 48.8463 -4.73912 -0.251762 -0.967789 -0.000216349
21.5325 49.1582 -4.80484 -0.25157 -0.967839 -0.000157498
20.4969 49.4275 -4.76025 -0.251751 -0.967792 -0.000183946
19.288 49.7422 -4.76307 -0.251756 -0.967791 -6.45029e-05
17.9797 50.0827 -4.75369 -0.252117 -0.967697 3.80258e-05
16.5773 50.448 -4.70855 -0.25209 -0.967704 -1.1292e-06
15.3398 50.7706 -4.68874 -0.252325 -0.967642 -0.000155196
14.106 51.0923 -4.69819 -0.252416 -0.967619 0.000121556
13.2813 51.3074 -4.05687 -0.252408 -0.967621 4.16599e-05
13.2697 51.3105 -2.84043 -0.252381 -0.967628 6.39099e-05
13.227 51.3215 -1.72469 -0.252451 -0.96761 -0.000121558
13.2205 51.3232 -0.537495 -0.252512 -0.967594 7.70602e-05
13.2333 51.3199 0.613825 -0.252437 -0.967613 -5.43362e-05
13.2218 51.3229 1.96599 -0.252263 -0.967659 -9.61823e-06
13.2378 51.3187 3.11044 -0.252316 -0.967645 6.2492e-06
13.3391 51.2923 4.25613 -0.25241 -0.96762 -3.95922e-05
14.4429 51.0044 4.68172 -0.252426 -0.967616 7.09885e-07
15.5539 50.7146 4.6718 -0.252292 -0.967651 2.50011e-06
16.8544 50.3756 4.70596 -0.252218 -0.96767 -3.19462e-06
18.0798 50.0563 4.66901 -0.25206 -0.967711 -5.74297e-05
19.1142 49.7869 4.64455 -0.252038 -0.967717 6.97553e-05
20.3043 49.477 4.67229 -0.251858 -0.967764 6.19991e-05
21.4563 49.1772 4.67174 -0.251901 -0.967753 6.7487e-05
22.6909 48.8558 4.65785 -0.252052 -0.967714 -4.07934e-05
23.8351 48.5579 4.64622 -0.252016 -0.967723 0.000121552
24.9924 48.2563 4.69553 -0.252271 -0.967657 3.69361e-05
26.1073 47.9655 4.70794 -0.252797 -0.967519 5.86017e-05
27.1818 47.6846 4.68187 -0.253279 -0.967393 7.51399e-05
28.3458 47.3795 4.62825 -0.253707 -0.967281 7.64702e-05
29.3972 47.1031 4.61655 -0.254514 -0.967069 -5.2971e-05
30.7503 46.7455 4.67521 -0.256273 -0.966604 0.000427831
31.9327 46.4309 4.66177 -0.258112 -0.966115 8.18096e-05
33.0093 46.1422 4.61424 -0.25953 -0.965735 -0.000137271
34.1084 45.8458 4.66662 -0.261194 -0.965286 7.30833e-06
35.3369 45.5123 4.70431 -0.262499 -0.964932 -0.000348546
35.8233 45.3797 3.77495 -0.263798 -0.964578 -0.000255619
35.7825 45.3915 2.66828 -0.263355 -0.964699 -0.000627519
35.7889 45.3899 1.60358 -0.262638 -0.964894 0.000377661
35.8691 45.3676 0.273411 -0.263268 -0.964723 0.000316194
35.8254 45.3793 -0.809092 -0.26361 -0.964629 -0.000113753
36.8488 45.0993 -0.873046 -0.263879 -0.964556 0.000308184
36.8452 45.1 -2.0982 -0.264572 -0.964366 0.00050608
36.8507 45.0979 -3.22116 -0.264578 -0.964364 0.00053757
36.8245 45.1048 -4.40345 -0.264905 -0.964275 0.000153484
36.7555 45.1237 -5.47918 -0.265286 -0.96417 0.000259849
35.8137 45.3826 -5.78437 -0.264006 -0.964521 -0.000730344
34.4984 45.7408 -5.75847 -0.262131 -0.965032 -0.000258458
33.442 46.0265 -5.77137 -0.26044 -0.96549 -0.00048679
32.2942 46.3352 -5.78657 -0.258716 -0.965953 -0.000596316
30.9859 46.6846 -5.75357 -0.257365 -0.966314 -0.000830347
29.9551 46.9579 -5.77232 -0.255382 -0.96684 -0.000806486
28.8853 47.2399 -5.76555 -0.254539 -0.967062 -0.000916665
27.7652 47.5343 -5.74404 -0.253299 -0.967388 -0.000144996
26.5913 47.8412 -5.76198 -0.252678 -0.96755 -0.000535707
25.4819 48.1308 -5.7553 -0.252159 -0.967685 -0.000610616
24.3965 48.4135 -5.76547 -0.25204 -0.967717 -0.00054724
23.1148 48.7469 -5.80297 -0.251606 -0.96783 -0.000490758
21.9685 49.045 -5.82454 -0.251629 -0.967824 -0.000194792
20.8245 49.3425 -5.79069 -0.25166 -0.967816 -0.000184337
19.7636 49.6185 -5.79821 -0.251819 -0.967774 -4.36907e-05
18.6189 49.9163 -5.81834 -0.251835 -0.96777 -6.29425e-05
17.4198 50.2286 -5.78672 -0.252042 -0.967716 0.000255699
16.2876 50.5236 -5.75866 -0.252118 -0.967696 -6.21072e-05
15.2242 50.8007 -5.74212 -0.252361 -0.967633 -9.91903e-05
14.1813 51.0727 -5.77055 -0.252244 -0.967664 1.302e-05
12.8702 51.4146 -5.75025 -0.252202 -0.967675 2.32796e-05
12.2146 51.5856 -5.09161 -0.252281 -0.967654 -7.46783e-05
12.2484 51.5768 -3.9255 -0.252512 -0.967594 5.96848e-05
12.2265 51.5825 -2.65627 -0.252351 -0.967636 -1.84888e-05
12.2036 51.5884 -1.24388 -0.25255 -0.967584 -5.39139e-05
12.2173 51.5849 0.184281 -0.252475 -0.967603 -5.39102e-05
12.2072 51.5875 1.28902 -0.252435 -0.967614 3.57252e-05
12.1968 51.5902 2.50699 -0.252393 -0.967625 -9.48947e-05
12.2335 51.5807 3.61539 -0.252604 -0.96757 -0.000132672
12.2516 51.576 4.70165 -0.252537 -0.967587 9.08491e-05
12.5286 51.5037 5.68983 -0.252569 -0.967579 -1.84181e-05
13.6245 51.2178 5.71873 -0.25233 -0.967641 -0.000133003
14.7349 50.9282 5.75423 -0.252468 -0.967605 0.000140889
15.8086 50.6483 5.75181 -0.252346 -0.967637 -1.13574e-06
16.843 50.3786 5.7904 -0.252079 -0.967707 -6.45028e-05
17.8779 50.1089 5.72447 -0.252132 -0.967693 -7.76434e-05
19.0247 49.8102 5.69407 -0.25208 -0.967706 -6.30321e-05
20.3141 49.4745 5.74066 -0.251902 -0.967753 0.000140726
21.427 49.1848 5.71792 -0.251868 -0.967762 7.70254e-05
22.562 48.8894 5.71993 -0.251857 -0.967765 6.34012e-05
23.7792 48.5726 5.72993 -0.251974 -0.967734 0.000137631
24.8804 48.2857 5.74667 -0.252183 -0.967679 0.000345063
26.052 47.9801 5.76304 -0.252659 -0.967555 0.000275178
27.3208 47.6485 5.74159 -0.253091 -0.967442 0.000348337
28.4949 47.3405 5.68196 -0.253889 -0.967233 0.000311117
29.9038 46.9698 5.69735 -0.254866 -0.966976 0.000615286
31.0125 46.6764 5.74889 -0.256858 -0.966449 0.000718315
32.1867 46.3633 5.70836 -0.25853 -0.966003 0.000339738
33.3145 46.0603 5.68507 -0.260083 -0.965585 0.00120689
34.5506 45.7262 5.769 -0.261442 -0.965219 0.000554329
35.6201 45.4353 5.78665 -0.263006 -0.964794 0.000901908
36.7453 45.1268 5.4581 -0.265055 -0.964233 5.38728e-05
36.8653 45.0937 4.36043 -0.265053 -0.964234 7.70244e-05
36.8232 45.106 3.11603 -0.264393 -0.964415 -0.000804613
36.805 45.112 1.81871 -0.264598 -0.964359 -0.000309897
36.8777 45.0921 0.764566 -0.264268 -0.964449 0.000183175
36.8472 45.0998 -0.521807 -0.264303 -0.96444 0.000217246
36.8481 45.0995 -0.708408 -0.264091 -0.964498 0.000217767
37.856 44.8232 -0.778137 -0.265329 -0.964158 -0.000534759
37.8996 44.8115 0.449961 -0.265403 -0.964137 0.000589579
37.8347 44.8295 1.5517 -0.264659 -0.964342 -0.000120599
37.854 44.8232 2.68246 -0.264835 -0.964293 -0.00139551
37.8661 44.8184 3.86783 -0.265918 -0.963995 -0.000678252
37.8774 44.8149 5.08408 -0.266405 -0.963861 0.000126582
37.825 44.8298 6.18661 -0.265912 -0.963997 0.000512151
36.9954 45.0586 6.83215 -0.265288 -0.964169 0.000893039
35.813 45.3836 6.86225 -0.264692 -0.964332 0.00130847
34.6729 45.6942 6.83271 -0.262264 -0.964994 0.0019508
33.3901 46.0414 6.80692 -0.261116 -0.965306 0.00154749
32.3109 46.3314 6.7813 -0.257568 -0.966259 0.00112247
31.1655 46.6365 6.85585 -0.256918 -0.966433 0.00086436
30.0862 46.9225 6.78198 -0.254902 -0.966966 0.00107727
28.9397 47.2242 6.79314 -0.254422 -0.967093 0.000671067
27.7798 47.5288 6.78213 -0.253601 -0.967309 0.000514624
26.6327 47.829 6.78452 -0.25286 -0.967503 0.000735252
25.4263 48.1437 6.79655 -0.252236 -0.967666 0.000391843
24.3961 48.4122 6.76658 -0.25173 -0.967797 0.000426172
23.3287 48.69 6.80499 -0.251828 -0.967772 -5.02923e-05
22.2585 48.9685 6.79879 -0.251675 -0.967812 0.000162056
21.1692 49.2519 6.81861 -0.251869 -0.967761 0.000120566
20.1091 49.5278 6.80563 -0.251774 -0.967786 -8.50518e-05
19.0426 49.8055 6.76258 -0.251953 -0.96774 -0.000164591
17.9876 50.0803 6.77374 -0.251974 -0.967734 -8.32325e-05
16.7899 50.3924 6.81171 -0.252166 -0.967684 -1.61915e-06
15.5253 50.7221 6.80425 -0.252342 -0.967638 6.17284e-05
14.4577 51.0005 6.81895 -0.252291 -0.967651 -0.00013494
13.2007 51.3283 6.79053 -0.252342 -0.967638 -5.68157e-05
12.1264 51.6087 6.78378 -0.252487 -0.9676 0.000166098
11.2327 51.8419 6.45586 -0.252354 -0.967635 0.000101386
11.1872 51.8537 5.33101 -0.252455 -0.967609 3.26418e-06
11.2095 51.8478 3.99868 -0.252568 -0.967579 -1.01959e-05
11.1708 51.858 2.81872 -0.252441 -0.967612 5.62758e-05
11.2016 51.85 1.70349 -0.25242 -0.967618 1.93618e-05
11.1742 51.857 0.576662 -0.252412 -0.96762 0.000114064
11.1765 51.8564 -0.509265 -0.252681 -0.96755 1.20597e-05
11.1699 51.8582 -1.71056 -0.252555 -0.967583 3.20641e-05
11.1967 51.8511 -2.99036 -0.252433 -0.967614 -3.87564e-06
11.2068 51.8485 -4.23025 -0.252477 -0.967603 -9.33769e-05
11.1581 51.8613 -5.31331 -0.252539 -0.967587 5.03855e-05
11.2352 51.8411 -6.53047 -0.252507 -0.967595 -7.08961e-05
12.5488 51.4984 -6.85969 -0.252481 -0.967602 3.85472e-05
13.7177 51.1935 -6.86537 -0.252482 -0.967602 1.31187e-05
14.8804 50.8903 -6.79996 -0.252263 -0.967659 5.10707e-05
15.9194 50.6195 -6.79109 -0.252154 -0.967687 5.55505e-05
17.2479 50.2733 -6.82035 -0.252211 -0.967672 0.000116677
18.3905 49.9758 -6.8601 -0.251741 -0.967795 0.00023721
19.4506 49.6999 -6.82077 -0.251849 -0.967767 2.00372e-05
20.4961 49.428 -6.81971 -0.251605 -0.96783 -0.000150086
21.6827 49.1195 -6.88469 -0.251402 -0.967883 -0.000106845
22.7104 48.8524 -6.85236 -0.251451 -0.96787 -0.000284714
23.7974 48.5699 -6.85522 -0.251728 -0.967798 -0.000416026
24.9166 48.2787 -6.84397 -0.251916 -0.967749 -0.000760168
25.9347 48.0133 -6.83726 -0.252556 -0.967582 -0.000766996
27.0481 47.7224 -6.79941 -0.252976 -0.967472 -0.000990924
28.0939 47.4488 -6.81591 -0.253478 -0.96734 -0.000934801
29.4036 47.1044 -6.83532 -0.254883 -0.966972 -0.000871653
30.4862 46.8182 -6.80172 -0.256863 -0.966448 -0.000658521
31.58 46.5276 -6.80541 -0.257693 -0.966224 -0.00191744
32.6395 46.2434 -6.84302 -0.26022 -0.965549 -0.00122912
33.6963 45.9587 -6.80165 -0.260911 -0.965362 -0.000917544
34.736 45.6773 -6.84496 -0.26186 -0.965104 -0.00143123
35.7537 45.3998 -6.84769 -0.263659 -0.964615 -0.00147474
37.0551 45.0419 -6.82745 -0.267886 -0.963447 -0.00124043
37.8564 44.819 -6.09406 -0.268155 -0.963375 0.000956293
37.851 44.8222 -4.90825 -0.266146 -0.963932 0.00137384
37.86 44.8202 -3.58699 -0.265606 -0.964082 7.4699e-05
37.8719 44.818 -2.49659 -0.264957 -0.96426 0.000846914
37.8508 44.8246 -1.25483 -0.264877 -0.964282 0.000445813
37.848 44.8254 -1.22652 -0.265051 -0.964234 5.29769e-05
