34.5992 46.7482 2.3723 -0.259749 -0.965676 -0.000276176
34.5033 46.7746 1.12623 -0.259975 -0.965615 -0.000253495
34.3989 46.8025 -0.03295 -0.260063 -0.965592 0.000278685
34.398 46.8023 -0.984199 -0.260143 -0.96557 0.000303763
34.4387 46.7916 -1.99394 -0.259934 -0.965626 -0.000390882
34.4822 46.7799 -2.95277 -0.260028 -0.965601 5.64848e-05
33.6604 47.0008 -3.2434 -0.258934 -0.965895 -0.000364394
33.6119 47.0137 -1.94068 -0.259033 -0.965868 1.83305e-05
33.5482 47.031 -0.684336 -0.259098 -0.965851 -4.13994e-06
33.6136 47.0134 0.468617 -0.258991 -0.96588 -6.69023e-05
33.67 46.9982 1.6159 -0.258677 -0.965964 -0.000228072
33.7839 46.9673 2.59661 -0.259332 -0.965788 -8.25651e-05
33.8271 46.9558 3.46868 -0.259427 -0.965763 0.000357458
32.9844 47.1815 3.55876 -0.258283 -0.966069 1.06963e-05
32.9089 47.2015 2.41864 -0.257784 -0.966202 8.96202e-05
32.8056 47.2296 1.28862 -0.258139 -0.966108 -0.00032799
32.7272 47.2508 0.0838155 -0.258021 -0.966139 2.485e-05
32.6864 47.2616 -0.960199 -0.258134 -0.966109 0.000235538
32.7503 47.2445 -1.91059 -0.258331 -0.966056 2.46998e-05
32.8271 47.2239 -2.91022 -0.258158 -0.966103 4.64404e-05
32.8384 47.2208 -3.41887 -0.258071 -0.966126 0.000101636
31.9945 47.4458 -3.63312 -0.257353 -0.966317 0.000322535
31.9727 47.4519 -2.66136 -0.257165 -0.966367 0.000274337
31.8934 47.4733 -1.44108 -0.257622 -0.966246 0.000138697
31.8769 47.4774 -0.356988 -0.256837 -0.966455 -0.00031613
31.8948 47.4724 0.654132 -0.256792 -0.966467 3.68798e-06
31.9933 47.4458 1.71541 -0.256731 -0.966483 -0.000714998
32.0881 47.4204 2.6439 -0.257393 -0.966307 0.000357078
32.1282 47.4098 3.23361 -0.257145 -0.966373 2.54387e-05
31.311 47.6271 3.4377 -0.256649 -0.966504 -0.000292448
31.2036 47.6554 2.30996 -0.255928 -0.966696 7.31823e-05
31.0981 47.6838 1.34791 -0.256664 -0.966501 -0.00042838
31.0451 47.6981 0.345118 -0.255933 -0.966695 -0.000222576
31.0523 47.6964 -0.942961 -0.256096 -0.966651 -0.000335366
31.0577 47.6949 -1.92472 -0.255682 -0.966761 0.000165125
31.1469 47.671 -2.85097 -0.255872 -0.966711 0.000139313
31.1628 47.6667 -3.48011 -0.256226 -0.966617 0.000289984
30.3422 47.884 -3.3592 -0.255596 -0.966784 -8.0169e-06
30.2382 47.9115 -2.34412 -0.255378 -0.966841 1.15084e-05
30.196 47.9226 -1.22033 -0.255345 -0.96685 -0.000123488
30.2161 47.9172 -0.297899 -0.254832 -0.966985 -0.000333577
30.1951 47.9226 0.666195 -0.254651 -0.967033 5.49371e-05
30.304 47.8934 1.78915 -0.254892 -0.966969 -0.00016024
30.402 47.8676 2.85695 -0.255294 -0.966863 9.31704e-05
30.44 47.8575 3.20582 -0.2555 -0.966809 -2.22318e-05
29.5997 48.0792 3.3001 -0.254634 -0.967037 0.000198679
29.4996 48.1054 2.36249 -0.254315 -0.967121 0.000205135
29.3757 48.1381 1.37222 -0.254463 -0.967082 -0.000231434
29.3573 48.1432 0.215128 -0.254069 -0.967186 -0.000228989
29.375 48.1388 -0.769772 -0.254272 -0.967133 6.03242e-05
29.3427 48.1474 -1.9114 -0.254464 -0.967082 -0.000315537
29.4627 48.1161 -3.04091 -0.254201 -0.967151 -0.000175359
29.5046 48.105 -3.50508 -0.254649 -0.967034 -0.000270644
28.6644 48.3258 -3.49889 -0.25408 -0.967183 0.000281461
28.4887 48.3719 -2.22015 -0.253791 -0.967259 -0.000349324
28.5206 48.3631 -1.06221 -0.253881 -0.967236 -0.000151812
28.5475 48.3559 -0.0539031 -0.253556 -0.967321 -0.000126455
28.4885 48.3713 1.11423 -0.253917 -0.967226 -3.95995e-05
28.6238 48.3358 2.10896 -0.25377 -0.967265 -0.000149599
28.7212 48.3102 3.22766 -0.253944 -0.967219 2.30268e-05
28.7567 48.3008 3.51069 -0.253703 -0.967282 -5.62362e-05
27.9006 48.5253 3.59816 -0.253568 -0.967318 -0.000218337
27.8321 48.5435 2.53036 -0.253692 -0.967285 3.67374e-05
27.6455 48.5924 1.57742 -0.253211 -0.967411 -0.000173314
27.6103 48.6016 0.577948 -0.253381 -0.967367 4.8844e-05
27.7435 48.5668 -0.515797 -0.253598 -0.96731 -7.90835e-05
27.6334 48.5959 -1.49598 -0.253345 -0.967376 -0.000269995
27.6582 48.5898 -2.44772 -0.25319 -0.967417 -0.00024931
27.82 48.5474 -3.48152 -0.253385 -0.967365 8.42123e-05
26.961 48.7722 -3.5855 -0.252881 -0.967497 6.96614e-05
26.8248 48.8077 -2.46015 -0.252835 -0.967509 1.90838e-05
26.7627 48.8237 -1.5134 -0.252929 -0.967485 -0.000364426
26.9255 48.781 -0.5372 -0.25286 -0.967503 -0.000283066
26.8097 48.811 0.545255 -0.252832 -0.96751 -2.60402e-05
26.7836 48.8178 1.53581 -0.252872 -0.9675 3.32712e-05
26.9579 48.7723 2.49744 -0.252987 -0.96747 -0.000115956
27.0585 48.7458 3.49218 -0.252887 -0.967496 -0.000346737
26.1216 48.9907 3.31367 -0.252537 -0.967587 -6.69071e-05
26.0799 49.0017 2.21859 -0.252503 -0.967596 -5.02408e-05
25.8701 49.0564 1.15898 -0.252679 -0.96755 -7.9656e-05
26.1053 48.9951 0.0447594 -0.252679 -0.96755 -0.000150573
26.0741 49.0034 -0.939417 -0.252718 -0.96754 -0.000127629
25.8353 49.0659 -1.88884 -0.252441 -0.967612 -5.40441e-05
26.0846 49.0011 -2.98881 -0.25275 -0.967532 -0.000126706
26.0703 49.0049 -3.50666 -0.252695 -0.967546 -0.000215032
25.0985 49.2584 -3.40604 -0.252238 -0.967665 -0.000309755
25.1518 49.2443 -2.37368 -0.25246 -0.967607 -0.000161751
25.0566 49.269 -1.46413 -0.252328 -0.967642 -0.000172836
25.1265 49.2506 -0.435764 -0.252206 -0.967673 -0.000183584
25.2619 49.2153 0.538201 -0.252272 -0.967656 -0.000199019
25.0731 49.2644 1.38412 -0.252229 -0.967668 -0.000150407
25.0962 49.2582 2.43461 -0.25233 -0.967641 4.20379e-05
25.079 49.2627 3.57378 -0.252329 -0.967641 -5.72631e-05
23.9617 49.5539 3.56341 -0.252269 -0.967657 2.57245e-05
23.9879 49.5471 2.66668 -0.252069 -0.967709 -0.000111554
23.9827 49.5485 1.70821 -0.252202 -0.967675 1.7654e-05
24.1847 49.496 0.716749 -0.252287 -0.967652 -0.000238875
24.1649 49.5013 -0.278331 -0.252237 -0.967665 -9.58829e-05
24.1975 49.493 -1.27689 -0.252181 -0.96768 -0.000170578
24.2172 49.488 -2.28758 -0.25209 -0.967704 -0.000151636
24.2112 49.4897 -3.31061 -0.252158 -0.967686 -0.000133692
24.3053 49.4652 -3.62685 -0.252193 -0.967677 -0.000231045
23.4337 49.6923 -3.60526 -0.251982 -0.967732 -5.07345e-05
23.2194 49.748 -2.7096 -0.252017 -0.967723 -9.39364e-05
23.251 49.7396 -1.77309 -0.252091 -0.967704 -0.000189958
23.15 49.7657 -0.827084 -0.252151 -0.967688 -0.000142808
23.1288 49.7712 0.169472 -0.252113 -0.967698 -0.000152527
23.0545 49.7904 1.18278 -0.252045 -0.967716 -0.000117433
23.024 49.7983 2.20008 -0.252185 -0.967679 2.32691e-05
23.147 49.7662 3.24752 -0.252204 -0.967674 -6.45472e-05
23.074 49.7852 3.48071 -0.252259 -0.96766 -1.52325e-05
22.3779 49.9665 3.44665 -0.252012 -0.967724 -1.55344e-05
22.3277 49.9797 2.49539 -0.251932 -0.967745 -5.25534e-05
22.2001 50.013 1.49065 -0.252077 -0.967707 4.67088e-05
22.2196 50.008 0.505858 -0.252072 -0.967708 -0.000183597
22.2689 49.9952 -0.468701 -0.251977 -0.967733 -8.1562e-05
22.2983 49.9876 -1.44917 -0.252034 -0.967719 1.61745e-05
22.3406 49.9767 -2.38209 -0.251754 -0.967791 -0.000166095
22.5144 49.9317 -3.45721 -0.252046 -0.967715 -0.000281388
22.552 49.922 -3.59356 -0.25204 -0.967717 -0.000130044
21.6448 50.1581 -3.49037 -0.251948 -0.967741 -0.000214192
21.4795 50.201 -2.41811 -0.252036 -0.967718 -0.000185232
21.4174 50.2169 -1.27677 -0.25198 -0.967733 -2.36244e-05
21.4051 50.2201 -0.0317681 -0.251873 -0.96776 -0.000116542
21.3682 50.2296 1.16573 -0.251991 -0.96773 -0.000102025
21.4559 50.2067 2.12893 -0.25206 -0.967712 -0.000123774
21.6361 50.1598 3.10245 -0.252088 -0.967704 4.5297e-06
21.6323 50.1608 3.16746 -0.252092 -0.967703 -6.88697e-05
20.6995 50.4038 3.57712 -0.252077 -0.967707 -1.32652e-05
20.7536 50.3897 2.59017 -0.251965 -0.967736 -0.000107547
20.5698 50.4376 1.51533 -0.251995 -0.967728 -0.000173889
20.5396 50.4455 0.394498 -0.251874 -0.96776 -7.35377e-05
20.5462 50.4438 -0.743158 -0.252084 -0.967705 -3.93035e-05
20.58 50.4351 -1.77769 -0.252027 -0.96772 -0.000243085
20.6845 50.4081 -2.97717 -0.25193 -0.967745 -0.000114615
20.7807 50.3831 -3.52134 -0.252015 -0.967723 -4.9949e-05
19.8741 50.6191 -3.4445 -0.252003 -0.967726 -4.02283e-05
19.7586 50.6491 -2.43647 -0.252188 -0.967678 -0.000161856
19.7035 50.6633 -1.25079 -0.252061 -0.967711 -0.00027072
19.7163 50.66 -0.305258 -0.252012 -0.967724 -3.17497e-05
19.7077 50.6621 0.635185 -0.252288 -0.967652 2.97833e-05
19.7605 50.6484 1.59915 -0.252162 -0.967685 -3.23991e-05
19.8998 50.6121 2.53128 -0.251956 -0.967739 -2.75825e-05
19.8903 50.6145 3.48684 -0.252 -0.967727 -5.59293e-05
19.8871 50.6153 3.50506 -0.251991 -0.96773 0.000125268
19.0394 50.8362 3.49617 -0.2521 -0.967701 1.59723e-05
19.0542 50.8324 2.54742 -0.25193 -0.967745 -3.73525e-06
18.9396 50.8622 1.50213 -0.252125 -0.967695 5.63208e-05
18.8693 50.8805 0.586144 -0.252154 -0.967687 -3.6035e-05
18.8514 50.8853 -0.427562 -0.252164 -0.967685 0.000110681
18.846 50.8868 -1.54995 -0.252022 -0.967722 -0.000102033
18.8955 50.8739 -2.56995 -0.252096 -0.967702 -0.000111785
19.0139 50.8432 -3.487 -0.252027 -0.96772 -3.19942e-05
18.1551 51.0669 -3.48868 -0.252063 -0.967711 -6.96801e-05
18.0365 51.0977 -2.36796 -0.252189 -0.967678 1.5081e-05
17.9736 51.114 -1.36972 -0.25221 -0.967673 5.82437e-05
18.0048 51.1059 -0.243608 -0.252153 -0.967687 3.18781e-05
18.0535 51.0932 0.773758 -0.252238 -0.967665 3.63597e-05
18.1281 51.0737 1.79672 -0.252259 -0.96766 -0.000135311
18.2143 51.0511 2.81487 -0.252349 -0.967636 -5.97668e-05
18.1831 51.0593 3.48475 -0.252176 -0.967681 2.6114e-05
17.3348 51.2805 3.38216 -0.252319 -0.967644 -3.49531e-05
17.3518 51.276 2.39562 -0.252259 -0.96766 2.67498e-06
17.2536 51.3016 1.41725 -0.252231 -0.967667 5.9124e-05
17.2125 51.3124 0.493379 -0.252142 -0.96769 4.69129e-05
17.1381 51.3318 -0.512137 -0.252215 -0.967671 -0.00012707
17.1355 51.3325 -1.58546 -0.252179 -0.967681 6.58817e-05
17.2036 51.3148 -2.52713 -0.252288 -0.967652 -0.000115769
17.2818 51.2944 -3.42224 -0.252391 -0.967625 -7.57991e-05
16.431 51.5162 -3.43841 -0.252322 -0.967643 -6.19971e-05
16.348 51.5379 -2.44701 -0.252307 -0.967647 -6.04231e-05
16.2885 51.5533 -1.48167 -0.252355 -0.967635 7.08018e-05
16.3241 51.5441 -0.543434 -0.252275 -0.967656 -7.08792e-05
16.3639 51.5336 0.396529 -0.2523 -0.967649 0.000160173
16.3971 51.525 1.35245 -0.252371 -0.967631 -0.000190143
16.4666 51.5069 2.28562 -0.252326 -0.967642 6.28312e-05
16.4975 51.4988 3.42499 -0.252145 -0.967689 7.92313e-05
15.6342 51.7239 3.51318 -0.252425 -0.967616 8.09799e-05
15.6332 51.7242 2.42747 -0.252409 -0.967621 -5.28641e-05
15.5669 51.7415 1.40249 -0.252303 -0.967648 -1.70936e-05
15.5273 51.7518 0.391432 -0.252216 -0.967671 -4.62067e-06
15.4877 51.7621 -0.861619 -0.252494 -0.967598 -4.13836e-05
15.4595 51.7695 -1.92238 -0.25245 -0.96761 -9.83916e-06
15.5208 51.7535 -2.94373 -0.252194 -0.967677 9.25965e-05
15.5855 51.7367 -3.46996 -0.252311 -0.967646 -8.16752e-05
14.6804 51.9727 -2.95016 -0.252292 -0.967651 -3.61071e-05
14.6587 51.9783 -2.69005 -0.252189 -0.967678 -6.51065e-05
13.6728 52.2355 -0.641381 -0.25235 -0.967636 -8.23529e-05
13.5965 52.2554 0.545495 -0.25245 -0.96761 -2.66866e-05
13.5504 52.2674 1.63199 -0.252431 -0.967615 5.17048e-06
13.6223 52.2486 2.88259 -0.252477 -0.967603 -6.18828e-05
13.7296 52.2207 4.26996 -0.252428 -0.967616 -8.23797e-05
14.6806 51.9726 4.59939 -0.252398 -0.967624 2.70217e-05
15.8627 51.6644 4.65103 -0.252203 -0.967674 -0.000148322
16.9293 51.3862 4.67328 -0.252179 -0.96768 8.43126e-05
18.1543 51.0668 4.72395 -0.252326 -0.967642 -0.000149006
19.3862 50.7459 4.71249 -0.252015 -0.967723 2.02964e-05
20.6501 50.4166 4.66056 -0.252131 -0.967693 0.000179556
21.7536 50.1291 4.63392 -0.252101 -0.967701 0.000102598
23.0878 49.7816 4.62004 -0.25211 -0.967699 -7.63547e-05
24.1233 49.5118 4.62089 -0.252276 -0.967655 5.10018e-05
25.1966 49.2318 4.64625 -0.252496 -0.967598 0.000187979
26.4913 48.8938 4.67552 -0.252807 -0.967517 -0.000189249
27.7901 48.5542 4.64644 -0.253472 -0.967343 7.68913e-05
29.0196 48.2318 4.67758 -0.253789 -0.96726 -1.27666e-05
30.0855 47.9512 4.61541 -0.255188 -0.966891 0.000196437
31.2201 47.6514 4.6314 -0.256102 -0.96665 0.000196825
32.4966 47.312 4.65485 -0.257492 -0.96628 -5.07085e-06
33.6822 46.9948 4.6028 -0.258992 -0.965879 -1.53475e-06
34.8446 46.6826 4.57846 -0.260354 -0.965513 7.65269e-05
35.5662 46.4875 3.94605 -0.260743 -0.965408 2.11224e-05
35.5864 46.4822 2.85518 -0.260252 -0.965541 -0.000154526
35.6883 46.4549 1.51972 -0.261046 -0.965326 -0.000313216
35.6453 46.4665 0.22314 -0.261058 -0.965323 0.000154589
35.5872 46.4814 -0.893862 -0.261371 -0.965238 0.000356384
35.5642 46.4877 -2.02456 -0.261187 -0.965288 -0.0002885
35.5993 46.4778 -3.18556 -0.261552 -0.965189 0.00109511
35.519 46.4992 -4.33155 -0.26179 -0.965125 0.000381427
34.4271 46.7945 -4.66874 -0.260376 -0.965507 0.000699594
33.0722 47.158 -4.65838 -0.257989 -0.966148 0.000546288
31.791 47.4999 -4.68035 -0.257252 -0.966344 -9.37037e-05
30.7219 47.7837 -4.70625 -0.256239 -0.966613 -0.00012596
29.2647 48.1681 -4.65152 -0.254412 -0.967096 -0.000116288
27.9444 48.5148 -4.64744 -0.253883 -0.967235 -0.000145676
26.8713 48.7959 -4.68362 -0.252807 -0.967517 -0.000221659
25.7131 49.0984 -4.69174 -0.252544 -0.967585 -0.00022843
24.4904 49.4173 -4.72334 -0.252194 -0.967677 -0.000269445
23.2185 49.7486 -4.71018 -0.251993 -0.967729 -0.00028444
22.0264 50.059 -4.70928 -0.251773 -0.967786 -0.000195274
20.7446 50.3927 -4.71117 -0.251994 -0.967729 -3.44945e-05
19.6541 50.6765 -4.73568 -0.251987 -0.967731 -2.06241e-05
18.5743 50.9577 -4.6663 -0.252132 -0.967693 7.41181e-05
17.4025 51.263 -4.68417 -0.252151 -0.967688 -1.33651e-05
16.1932 51.5783 -4.6915 -0.252256 -0.967661 0.000181291
14.9867 51.8928 -4.70426 -0.252326 -0.967642 -0.000129308
13.9029 52.1755 -4.5412 -0.252483 -0.967601 0.000132352
13.6403 52.244 -3.52559 -0.252294 -0.96765 0.000158596
13.6056 52.2531 -2.28143 -0.252368 -0.967631 -2.87921e-05
13.658 52.2394 -1.1391 -0.252277 -0.967655 0.000125096
13.6634 52.238 -1.00732 -0.252335 -0.96764 5.70949e-05
12.6422 52.5043 -1.06489 -0.252464 -0.967606 -9.84124e-05
12.6007 52.5152 0.226039 -0.252465 -0.967606 -7.74973e-05
12.5254 52.5348 1.50888 -0.252588 -0.967574 -7.02979e-05
12.5489 52.5287 2.57627 -0.252511 -0.967594 1.97482e-05
12.6319 52.5071 3.68173 -0.25245 -0.96761 0.000117485
12.6416 52.5045 4.9334 -0.252463 -0.967607 -2.80835e-05
13.3526 52.319 5.65102 -0.252431 -0.967615 0.000154952
14.3837 52.0501 5.67436 -0.25242 -0.967618 -6.09052e-05
15.4689 51.767 5.71881 -0.252385 -0.967627 0.000128949
16.5317 51.4899 5.72103 -0.252307 -0.967647 2.8867e-05
17.8114 51.1563 5.76118 -0.252258 -0.96766 6.74631e-05
19.1993 50.7946 5.75211 -0.252112 -0.967698 -8.23026e-05
20.4769 50.4617 5.7261 -0.252141 -0.96769 3.13361e-05
21.8316 50.1089 5.68683 -0.25212 -0.967696 0.000102554
23.0491 49.7917 5.68241 -0.252042 -0.967716 0.000115603
24.2736 49.4725 5.68685 -0.252332 -0.967641 0.000156735
25.6396 49.1163 5.74446 -0.2526 -0.967571 0.000236769
26.7282 48.832 5.70893 -0.25283 -0.967511 0.000104184
27.786 48.5553 5.71003 -0.253275 -0.967394 2.62081e-05
28.9426 48.2521 5.73813 -0.253784 -0.967261 0.00038634
30.2454 47.9094 5.67058 -0.254785 -0.966998 0.000416151
31.4664 47.5863 5.69879 -0.256304 -0.966596 0.00054894
32.5461 47.2992 5.72813 -0.257815 -0.966194 0.000699408
33.6194 47.0123 5.6495 -0.258619 -0.965979 0.000827895
34.7281 46.7144 5.67131 -0.260312 -0.965524 0.000654439
35.8708 46.4052 5.67868 -0.261587 -0.96518 0.000746308
36.5425 46.223 4.9968 -0.262911 -0.96482 2.07443e-06
36.593 46.2095 3.81885 -0.262486 -0.964936 -0.000330584
36.6298 46.2 2.54358 -0.261758 -0.965133 -0.000502349
36.6861 46.1845 1.43574 -0.261611 -0.965173 -5.96434e-05
36.6551 46.193 0.238691 -0.261755 -0.965134 0.000192891
36.604 46.206 -0.827702 -0.261803 -0.965121 0.00100167
36.6139 46.2028 -1.9399 -0.262644 -0.964893 0.000324341
36.6508 46.1923 -3.05186 -0.262562 -0.964915 0.000208845
36.6669 46.1877 -4.15027 -0.262674 -0.964885 0.000182097
36.5392 46.222 -5.32653 -0.262896 -0.964824 0.000175453
35.4259 46.5241 -5.76051 -0.261839 -0.965111 -0.000197399
34.3356 46.8189 -5.73402 -0.260116 -0.965577 2.91084e-05
33.0841 47.1549 -5.71163 -0.258846 -0.965919 -0.00044167
31.8525 47.4838 -5.74387 -0.257443 -0.966293 -0.000391346
30.6425 47.8052 -5.75379 -0.255787 -0.966733 -0.000626886
29.5232 48.1005 -5.71962 -0.255056 -0.966926 -0.000724505
28.2017 48.4479 -5.7325 -0.254009 -0.967202 -0.000627223
27.033 48.754 -5.7264 -0.253014 -0.967463 -0.000547007
25.8291 49.0686 -5.74679 -0.252441 -0.967612 -0.000389921
24.6854 49.3667 -5.75777 -0.252078 -0.967707 -0.000293659
23.6062 49.6479 -5.7721 -0.251953 -0.967739 -6.86347e-05
22.4199 49.9567 -5.75435 -0.251962 -0.967737 -0.000149477
21.1112 50.2973 -5.78168 -0.251801 -0.967779 -0.000252457
20.0623 50.5703 -5.79304 -0.251966 -0.967736 -0.000167641
18.8878 50.8761 -5.77417 -0.25204 -0.967717 -0.000185173
17.6736 51.1924 -5.72948 -0.252181 -0.96768 -1.01064e-05
16.5464 51.4862 -5.75602 -0.252302 -0.967649 8.83887e-05
15.2864 51.8148 -5.75625 -0.252342 -0.967638 2.72266e-05
14.0512 52.1369 -5.73407 -0.25238 -0.967628 -2.08947e-05
12.9775 52.4169 -5.63614 -0.252442 -0.967612 -6.13349e-05
12.6385 52.5054 -4.62549 -0.252437 -0.967613 -6.00701e-05
12.5859 52.5191 -3.28942 -0.252409 -0.967621 2.42033e-05
12.5876 52.5186 -2.20779 -0.252428 -0.967616 3.16076e-05
12.6345 52.5063 -1.3329 -0.252462 -0.967607 3.10512e-05
11.5995 52.7764 -1.31649 -0.252312 -0.967646 7.66605e-05
11.5526 52.7886 -2.56041 -0.252394 -0.967624 -5.26505e-05
11.5815 52.7811 -3.83632 -0.252507 -0.967595 1.32261e-05
11.582 52.781 -5.09588 -0.252454 -0.967609 -3.47493e-05
11.574 52.7831 -6.27085 -0.252469 -0.967605 -1.9382e-05
12.5989 52.5157 -6.82574 -0.252617 -0.967566 -2.35631e-05
13.6831 52.2328 -6.77225 -0.252423 -0.967617 2.95528e-05
14.8625 51.9252 -6.80715 -0.252331 -0.967641 0.000132372
16.0467 51.6164 -6.79658 -0.252286 -0.967653 5.4877e-06
17.1242 51.3356 -6.81385 -0.252267 -0.967658 8.42499e-05
18.186 51.0589 -6.8064 -0.252065 -0.96771 3.68238e-05
19.225 50.7883 -6.82319 -0.252031 -0.967719 -0.00014834
20.2746 50.5151 -6.82347 -0.251804 -0.967778 8.40901e-05
21.6402 50.1598 -6.83715 -0.251788 -0.967782 -0.000115341
22.8262 49.8512 -6.79298 -0.251792 -0.967781 -0.000225262
23.9857 49.5495 -6.82068 -0.252053 -0.967713 -0.000555709
25.1354 49.2501 -6.79351 -0.252144 -0.967689 -0.000852684
26.4427 48.909 -6.78867 -0.252599 -0.967571 -0.000662782
27.5048 48.6313 -6.77903 -0.253274 -0.967394 -0.000715807
28.5522 48.3567 -6.8053 -0.253919 -0.967225 -0.00108309
29.697 48.0556 -6.77884 -0.254563 -0.967056 -0.000959019
30.7506 47.7774 -6.80747 -0.256051 -0.966663 -0.000911844
32.0224 47.4396 -6.78216 -0.257898 -0.96617 -0.00192434
33.2216 47.1187 -6.81157 -0.258723 -0.965951 -0.000695517
34.4048 46.8012 -6.7797 -0.260228 -0.965546 -0.00129041
35.6832 46.4556 -6.82494 -0.261382 -0.965235 -0.00126658
37.0226 46.0906 -6.80587 -0.263762 -0.964587 -0.00109418
37.6482 45.9193 -6.13656 -0.263536 -0.96465 0.000119793
37.6227 45.927 -4.94361 -0.262662 -0.964888 0.000708883
37.6825 45.9114 -3.65731 -0.262828 -0.964843 0.000146799
37.6469 45.9213 -2.4531 -0.263294 -0.964715 0.000269499
37.638 45.9246 -1.27253 -0.263037 -0.964785 0.00144107
37.6582 45.9203 -0.133932 -0.262513 -0.964928 0.000574574
37.681 45.9145 1.20471 -0.262168 -0.965022 -0.000294248
37.6469 45.9235 2.31724 -0.262696 -0.964879 -0.000378852
37.6145 45.9314 3.44668 -0.263103 -0.964767 -0.000912562
37.6113 45.9316 4.55693 -0.263637 -0.964622 4.21279e-05
37.5908 45.9375 5.84931 -0.263244 -0.964729 0.000244138
37.1794 46.0502 6.76299 -0.263354 -0.964699 0.000246469
35.9352 46.3887 6.77071 -0.261638 -0.965165 0.00107691
34.8626 46.6788 6.73221 -0.260941 -0.965354 0.00116014
33.6724 46.9991 6.68709 -0.258796 -0.965931 0.00161035
32.5083 47.3101 6.80928 -0.256878 -0.966443 0.00114613
31.4625 47.588 6.75935 -0.256418 -0.966565 0.00109635
30.1395 47.9379 6.76634 -0.255415 -0.966831 0.000709941
28.9509 48.2504 6.7837 -0.253889 -0.967233 0.000483949
27.908 48.5237 6.77984 -0.253185 -0.967418 0.000504294
26.7166 48.8353 6.77432 -0.252805 -0.967517 0.000265855
25.5505 49.1398 6.80261 -0.252447 -0.967611 0.000188832
24.472 49.4211 6.76201 -0.252375 -0.967629 0.00046349
23.4332 49.6919 6.7365 -0.25193 -0.967745 0.000272969
22.2737 49.9938 6.79579 -0.252087 -0.967705 0.000242864
21.0718 50.3068 6.76559 -0.251994 -0.967729 -1.94449e-05
19.9526 50.5983 6.76519 -0.251947 -0.967741 -0.000108316
18.7183 50.9198 6.79595 -0.252217 -0.967671 -0.000262334
17.6438 51.1999 6.78275 -0.252155 -0.967687 -0.000149813
16.4969 51.499 6.78216 -0.252386 -0.967627 -0.000329906
15.3265 51.8041 6.74881 -0.252243 -0.967664 -4.94286e-06
14.2549 52.0836 6.76872 -0.252395 -0.967624 5.58937e-06
13.0844 52.389 6.7572 -0.252572 -0.967578 5.35439e-06
11.8972 52.6988 6.68248 -0.252538 -0.967587 -1.0803e-05
11.5814 52.7812 5.69706 -0.252542 -0.967586 1.23583e-05
11.6075 52.7744 4.27972 -0.252467 -0.967606 -1.1301e-05
11.559 52.787 3.10487 -0.252483 -0.967601 8.22005e-05
11.5305 52.7944 1.90985 -0.252421 -0.967617 -7.54134e-05
11.5569 52.7875 0.48251 -0.252593 -0.967573 8.14073e-05
11.6176 52.7717 -0.692437 -0.252497 -0.967598 3.34508e-05
11.6047 52.775 -1.1438 -0.252458 -0.967608 2.27997e-05
