-7.77916 43.9928 -3.37054 0.251691 -0.967808 -0.000229842
-7.82366 43.9803 -2.37945 0.251301 -0.967905 -0.00265422
-7.89554 43.9589 -1.16338 0.251205 -0.967931 -0.00181935
-7.92037 43.9505 0.169074 0.252575 -0.967576 -0.00129875
-7.89267 43.956 1.12188 0.252741 -0.967531 -0.00230768
-7.91322 43.9482 2.12953 0.252535 -0.967586 -0.00196211
-7.91098 43.9464 3.2195 0.251942 -0.967739 -0.00258955
-7.90892 43.9468 3.26019 0.252954 -0.967477 -0.00164544
-8.80424 43.7142 3.51581 0.248776 -0.968559 -0.00180051
-8.80832 43.7152 2.5139 0.24985 -0.968284 -0.000484345
-8.76834 43.7274 1.55913 0.250489 -0.968114 -0.00300753
-8.79851 43.7226 0.434094 0.249371 -0.968406 -0.0018303
-8.81623 43.7198 -0.588875 0.248966 -0.968509 -0.00221388
-8.76513 43.7359 -1.77278 0.248682 -0.968582 -0.00233157
-8.69214 43.7567 -3.14203 0.249587 -0.968352 -0.000269472
-8.66962 43.7626 -3.61602 0.249449 -0.968388 3.48299e-05
-9.55929 43.5345 -3.55896 0.248113 -0.968731 -0.000654198
-9.61823 43.519 -2.61752 0.246997 -0.969015 -0.00111723
-9.66798 43.5041 -1.63379 0.247882 -0.968786 -0.00262435
-9.70458 43.4918 -0.332303 0.247653 -0.968847 -0.00195729
-9.68513 43.4949 0.666714 0.24721 -0.968959 -0.00215945
-9.67113 43.4954 2.01519 0.246608 -0.969114 -0.00171135
-9.6946 43.4877 2.97859 0.246445 -0.969155 -0.00152813
-9.69522 43.4863 3.50101 0.247147 -0.968976 -0.00214975
-10.5804 43.2627 3.54641 0.244358 -0.969683 -0.0021011
-10.5471 43.2734 2.3153 0.244003 -0.969773 -0.00170102
-10.5399 43.2774 1.19278 0.243977 -0.969778 -0.00257356
-10.6186 43.2597 0.0998993 0.244425 -0.969667 -0.0016198
-10.5789 43.2717 -1.06611 0.244262 -0.969707 -0.0018744
-10.5368 43.2846 -2.08028 0.244476 -0.969653 -0.0023229
-10.4622 43.3054 -3.44283 0.245204 -0.969471 -0.000899577
-11.3481 43.0831 -3.64249 0.24227 -0.970208 -0.0015729
-11.4007 43.0685 -2.49823 0.241089 -0.970502 -0.00142109
-11.454 43.0536 -1.50271 0.241578 -0.970379 -0.00230131
-11.5222 43.0344 -0.462345 0.241835 -0.970316 -0.00163146
-11.4622 43.0471 0.907107 0.241684 -0.970354 -0.00148932
-11.4135 43.0585 1.86132 0.240187 -0.970725 -0.00200355
-11.4693 43.0408 3.10074 0.240538 -0.970637 -0.00217991
-11.4701 43.0405 3.15231 0.239965 -0.970781 -0.00125368
-12.3593 42.8208 3.29791 0.239523 -0.97089 -0.00126424
-12.3193 42.8331 2.26454 0.238973 -0.971022 -0.00222466
-12.3663 42.8232 0.978044 0.239231 -0.970962 -0.00032899
-12.416 42.8114 -0.0223674 0.23984 -0.970811 -0.00180702
-12.3839 42.8219 -1.09412 0.240096 -0.970745 -0.00271357
-12.3092 42.8421 -2.03527 0.240081 -0.970751 -0.00158605
-12.253 42.858 -3.11039 0.240168 -0.970729 -0.00194703
-12.2217 42.8666 -3.49454 0.240059 -0.970756 -0.00188004
-13.1613 42.6349 -3.32415 0.237585 -0.971364 -0.00195772
-13.1983 42.6238 -2.30549 0.237056 -0.971494 -0.00198708
-13.2797 42.601 -1.09876 0.238318 -0.971182 -0.00314764
-13.3072 42.592 0.126367 0.237244 -0.97145 -0.000827862
-13.2629 42.6027 1.08348 0.236596 -0.971608 0.000193463
-13.2398 42.6082 2.35986 0.236464 -0.971639 -0.00153262
-13.2711 42.5978 3.38603 0.235803 -0.971797 -0.00238271
-13.2713 42.5978 3.40059 0.235429 -0.971891 -0.00108531
-14.1743 42.3791 3.5407 0.23468 -0.972072 -0.00107833
-14.1217 42.3937 2.5815 0.234927 -0.972012 -0.00121991
-14.1602 42.385 1.59975 0.234836 -0.972035 -0.000303408
-14.179 42.3805 0.50685 0.235223 -0.971941 -0.000465513
-14.1965 42.3769 -0.46546 0.23455 -0.972103 -0.00120896
-14.1294 42.3958 -1.63435 0.236059 -0.971736 -0.00236374
-14.0795 42.4099 -2.59891 0.236157 -0.971713 -0.0019709
-14.0392 42.4213 -3.4493 0.236217 -0.971699 -0.00148425
-14.9399 42.2024 -3.28618 0.235019 -0.97199 -0.00132836
-14.9936 42.1879 -2.10647 0.233738 -0.972299 -0.000985968
-15.0678 42.1682 -1.02963 0.233979 -0.972241 -0.0014659
-15.1133 42.1555 -0.0613541 0.234172 -0.972195 -0.000889482
-15.0392 42.1731 1.29998 0.233329 -0.972398 -0.000200434
-15.0144 42.1782 2.41977 0.233176 -0.972434 -0.000641012
-15.0618 42.166 3.49724 0.23187 -0.972746 -0.000629673
-15.9309 41.9593 3.41693 0.230986 -0.972957 -0.000265038
-15.8828 41.9712 2.16283 0.229634 -0.973277 0.000227229
-15.9466 41.9563 1.02586 0.2316 -0.972811 -0.000466743
-16.0039 41.9424 -0.0334448 0.230612 -0.973045 -0.000754549
-16.0106 41.9422 -1.11123 0.231414 -0.972853 -0.00183536
-15.8906 41.973 -2.227 0.231103 -0.972929 -0.000684848
-15.8353 41.9872 -3.17913 0.232635 -0.972564 -0.000690731
-15.8336 41.9877 -3.38435 0.232839 -0.972515 -0.00041259
-16.7324 41.7733 -3.19713 0.229692 -0.973263 -0.000341011
-16.7691 41.7648 -2.21651 0.228165 -0.973621 0.00120287
-16.9031 41.733 -1.20695 0.226456 -0.97402 -0.00133446
-16.9217 41.7277 -0.261921 0.224981 -0.974362 0.000283579
-16.8397 41.747 0.921711 0.226599 -0.973988 -0.000666577
-16.7682 41.7627 2.07203 0.226426 -0.974028 -0.000524999
-16.7821 41.7586 3.02291 0.22889 -0.97345 -0.00193458
-16.8157 41.7504 3.49647 0.228524 -0.973538 0.000211388
-17.6883 41.5486 3.5359 0.221593 -0.975137 0.00211072
-17.6431 41.5593 2.29452 0.223427 -0.974713 -0.00212959
-17.7113 41.5448 1.35225 0.225092 -0.974337 -0.00133666
-17.7895 41.5281 0.192662 0.224746 -0.974417 -0.00124943
-17.8501 41.5147 -0.772762 0.220345 -0.97542 -0.000324682
-17.705 41.5471 -1.9861 0.224623 -0.974443 0.00168869
-17.6128 41.5664 -2.95944 0.225642 -0.97421 0.000852182
-17.6172 41.5652 -3.38868 0.227165 -0.97385 0.0024278
-18.5081 41.3595 -3.54258 0.219281 -0.975657 0.00270957
-18.5544 41.3529 -2.38308 0.220816 -0.975305 0.00413691
-18.7151 41.3211 -1.27779 0.218364 -0.975863 0.00224392
-18.7127 41.319 -0.0933271 0.220522 -0.975379 -0.00225643
-18.5975 41.3422 1.05363 0.218468 -0.975838 -0.00026294
-18.5691 41.3496 2.00926 0.215234 -0.976561 0.00169539
-18.5445 41.3566 3.06473 0.213066 -0.977038 0.000556139
-18.5335 41.3591 3.50758 0.215317 -0.976542 -0.00160043
-19.4273 41.1643 3.44977 0.21046 -0.977601 0.000930022
-19.4456 41.1573 2.39745 0.214673 -0.976676 0.00393332
-19.4707 41.1499 1.27952 0.213852 -0.976865 0.000805547
-19.5711 41.1285 0.219885 0.214306 -0.976761 -0.00304993
-19.6406 41.1172 -0.780458 0.213016 -0.977047 -0.00181971
-19.5249 41.1434 -1.76815 0.21106 -0.977465 0.00366337
-19.4022 41.165 -2.74865 0.207129 -0.978305 0.00370371
-19.4102 41.1595 -3.47964 0.208733 -0.977959 0.00371884
-20.353 40.9617 -3.45002 0.204434 -0.978873 0.0037235
-20.4688 40.945 -2.34527 0.197484 -0.980277 0.00335768
-20.4071 40.9553 -1.40907 0.206024 -0.978545 -0.00128777
-20.4445 40.944 -0.294341 0.205738 -0.978574 -0.00807211
-20.4127 40.9479 0.695161 0.207983 -0.978124 0.00385904
-20.4085 40.9544 1.66456 0.201859 -0.979411 0.00262628
-20.3468 40.9712 2.77806 0.200802 -0.979619 0.00502953
-20.3536 40.9734 3.40223 0.197208 -0.980358 0.00129691
-21.411 40.766 3.44498 0.180554 -0.983548 0.00565738
-21.411 40.7589 2.32167 0.18577 -0.982549 0.00909489
-21.411 40.7527 1.09049 0.192688 -0.981224 0.0067086
-21.411 40.7512 -0.152246 0.175715 -0.984388 -0.0100211
-21.411 40.7584 -1.37364 0.189717 -0.981824 -0.00480795
-21.411 40.7546 -2.67219 0.184557 -0.982794 0.00693975
-21.411 40.7482 -3.55856 0.188337 -0.982078 0.00509114
-22.3776 40.573 -3.55103 0.17459 -0.98462 0.00631738
-22.4364 40.5713 -2.58684 0.170796 -0.985259 0.00962124
-22.3581 40.5891 -1.35739 0.168889 -0.985634 -0.00116022
-22.252 40.6065 -0.339957 0.167452 -0.985868 -0.00383996
-22.3315 40.5862 0.890471 0.165497 -0.986168 -0.00543048
-22.2847 40.5951 1.90088 0.167177 -0.98591 0.00534901
-22.3809 40.5879 2.89516 0.173337 -0.984837 0.0070556
-22.3159 40.6003 3.59136 0.180248 -0.983603 0.00522625
-23.3106 40.4423 3.42001 0.140828 -0.990028 0.00341316
-23.3112 40.4339 2.25657 0.143889 -0.989526 0.0110808
-23.2804 40.4353 1.25099 0.148502 -0.988906 -0.00298128
-23.2359 40.4461 0.264051 0.14936 -0.988781 -0.00183045
-23.2609 40.4412 -1.04041 0.16014 -0.987074 0.00271442
-23.3464 40.4181 -2.02828 0.169012 -0.985604 0.00446404
-23.3414 40.4164 -3.31205 0.153805 -0.988084 0.00578586
-23.2867 40.4233 -3.56322 0.152265 -0.988325 0.00491391
-24.2184 40.2874 -3.56355 0.129512 -0.991554 0.00670384
-24.2808 40.2814 -2.59877 0.132511 -0.991171 -0.00464435
-24.229 40.2942 -1.36739 0.137817 -0.990426 0.00659815
-24.1131 40.3146 -0.266362 0.137303 -0.990492 0.00822671
-24.1899 40.3049 0.836558 0.12532 -0.992104 -0.0041902
-24.2438 40.3007 1.87095 0.135339 -0.990764 0.00835307
-24.2791 40.3034 2.87776 0.132279 -0.9912 0.005068
-24.2567 40.3088 3.31731 0.132203 -0.991196 0.0071885
-25.159 40.1922 3.55233 0.127566 -0.9918 0.00749566
-25.1956 40.1797 2.54032 0.117382 -0.993057 0.00732315
-25.1629 40.1804 1.48514 0.122389 -0.992475 0.00331726
-25.0821 40.191 0.435309 0.123748 -0.992255 0.00837965
-25.0868 40.1832 -0.69023 0.127807 -0.991777 0.00657617
-25.1825 40.1663 -1.99045 0.108892 -0.994041 0.00473268
-25.1594 40.1698 -3.26526 0.124568 -0.99221 -0.00059777
-25.145 40.171 -3.49109 0.121718 -0.992524 0.00903242
-26.0554 40.0651 -3.43673 0.102997 -0.994645 0.00756986
-26.1011 40.0691 -2.25178 0.102242 -0.994729 0.00753553
-26.0476 40.0766 -1.18103 0.09888 -0.995097 -0.00072485
-26.0122 40.0809 0.0700901 0.0988593 -0.995086 0.005532
-26.07 40.0802 1.01583 0.0992519 -0.995054 0.00161839
-26.0872 40.0781 1.99388 0.0904968 -0.995894 0.00208231
-26.1038 40.0806 2.94084 0.103013 -0.994637 0.00909898
-26.088 40.0872 3.60614 0.103699 -0.994587 0.00641627
-27.0078 39.9999 3.3515 0.087511 -0.996161 0.00209267
-27.0215 39.9966 2.3431 0.0813731 -0.996681 0.00168158
-26.9893 39.9957 1.37241 0.0823788 -0.996593 0.00295203
-26.9499 39.9923 0.15514 0.0870309 -0.99617 0.00640289
-26.9109 39.9931 -0.889045 0.090478 -0.995898 -0.00130239
-27.0009 39.9829 -1.84484 0.0853487 -0.996338 0.00496044
-26.9934 39.9784 -2.88648 0.0918766 -0.995733 0.00726185
-26.9752 39.9761 -3.31177 0.0839009 -0.996467 0.00355463
-27.8749 39.9048 -3.20907 0.0642974 -0.997926 0.00210578
-27.9096 39.9084 -2.09698 0.0683803 -0.997631 0.00476383
-27.8651 39.9153 -0.878044 0.0682281 -0.997668 0.000977719
-27.8957 39.9187 0.239204 0.0728253 -0.997295 0.00992103
-27.905 39.9245 1.37622 0.0740723 -0.997249 0.00279166
-27.9301 39.9248 2.61519 0.0764491 -0.997071 0.00228711
-27.9244 39.9257 3.29089 0.0788378 -0.996886 -0.00182949
-28.8565 39.8615 3.29973 0.0624457 -0.998037 0.00456159
-28.8556 39.8583 2.25328 0.0612259 -0.998124 7.99294e-05
-28.8253 39.8607 1.17731 0.0628478 -0.998022 0.000404591
-28.8111 39.8588 0.0641495 0.0615218 -0.998088 0.00600973
-28.796 39.8551 -0.928802 0.0614017 -0.998106 0.00339169
-28.8195 39.8513 -1.87508 0.0621526 -0.998064 0.0020709
-28.8004 39.8507 -2.90467 0.0557843 -0.998435 0.00354291
-28.7768 39.8509 -3.50186 0.0532056 -0.998582 0.00110091
-29.6885 39.804 -3.6387 0.0491432 -0.998791 0.00137429
-29.7426 39.8021 -2.51386 0.0464924 -0.998918 0.000604966
-29.7285 39.8029 -1.51318 0.0470625 -0.998892 -0.000127651
-29.7267 39.8049 -0.443038 0.0485848 -0.998806 0.0042654
-29.7505 39.8086 0.651509 0.0531395 -0.99858 0.00363076
-29.7575 39.8048 1.78514 0.0513879 -0.99867 -0.00114574
-29.7684 39.8046 2.74037 0.0519977 -0.998618 0.00675594
-29.783 39.8081 3.24826 0.0551353 -0.998465 0.00493538
-30.6996 39.7642 3.48886 0.0458303 -0.998944 0.00332383
-30.6885 39.7616 2.27316 0.0424596 -0.999098 -0.000857884
-30.6769 39.7626 1.10556 0.0468877 -0.998898 -0.000626043
-30.6573 39.7626 0.111024 0.0460825 -0.998936 0.00134075
-30.6426 39.7628 -0.853895 0.0423977 -0.999098 0.000213135
-30.6333 39.7632 -1.92941 0.0405219 -0.999177 0.00182876
-30.6318 39.7623 -2.88908 0.0412502 -0.999149 0.000682714
-30.6137 39.7621 -3.63659 0.0409298 -0.999161 0.00168324
-31.515 39.7277 -3.49566 0.036304 -0.999339 0.0019194
-31.5522 39.7264 -2.37731 0.0380926 -0.999274 0.000339154
-31.5509 39.728 -1.28193 0.0374344 -0.999297 -0.000605606
-31.533 39.7266 -0.283972 0.0399999 -0.999199 -0.00111337
-31.5816 39.7233 0.809711 0.0396767 -0.999212 0.000560163
-31.6091 39.7234 1.9419 0.0369025 -0.999317 0.00147052
-31.6148 39.7244 2.90188 0.0387337 -0.999247 0.00207192
-31.6361 39.7239 3.23946 0.0403957 -0.999183 -0.00128703
-32.5388 39.6894 3.56668 0.0342009 -0.999413 -0.00158911
-32.5439 39.6914 2.56797 0.0337576 -0.999429 0.00125221
-32.5213 39.6913 1.61096 0.0314188 -0.999506 0.000943637
-32.4908 39.6915 0.494925 0.0324759 -0.99947 -0.00153449
-32.4608 39.6947 -0.697537 0.0320052 -0.999482 -0.00229049
-32.4455 39.6956 -1.75042 0.0292348 -0.999572 0.000372211
-32.4564 39.6956 -2.81987 0.0316644 -0.999498 -0.0012126
-32.437 39.6969 -3.5353 0.0309613 -0.999518 0.00236888
-33.3468 39.6708 -3.59121 0.0248819 -0.99969 -0.00104806
-33.3445 39.6712 -2.3152 0.0261736 -0.999657 -0.000360394
-33.3893 39.6692 -1.08847 0.0262494 -0.999654 -0.00160064
-33.3898 39.6678 0.00534627 0.0260839 -0.999659 -0.00116054
-33.4266 39.6661 0.96946 0.0255196 -0.99967 -0.00282632
-33.4516 39.6629 1.9811 0.0267414 -0.99964 -0.000759298
-33.4644 39.6615 2.92607 0.0283357 -0.999595 -0.00256374
-33.4777 39.6602 3.42575 0.0262432 -0.999655 0.000154776
-34.3863 39.6384 3.44962 0.0209365 -0.999779 -0.00180743
-34.3652 39.6415 2.39474 0.0196551 -0.999802 -0.0030477
-34.3452 39.6429 1.40066 0.0196313 -0.999806 -0.00165256
-34.3178 39.6464 0.0947479 0.0185316 -0.999825 -0.00274283
-34.2964 39.6486 -0.858223 0.020654 -0.999786 -4.77799e-05
-34.2631 39.65 -1.92104 0.0205908 -0.999788 -0.000681328
-34.2619 39.6496 -2.98878 0.0219333 -0.999759 6.09242e-05
-34.2643 39.6495 -3.38448 0.0219878 -0.999758 0.000413974
-35.1722 39.6321 -3.44616 0.0159675 -0.999872 -0.00063237
-35.1666 39.6332 -2.40777 0.0174071 -0.999846 0.00211711
-35.1808 39.6322 -1.39458 0.017316 -0.999849 -0.00114615
-35.2214 39.6308 -0.440132 0.0176994 -0.999843 -0.00025364
-35.247 39.6282 0.502973 0.0161447 -0.999866 -0.0026131
-35.2646 39.6259 1.51232 0.01763 -0.999843 -0.00146448
-35.2762 39.6239 2.59497 0.0173587 -0.999845 -0.00278149
-35.3042 39.6215 3.36454 0.0177959 -0.99984 -0.00142664
-12.4311 42.8012 4.65159 0.238266 -0.9712 -0.000609144
-11.3628 43.0645 4.64124 0.240818 -0.970568 -0.00231125
-9.92865 43.4248 4.70441 0.245901 -0.969293 -0.00135055
-8.75876 43.7237 4.69097 0.247852 -0.968796 -0.0016486
-7.67251 44.0053 4.65427 0.253589 -0.967308 -0.00265133
-6.69381 44.264 4.38087 0.256778 -0.966468 -0.00225623
-6.56444 44.3015 2.99949 0.256911 -0.966433 -0.00202629
-6.56115 44.3046 1.90533 0.256642 -0.966503 -0.00247776
-6.53603 44.3136 0.828858 0.256775 -0.966469 -0.00208856
-6.54258 44.3136 -0.451568 0.257015 -0.966407 -0.000650242
-6.53975 44.3154 -1.62513 0.256531 -0.966536 -0.000975212
-6.57031 44.309 -2.80975 0.254088 -0.96718 -0.00114084
-6.61255 44.2985 -4.17965 0.255904 -0.966702 -0.000529327
-7.42327 44.0861 -4.69346 0.253501 -0.967335 -0.000946918
-8.61938 43.7755 -4.69595 0.249058 -0.968488 -0.000147451
-9.71986 43.4942 -4.67253 0.246552 -0.969129 -0.000205079
-10.8326 43.2131 -4.70669 0.243867 -0.969808 -0.000324097
-12.0769 42.9041 -4.71911 0.23976 -0.970832 -0.00105668
-13.4478 42.5672 -4.61063 0.237023 -0.9715 -0.00254221
-14.5701 42.2943 -4.63165 0.236377 -0.97166 -0.00152476
-15.7204 42.0154 -4.63159 0.2342 -0.972187 -0.000590063
-16.7867 41.7598 -4.64139 0.232268 -0.972652 -0.000128604
-17.9669 41.4808 -4.63228 0.22732 -0.97382 0.000697949
-19.1318 41.2174 -4.68523 0.211213 -0.977429 0.00414247
-20.1737 40.9962 -4.71439 0.204093 -0.978945 0.003463
-21.3322 40.7629 -4.66446 0.189937 -0.981796 7.63741e-05
-22.567 40.5345 -4.63536 0.175755 -0.98443 0.00267652
-23.8871 40.3293 -4.68437 0.146279 -0.989239 0.00208742
-25.128 40.1647 -4.66248 0.119986 -0.992766 0.0044633
-26.3649 40.027 -4.63696 0.0967294 -0.99531 0.000921038
-27.4804 39.9321 -4.6179 0.0662519 -0.997801 -0.000254288
-28.6953 39.8541 -4.69826 0.0593772 -0.998219 0.00568363
-29.7991 39.7963 -4.72942 0.0460455 -0.998924 0.0054689
-31.2169 39.7361 -4.69877 0.038401 -0.999257 0.00231259
-32.298 39.6974 -4.67774 0.0327008 -0.999459 0.00322515
-33.5536 39.665 -4.65478 0.0231328 -0.999728 0.00308045
-34.7275 39.6411 -4.62787 0.0174445 -0.999847 0.00137722
-35.9325 39.6231 -4.6683 0.0111805 -0.999937 0.000675929
-36.5474 39.6164 -3.8427 0.0096213 -0.999954 0.000506587
-36.4666 39.6167 -2.78202 0.00941086 -0.999955 -0.00142704
-36.5001 39.6145 -1.34067 0.0104642 -0.999945 -0.000545304
-36.5225 39.6119 -0.189636 0.0116893 -0.999923 -0.0040866
-36.4899 39.6076 0.962565 0.0139238 -0.999899 -0.00296085
-36.5336 39.6046 2.28661 0.0148229 -0.999889 -0.00160202
-36.5702 39.6017 3.39417 0.013211 -0.99991 -0.00209659
-36.2589 39.6037 4.58619 0.0160167 -0.999869 -0.00234801
-35.1554 39.6223 4.61862 0.0189361 -0.999817 -0.00222329
-33.9849 39.6471 4.61825 0.0246083 -0.999696 0.00039563
-32.6614 39.6854 4.65883 0.0314164 -0.999506 0.00056063
-31.4456 39.7334 4.65741 0.0433108 -0.999062 8.28961e-05
-30.3439 39.7836 4.60396 0.0488289 -0.998805 0.0018236
-29.0829 39.8518 4.60687 0.0611605 -0.998128 0.000123883
-28.0052 39.9224 4.62398 0.0683444 -0.997662 0.000165806
-26.5451 40.0437 4.67188 0.0956872 -0.995382 -0.00240307
-25.4244 40.1665 4.64694 0.115301 -0.993312 0.00427912
-24.104 40.3379 4.62558 0.131275 -0.991327 0.00599389
-22.9215 40.5041 4.66587 0.152558 -0.988239 0.00651052
-21.8716 40.6874 4.66581 0.180914 -0.983483 0.00560429
-20.6019 40.926 4.6531 0.196051 -0.980589 0.0027481
-19.4493 41.1615 4.66734 0.207325 -0.978271 0.00153968
-18.1434 41.4465 4.64834 0.219324 -0.975649 -5.65481e-05
-17.097 41.6856 4.64854 0.225483 -0.974246 -0.000164588
-15.7672 41.9977 4.63197 0.229102 -0.973402 -0.000423365
-14.5068 42.2976 4.59805 0.23379 -0.972284 -0.00256233
-13.2697 42.5967 4.64665 0.235708 -0.971823 -0.00148437
-12.6642 42.744 4.6554 0.238147 -0.971229 -0.000807054
-12.6831 42.7379 5.7196 0.237299 -0.971435 -0.00153135
-13.8075 42.4652 5.69793 0.234717 -0.972063 -0.000816916
-14.9141 42.1999 5.65717 0.231692 -0.972789 -0.000123573
-16.0231 41.9367 5.68526 0.23016 -0.973152 -0.000825636
-17.2144 41.6584 5.70867 0.225297 -0.97429 6.19026e-05
-18.4821 41.371 5.70009 0.216835 -0.976206 -0.00159524
-19.6468 41.1189 5.74784 0.205422 -0.978657 -0.00530306
-20.7302 40.8988 5.71547 0.187587 -0.982234 -0.0043722
-21.7771 40.6998 5.71843 0.177382 -0.984088 -0.00931207
-22.9141 40.5067 5.72837 0.161402 -0.986869 -0.00515322
-24.2325 40.3155 5.67639 0.134158 -0.99094 -0.00538445
-25.3116 40.1751 5.70261 0.12602 -0.991994 -0.00770531
-26.4381 40.0524 5.72691 0.0960096 -0.995354 -0.00541077
-27.7038 39.9432 5.70128 0.0728938 -0.997319 -0.00500115
-28.8144 39.8679 5.66267 0.0645674 -0.9979 -0.00509217
-30.156 39.7924 5.69557 0.0495033 -0.998771 -0.00219604
-31.3434 39.7369 5.71947 0.041351 -0.999144 -0.000967622
-32.6005 39.6883 5.71146 0.0346554 -0.999399 0.000389464
-33.7781 39.6521 5.69688 0.0279502 -0.999609 -0.000697024
-35.0094 39.6229 5.67474 0.0210119 -0.999764 -0.0051829
-36.1935 39.6009 5.71219 0.0176627 -0.999821 -0.00684328
-37.3085 39.5841 5.63361 0.0125929 -0.9999 -0.0063567
-37.6373 39.5865 4.48204 0.0118766 -0.999921 -0.00400391
-37.6514 39.5892 3.13272 0.0114281 -0.999934 -0.00128408
-37.5393 39.5934 1.7229 0.00933895 -0.999953 -0.00246355
-37.5615 39.598 0.412093 0.00891291 -0.999946 -0.00532001
-37.5897 39.6032 -1.05369 0.00707651 -0.999967 -0.00383459
-37.5156 39.6062 -2.18931 0.00595559 -0.999981 -0.00123404
-37.5868 39.6074 -3.49941 0.00643957 -0.999979 -8.53718e-08
-37.5992 39.6073 -4.70227 0.00460133 -0.999989 -0.000454996
-37.1657 39.6096 -5.71449 0.00786311 -0.999964 0.00264325
-35.9091 39.6226 -5.74956 0.0115515 -0.99993 0.00254192
-34.7481 39.639 -5.72121 0.0176764 -0.999839 0.00310621
-33.5871 39.661 -5.71012 0.0202257 -0.99979 0.00324332
-32.4128 39.6926 -5.72751 0.0333599 -0.999437 0.00352025
-31.1428 39.736 -5.76759 0.0377109 -0.999282 0.00353319
-30.0731 39.779 -5.77094 0.0438393 -0.999034 0.00300078
-28.9893 39.8328 -5.78992 0.0552817 -0.998464 0.00366462
-27.9303 39.8987 -5.70655 0.0687923 -0.997626 0.00288816
-26.809 39.9808 -5.70994 0.0781659 -0.996933 0.00333962
-25.5133 40.1095 -5.72871 0.115754 -0.993204 0.0120535
-24.3493 40.2535 -5.75843 0.134899 -0.990787 0.011978
-23.2702 40.4117 -5.72719 0.155072 -0.987815 0.0132118
-22.0865 40.6096 -5.7201 0.181585 -0.983285 0.0117735
-20.8023 40.8589 -5.79527 0.198091 -0.980125 0.0105031
-19.6289 41.1038 -5.74743 0.212582 -0.977108 0.00806043
-18.4343 41.3691 -5.72396 0.223974 -0.97458 0.0035526
-17.2487 41.6489 -5.69857 0.232185 -0.972669 0.00240566
-16.2074 41.8982 -5.71718 0.233787 -0.972288 0.000441906
-15.1175 42.1626 -5.72125 0.235938 -0.971767 -0.00129166
-13.9141 42.4555 -5.70343 0.236324 -0.971673 -0.00174758
-12.554 42.7874 -5.74994 0.238364 -0.971175 -0.000238314
-11.3442 43.086 -5.76404 0.239878 -0.970803 0.000594744
-10.2185 43.368 -5.73657 0.244154 -0.969736 3.93693e-05
-9.11557 43.6479 -5.71531 0.247376 -0.968919 7.68525e-05
-7.81608 43.9829 -5.76244 0.252406 -0.96762 0.00155291
-6.64094 44.2903 -5.73444 0.253151 -0.967425 0.00158977
-5.61714 44.5628 -5.27234 0.25707 -0.966393 0.000380885
-5.53572 44.584 -4.12122 0.257002 -0.96641 -0.000948975
-5.52042 44.5872 -2.87128 0.25683 -0.966457 -0.000429489
-5.53315 44.5832 -1.75066 0.257403 -0.966304 -0.000749502
-5.53716 44.5814 -0.587055 0.257658 -0.966236 -0.000885107
-5.50792 44.5878 0.797798 0.258569 -0.965992 -0.00139768
-5.53796 44.5771 2.16999 0.258315 -0.966058 -0.0021517
-5.53995 44.574 3.3116 0.258743 -0.965944 -0.00202345
-5.56157 44.5656 4.54111 0.258778 -0.965935 -0.00172307
-5.84348 44.4876 5.63823 0.258934 -0.965892 -0.00250473
-6.88997 44.2086 5.68927 0.255441 -0.96682 -0.00313523
-7.97408 43.9248 5.74971 0.250557 -0.968101 -0.0012114
-9.09916 43.6347 5.74339 0.248725 -0.968569 -0.00307924
-10.3104 43.3254 5.73512 0.245462 -0.9694 -0.00333506
-11.5223 43.0224 5.68186 0.239879 -0.9708 -0.00189127
-12.3554 42.8181 5.70893 0.237878 -0.971293 -0.0018537
-12.3212 42.8249 6.77113 0.237505 -0.971385 -0.00136081
-11.2639 43.0844 6.74038 0.239324 -0.970939 -0.00143668
-10.0439 43.3894 6.79246 0.246541 -0.969126 -0.0036086
-8.9799 43.6613 6.79205 0.248056 -0.968738 -0.00381936
-7.71198 43.9893 6.80117 0.253844 -0.967224 -0.00635361
-6.53929 44.2975 6.76441 0.256384 -0.966567 -0.00359881
-5.20338 44.657 6.79338 0.260988 -0.96534 -0.00208223
-4.51329 44.8448 5.85943 0.260661 -0.96543 -0.000434397
-4.49524 44.8515 4.77249 0.259622 -0.965709 -0.00148075
-4.53419 44.8429 3.69756 0.259034 -0.965866 -0.00198571
-4.51631 44.8517 2.48036 0.260446 -0.96548 -0.00395892
-4.50562 44.8571 1.30247 0.261415 -0.965226 -0.000521791
-4.49923 44.8596 -0.0263276 0.260333 -0.965519 -0.000897288
-4.50007 44.8602 -1.16275 0.259986 -0.965612 -0.000345541
-4.51117 44.8578 -2.25679 0.259993 -0.96561 -0.000805476
-4.50232 44.8612 -3.38269 0.261701 -0.965148 -0.000845474
-4.52059 44.8562 -4.47569 0.261812 -0.965118 0.000715291
-4.54036 44.8508 -5.6634 0.259468 -0.965752 0.000314014
-4.86041 44.7635 -6.73344 0.259495 -0.965741 0.00167612
-6.00439 44.4559 -6.78138 0.259884 -0.965603 0.0084401
-7.04185 44.1817 -6.80456 0.252995 -0.967449 0.00593413
-8.16466 43.8912 -6.80006 0.243475 -0.969902 0.00307356
-9.27974 43.6054 -6.76932 0.248488 -0.968632 0.00198961
-10.5471 43.2828 -6.77883 0.244859 -0.969549 0.00421637
-11.6758 43.0029 -6.81066 0.23925 -0.970953 0.00295066
-12.7224 42.7466 -6.81902 0.234639 -0.972081 -0.000315074
-13.8187 42.4807 -6.79029 0.235227 -0.971937 -0.00263813
-14.854 42.2277 -6.80373 0.238885 -0.971043 -0.00298911
-15.9751 41.9531 -6.81495 0.236245 -0.971692 0.00153348
-17.1497 41.6693 -6.79394 0.233565 -0.972323 0.00585667
-18.1992 41.4205 -6.78559 0.229088 -0.973396 0.00428393
-19.3403 41.1561 -6.79729 0.219504 -0.975562 0.00967056
-20.4569 40.9155 -6.82273 0.203923 -0.978871 0.015009
-21.6738 40.6706 -6.80231 0.193843 -0.980805 0.0211156
-22.7424 40.4802 -6.80906 0.160674 -0.986826 0.0189052
-24.0553 40.2762 -6.8311 0.146778 -0.988962 0.019817
-25.2553 40.1195 -6.84064 0.11135 -0.99357 0.0196878
-26.5639 39.9893 -6.8129 0.0866526 -0.995998 0.0189752
-27.7419 39.902 -6.76191 0.0651114 -0.997771 0.0138619
-28.8484 39.8331 -6.83613 0.0551274 -0.998404 0.012226
-30.1211 39.772 -6.83371 0.0438015 -0.999025 0.00549673
-31.2252 39.7286 -6.84143 0.038969 -0.999227 0.00518202
-32.3549 39.6888 -6.79602 0.0316303 -0.999471 0.00732031
-33.433 39.659 -6.78519 0.0212909 -0.999749 0.00662456
-34.7338 39.6345 -6.77937 0.0163688 -0.999846 0.0062721
-35.7976 39.6206 -6.79781 0.0103235 -0.999926 0.00649145
-37.0091 39.6078 -6.83655 0.00805693 -0.999951 0.00509867
-38.0718 39.6035 -6.76539 0.00256831 -0.999993 0.0023844
-38.6505 39.603 -6.0632 0.00326715 -0.999994 -0.000714512
-38.6631 39.6025 -4.94485 0.00402165 -0.999992 -0.000498955
-38.6526 39.6017 -3.86431 0.00406556 -0.999991 -0.000738799
-38.5945 39.6012 -2.80089 0.00438865 -0.99999 -0.00106177
-38.6324 39.599 -1.59052 0.00427124 -0.999985 -0.0034877
-38.6402 39.5932 -0.480636 0.00772384 -0.999952 -0.00598113
-38.6206 39.5882 0.617472 0.00860977 -0.999955 -0.00387762
-38.6485 39.5836 1.9077 0.00680964 -0.999962 -0.0054134
-38.674 39.5787 3.10483 0.00940972 -0.999954 -0.00203451
-38.7047 39.5763 4.22757 0.0103447 -0.999942 -0.00283392
-38.6604 39.5712 5.32199 0.00916406 -0.999938 -0.00627429
-38.584 39.5649 6.51935 0.0106877 -0.99993 -0.00505258
-37.366 39.5764 6.79079 0.0106192 -0.9999 -0.00936291
-36.0479 39.5959 6.76961 0.0173515 -0.99982 -0.00760605
-34.8011 39.6204 6.73358 0.023959 -0.999665 -0.00884581
-33.5291 39.6552 6.77067 0.0302115 -0.999525 -0.00612873
-32.368 39.6934 6.79854 0.0368016 -0.999293 -0.00756856
-30.9967 39.7484 6.75633 0.0407945 -0.999145 -0.00594456
-29.5721 39.8179 6.77974 0.0533647 -0.998547 -0.00750647
-28.4632 39.8845 6.71532 0.0657135 -0.997797 -0.00914997
-27.2346 39.9693 6.76678 0.0769938 -0.996971 -0.0105243
-25.9663 40.0883 6.77745 0.0936803 -0.995446 -0.0176517
-24.7763 40.2233 6.76653 0.12972 -0.991231 -0.0248638
-23.6954 40.3791 6.75627 0.152342 -0.988272 -0.0102105
-22.5935 40.5507 6.82703 0.160424 -0.987011 -0.00849168
-21.5226 40.7329 6.76104 0.179574 -0.983513 -0.0200859
-20.0761 41.0223 6.80746 0.204176 -0.978823 -0.0143506
-19.0297 41.245 6.7754 0.213039 -0.977025 -0.00581702
-17.7311 41.5379 6.775 0.223394 -0.974726 -0.00190298
-16.4737 41.8302 6.75257 0.227475 -0.973784 -0.000787884
-15.4353 42.0748 6.7503 0.230309 -0.973117 -0.00127638
-14.0936 42.3949 6.7813 0.233196 -0.972428 -0.00176586
-12.8535 42.6949 6.77798 0.236224 -0.971697 -0.00159968
-12.4202 42.8007 6.77467 0.237319 -0.971431 -0.00135328
