34.4557 47.3047 1.53667 -0.259203 -0.965823 -0.000221822
34.4213 47.3136 2.72 -0.259012 -0.965874 5.84834e-05
34.3812 47.3245 3.29884 -0.258871 -0.965912 0.000258986
33.5369 47.5505 3.51641 -0.25775 -0.966212 -0.000123681
33.6022 47.533 2.20394 -0.258161 -0.966102 -0.000178748
33.628 47.5264 1.12523 -0.258133 -0.966109 -0.000246836
33.554 47.5464 -0.0959103 -0.258754 -0.965943 -6.85668e-05
33.5144 47.5568 -1.20499 -0.258454 -0.966024 0.000376067
33.4614 47.5708 -2.26098 -0.258411 -0.966035 0.000129904
33.5053 47.5592 -3.42216 -0.258112 -0.966115 -0.00025687
32.6765 47.7803 -3.51436 -0.256728 -0.966484 0.000323542
32.5984 47.8011 -2.37392 -0.257571 -0.966259 -6.23342e-05
32.6531 47.7867 -1.37765 -0.257495 -0.96628 5.69551e-05
32.7195 47.7692 -0.357286 -0.256779 -0.96647 -5.50353e-05
32.7733 47.7547 0.80347 -0.257637 -0.966242 -0.000377456
32.7831 47.7515 2.09279 -0.256913 -0.966434 -0.000415584
32.7185 47.7687 3.17332 -0.257147 -0.966372 9.7141e-05
32.6832 47.7781 3.58327 -0.256794 -0.966466 -0.000152018
31.8296 48.0048 3.56884 -0.256519 -0.966539 -0.000329329
31.9283 47.9786 2.58722 -0.256789 -0.966467 0.000367195
31.9573 47.971 1.52476 -0.256187 -0.966627 -0.000506535
31.9152 47.9825 0.44708 -0.2562 -0.966624 -0.000172917
31.8444 48.0017 -0.773732 -0.256517 -0.96654 -0.000502293
31.7733 48.0208 -1.78753 -0.256015 -0.966673 0.000360148
31.7886 48.0163 -2.96098 -0.255718 -0.966752 0.00012181
31.8236 48.0069 -3.59718 -0.25626 -0.966608 0.000402945
30.9795 48.2303 -3.54146 -0.255709 -0.966754 0.000206212
30.9361 48.2421 -2.46217 -0.255402 -0.966835 0.000107762
30.9466 48.2393 -1.35529 -0.255319 -0.966857 1.3995e-05
31.0547 48.2106 -0.309987 -0.255733 -0.966747 -0.000270602
31.1035 48.1975 0.641037 -0.255763 -0.966739 -0.000337902
31.1153 48.1941 1.76594 -0.255915 -0.966699 3.4677e-05
31.0419 48.2136 3.05779 -0.255541 -0.966798 -8.18671e-05
31.0208 48.2192 3.25331 -0.255141 -0.966904 -0.000290991
30.1276 48.4547 3.61378 -0.25491 -0.966965 -0.000105154
30.2669 48.4181 2.37457 -0.254993 -0.966943 -6.08793e-05
30.2862 48.4131 1.12968 -0.254918 -0.966963 -0.000113715
30.2532 48.422 0.0461385 -0.254823 -0.966988 -0.000260684
30.1393 48.4522 -0.959468 -0.254859 -0.966978 -7.67268e-05
30.0884 48.4657 -1.93266 -0.254752 -0.967006 -0.000103423
30.1164 48.4583 -3.01608 -0.254785 -0.966998 -9.55006e-06
30.1527 48.4487 -3.57149 -0.255258 -0.966873 0.000231717
29.317 48.6689 -3.3865 -0.254456 -0.967084 0.000387487
29.2588 48.6841 -2.41584 -0.254516 -0.967068 -9.97497e-05
29.2605 48.6835 -1.15367 -0.254156 -0.967163 -0.000247147
29.4196 48.6414 0.0496909 -0.2542 -0.967152 -0.000194937
29.4426 48.6351 1.19038 -0.254247 -0.967139 -4.63508e-05
29.4203 48.6411 2.24979 -0.254195 -0.967153 5.56152e-05
29.3283 48.6653 3.21101 -0.254353 -0.967112 -0.000118385
29.2873 48.676 3.57191 -0.254155 -0.967163 -0.000169494
28.4474 48.8965 3.42205 -0.253352 -0.967374 -8.31089e-06
28.5793 48.8619 2.19758 -0.253459 -0.967346 -1.20653e-05
28.6088 48.8543 1.19869 -0.253688 -0.967286 -0.000113609
28.5453 48.8711 -0.0107699 -0.253687 -0.967286 -0.000223581
28.3695 48.9175 -1.35965 -0.253414 -0.967358 -0.000342763
28.4353 48.9005 -2.5281 -0.253838 -0.967247 -0.000169627
28.4686 48.8917 -3.58292 -0.253982 -0.967209 -2.53933e-06
27.621 49.1138 -3.51614 -0.253387 -0.967365 -0.000243475
27.5915 49.1214 -2.46538 -0.253212 -0.967411 -7.17469e-05
27.5041 49.1442 -1.26465 -0.253035 -0.967457 -9.49645e-05
27.6703 49.1004 -0.206484 -0.253275 -0.967394 -0.000375447
27.7935 49.068 0.926079 -0.253161 -0.967424 6.38712e-05
27.7327 49.0838 2.03203 -0.253174 -0.967421 -0.000119572
27.6577 49.1034 3.02411 -0.253359 -0.967372 -0.000231905
27.6035 49.1176 3.4377 -0.253176 -0.96742 -1.99202e-05
26.7496 49.341 3.39075 -0.253176 -0.96742 -0.000187041
26.8362 49.3184 2.41782 -0.252844 -0.967507 -0.000135857
26.953 49.2879 1.379 -0.252968 -0.967475 -6.26851e-05
26.8893 49.3047 0.348446 -0.253039 -0.967456 -0.000204213
26.7048 49.353 -0.747596 -0.252848 -0.967506 -0.000202445
26.6402 49.3701 -1.70625 -0.252709 -0.967542 -0.000250675
26.7905 49.3309 -2.64771 -0.252769 -0.967527 -7.50787e-05
26.7974 49.3292 -3.55766 -0.253019 -0.967461 -0.00031025
25.981 49.5425 -3.43891 -0.252616 -0.967567 -0.000231238
25.9182 49.5588 -2.43134 -0.25274 -0.967534 -4.04852e-05
25.8246 49.5831 -1.453 -0.252582 -0.967575 -0.000146869
25.9241 49.557 -0.29951 -0.252544 -0.967585 -3.28415e-05
26.029 49.5295 0.729895 -0.252569 -0.967579 -0.000161475
26.0275 49.5298 1.69259 -0.252958 -0.967477 -6.51658e-05
26.0012 49.5367 2.75349 -0.252747 -0.967532 -7.41152e-05
25.872 49.5703 3.48396 -0.252585 -0.967575 -0.000169949
25.0837 49.776 3.28212 -0.252413 -0.96762 -5.96163e-06
25.0356 49.7886 2.15143 -0.252356 -0.967634 2.19125e-05
25.0202 49.7928 1.10173 -0.252366 -0.967632 2.97463e-05
25.0077 49.7961 -0.162408 -0.252363 -0.967633 -0.000125781
25.0461 49.7862 -1.37405 -0.25228 -0.967654 -1.31264e-05
25.04 49.788 -2.45901 -0.252342 -0.967638 -0.000280263
25.059 49.7831 -3.42117 -0.252377 -0.967629 -2.22792e-05
24.1999 50.0072 -3.60809 -0.25214 -0.967691 -0.000277003
24.1635 50.0165 -2.45605 -0.252203 -0.967674 -0.000164118
24.1978 50.0074 -1.4827 -0.252289 -0.967652 -0.000216812
24.1914 50.0089 -0.427193 -0.252169 -0.967683 -0.00021289
24.1845 50.0106 0.56877 -0.252293 -0.967651 -2.43375e-06
24.1763 50.0127 1.75703 -0.252202 -0.967675 4.71045e-05
24.1794 50.0119 3.02413 -0.252167 -0.967684 7.07768e-05
24.1796 50.0118 3.57192 -0.252243 -0.967664 -0.000183991
23.2403 50.2565 3.38363 -0.252201 -0.967675 6.58685e-05
23.2907 50.2435 2.40343 -0.252164 -0.967684 -7.84362e-05
23.2856 50.2448 1.33125 -0.252147 -0.967689 8.49516e-05
23.5019 50.1886 0.246497 -0.252065 -0.96771 -1.33525e-05
23.2785 50.2469 -0.702808 -0.252093 -0.967703 -0.000124183
23.3673 50.2239 -1.8465 -0.251929 -0.967746 -5.37092e-05
23.3245 50.2352 -2.83048 -0.252198 -0.967676 -0.000239433
23.2973 50.2423 -3.47389 -0.252179 -0.96768 -0.00032542
22.4411 50.4654 -3.49856 -0.251949 -0.96774 -7.36643e-05
22.4913 50.4521 -2.47397 -0.252024 -0.967721 -2.89678e-05
22.4886 50.4527 -1.47427 -0.252119 -0.967696 6.85065e-06
22.5483 50.4371 -0.438598 -0.252103 -0.967701 4.09614e-05
22.5228 50.4436 0.862829 -0.252149 -0.967688 -9.65465e-05
22.4184 50.4708 1.86779 -0.252174 -0.967682 -0.000166992
22.3773 50.4814 2.85003 -0.252228 -0.967668 -4.06855e-05
22.3378 50.4918 3.51908 -0.252111 -0.967698 3.40755e-06
21.4898 50.7127 3.43002 -0.252005 -0.967726 6.92215e-05
21.5432 50.6988 2.42624 -0.252249 -0.967662 2.14139e-05
21.6149 50.6801 1.432 -0.251914 -0.96775 -1.67132e-05
21.7379 50.6481 0.446326 -0.252036 -0.967718 -0.000117089
21.7042 50.657 -0.529155 -0.252008 -0.967725 -8.51372e-05
21.6702 50.666 -1.69222 -0.251986 -0.967731 -0.000128589
21.6371 50.6747 -2.83187 -0.252116 -0.967697 -1.68421e-06
21.6114 50.6815 -3.33845 -0.251882 -0.967758 -7.21842e-05
20.7607 50.903 -3.63265 -0.251939 -0.967743 -0.000212245
20.8057 50.8912 -2.5676 -0.252083 -0.967706 7.24916e-05
20.8553 50.8781 -1.39801 -0.252199 -0.967675 -0.00010997
20.8889 50.8693 -0.395905 -0.252141 -0.96769 2.8075e-05
20.8646 50.8756 0.682302 -0.252059 -0.967712 -9.95193e-05
20.7553 50.904 1.65844 -0.252186 -0.967679 7.42151e-05
20.6672 50.927 2.93199 -0.252067 -0.96771 -6.57371e-05
20.6516 50.9311 3.42972 -0.251996 -0.967728 -0.000133242
19.8069 51.1511 3.526 -0.252162 -0.967685 2.90861e-06
19.8516 51.1396 2.47079 -0.252097 -0.967702 3.69961e-05
19.941 51.1163 1.40607 -0.25208 -0.967706 -7.43212e-05
20.0522 51.0873 0.307239 -0.252248 -0.967663 -2.28495e-05
20.0503 51.0878 -0.791622 -0.252224 -0.967669 -0.000140478
19.9936 51.1027 -1.81798 -0.251973 -0.967734 -6.71414e-06
19.9469 51.115 -3.01336 -0.252059 -0.967712 -9.10946e-05
19.9052 51.1258 -3.6265 -0.25226 -0.967659 -4.18336e-05
19.0558 51.347 -3.60136 -0.252015 -0.967723 -0.000104113
19.1425 51.3244 -2.26175 -0.252163 -0.967685 -8.94391e-05
19.1907 51.3118 -1.24018 -0.252303 -0.967648 -3.00527e-05
19.2208 51.3039 -0.236983 -0.25196 -0.967738 -2.22151e-05
19.1537 51.3214 0.89814 -0.252174 -0.967682 -0.000112367
19.041 51.3508 2.02348 -0.25203 -0.967719 -6.00375e-05
18.996 51.3625 3.05985 -0.252249 -0.967662 7.02994e-05
18.9826 51.366 3.37048 -0.252252 -0.967662 -2.14921e-05
18.1457 51.5841 3.57629 -0.252103 -0.967701 -0.000105861
18.1815 51.5747 2.56253 -0.252182 -0.96768 9.63107e-06
18.2645 51.5531 1.39774 -0.252254 -0.967661 -0.000109583
18.3426 51.5328 0.321327 -0.252273 -0.967656 7.81361e-05
18.3791 51.5233 -0.66547 -0.25219 -0.967678 -3.75537e-05
18.3278 51.5367 -1.73987 -0.252205 -0.967674 -5.43737e-05
18.2748 51.5505 -2.72122 -0.252167 -0.967684 -3.97552e-05
18.2408 51.5595 -3.57772 -0.252222 -0.967669 -5.97816e-05
17.4234 51.7725 -3.45823 -0.252337 -0.967639 -4.19721e-05
17.4623 51.7624 -2.37992 -0.252294 -0.967651 -3.68733e-05
17.4983 51.753 -1.38481 -0.252302 -0.967649 1.89441e-05
17.5282 51.7451 -0.313289 -0.252328 -0.967642 2.45559e-05
17.4901 51.7551 0.717657 -0.252339 -0.967639 3.74054e-06
17.3896 51.7812 1.80848 -0.252323 -0.967643 6.89777e-05
17.3213 51.7991 2.82735 -0.25232 -0.967644 -3.63497e-05
17.2916 51.8067 3.59942 -0.25234 -0.967639 4.46425e-06
16.4468 52.0271 3.46021 -0.252338 -0.967639 3.20301e-07
16.5129 52.0099 2.19668 -0.25239 -0.967626 -0.000116379
16.6037 51.9861 1.10761 -0.252446 -0.967611 2.95982e-05
16.6691 51.9691 0.152904 -0.252283 -0.967653 5.21042e-05
16.6776 51.9669 -1.06917 -0.252224 -0.967669 -8.54365e-06
16.6385 51.9771 -2.16405 -0.25224 -0.967665 -5.23223e-05
16.5927 51.9892 -3.14874 -0.252282 -0.967654 -5.02167e-05
16.5728 51.9943 -3.53923 -0.252307 -0.967647 1.09646e-05
15.7406 52.2113 -3.25234 -0.252362 -0.967633 0.000111612
15.8127 52.1924 -2.12784 -0.252362 -0.967633 -1.20051e-06
15.8531 52.1819 -0.959604 -0.25227 -0.967657 -7.42312e-05
15.8373 52.186 0.410482 -0.252267 -0.967658 6.18513e-05
15.7132 52.2184 1.67051 -0.25225 -0.967662 -2.33895e-05
15.6294 52.2404 2.64124 -0.252426 -0.967616 5.66801e-05
15.6154 52.244 3.11215 -0.252422 -0.967617 -0.000126952
14.9435 52.4192 0.908943 -0.252309 -0.967647 0.000127358
15.0093 52.402 -0.0624177 -0.25224 -0.967665 0.000105488
15.0166 52.4 -1.03161 -0.252336 -0.96764 -3.52525e-05
14.9735 52.4113 -2.02961 -0.252354 -0.967635 2.38131e-05
14.9252 52.4239 -2.74287 -0.252362 -0.967633 2.38355e-05
17.8973 51.6489 4.6999 -0.252309 -0.967647 8.23115e-05
19.0024 51.3608 4.67532 -0.252202 -0.967675 -0.000104176
20.0326 51.0922 4.71638 -0.25203 -0.96772 2.645e-05
21.0525 50.8266 4.70055 -0.252099 -0.967701 2.02976e-05
22.2267 50.5207 4.71074 -0.252222 -0.967669 0.000119239
23.267 50.2496 4.67624 -0.252162 -0.967685 0.000235289
24.4781 49.9339 4.62909 -0.252372 -0.96763 -4.23432e-05
25.5519 49.6537 4.63946 -0.252496 -0.967598 -4.57415e-06
26.7782 49.3334 4.69222 -0.252844 -0.967507 -4.67424e-06
28.0094 49.0113 4.66482 -0.253428 -0.967354 -0.000124881
29.0817 48.73 4.6728 -0.254115 -0.967174 0.000144918
30.4211 48.3773 4.68733 -0.255201 -0.966888 0.00036075
31.5463 48.0799 4.6695 -0.256366 -0.96658 0.000145431
32.7278 47.7662 4.65924 -0.256909 -0.966436 0.000190511
34.0448 47.4147 4.60615 -0.258515 -0.966007 0.000157339
35.3639 47.0605 4.47596 -0.26009 -0.965584 0.000117176
35.5535 47.0095 3.35532 -0.259841 -0.965651 -3.32907e-05
35.498 47.0245 2.02853 -0.259624 -0.96571 -0.000266273
35.4845 47.0283 0.804797 -0.260066 -0.965591 0.00039135
35.5197 47.0183 -0.500029 -0.260119 -0.965576 0.000230455
35.5357 47.0136 -1.65483 -0.260632 -0.965438 0.000123285
35.5164 47.019 -2.84368 -0.260597 -0.965448 -0.000475412
35.4791 47.0287 -4.07752 -0.260615 -0.965443 0.00057576
34.5727 47.2727 -4.6559 -0.259731 -0.965681 0.000202605
33.3843 47.5913 -4.70305 -0.258314 -0.966061 0.000641921
32.2054 47.9053 -4.73651 -0.256708 -0.966489 0.000116369
31.0646 48.2079 -4.75663 -0.255766 -0.966739 -0.000176676
29.9784 48.4947 -4.73136 -0.254983 -0.966946 -0.000224162
28.9668 48.7609 -4.68868 -0.254277 -0.967131 -0.000432167
27.7259 49.0867 -4.63149 -0.25345 -0.967348 -0.000240391
26.5291 49.3997 -4.64372 -0.252816 -0.967514 -0.000253745
25.4871 49.6718 -4.66021 -0.25262 -0.967565 -0.000272433
24.2769 49.9874 -4.69502 -0.252234 -0.967666 -0.000366558
23.1643 50.2772 -4.72775 -0.252035 -0.967718 -0.000214482
22.0316 50.5722 -4.71815 -0.251962 -0.967737 -0.000131271
20.7175 50.9144 -4.70809 -0.251923 -0.967747 -0.000155813
19.5245 51.225 -4.70968 -0.252023 -0.967721 -5.38142e-05
18.2634 51.5537 -4.73375 -0.252124 -0.967695 6.15017e-05
17.2197 51.8257 -4.6606 -0.252295 -0.96765 -0.000134173
16.0334 52.135 -4.64937 -0.252308 -0.967647 8.26199e-05
14.9577 52.4155 -4.67362 -0.252323 -0.967643 -2.83718e-05
13.9054 52.69 -4.13273 -0.252416 -0.967619 2.12558e-05
13.8664 52.7001 -2.8535 -0.252627 -0.967564 5.7552e-05
13.8325 52.7089 -1.55194 -0.252398 -0.967624 -8.10204e-05
13.8585 52.7022 -0.480635 -0.2526 -0.967571 -4.79179e-05
13.8621 52.7012 0.636965 -0.252421 -0.967618 -7.24656e-05
13.8622 52.7013 1.70428 -0.252356 -0.967634 -5.39182e-05
13.8556 52.7029 2.93011 -0.25249 -0.9676 0.000118085
13.9106 52.6886 4.2345 -0.252483 -0.967601 -1.82822e-05
14.8169 52.4522 4.64206 -0.252441 -0.967612 -7.39597e-05
15.9373 52.16 4.61897 -0.252245 -0.967663 1.52411e-05
17.2765 51.8107 4.69018 -0.252341 -0.967638 0.000245052
17.4041 51.7774 4.69662 -0.252367 -0.967632 0.00013954
17.1937 51.8323 5.71877 -0.252306 -0.967648 -0.000120398
16.1152 52.1136 5.68389 -0.252446 -0.967611 0.00010525
15.1131 52.3749 5.71424 -0.252665 -0.967554 8.16153e-05
14.0145 52.6616 5.74374 -0.252429 -0.967615 0.000175256
13.0359 52.9169 5.5654 -0.252395 -0.967624 -0.000101606
12.8354 52.9691 4.4311 -0.252537 -0.967587 -5.81855e-05
12.7949 52.9797 3.36516 -0.252465 -0.967606 -1.94667e-05
12.8253 52.9718 2.31213 -0.252545 -0.967585 2.09418e-05
12.8442 52.9668 1.11257 -0.252522 -0.967591 -6.12426e-05
12.8475 52.966 -0.015722 -0.252615 -0.967567 8.85176e-05
12.8239 52.9721 -1.09291 -0.252569 -0.967579 -3.96015e-05
12.8258 52.9717 -2.36401 -0.252351 -0.967636 -1.2438e-05
12.8388 52.9683 -3.66264 -0.252329 -0.967642 -9.86173e-05
12.8254 52.9718 -5.10567 -0.252547 -0.967585 1.22612e-05
13.5188 52.7908 -5.70296 -0.252278 -0.967655 5.17516e-06
14.8539 52.4426 -5.73958 -0.252367 -0.967632 1.83664e-05
16.1292 52.11 -5.71081 -0.25238 -0.967628 5.7614e-05
17.1319 51.8486 -5.71402 -0.252184 -0.967679 -5.81317e-05
18.1801 51.5754 -5.78136 -0.25208 -0.967706 1.22498e-05
19.3407 51.273 -5.77173 -0.252135 -0.967692 -4.06185e-05
20.5225 50.9652 -5.76977 -0.252014 -0.967724 -0.000170837
21.8667 50.6153 -5.7526 -0.252026 -0.96772 -0.000248928
22.9499 50.3333 -5.76417 -0.252042 -0.967716 -0.000205462
24.1233 50.0276 -5.7836 -0.252173 -0.967682 -0.000224869
25.46 49.6793 -5.71512 -0.252377 -0.967629 -0.000406998
26.7113 49.3525 -5.72982 -0.252729 -0.967537 -0.000474913
27.7773 49.0736 -5.71731 -0.253452 -0.967348 -0.000310727
28.8852 48.7828 -5.74523 -0.254083 -0.967182 -0.000619882
29.9685 48.4978 -5.78758 -0.254885 -0.966971 -0.000797663
31.1413 48.188 -5.80618 -0.255847 -0.966717 -0.000724721
32.4563 47.8389 -5.76572 -0.256854 -0.96645 -0.000567454
33.6911 47.509 -5.75769 -0.258794 -0.965932 -0.000492446
34.7896 47.2139 -5.70045 -0.260101 -0.965581 -0.000130709
35.9649 46.8972 -5.70133 -0.260735 -0.96541 -0.000495053
36.5368 46.7426 -4.72205 -0.261073 -0.965319 7.39331e-05
36.4978 46.7537 -3.64484 -0.261566 -0.965186 0.000326121
36.5301 46.7448 -2.36024 -0.261511 -0.9652 -7.10539e-05
36.5719 46.7338 -1.18332 -0.261003 -0.965338 0.000516011
36.5307 46.7459 -0.0354992 -0.260504 -0.965472 0.00071097
36.5139 46.7507 1.05663 -0.260566 -0.965456 -3.58123e-05
36.5724 46.7349 2.29305 -0.26062 -0.965441 -0.000224153
36.5841 46.7314 3.55745 -0.261057 -0.965323 -0.000328293
36.531 46.7456 4.68301 -0.261597 -0.965177 -8.2371e-05
36.1324 46.8535 5.68164 -0.26061 -0.965444 0.000282746
34.9638 47.1685 5.66558 -0.25973 -0.965681 0.000514756
33.9041 47.4526 5.67487 -0.258164 -0.966101 0.000438291
32.8828 47.7251 5.71217 -0.257367 -0.966314 0.000491429
31.72 48.0341 5.72048 -0.256581 -0.966523 0.000347811
30.6464 48.3182 5.73171 -0.255309 -0.966859 0.000244534
29.4682 48.6285 5.73409 -0.254291 -0.967128 0.000328602
28.4583 48.8936 5.72586 -0.25361 -0.967306 0.00012293
27.2769 49.203 5.72917 -0.253045 -0.967454 0.000141376
26.259 49.4691 5.72782 -0.25284 -0.967508 0.000137884
25.1629 49.7552 5.69584 -0.252488 -0.9676 0.000124781
24.1115 50.0295 5.71323 -0.252269 -0.967657 5.41685e-05
22.8864 50.3488 5.73095 -0.25225 -0.967662 2.08103e-05
21.7456 50.6461 5.73771 -0.252092 -0.967703 5.42489e-08
20.5188 50.9656 5.76156 -0.252054 -0.967713 5.36512e-05
19.3977 51.2577 5.71411 -0.252294 -0.967651 9.19461e-05
18.2036 51.569 5.7314 -0.252204 -0.967674 9.38507e-05
17.5122 51.7492 5.73608 -0.252287 -0.967653 -0.000101333
17.5962 51.7273 6.75934 -0.252232 -0.967667 -8.55857e-06
16.3175 52.0607 6.73111 -0.252391 -0.967625 2.0499e-05
15.2246 52.3458 6.77305 -0.252408 -0.967621 -4.74825e-05
14.2025 52.6124 6.8135 -0.252418 -0.967618 -2.61176e-05
13.1988 52.8744 6.82447 -0.252388 -0.967626 -4.41451e-05
12.1334 53.1524 6.69703 -0.252574 -0.967578 4.52621e-05
11.8818 53.218 5.70907 -0.252473 -0.967604 -5.42991e-05
11.8135 53.2358 4.60209 -0.252547 -0.967585 -8.35899e-05
11.7765 53.2454 3.40141 -0.252541 -0.967586 2.20092e-05
11.7716 53.2467 2.29034 -0.252439 -0.967613 8.20643e-05
11.798 53.2398 1.13192 -0.252324 -0.967643 7.34135e-05
11.8338 53.2305 0.0569205 -0.252418 -0.967618 0.000174865
11.7707 53.2469 -1.05153 -0.252475 -0.967604 -3.60817e-05
11.8074 53.2373 -2.13804 -0.252457 -0.967608 5.33999e-05
11.8066 53.2375 -3.37192 -0.252486 -0.967601 -6.79023e-05
11.8333 53.2306 -4.56044 -0.25243 -0.967615 0.000144979
11.7746 53.2459 -5.67764 -0.252365 -0.967632 0.000102329
12.1239 53.1547 -6.72429 -0.252373 -0.96763 -8.63301e-05
13.161 52.8842 -6.81553 -0.252446 -0.967611 7.31896e-05
14.1946 52.6146 -6.83502 -0.252383 -0.967627 0.000179074
15.4084 52.2979 -6.79078 -0.252374 -0.96763 3.12856e-07
16.4447 52.0278 -6.77124 -0.25219 -0.967678 0.000117229
17.506 51.751 -6.79149 -0.252183 -0.96768 -4.86454e-05
18.7976 51.4145 -6.82823 -0.252108 -0.967699 -3.95794e-06
19.8373 51.1437 -6.80604 -0.252075 -0.967708 5.19767e-05
20.889 50.87 -6.81879 -0.251794 -0.967781 -0.000147735
22.0509 50.5675 -6.80536 -0.25186 -0.967764 -3.20285e-05
23.175 50.2749 -6.81111 -0.251778 -0.967785 -6.89818e-05
24.2317 49.9998 -6.85203 -0.252014 -0.967723 -0.000493533
25.5576 49.6543 -6.77782 -0.25239 -0.967626 -0.000558562
26.6379 49.3724 -6.82484 -0.252755 -0.96753 -0.000568494
27.6935 49.0962 -6.78954 -0.25325 -0.9674 -0.000802857
28.7154 48.8283 -6.79755 -0.253926 -0.967223 -0.000756159
29.8066 48.5414 -6.81944 -0.25483 -0.966985 -0.00114613
31.0604 48.21 -6.82886 -0.255992 -0.966679 -0.000705712
32.1513 47.9207 -6.80529 -0.256667 -0.9665 -0.000720982
33.3197 47.609 -6.83124 -0.258746 -0.965945 -0.000265558
34.3186 47.3412 -6.77845 -0.259452 -0.965754 -0.00161505
35.3814 47.0553 -6.77626 -0.260006 -0.965606 -0.00100001
36.4853 46.7571 -6.78418 -0.262278 -0.964992 -0.000941727
37.4463 46.4956 -6.55462 -0.262908 -0.964821 -1.24323e-05
37.5883 46.4575 -5.24495 -0.262345 -0.964974 0.000856991
37.5482 46.4691 -4.17276 -0.26149 -0.965206 0.000321583
37.5293 46.4739 -2.97367 -0.262147 -0.965028 -0.000589148
37.5489 46.4686 -1.91211 -0.26221 -0.965011 0.000595576
37.5732 46.4634 -0.589921 -0.261236 -0.965274 0.00117545
37.5385 46.474 0.459843 -0.260512 -0.96547 0.00101425
37.5801 46.4628 1.69281 -0.260798 -0.965393 -0.000246853
37.6133 46.4534 2.77314 -0.261429 -0.965222 -0.000796862
37.5858 46.4597 3.95748 -0.261904 -0.965093 -0.000904704
37.5687 46.4643 4.9982 -0.262107 -0.965039 0.000664637
37.4801 46.4891 6.45653 -0.261615 -0.965172 0.000531659
36.5272 46.7473 6.78221 -0.261059 -0.965322 0.000968323
35.4673 47.0337 6.80463 -0.260549 -0.96546 0.00106434
34.4361 47.3109 6.69672 -0.258591 -0.965986 0.000872284
33.2189 47.6363 6.77853 -0.257936 -0.966161 0.00139251
32.1585 47.9184 6.76919 -0.256873 -0.966445 0.000641837
31.1021 48.1983 6.77532 -0.255431 -0.966827 0.000792882
30.0971 48.4635 6.77338 -0.254732 -0.967012 0.000566484
29.0079 48.7499 6.78497 -0.254097 -0.967179 0.000686243
27.8514 49.0531 6.77331 -0.253084 -0.967444 0.000511956
26.721 49.3486 6.78885 -0.25265 -0.967558 0.000266929
25.4128 49.6902 6.75157 -0.252558 -0.967582 0.00031789
24.323 49.9745 6.76849 -0.252268 -0.967657 0.000380391
23.3021 50.2406 6.76997 -0.252006 -0.967726 0.000195393
22.0878 50.5569 6.76815 -0.252044 -0.967716 5.56815e-05
21.079 50.8197 6.77411 -0.252103 -0.9677 1.39264e-05
20.0129 51.0975 6.78167 -0.25205 -0.967714 -8.87462e-05
18.818 51.4088 6.75064 -0.252344 -0.967638 -7.28466e-05
17.7879 51.6774 6.76021 -0.252207 -0.967673 -9.15458e-05
