-8.16021 44.4044 3.39308 0.2523 -0.967645 -0.00297268
-8.21818 44.392 2.44601 0.252555 -0.96758 -0.00203386
-8.26725 44.3817 1.25413 0.25189 -0.967753 -0.00222109
-8.23361 44.3919 0.295296 0.252372 -0.96763 -0.000864995
-8.17764 44.408 -0.89812 0.251377 -0.967886 -0.00224309
-8.1806 44.4101 -2.20228 0.250967 -0.967994 -0.00170982
-8.18229 44.4107 -3.27376 0.250644 -0.968079 -0.000379797
-9.07205 44.1808 -3.51817 0.249305 -0.968424 -0.00137988
-9.0559 44.1833 -2.39655 0.248601 -0.968605 -0.00129142
-9.04485 44.1845 -1.16494 0.249648 -0.968335 -0.00186797
-9.06236 44.178 -0.203465 0.248917 -0.968523 -0.00185255
-9.143 44.1552 1.12567 0.249031 -0.968495 -0.00120475
-9.09587 44.1642 2.37157 0.249878 -0.968275 -0.002106
-9.06025 44.1709 3.35478 0.250215 -0.968187 -0.00268907
-9.93447 43.9465 3.3059 0.246679 -0.969096 -0.00157868
-9.98172 43.9367 2.32662 0.247611 -0.968855 -0.00292784
-10.01 43.9321 1.35473 0.248265 -0.96869 -0.00197143
-9.98725 43.9398 0.361359 0.248542 -0.96862 -0.00164925
-9.88943 43.9671 -0.733091 0.247975 -0.968764 -0.00233669
-9.91202 43.9633 -1.86715 0.247536 -0.968878 -0.00133679
-9.9321 43.9594 -3.18831 0.245911 -0.969292 -0.000619356
-9.93127 43.9598 -3.33174 0.246755 -0.969075 -0.00197125
-10.7911 43.7421 -3.39719 0.245343 -0.969436 -0.00116565
-10.7993 43.7395 -2.25216 0.243461 -0.96991 -0.00123777
-10.776 43.7439 -1.28198 0.242782 -0.970078 -0.00239293
-10.7978 43.7358 -0.315602 0.244558 -0.969632 -0.00219348
-10.8646 43.7163 0.878577 0.242933 -0.970039 -0.0029206
-10.8657 43.7129 1.8659 0.246088 -0.969242 -0.00331349
-10.8287 43.7208 2.86333 0.243739 -0.96984 -0.000944206
-10.7929 43.7292 3.45874 0.244107 -0.969747 -0.00130451
-11.6709 43.5094 3.45321 0.240804 -0.970573 -0.00148082
-11.7353 43.495 2.49501 0.24129 -0.970452 -0.00105772
-11.7368 43.4967 1.37167 0.24172 -0.970342 -0.0025918
-11.6981 43.5094 0.223319 0.242314 -0.970195 -0.00250903
-11.6449 43.5248 -0.785582 0.242368 -0.970182 -0.00188009
-11.6327 43.5299 -1.71573 0.242897 -0.970051 -0.00104227
-11.6773 43.5204 -2.94586 0.242447 -0.970164 -0.000469862
-11.6776 43.5203 -3.45395 0.241131 -0.970491 -0.000479396
-12.5326 43.3088 -3.59818 0.239731 -0.970837 -0.00200824
-12.5464 43.3034 -2.56808 0.240718 -0.970594 -0.00126283
-12.5139 43.3102 -1.63053 0.24055 -0.970636 -0.000961973
-12.5291 43.3046 -0.435908 0.240663 -0.970606 -0.00204701
-12.6259 43.2781 0.6521 0.239258 -0.970954 -0.0020691
-12.6403 43.2728 1.69576 0.238376 -0.971172 -0.000730796
-12.5937 43.2821 2.85767 0.23875 -0.971078 -0.00230231
-12.5715 43.2865 3.35762 0.239009 -0.971016 -0.00161494
-13.4448 43.0726 3.62579 0.235939 -0.971767 -0.00113508
-13.5171 43.0579 2.35066 0.23725 -0.971448 -0.0011507
-13.5303 43.0554 1.40953 0.237196 -0.971462 -0.000519104
-13.455 43.0743 0.284048 0.237223 -0.971455 -0.00093759
-13.3799 43.0946 -0.724026 0.239189 -0.970971 -0.00177956
-13.3946 43.093 -1.77206 0.238791 -0.97107 -0.00144042
-13.4428 43.0828 -2.76656 0.238199 -0.971214 -0.00201061
-13.4419 43.0844 -3.36239 0.23758 -0.971366 -0.00189768
-14.3262 42.8689 -3.4849 0.236726 -0.971574 -0.00204106
-14.316 42.869 -2.33072 0.236686 -0.971584 -0.00207728
-14.2222 42.8899 -1.20668 0.235684 -0.971827 -0.00217528
-14.2758 42.8749 -0.120396 0.236294 -0.971679 -0.00206826
-14.3537 42.8549 0.85134 0.235716 -0.971822 -0.0008192
-14.4319 42.8359 1.79047 0.234719 -0.972063 -0.000455343
-14.3651 42.8514 2.7749 0.235246 -0.971936 -0.000599787
-14.3275 42.8589 3.55039 0.234229 -0.97218 -0.00130834
-15.1891 42.6524 3.58388 0.231368 -0.972866 -0.000567389
-15.2657 42.6346 2.4942 0.232624 -0.972567 -0.000625146
-15.2858 42.6302 1.52252 0.232392 -0.972622 0.000138628
-15.1947 42.6522 0.483623 0.233617 -0.972329 -0.000439853
-15.1022 42.6761 -0.467657 0.233618 -0.972326 -0.00225215
-15.1113 42.6753 -1.41588 0.234729 -0.972061 -0.000116056
-15.1843 42.6585 -2.34486 0.2354 -0.971898 -0.00131687
-15.2315 42.6494 -3.41264 0.233907 -0.972258 -0.0017264
-16.127 42.4351 -3.64493 0.23162 -0.972806 -0.00081508
-16.0799 42.4442 -2.60427 0.232264 -0.972651 -0.00193634
-15.9807 42.4671 -1.41012 0.23173 -0.97278 0.000116553
-15.9811 42.4658 -0.312527 0.232065 -0.972698 -0.00205572
-16.0871 42.4393 0.714905 0.23005 -0.973179 0.00027903
-16.1658 42.4203 1.91242 0.230011 -0.973188 0.000752812
-16.0943 42.438 3.05642 0.228973 -0.973433 0.000490266
-16.083 42.4407 3.20318 0.229358 -0.973342 -0.000383768
-16.9416 42.2393 3.3825 0.226279 -0.974062 -0.000826958
-17.0373 42.2171 2.27364 0.224689 -0.974429 0.00149979
-17.0116 42.2232 1.15459 0.224865 -0.974388 -0.00104342
-16.8936 42.2517 0.190956 0.226552 -0.973999 -0.000949634
-16.8273 42.2669 -0.748273 0.228371 -0.973574 -0.000202857
-16.852 42.2606 -1.68627 0.226693 -0.973963 0.000464539
-16.9925 42.229 -2.72556 0.228271 -0.973597 -0.000604606
-17.0191 42.2229 -3.64583 0.231849 -0.972749 0.00213701
-17.9371 42.0082 -3.34595 0.226117 -0.974095 0.00303523
-17.7753 42.0471 -2.11105 0.221017 -0.975267 0.0017298
-17.6658 42.0737 -0.98213 0.22312 -0.97479 0.00118425
-17.7332 42.0584 0.00961216 0.224751 -0.974415 -0.00121422
-17.882 42.0235 1.02119 0.223273 -0.974756 0.000414194
-17.9355 42.0114 2.01146 0.221416 -0.975179 -0.000770724
-17.8481 42.0294 3.03616 0.225512 -0.97424 -0.000539544
-17.8356 42.0323 3.45964 0.224344 -0.97451 0.000580699
-18.6823 41.8409 3.50424 0.218179 -0.975909 0.000593606
-18.7417 41.8284 2.50814 0.215732 -0.97645 -0.00247574
-18.8679 41.8014 1.57271 0.213358 -0.976973 0.00113787
-18.6715 41.8448 0.583924 0.22027 -0.975438 -0.00112284
-18.5731 41.8686 -0.338582 0.21984 -0.975532 -0.00269515
-18.5639 41.8711 -1.44018 0.21795 -0.975957 0.0024763
-18.7 41.837 -2.47915 0.21976 -0.975542 0.00470022
-18.833 41.8057 -3.55043 0.217032 -0.976164 0.00105576
-19.7389 41.6097 -3.42459 0.205094 -0.97874 0.00196159
-19.5202 41.6604 -2.21127 0.208769 -0.977957 0.00393832
-19.4472 41.6773 -1.23241 0.211066 -0.977468 -0.000846851
-19.5026 41.6626 -0.043603 0.213126 -0.977025 0.000270952
-19.5746 41.6472 0.880203 0.211279 -0.977426 0.000527836
-19.7472 41.6104 1.86498 0.205007 -0.978756 -0.00255815
-19.5565 41.6493 2.80802 0.203775 -0.979016 0.00122288
-19.6047 41.64 3.54116 0.211075 -0.977469 0.0013553
-20.5036 41.4548 3.43949 0.199235 -0.979949 0.00214591
-20.4452 41.4659 2.48049 0.198188 -0.980164 -1.68516e-05
-20.5243 41.4508 1.35971 0.19968 -0.979859 -0.000394366
-20.4741 41.461 0.235692 0.19643 -0.980518 0.000505727
-20.4816 41.4596 -0.709691 0.192987 -0.981191 -0.000689708
-20.4467 41.4669 -1.7303 0.195322 -0.980732 -0.00043827
-20.4062 41.4729 -2.9585 0.202098 -0.979356 0.00434078
-20.5078 41.4501 -3.37963 0.204153 -0.978917 0.00649409
-21.4887 41.2516 -3.5169 0.192508 -0.981267 0.00739854
-21.4887 41.2609 -2.56281 0.190078 -0.981715 0.0101003
-21.4887 41.2663 -1.61937 0.187167 -0.982327 0.00088745
-21.4887 41.2651 -0.548852 0.187576 -0.982249 -0.00164704
-21.4907 41.2658 0.382858 0.176495 -0.984298 -0.00119111
-21.4887 41.2656 1.38844 0.176316 -0.984333 0.000431826
-21.4887 41.2669 2.48227 0.179844 -0.983692 0.00238474
-21.4887 41.2666 3.48839 0.178522 -0.983928 0.00385738
-22.3934 41.1044 3.21575 0.173175 -0.984885 -0.000366619
-22.4004 41.1027 2.02377 0.175797 -0.984427 -9.35146e-05
-22.6116 41.0687 1.12677 0.166377 -0.986061 -0.00155836
-22.3627 41.1119 -0.0418051 0.167009 -0.985945 0.00328963
-22.368 41.1037 -1.25804 0.16973 -0.985477 0.000770252
-22.4381 41.0916 -2.22823 0.171102 -0.985209 0.0084392
-22.4916 41.0723 -3.17001 0.168355 -0.985677 0.00980937
-22.4669 41.075 -3.31099 0.167131 -0.985893 0.00875893
-23.449 40.9159 -3.51974 0.150791 -0.98855 0.00563893
-23.3743 40.9347 -2.16552 0.15686 -0.987616 0.00281983
-23.2223 40.9631 -1.02548 0.158901 -0.987285 0.00426044
-23.286 40.9572 0.00121343 0.157113 -0.987541 0.000479963
-23.4705 40.9293 0.926224 0.154835 -0.987939 2.23277e-05
-23.4356 40.934 1.86755 0.144457 -0.989502 0.0032555
-23.3949 40.9452 2.836 0.143474 -0.989645 0.00388393
-23.3156 40.958 3.47478 0.144564 -0.989495 0.00131866
-24.2587 40.822 3.464 0.138042 -0.990419 0.00385582
-24.3293 40.8093 2.50267 0.139454 -0.990209 0.00609642
-24.325 40.8056 1.22736 0.135556 -0.990769 -0.000547528
-24.2389 40.8187 0.296946 0.140088 -0.990115 0.00534259
-24.0666 40.834 -0.764298 0.143896 -0.989542 0.00998012
-24.2047 40.8105 -1.74015 0.137123 -0.990551 0.00259835
-24.3621 40.7891 -2.80922 0.13451 -0.99091 0.00170179
-24.3785 40.7858 -3.17081 0.13371 -0.990999 0.00586474
-25.2873 40.6689 -3.47578 0.12196 -0.992511 0.00612427
-25.1881 40.6798 -2.23322 0.127965 -0.991774 -0.00278791
-25.002 40.7037 -1.25727 0.127353 -0.991855 -0.00123768
-25.0454 40.7042 -0.0717232 0.133119 -0.991081 0.00611065
-25.2287 40.6863 1.21869 0.128282 -0.991733 -0.00280754
-25.2487 40.6843 2.23304 0.126653 -0.991937 0.00310088
-25.1571 40.6997 3.36179 0.12608 -0.992005 0.00545325
-26.0551 40.5944 3.41741 0.108069 -0.994141 0.00191821
-26.1296 40.5815 2.2745 0.105017 -0.994438 0.00341687
-26.0978 40.5846 1.26154 0.1078 -0.994158 0.00298173
-25.973 40.593 0.020121 0.114356 -0.993419 0.00521465
-25.8957 40.5994 -1.0501 0.109043 -0.994035 0.00176693
-26.0918 40.5784 -2.18962 0.108238 -0.994122 -0.0013059
-26.1625 40.5685 -3.36288 0.100532 -0.994925 0.00258825
-27.0474 40.4804 -3.51106 0.0917953 -0.995741 0.00850593
-27.0024 40.489 -2.51811 0.0906703 -0.995879 0.00129914
-26.8806 40.5019 -1.52592 0.0922541 -0.99572 -0.000953666
-26.8294 40.5041 -0.269972 0.0885391 -0.99607 -0.0013277
-26.9274 40.4995 0.668147 0.0968433 -0.995295 0.00183675
-26.9946 40.4963 1.82363 0.0912529 -0.995815 0.00505914
-27.0046 40.4987 2.79222 0.0915396 -0.995799 0.00207124
-26.9482 40.5057 3.58615 0.0912687 -0.995824 0.001644
-27.8571 40.4275 3.54341 0.0793231 -0.996841 0.0014044
-27.8875 40.4219 2.36469 0.0830962 -0.996538 0.0026039
-27.8371 40.4229 1.10355 0.0787619 -0.996891 0.000840831
-27.765 40.4246 -0.00158254 0.084002 -0.996462 0.000813608
-27.7432 40.4269 -1.02896 0.0813471 -0.996671 -0.00421824
-27.8715 40.4178 -2.22037 0.0773312 -0.996997 0.0039655
-27.9188 40.4062 -3.32893 0.0760351 -0.997077 0.00470836
-28.8264 40.3474 -3.54289 0.0598566 -0.998204 0.00241622
-28.7702 40.3528 -2.23767 0.0675704 -0.997714 -0.000108649
-28.6514 40.3616 -0.913448 0.0670326 -0.99775 0.00153545
-28.6685 40.361 0.0357164 0.0651138 -0.997877 0.00137995
-28.7312 40.3589 1.03426 0.0661335 -0.99781 0.0013686
-28.7567 40.3572 2.28688 0.0630276 -0.998009 0.00152688
-28.7772 40.361 3.41216 0.0646036 -0.997897 0.00497971
-29.6544 40.3078 3.59409 0.0560249 -0.998417 0.00480985
-29.6499 40.303 2.27152 0.0598948 -0.998199 0.00330529
-29.6225 40.3037 0.962998 0.0589093 -0.998263 3.71911e-05
-29.5538 40.3063 -0.0679588 0.0568575 -0.998381 0.00148925
-29.5698 40.3052 -1.14734 0.0551294 -0.998479 0.00102966
-29.6757 40.2992 -2.12801 0.0527838 -0.998601 -0.00182948
-29.714 40.297 -3.1438 0.0553523 -0.998464 0.00208335
-29.7245 40.2959 -3.36323 0.054448 -0.998515 0.00165375
-30.6243 40.252 -3.40238 0.0440804 -0.999028 0.000591577
-30.601 40.2524 -2.18407 0.0482788 -0.998828 0.000770341
-30.4791 40.2577 -0.967222 0.0477411 -0.998859 0.000670715
-30.4675 40.2595 0.347046 0.0479368 -0.99885 -0.000197852
-30.5353 40.2542 1.55759 0.0487553 -0.99881 -0.00101702
-30.551 40.2554 2.82473 0.0447578 -0.998982 0.00560843
-30.5632 40.259 3.56164 0.0493843 -0.99876 0.00628196
-31.4835 40.2178 3.54135 0.0437621 -0.999038 0.0028879
-31.4451 40.2165 2.3453 0.0394238 -0.999218 0.00312587
-31.3989 40.2155 1.00844 0.0354099 -0.999371 -0.000892192
-31.3472 40.22 -0.265499 0.0393937 -0.999223 -0.000921809
-31.4001 40.2168 -1.20216 0.0429225 -0.999078 0.000248309
-31.5187 40.2136 -2.32954 0.0394262 -0.999219 -0.0027316
-31.5421 40.2144 -3.4778 0.0378799 -0.999282 0.0010774
-31.5426 40.2144 -3.4931 0.0380482 -0.999275 0.00141158
-32.458 40.1825 -3.58699 0.0313727 -0.999506 0.00167143
-32.4092 40.1824 -2.61875 0.0316228 -0.999499 -0.000770813
-32.3408 40.1831 -1.64596 0.031481 -0.999503 -0.00154863
-32.2413 40.1856 -0.527248 0.0325023 -0.999471 0.000381269
-32.2765 40.1844 0.713154 0.0354647 -0.999371 -2.53533e-05
-32.3673 40.1813 1.83985 0.0359993 -0.999351 0.00152295
-32.3557 40.1825 3.0126 0.036613 -0.999329 -0.000853349
-32.3604 40.1819 3.49995 0.0375794 -0.999294 -8.69242e-05
-33.2639 40.1512 3.26549 0.0327059 -0.999465 -0.000658372
-33.2698 40.1524 2.30412 0.0292318 -0.999572 0.00089678
-33.2284 40.1538 1.21843 0.0284157 -0.999595 -0.00115137
-33.1521 40.1578 0.119692 0.0274042 -0.999622 -0.00207247
-33.1814 40.1579 -0.974164 0.024871 -0.999691 0.000404784
-33.2599 40.1563 -2.03237 0.0247482 -0.999692 -0.00105312
-33.3477 40.1543 -3.23257 0.0277172 -0.999614 0.000233603
-33.3506 40.1543 -3.33064 0.0286247 -0.999589 -0.00166809
-34.2343 40.1333 -3.2172 0.0222763 -0.999752 8.34926e-05
-34.1621 40.1353 -2.12302 0.0221389 -0.999755 0.000280392
-34.0669 40.1367 -0.901254 0.0220718 -0.999756 0.00123271
-34.0788 40.1342 0.274101 0.0223015 -0.999747 -0.0029511
-34.1453 40.1295 1.4246 0.0252697 -0.99968 -0.00132572
-34.1633 40.1287 2.40027 0.0217615 -0.999762 -0.000906193
-34.1678 40.1269 3.36199 0.025497 -0.999674 -2.59217e-05
-35.075 40.1075 3.34916 0.0195923 -0.999808 -0.000821575
-35.0623 40.1101 2.39409 0.0202182 -0.999793 -0.00187175
-35.0401 40.1115 1.41354 0.0188183 -0.999822 -0.000917709
-34.989 40.1145 0.32728 0.0201565 -0.999793 -0.00275577
-34.9775 40.1161 -0.774205 0.0208384 -0.999781 -0.00110876
-35.0234 40.1175 -1.80818 0.0180608 -0.999834 -0.00219129
-35.0932 40.1159 -2.73852 0.0174996 -0.999846 0.00141519
-35.119 40.1149 -3.17294 0.0179978 -0.999838 -0.000104453
-12.5432 43.2917 4.69053 0.239084 -0.970998 -0.00090127
-11.4248 43.5683 4.65557 0.241238 -0.970464 -0.00210468
-10.3552 43.8376 4.65827 0.244833 -0.969564 -0.00131558
-9.00442 44.1829 4.61193 0.249111 -0.968474 -0.0012785
-7.78327 44.5001 4.59267 0.253421 -0.967353 -0.00247204
-6.95641 44.7193 4.01641 0.255565 -0.966787 -0.00310943
-6.90499 44.7352 2.90226 0.255234 -0.966878 -0.00155312
-6.93095 44.7309 1.65781 0.255738 -0.966743 -0.00232919
-6.93288 44.7322 0.594977 0.255631 -0.966773 -0.00150978
-6.92871 44.7349 -0.583142 0.254906 -0.966965 -0.00101612
-6.96389 44.727 -1.81208 0.253821 -0.96725 -0.00137141
-6.97095 44.7277 -3.12773 0.254573 -0.967053 -0.000713178
-7.02465 44.7148 -4.28915 0.254764 -0.967002 -0.00117718
-7.91272 44.4826 -4.69799 0.252895 -0.967492 -0.00201049
-9.1493 44.1623 -4.63996 0.248898 -0.968529 -0.000988236
-10.625 43.7859 -4.64302 0.245123 -0.969491 -0.00118396
-11.8101 43.4895 -4.70013 0.241107 -0.970498 -0.000952763
-13.1114 43.1678 -4.70412 0.238664 -0.971101 -0.00132741
-14.2657 42.8854 -4.70154 0.236183 -0.971708 -0.000871469
-15.3064 42.6327 -4.70723 0.234415 -0.972137 0.000160159
-16.3608 42.3788 -4.73158 0.233321 -0.972399 0.000567266
-17.5474 42.0963 -4.72702 0.227819 -0.973703 0.00130091
-18.5892 41.8556 -4.68038 0.219389 -0.975631 0.00319219
-19.6442 41.6269 -4.6482 0.209262 -0.977849 0.00409301
-20.6889 41.4087 -4.67418 0.202096 -0.979365 0.00123979
-21.7748 41.1957 -4.65163 0.186789 -0.982387 -0.0049081
-22.8938 40.9995 -4.63954 0.154315 -0.988022 0.000588875
-24.0118 40.8257 -4.62438 0.150549 -0.988594 0.0040166
-25.2256 40.667 -4.62656 0.120851 -0.992662 0.00372617
-26.2777 40.5481 -4.65575 0.106991 -0.994212 0.00976909
-27.3319 40.4439 -4.71288 0.0768324 -0.997011 0.000761296
-28.5668 40.3611 -4.66567 0.0650294 -0.997837 0.00956852
-29.7837 40.2912 -4.67362 0.0506277 -0.99871 0.00290715
-30.8842 40.2394 -4.701 0.0439369 -0.999033 0.00173414
-32.0039 40.194 -4.69187 0.0357656 -0.999348 0.0032432
-33.1229 40.1607 -4.68153 0.0254759 -0.999674 0.00133892
-34.3884 40.1295 -4.62178 0.0224945 -0.999744 0.00116351
-35.5986 40.1084 -4.64723 0.0146486 -0.999892 0.00041906
-36.3528 40.0991 -3.95164 0.0118602 -0.999929 -0.000567334
-36.3162 40.0989 -2.83077 0.0116534 -0.999931 -0.00125143
-36.2876 40.0967 -1.52025 0.0144763 -0.999889 -0.00341518
-36.3226 40.0933 -0.432583 0.0154674 -0.999875 -0.003098
-36.3227 40.0903 0.669567 0.0144018 -0.999893 -0.00226752
-36.2977 40.0886 1.72502 0.0165225 -0.999863 -0.000875467
-36.265 40.0871 2.88545 0.0168938 -0.999853 -0.00303505
-36.2813 40.0842 4.16909 0.0172916 -0.999848 -0.00192058
-35.467 40.098 4.67977 0.0184186 -0.999828 -0.00222696
-34.3939 40.1211 4.66317 0.0246482 -0.999696 -0.000118825
-33.2448 40.1526 4.68696 0.0313522 -0.999504 0.00250176
-32.1406 40.1917 4.71489 0.041069 -0.999156 4.84012e-05
-30.9763 40.2433 4.69951 0.0486816 -0.998814 0.000346291
-29.8404 40.3006 4.65867 0.0531883 -0.998583 0.00143697
-28.6726 40.3715 4.58264 0.0669799 -0.997752 0.0006541
-27.5194 40.4562 4.64019 0.0831101 -0.996538 -0.00016451
-26.2001 40.5827 4.68959 0.108749 -0.994065 -0.00141441
-24.882 40.7416 4.6453 0.130881 -0.991397 0.00178533
-23.4931 40.933 4.6297 0.143871 -0.989593 0.0011112
-22.3325 41.1191 4.63541 0.172525 -0.985004 0.00098094
-21.0708 41.3482 4.66498 0.180305 -0.983603 0.00376483
-20.0342 41.5528 4.66819 0.199642 -0.979864 0.0020566
-18.7808 41.8207 4.64513 0.216283 -0.976328 0.002373
-17.631 42.0789 4.64262 0.222229 -0.974994 0.000554302
-16.552 42.329 4.69745 0.227919 -0.97368 -0.000351268
-15.3147 42.6216 4.64021 0.230934 -0.972968 -0.00139736
-14.2569 42.8747 4.66189 0.235099 -0.971966 -0.00300074
-13.0541 43.1663 4.69557 0.236328 -0.971672 -0.00138612
-12.725 43.2469 4.69172 0.239009 -0.971017 -0.00102009
-12.6389 43.2665 5.73442 0.238601 -0.971116 -0.00190659
-13.8652 42.9679 5.72513 0.234806 -0.972042 -0.000775254
-14.9157 42.716 5.69246 0.231876 -0.972745 -5.01458e-06
-16.0153 42.4543 5.73534 0.231206 -0.972905 -0.000581605
-17.2138 42.1741 5.74191 0.224125 -0.97456 -0.00096101
-18.3325 41.92 5.70319 0.217593 -0.976038 -0.00129011
-19.5872 41.6488 5.71448 0.206619 -0.978421 0.00095825
-20.8614 41.3859 5.72403 0.195302 -0.980735 0.000629216
-21.9133 41.1933 5.71498 0.17536 -0.984498 -0.0034216
-22.9829 41.0082 5.70369 0.160797 -0.986944 -0.00635446
-24.1018 40.8392 5.70266 0.140648 -0.989999 -0.0104844
-25.1911 40.6934 5.69964 0.125303 -0.992045 -0.0115113
-26.2544 40.5685 5.76223 0.104668 -0.994422 -0.013026
-27.3124 40.4705 5.67486 0.084286 -0.996395 -0.0063388
-28.407 40.389 5.63467 0.0695758 -0.997559 -0.00488572
-29.6372 40.3109 5.72232 0.0554726 -0.99846 -0.000778762
-30.9035 40.246 5.75401 0.0490984 -0.998791 -0.00219714
-32.3165 40.1846 5.75168 0.0421156 -0.999109 -0.00171328
-33.4557 40.1457 5.71994 0.0283861 -0.999593 -0.0029937
-34.8814 40.108 5.71397 0.0220274 -0.999754 -0.00239736
-36.1835 40.0813 5.73807 0.0191887 -0.999799 -0.0058243
-37.2248 40.0649 5.46342 0.0143139 -0.999885 -0.00498488
-37.3852 40.0682 4.15937 0.0135595 -0.999902 -0.00359132
-37.3278 40.0719 2.85104 0.0130753 -0.999912 -0.0020234
-37.3529 40.0743 1.71328 0.0122901 -0.99992 -0.00282434
-37.4156 40.0776 0.388662 0.00863638 -0.999955 -0.0039614
-37.3522 40.0834 -0.953438 0.00994432 -0.999944 -0.00359394
-37.3327 40.0872 -2.26023 0.0102269 -0.999945 -0.00219948
-37.4159 40.0883 -3.37 0.00848822 -0.999961 -0.00177304
-37.4208 40.0886 -4.51234 0.0085214 -0.999964 -7.04296e-05
-37.1962 40.0906 -5.57457 0.00752323 -0.999968 0.000549324
-36.0631 40.102 -5.71647 0.010912 -0.99994 0.000983163
-34.6207 40.1239 -5.7005 0.0186749 -0.999817 0.00417176
-33.3604 40.1518 -5.73343 0.0251217 -0.999675 0.00432576
-32.1656 40.1864 -5.76307 0.0343685 -0.999401 0.000684567
-30.9855 40.2318 -5.77668 0.0422104 -0.999102 0.00373119
-29.9143 40.2789 -5.75975 0.0476433 -0.998857 0.00364572
-28.6741 40.3465 -5.72138 0.0617278 -0.998074 0.00488756
-27.3672 40.4396 -5.78547 0.0781989 -0.996932 0.00342408
-26.2975 40.5332 -5.73608 0.10015 -0.994881 0.0127653
-25.2437 40.6556 -5.68454 0.122759 -0.992379 0.010705
-24.0079 40.8201 -5.69855 0.14394 -0.989565 0.00570513
-22.7433 41.0211 -5.70157 0.162832 -0.986643 0.00430305
-21.4324 41.258 -5.76086 0.184935 -0.982736 0.00508783
-20.3252 41.4774 -5.71838 0.196742 -0.980444 0.00427849
-19.1581 41.7271 -5.725 0.212705 -0.977115 0.00145084
-17.9001 42.0124 -5.76692 0.227557 -0.973761 0.00255277
-16.7397 42.2872 -5.78103 0.232636 -0.972563 0.000994094
-15.4115 42.6074 -5.75958 0.235884 -0.971781 0.000184515
-14.2399 42.8924 -5.73803 0.236766 -0.971567 -0.000242055
-12.994 43.1977 -5.75338 0.238381 -0.971171 -0.00041242
-11.9375 43.4588 -5.7527 0.240924 -0.970544 9.01199e-05
-10.8557 43.7288 -5.72133 0.243614 -0.969872 0.000923618
-9.79142 43.9986 -5.67694 0.247311 -0.968936 0.000779831
-8.58843 44.3076 -5.70723 0.250007 -0.968243 0.00113283
-7.52477 44.5847 -5.76888 0.253025 -0.967459 0.00110623
-6.49403 44.8548 -5.77358 0.254754 -0.967006 0.000517598
-5.95548 44.9974 -5.02477 0.256701 -0.966491 -0.000553858
-5.92618 45.0048 -3.92623 0.25735 -0.966318 -0.000824662
-5.9308 45.0027 -2.74117 0.257289 -0.966334 -0.000671339
-5.93754 44.9996 -1.54673 0.25776 -0.966208 -0.00133619
-5.92072 45.0023 -0.284126 0.257927 -0.966164 -0.0011579
-5.92274 44.9998 1.00533 0.258756 -0.965941 -0.00170246
-5.90057 45.0033 2.08071 0.257597 -0.966249 -0.00246372
-5.87559 45.0069 3.3357 0.257666 -0.966231 -0.00243764
-5.89751 44.9987 4.55151 0.256959 -0.96642 -0.00222374
-6.10148 44.9423 5.59489 0.25735 -0.966316 -0.00180549
-7.16227 44.6613 5.67514 0.254638 -0.967035 -0.00155257
-8.31559 44.3596 5.69092 0.251383 -0.967887 -0.00079954
-9.42607 44.0728 5.72024 0.249195 -0.968448 -0.00313373
-10.7305 43.7398 5.73246 0.244357 -0.969679 -0.00316687
-11.8144 43.4693 5.7098 0.238889 -0.971045 -0.00175579
-12.142 43.3887 5.7187 0.23879 -0.97107 -0.0016377
-12.2099 43.3702 6.78279 0.238838 -0.971058 -0.00159462
-13.5477 43.043 6.76415 0.235454 -0.971883 -0.00213953
-14.7188 42.7612 6.75154 0.23414 -0.972201 -0.00164889
-15.8708 42.4874 6.78018 0.230389 -0.973096 -0.00216565
-16.905 42.2446 6.81293 0.227285 -0.973827 -0.00176963
-17.9567 42.0025 6.77133 0.220649 -0.975349 -0.00165411
-19.327 41.6976 6.78805 0.212556 -0.977073 -0.0114861
-20.5388 41.4433 6.81259 0.200543 -0.979628 -0.00885198
-21.8299 41.2004 6.78878 0.172323 -0.984944 -0.0134472
-22.9521 41.0051 6.78942 0.161833 -0.986763 -0.0102806
-24.0743 40.8322 6.7617 0.147471 -0.988982 -0.0128589
-25.2885 40.6648 6.76771 0.124091 -0.992095 -0.0185334
-26.4765 40.5377 6.7812 0.0941958 -0.995455 -0.0140408
-27.6845 40.4341 6.6978 0.0752036 -0.997108 -0.0109944
-28.806 40.3559 6.72429 0.0673912 -0.997692 -0.00831301
-29.929 40.2906 6.78677 0.0527818 -0.998565 -0.00902661
-31.0469 40.2339 6.77923 0.0475638 -0.998827 -0.0090729
-32.3412 40.1805 6.78012 0.0389177 -0.999222 -0.00642657
-33.6662 40.1364 6.73196 0.0298928 -0.999536 -0.00586448
-34.8362 40.1033 6.75479 0.026229 -0.999632 -0.0067077
-35.9345 40.08 6.773 0.0180778 -0.999816 -0.0064426
-37.2614 40.0576 6.79433 0.0126459 -0.999876 -0.00942939
-38.3285 40.0457 6.56022 0.0120025 -0.999921 -0.00372797
-38.4124 40.0499 5.30208 0.0115011 -0.999923 -0.00457107
-38.4556 40.0549 4.02459 0.0122173 -0.999919 -0.00350351
-38.3824 40.0588 2.71992 0.0119588 -0.999924 -0.00292498
-38.4212 40.0648 1.50038 0.00893742 -0.999941 -0.00605924
-38.4628 40.0701 0.25272 0.00732955 -0.999961 -0.00489139
-38.4195 40.0758 -0.838929 0.00499545 -0.999979 -0.00403541
-38.4088 40.0792 -1.956 0.00560869 -0.999983 -0.00180853
-38.4615 40.0808 -3.11563 0.00593332 -0.999981 -0.00147394
-38.4514 40.0824 -4.29008 0.00580083 -0.999982 -0.00159658
-38.4468 40.084 -5.3797 0.00427533 -0.999991 -0.000671174
-38.3532 40.0853 -6.47832 0.00269511 -0.999996 0.000258793
-37.1209 40.0893 -6.79866 0.00604564 -0.999959 0.00508754
-36.0501 40.1001 -6.80668 0.00987431 -0.999935 0.00564872
-34.9076 40.1142 -6.77216 0.0169964 -0.999837 0.0060991
-33.4826 40.1417 -6.81688 0.0211647 -0.999747 0.00758224
-32.1967 40.181 -6.83743 0.0351384 -0.99935 0.00806734
-31.1346 40.2206 -6.82701 0.0405829 -0.999157 0.00599186
-30.0136 40.2685 -6.83269 0.045805 -0.998933 0.00590605
-28.9448 40.3224 -6.7786 0.0557424 -0.998385 0.01092
-27.7862 40.3961 -6.80845 0.0713127 -0.997379 0.011931
-26.5275 40.4977 -6.82077 0.0931887 -0.995388 0.0212878
-25.3465 40.6218 -6.76231 0.115731 -0.993073 0.018347
-24.2377 40.7709 -6.77325 0.140624 -0.989833 0.0209221
-23.1311 40.9394 -6.78036 0.161231 -0.986632 0.0236221
-21.855 41.1626 -6.83469 0.178954 -0.983653 0.0199782
-20.7888 41.3684 -6.80656 0.191625 -0.981319 0.0170597
-19.5995 41.6205 -6.80054 0.21317 -0.976919 0.0136796
-18.4048 41.8906 -6.77783 0.228076 -0.97362 0.00659748
-17.1558 42.1844 -6.81408 0.233603 -0.972309 0.00624157
-15.9176 42.4827 -6.83392 0.236499 -0.971628 0.00232734
-14.8325 42.7487 -6.80441 0.238445 -0.971152 -0.00221818
-13.6072 43.0475 -6.79866 0.237178 -0.971465 0.00114352
-12.4281 43.3365 -6.79353 0.238934 -0.971034 0.00149609
-11.3577 43.6025 -6.8018 0.241426 -0.970417 0.00218092
-10.1619 43.9024 -6.76992 0.246559 -0.969122 0.00313491
-9.1369 44.1657 -6.78138 0.249221 -0.968446 0.000878152
-7.90549 44.4834 -6.79806 0.25215 -0.967677 0.00473021
-6.82617 44.7652 -6.81332 0.254193 -0.967129 0.00689492
-5.77989 45.0423 -6.79039 0.259989 -0.9656 0.00471852
-4.92275 45.2735 -6.4081 0.258714 -0.965954 0.000275426
-4.8956 45.2798 -5.20989 0.257588 -0.966255 -0.000266151
-4.90383 45.2773 -3.94957 0.257977 -0.966151 -3.33037e-05
-4.90294 45.2775 -2.83323 0.257952 -0.966158 0.000154196
-4.91427 45.2732 -1.63266 0.259339 -0.965784 -0.002188
-4.90804 45.2735 -0.528144 0.259476 -0.965749 -0.000540444
-4.90282 45.2736 0.712672 0.258977 -0.965883 -0.00121014
-4.88279 45.2773 1.80871 0.262205 -0.965009 -0.00243902
-4.88113 45.2737 3.085 0.25888 -0.965905 -0.00281509
-4.8964 45.2672 4.36395 0.25929 -0.965799 -0.00134608
-4.8813 45.2698 5.47501 0.259711 -0.965686 -0.000976044
-5.05922 45.2218 6.6597 0.261398 -0.96523 6.65004e-05
-6.10954 44.9385 6.77517 0.259484 -0.965745 -0.00198395
-7.22164 44.6419 6.76503 0.255714 -0.966736 -0.00571446
-8.36228 44.3438 6.76295 0.2517 -0.967797 -0.00396693
-9.41081 44.0726 6.78247 0.249726 -0.968307 -0.00420532
-10.4904 43.7968 6.81434 0.246292 -0.96919 -0.00325441
-11.5585 43.5306 6.76352 0.239222 -0.970964 -0.00123186
-11.9821 43.4263 6.7771 0.239028 -0.971012 -0.0014814
