33.3803 48.6249 2.97666 -0.256754 -0.966477 6.57344e-05
33.4012 48.6193 2.07335 -0.25663 -0.96651 -6.87073e-05
33.3929 48.6216 0.867447 -0.256824 -0.966458 -0.000152891
33.3906 48.6223 -0.0226549 -0.256932 -0.96643 -8.25419e-05
33.3572 48.6312 -0.917171 -0.257007 -0.96641 -0.000243133
33.3584 48.631 -2.03765 -0.256958 -0.966423 -0.000109875
33.4093 48.6175 -2.85077 -0.25693 -0.96643 -0.000102339
32.5592 48.8432 -2.74958 -0.256317 -0.966593 -8.66135e-06
32.5444 48.8472 -1.74685 -0.256657 -0.966503 7.3556e-05
32.537 48.8492 -0.864552 -0.256493 -0.966546 -0.000123243
32.5597 48.8429 0.171383 -0.256152 -0.966636 -0.000156813
32.5617 48.8421 1.08794 -0.256208 -0.966622 -0.000325779
32.5725 48.8393 2.0188 -0.256382 -0.966576 -0.00011286
32.5401 48.8478 2.8902 -0.256285 -0.966601 -0.000111995
31.6869 49.0737 2.84243 -0.255814 -0.966726 -0.000124288
31.7502 49.0569 1.92897 -0.25551 -0.966807 2.01942e-05
31.7267 49.0632 0.723335 -0.255453 -0.966821 -0.000258786
31.7172 49.0659 -0.495281 -0.255281 -0.966867 -3.71999e-05
31.7154 49.0666 -1.43788 -0.255451 -0.966822 -2.96798e-05
31.7282 49.0629 -2.40787 -0.255226 -0.966881 0.000308609
31.73 49.0624 -2.99754 -0.255283 -0.966866 -6.97355e-05
30.8912 49.284 -3.06276 -0.255056 -0.966926 -0.000218432
30.91 49.2791 -2.10115 -0.255127 -0.966907 0.000277411
30.8804 49.287 -1.22068 -0.255274 -0.966869 -0.000159097
30.895 49.2828 -0.207632 -0.25498 -0.966946 -0.000157772
30.8874 49.2848 0.683435 -0.255366 -0.966844 -0.000195624
30.9019 49.2809 1.60297 -0.255305 -0.966861 0.000142004
30.8774 49.2874 2.5799 -0.255048 -0.966928 -8.79919e-05
30.8621 49.2914 2.93624 -0.255072 -0.966922 -2.31135e-05
30.0483 49.5057 2.62822 -0.254443 -0.967088 -7.04817e-05
30.0565 49.5037 1.61234 -0.254402 -0.967099 7.77306e-05
30.0389 49.5083 0.469567 -0.25458 -0.967052 6.36212e-05
30.0291 49.511 -0.599157 -0.254575 -0.967053 -0.000206639
30.0365 49.5091 -1.67473 -0.254171 -0.967159 3.20001e-05
30.0805 49.4975 -2.81094 -0.254634 -0.967038 9.27029e-05
30.0776 49.4983 -2.88042 -0.254496 -0.967074 -0.000265416
29.21 49.7264 -3.00659 -0.253925 -0.967224 -0.000169933
29.2247 49.7224 -1.80261 -0.253682 -0.967288 -1.6098e-05
29.185 49.7328 -0.662728 -0.253702 -0.967283 0.000206604
29.1682 49.7373 0.386589 -0.253981 -0.967209 5.12551e-05
29.226 49.722 1.47373 -0.253994 -0.967206 -0.000417636
29.249 49.7157 2.39512 -0.254027 -0.967197 4.15245e-05
29.2104 49.7259 2.96172 -0.254006 -0.967203 -8.68591e-05
28.4081 49.9362 2.76096 -0.253295 -0.967389 -0.000157582
28.4296 49.9307 1.78383 -0.253442 -0.96735 -0.000201612
28.3352 49.9556 0.534843 -0.253318 -0.967383 5.90075e-05
28.3196 49.9598 -0.39586 -0.253524 -0.967329 0.000104096
28.3879 49.9419 -1.49608 -0.253588 -0.967312 -0.000239252
28.4064 49.9371 -2.637 -0.253368 -0.96737 0.000163187
28.4001 49.9388 -2.79008 -0.253398 -0.967362 -0.000101437
27.5554 50.16 -2.96551 -0.253292 -0.96739 -6.45071e-05
27.589 50.1511 -2.02814 -0.253223 -0.967408 -1.41315e-05
27.5366 50.1648 -0.9178 -0.252846 -0.967507 -8.62704e-06
27.4499 50.1873 -0.0182131 -0.253012 -0.967463 -0.000103044
27.5366 50.1646 0.931366 -0.252971 -0.967474 -8.40979e-05
27.6298 50.1401 2.00562 -0.253192 -0.967416 -0.000183985
27.5343 50.1649 2.96124 -0.253092 -0.967442 -0.000117509
27.5296 50.1661 2.99011 -0.253134 -0.967431 0.000106669
26.635 50.4001 3.02981 -0.252902 -0.967492 -0.000111838
26.806 50.3555 1.93264 -0.252973 -0.967473 -9.91865e-05
26.687 50.3868 0.911215 -0.252803 -0.967518 5.40834e-05
26.5961 50.4105 -0.126472 -0.252777 -0.967525 -1.08375e-05
26.7336 50.3747 -1.03503 -0.252827 -0.967512 -5.34763e-05
26.767 50.3662 -2.26125 -0.253075 -0.967447 -0.000302493
26.7324 50.3752 -2.88755 -0.252927 -0.967485 -9.97749e-05
25.903 50.5919 -2.7724 -0.252664 -0.967554 -0.000228175
25.811 50.6157 -1.86989 -0.252625 -0.967564 -0.000310871
25.8866 50.5958 -0.891724 -0.2526 -0.967571 -9.81159e-05
25.7334 50.6358 0.155964 -0.252475 -0.967603 2.46965e-05
25.8996 50.5924 1.01601 -0.252705 -0.967543 -3.65597e-05
25.8682 50.6005 2.30604 -0.252787 -0.967522 1.10337e-05
25.766 50.6273 3.00142 -0.252637 -0.967561 -7.82807e-05
24.8944 50.8547 2.8699 -0.252364 -0.967632 -0.000119556
24.8944 50.8547 1.85405 -0.252429 -0.967615 0.000125018
24.8944 50.8548 0.774566 -0.252454 -0.967609 -2.32383e-05
24.8944 50.8548 -0.227509 -0.252653 -0.967557 -2.05727e-05
24.8944 50.8549 -1.22893 -0.252599 -0.967571 -0.000129143
24.8944 50.855 -2.12308 -0.252589 -0.967574 -4.33197e-05
24.8944 50.8553 -3.0281 -0.252242 -0.967664 -8.65876e-05
24.1062 51.0607 -2.88581 -0.252165 -0.967684 -0.000161862
24.1027 51.0615 -1.95558 -0.252143 -0.96769 -0.000123805
23.9531 51.1005 -1.05225 -0.252484 -0.967601 -9.45303e-05
23.9951 51.0894 0.132612 -0.252427 -0.967616 -4.61902e-05
24.039 51.0779 1.01804 -0.252275 -0.967656 -4.51697e-05
24.0553 51.0736 1.95086 -0.252312 -0.967646 -6.02842e-05
24.0674 51.0704 2.87602 -0.252403 -0.967622 9.01115e-05
24.0179 51.0833 3.05654 -0.252317 -0.967645 -7.9806e-05
23.2038 51.2956 2.96573 -0.252154 -0.967687 -0.000100891
23.1556 51.3081 1.93119 -0.25216 -0.967686 -6.46134e-05
23.0829 51.3271 0.996148 -0.252301 -0.967649 -0.000132199
23.0931 51.3245 0.0974973 -0.252312 -0.967646 -1.62798e-05
23.1417 51.312 -0.929553 -0.25211 -0.967698 -0.000122882
23.3516 51.2574 -1.97342 -0.252092 -0.967703 -0.000187857
23.2574 51.282 -2.9398 -0.25212 -0.967696 -0.000146465
22.4032 51.5046 -2.96471 -0.252147 -0.967689 -0.000246273
22.517 51.4749 -2.04344 -0.252188 -0.967678 3.66112e-05
22.3334 51.5226 -1.0181 -0.252076 -0.967708 -0.000217474
22.24 51.5469 -0.0171382 -0.252165 -0.967684 5.58782e-05
22.2473 51.5449 0.951549 -0.252243 -0.967664 -5.0892e-06
22.3092 51.5287 1.91835 -0.25218 -0.96768 8.28e-05
22.3519 51.5176 2.88614 -0.252204 -0.967674 -6.97365e-05
21.4943 51.7412 2.81669 -0.252237 -0.967666 -7.73139e-05
21.4627 51.7494 1.80865 -0.252195 -0.967676 -4.74535e-05
21.398 51.7663 0.695959 -0.252125 -0.967695 -2.29938e-05
21.4152 51.7618 -0.215344 -0.252272 -0.967656 -9.22873e-05
21.5238 51.7336 -1.1211 -0.252158 -0.967686 -6.40943e-05
21.6582 51.6987 -2.00145 -0.252068 -0.96771 -0.000106479
21.5938 51.7155 -2.83056 -0.252176 -0.967681 -0.000106965
20.756 51.9339 -2.92574 -0.251944 -0.967742 1.09125e-05
20.7953 51.9235 -1.86665 -0.252235 -0.967666 -6.24756e-05
20.6246 51.968 -0.767516 -0.252223 -0.967669 9.15421e-05
20.5884 51.9774 0.129076 -0.252283 -0.967653 4.542e-05
20.5788 51.9798 1.20804 -0.252272 -0.967656 -0.000190049
20.6366 51.9647 2.18291 -0.252205 -0.967674 -5.93157e-05
20.6353 51.9651 3.00154 -0.252309 -0.967647 4.32977e-05
19.7684 52.191 2.87616 -0.252244 -0.967664 9.94452e-05
19.7753 52.1893 1.96496 -0.25229 -0.967652 6.05496e-05
19.7476 52.1965 0.854038 -0.252299 -0.967649 -6.52422e-05
19.7533 52.1951 -0.145932 -0.252208 -0.967673 -0.000128347
19.827 52.1759 -1.03916 -0.252317 -0.967645 4.26471e-05
19.9319 52.1486 -1.95678 -0.252336 -0.96764 -8.66841e-05
19.9236 52.1508 -2.76921 -0.252186 -0.967679 7.49089e-05
19.0516 52.378 -3.00008 -0.25234 -0.967639 0.000108842
19.088 52.3686 -1.99354 -0.252279 -0.967654 -1.28271e-05
18.973 52.3985 -0.784298 -0.252325 -0.967643 -8.3153e-05
18.9165 52.4132 0.221928 -0.252361 -0.967633 -8.06419e-05
18.9411 52.4068 1.15556 -0.252406 -0.967622 0.000145807
18.9283 52.41 2.10282 -0.252277 -0.967655 -1.42844e-05
18.9377 52.4076 2.746 -0.252211 -0.967672 -1.18704e-05
18.1085 52.6238 2.7894 -0.252334 -0.96764 -1.60533e-05
18.1066 52.6244 1.81963 -0.252326 -0.967642 -0.000190707
18.1015 52.6257 0.818617 -0.252303 -0.967648 7.02451e-05
18.1118 52.623 -0.167254 -0.252238 -0.967665 -0.000109008
18.2086 52.5979 -1.37085 -0.252343 -0.967638 2.97829e-05
18.2446 52.5885 -2.3604 -0.25235 -0.967636 1.29558e-05
18.2013 52.5998 -2.85451 -0.25226 -0.967659 -6.62086e-06
17.3641 52.8181 -2.90955 -0.252198 -0.967676 -7.04894e-05
17.392 52.8108 -1.8214 -0.252313 -0.967646 8.18673e-05
17.3275 52.8275 -0.69867 -0.252264 -0.967658 -2.6753e-05
17.2888 52.8376 0.205649 -0.252308 -0.967647 -0.000178153
17.2698 52.8426 1.12024 -0.252492 -0.967599 -0.000113274
17.281 52.8396 2.07389 -0.252422 -0.967617 -0.000237785
17.2583 52.8456 3.00841 -0.252328 -0.967642 -9.37217e-05
16.4422 53.0584 2.92408 -0.252351 -0.967636 2.59398e-05
16.4388 53.0593 1.87167 -0.252273 -0.967656 -6.50141e-05
16.4478 53.057 0.766516 -0.25244 -0.967612 1.65039e-05
16.4822 53.048 -0.276326 -0.252459 -0.967608 -0.000193083
16.5378 53.0336 -1.27018 -0.252317 -0.967645 1.77135e-05
16.5614 53.0274 -2.28546 -0.25229 -0.967652 1.4339e-05
16.5303 53.0355 -2.95028 -0.252473 -0.967604 -2.42563e-05
21.9365 51.6264 -4.24716 -0.252079 -0.967707 -0.000148079
23.1893 51.3 -4.24555 -0.252077 -0.967707 -0.00030288
24.47 50.9662 -4.25613 -0.252176 -0.967681 -0.000228195
25.8031 50.6183 -4.26645 -0.252764 -0.967528 -0.000181951
27.1288 50.2719 -4.2686 -0.252915 -0.967488 -0.000143042
28.3581 49.95 -4.24921 -0.253662 -0.967293 -0.000359328
29.6758 49.6041 -4.27064 -0.254157 -0.967163 2.2262e-05
30.8728 49.2889 -4.28814 -0.25484 -0.966983 4.29105e-05
32.3922 48.8875 -4.24097 -0.256209 -0.966621 -0.00026446
33.6121 48.5637 -4.25909 -0.256851 -0.966451 2.30925e-05
34.8701 48.228 -3.74821 -0.258244 -0.96608 5.93541e-05
34.8383 48.2365 -2.48788 -0.258029 -0.966137 1.14601e-05
34.859 48.2312 -1.19705 -0.257798 -0.966199 6.44313e-05
34.9166 48.2159 0.0482029 -0.257965 -0.966154 0.000258514
34.8963 48.2212 1.32418 -0.258167 -0.9661 -0.000325092
34.9113 48.2173 2.58633 -0.25764 -0.966241 5.71392e-05
34.7525 48.2596 4.00443 -0.257679 -0.966231 3.97348e-05
33.2988 48.6466 4.28297 -0.256772 -0.966472 -1.80057e-05
31.9586 49.0017 4.27857 -0.255713 -0.966753 0.000124906
30.4216 49.4077 4.23464 -0.25495 -0.966954 -7.76594e-05
29.2142 49.7249 4.20847 -0.253735 -0.967274 3.37536e-05
28.0038 50.0421 4.24915 -0.253141 -0.967429 2.78123e-05
26.6679 50.3914 4.24832 -0.252975 -0.967473 8.14195e-05
25.3979 50.7232 4.23955 -0.252761 -0.967529 2.60984e-05
24.0468 51.0757 4.30023 -0.252265 -0.967658 0.000122579
22.7982 51.4013 4.26746 -0.252322 -0.967643 6.18478e-05
21.5871 51.717 4.2367 -0.252216 -0.967671 -1.08465e-05
20.3038 52.0514 4.28008 -0.252427 -0.967616 4.12668e-05
19.0438 52.3799 4.27555 -0.252374 -0.96763 0.000104352
17.6777 52.7362 4.2326 -0.252322 -0.967643 -0.000162888
16.3466 53.0834 4.2314 -0.252464 -0.967606 0.000176847
15.0505 53.4216 3.99956 -0.252401 -0.967623 -8.82624e-05
14.9508 53.4475 2.54738 -0.252355 -0.967635 -7.6902e-05
14.9025 53.4601 1.20034 -0.252401 -0.967623 0.000190164
14.9517 53.4473 -0.228719 -0.252527 -0.96759 8.85612e-05
14.9591 53.4453 -1.65811 -0.252414 -0.967619 -4.65216e-05
14.9513 53.4474 -3.10144 -0.252348 -0.967636 -9.55506e-05
15.5147 53.3005 -4.25734 -0.252293 -0.967651 4.72429e-05
16.7368 52.9817 -4.24844 -0.25229 -0.967652 -4.08235e-05
17.9938 52.6539 -4.28839 -0.252389 -0.967626 -0.000105961
19.605 52.2339 -4.29912 -0.252306 -0.967647 -7.55715e-05
21.004 51.8693 -4.27925 -0.252133 -0.967693 -9.7044e-05
21.8387 51.6518 -4.25145 -0.252096 -0.967702 -5.91585e-05
21.9227 51.63 -5.47201 -0.252095 -0.967703 2.98379e-05
20.5922 51.9767 -5.52173 -0.252151 -0.967688 4.458e-05
19.3544 52.2993 -5.54989 -0.252199 -0.967675 -0.000135272
18.0696 52.6343 -5.48913 -0.252177 -0.967681 0.000105752
16.6152 53.0134 -5.48798 -0.252361 -0.967633 -4.14944e-05
15.3843 53.3345 -5.54245 -0.252514 -0.967593 -2.95986e-05
13.8613 53.7317 -5.26278 -0.252285 -0.967653 0.000101066
13.7428 53.7627 -3.6534 -0.252385 -0.967627 5.03413e-05
13.7774 53.7537 -2.29288 -0.252369 -0.967631 1.03776e-05
13.7828 53.7522 -0.918548 -0.252468 -0.967605 9.29889e-06
13.7184 53.7691 0.613644 -0.252485 -0.967601 -1.86892e-05
13.7637 53.7572 2.1907 -0.252585 -0.967575 -9.40255e-05
13.7764 53.7539 3.4477 -0.252474 -0.967604 -3.98656e-05
13.7972 53.7486 4.88337 -0.252415 -0.967619 -2.95751e-05
14.6921 53.515 5.44309 -0.252483 -0.967601 -2.83488e-05
16.0655 53.1567 5.45967 -0.25244 -0.967612 3.28757e-05
17.5171 52.778 5.44046 -0.252368 -0.967631 -6.56856e-06
19.0053 52.3899 5.47829 -0.252316 -0.967645 6.80306e-05
20.2846 52.0564 5.47311 -0.252285 -0.967653 7.28716e-05
21.8515 51.6481 5.47258 -0.252159 -0.967686 1.33777e-05
23.05 51.3356 5.45186 -0.252313 -0.967646 -4.14998e-05
24.3879 50.9868 5.54056 -0.252378 -0.967629 -0.000104784
25.8039 50.6172 5.44874 -0.252694 -0.967546 5.87529e-05
27.1633 50.262 5.48617 -0.253027 -0.967459 0.000120818
28.4518 49.9247 5.47031 -0.253385 -0.967365 0.000231731
29.8591 49.5557 5.40357 -0.254076 -0.967184 -6.69583e-05
31.174 49.2093 5.49728 -0.25514 -0.966904 0.000485452
32.3919 48.8874 5.49514 -0.256033 -0.966668 0.000193078
33.6287 48.5592 5.47814 -0.256922 -0.966432 0.000104653
35.1951 48.1419 5.42449 -0.257693 -0.966227 0.000436444
36.0404 47.9157 4.6721 -0.258594 -0.965986 0.000111907
36.1016 47.8991 3.41795 -0.258618 -0.96598 6.17784e-05
36.0708 47.907 1.98619 -0.258765 -0.96594 0.000348968
36.1111 47.8963 0.571717 -0.25876 -0.965942 -0.00010783
36.0536 47.9117 -1.09171 -0.258866 -0.965913 0.000212151
36.0532 47.9116 -2.50562 -0.259326 -0.96579 4.48967e-05
36.1088 47.8963 -4.04084 -0.258945 -0.965892 0.00054341
35.649 48.0191 -5.43869 -0.258993 -0.965879 0.000227824
34.1677 48.4154 -5.46573 -0.257739 -0.966214 0.000323976
32.9287 48.7453 -5.47421 -0.256607 -0.966516 -1.05639e-05
31.4686 49.1319 -5.49891 -0.255603 -0.966782 3.28782e-05
30.152 49.4791 -5.48461 -0.2546 -0.967046 -0.000474506
28.9086 49.806 -5.473 -0.254013 -0.967201 -0.000375868
27.6682 50.1311 -5.46992 -0.25331 -0.967385 -9.72857e-05
26.3782 50.4683 -5.52 -0.252826 -0.967512 -0.000261239
24.8606 50.8645 -5.51895 -0.252361 -0.967633 -8.09265e-05
23.4435 51.2338 -5.47429 -0.252241 -0.967665 -8.18592e-06
22.1314 51.5757 -5.46179 -0.251977 -0.967733 0.000126168
22.0628 51.5937 -6.70384 -0.252079 -0.967707 -7.95713e-05
20.7471 51.9365 -6.73832 -0.252094 -0.967703 0.000102441
19.252 52.326 -6.74951 -0.252225 -0.967669 1.34731e-05
18.035 52.6432 -6.7313 -0.252177 -0.967681 5.87136e-05
16.6321 53.009 -6.71622 -0.252303 -0.967648 0.000144033
15.4378 53.3205 -6.76181 -0.252296 -0.96765 -1.37863e-05
14.0098 53.693 -6.73056 -0.252531 -0.967589 2.74942e-05
12.5658 54.0698 -6.34823 -0.252352 -0.967636 7.85859e-05
12.5828 54.0654 -4.94868 -0.252503 -0.967596 -9.14005e-05
12.5382 54.077 -3.35449 -0.252299 -0.967649 7.81348e-05
12.6012 54.0606 -2.0024 -0.252473 -0.967604 -3.15524e-05
12.6136 54.0573 -0.649381 -0.252479 -0.967602 6.0911e-05
12.509 54.0846 0.815666 -0.252439 -0.967613 -3.96744e-06
12.5828 54.0654 2.19553 -0.252473 -0.967604 2.69675e-05
12.5827 54.0654 3.60493 -0.252555 -0.967582 -0.000108212
12.5789 54.0664 4.85088 -0.252464 -0.967606 8.91938e-05
12.5749 54.0674 6.22043 -0.252439 -0.967613 -1.30488e-05
13.6135 53.7965 6.68315 -0.252434 -0.967614 -7.78277e-05
14.9732 53.4417 6.69482 -0.252466 -0.967606 -9.12867e-05
16.2507 53.1084 6.69903 -0.252436 -0.967613 -0.000125246
17.7903 52.7068 6.66182 -0.252382 -0.967628 -9.77889e-05
19.1944 52.3406 6.6625 -0.252289 -0.967652 1.78617e-05
20.445 52.0146 6.70276 -0.252278 -0.967655 -5.58055e-05
21.6999 51.6876 6.67257 -0.252062 -0.967711 0.000182228
23.1485 51.31 6.66386 -0.252254 -0.967661 0.000149628
24.6751 50.9118 6.7497 -0.252464 -0.967606 -4.00441e-05
26.0432 50.5547 6.6659 -0.252627 -0.967564 0.00016643
27.3374 50.2166 6.68594 -0.252949 -0.967479 0.000265746
28.7557 49.8453 6.6628 -0.253557 -0.96732 0.000458065
30.0927 49.4945 6.63731 -0.254171 -0.967159 0.000531597
31.5129 49.1202 6.69911 -0.255546 -0.966796 0.000943158
32.7882 48.7828 6.69606 -0.256647 -0.966505 0.000709111
34.0788 48.4399 6.66961 -0.257318 -0.966327 0.000764365
35.5788 48.04 6.65699 -0.257588 -0.966255 0.000664703
37.0297 47.6509 6.59036 -0.259897 -0.965636 0.000114331
37.3137 47.5743 5.40712 -0.25944 -0.965759 -0.000359431
37.2431 47.5933 4.13259 -0.259086 -0.965854 0.000184768
37.2772 47.5837 2.44866 -0.259476 -0.96575 0.000173459
37.2562 47.5893 1.10737 -0.25891 -0.965901 0.000102261
37.2864 47.5809 -0.393034 -0.259539 -0.965733 0.000327363
37.2501 47.5904 -1.85545 -0.259285 -0.965801 0.000388979
37.2939 47.5782 -3.26182 -0.259563 -0.965726 0.000357784
37.2871 47.5794 -4.73712 -0.259932 -0.965626 0.000796685
37.2495 47.5886 -5.97251 -0.260749 -0.965406 0.000175858
36.3829 47.8222 -6.70726 -0.259792 -0.965664 -0.000571526
34.9817 48.1981 -6.69363 -0.257671 -0.966232 -0.000941898
33.5764 48.5737 -6.69457 -0.257873 -0.966178 -0.000936964
32.2767 48.9186 -6.69436 -0.255919 -0.966698 -0.000675635
30.833 49.3003 -6.74348 -0.255398 -0.966836 -0.000815617
29.4901 49.6539 -6.71353 -0.254247 -0.967139 -0.000689118
28.0735 50.0254 -6.70246 -0.253347 -0.967375 -0.00053189
26.6886 50.3878 -6.76781 -0.252772 -0.967526 -0.000561284
25.1028 50.8016 -6.77127 -0.252255 -0.967661 -0.000524146
23.9071 51.1133 -6.77241 -0.252215 -0.967671 -0.000187806
22.4968 51.4807 -6.69074 -0.251965 -0.967736 -0.000226912
22.3961 51.5069 -6.69109 -0.25193 -0.967745 -0.000145045
