-9.33636 45.6645 3.13026 0.250562 -0.9681 -0.00135395
-9.32245 45.6699 1.89244 0.251861 -0.967762 -0.00184898
-9.28534 45.6816 0.899254 0.250221 -0.968185 -0.00264448
-9.29164 45.6823 -0.0637309 0.250206 -0.96819 -0.00208023
-9.35099 45.6687 -1.08775 0.252291 -0.96765 -0.00146817
-9.39146 45.6604 -2.00176 0.251919 -0.967746 -0.00218297
-9.4387 45.6501 -2.92611 0.250777 -0.968044 -0.000991637
-9.4519 45.6469 -3.44965 0.250721 -0.968059 -0.00113798
-10.3145 45.424 -3.56028 0.248226 -0.968702 -0.000856817
-10.2529 45.4381 -2.35697 0.24979 -0.968298 -0.0020579
-10.2113 45.4463 -1.20927 0.24946 -0.968385 -0.000582086
-10.1571 45.4589 -0.0783749 0.249121 -0.968471 -0.00183078
-10.1609 45.4557 0.856953 0.249669 -0.968328 -0.002352
-10.1819 45.4481 1.83101 0.247852 -0.968796 -0.00186551
-10.2062 45.4406 2.84759 0.248555 -0.968618 -0.000554667
-10.1805 45.4461 3.59175 0.248455 -0.968642 -0.00187691
-11.0553 45.2235 3.25945 0.24667 -0.969098 -0.00127006
-11.0614 45.223 2.13025 0.246928 -0.969032 -0.00202009
-11.0302 45.2336 0.9651 0.246541 -0.96913 -0.0021539
-11.0029 45.2429 -0.262212 0.246085 -0.969247 -0.00167933
-11.0691 45.2276 -1.40879 0.24619 -0.969221 -0.00122248
-11.1125 45.2194 -2.64279 0.245754 -0.96933 -0.00214245
-11.1517 45.2108 -3.40014 0.245995 -0.96927 -0.00141113
-12.0215 44.9912 -3.65503 0.244678 -0.969603 -0.00147839
-11.965 45.0039 -2.58447 0.244171 -0.969731 -0.00149571
-11.9288 45.011 -1.60543 0.243962 -0.969783 -0.00176838
-11.8724 45.0232 -0.492281 0.244088 -0.969752 -0.00166324
-11.8802 45.0197 0.480682 0.244486 -0.96965 -0.00235936
-11.9049 45.0105 1.60612 0.242915 -0.970045 -0.00214589
-11.9272 45.0034 2.59196 0.242697 -0.970101 -0.00102014
-11.9189 45.0049 3.55682 0.243362 -0.969935 -0.00102585
-12.7885 44.788 3.55892 0.24074 -0.970588 -0.00173381
-12.7807 44.7913 2.54474 0.240468 -0.970657 -0.000916361
-12.7465 44.8007 1.53551 0.240603 -0.970623 -0.000763525
-12.7337 44.8052 0.604808 0.242946 -0.970038 -0.00175594
-12.7136 44.8115 -0.38911 0.243579 -0.969879 -0.00216251
-12.7915 44.7947 -1.66386 0.242368 -0.970183 -0.00167978
-12.8551 44.7804 -2.60508 0.242463 -0.97016 -0.00131746
-12.8754 44.7765 -3.57293 0.241092 -0.970501 -0.00138235
-13.7345 44.5632 -3.59814 0.240785 -0.970577 -0.00192284
-13.7058 44.5682 -2.60311 0.240001 -0.970771 -0.00164605
-13.6337 44.5847 -1.41074 0.240845 -0.970562 -0.00150082
-13.5499 44.6031 -0.253763 0.239604 -0.970868 -0.00229941
-13.5918 44.592 0.693511 0.239074 -0.971001 -0.00076073
-13.6021 44.5887 1.79721 0.239477 -0.970902 -0.00065985
-13.6728 44.5706 2.98121 0.237172 -0.971467 -0.000440961
-13.6648 44.572 3.51646 0.23764 -0.971352 -0.00138916
-14.5471 44.3568 3.35725 0.236525 -0.971624 -0.00146199
-14.5161 44.3643 2.3024 0.237011 -0.971507 0.000206845
-14.4756 44.3751 1.33039 0.236368 -0.971663 -0.000748649
-14.4454 44.3825 0.382428 0.23655 -0.971618 -0.0011159
-14.4418 44.3853 -0.786201 0.237343 -0.971423 -0.00221026
-14.509 44.3698 -1.76277 0.236884 -0.971537 -0.000952641
-14.5767 44.3548 -2.72171 0.238456 -0.971151 -0.00217468
-14.5901 44.3526 -3.55122 0.237046 -0.971498 -0.00108465
-15.4603 44.1414 -3.3562 0.234276 -0.972169 -0.00109022
-15.4146 44.1509 -2.35848 0.233779 -0.972289 -0.000913481
-15.33 44.1707 -1.32566 0.233974 -0.972242 -0.000710107
-15.2849 44.18 -0.335375 0.234338 -0.972154 -0.000967385
-15.3059 44.1749 0.798757 0.233181 -0.972433 0.00118204
-15.3526 44.1633 1.80432 0.232529 -0.972589 -0.000934473
-15.395 44.1532 2.79413 0.233025 -0.97247 -0.00054729
-15.4039 44.15 3.45685 0.233564 -0.97234 -0.00145196
-16.2727 43.9435 3.4593 0.229957 -0.973198 -0.00223469
-16.2526 43.9495 2.45448 0.230236 -0.973134 -0.00108198
-16.2027 43.9606 1.3881 0.23079 -0.973002 0.0018128
-16.1309 43.9773 0.371623 0.231088 -0.972933 -0.000473503
-16.1442 43.9743 -0.626025 0.232075 -0.972697 -0.00123018
-16.2254 43.9567 -1.63922 0.231786 -0.972765 -0.00179888
-16.2679 43.948 -2.58143 0.23054 -0.973062 -0.00130226
-16.3333 43.9332 -3.47086 0.230731 -0.973017 -0.000672332
-17.1869 43.7322 -3.52087 0.227959 -0.973671 8.67645e-05
-17.1537 43.7397 -2.57688 0.228252 -0.973602 -0.000392466
-17.092 43.7516 -1.46535 0.228222 -0.973607 -0.00174697
-17.0059 43.7708 -0.463578 0.225998 -0.974127 0.000240255
-17.0073 43.7711 0.559942 0.225681 -0.9742 0.000562497
-17.0785 43.7556 1.56903 0.223094 -0.974793 0.00283668
-17.1557 43.7385 2.66898 0.223638 -0.974671 -0.00156978
-17.1185 43.7455 3.56198 0.226185 -0.974078 -0.00336024
-17.9862 43.5467 3.50644 0.218871 -0.975754 -4.52134e-05
-18.0529 43.5335 2.39621 0.222712 -0.974883 -0.0013444
-17.9238 43.5616 1.22345 0.218411 -0.975853 0.00183189
-17.8543 43.5778 0.293673 0.222166 -0.975008 -6.62263e-05
-17.8954 43.5679 -0.879979 0.220746 -0.975331 0.000490943
-17.9946 43.5455 -1.80601 0.219895 -0.975521 -0.00205032
-18.0565 43.5323 -2.72417 0.220805 -0.975317 0.00050458
-18.0813 43.5261 -3.48344 0.22153 -0.975118 0.00787112
-18.9327 43.3365 -3.37096 0.210438 -0.977594 0.00501159
-18.9118 43.3422 -2.45435 0.212537 -0.977151 -0.000936538
-18.8412 43.3564 -1.45014 0.215928 -0.976409 -0.000311609
-18.7423 43.38 -0.430503 0.212005 -0.977268 0.00136117
-18.7206 43.3846 0.747197 0.2158 -0.976437 0.000952138
-18.9075 43.344 1.82131 0.214223 -0.976783 -0.000555331
-18.9596 43.3291 2.76843 0.217881 -0.975974 -0.00162992
-18.8935 43.3441 3.12381 0.212599 -0.977135 0.00252275
-19.7009 43.1704 3.54975 0.210851 -0.977514 0.00274949
-19.8842 43.1328 2.36529 0.201743 -0.979427 -0.00466731
-19.6935 43.1747 1.44887 0.203141 -0.979145 -0.00290395
-19.6221 43.1907 0.271544 0.206009 -0.978539 -0.00222138
-19.6624 43.1795 -0.840228 0.206362 -0.978469 0.00347596
-19.7632 43.1585 -1.8686 0.207862 -0.978153 -0.00305301
-19.7766 43.1566 -2.97298 0.209098 -0.97789 0.00304105
-19.7766 43.1548 -3.53251 0.208751 -0.977958 0.00441045
-20.5876 42.9863 -3.52632 0.201733 -0.979435 0.00324371
-20.6537 42.9749 -2.23269 0.200331 -0.979721 -0.00267256
-20.6374 42.9775 -1.16046 0.196179 -0.980565 0.0023704
-20.5808 42.9923 -0.0172093 0.194454 -0.98091 0.0012015
-20.4935 43.0104 0.92048 0.193376 -0.981121 -0.00114152
-20.7735 42.9537 2.06917 0.193014 -0.981192 -0.0028547
-20.6158 42.9832 3.12193 0.195542 -0.980694 0.00147177
-20.5644 42.9945 3.56563 0.195847 -0.980625 0.0040473
-21.534 42.8037 3.49235 0.184296 -0.982843 0.00632551
-21.538 42.8067 2.47017 0.183402 -0.98302 -0.0058927
-21.534 42.8093 1.33505 0.182417 -0.983221 0.000613264
-21.534 42.8069 0.283555 0.183715 -0.982956 0.0058554
-21.534 42.8017 -0.765665 0.183423 -0.983033 -0.00100521
-21.5471 42.8009 -1.76453 0.181544 -0.983379 -0.00266019
-21.5289 42.8017 -2.92415 0.182716 -0.983155 0.0044851
-21.534 42.7987 -3.34893 0.186441 -0.982453 0.00287411
-22.4146 42.6369 -3.46863 0.175255 -0.9845 0.00668491
-22.5386 42.6189 -2.27578 0.174974 -0.98456 0.00406131
-22.8856 42.5614 -1.27029 0.16383 -0.986487 0.00162745
-22.3504 42.6507 -0.274702 0.172171 -0.985044 -0.0041604
-22.9183 42.5588 0.681023 0.169748 -0.985487 0.00119211
-22.7954 42.5813 1.61239 0.171591 -0.985166 0.00187261
-22.7362 42.588 2.61295 0.166686 -0.986 -0.00384592
-22.6186 42.6084 3.24216 0.171574 -0.985168 0.000619071
-23.5027 42.4625 3.49028 0.153484 -0.988142 0.00387404
-23.7953 42.4097 2.42464 0.170636 -0.985302 0.0020884
-23.9115 42.3935 1.49182 0.159559 -0.987187 -0.00178148
-23.8158 42.413 0.564869 0.156314 -0.987692 -0.00521954
-23.5545 42.4545 -0.439988 0.152299 -0.988332 0.0019511
-23.7964 42.4153 -1.47065 0.151402 -0.988468 0.00233184
-23.5006 42.4564 -2.5384 0.160178 -0.987049 0.00874377
-23.4633 42.4574 -3.44842 0.164772 -0.986311 0.00590426
-23.5062 42.4494 -3.551 0.163712 -0.98648 0.00742742
-24.4742 42.2989 -3.56761 0.139917 -0.990127 0.00840263
-24.449 42.3106 -2.49145 0.138822 -0.9903 0.00562088
-24.5881 42.2975 -1.4138 0.144698 -0.989464 0.00357042
-24.4448 42.3191 -0.484226 0.146864 -0.989157 0.000181058
-24.5927 42.299 0.403528 0.140102 -0.990124 -0.000790597
-24.7893 42.2657 1.46588 0.139107 -0.990266 -0.00400266
-24.7049 42.2803 2.4095 0.129507 -0.991527 0.00995622
-24.4583 42.3182 3.34358 0.146383 -0.98922 0.00369611
-24.4421 42.3208 3.38868 0.147161 -0.989102 0.00466254
-25.3229 42.2049 3.556 0.123991 -0.992272 0.000708835
-25.5617 42.1701 2.47203 0.124063 -0.992249 0.00700687
-25.6132 42.1589 1.35861 0.121169 -0.992632 -0.000347341
-25.3928 42.1859 0.0946563 0.130885 -0.991393 0.00280946
-25.3764 42.1878 -0.857774 0.128534 -0.991704 -0.0010969
-25.4226 42.1798 -1.90562 0.13009 -0.991497 0.00284687
-25.3566 42.1821 -2.98889 0.136269 -0.990646 0.00708165
-25.3891 42.1748 -3.42038 0.134859 -0.990842 0.00665105
-26.3268 42.0616 -3.47914 0.107966 -0.994126 0.00717193
-26.2868 42.0724 -2.3932 0.112354 -0.993656 0.00463778
-26.2447 42.0812 -1.07246 0.119347 -0.992847 -0.000344445
-26.2408 42.0837 -0.126796 0.115182 -0.993337 0.00394104
-26.4035 42.0689 0.816248 0.101931 -0.994788 0.00278005
-26.4554 42.0662 2.18776 0.110014 -0.993922 0.00355046
-26.2945 42.0855 3.39461 0.112953 -0.993592 0.00305948
-26.283 42.087 3.47185 0.114877 -0.993361 0.00224242
-27.1445 41.9933 3.53249 0.0999903 -0.99496 0.00326065
-27.2547 41.9841 2.62064 0.0906667 -0.99588 -0.000369216
-27.3031 41.9791 1.24032 0.093337 -0.995634 0.00123157
-27.1485 41.991 0.162274 0.0926311 -0.995682 0.00581367
-27.1376 41.9872 -0.960145 0.0996407 -0.995016 0.00195393
-27.1641 41.9831 -1.96513 0.101277 -0.99485 0.00356493
-27.205 41.978 -3.09292 0.0960458 -0.995377 0.00055207
-27.2129 41.9772 -3.21517 0.0942505 -0.99552 0.00533265
-28.1295 41.8947 -3.49851 0.0806031 -0.996715 0.00774431
-28.0461 41.906 -2.43996 0.0822387 -0.996608 0.00295513
-28.0114 41.9091 -1.23844 0.0827677 -0.996567 -0.000332416
-28.016 41.9115 -0.153765 0.086733 -0.996217 0.00547219
-28.1416 41.9019 1.05879 0.0843294 -0.996438 0.000631352
-28.1554 41.9027 2.01057 0.0866261 -0.99624 0.00115141
-28.0921 41.9105 3.19537 0.0851609 -0.996365 0.000710813
-28.0354 41.9149 3.6227 0.0839687 -0.996468 -0.00102734
-28.9425 41.8441 3.4985 0.0694281 -0.997584 0.00188432
-29.0082 41.8359 2.35156 0.0750758 -0.997171 0.00293508
-29.0136 41.8327 1.41205 0.0706162 -0.997499 0.00275388
-28.9409 41.8355 0.21935 0.0812027 -0.996695 -0.00205013
-28.8923 41.8395 -0.904882 0.076001 -0.997106 -0.00153656
-28.904 41.8386 -1.97601 0.07018 -0.997534 0.000334015
-29.0097 41.8282 -3.17223 0.0717942 -0.997407 0.00204751
-29.02 41.8271 -3.45734 0.0689873 -0.99761 0.00338349
-29.9499 41.7681 -3.59509 0.061192 -0.998125 0.00116364
-29.862 41.7726 -2.53745 0.0640771 -0.997939 -0.00331741
-29.8168 41.7747 -1.45844 0.068816 -0.997628 -0.0014565
-29.8052 41.7751 -0.417217 0.0667095 -0.997771 0.00160819
-29.862 41.7728 0.670871 0.0659366 -0.997823 0.00143221
-29.881 41.7724 1.6327 0.0681783 -0.997671 0.00189441
-29.8816 41.7742 2.57226 0.0698938 -0.997544 0.00438313
-29.8381 41.7818 3.29965 0.0663084 -0.997786 0.00475985
-30.7174 41.7277 3.49605 0.0567612 -0.998373 0.00512838
-30.7522 41.7222 2.56359 0.0579795 -0.998315 0.00176543
-30.7579 41.7184 1.61904 0.0546563 -0.998496 0.00403543
-30.7476 41.7173 0.640016 0.0538123 -0.99854 -0.00194927
-30.7149 41.7207 -0.375209 0.0561408 -0.998423 -0.000344946
-30.7179 41.7204 -1.44951 0.0535539 -0.998564 0.000656746
-30.7745 41.7183 -2.36641 0.0555594 -0.998452 -0.00275934
-30.8682 41.7163 -3.58753 0.0549531 -0.998486 -0.00238896
-31.7504 41.6723 -3.51755 0.0453279 -0.998964 -0.00403211
-31.6917 41.6711 -2.53893 0.0468818 -0.998896 -0.00204855
-31.638 41.6729 -1.30453 0.0470037 -0.998888 -3.83821e-05
-31.6067 41.6743 -0.210613 0.0489637 -0.9988 0.00035796
-31.6346 41.673 0.89651 0.0480349 -0.998845 0.000391594
-31.6428 41.6744 1.85691 0.0497003 -0.998762 0.00129005
-31.6103 41.6781 3.0828 0.0514554 -0.998668 0.00384139
-31.6041 41.6798 3.63224 0.0507711 -0.998707 0.00262981
-32.4873 41.638 3.48821 0.0398268 -0.999206 0.00108016
-32.522 41.635 2.3301 0.0401099 -0.999194 0.000797369
-32.5243 41.6324 1.08741 0.0433855 -0.999056 0.00165621
-32.5263 41.6341 0.145858 0.0396731 -0.999212 -0.000680745
-32.5002 41.6368 -0.790737 0.0352709 -0.999376 -0.00140313
-32.5321 41.636 -1.71857 0.0369324 -0.999315 -0.00126173
-32.5898 41.6342 -2.69327 0.0364142 -0.999337 -0.000339729
-32.6224 41.6341 -3.3374 0.0380864 -0.99927 -0.00252464
-33.5437 41.6027 -3.55283 0.0313603 -0.999507 -0.00151464
-33.4739 41.6043 -2.51483 0.0321431 -0.999483 -0.000416132
-33.4224 41.6056 -1.59148 0.0303437 -0.999539 -0.000345089
-33.3835 41.6043 -0.338212 0.0278117 -0.999606 -0.00374815
-33.4058 41.6 0.781585 0.0276252 -0.999617 -0.00148852
-33.414 41.6007 1.78713 0.0339574 -0.999418 0.00228289
-33.4342 41.6025 2.73524 0.0348956 -0.999385 0.00344016
-33.397 41.6039 3.53635 0.0358808 -0.999356 -7.97208e-05
-34.3156 41.5737 3.40919 0.0303358 -0.999536 -0.00106352
-34.3187 41.5737 2.30994 0.0286823 -0.999588 0.000986437
-34.2974 41.5746 1.32764 0.0279128 -0.999609 -0.0013969
-34.2898 41.5771 0.380111 0.0262454 -0.99965 -0.00338907
-34.2704 41.5808 -0.813465 0.0289015 -0.99958 -0.00123469
-34.3012 41.5799 -1.84283 0.0283056 -0.999598 -0.00110919
-34.3713 41.5786 -2.76607 0.0262803 -0.999653 -0.00114794
-34.4054 41.5782 -2.98628 0.0252205 -0.999681 -0.00106979
-35.3875 41.5579 -4.53948 0.0188798 -0.999819 -0.00203179
-34.2102 41.5857 -4.69863 0.0266283 -0.999645 -0.000879207
-33.0007 41.6224 -4.72275 0.0357893 -0.99935 0.00100894
-31.5343 41.6829 -4.71526 0.044393 -0.999011 0.00242096
-30.3763 41.7408 -4.73765 0.055947 -0.998424 0.00415617
-29.1263 41.8159 -4.70185 0.0630986 -0.997994 0.00453438
-28.0367 41.894 -4.64825 0.0784322 -0.996888 0.00637686
-26.7582 42.0061 -4.69165 0.0950456 -0.995421 0.00983723
-25.5224 42.1482 -4.69862 0.122104 -0.992489 0.00743148
-24.2144 42.328 -4.65818 0.148721 -0.988855 0.00296215
-23.0246 42.5233 -4.6756 0.165999 -0.986115 0.00437359
-21.6421 42.7756 -4.67717 0.187279 -0.982298 0.00270138
-20.5016 42.9991 -4.67583 0.200202 -0.979745 0.0038265
-19.2917 43.2528 -4.68228 0.210431 -0.97759 0.00594151
-18.0547 43.5289 -4.68219 0.224412 -0.974493 -0.0011384
-16.8094 43.821 -4.69259 0.230985 -0.972957 -0.000268354
-15.7373 44.0763 -4.71056 0.232815 -0.97252 -0.000597372
-14.5645 44.3605 -4.68965 0.238323 -0.971186 -0.000886847
-13.2917 44.6743 -4.70579 0.240905 -0.970548 -0.000941698
-12.1557 44.9581 -4.70332 0.244729 -0.96959 -0.00141572
-10.9193 45.2719 -4.73458 0.24648 -0.969147 -0.000726845
-9.78191 45.5633 -4.72598 0.250215 -0.968188 -0.0018505
-8.6583 45.8551 -4.68714 0.252183 -0.967678 -0.00140804
-8.12238 45.9941 -3.82881 0.254201 -0.967151 -0.000511478
-8.15129 45.9855 -2.65607 0.25336 -0.967371 -0.00119078
-8.1332 45.9874 -1.24621 0.253929 -0.967219 -0.0025511
-8.09621 45.9939 -0.0727132 0.253789 -0.967258 -0.0019019
-8.06897 45.9985 1.05919 0.253983 -0.967206 -0.0022052
-8.13985 45.9772 2.26398 0.252338 -0.967638 -0.00173323
-8.18366 45.9635 3.52784 0.252237 -0.967663 -0.00199263
-8.35481 45.9166 4.53812 0.253141 -0.967426 -0.00226997
-9.6573 45.5785 4.66286 0.249077 -0.968482 -0.00155648
-10.773 45.2925 4.66686 0.247094 -0.96899 -0.00107765
-11.8539 45.0193 4.66507 0.243109 -0.969997 -0.00199456
-13.0804 44.7134 4.70914 0.239835 -0.970812 -0.00199196
-14.4413 44.3808 4.70489 0.236611 -0.971604 -0.00125868
-15.7733 44.0597 4.64482 0.233453 -0.972367 -0.00131964
-17.0184 43.7672 4.67446 0.225511 -0.97424 -0.000822587
-18.0802 43.5254 4.64087 0.218519 -0.975827 -0.000216647
-19.3117 43.256 4.64612 0.210745 -0.977541 -0.000150607
-20.6382 42.9827 4.66171 0.194416 -0.980911 0.00215866
-21.8054 42.7588 4.71415 0.180504 -0.983568 0.00299741
-23.0059 42.5476 4.67062 0.165638 -0.986184 0.0021369
-24.1074 42.376 4.678 0.14578 -0.989312 0.0029124
-25.2314 42.218 4.72657 0.134369 -0.990918 -0.00235954
-26.359 42.0812 4.73343 0.116369 -0.993203 0.000101046
-27.4466 41.9694 4.6929 0.0927349 -0.99569 -0.000443653
-28.5994 41.8689 4.65064 0.0770758 -0.997004 0.000428407
-29.8477 41.7827 4.66446 0.0645615 -0.997914 -0.000463073
-30.9489 41.7161 4.67173 0.0541074 -0.998533 -0.00221906
-32.0474 41.6592 4.66527 0.048443 -0.998825 0.00135294
-33.231 41.6098 4.71027 0.0380501 -0.999276 0.000165674
-34.5367 41.5661 4.67765 0.0282398 -0.999601 -0.00100897
-35.5267 41.5403 4.32451 0.0231754 -0.999731 -0.000584608
-35.6025 41.5391 3.2158 0.0258882 -0.999665 -0.000309611
-35.6472 41.5393 2.12163 0.0224998 -0.999744 -0.00214644
-35.6273 41.5435 0.834689 0.0216603 -0.99976 -0.00318717
-35.6072 41.5478 -0.30233 0.0218604 -0.999758 -0.00235535
-35.5547 41.5507 -1.80737 0.0169736 -0.999856 -0.000881184
-35.5558 41.5533 -3.10837 0.0172773 -0.999847 -0.00266394
-35.5352 41.5546 -4.33215 0.0172387 -0.999848 -0.00126645
-36.6567 41.5382 -4.36989 0.0138617 -0.999903 -0.000981822
-36.3829 41.5428 -5.50241 0.0127124 -0.999918 -0.00104593
-35.1 41.563 -5.76403 0.0194488 -0.999808 0.00178047
-33.9803 41.59 -5.76311 0.0254761 -0.999666 0.00424046
-32.734 41.6302 -5.77329 0.0350144 -0.999374 0.00494566
-31.2685 41.6901 -5.766 0.0464451 -0.998906 0.00528866
-30.1042 41.751 -5.80257 0.0552598 -0.998437 0.00839368
-28.9588 41.8199 -5.77393 0.0656387 -0.997816 0.00691067
-27.7984 41.9072 -5.68624 0.0819502 -0.996595 0.00903632
-26.4581 42.0346 -5.75597 0.106254 -0.994327 0.00449362
-25.3751 42.1606 -5.77187 0.124092 -0.992247 0.00630477
-24.2531 42.3183 -5.73192 0.154585 -0.98789 0.0132758
-22.9358 42.5288 -5.74347 0.168784 -0.985568 0.0102757
-21.7872 42.7412 -5.75242 0.187091 -0.982245 0.0138301
-20.7133 42.9519 -5.70307 0.198687 -0.980057 0.00297204
-19.6113 43.1788 -5.76348 0.207015 -0.978325 0.00493646
-18.297 43.4715 -5.75868 0.221984 -0.975039 0.00455746
-16.9637 43.7832 -5.76875 0.231887 -0.972735 0.00379523
-15.8308 44.054 -5.77392 0.234552 -0.972103 -0.000316121
-14.6785 44.3334 -5.74942 0.237055 -0.971496 -0.000400131
-13.399 44.6487 -5.77196 0.240015 -0.970769 -0.000675012
-12.1749 44.9536 -5.78055 0.243424 -0.969919 0.00147648
-11.0657 45.2348 -5.7757 0.246414 -0.969163 0.00195059
-9.80135 45.5598 -5.79032 0.249805 -0.968295 -0.00130962
-8.5978 45.8723 -5.76782 0.252421 -0.967617 -0.000842823
-7.33799 46.202 -5.65517 0.253937 -0.96722 -0.00057365
-7.11065 46.2611 -4.47705 0.25512 -0.966909 -0.000910505
-7.11018 46.2602 -3.28242 0.25553 -0.966801 -0.000774845
-7.12431 46.2551 -2.06076 0.256001 -0.966674 -0.00201319
-7.10591 46.2564 -0.729148 0.25503 -0.966929 -0.00266886
-7.06042 46.2655 0.383459 0.254627 -0.967036 -0.00242175
-7.0989 46.2526 1.50857 0.254979 -0.966943 -0.0026618
-7.15357 46.2352 2.87727 0.255721 -0.96675 -0.00118804
-7.12519 46.2409 4.16463 0.254936 -0.966956 -0.00198713
-7.1934 46.22 5.43937 0.256539 -0.966533 -0.00130245
-8.14883 45.9684 5.73903 0.253647 -0.967295 -0.00170227
-9.24945 45.6816 5.71703 0.251488 -0.967857 -0.0023826
-10.3083 45.409 5.71234 0.247883 -0.968784 -0.00348864
-11.4248 45.1257 5.71823 0.245248 -0.969459 -0.001661
-12.6243 44.8246 5.73993 0.24085 -0.970562 -0.00102227
-13.7045 44.5585 5.75124 0.23748 -0.97139 -0.00218381
-14.8111 44.2888 5.72614 0.23572 -0.971812 -0.00375461
-16.1311 43.9736 5.72029 0.230303 -0.973118 -0.000958629
-17.2559 43.7111 5.76017 0.223347 -0.974735 -0.00191585
-18.6356 43.4008 5.69867 0.215438 -0.976511 -0.00362161
-19.9834 43.1136 5.72145 0.200425 -0.979701 -0.00347152
-21.2731 42.8581 5.74268 0.186933 -0.982365 -0.00119321
-22.3921 42.6542 5.73836 0.175659 -0.984406 -0.0081246
-23.4766 42.4697 5.74884 0.160986 -0.986934 -0.0062155
-24.9044 42.2583 5.74463 0.137532 -0.990477 -0.00634892
-26.0986 42.1065 5.75839 0.116857 -0.993129 -0.00604303
-27.3351 41.9754 5.74804 0.0915228 -0.995769 -0.00820626
-28.4467 41.8807 5.71467 0.0781257 -0.99694 -0.00201471
-29.752 41.7877 5.72641 0.0645735 -0.997896 -0.00558004
-31.185 41.7004 5.7083 0.0555959 -0.998449 -0.0021776
-32.3019 41.6471 5.73202 0.0448693 -0.998988 -0.00320899
-33.42 41.6034 5.7492 0.0355555 -0.999366 -0.000492596
-34.5577 41.5656 5.7587 0.0314962 -0.999502 -0.000271736
-35.7362 41.533 5.76914 0.0255462 -0.999671 -0.00189498
-36.6214 41.5143 5.05059 0.0213022 -0.999772 -0.00173049
-36.6281 41.5163 3.89619 0.0210426 -0.999777 -0.00177895
-36.6783 41.5167 2.78263 0.018843 -0.999821 -0.00186451
-36.6703 41.5197 1.61077 0.0164563 -0.999858 -0.00361103
-36.6742 41.5246 0.316002 0.0171342 -0.999845 -0.00399838
-36.6382 41.5294 -0.842203 0.0159669 -0.999864 -0.0036009
-36.6114 41.5345 -2.22976 0.0131563 -0.999909 -0.00313988
-36.6225 41.5377 -3.52113 0.0134821 -0.999908 -0.00135737
-36.647 41.5381 -4.16187 0.0131148 -0.999913 -0.000651215
-37.6998 41.5257 -4.22695 0.0103803 -0.999943 -0.00227233
-37.6854 41.5284 -5.39786 0.00817205 -0.999963 -0.00273743
-37.6229 41.5304 -6.57433 0.00479721 -0.999987 0.00186595
-36.559 41.5393 -6.81648 0.0106135 -0.999927 0.00566885
-35.4627 41.5522 -6.82579 0.0158933 -0.999833 0.00828159
-34.1961 41.5798 -6.79694 0.0224123 -0.999724 0.00695232
-32.9117 41.6191 -6.83074 0.034999 -0.999374 0.00507999
-31.7177 41.664 -6.79129 0.0422902 -0.999071 0.00753344
-30.5942 41.7165 -6.82919 0.0484708 -0.998799 0.00713624
-29.3565 41.7856 -6.8273 0.0633903 -0.99791 0.0125617
-27.9902 41.8802 -6.78278 0.0760516 -0.996939 0.0179722
-26.8633 41.9835 -6.78053 0.103575 -0.994493 0.0159901
-25.7357 42.1055 -6.80252 0.120534 -0.992547 0.0166489
-24.6493 42.2436 -6.80639 0.138567 -0.990071 0.0193129
-23.547 42.4156 -6.82161 0.161638 -0.986751 0.0139692
-22.2889 42.6315 -6.82888 0.179284 -0.983565 0.0212096
-21.1765 42.8478 -6.80138 0.197204 -0.980313 0.00987207
-19.9686 43.0964 -6.79709 0.207314 -0.978235 0.00846686
-18.7374 43.3643 -6.80013 0.217987 -0.975907 0.00891963
-17.568 43.6353 -6.8148 0.230625 -0.973033 0.00416434
-16.5019 43.89 -6.84945 0.234256 -0.972147 0.00714835
-15.3194 44.1774 -6.79778 0.237035 -0.971501 3.9076e-06
-14.1755 44.4577 -6.83078 0.23919 -0.970973 -0.000561974
-12.9265 44.7657 -6.83214 0.238211 -0.971212 0.000550375
-11.8661 45.029 -6.83216 0.244238 -0.969703 0.00469876
-10.6619 45.3366 -6.8385 0.249714 -0.968319 0.00125933
-9.60794 45.6088 -6.8433 0.250683 -0.968068 0.00135289
-8.28034 45.9538 -6.82226 0.252406 -0.967617 0.00295315
-7.17284 46.2442 -6.83734 0.255444 -0.966823 0.00145846
-6.10426 46.5282 -6.3251 0.256494 -0.966545 0.00144426
-6.10467 46.5275 -5.16463 0.255546 -0.966796 -0.0014119
-6.11234 46.5243 -3.99413 0.255522 -0.966803 0.00100523
-6.12908 46.5197 -2.67903 0.25753 -0.96627 -0.000579297
-6.11542 46.52 -1.36515 0.25631 -0.966589 -0.00330486
-6.09554 46.5214 -0.191708 0.254499 -0.967065 -0.00374185
-6.078 46.5232 1.00379 0.255448 -0.966821 -0.00169964
-6.12286 46.509 2.3245 0.255941 -0.966691 -0.00185557
-6.12333 46.5067 3.75528 0.25641 -0.966567 -0.0011832
-6.10709 46.5094 5.04681 0.257296 -0.966332 -0.000907245
-6.0645 46.5196 6.41584 0.258448 -0.966024 -0.00143179
-7.31982 46.184 6.80062 0.256316 -0.966587 -0.00344368
-8.43085 45.8903 6.8138 0.253248 -0.96739 -0.00460353
-9.5536 45.5984 6.77922 0.249624 -0.968322 -0.0063612
-10.7912 45.2835 6.80143 0.245462 -0.9694 -0.0034666
-11.8568 45.0145 6.77811 0.242619 -0.970119 -0.00239351
-13.3159 44.652 6.80685 0.240513 -0.970641 -0.00302928
-14.6932 44.3146 6.78665 0.237269 -0.971436 -0.00384664
-15.7615 44.0579 6.7749 0.228681 -0.973497 -0.00277996
-16.9576 43.7776 6.79422 0.224702 -0.974415 -0.00492826
-18.2623 43.4785 6.78939 0.218557 -0.975803 -0.00483942
-19.4539 43.2188 6.8242 0.210027 -0.977666 -0.0075064
-20.6633 42.9675 6.78527 0.194444 -0.980832 -0.0116254
-21.826 42.7463 6.78357 0.184705 -0.982657 -0.0151111
-22.9045 42.5561 6.7851 0.164311 -0.986256 -0.0160394
-24.1538 42.3555 6.78053 0.151725 -0.98836 -0.0106925
-25.3206 42.1899 6.77579 0.131819 -0.991202 -0.011888
-26.5837 42.038 6.79183 0.108717 -0.993855 -0.0204765
-27.7093 41.9343 6.76382 0.0856938 -0.996187 -0.0163533
-28.9379 41.8352 6.78595 0.0718201 -0.997336 -0.0125778
-30.2969 41.7433 6.78655 0.0586717 -0.998223 -0.0099189
-31.6459 41.6716 6.75847 0.0492371 -0.998751 -0.00829348
-32.8273 41.6212 6.78857 0.035193 -0.999359 -0.00569719
-34.0716 41.5792 6.79875 0.0328486 -0.999458 -0.00238186
-35.1676 41.5461 6.85271 0.0285047 -0.999589 -0.00299661
-36.4278 41.5141 6.79805 0.0212786 -0.999765 -0.00421639
-37.679 41.4913 6.54597 0.016869 -0.999856 -0.00166701
-37.6864 41.4921 5.33989 0.018804 -0.999823 0.00024677
-37.7033 41.4938 4.10143 0.0193054 -0.999808 -0.00330645
-37.7271 41.497 2.87634 0.0185041 -0.999827 -0.00206716
-37.7031 41.5029 1.71081 0.0159298 -0.999861 -0.00494109
-37.7104 41.508 0.524438 0.0133957 -0.999898 -0.00489443
-37.696 41.5149 -0.782967 0.0100313 -0.999942 -0.00395306
-37.6726 41.5201 -2.02179 0.0125196 -0.999914 -0.00381433
-37.6707 41.524 -3.20243 0.0115327 -0.999929 -0.00299242
-37.7005 41.5252 -4.02982 0.0108577 -0.999939 -0.00205693
