34.1611 48.934 -2.11542 -0.256863 -0.966448 -0.000206826
34.0544 48.9625 -3.17684 -0.256738 -0.966481 -7.45377e-05
34.0443 48.9651 -3.31511 -0.25672 -0.966486 -0.000174642
33.1865 49.1927 -3.50717 -0.255928 -0.966696 7.36335e-05
33.2302 49.1811 -2.49829 -0.256509 -0.966542 6.43677e-05
33.3741 49.1428 -1.37866 -0.256569 -0.966526 -0.000258104
33.512 49.1059 -0.178975 -0.256335 -0.966588 -0.000222288
33.5793 49.0881 1.01763 -0.256356 -0.966582 0.000347378
33.563 49.0926 2.23614 -0.256251 -0.96661 0.000197805
33.4967 49.1102 3.45217 -0.256483 -0.966549 -0.000115127
32.6554 49.3332 3.56509 -0.255778 -0.966735 6.15021e-05
32.7162 49.3171 2.44319 -0.255844 -0.966718 -1.76909e-05
32.7355 49.312 1.41616 -0.256188 -0.966627 0.000420278
32.6979 49.3217 0.38893 -0.25599 -0.966679 -7.0011e-05
32.594 49.3495 -0.708647 -0.255498 -0.96681 -0.000301732
32.41 49.3983 -2.04038 -0.255251 -0.966875 0.000179605
32.3308 49.4192 -3.21962 -0.255594 -0.966784 0.00011229
32.3225 49.4213 -3.58052 -0.255603 -0.966782 8.4409e-05
31.4626 49.6485 -3.64317 -0.255193 -0.96689 -0.0001584
31.5116 49.6354 -2.63352 -0.25494 -0.966957 -3.13296e-05
31.5963 49.6132 -1.54178 -0.255023 -0.966935 -5.57789e-05
31.8161 49.5549 -0.115279 -0.255573 -0.96679 -0.000246603
31.8789 49.5383 1.00549 -0.255336 -0.966852 -1.43681e-05
31.8711 49.5406 2.19405 -0.25532 -0.966857 0.000134087
31.8198 49.5542 3.52948 -0.255449 -0.966822 -6.4116e-05
30.9653 49.7796 3.37469 -0.254591 -0.967049 -9.41442e-05
31.0292 49.7627 2.26773 -0.254525 -0.967066 0.000130347
31.0359 49.7607 1.24717 -0.254912 -0.966964 1.807e-05
30.98 49.7754 0.119302 -0.254998 -0.966942 -0.000189841
30.7763 49.8293 -1.20523 -0.254759 -0.967004 -0.000242067
30.6331 49.867 -2.24869 -0.254406 -0.967097 0.000115523
30.6375 49.8658 -3.26993 -0.254511 -0.96707 -7.71051e-07
30.6355 49.8664 -3.52099 -0.254543 -0.967062 2.74003e-05
29.7757 50.0926 -3.5205 -0.254144 -0.967166 7.0867e-05
29.7517 50.0989 -2.45158 -0.254007 -0.967202 -0.000266476
29.8468 50.0739 -1.43676 -0.253942 -0.96722 -0.000119143
30.0517 50.0198 -0.432986 -0.25421 -0.967149 0.000163382
30.1724 49.9881 0.679505 -0.254601 -0.967046 -5.3891e-05
30.1572 49.9921 1.93914 -0.254438 -0.967089 9.2765e-05
30.1197 50.002 3.13757 -0.254093 -0.96718 -2.96938e-05
30.1189 50.0022 3.14965 -0.25417 -0.96716 -4.17734e-05
29.2318 50.2351 3.47617 -0.25387 -0.967238 -6.88116e-05
29.2727 50.2244 2.4238 -0.253846 -0.967245 -5.48721e-05
29.289 50.2203 1.33228 -0.253854 -0.967243 -0.000262256
29.276 50.2238 0.28947 -0.253802 -0.967256 9.23961e-05
29.0848 50.2739 -0.831 -0.253793 -0.967259 -5.55424e-05
28.9096 50.3199 -2.00179 -0.253832 -0.967248 -3.32976e-05
28.9095 50.3201 -3.02924 -0.254002 -0.967204 6.75986e-05
28.9184 50.3177 -3.50341 -0.253759 -0.967267 -5.11633e-05
28.0813 50.5372 -3.53818 -0.253406 -0.96736 -5.73553e-05
28.0132 50.555 -2.40919 -0.253273 -0.967395 7.68089e-05
28.0623 50.5421 -1.35732 -0.253488 -0.967338 -5.33981e-05
28.3188 50.4747 -0.34455 -0.253345 -0.967376 -1.91938e-05
28.3837 50.4577 0.747906 -0.25339 -0.967364 -0.000173844
28.3795 50.4586 1.96603 -0.253178 -0.96742 -3.69314e-06
28.367 50.4618 3.14721 -0.253198 -0.967415 -3.96871e-05
28.359 50.4639 3.63585 -0.253321 -0.967382 -1.20632e-05
27.4444 50.7033 3.45492 -0.252799 -0.967519 -0.00011429
27.4825 50.6933 2.25035 -0.252898 -0.967493 5.25863e-06
27.4461 50.703 1.12738 -0.253028 -0.967459 -9.02648e-05
27.4793 50.6944 -0.11712 -0.252983 -0.967471 -3.52921e-05
27.1375 50.7839 -1.10023 -0.253008 -0.967464 -0.000101329
27.1647 50.7769 -2.35156 -0.252935 -0.967483 -7.55621e-05
27.2298 50.76 -3.5355 -0.253159 -0.967425 -0.000160029
27.23 50.76 -3.57384 -0.25303 -0.967458 -0.000251089
26.3552 50.9885 -3.44212 -0.252736 -0.967535 -0.000198355
26.3225 50.9969 -2.26161 -0.252739 -0.967534 -0.000267504
26.0537 51.067 -1.27549 -0.252567 -0.967579 -0.000100564
26.5151 50.9464 -0.182655 -0.252668 -0.967553 -0.000160148
26.4933 50.9521 0.826969 -0.252753 -0.967531 3.30916e-05
26.4819 50.9549 2.03379 -0.252672 -0.967552 -0.000207534
26.5111 50.9472 3.29534 -0.252823 -0.967512 -0.000102582
26.4885 50.9531 3.45391 -0.252821 -0.967513 -4.51853e-05
25.52 51.2061 3.45734 -0.252685 -0.967548 -0.00016517
25.4251 51.231 2.30358 -0.252545 -0.967585 -1.24994e-05
25.3829 51.2419 1.02608 -0.25249 -0.9676 4.06036e-05
25.3704 51.2452 0.00985887 -0.2525 -0.967597 -3.79149e-05
25.2974 51.2644 -1.00572 -0.252633 -0.967562 -0.000218681
25.387 51.2412 -2.01729 -0.252611 -0.967568 -0.00014769
25.4218 51.2322 -3.0291 -0.252437 -0.967613 2.20724e-05
25.4176 51.2333 -3.34845 -0.252427 -0.967616 -0.000205239
24.5162 51.4685 -3.43624 -0.252311 -0.967646 -0.000107877
24.5323 51.4642 -2.40173 -0.252317 -0.967645 -2.21109e-05
24.512 51.4694 -1.33354 -0.252469 -0.967605 -6.70518e-05
24.4793 51.4778 -0.14305 -0.252526 -0.96759 -0.00019204
24.4454 51.4866 0.733999 -0.252319 -0.967644 0.000195101
24.4742 51.4791 1.7348 -0.252645 -0.967559 0.000126626
24.2559 51.5361 2.8282 -0.252465 -0.967606 2.07836e-05
24.5259 51.4655 3.22385 -0.252442 -0.967612 -7.33204e-05
23.3637 51.7687 3.28657 -0.252436 -0.967614 -5.85402e-05
23.5758 51.7133 2.3045 -0.252344 -0.967638 0.000102593
23.7444 51.6693 1.32789 -0.252491 -0.967599 0.000127902
23.4513 51.7459 0.299806 -0.252405 -0.967622 -0.000126734
23.5367 51.7237 -0.857916 -0.252252 -0.967661 -1.76272e-06
23.6202 51.7019 -1.90938 -0.252418 -0.967618 -2.56256e-05
23.5171 51.729 -3.1231 -0.252216 -0.967671 -0.00015566
23.585 51.7114 -3.61057 -0.252204 -0.967674 -8.04273e-05
22.6602 51.9525 -3.63214 -0.252278 -0.967655 -2.34817e-05
22.7036 51.9411 -2.62272 -0.252209 -0.967673 -1.13706e-05
22.7111 51.939 -1.39164 -0.252267 -0.967658 -4.12251e-05
22.651 51.9546 -0.26898 -0.252229 -0.967668 2.8144e-06
22.8123 51.9125 0.838359 -0.252116 -0.967697 3.19133e-06
22.9666 51.8722 1.82473 -0.252421 -0.967618 5.99493e-05
22.5744 51.9745 2.99186 -0.252223 -0.967669 9.6605e-05
22.562 51.9777 3.40626 -0.252132 -0.967693 -3.83821e-05
21.728 52.1951 3.46797 -0.252175 -0.967682 -9.3478e-05
21.904 52.1492 2.40078 -0.252393 -0.967625 0.000102894
22.138 52.0882 1.42902 -0.252241 -0.967664 7.87428e-05
21.8834 52.1546 0.162704 -0.252364 -0.967632 -6.79355e-05
21.8376 52.1666 -0.868157 -0.252198 -0.967676 1.88431e-05
21.8859 52.1541 -1.98614 -0.252261 -0.967659 -0.000118209
21.8 52.1766 -3.11828 -0.252241 -0.967664 5.36722e-05
21.7822 52.1813 -3.58154 -0.252059 -0.967712 -0.000123865
20.9479 52.3988 -3.56 -0.252075 -0.967708 -7.53718e-05
20.9869 52.3885 -2.40116 -0.252336 -0.96764 5.12844e-06
20.9984 52.3854 -1.3614 -0.25225 -0.967662 -5.17721e-05
21.0227 52.379 -0.106844 -0.252109 -0.967699 -0.000121189
21.2062 52.3312 1.03696 -0.252398 -0.967624 7.30857e-05
21.1328 52.3503 2.13922 -0.25235 -0.967636 -5.80247e-05
20.9527 52.3972 3.1299 -0.252224 -0.967669 7.39771e-05
20.9012 52.4107 3.55865 -0.252351 -0.967636 4.70157e-06
20.0746 52.6262 3.46906 -0.252243 -0.967664 -9.75379e-06
20.232 52.5851 2.41163 -0.252185 -0.967679 5.60361e-05
20.3704 52.5491 1.12862 -0.252208 -0.967673 -5.76978e-05
20.2271 52.5865 0.103611 -0.252461 -0.967607 6.14006e-06
20.1543 52.6055 -1.10842 -0.252174 -0.967682 7.76907e-05
20.1364 52.6102 -2.22358 -0.2522 -0.967675 -0.000158698
20.0989 52.6201 -3.23346 -0.2522 -0.967675 0.00012062
20.089 52.6226 -3.60529 -0.252172 -0.967682 3.25307e-05
19.2464 52.8422 -3.6199 -0.252217 -0.967671 -3.49404e-05
19.2705 52.836 -2.42812 -0.252275 -0.967656 -0.000197921
19.3008 52.828 -1.28329 -0.252391 -0.967625 9.15652e-05
19.3892 52.8049 0.0345265 -0.252396 -0.967624 -9.56597e-05
19.5237 52.7698 1.26998 -0.252374 -0.96763 2.12136e-05
19.3701 52.8098 2.50783 -0.252276 -0.967655 -4.79604e-05
19.2366 52.8447 3.57827 -0.252321 -0.967644 -9.33731e-05
18.4131 53.0594 3.35246 -0.252262 -0.967659 -5.71892e-05
18.5749 53.0173 2.13622 -0.25229 -0.967652 -8.80432e-07
18.632 53.0024 0.798682 -0.252297 -0.96765 9.39358e-05
18.5106 53.0341 -0.409426 -0.252385 -0.967627 -9.40109e-05
18.4599 53.0473 -1.44529 -0.252402 -0.967622 5.60395e-05
18.4258 53.0562 -2.56394 -0.252157 -0.967686 -5.63669e-05
18.3998 53.0631 -3.48816 -0.252439 -0.967613 -2.54472e-05
17.5599 53.282 -3.2502 -0.252377 -0.967629 -0.000132556
17.5967 53.2725 -2.16706 -0.252425 -0.967616 0.000130632
17.6348 53.2626 -1.11871 -0.252431 -0.967615 -0.000156351
17.6966 53.2464 -0.0308186 -0.252447 -0.967611 -1.51675e-05
17.7756 53.2258 1.04798 -0.252383 -0.967628 -2.44112e-05
17.7092 53.243 2.20975 -0.252373 -0.96763 -0.000201661
17.5724 53.2787 3.32076 -0.252576 -0.967577 0.00014192
17.5421 53.2866 3.56826 -0.252499 -0.967597 2.51804e-05
16.7221 53.5004 3.34774 -0.252371 -0.96763 2.59662e-05
16.8383 53.4702 2.32887 -0.252518 -0.967592 -2.97688e-05
16.9226 53.4483 1.1666 -0.252354 -0.967635 -2.67182e-05
16.8649 53.4633 -0.0413672 -0.252468 -0.967605 2.08481e-05
16.7851 53.4841 -1.42887 -0.252339 -0.967639 -7.94613e-05
16.733 53.4978 -2.55469 -0.25237 -0.967631 8.70485e-05
16.7251 53.4998 -3.6023 -0.252184 -0.967679 4.28371e-05
15.9669 53.6975 -1.0114 -0.252583 -0.967575 -5.95858e-05
16.0364 53.6794 0.153284 -0.252351 -0.967636 2.72861e-05
16.059 53.6735 1.18472 -0.252393 -0.967625 -5.11092e-05
16.0079 53.6868 2.19222 -0.252641 -0.96756 0.000120962
15.9361 53.7056 2.95843 -0.252443 -0.967612 1.2913e-05
16.1578 53.6478 -4.70373 -0.252331 -0.967641 -0.000190594
17.453 53.31 -4.69122 -0.252377 -0.967629 -4.72439e-06
18.6645 52.9941 -4.69664 -0.252265 -0.967658 6.07113e-05
19.7017 52.7236 -4.69119 -0.252315 -0.967645 2.80018e-05
20.7341 52.4546 -4.65598 -0.252155 -0.967687 -0.000197492
21.838 52.1669 -4.67211 -0.252154 -0.967687 -6.57032e-05
22.9153 51.8861 -4.74501 -0.252347 -0.967637 -0.000230483
24.04 51.5929 -4.79072 -0.252145 -0.967689 -0.000180499
25.1194 51.3114 -4.75743 -0.252283 -0.967653 -0.000381934
26.2293 51.0216 -4.71169 -0.25263 -0.967563 -0.000274519
27.428 50.7084 -4.72138 -0.253084 -0.967444 -0.000132379
28.7218 50.3694 -4.69961 -0.253685 -0.967287 -0.000217365
29.8358 50.077 -4.68657 -0.254263 -0.967135 -0.000100513
30.9056 49.7954 -4.68592 -0.254767 -0.967002 -0.000246349
32.013 49.5034 -4.68812 -0.255524 -0.966803 -0.000231198
33.0576 49.2269 -4.67423 -0.256281 -0.966602 -0.000125433
34.0814 48.9554 -4.65834 -0.256487 -0.966548 0.000161098
35.1147 48.6805 -4.38927 -0.257869 -0.96618 5.62281e-05
35.2229 48.6513 -3.20233 -0.257581 -0.966257 -0.000122144
35.2027 48.6567 -1.96019 -0.257776 -0.966205 6.82213e-05
35.2295 48.6495 -0.794526 -0.257542 -0.966267 8.51406e-05
35.2344 48.648 0.430461 -0.257703 -0.966224 -0.000264005
35.2308 48.649 1.518 -0.257689 -0.966228 -3.4225e-05
35.2737 48.6378 2.57393 -0.257527 -0.966271 0.000259442
35.2573 48.6421 3.90737 -0.257345 -0.96632 -7.76494e-05
34.6141 48.8135 4.62021 -0.257117 -0.96638 0.000140662
33.4363 49.1264 4.66433 -0.256266 -0.966606 4.27273e-05
32.2895 49.43 4.65814 -0.255657 -0.966768 -1.3251e-05
30.9969 49.7713 4.65895 -0.254963 -0.966951 -9.83234e-05
29.7161 50.1079 4.68607 -0.253804 -0.967256 0.000101921
28.5683 50.4091 4.72628 -0.25357 -0.967317 -4.35929e-05
27.3668 50.7235 4.64972 -0.25294 -0.967482 -7.09517e-05
25.9869 51.0841 4.66353 -0.252717 -0.96754 -0.000143878
24.8027 51.3933 4.68505 -0.252592 -0.967573 5.25781e-05
23.5166 51.7287 4.68976 -0.252314 -0.967645 -1.46026e-05
22.2427 52.061 4.67127 -0.252328 -0.967642 -7.30714e-05
21.164 52.3422 4.67561 -0.252214 -0.967671 8.32078e-06
19.9606 52.6558 4.67444 -0.252242 -0.967664 6.1586e-05
18.6676 52.993 4.64131 -0.252397 -0.967624 -8.40926e-05
17.6307 53.2635 4.64338 -0.252423 -0.967617 -0.000164518
16.4913 53.5607 4.66728 -0.252423 -0.967617 -5.83521e-05
15.2392 53.8874 4.59871 -0.252567 -0.967579 5.04522e-05
14.91 53.9733 3.56456 -0.252361 -0.967633 -8.19475e-05
14.885 53.9798 2.36918 -0.252388 -0.967626 -5.61436e-05
14.8637 53.9854 0.993224 -0.252478 -0.967603 -7.25415e-06
14.8901 53.9785 -0.181798 -0.252467 -0.967606 9.59256e-05
14.9337 53.967 -1.55661 -0.252461 -0.967607 9.63257e-06
14.9541 53.9617 -2.88181 -0.252484 -0.967601 0.000146038
14.9771 53.9558 -4.22934 -0.252429 -0.967615 4.19813e-05
15.7872 53.7445 -4.70087 -0.252448 -0.96761 -0.000122958
15.9348 53.7059 -4.70545 -0.25252 -0.967592 -0.000225169
15.8795 53.7203 -5.7684 -0.252387 -0.967626 2.35817e-05
16.9361 53.4449 -5.75905 -0.252346 -0.967637 -9.39645e-06
18.0495 53.1545 -5.72524 -0.25225 -0.967662 -1.73652e-05
19.4526 52.7887 -5.74827 -0.252297 -0.96765 -0.000114384
20.5291 52.508 -5.7213 -0.252149 -0.967688 -0.000202584
21.8007 52.1767 -5.7426 -0.252099 -0.967701 -0.000113677
22.9446 51.8786 -5.79661 -0.252121 -0.967696 5.84021e-06
24.1586 51.5621 -5.83099 -0.252302 -0.967649 -0.000153713
25.4327 51.2298 -5.77223 -0.252482 -0.967602 -0.000268114
26.4766 50.9572 -5.75048 -0.252639 -0.967561 -0.000306275
27.5203 50.6844 -5.76892 -0.253173 -0.967421 -0.000345629
28.748 50.3627 -5.75039 -0.253645 -0.967297 -0.00027283
29.961 50.0442 -5.73272 -0.254116 -0.967174 -0.00030923
31.0357 49.7615 -5.71255 -0.254722 -0.967014 -0.000532088
32.0735 49.4876 -5.71198 -0.255757 -0.966741 -0.000294097
33.176 49.1957 -5.70633 -0.25632 -0.966592 -0.000195774
34.2407 48.9129 -5.72732 -0.257302 -0.966331 -7.26338e-05
35.4462 48.5917 -5.7372 -0.257834 -0.966189 -2.37544e-05
36.2421 48.3791 -5.23939 -0.258374 -0.966045 0.000393369
36.2313 48.3825 -3.97227 -0.257723 -0.966219 0.000319329
36.2467 48.3781 -2.84776 -0.258041 -0.966134 -0.0002337
36.2305 48.3824 -1.73485 -0.258233 -0.966083 0.000106966
36.2542 48.3762 -0.409539 -0.258301 -0.966064 5.16455e-05
36.2551 48.3758 0.654724 -0.257797 -0.966199 -0.000150434
36.2637 48.3736 2.02427 -0.257978 -0.966151 0.000132061
36.286 48.3678 3.11516 -0.258098 -0.966119 0.000178632
36.255 48.3763 4.65917 -0.257705 -0.966224 0.000237923
35.8368 48.4881 5.60649 -0.25764 -0.966241 0.000109251
34.4845 48.8482 5.69355 -0.256926 -0.966431 0.000270507
33.4508 49.1227 5.73101 -0.256358 -0.966582 0.000119086
32.3319 49.419 5.71788 -0.255704 -0.966755 0.000230299
31.2678 49.7 5.72222 -0.254817 -0.966989 0.000155414
30.0531 50.0195 5.71823 -0.253975 -0.967211 0.000390683
28.9837 50.3002 5.78074 -0.253472 -0.967343 0.000293706
27.8446 50.5986 5.72337 -0.253219 -0.967409 3.79344e-05
26.749 50.8851 5.70508 -0.252965 -0.967475 0.000120536
25.6943 51.1606 5.72951 -0.252573 -0.967578 1.36242e-05
24.5559 51.4577 5.74374 -0.252458 -0.967608 6.3447e-05
23.5275 51.7259 5.7195 -0.252387 -0.967626 -4.74262e-05
22.1865 52.0756 5.71157 -0.25233 -0.967641 -4.11387e-05
21.1569 52.344 5.73404 -0.252235 -0.967666 0.000236977
20.0676 52.6279 5.7205 -0.252145 -0.96769 3.60043e-05
19.0412 52.8956 5.7001 -0.252483 -0.967601 0.000154279
17.9762 53.1733 5.71501 -0.25245 -0.96761 -6.70362e-06
16.9322 53.4457 5.70478 -0.252401 -0.967623 -4.79136e-05
15.8451 53.7293 5.70392 -0.252506 -0.967595 8.69527e-05
14.6218 54.0485 5.66007 -0.252386 -0.967627 0.00012577
13.8796 54.2422 5.03798 -0.252418 -0.967618 -1.98857e-05
13.8989 54.2371 3.81201 -0.252485 -0.967601 -5.29957e-05
13.8646 54.2461 2.61285 -0.252615 -0.967567 -1.04736e-05
13.8594 54.2474 1.49283 -0.252429 -0.967615 -6.32293e-05
13.8738 54.2437 0.279296 -0.252446 -0.967611 -3.31374e-05
13.8874 54.2401 -0.777824 -0.252415 -0.967619 -3.4121e-05
13.8859 54.2405 -1.83799 -0.252363 -0.967633 -8.22348e-06
13.9264 54.2299 -3.22918 -0.252572 -0.967578 4.49422e-05
13.9327 54.2282 -4.34312 -0.252545 -0.967585 1.79626e-05
13.9343 54.2278 -5.40934 -0.252493 -0.967599 -5.82728e-05
14.9188 53.971 -5.78934 -0.252353 -0.967635 -7.06706e-05
15.6189 53.7883 -5.7675 -0.252538 -0.967587 -9.85353e-05
15.6831 53.7716 -6.80796 -0.252475 -0.967603 -0.000125267
16.7084 53.5043 -6.83738 -0.252322 -0.967643 1.27749e-07
17.7474 53.2332 -6.79066 -0.252393 -0.967625 9.2291e-05
18.9387 52.9226 -6.84047 -0.252333 -0.96764 -1.88952e-05
20.0002 52.6459 -6.77033 -0.252124 -0.967695 -5.07322e-05
21.0993 52.3594 -6.76588 -0.252262 -0.967659 -9.84716e-05
22.1559 52.0841 -6.82609 -0.252105 -0.9677 -0.000129266
23.5314 51.7259 -6.84287 -0.252159 -0.967686 -0.000233894
24.5788 51.4528 -6.83546 -0.252226 -0.967668 -0.000227705
25.7759 51.1406 -6.81196 -0.252606 -0.967569 -0.000399067
26.899 50.8473 -6.80583 -0.252806 -0.967517 -0.000414597
27.9805 50.5643 -6.80595 -0.253306 -0.967386 -0.000387941
29.1283 50.2635 -6.78906 -0.253754 -0.967268 -0.000786373
30.1654 49.991 -6.768 -0.254379 -0.967104 -0.000993611
31.2414 49.7078 -6.76304 -0.254932 -0.966959 -0.000663115
32.4092 49.3992 -6.77343 -0.255725 -0.966749 -0.000704349
33.4405 49.1261 -6.77639 -0.256179 -0.966629 -0.000914685
34.4996 48.844 -6.74904 -0.257548 -0.966265 -0.00035216
35.5232 48.5714 -6.78573 -0.257986 -0.966148 -0.000802312
36.7322 48.2473 -6.77724 -0.258904 -0.965903 9.16791e-05
37.2962 48.0962 -5.91667 -0.259592 -0.965718 0.000594907
37.2677 48.1048 -4.72893 -0.258837 -0.965921 0.000511643
37.2703 48.1044 -3.57612 -0.258595 -0.965986 -0.000241436
37.2692 48.1045 -2.42595 -0.258721 -0.965952 0.00022448
37.2775 48.1025 -1.22111 -0.258495 -0.966013 0.000114465
37.2787 48.1024 -0.0694779 -0.258286 -0.966068 0.000320844
37.2956 48.0979 1.06823 -0.258171 -0.966099 -7.07403e-05
37.2818 48.1015 2.24409 -0.25835 -0.966051 0.000133893
37.2789 48.1024 3.50467 -0.258314 -0.966061 -0.000226254
37.2842 48.101 4.76465 -0.258617 -0.96598 0.000630069
37.2795 48.103 6.05972 -0.25818 -0.966097 0.000362082
36.3352 48.3556 6.75351 -0.25764 -0.966241 0.000614524
35.0647 48.6941 6.76884 -0.257242 -0.966347 0.000394609
33.9519 48.9901 6.77472 -0.25649 -0.966547 0.000389334
32.9312 49.2608 6.77662 -0.256253 -0.96661 0.000573081
31.8618 49.5435 6.77774 -0.255304 -0.96686 0.000758754
30.7973 49.8242 6.7625 -0.254552 -0.967059 0.000278563
29.629 50.1313 6.77595 -0.253695 -0.967284 0.000502611
28.5384 50.4172 6.78738 -0.253336 -0.967378 0.000499302
27.3587 50.7259 6.74645 -0.252987 -0.96747 0.000185548
26.1828 51.0331 6.78355 -0.252674 -0.967551 9.41739e-05
25.0719 51.323 6.7556 -0.252483 -0.967601 -1.51353e-05
23.9512 51.6155 6.78166 -0.25249 -0.967599 0.00012132
22.7627 51.9254 6.77035 -0.252215 -0.967671 0.000215115
21.6533 52.2146 6.75393 -0.252321 -0.967644 2.11555e-05
20.2634 52.5769 6.78192 -0.252211 -0.967672 2.60702e-05
19.2018 52.8537 6.76571 -0.252292 -0.967651 -8.72495e-05
18.1793 53.1204 6.75331 -0.252343 -0.967638 -6.34002e-05
17.1523 53.3883 6.77771 -0.252439 -0.967613 -0.000148304
15.9743 53.6955 6.77939 -0.252356 -0.967634 1.20977e-05
14.9317 53.9677 6.7781 -0.252424 -0.967617 -5.67798e-05
13.8721 54.2442 6.75968 -0.252474 -0.967604 -6.5878e-05
12.8807 54.5028 6.36547 -0.252538 -0.967587 3.16673e-05
12.8565 54.5092 5.30828 -0.2524 -0.967623 -1.2205e-05
12.8459 54.5119 4.20773 -0.252568 -0.967579 -5.35411e-05
12.8465 54.5118 3.06427 -0.252445 -0.967611 4.81325e-05
12.8423 54.5128 1.78576 -0.252504 -0.967596 5.39344e-05
12.8405 54.5133 0.610535 -0.252376 -0.967629 3.30842e-05
12.8582 54.5087 -0.498011 -0.252484 -0.967601 -3.21604e-05
12.8413 54.513 -1.70607 -0.252344 -0.967637 0.000156955
12.8719 54.505 -2.79765 -0.252523 -0.967591 0.000151419
12.9003 54.4976 -4.1863 -0.252532 -0.967588 -7.13167e-05
12.8677 54.5061 -5.39213 -0.252456 -0.967608 -1.18754e-05
12.9771 54.4776 -6.62793 -0.252396 -0.967624 0.000174028
13.9869 54.2141 -6.82169 -0.252561 -0.967581 0.000100442
15.3863 53.8491 -6.83541 -0.252406 -0.967621 -3.60892e-05
15.4259 53.8387 -6.83253 -0.252487 -0.9676 -0.000102234
