-9.93522 46.0291 3.38489 0.249415 -0.968395 -0.00196059
-9.84573 46.0543 2.19221 0.250021 -0.968239 -0.00161186
-9.81147 46.0657 1.17113 0.250394 -0.968141 -0.00222076
-9.85329 46.0577 0.0642447 0.250196 -0.968193 -0.00177707
-9.89514 46.0481 -0.960305 0.251102 -0.967961 -0.000300078
-9.92429 46.0428 -2.28561 0.250531 -0.968107 -0.00158142
-9.91103 46.0475 -3.25644 0.249593 -0.96835 -0.000979801
-9.91143 46.0474 -3.28682 0.250331 -0.96816 -0.000790963
-10.7705 45.8264 -3.30049 0.248569 -0.968613 -0.00133176
-10.7838 45.8214 -2.30728 0.248669 -0.968588 -0.00134326
-10.7629 45.8249 -1.26003 0.246943 -0.96903 -0.000749312
-10.7173 45.8352 -0.259341 0.249706 -0.968321 -0.00149148
-10.6834 45.8419 0.751899 0.249572 -0.968354 -0.00210787
-10.6919 45.8371 1.998 0.247771 -0.968817 -0.00191254
-10.7928 45.8094 3.08763 0.247258 -0.968949 -0.00120803
-10.821 45.8018 3.40664 0.247031 -0.969006 -0.00180084
-11.6952 45.5796 3.45686 0.24504 -0.969511 -0.00184101
-11.6322 45.5971 2.49813 0.244902 -0.969547 -0.00158192
-11.5647 45.6163 1.51166 0.246127 -0.969236 -0.00178532
-11.5393 45.6245 0.495599 0.245838 -0.96931 -0.00150813
-11.598 45.6111 -0.498353 0.246293 -0.969194 -0.00166871
-11.6668 45.5951 -1.57065 0.245623 -0.969364 -0.00164327
-11.6661 45.5972 -2.53254 0.246614 -0.969111 -0.00215988
-11.613 45.6122 -3.44195 0.246451 -0.969155 -0.000982723
-12.4966 45.389 -3.5442 0.244899 -0.969548 -0.00113297
-12.5559 45.3723 -2.31834 0.244116 -0.969745 -0.00126624
-12.5324 45.3761 -1.16074 0.244349 -0.969686 -0.00163589
-12.4626 45.3921 -0.158686 0.244386 -0.969677 -0.0011375
-12.4154 45.4027 0.790592 0.243987 -0.969777 -0.0019687
-12.4651 45.3881 2.03698 0.243933 -0.969791 -0.001773
-12.549 45.365 3.0033 0.243907 -0.969797 -0.00163721
-12.5725 45.3583 3.4634 0.243626 -0.969867 -0.00203657
-13.4468 45.1403 3.57818 0.238845 -0.971055 -0.00203663
-13.3996 45.1537 2.53036 0.241252 -0.970461 -0.00146506
-13.3134 45.1765 1.37862 0.241513 -0.970397 -0.00126034
-13.2982 45.1818 0.404677 0.241292 -0.970452 -0.000387559
-13.3843 45.1622 -0.80105 0.241 -0.970521 -0.00267508
-13.4434 45.1495 -2.12347 0.242154 -0.970237 -0.00142625
-13.3745 45.1685 -3.27426 0.241631 -0.970367 -0.00170559
-13.3803 45.1676 -3.62483 0.241749 -0.970339 -0.000350976
-14.2662 44.9476 -3.53917 0.238998 -0.971018 -0.00185538
-14.2865 44.9409 -2.51094 0.238302 -0.971187 -0.00259036
-14.2619 44.9453 -1.15811 0.237264 -0.971445 -0.000481144
-14.1982 44.9595 -0.0545124 0.238343 -0.97118 -0.0013223
-14.1766 44.9638 1.02644 0.240204 -0.970722 -0.00090935
-14.2379 44.948 2.05524 0.237486 -0.971391 3.64874e-05
-14.287 44.9363 3.03498 0.235537 -0.971865 -0.000950651
-14.3282 44.9256 3.44647 0.235699 -0.971825 -0.00169307
-15.211 44.7125 3.52892 0.233001 -0.972475 -0.00151829
-15.1407 44.7294 2.24309 0.232962 -0.972485 0.000803132
-15.0721 44.746 1.21941 0.232187 -0.972671 -0.000615138
-15.0491 44.7525 0.0312167 0.233567 -0.972341 -0.000206156
-15.1204 44.7363 -1.09853 0.234746 -0.972056 -0.000520024
-15.153 44.7287 -2.08861 0.23519 -0.971949 -0.000215018
-15.1182 44.7382 -3.30185 0.235074 -0.971977 -0.000942746
-15.1173 44.7385 -3.33009 0.236341 -0.971668 -0.00111272
-15.9925 44.5268 -3.29826 0.235119 -0.971966 -0.00101362
-16.0293 44.5184 -2.03859 0.231426 -0.972852 -0.000240132
-15.9927 44.5266 -1.04432 0.231636 -0.972802 -0.000700424
-15.9173 44.5445 0.0156838 0.232669 -0.972556 0.000214698
-15.9392 44.5389 1.05833 0.232517 -0.972592 -0.000375962
-16.0111 44.522 2.06357 0.229969 -0.973198 0.000692569
-16.0722 44.5073 3.04496 0.229529 -0.9733 -0.00122799
-16.0934 44.5019 3.52826 0.230675 -0.97303 -0.00136031
-16.9932 44.2924 3.4041 0.223872 -0.974617 -0.0012472
-16.8539 44.3232 2.04501 0.227019 -0.973886 0.000959383
-16.8029 44.3345 0.737694 0.225381 -0.974268 -0.00127267
-16.8322 44.327 -0.336499 0.22774 -0.973719 0.000644389
-16.904 44.3109 -1.46956 0.229953 -0.973201 -0.000430468
-16.9087 44.3099 -2.41833 0.230113 -0.973164 0.000324415
-16.8507 44.3235 -3.48529 0.227014 -0.97389 0.000803118
-16.8492 44.3239 -3.56002 0.226221 -0.974076 -0.000152253
-17.6987 44.1273 -3.61804 0.224971 -0.974365 -9.33682e-05
-17.763 44.1119 -2.66276 0.222246 -0.974988 -0.000717432
-17.8029 44.1016 -1.67629 0.224506 -0.974473 0.000120748
-17.72 44.1216 -0.624784 0.224056 -0.974575 0.00124317
-17.6584 44.1377 0.59651 0.220734 -0.975332 -0.000226296
-17.7481 44.1183 1.70804 0.221983 -0.975044 0.0033892
-17.8622 44.0932 2.84087 0.22206 -0.975032 -0.000669564
-17.9038 44.0828 3.58069 0.222864 -0.974849 -0.000429519
-18.7877 43.8861 3.39595 0.212803 -0.977095 -0.000508165
-18.6791 43.9096 2.04813 0.212278 -0.977209 0.000406426
-18.5426 43.9389 0.704811 0.215665 -0.976466 0.000721064
-18.6065 43.923 -0.419991 0.214565 -0.976708 0.0018772
-18.7078 43.8986 -1.6891 0.21594 -0.976406 -0.000576713
-18.6509 43.9123 -2.74968 0.216122 -0.976366 0.000649837
-18.5762 43.9288 -3.38337 0.218776 -0.975774 0.000882017
-19.4905 43.7299 -3.15855 0.210264 -0.977645 -0.000106697
-19.5986 43.7051 -1.94238 0.208013 -0.97812 -0.0034688
-19.5756 43.7117 -0.976779 0.208447 -0.978024 0.00435086
-19.4551 43.7421 0.23095 0.209005 -0.977913 -8.59792e-05
-19.4942 43.7325 1.5318 0.211075 -0.977468 0.00201938
-19.635 43.7037 2.50752 0.206195 -0.978508 0.00208946
-19.6758 43.6952 3.32438 0.207575 -0.978217 0.00177618
-20.5563 43.5147 3.44532 0.199331 -0.979932 0.00111513
-20.4808 43.5287 2.42428 0.198317 -0.980137 0.000644144
-20.3595 43.5522 1.30013 0.200514 -0.979684 0.00143787
-20.3902 43.5475 0.283999 0.202755 -0.979224 0.002264
-20.4615 43.529 -0.663995 0.198465 -0.980096 0.0041879
-20.4942 43.5199 -1.85165 0.197627 -0.980276 0.000814979
-20.4457 43.531 -2.89093 0.199724 -0.97984 0.00163355
-20.3648 43.5447 -3.43861 0.203483 -0.97907 0.00350397
-21.3508 43.3468 -3.35918 0.192178 -0.98135 0.00426518
-21.36 43.3513 -2.41038 0.189955 -0.981781 0.00309281
-21.3942 43.3444 -1.42949 0.188512 -0.982071 -0.000587578
-21.3721 43.35 -0.474966 0.192135 -0.98136 0.00401272
-21.3693 43.3543 0.544607 0.190715 -0.981643 0.00211635
-21.3826 43.3542 1.49583 0.182596 -0.983184 0.00283136
-21.3631 43.3565 2.68415 0.184978 -0.982738 -0.00307241
-21.4247 43.342 3.56167 0.186193 -0.982511 0.00169829
-22.3143 43.1769 3.33001 0.173295 -0.984862 0.000167686
-22.4242 43.1605 2.32162 0.174332 -0.984655 -0.00456698
-22.6193 43.1288 1.36915 0.169774 -0.985479 0.00290451
-22.2405 43.1905 0.259962 0.184464 -0.982801 0.00868802
-22.4486 43.1491 -0.922972 0.16875 -0.985644 0.00291412
-22.4362 43.1493 -2.14235 0.181093 -0.98345 0.00374658
-22.3986 43.1506 -3.08459 0.183712 -0.982968 0.00497763
-22.2991 43.1668 -3.54762 0.183309 -0.983039 0.00555531
-23.3843 42.9795 -3.39134 0.160663 -0.986999 0.00456673
-23.5085 42.9663 -2.39912 0.158432 -0.987328 0.00910043
-23.4235 42.9849 -1.25753 0.154155 -0.988025 0.00501312
-23.2573 43.0167 -0.0829682 0.153699 -0.988102 0.00438299
-23.618 42.9592 0.874032 0.157758 -0.987476 -0.00165378
-23.5575 42.9706 1.86783 0.162507 -0.986704 0.00239185
-23.4265 42.9897 2.83787 0.158698 -0.987325 -0.00157451
-23.2991 43.0097 3.50451 0.158545 -0.987344 0.00240054
-24.3363 42.8524 3.49206 0.147669 -0.989035 0.00171173
-24.4293 42.8357 2.51696 0.13984 -0.99016 0.00350322
-24.4575 42.8305 1.46162 0.135688 -0.990746 0.00260154
-24.2806 42.8555 0.492872 0.141924 -0.989871 -0.00354401
-24.1877 42.8706 -0.707961 0.149784 -0.988717 0.00185408
-24.3636 42.8394 -1.81293 0.145794 -0.989285 0.00760326
-24.3675 42.8301 -3.02387 0.147784 -0.98898 0.00885327
-24.353 42.8298 -3.44396 0.139443 -0.99021 0.00615644
-25.2745 42.7052 -3.1487 0.13448 -0.99091 0.00336258
-25.252 42.7125 -2.19063 0.132234 -0.991212 0.00345748
-25.0538 42.7443 -0.958115 0.136561 -0.990631 -0.00122374
-24.9002 42.7662 -0.0256644 0.145134 -0.989407 0.00308311
-25.1787 42.7306 0.886662 0.130571 -0.991432 0.0035968
-25.303 42.7155 1.89609 0.132881 -0.991132 -0.000165086
-25.3025 42.7196 3.1472 0.131966 -0.991254 0.000427072
-25.3126 42.7185 3.46038 0.131603 -0.991302 9.79429e-05
-26.2215 42.6022 3.24757 0.120506 -0.992708 0.00123141
-26.1559 42.6077 2.11322 0.112447 -0.993644 0.00528009
-25.9965 42.6245 0.879381 0.113526 -0.993535 -0.000844068
-25.7589 42.6514 -0.419475 0.127454 -0.991837 0.00330955
-25.9943 42.6207 -1.38658 0.123373 -0.99235 0.00429325
-26.1376 42.5991 -2.33755 0.117489 -0.993061 0.00519267
-26.1766 42.5905 -3.29329 0.114699 -0.993396 0.00300224
-26.1778 42.5902 -3.31975 0.115719 -0.993279 0.00156593
-27.0712 42.4927 -3.4651 0.102393 -0.994738 0.0034021
-27.0031 42.5042 -2.32911 0.101707 -0.994799 0.00547617
-26.8394 42.5247 -1.3229 0.105345 -0.994435 0.000861149
-26.6479 42.5469 -0.377907 0.103974 -0.994558 0.00623446
-26.7994 42.5351 0.63859 0.10799 -0.994144 -0.00103815
-26.9478 42.5196 1.61475 0.103327 -0.99464 0.00392994
-27.0918 42.5034 2.74862 0.101137 -0.994846 -0.000952479
-27.1228 42.4999 3.39145 0.106588 -0.994294 0.00260143
-28.0176 42.4162 3.50187 0.0890943 -0.996022 -0.00141037
-27.9437 42.4224 2.34038 0.0927674 -0.995687 0.000306848
-27.7362 42.4409 1.05315 0.0948268 -0.995492 -0.00125844
-27.537 42.4579 -0.140978 0.0955314 -0.995413 0.00518888
-27.6893 42.4391 -1.22306 0.0903975 -0.995905 0.00116957
-27.8346 42.425 -2.19559 0.085619 -0.996322 0.00312551
-27.9571 42.4087 -3.37262 0.0883068 -0.99608 0.00519386
-27.962 42.4079 -3.44001 0.0897618 -0.995924 0.0082012
-28.8886 42.3338 -3.62088 0.0692738 -0.99757 0.00735711
-28.7567 42.3464 -2.46508 0.0720151 -0.9974 0.00170382
-28.5985 42.3608 -1.27022 0.0790617 -0.996868 0.000733668
-28.454 42.375 -0.207633 0.0809304 -0.996707 0.00492338
-28.5775 42.365 0.843002 0.0861687 -0.99628 -0.000575003
-28.7519 42.3512 1.81006 0.0770794 -0.997021 0.00199894
-28.9155 42.3401 2.8057 0.0790409 -0.996871 -0.00037449
-28.9796 42.3371 3.61386 0.0758572 -0.997116 0.00218575
-29.91 42.2669 3.61364 0.0726832 -0.997338 0.0055552
-29.7429 42.2777 2.37081 0.0695105 -0.997581 0.000136196
-29.5697 42.2901 1.38119 0.0712917 -0.997454 0.000289004
-29.3816 42.3026 0.125337 0.0675869 -0.997713 0.000863016
-29.4538 42.2951 -1.02395 0.0691642 -0.997603 0.00180776
-29.6373 42.2834 -2.09035 0.071284 -0.997455 -0.0012611
-29.7282 42.2781 -3.2255 0.06357 -0.997975 0.0023302
-29.764 42.2748 -3.64045 0.0636239 -0.997971 0.00238761
-30.6556 42.2218 -3.59959 0.0556585 -0.998447 8.67164e-06
-30.5527 42.2246 -2.37696 0.0565155 -0.998397 -0.00297164
-30.404 42.2328 -1.13921 0.0587693 -0.998269 0.00193758
-30.2776 42.2418 -0.0868529 0.0643952 -0.997917 0.00170673
-30.3806 42.2362 0.887677 0.0657994 -0.997833 0.000249176
-30.5975 42.2202 2.16651 0.0592999 -0.998239 0.000194451
-30.7653 42.2124 3.18293 0.054846 -0.998488 0.00342581
-30.7961 42.2118 3.59599 0.0542053 -0.998522 0.00377691
-31.6657 42.165 3.41958 0.0479736 -0.998841 0.0037798
-31.5427 42.168 2.4176 0.0468476 -0.998899 0.00229323
-31.3466 42.1775 1.40259 0.0525996 -0.998614 -0.00168998
-31.2184 42.1872 0.423031 0.0563464 -0.998407 -0.00065625
-31.2272 42.1852 -0.543612 0.0551917 -0.99847 -0.000120431
-31.365 42.1785 -1.58685 0.0527124 -0.99861 -0.000203103
-31.4753 42.1745 -2.72276 0.0506176 -0.998714 -0.00271527
-31.5203 42.1736 -3.22553 0.0497609 -0.998757 -0.00277581
-32.409 42.1321 -3.33491 0.0443858 -0.999008 -0.00345815
-32.3194 42.133 -2.15048 0.0439944 -0.99903 -0.00172743
-32.1833 42.137 -0.937618 0.0430947 -0.999068 -0.00244044
-32.1301 42.1392 0.14117 0.0434822 -0.999052 -0.00139484
-32.2267 42.1335 1.13495 0.0430097 -0.999071 -0.00192107
-32.4339 42.1267 2.19852 0.0445787 -0.999001 0.00217705
-32.5355 42.1249 3.21636 0.0420567 -0.999113 0.00212841
-32.5357 42.1248 3.21803 0.0411172 -0.999152 0.00191353
-33.4766 42.088 3.33333 0.0368485 -0.999313 -0.00122546
-33.3361 42.0903 2.14592 0.0365686 -0.999323 0.00414486
-33.1605 42.0955 1.21443 0.0388754 -0.999244 -0.000916503
-33.0234 42.1011 0.085075 0.039202 -0.999231 0.000405493
-33.1127 42.0981 -1.14091 0.0368982 -0.999312 -0.00242395
-33.2129 42.0969 -2.18387 0.0373138 -0.999302 -0.00126761
-33.3181 42.0948 -3.37414 0.0333192 -0.999442 -0.00219646
-33.3393 42.0946 -3.54548 0.0331573 -0.999443 -0.00363777
-34.1548 42.0668 -2.60559 0.0280812 -0.999604 -0.00153208
-34.0389 42.0677 -1.44638 0.0279379 -0.999604 -0.00296504
-33.9565 42.0696 -0.469339 0.0283132 -0.999599 0.000298595
-33.9638 42.069 0.603376 0.0293662 -0.999568 0.00112762
-34.0733 42.0652 1.38261 0.0297239 -0.999558 -0.000974011
-24.0085 42.9048 4.59144 0.148544 -0.9889 0.00322066
-22.8351 43.0908 4.60103 0.165903 -0.986138 0.00256938
-21.7548 43.2834 4.63231 0.184141 -0.982892 0.00392555
-20.6203 43.5027 4.61515 0.194922 -0.980815 0.000336936
-19.3798 43.7581 4.59866 0.209847 -0.977734 -0.000604625
-18.1747 44.0208 4.66867 0.217385 -0.97608 -0.00112456
-17.1174 44.2615 4.65601 0.224426 -0.97449 -0.000954684
-15.7908 44.5718 4.63343 0.230261 -0.973128 -0.000864668
-14.5448 44.8711 4.64633 0.235586 -0.971853 -0.00132942
-13.4608 45.1355 4.66983 0.238924 -0.971038 -0.000569208
-12.1992 45.4498 4.62621 0.244158 -0.969734 -0.000995864
-11.0162 45.7496 4.60159 0.246274 -0.969199 -0.0017314
-9.78614 46.0651 4.64252 0.249001 -0.968502 -0.00139784
-8.70112 46.3465 4.32239 0.251149 -0.967946 -0.00213675
-8.58198 46.3801 3.1816 0.251814 -0.967772 -0.00274412
-8.59088 46.3815 1.75302 0.252023 -0.967719 -0.00227005
-8.6261 46.3754 0.452732 0.252933 -0.96748 -0.00268407
-8.65401 46.3708 -0.675476 0.253142 -0.967427 -0.00216396
-8.6738 46.3682 -1.97105 0.253171 -0.967419 -0.00225117
-8.69656 46.3638 -3.20364 0.253018 -0.96746 -0.00137371
-8.76274 46.3479 -4.40909 0.253068 -0.967448 -0.00106033
-9.75235 46.091 -4.68486 0.251122 -0.967954 -0.00187605
-11.1055 45.7423 -4.6117 0.246906 -0.969038 -0.00149814
-12.2198 45.4597 -4.64295 0.245401 -0.969421 -0.0008221
-13.5313 45.1312 -4.73202 0.241085 -0.970504 -0.000851639
-14.6737 44.8492 -4.71143 0.238335 -0.971183 -0.000409417
-15.9309 44.5431 -4.71282 0.235576 -0.971855 -0.00117823
-17.1269 44.2595 -4.72537 0.22728 -0.973829 0.000450937
-18.4014 43.9665 -4.62416 0.221431 -0.975175 0.000315579
-19.4614 43.7336 -4.65976 0.211442 -0.977387 0.00210384
-20.868 43.4381 -4.6231 0.197001 -0.980391 0.00239299
-21.9969 43.2167 -4.65534 0.190701 -0.981619 0.00756656
-23.1202 43.0173 -4.63499 0.16383 -0.986466 0.00644444
-24.5504 42.7939 -4.63978 0.141694 -0.989894 0.00565906
-25.7956 42.6289 -4.65383 0.123218 -0.992352 0.00739183
-26.9834 42.4936 -4.68315 0.106026 -0.994271 0.0135577
-28.164 42.3787 -4.67886 0.0818393 -0.996617 0.00617398
-29.3548 42.2957 -4.68356 0.0638394 -0.997938 0.006689
-30.4345 42.2303 -4.68342 0.0573082 -0.998339 0.0057883
-31.609 42.1706 -4.67204 0.0462385 -0.998928 0.00234824
-32.7008 42.1231 -4.65021 0.0416289 -0.999132 0.00153776
-33.8867 42.0804 -4.63957 0.0314767 -0.999502 -0.00103475
-34.9795 42.051 -4.55864 0.0237503 -0.999717 -0.00153003
-35.2551 42.041 -3.32268 0.020684 -0.999782 -0.00190195
-35.2495 42.0381 -1.97726 0.0242557 -0.999704 -0.00212016
-35.2321 42.0362 -0.728583 0.0241142 -0.999709 -0.000462093
-35.2305 42.0351 0.67546 0.0238682 -0.999712 -0.00231741
-35.1627 42.034 1.86799 0.024801 -0.999692 -0.00113994
-35.2282 42.0318 3.22439 0.0286832 -0.999588 0.000702777
-34.9066 42.0403 4.59471 0.0285403 -0.999592 -0.00101995
-33.5391 42.0847 4.59431 0.0366936 -0.999325 -0.00025766
-32.377 42.1329 4.58326 0.0455626 -0.998959 -0.00126221
-31.1783 42.1924 4.62885 0.0561576 -0.998421 -0.000228109
-30.0463 42.2622 4.66647 0.0676012 -0.99771 0.00217568
-28.8135 42.3509 4.65438 0.0757389 -0.997126 -0.000737072
-27.6421 42.4522 4.62355 0.093973 -0.995558 0.00287456
-26.3044 42.5948 4.6063 0.119096 -0.992883 0.000124221
-24.9829 42.7633 4.58058 0.139299 -0.990236 0.00140728
-24.3123 42.8593 4.59001 0.144158 -0.989537 0.00397255
-24.3458 42.8504 5.66457 0.147754 -0.988962 -0.00952729
-25.4667 42.6935 5.67183 0.12312 -0.992361 -0.00721172
-26.8583 42.5256 5.67821 0.10702 -0.994147 -0.0104761
-28.3 42.3925 5.6874 0.0830508 -0.996545 0.000241455
-29.5921 42.2933 5.7149 0.0708172 -0.997489 -0.000822381
-30.6927 42.2209 5.7231 0.0623683 -0.998036 -0.00591013
-31.9655 42.1489 5.66352 0.0521664 -0.998621 -0.00588325
-33.2095 42.0965 5.65523 0.0357063 -0.999355 -0.00385015
-34.3532 42.056 5.68993 0.0340136 -0.999421 -0.000120251
-35.732 42.0147 5.69234 0.0273686 -0.999625 -0.00109678
-36.3369 42.0009 4.95543 0.0221993 -0.999753 -0.00130916
-36.3148 42.0029 3.84032 0.0234964 -0.999723 -0.00134453
-36.2518 42.0068 2.36351 0.0229208 -0.999735 -0.00212341
-36.2707 42.0101 1.24737 0.0208629 -0.999774 -0.00393108
-36.3218 42.0116 0.134363 0.0194918 -0.999809 -0.00159667
-36.3125 42.0139 -1.0462 0.0179388 -0.999833 -0.00302254
-36.3169 42.018 -2.29826 0.0154443 -0.999876 -0.00299818
-36.3256 42.0222 -3.49706 0.0153393 -0.999878 -0.00302351
-36.3156 42.0248 -4.58045 0.0142 -0.999896 -0.00228117
-36.0402 42.0294 -5.60531 0.0169679 -0.999854 0.00107557
-34.7543 42.0561 -5.7144 0.0250357 -0.999685 0.00183148
-33.3938 42.0956 -5.69166 0.0327009 -0.999452 0.00500904
-32.3055 42.1359 -5.71369 0.0407158 -0.999154 0.00581767
-31.1627 42.1865 -5.76711 0.0470304 -0.998881 0.00502532
-30.0807 42.2447 -5.73142 0.0571477 -0.998344 0.00624206
-28.8339 42.3243 -5.7473 0.0702705 -0.997503 0.00644458
-27.5868 42.4228 -5.7525 0.088965 -0.996019 0.00215298
-26.357 42.5545 -5.72913 0.118152 -0.992982 0.00524965
-25.264 42.6881 -5.72058 0.131742 -0.991255 0.00628008
-24.0143 42.8662 -5.70264 0.151365 -0.988381 0.0138152
-22.5261 43.1145 -5.69756 0.176785 -0.984245 0.00292986
-21.4047 43.3259 -5.73179 0.194229 -0.980942 0.00521947
-20.3008 43.5521 -5.74217 0.204284 -0.978883 0.00749182
-19.2329 43.7805 -5.72225 0.210407 -0.9776 0.00499599
-17.9638 44.0639 -5.74891 0.220908 -0.975272 0.00634099
-16.8957 44.3135 -5.78237 0.232493 -0.972597 0.000299221
-15.7896 44.5785 -5.76993 0.234663 -0.972077 -0.000265435
-14.6092 44.8657 -5.76878 0.238586 -0.971121 5.4197e-05
-13.4129 45.1611 -5.80013 0.240376 -0.97068 0.000219727
-12.2317 45.4568 -5.67657 0.244663 -0.969606 0.00185175
-11.0911 45.7471 -5.69659 0.247967 -0.968767 -0.000669146
-9.95231 46.0409 -5.75901 0.250211 -0.96819 -0.00124861
-8.79633 46.3413 -5.76369 0.251807 -0.967777 -0.000165595
-7.77805 46.6075 -5.4694 0.254196 -0.967152 -0.00113447
-7.65306 46.639 -4.24406 0.255178 -0.966894 -0.000963303
-7.64845 46.6392 -3.12423 0.255584 -0.966786 -0.00100924
-7.63573 46.6406 -1.75124 0.254779 -0.966998 -0.00153128
-7.62293 46.6403 -0.36082 0.255279 -0.966863 -0.00306924
-7.61564 46.6394 0.781597 0.25383 -0.967245 -0.0028409
-7.57663 46.6463 1.9107 0.254012 -0.967195 -0.00332832
-7.55768 46.6477 3.15587 0.254456 -0.967081 -0.00242522
-7.61427 46.6308 4.28566 0.255296 -0.966862 -0.00125612
-7.71368 46.603 5.38336 0.255209 -0.966885 -0.00121568
-8.68622 46.3477 5.7354 0.252053 -0.96771 -0.00275035
-9.73595 46.0748 5.70729 0.248652 -0.968582 -0.00454227
-10.7935 45.804 5.69444 0.248373 -0.968659 -0.00325881
-12.0661 45.4826 5.70667 0.243367 -0.969934 -8.2606e-05
-13.178 45.2046 5.71701 0.240374 -0.970678 -0.00107747
-14.3597 44.9142 5.73327 0.237589 -0.971365 -0.00119597
-15.5985 44.6157 5.72451 0.231537 -0.972823 -0.00258469
-16.6659 44.3651 5.69545 0.226012 -0.97412 -0.00271156
-17.8047 44.1023 5.75174 0.221584 -0.975134 -0.00366789
-18.9837 43.8406 5.69405 0.214465 -0.976726 -0.00322583
-20.1185 43.6023 5.67833 0.198592 -0.980079 -0.00257425
-21.2395 43.3788 5.70653 0.189465 -0.981847 -0.00731917
-22.38 43.17 5.69809 0.173334 -0.984841 -0.00640054
-23.7225 42.9463 5.67276 0.152089 -0.988342 -0.00702915
-23.8934 42.9201 5.66892 0.152183 -0.988327 -0.00709203
-24.0796 42.8817 6.73772 0.152424 -0.988218 -0.0138922
-25.3936 42.6913 6.75968 0.140319 -0.989994 -0.0147427
-26.6156 42.5413 6.75786 0.115888 -0.993071 -0.0192164
-27.7595 42.4311 6.75673 0.0875465 -0.99603 -0.0159925
-28.9305 42.3341 6.76292 0.0743727 -0.997136 -0.0137305
-30.0592 42.2519 6.76834 0.0689557 -0.997586 -0.00748383
-31.3215 42.1783 6.77156 0.0561257 -0.998403 -0.00648074
-32.4174 42.1216 6.72088 0.041683 -0.999099 -0.00705654
-33.5399 42.0811 6.7394 0.0337085 -0.999427 -0.00312534
-34.6567 42.0444 6.78472 0.0308564 -0.99952 -0.00291396
-35.868 42.0093 6.7653 0.0269892 -0.999628 -0.00387292
-37.1076 41.9823 6.58395 0.0194567 -0.999809 -0.00193483
-37.3836 41.9774 5.55291 0.0215681 -0.999767 -6.69792e-05
-37.3917 41.9772 4.4113 0.0231048 -0.999731 -0.00151386
-37.3524 41.9809 3.27924 0.0215283 -0.999764 -0.00294921
-37.319 41.9859 2.07571 0.0193657 -0.999799 -0.00513534
-37.392 41.9901 0.890549 0.0164186 -0.999855 -0.00427641
-37.4048 41.9932 -0.23789 0.0161317 -0.999864 -0.00334508
-37.4006 41.9986 -1.55059 0.0153061 -0.999875 -0.00393052
-37.3862 42.0041 -2.83252 0.0140637 -0.999894 -0.00376754
-37.3691 42.008 -3.93607 0.0141864 -0.999895 -0.00311539
-37.3759 42.011 -5.03364 0.0136315 -0.999906 -0.000899623
-37.3503 42.0124 -6.2527 0.00924205 -0.999957 5.71714e-05
-36.249 42.0232 -6.8021 0.013489 -0.999901 0.00400386
-35.105 42.043 -6.79958 0.0228731 -0.999685 0.01026
-33.9438 42.0717 -6.75989 0.0322365 -0.999445 0.00835023
-32.6743 42.1153 -6.76826 0.0373066 -0.999263 0.00899969
-31.4431 42.1667 -6.81794 0.0459843 -0.998911 0.00764383
-30.211 42.2292 -6.77948 0.0550758 -0.998424 0.0107219
-29.0209 42.3036 -6.81203 0.0668296 -0.997723 0.0090524
-27.8983 42.3885 -6.79435 0.0886003 -0.995899 0.0182988
-26.5429 42.5222 -6.76834 0.10977 -0.993893 0.00989967
-25.4578 42.6511 -6.81616 0.122515 -0.992367 0.0140054
-24.2423 42.8144 -6.76988 0.150273 -0.988459 0.0160108
-23.1337 42.9964 -6.76857 0.165099 -0.986194 0.0127319
-21.9652 43.2076 -6.78447 0.185645 -0.982512 0.0136722
-20.8086 43.4386 -6.77537 0.200231 -0.97972 0.00754272
-19.6297 43.687 -6.83211 0.211579 -0.977337 0.00690174
-18.4926 43.9367 -6.76388 0.218359 -0.975846 0.0066014
-17.3965 44.1919 -6.88454 0.231195 -0.972903 0.00283159
-16.316 44.4498 -6.81182 0.236074 -0.97173 0.00310853
-15.2541 44.7077 -6.81088 0.236912 -0.971529 0.0016579
-14.1098 44.9889 -6.86624 0.238994 -0.971021 -6.83801e-05
-12.975 45.2693 -6.81451 0.240036 -0.970763 0.00157804
-11.7666 45.5733 -6.77198 0.248355 -0.968668 0.00151663
-10.6332 45.8649 -6.82876 0.249917 -0.968267 0.000446976
-9.41089 46.1811 -6.8308 0.250805 -0.968037 0.00082071
-8.24 46.4855 -6.81127 0.252019 -0.967718 0.00289127
-7.11533 46.7815 -6.80632 0.256121 -0.966643 0.0016655
-6.61393 46.9149 -6.00368 0.256081 -0.966655 -0.000286194
-6.60837 46.916 -4.85502 0.255987 -0.96668 -0.00095121
-6.59766 46.9181 -3.67833 0.256869 -0.966446 -0.000524607
-6.59644 46.9173 -2.4481 0.257091 -0.966386 -0.00152904
-6.63166 46.9054 -1.35414 0.256663 -0.966496 -0.00303989
-6.57217 46.9172 -0.213072 0.254845 -0.966974 -0.00389113
-6.59829 46.9058 1.08307 0.254234 -0.967139 -0.00261348
-6.53357 46.9202 2.19821 0.255194 -0.966888 -0.00208523
-6.56928 46.9083 3.39542 0.255776 -0.966735 -0.00166376
-6.57589 46.9051 4.59196 0.256113 -0.966646 -0.000933622
-6.61656 46.8933 5.86145 0.257441 -0.966294 -0.000512148
-7.05763 46.7742 6.70438 0.257933 -0.966158 -0.0030449
-8.20983 46.4679 6.80537 0.254608 -0.967016 -0.00704572
-9.4579 46.1431 6.78624 0.251342 -0.967882 -0.00562167
-10.5884 45.8522 6.7346 0.245494 -0.969387 -0.00397061
-11.8685 45.5307 6.77389 0.24378 -0.969829 -0.00176587
-13.1423 45.2124 6.77774 0.241299 -0.97045 -0.00156949
-14.2704 44.9344 6.78971 0.237816 -0.971307 -0.00257844
-15.5745 44.6182 6.78975 0.231602 -0.972803 -0.00384074
-16.7773 44.3356 6.77513 0.227794 -0.973696 -0.00479429
-17.9944 44.0542 6.82463 0.224392 -0.974482 -0.00580096
-19.117 43.8075 6.76308 0.211501 -0.977326 -0.00943294
-20.5124 43.5152 6.75322 0.199198 -0.979863 -0.0137035
-21.6152 43.2988 6.79366 0.18833 -0.982069 -0.00845155
-22.8544 43.078 6.78197 0.165442 -0.986109 -0.0145887
-23.7092 42.9385 6.77163 0.155589 -0.987749 -0.0112844
