33.953 49.506 3.38468 -0.255943 -0.966692 -0.000180236
33.9688 49.5018 2.41391 -0.255946 -0.966691 0.000404155
33.9618 49.5035 1.34732 -0.256349 -0.966584 0.000269483
33.9645 49.5026 0.242656 -0.256338 -0.966587 -0.000208392
33.9585 49.5043 -0.738425 -0.256131 -0.966642 1.25342e-06
33.9518 49.5061 -1.85133 -0.256268 -0.966606 -0.000162886
33.9538 49.5056 -2.93475 -0.256182 -0.966629 -0.000100505
33.9426 49.5086 -3.20651 -0.256179 -0.966629 -0.000123904
33.0929 49.7336 -3.31487 -0.255581 -0.966788 0.00018221
33.1196 49.7265 -2.34677 -0.255864 -0.966713 -8.25362e-05
33.0957 49.7329 -1.06355 -0.256051 -0.966663 -0.00018868
33.1142 49.7278 -0.105696 -0.255857 -0.966715 -6.04651e-05
33.0824 49.7361 0.855705 -0.255635 -0.966773 0.000372199
33.12 49.7263 1.79852 -0.255633 -0.966774 -0.00015709
33.1004 49.7316 2.90854 -0.25536 -0.966846 0.000242153
33.107 49.7298 3.55261 -0.255576 -0.966789 -5.02852e-05
32.2372 49.9597 3.60525 -0.255093 -0.966916 0.000169053
32.2614 49.9531 2.63976 -0.25524 -0.966878 6.63111e-05
32.2499 49.956 1.52426 -0.255117 -0.96691 9.94228e-05
32.2428 49.9579 0.512636 -0.255032 -0.966933 3.80111e-05
32.2537 49.9553 -0.686883 -0.255124 -0.966908 -0.000336517
32.2419 49.9585 -1.83809 -0.255314 -0.966858 7.95312e-05
32.2474 49.957 -2.99365 -0.255149 -0.966902 0.000179308
32.2264 49.9624 -3.43044 -0.255257 -0.966873 9.44615e-05
31.381 50.1853 -3.49133 -0.254777 -0.967 -8.82294e-05
31.3854 50.1841 -2.33091 -0.254769 -0.967002 0.000163321
31.3732 50.1874 -1.36964 -0.254577 -0.967053 -0.000130999
31.4019 50.1797 -0.0765059 -0.254639 -0.967036 -0.00021966
31.3935 50.1818 0.953553 -0.255037 -0.966931 5.45332e-05
31.4105 50.1774 1.93954 -0.255022 -0.966935 0.00010303
31.4005 50.1801 2.93972 -0.254368 -0.967107 0.000315592
31.3926 50.1824 3.49494 -0.254417 -0.967094 0.000153665
30.5149 50.4131 3.23849 -0.254122 -0.967172 0.000193451
30.5552 50.4025 2.02203 -0.254162 -0.967162 8.51725e-05
30.5553 50.4025 1.06107 -0.254507 -0.967071 -8.90537e-05
30.5494 50.4041 -0.0674245 -0.254645 -0.967035 -1.94013e-05
30.5261 50.4104 -1.2067 -0.254397 -0.9671 -0.000229096
30.5235 50.411 -2.39464 -0.254412 -0.967096 -2.44985e-05
30.5324 50.4086 -3.38411 -0.254425 -0.967092 -6.24713e-05
30.5258 50.4104 -3.62731 -0.254314 -0.967122 -0.000123528
29.6856 50.6312 -3.50785 -0.253764 -0.967266 0.000167958
29.6607 50.6377 -2.34089 -0.253981 -0.967209 7.37874e-05
29.6825 50.632 -1.27527 -0.253912 -0.967227 -0.000228011
29.713 50.6239 -0.341678 -0.254088 -0.967181 3.46621e-05
29.6964 50.6284 0.707685 -0.253954 -0.967216 -0.000245189
29.6797 50.6325 2.00241 -0.254111 -0.967175 -0.000118008
29.6654 50.6362 3.04893 -0.253868 -0.967239 1.84921e-06
29.6562 50.6386 3.51473 -0.253804 -0.967256 1.15906e-06
28.8051 50.8619 3.4115 -0.253528 -0.967328 -0.000125892
28.8169 50.8588 2.45552 -0.253451 -0.967348 2.16325e-05
28.8057 50.8618 1.41144 -0.253451 -0.967348 -0.000227107
28.8319 50.8551 0.437396 -0.253425 -0.967355 -0.000105617
28.8401 50.853 -0.531664 -0.253643 -0.967298 0.000144129
28.8033 50.8626 -1.62955 -0.253512 -0.967332 -6.78315e-05
28.8106 50.8609 -2.78122 -0.253727 -0.967276 -3.25681e-05
28.8327 50.8551 -3.45657 -0.253759 -0.967267 -0.000165577
27.9769 51.0792 -3.25147 -0.253161 -0.967424 -6.19857e-05
27.9527 51.0855 -2.22274 -0.253115 -0.967436 -5.92725e-05
27.9658 51.0819 -1.12709 -0.253283 -0.967392 1.88517e-05
27.9748 51.0796 -0.126984 -0.253096 -0.967441 2.46066e-05
27.9418 51.0881 0.811529 -0.253256 -0.967399 -0.000159546
27.9502 51.0858 1.86171 -0.253225 -0.967407 -0.000158266
27.9572 51.0839 3.00875 -0.253175 -0.96742 -7.68435e-05
27.9623 51.0825 3.57715 -0.2532 -0.967414 2.55351e-05
27.11 51.3056 3.35511 -0.252885 -0.967496 -0.000128805
27.0828 51.3128 2.21138 -0.253025 -0.96746 -3.05832e-05
27.0701 51.316 1.04186 -0.252899 -0.967493 7.07021e-05
27.1148 51.3044 0.048477 -0.252903 -0.967492 -4.64037e-05
27.0985 51.3089 -1.27174 -0.253005 -0.967465 -7.6368e-05
27.0697 51.3164 -2.36464 -0.252885 -0.967496 7.35576e-06
27.1421 51.2976 -3.31149 -0.252972 -0.967474 -0.000131507
27.1395 51.2983 -3.40766 -0.252999 -0.967466 -0.000180678
26.2631 51.5273 -3.66033 -0.252717 -0.96754 -0.000123087
26.2246 51.5372 -2.69013 -0.252689 -0.967548 -8.91155e-05
26.2053 51.5422 -1.60701 -0.252618 -0.967566 2.28872e-05
26.2584 51.5283 -0.492265 -0.252633 -0.967562 -0.000172986
26.1991 51.5436 0.57976 -0.252719 -0.96754 7.06939e-06
26.2659 51.5262 1.63498 -0.25279 -0.967521 -2.92952e-05
26.1885 51.5464 2.69109 -0.252772 -0.967526 -6.67364e-05
26.2473 51.531 3.6022 -0.252535 -0.967588 0.000107088
25.3515 51.7648 3.52452 -0.252524 -0.967591 2.65206e-06
25.3515 51.7649 2.33397 -0.252449 -0.96761 -8.88619e-05
25.3515 51.7649 1.34578 -0.25251 -0.967594 4.86921e-07
25.3515 51.765 0.357434 -0.252616 -0.967567 -0.000142381
25.3515 51.765 -0.742784 -0.252545 -0.967585 -3.96373e-05
25.3515 51.7651 -1.85185 -0.252426 -0.967616 -0.000128948
25.3515 51.7652 -3.05776 -0.252518 -0.967592 -0.000136142
25.353 51.7649 -3.55418 -0.252583 -0.967575 -0.000187113
24.3334 52.0309 -3.45268 -0.252281 -0.967654 -0.000167229
24.2304 52.0577 -2.36052 -0.252369 -0.967631 -0.000218343
24.2852 52.0433 -1.089 -0.252355 -0.967635 -8.69276e-05
24.3233 52.0333 -0.171165 -0.252357 -0.967634 4.56332e-05
24.2494 52.0525 0.755463 -0.25237 -0.967631 -0.000181625
24.2236 52.0592 1.8663 -0.252324 -0.967643 6.05931e-05
24.3661 52.022 2.81452 -0.252264 -0.967658 -0.000138433
24.3487 52.0265 3.50478 -0.252444 -0.967611 0.000149241
23.4437 52.2626 3.41143 -0.252314 -0.967645 0.000119197
23.2335 52.3174 2.02577 -0.252354 -0.967635 3.56866e-05
23.2241 52.3199 1.06667 -0.252397 -0.967624 -0.000107663
23.4869 52.2515 -0.00881161 -0.252418 -0.967618 -2.32057e-05
23.4818 52.2528 -0.975034 -0.25245 -0.96761 -1.1867e-05
23.2082 52.3242 -1.97203 -0.252347 -0.967637 -8.06968e-05
23.2672 52.3089 -2.94965 -0.252292 -0.967651 -0.000107302
23.2661 52.3093 -3.57434 -0.252367 -0.967632 -9.19214e-05
22.3401 52.5507 -3.44592 -0.252221 -0.96767 -8.86448e-05
22.3516 52.5476 -2.32311 -0.252285 -0.967653 -0.00014832
22.5368 52.4993 -1.14862 -0.252315 -0.967645 5.02326e-05
22.6801 52.4619 -0.160969 -0.25233 -0.967641 -6.97883e-05
22.4098 52.5322 0.957609 -0.252209 -0.967673 -0.000231853
22.3896 52.5375 1.96273 -0.25222 -0.96767 0.000156505
22.5143 52.505 3.0222 -0.252424 -0.967617 -6.50484e-05
22.5919 52.4848 3.54824 -0.25221 -0.967673 0.000150037
21.7126 52.714 3.6198 -0.252154 -0.967687 1.56758e-05
21.5962 52.7444 2.6404 -0.252287 -0.967652 -6.00608e-05
21.5196 52.7644 1.57045 -0.252281 -0.967654 -2.4351e-05
21.6359 52.7341 0.52476 -0.252303 -0.967648 2.56886e-05
21.8023 52.6907 -0.583375 -0.252249 -0.967662 4.40731e-05
21.5929 52.7454 -1.53156 -0.252346 -0.967637 5.59432e-05
21.4512 52.7824 -2.67557 -0.25241 -0.96762 -0.000117522
21.4614 52.7797 -3.44949 -0.252267 -0.967658 2.45778e-05
20.5951 53.0056 -3.67531 -0.252234 -0.967666 5.56929e-06
20.6114 53.0013 -2.42545 -0.252428 -0.967616 -6.81401e-05
20.7448 52.9665 -1.39059 -0.252305 -0.967648 3.09818e-05
20.8873 52.9293 -0.432337 -0.252346 -0.967637 6.38163e-06
20.7708 52.9596 0.49373 -0.252351 -0.967636 8.98853e-05
20.6589 52.9888 1.44591 -0.252415 -0.967619 -0.000174916
20.6926 52.98 2.47512 -0.252311 -0.967646 4.48136e-06
20.8353 52.9428 3.56548 -0.252243 -0.967664 5.02742e-05
19.9657 53.1696 3.60887 -0.252431 -0.967615 -9.03968e-05
19.8451 53.201 2.48658 -0.252413 -0.967619 -1.9819e-05
19.8482 53.2002 1.42859 -0.252186 -0.967679 1.98389e-05
19.9109 53.1839 0.489964 -0.252339 -0.967639 3.60008e-06
19.9768 53.1668 -0.645115 -0.252348 -0.967636 6.39302e-05
19.8409 53.2022 -1.61758 -0.252323 -0.967643 8.24566e-05
19.7295 53.2313 -2.86736 -0.252243 -0.967664 -9.57502e-05
19.7325 53.2305 -3.34098 -0.252255 -0.967661 -5.07768e-05
18.8785 53.4532 -3.45938 -0.252404 -0.967622 -0.000137577
18.9208 53.4421 -2.12579 -0.252377 -0.967629 -1.10478e-05
19.0463 53.4095 -1.10209 -0.25247 -0.967605 0.000107793
19.1124 53.3922 0.000300774 -0.252176 -0.967681 -0.000129235
19.0199 53.4162 1.16693 -0.25247 -0.967605 -6.74753e-05
18.9991 53.4216 2.13988 -0.252448 -0.96761 -0.000118702
19.0709 53.4029 3.36312 -0.252364 -0.967632 -9.52573e-07
19.091 53.3977 3.557 -0.252304 -0.967648 -8.90633e-05
18.2468 53.6179 3.5132 -0.252426 -0.967616 7.42758e-06
18.1521 53.6426 2.27835 -0.252402 -0.967622 -6.72265e-05
18.1732 53.6371 1.12494 -0.252485 -0.967601 -0.000110503
18.2632 53.6136 -0.106252 -0.252435 -0.967614 6.84066e-05
18.181 53.6351 -1.15829 -0.252397 -0.967624 3.4548e-05
18.0587 53.667 -2.17691 -0.252378 -0.967629 -6.34826e-05
18.0234 53.6763 -3.268 -0.252246 -0.967663 2.93547e-05
18.0241 53.6761 -3.39942 -0.252258 -0.96766 8.22704e-05
17.1691 53.8991 -3.38554 -0.252481 -0.967602 -5.75497e-05
17.2061 53.8894 -2.21703 -0.252371 -0.967631 3.33814e-05
17.2818 53.8696 -1.27018 -0.25249 -0.9676 9.39108e-05
17.4029 53.838 -0.0301778 -0.252355 -0.967635 2.04199e-05
17.2999 53.8649 1.26932 -0.252484 -0.967601 -7.53922e-05
17.2998 53.8649 2.28442 -0.252308 -0.967647 4.10057e-05
17.3874 53.842 3.41772 -0.252489 -0.9676 -2.352e-06
16.4673 54.082 2.54673 -0.252619 -0.967566 8.08712e-05
16.459 54.0842 2.05432 -0.252486 -0.9676 -9.1634e-06
19.454 53.3031 -4.72028 -0.25229 -0.967652 0.000166858
18.07 53.6641 -4.65035 -0.252342 -0.967638 5.4977e-05
16.8879 53.9724 -4.68765 -0.252511 -0.967594 -0.000146983
15.8159 54.2521 -4.69418 -0.252469 -0.967605 -0.000146831
15.3896 54.3633 -3.79313 -0.252546 -0.967585 4.66335e-05
15.4279 54.3533 -2.5817 -0.252495 -0.967598 2.95134e-05
15.4255 54.3539 -1.44596 -0.252451 -0.96761 -9.92199e-05
15.4673 54.343 -0.0883562 -0.252417 -0.967619 -5.3957e-05
15.4003 54.3605 1.15503 -0.252421 -0.967618 -0.000193925
15.4327 54.3521 2.41522 -0.252567 -0.967579 9.39659e-05
15.477 54.3405 3.72805 -0.252581 -0.967576 -6.14958e-06
16.0477 54.1916 4.65472 -0.252465 -0.967606 -7.10501e-05
17.2677 53.8733 4.68037 -0.252346 -0.967637 2.48506e-05
18.4756 53.5581 4.66676 -0.252501 -0.967596 0.000280015
19.6063 53.2632 4.6746 -0.252325 -0.967643 1.51552e-05
20.7471 52.9657 4.72706 -0.252298 -0.96765 7.04757e-05
21.8905 52.6677 4.70541 -0.252263 -0.967659 6.67523e-05
23.1794 52.3316 4.64864 -0.252356 -0.967635 7.03443e-06
24.2364 52.0558 4.66017 -0.252465 -0.967606 8.56577e-05
25.4606 51.7364 4.61312 -0.252474 -0.967604 6.19674e-05
26.7297 51.4049 4.69886 -0.252818 -0.967514 -9.62429e-05
27.823 51.1191 4.68735 -0.253194 -0.967415 1.66395e-05
28.9883 50.8138 4.62466 -0.253624 -0.967303 5.68037e-05
30.3237 50.4635 4.64501 -0.25378 -0.967262 2.52059e-05
31.4023 50.1799 4.64372 -0.254751 -0.967007 -5.25602e-05
32.5373 49.8805 4.67386 -0.255618 -0.966778 1.17777e-05
33.5776 49.6053 4.68279 -0.256003 -0.966676 -0.000126142
34.643 49.3231 4.62799 -0.256347 -0.966585 2.65493e-05
35.1291 49.194 3.7446 -0.257029 -0.966404 -0.000125282
35.0987 49.202 2.58826 -0.257095 -0.966386 0.000187869
35.1206 49.1959 1.33579 -0.256936 -0.966428 0.000362968
35.1331 49.1925 0.219577 -0.256861 -0.966448 -0.000116804
35.14 49.1907 -0.93372 -0.256838 -0.966455 3.27748e-05
35.1225 49.1952 -2.12811 -0.256877 -0.966444 3.75261e-07
35.1211 49.1956 -3.32569 -0.257028 -0.966404 0.000109018
35.0289 49.2203 -4.48804 -0.257156 -0.96637 5.16956e-05
33.764 49.556 -4.58929 -0.256037 -0.966667 0.000116945
32.4552 49.9021 -4.61164 -0.255388 -0.966839 -0.000365097
31.4084 50.1782 -4.66873 -0.25488 -0.966973 -0.000243818
30.3269 50.4629 -4.68377 -0.254315 -0.967121 -0.000135076
29.1394 50.7748 -4.68171 -0.25378 -0.967262 -0.000206042
28.0695 51.0552 -4.69253 -0.253327 -0.967381 -0.000132685
26.8008 51.387 -4.73354 -0.252785 -0.967522 -0.000235183
25.4821 51.7314 -4.68072 -0.252426 -0.967616 -2.03663e-05
24.3372 52.0301 -4.68265 -0.252321 -0.967644 -0.000207532
23.2677 52.309 -4.65748 -0.252192 -0.967677 -0.000150976
22.0876 52.6166 -4.65922 -0.252233 -0.967667 -0.000133146
20.8446 52.9406 -4.73896 -0.252144 -0.96769 -0.000214466
19.958 53.1717 -4.7399 -0.252246 -0.967663 -0.00019331
19.7637 53.2225 -5.7908 -0.252407 -0.967621 0.000152699
20.7956 52.9534 -5.78943 -0.252314 -0.967645 -0.000173127
21.9299 52.6578 -5.74298 -0.252189 -0.967678 -9.67153e-05
23.2731 52.3077 -5.69374 -0.252246 -0.967663 -0.000149343
24.4332 52.0053 -5.7406 -0.252459 -0.967608 -0.000251909
25.5119 51.7238 -5.7424 -0.252548 -0.967584 -0.000251562
26.6279 51.4324 -5.77883 -0.252616 -0.967566 -0.000132738
27.7676 51.1345 -5.77833 -0.253136 -0.967431 -9.00883e-05
28.9747 50.8182 -5.74461 -0.25357 -0.967317 -0.000181969
30.0377 50.5391 -5.76317 -0.254313 -0.967122 -0.000320921
31.2744 50.2138 -5.75209 -0.254552 -0.967059 -0.000304404
32.6237 49.8578 -5.65404 -0.255577 -0.966789 -1.91399e-05
33.9858 49.4973 -5.66585 -0.256118 -0.966646 -0.000301309
35.3333 49.1394 -5.77258 -0.257087 -0.966388 0.000229469
36.1539 48.9207 -5.16968 -0.257778 -0.966204 0.000129742
36.1658 48.9176 -4.09535 -0.257611 -0.966249 7.55236e-05
36.1318 48.9267 -2.91994 -0.257469 -0.966287 0.000129511
36.1528 48.9212 -1.80571 -0.257245 -0.966346 0.000122148
36.158 48.92 -0.460319 -0.257221 -0.966353 6.99009e-05
36.1746 48.9154 0.87639 -0.257038 -0.966401 -2.4988e-05
36.1408 48.9245 2.10492 -0.257263 -0.966341 0.000148032
36.157 48.9204 3.31675 -0.257351 -0.966318 -6.3568e-06
36.1555 48.9207 4.38616 -0.257255 -0.966343 0.000182816
35.871 48.9967 5.66173 -0.257079 -0.96639 0.000321937
34.7283 49.3003 5.74016 -0.256607 -0.966516 -0.000173945
33.6938 49.5746 5.71712 -0.256053 -0.966663 -0.0001008
32.5894 49.8667 5.72298 -0.255618 -0.966778 0.00015022
31.5571 50.1392 5.71765 -0.254826 -0.966987 0.000315601
30.446 50.4315 5.7249 -0.253973 -0.967211 0.00023896
29.3978 50.7066 5.67123 -0.253693 -0.967285 8.16132e-05
28.1977 51.021 5.73236 -0.25339 -0.967364 0.000248393
26.979 51.3399 5.76389 -0.252874 -0.967499 0.000119289
25.8554 51.6334 5.66555 -0.252777 -0.967525 -2.34109e-05
24.5902 51.9636 5.74313 -0.252461 -0.967607 9.68522e-05
23.5269 52.2409 5.68354 -0.252457 -0.967608 -3.22122e-05
22.4454 52.523 5.73271 -0.252322 -0.967643 0.000162672
21.3293 52.814 5.79721 -0.252276 -0.967655 0.000184043
20.2482 53.0958 5.76339 -0.252374 -0.96763 4.51384e-05
19.078 53.401 5.72829 -0.252347 -0.967637 3.06553e-05
17.9418 53.6974 5.74094 -0.252487 -0.9676 -5.17871e-05
16.7308 54.0133 5.73481 -0.252468 -0.967605 1.84167e-05
15.5124 54.3313 5.70891 -0.252465 -0.967606 1.25884e-05
14.5689 54.5775 5.39475 -0.252466 -0.967606 2.24537e-05
14.4392 54.6113 4.33439 -0.252396 -0.967624 -6.51441e-05
14.4415 54.6107 3.1476 -0.252484 -0.967601 -1.64349e-05
14.3734 54.6285 1.77027 -0.252701 -0.967544 -4.32933e-05
14.374 54.6283 0.483745 -0.252542 -0.967586 -6.89648e-05
14.4166 54.6171 -0.843049 -0.25232 -0.967644 -3.39344e-05
14.3947 54.6228 -2.13749 -0.252528 -0.96759 0.000151682
14.3831 54.6259 -3.24265 -0.252478 -0.967603 -0.000103219
14.3457 54.6356 -4.52175 -0.252546 -0.967585 7.32492e-05
14.5873 54.5726 -5.68227 -0.252491 -0.967599 -0.000150843
15.6825 54.2869 -5.78737 -0.252411 -0.96762 1.93223e-05
16.796 53.9964 -5.73304 -0.252523 -0.967591 6.99345e-05
17.8962 53.7094 -5.70702 -0.25249 -0.967599 -0.000108841
18.9419 53.4367 -5.73949 -0.252249 -0.967662 5.94505e-05
19.5755 53.2716 -5.77714 -0.252279 -0.967655 2.96079e-05
19.4093 53.3148 -6.82524 -0.252299 -0.967649 0.000123259
18.3531 53.5904 -6.79255 -0.252327 -0.967642 -2.51819e-05
17.2657 53.8739 -6.78373 -0.252406 -0.967621 -0.000124672
16.2159 54.1477 -6.81829 -0.252355 -0.967635 4.61055e-05
14.9201 54.4858 -6.84052 -0.252531 -0.967589 -4.30325e-05
13.6523 54.8165 -6.69966 -0.252385 -0.967627 -0.000158263
13.3214 54.903 -5.71136 -0.252519 -0.967592 4.40482e-05
13.3096 54.9059 -4.39504 -0.252498 -0.967598 8.2591e-05
13.356 54.8939 -3.09717 -0.252426 -0.967616 -0.000114074
13.3402 54.898 -1.96257 -0.252409 -0.967621 6.27732e-05
13.3511 54.8951 -0.607246 -0.252428 -0.967616 8.02834e-05
13.3691 54.8905 0.587607 -0.252584 -0.967575 -6.82728e-05
13.3651 54.8915 1.7479 -0.252634 -0.967562 5.23945e-05
13.4236 54.8763 2.81697 -0.252484 -0.967601 -6.8179e-05
13.3951 54.8837 3.98731 -0.252446 -0.967611 8.69485e-05
13.4015 54.882 5.13905 -0.252607 -0.967569 -0.000103435
13.4031 54.8817 6.27453 -0.25258 -0.967576 0.000119917
14.2874 54.6509 6.80227 -0.252535 -0.967588 0.000169394
15.4167 54.3563 6.77066 -0.252381 -0.967628 -4.08324e-05
16.4739 54.0803 6.77447 -0.252457 -0.967608 -0.000111878
17.5216 53.807 6.82038 -0.252393 -0.967625 8.49933e-05
18.843 53.4623 6.77101 -0.252296 -0.96765 4.03336e-05
20.1136 53.131 6.78994 -0.252367 -0.967632 -5.33641e-05
21.3216 52.816 6.82224 -0.252414 -0.967619 2.88504e-05
22.4256 52.5281 6.81532 -0.252266 -0.967658 1.28956e-05
23.6435 52.2106 6.75034 -0.25238 -0.967628 3.45305e-05
24.696 51.936 6.82634 -0.252537 -0.967587 1.3016e-05
25.8619 51.6317 6.73604 -0.252577 -0.967577 4.76819e-05
27.0642 51.3177 6.78929 -0.252789 -0.967521 5.68677e-05
28.2706 51.0021 6.77801 -0.253226 -0.967407 0.000132547
29.5128 50.6767 6.76807 -0.253555 -0.967321 0.000219886
30.645 50.3795 6.78821 -0.254133 -0.967169 0.000450438
31.9804 50.0278 6.78642 -0.255302 -0.966861 0.000770645
33.1326 49.7233 6.78756 -0.255781 -0.966735 0.000573601
34.1754 49.447 6.79561 -0.256364 -0.96658 0.000363229
35.3914 49.1243 6.79213 -0.256734 -0.966482 0.000140062
36.668 48.7849 6.7878 -0.256646 -0.966505 -0.00014754
37.1557 48.6545 5.8307 -0.257411 -0.966302 0.00050168
37.1835 48.6465 4.7135 -0.257907 -0.96617 0.000604728
37.1953 48.6435 3.49688 -0.257793 -0.9662 -0.000358754
37.1761 48.6487 2.29798 -0.257506 -0.966277 5.51367e-05
37.2019 48.6418 0.942486 -0.257463 -0.966288 -4.83378e-05
37.1858 48.6461 -0.343878 -0.25727 -0.96634 -5.14132e-05
37.1632 48.6521 -1.50266 -0.257568 -0.96626 0.000210735
37.1508 48.6552 -2.63709 -0.25793 -0.966164 0.000257647
37.1495 48.6555 -3.78914 -0.257632 -0.966243 -5.48163e-05
37.1722 48.6491 -5.05436 -0.25756 -0.966262 0.000561293
37.1622 48.6512 -6.18867 -0.257893 -0.966173 0.000282118
36.206 48.9066 -6.84829 -0.25798 -0.96615 2.08007e-05
35.097 49.2023 -6.84577 -0.257386 -0.966309 -0.000205242
33.8192 49.5418 -6.73549 -0.25607 -0.966658 -0.000510475
32.5857 49.8683 -6.76236 -0.255708 -0.966754 -0.000421044
31.5432 50.1434 -6.78715 -0.254559 -0.967057 -0.000452493
30.4619 50.4279 -6.83512 -0.254424 -0.967092 -0.000622312
29.3585 50.7179 -6.79419 -0.253644 -0.967297 -0.000665333
28.1194 51.0426 -6.80224 -0.253345 -0.967376 -0.000246818
27.0373 51.3257 -6.82023 -0.252859 -0.967503 -0.000222651
25.979 51.6022 -6.85309 -0.252536 -0.967587 -0.000130375
24.8919 51.8858 -6.78923 -0.252345 -0.967637 -0.000322539
23.7316 52.1883 -6.7959 -0.252214 -0.967671 -0.000191406
22.6775 52.463 -6.79128 -0.252191 -0.967678 -2.53424e-05
21.5699 52.7516 -6.84198 -0.252326 -0.967642 -1.5728e-05
20.523 53.0245 -6.86577 -0.252173 -0.967682 2.65122e-05
19.5804 53.2702 -6.84156 -0.252271 -0.967657 -7.44092e-06
