-10.2899 46.4569 3.45482 0.249862 -0.968281 -0.00036501
-10.3537 46.4423 2.49584 0.248957 -0.968512 -0.00219587
-10.4286 46.4251 1.51507 0.248738 -0.968569 -0.00176083
-10.4828 46.4141 0.238117 0.250658 -0.968072 -0.00269112
-10.4528 46.4239 -1.0045 0.250153 -0.968206 -2.86666e-05
-10.3935 46.4409 -2.14839 0.250228 -0.968185 -0.00188964
-10.3996 46.4408 -3.31145 0.248739 -0.96857 -0.0012226
-10.3967 46.4416 -3.37307 0.248803 -0.968552 -0.00184072
-11.2539 46.222 -3.65044 0.246992 -0.969017 -0.000597152
-11.2695 46.2165 -2.59352 0.246709 -0.969088 -0.00201855
-11.307 46.2049 -1.4512 0.247209 -0.968961 -0.00123051
-11.3417 46.1949 -0.291808 0.247692 -0.968838 -0.00138732
-11.3656 46.187 0.763288 0.246476 -0.969147 -0.00170614
-11.2889 46.2042 1.77596 0.246277 -0.969198 -0.00180597
-11.1838 46.2287 2.8948 0.247293 -0.968938 -0.00210637
-11.1567 46.2346 3.53364 0.246976 -0.969021 -0.00104356
-12.0406 46.0106 3.39242 0.244491 -0.969649 -0.00199377
-12.1439 45.987 2.10431 0.245025 -0.969516 -0.00116803
-12.2407 45.964 1.13261 0.244191 -0.969726 -0.00138508
-12.2446 45.9646 -0.0366382 0.246131 -0.969236 -0.00110619
-12.1839 45.981 -1.01628 0.246318 -0.969189 -0.000605932
-12.1506 45.9912 -2.1512 0.246783 -0.969069 -0.00175167
-12.1315 45.998 -3.09286 0.246532 -0.969133 -0.0016308
-12.1373 45.9973 -3.49349 0.245417 -0.969416 -0.0015615
-13.0186 45.7745 -3.41924 0.244581 -0.969627 -0.00182334
-13.0197 45.7722 -2.43407 0.243315 -0.969945 -0.00202486
-13.0475 45.7637 -1.38843 0.242658 -0.97011 -0.00147627
-13.1187 45.7449 -0.331111 0.242284 -0.970205 -0.000564426
-13.1468 45.7367 0.762334 0.24244 -0.970166 -0.000551389
-13.0817 45.7524 1.8147 0.242953 -0.970037 -0.00152531
-12.9413 45.7853 2.97127 0.242532 -0.970141 -0.00212866
-12.9023 45.7943 3.53154 0.242445 -0.970164 -0.00167883
-13.779 45.5769 3.3024 0.240586 -0.970627 -0.000833608
-13.8699 45.5557 2.3624 0.240688 -0.970601 -0.00176341
-13.9927 45.5265 1.41192 0.240564 -0.970633 -0.000835981
-14.0242 45.5194 0.443931 0.23937 -0.970928 -0.000369658
-13.9764 45.5327 -0.637622 0.238219 -0.971209 -0.00211495
-13.8993 45.5524 -1.84731 0.241288 -0.970453 -0.000237791
-13.8871 45.5568 -2.8633 0.240277 -0.970701 -0.0026431
-13.885 45.559 -3.60039 0.24128 -0.970454 -0.00153444
-14.767 45.3409 -3.63848 0.237556 -0.971371 -0.000941357
-14.7706 45.3391 -2.65085 0.236149 -0.971717 -0.000882418
-14.7699 45.3383 -1.56222 0.238041 -0.971255 -1.18341e-05
-14.8616 45.316 -0.524628 0.237635 -0.971355 -0.000290554
-14.9153 45.302 0.457199 0.235524 -0.971868 -0.000462612
-14.8412 45.3195 1.66001 0.235425 -0.971891 -0.00121761
-14.7226 45.3469 2.58589 0.235724 -0.971817 -0.00232489
-14.6368 45.3662 3.57086 0.238121 -0.971235 1.98456e-05
-15.5161 45.1548 3.55185 0.231619 -0.972807 -0.000215163
-15.6599 45.1214 2.22171 0.233824 -0.972278 -0.00136641
-15.7805 45.0938 1.29465 0.23287 -0.972508 -0.00071589
-15.7681 45.0971 -0.0356419 0.232434 -0.972612 0.000672003
-15.658 45.1233 -1.20176 0.233385 -0.972384 -0.00113344
-15.6389 45.1284 -2.13559 0.232597 -0.972572 -0.00129954
-15.6476 45.1278 -3.05665 0.233838 -0.972275 -0.000893854
-15.6472 45.1281 -3.47542 0.234064 -0.972221 -0.000509121
-16.5225 44.9191 -3.38176 0.227984 -0.973663 -0.00168896
-16.5196 44.9195 -2.35974 0.229058 -0.973412 -0.000734983
-16.5084 44.9217 -1.33746 0.229846 -0.973226 -0.000930555
-16.6366 44.8907 -0.110926 0.229122 -0.973397 0.000822815
-16.693 44.8779 0.934835 0.228207 -0.973613 -0.000250475
-16.6058 44.8971 1.90057 0.227254 -0.973833 -0.00218188
-16.4288 44.9393 2.91496 0.227918 -0.97368 -9.53528e-05
-16.3781 44.9505 3.54191 0.227357 -0.973811 -0.000819978
-17.2481 44.7482 3.48476 0.225171 -0.974319 -0.000288345
-17.3736 44.7188 2.5271 0.22513 -0.974329 0.000527998
-17.5613 44.6762 1.4149 0.224826 -0.974398 -0.000197537
-17.5958 44.6685 0.318569 0.222277 -0.974983 0.000327374
-17.416 44.7091 -0.906849 0.225524 -0.974238 5.87239e-05
-17.394 44.7148 -1.86172 0.226802 -0.973939 -0.00205194
-17.4052 44.7137 -2.98809 0.225526 -0.974237 -0.000940038
-17.4002 44.7153 -3.62234 0.225912 -0.974148 -0.000265786
-18.2472 44.5213 -3.41528 0.220299 -0.975432 9.83445e-05
-18.2656 44.5165 -2.1517 0.219542 -0.975601 -0.00187187
-18.2396 44.5211 -1.13453 0.220069 -0.975484 0.000557736
-18.3995 44.4857 -0.173977 0.220008 -0.975498 0.00051105
-18.5221 44.4592 0.740621 0.21846 -0.975845 0.000515726
-18.3741 44.4896 1.80487 0.217915 -0.975963 0.000521533
-18.2316 44.5234 2.74241 0.222233 -0.974992 0.000504953
-18.1409 44.5434 3.58642 0.218581 -0.975816 0.00145676
-19.0444 44.3435 3.46938 0.213134 -0.977022 -0.000313463
-19.1698 44.3177 2.27932 0.208831 -0.97795 -0.00108064
-19.3585 44.2774 1.22595 0.20567 -0.978621 -0.000924599
-19.398 44.2708 0.275094 0.207062 -0.978326 -0.00162187
-19.1425 44.3234 -0.634189 0.209901 -0.97772 0.00227159
-19.0892 44.3325 -1.70215 0.21418 -0.976792 0.00179845
-19.1693 44.3152 -2.65089 0.211083 -0.977467 -0.00148538
-19.1764 44.3149 -3.53736 0.211704 -0.977333 7.27956e-05
-20.0855 44.1193 -3.53769 0.20707 -0.978326 -0.000670351
-20.0456 44.1267 -2.40623 0.202235 -0.97933 -0.00335537
-19.9159 44.1579 -1.2242 0.204103 -0.978925 0.00697116
-20.1506 44.1111 -0.213698 0.205891 -0.978572 0.00226641
-20.2863 44.0826 0.846452 0.206214 -0.978507 -0.000302993
-20.069 44.1285 1.93178 0.203476 -0.979079 0.00121053
-19.9732 44.1479 3.02864 0.202461 -0.979285 -0.00309742
-19.9474 44.1512 3.51485 0.202042 -0.979358 -0.00262771
-20.8627 43.9666 3.51609 0.19793 -0.980216 -6.3071e-05
-20.9002 43.9588 2.41668 0.19461 -0.980877 0.00226648
-21.055 43.9265 1.51195 0.194708 -0.980861 0.000439136
-21.1814 43.8993 0.361702 0.1975 -0.980299 0.00101987
-20.8645 43.9647 -0.555187 0.197568 -0.980288 -0.000275595
-20.8093 43.9747 -1.56061 0.196177 -0.980565 0.00238031
-21.0193 43.9299 -2.56656 0.192401 -0.9813 0.00517116
-20.9839 43.9328 -3.62918 0.192162 -0.981362 -0.00158381
-21.8927 43.7579 -3.57707 0.184426 -0.982845 0.00127164
-21.8927 43.7611 -2.44447 0.184814 -0.982769 0.00302155
-21.8927 43.765 -1.29424 0.187996 -0.982166 -0.00143972
-21.8927 43.7648 -0.32446 0.182741 -0.983161 0.000491425
-21.8927 43.7645 0.603065 0.181668 -0.983357 0.0018439
-21.8927 43.7645 1.71593 0.185363 -0.982668 7.10985e-05
-21.8927 43.7669 2.67395 0.182557 -0.983193 0.00090793
-21.8927 43.7689 3.54284 0.182865 -0.983127 0.00425759
-22.7573 43.6185 3.59752 0.164176 -0.986427 0.00269301
-22.9308 43.5837 2.53789 0.166512 -0.986035 0.00285079
-22.8814 43.5885 1.5337 0.168558 -0.985683 0.00345354
-22.891 43.5839 0.525274 0.171295 -0.985216 0.000111612
-22.9418 43.5795 -0.614092 0.168596 -0.98568 -0.000118299
-22.7993 43.5983 -1.96565 0.169574 -0.985505 0.00470427
-22.8648 43.5842 -2.94079 0.166586 -0.986021 0.00340668
-22.8247 43.59 -3.4358 0.17514 -0.984539 0.00309243
-23.7327 43.4351 -3.62674 0.166471 -0.986038 0.00237646
-23.7205 43.4432 -2.50581 0.159731 -0.987147 0.00410548
-23.7414 43.4436 -1.37145 0.160074 -0.987099 0.000672018
-23.8855 43.4201 -0.337584 0.148328 -0.988907 0.00709766
-23.8689 43.4247 0.646602 0.1489 -0.98885 0.00195216
-23.8229 43.4351 1.6192 0.153197 -0.988172 0.0067585
-23.8272 43.436 2.57894 0.158941 -0.987279 0.00206286
-23.6762 43.4668 3.54678 0.152851 -0.988227 0.00462002
-24.6236 43.3185 3.354 0.145892 -0.989286 0.00419815
-24.731 43.3017 2.40559 0.137977 -0.990434 0.000524898
-24.7915 43.2939 1.45245 0.134369 -0.990928 0.00251097
-24.7905 43.2903 0.498839 0.136366 -0.990646 0.00460527
-24.7687 43.2899 -0.586297 0.142017 -0.989861 0.00049772
-24.5985 43.3123 -1.60047 0.142274 -0.989825 0.00188122
-24.5995 43.3076 -2.66112 0.147386 -0.989074 0.00299712
-24.6201 43.3014 -3.28997 0.145752 -0.989306 0.00544215
-25.4985 43.1739 -3.55192 0.120889 -0.992663 0.00213768
-25.479 43.186 -2.51363 0.132133 -0.99115 0.0126469
-25.5075 43.1871 -1.54144 0.128128 -0.991729 0.00650851
-25.7006 43.1656 -0.368431 0.125214 -0.992118 0.00407161
-25.6952 43.1698 0.603774 0.127333 -0.991853 0.00378164
-25.6749 43.1739 1.61458 0.132399 -0.991195 -0.00147439
-25.5823 43.1866 2.76097 0.132252 -0.991213 0.0021302
-25.4812 43.1982 3.40209 0.129688 -0.991547 -0.00397708
-26.352 43.0886 3.48467 0.123426 -0.99235 0.00253547
-26.4939 43.072 2.36834 0.115905 -0.993259 0.000662198
-26.5555 43.0644 1.34178 0.113887 -0.993491 -0.00171706
-26.5857 43.0621 0.374039 0.113225 -0.993569 0.000232272
-26.5819 43.0577 -0.576494 0.107858 -0.994163 0.00145639
-26.4321 43.0738 -1.62319 0.119473 -0.99283 0.00365731
-26.3864 43.0758 -2.71125 0.116314 -0.993196 0.00519799
-26.4005 43.0697 -3.32129 0.112658 -0.993615 0.00539868
-27.3061 42.9749 -3.29598 0.0967651 -0.995293 0.00513951
-27.2847 42.9816 -2.32868 0.0969233 -0.995287 0.00302787
-27.3971 42.9706 -1.29173 0.103334 -0.994634 -0.00493906
-27.5031 42.9611 -0.14927 0.104205 -0.994549 0.00359098
-27.4756 42.9652 0.836927 0.100233 -0.994954 -0.00449458
-27.4214 42.9692 1.76185 0.101909 -0.994793 9.43981e-05
-27.3533 42.9775 2.71232 0.103886 -0.994585 -0.00146699
-27.2437 42.9893 3.50228 0.100594 -0.994925 0.00199497
-28.1579 42.9029 3.42541 0.0908444 -0.995865 -6.70013e-05
-28.2564 42.8943 2.49221 0.0835074 -0.996505 0.00045143
-28.3455 42.8842 1.36711 0.081673 -0.996655 0.0028926
-28.3875 42.8789 0.123147 0.0869489 -0.996211 0.000450946
-28.3559 42.8784 -0.967214 0.0845901 -0.996415 0.00105494
-28.222 42.8917 -1.90892 0.0934435 -0.99562 -0.00304672
-28.2015 42.8939 -2.96331 0.0866605 -0.99623 0.00374131
-28.2199 42.8893 -3.51197 0.0885727 -0.99606 0.00436415
-29.1511 42.8132 -3.59052 0.078526 -0.996903 0.00333928
-29.1245 42.8162 -2.49126 0.0773623 -0.996974 0.000805134
-29.2187 42.8096 -1.39071 0.0736277 -0.997285 -0.000579858
-29.2838 42.8066 -0.444027 0.0720164 -0.997398 0.00337424
-29.3056 42.8075 0.500495 0.0722721 -0.997384 -0.000534243
-29.2267 42.814 1.44417 0.0751053 -0.997172 -0.000972177
-29.1442 42.8212 2.47579 0.0796176 -0.996824 -0.000249665
-29.0454 42.8301 3.56173 0.0794893 -0.996833 0.00250909
-29.9349 42.7607 3.55976 0.0739939 -0.997222 0.00847153
-30.0694 42.7516 2.50423 0.0716583 -0.997425 -0.0029575
-30.1653 42.7472 1.21346 0.0674887 -0.997716 -0.00056259
-30.1778 42.7451 0.159946 0.0703536 -0.997517 0.00247783
-30.1632 42.7424 -0.935473 0.0680833 -0.997674 0.0030716
-30.0472 42.7509 -2.10244 0.0684232 -0.997656 -0.000859464
-30.0436 42.7504 -3.2308 0.0653128 -0.997864 0.00119228
-30.0658 42.7488 -3.50589 0.0661877 -0.997806 -0.00053997
-31.0252 42.6889 -3.59853 0.0549773 -0.998477 0.00259244
-30.9632 42.6922 -2.60225 0.0527988 -0.998602 -0.00232936
-31.0162 42.688 -1.49259 0.0536195 -0.99856 0.000770204
-31.0753 42.6876 -0.461319 0.0571684 -0.998363 0.00156829
-31.0964 42.6877 0.495395 0.0610162 -0.998136 0.00115616
-31.0222 42.6915 1.5988 0.0625212 -0.998041 -0.00227318
-30.954 42.6934 2.60265 0.0594224 -0.998232 -0.000500895
-30.848 42.7025 3.52092 0.0569341 -0.998365 0.00504474
-31.7389 42.6544 3.57767 0.0501163 -0.99874 0.00246059
-31.8529 42.6465 2.62196 0.0497504 -0.99876 0.00173364
-31.9075 42.6427 1.68101 0.0534847 -0.998565 0.00270384
-31.9785 42.6366 0.514725 0.0509239 -0.998691 -0.000507588
-31.9796 42.6373 -0.451467 0.046677 -0.99891 -0.000368062
-31.9374 42.6409 -1.46628 0.0502819 -0.998733 -0.000859589
-31.9036 42.643 -2.39322 0.0483649 -0.998829 -0.00035944
-31.9356 42.6419 -3.31783 0.0493289 -0.998782 -9.95537e-05
-31.9478 42.6414 -3.48291 0.0483576 -0.99883 -0.00054565
-32.8597 42.5987 -3.62106 0.0423346 -0.999103 -0.000656136
-32.8128 42.601 -2.48784 0.0415235 -0.999137 0.000155223
-32.8307 42.5999 -1.53654 0.0441596 -0.999023 -0.00102667
-32.8839 42.5963 -0.611712 0.0437899 -0.99904 -0.000925994
-32.8448 42.5981 0.387513 0.0418965 -0.999122 -0.000487427
-32.814 42.5991 1.32844 0.040755 -0.999168 0.000802895
-32.7552 42.6035 2.3214 0.0434765 -0.999054 0.000797034
-32.671 42.6095 3.4078 0.042519 -0.999086 0.0037265
-32.6603 42.6104 3.53219 0.0423632 -0.9991 0.00193017
-33.5609 42.5735 3.40056 0.039744 -0.999205 0.000400857
-33.6612 42.5668 2.3774 0.0366234 -0.999324 0.00312528
-33.6909 42.5652 1.2265 0.0339555 -0.999423 -0.000772591
-33.7784 42.5622 -0.0558432 0.0343439 -0.999409 0.000243964
-33.7433 42.5646 -1.34416 0.0361459 -0.999344 -0.00180413
-33.725 42.5668 -2.59104 0.0344382 -0.999407 -0.000397149
-33.7338 42.5662 -3.18895 0.0328598 -0.99946 0.000402982
-11.6976 46.0957 4.66165 0.245537 -0.969387 -0.000838044
-10.6491 46.3632 4.66019 0.247847 -0.968798 -0.00133689
-9.5946 46.6345 4.61075 0.250361 -0.96815 -0.00216466
-9.12341 46.7585 3.80184 0.250916 -0.968006 -0.0022417
-9.10224 46.7674 2.31506 0.251856 -0.967761 -0.00251053
-9.1307 46.7628 1.06288 0.252622 -0.967563 -0.00213841
-9.12828 46.7663 -0.108808 0.251302 -0.967906 -0.00231654
-9.11342 46.7724 -1.20095 0.253091 -0.967441 -0.0015972
-9.12532 46.7712 -2.37865 0.253631 -0.967301 -0.000901393
-9.15585 46.7649 -3.56457 0.252837 -0.967507 -0.00175477
-9.4795 46.682 -4.63221 0.252504 -0.967595 -0.00115662
-10.761 46.3498 -4.74166 0.249149 -0.968465 -0.000960747
-11.8332 46.0757 -4.73427 0.245802 -0.96932 -0.000787964
-13.0344 45.7722 -4.67814 0.24425 -0.969712 -0.00106831
-14.1695 45.4894 -4.69991 0.240894 -0.970551 -0.00084284
-15.7691 45.1008 -4.69758 0.233542 -0.972345 -0.00193318
-16.8346 44.8477 -4.71756 0.22823 -0.973607 -0.000152701
-17.8944 44.6013 -4.68144 0.224748 -0.974416 0.000720256
-19.0789 44.3355 -4.65014 0.215 -0.976611 0.00256193
-20.2717 44.0796 -4.70638 0.207675 -0.978198 -0.000477786
-21.385 43.8533 -4.70958 0.192147 -0.981359 0.00356061
-22.6048 43.6214 -4.68697 0.176705 -0.984212 0.0091331
-23.9469 43.3928 -4.69446 0.161359 -0.986848 0.00869788
-25.0808 43.2287 -4.66018 0.134016 -0.990971 0.0039078
-26.1312 43.0937 -4.67633 0.113868 -0.993435 0.00980734
-27.333 42.9667 -4.68939 0.100395 -0.994906 0.00890058
-28.5922 42.8511 -4.68165 0.0852978 -0.99631 0.00953609
-29.7102 42.7673 -4.68379 0.066654 -0.997737 0.00735497
-30.9899 42.6887 -4.6846 0.0560016 -0.998429 0.00172084
-32.2253 42.6273 -4.70651 0.0436091 -0.999047 0.00190298
-33.5099 42.5759 -4.7086 0.0339972 -0.999422 -0.000503367
-34.6999 42.5383 -4.55683 0.0257519 -0.999664 -0.00132586
-34.8937 42.532 -3.19847 0.0241391 -0.999705 -0.00263109
-34.9411 42.5282 -1.98355 0.0293302 -0.999567 -0.00242832
-34.9283 42.528 -0.771233 0.0267025 -0.999643 0.000711805
-34.9414 42.5273 0.439218 0.0280182 -0.999606 -0.00041938
-34.937 42.5248 1.64721 0.0297728 -0.999556 -0.00140625
-34.935 42.5246 2.93187 0.0301707 -0.999544 0.00111967
-34.8826 42.5261 4.08921 0.0304776 -0.999534 -0.00154188
-34.134 42.5509 4.6621 0.0369466 -0.999317 -0.000867737
-32.9618 42.5972 4.65115 0.0432847 -0.999054 -0.00348764
-31.8236 42.6519 4.69691 0.0504898 -0.998724 -0.000522885
-30.6775 42.7171 4.66691 0.0615595 -0.998103 0.000253229
-29.5044 42.7974 4.64935 0.0747122 -0.997201 0.00188679
-28.2925 42.896 4.69209 0.0872536 -0.996159 0.00731003
-26.9479 43.0253 4.65323 0.0972593 -0.995256 0.00249284
-25.7953 43.1617 4.64512 0.11992 -0.992731 0.0102013
-24.6832 43.3133 4.65147 0.147497 -0.989054 0.0039049
-23.4948 43.497 4.64357 0.158967 -0.987281 -0.00200914
-22.304 43.6965 4.63592 0.177882 -0.984043 0.000600724
-21.2419 43.8953 4.62765 0.189314 -0.981915 -0.00102926
-20.1886 44.103 4.61186 0.197917 -0.980218 0.000147188
-19.0656 44.3396 4.65946 0.212129 -0.977239 0.00160254
-17.9914 44.5766 4.70547 0.220383 -0.97541 -0.00168322
-16.7558 44.8606 4.65242 0.225685 -0.974199 -0.00139021
-15.6453 45.1229 4.66015 0.231485 -0.972837 -0.00113194
-14.5677 45.382 4.66395 0.23621 -0.971701 -0.00113616
-13.4547 45.6554 4.61063 0.240052 -0.970759 -0.00144257
-12.3399 45.9336 4.65475 0.243328 -0.969943 -0.000727454
-11.9238 46.0384 4.65646 0.24482 -0.969568 -0.000676523
-11.8719 46.0507 5.71048 0.244127 -0.969743 -0.00108754
-10.7255 46.342 5.7032 0.24678 -0.96907 -0.00177391
-9.56303 46.6399 5.7522 0.251069 -0.967964 -0.0030211
-8.50631 46.9153 5.65306 0.253657 -0.96729 -0.00267416
-8.12452 47.0172 4.76325 0.253501 -0.967334 -0.00166507
-8.09544 47.0271 3.61307 0.253278 -0.967391 -0.00232622
-8.08441 47.0331 2.43223 0.253285 -0.967389 -0.00242837
-8.11257 47.0286 1.30108 0.253559 -0.967318 -0.00215248
-8.13024 47.0266 0.212664 0.253467 -0.967341 -0.00235579
-8.088 47.0407 -0.848838 0.25507 -0.966916 -0.00337707
-8.08399 47.0444 -2.06251 0.254843 -0.966981 -0.00155233
-8.14711 47.0291 -3.17896 0.254205 -0.96715 -0.000833105
-8.13567 47.0334 -4.34897 0.254662 -0.967029 -0.00152528
-8.22609 47.0104 -5.43121 0.254704 -0.967019 -0.00056434
-9.25136 46.7425 -5.75393 0.252116 -0.967697 -0.000847357
-10.2933 46.4718 -5.76248 0.25078 -0.968043 -0.00134862
-11.3582 46.1967 -5.78478 0.248561 -0.968615 0.000663559
-12.4815 45.9119 -5.73925 0.244316 -0.969695 0.00102842
-13.517 45.652 -5.72359 0.240927 -0.970542 0.000529802
-14.6417 45.3735 -5.74914 0.239657 -0.970857 -0.000931064
-16.072 45.0271 -5.75399 0.23286 -0.972503 0.0034516
-17.2925 44.7391 -5.76802 0.227496 -0.97377 0.00412887
-18.4074 44.483 -5.72686 0.219921 -0.975505 0.00490681
-19.6976 44.1995 -5.71268 0.210083 -0.977675 0.00400268
-21.0741 43.9103 -5.78419 0.201374 -0.979503 0.00433604
-22.1194 43.7054 -5.73552 0.187291 -0.982275 0.00649677
-23.3645 43.483 -5.74547 0.168122 -0.98572 0.00944773
-24.4382 43.3099 -5.7604 0.148322 -0.988871 0.00987611
-25.5501 43.1567 -5.71391 0.125184 -0.992081 0.00801274
-26.6491 43.0283 -5.70799 0.107202 -0.994201 0.00836693
-27.715 42.9218 -5.72929 0.0918274 -0.995732 0.00917042
-28.8113 42.8271 -5.73443 0.079284 -0.996795 0.00986937
-30.1322 42.7354 -5.74777 0.0639149 -0.997946 0.00375167
-31.3622 42.6675 -5.7448 0.0492862 -0.998785 -6.05453e-05
-32.6619 42.6068 -5.75501 0.0410114 -0.999152 0.00368634
-33.8566 42.5637 -5.76898 0.03339 -0.999437 0.0032049
-35.0063 42.5308 -5.69402 0.0267225 -0.999639 0.00167144
-35.8913 42.5124 -5.30349 0.0196861 -0.999806 0.000632554
-35.9644 42.5098 -4.16794 0.021055 -0.999776 -0.00213986
-35.9318 42.5075 -3.1048 0.0206093 -0.999782 -0.00283646
-35.9979 42.5036 -1.89107 0.0198414 -0.999802 -0.00140285
-35.9722 42.502 -0.465077 0.0217183 -0.999762 -0.00204227
-36.0106 42.4984 0.821391 0.0238385 -0.999711 -0.00302233
-36.0107 42.4943 1.98742 0.0271594 -0.999629 -0.00207502
-35.9801 42.493 3.05042 0.0256812 -0.999669 -0.00132158
-36.0004 42.4924 4.32996 0.0296918 -0.999558 -0.00128633
-35.705 42.4988 5.61446 0.0297819 -0.999555 -0.00182746
-34.5043 42.5367 5.72859 0.0352512 -0.999377 -0.00134413
-33.1802 42.5856 5.70411 0.0379007 -0.999275 -0.00366077
-31.9176 42.6439 5.72002 0.0521454 -0.99862 -0.00598101
-30.7506 42.7128 5.73103 0.0658663 -0.997795 -0.00807114
-29.5883 42.7907 5.7078 0.0715079 -0.997421 -0.0046686
-28.433 42.8814 5.75175 0.0875755 -0.996155 -0.00246126
-27.0928 43.0075 5.73965 0.0975526 -0.995186 -0.00934005
-26.0384 43.1304 5.69739 0.11745 -0.993061 -0.00487499
-24.9336 43.2769 5.72577 0.144178 -0.989547 -0.00293112
-23.7305 43.4553 5.69425 0.151441 -0.988454 -0.00283129
-22.5343 43.6533 5.70226 0.172587 -0.984991 -0.0019504
-21.3362 43.8738 5.73185 0.186454 -0.982448 -0.00384032
-20.1625 44.1069 5.67786 0.197042 -0.980393 -0.00129743
-19.013 44.3492 5.72611 0.211871 -0.977291 -0.00354633
-17.7939 44.6191 5.75889 0.223392 -0.974714 -0.00536433
-16.3734 44.9489 5.71419 0.228659 -0.973504 -0.00176023
-15.2567 45.2136 5.73531 0.232567 -0.972577 -0.00255982
-13.8801 45.5494 5.68164 0.239729 -0.970839 -0.00154008
-12.5383 45.883 5.72185 0.2432 -0.969975 -0.000896273
-12.165 45.9769 5.73181 0.24409 -0.969752 -0.000985244
-12.1167 45.9875 6.79495 0.243795 -0.969825 -0.00173721
-10.8521 46.3065 6.75102 0.24709 -0.968984 -0.00399573
-9.70263 46.5998 6.78204 0.251499 -0.967842 -0.0054444
-8.61396 46.8836 6.77195 0.25138 -0.96787 -0.00597326
-7.43206 47.1953 6.78366 0.257197 -0.966354 -0.00303361
-7.04998 47.2983 5.53088 0.255036 -0.966931 -0.000534198
-7.09042 47.289 4.46687 0.254168 -0.96716 -0.0010234
-7.07129 47.2967 3.24377 0.254496 -0.96707 -0.00274026
-7.06166 47.3022 2.04972 0.254098 -0.967175 -0.00247975
-7.10153 47.295 0.913423 0.253886 -0.967231 -0.0023609
-7.05861 47.3109 -0.364815 0.255729 -0.966739 -0.00428317
-7.05758 47.3147 -1.55302 0.256496 -0.966543 -0.00210539
-7.08205 47.3098 -2.63239 0.256498 -0.966544 -0.000902969
-7.09023 47.3088 -3.8247 0.256044 -0.966665 -0.000877774
-7.07768 47.3133 -5.01011 0.256075 -0.966657 -0.000565936
-7.13981 47.297 -6.08046 0.256424 -0.966564 0.000249742
-7.7904 47.1239 -6.80194 0.256811 -0.96646 0.00161539
-8.93786 46.8244 -6.80958 0.251486 -0.967861 -9.19409e-05
-10.0063 46.5465 -6.80139 0.251562 -0.967841 -0.00012821
-11.0423 46.2783 -6.82298 0.250319 -0.968163 0.000648978
-12.0976 46.0076 -6.80527 0.246049 -0.96925 0.0038649
-13.2504 45.717 -6.76882 0.242011 -0.97027 0.002548
-14.4907 45.4104 -6.81185 0.239354 -0.970932 0.00100498
-15.5207 45.1568 -6.80133 0.237704 -0.971335 0.00167439
-16.6643 44.8817 -6.7911 0.228414 -0.973554 0.00433666
-17.876 44.5968 -6.8377 0.226601 -0.973936 0.0100547
-18.981 44.3472 -6.75729 0.215239 -0.976509 0.0100722
-20.1222 44.099 -6.79572 0.207238 -0.978224 0.011297
-21.2508 43.8671 -6.8325 0.197318 -0.980287 0.0101866
-22.5148 43.6231 -6.77161 0.181887 -0.983205 0.0148818
-23.6269 43.4275 -6.80486 0.163428 -0.986461 0.013653
-24.9784 43.2207 -6.80336 0.138922 -0.990158 0.01656
-26.1141 43.0769 -6.79428 0.118628 -0.992854 0.0128628
-27.2611 42.9515 -6.82142 0.10041 -0.994855 0.0134254
-28.526 42.8374 -6.8153 0.0777012 -0.996843 0.014969
-29.5862 42.7641 -6.78618 0.0679421 -0.99765 0.00870715
-30.6521 42.6975 -6.78927 0.0546689 -0.998457 0.00929496
-31.8241 42.6394 -6.79921 0.0462448 -0.998906 0.00700967
-32.8936 42.5924 -6.79822 0.0394122 -0.999176 0.00965186
-33.9706 42.5547 -6.78888 0.0317561 -0.999468 0.00739434
-35.2877 42.5196 -6.75842 0.024225 -0.999643 0.0112633
-36.4138 42.5008 -6.79686 0.0105406 -0.999939 0.00298366
-37.0437 42.4957 -6.05317 0.0111921 -0.999937 1.50062e-05
-37.0374 42.4933 -4.91047 0.0150954 -0.999877 -0.00421847
-37.0138 42.4898 -3.68946 0.0167224 -0.999855 -0.00334623
-37.0328 42.4859 -2.55564 0.0177309 -0.999838 -0.00302649
-37.0443 42.4826 -1.4216 0.0183711 -0.999828 -0.00243246
-37.0667 42.4785 -0.251531 0.0183119 -0.999826 -0.00357079
-37.0518 42.4744 0.995169 0.0191719 -0.999801 -0.00517581
-37.074 42.4675 2.13092 0.0228605 -0.999726 -0.00497686
-37.0379 42.4655 3.27439 0.0259638 -0.999662 -0.00158843
-37.0772 42.4633 4.47831 0.0259891 -0.999662 -0.000477652
-37.0587 42.4648 5.75024 0.0227953 -0.999737 0.00222145
-36.5862 42.4735 6.72728 0.0225675 -0.999742 -0.00134999
-35.4026 42.5055 6.77988 0.030824 -0.999522 -0.00222483
-34.2796 42.5412 6.76754 0.0344066 -0.999393 -0.00541121
-33.2139 42.5788 6.75891 0.0363754 -0.999285 -0.00999715
-31.9025 42.6376 6.77312 0.0549828 -0.998429 -0.00946736
-30.7986 42.7025 6.78133 0.0591466 -0.9982 -0.00949523
-29.5959 42.783 6.75803 0.0707821 -0.997426 -0.011361
-28.5074 42.8659 6.78647 0.0827375 -0.996519 -0.010125
-27.1998 42.9829 6.80956 0.0942241 -0.995352 -0.0199056
-25.9738 43.1297 6.76679 0.124725 -0.992051 -0.016499
-24.5593 43.3203 6.80504 0.142526 -0.989648 -0.0165551
-23.4526 43.4896 6.76961 0.160727 -0.986917 -0.0126941
-22.2523 43.6941 6.78068 0.176184 -0.984207 -0.0171822
-20.857 43.9603 6.76464 0.192763 -0.981178 -0.0113428
-19.5052 44.2371 6.77931 0.207405 -0.978181 -0.0111681
-18.4529 44.468 6.80416 0.216728 -0.976192 -0.00859354
-17.3538 44.7153 6.79662 0.224802 -0.974383 -0.00628049
-16.103 45.0087 6.81491 0.230015 -0.973169 -0.00583124
-14.891 45.2984 6.82252 0.236913 -0.971525 -0.00338646
-13.8243 45.5606 6.73803 0.239549 -0.970881 -0.002635
-12.6749 45.8474 6.80809 0.243361 -0.969934 -0.00170983
-12.2641 45.9505 6.80027 0.243564 -0.969883 -0.00161467
