33.9934 50.0116 -2.18442 -0.255743 -0.966745 0.000199759
33.906 50.0348 -1.2697 -0.255522 -0.966803 5.12561e-05
33.8997 50.0365 -0.117984 -0.255767 -0.966738 -0.000131782
33.9223 50.0304 0.911894 -0.255823 -0.966724 1.69827e-05
33.9371 50.0264 2.02352 -0.255614 -0.966779 -1.74916e-05
33.9176 50.0315 2.96604 -0.255736 -0.966747 -0.000136538
33.0673 50.2561 3.55703 -0.255454 -0.966821 0.000110647
33.1096 50.245 2.49537 -0.255252 -0.966875 -7.61615e-05
33.0975 50.2485 1.2915 -0.255251 -0.966875 -0.000281517
33.0914 50.25 0.350571 -0.255439 -0.966825 0.000125621
33.0534 50.2601 -0.599855 -0.255307 -0.96686 -3.556e-05
33.09 50.2504 -1.5278 -0.255369 -0.966844 0.000288394
33.1262 50.2407 -2.47735 -0.255294 -0.966864 2.86508e-05
33.2112 50.2183 -3.42924 -0.255195 -0.966889 -6.07085e-05
32.3588 50.4433 -3.49042 -0.255129 -0.966907 7.23505e-07
32.2531 50.4712 -2.34659 -0.254797 -0.966994 0.000194302
32.235 50.476 -1.44699 -0.254634 -0.967037 -9.10072e-05
32.2313 50.4769 -0.498139 -0.254938 -0.966957 0.000218813
32.2479 50.4726 0.698414 -0.254819 -0.966989 -5.64279e-05
32.2662 50.4676 1.63339 -0.255021 -0.966936 -0.000271777
32.2651 50.4678 2.73076 -0.254838 -0.966984 -3.33311e-05
32.2136 50.4814 3.61306 -0.254956 -0.966953 0.000101112
31.3842 50.6999 3.5671 -0.2546 -0.967046 -0.000176863
31.4133 50.6921 2.65599 -0.254512 -0.96707 3.12193e-05
31.4231 50.6896 1.67997 -0.254465 -0.967082 -3.61512e-05
31.3888 50.6988 0.774214 -0.254505 -0.967072 -0.000161945
31.4123 50.6926 -0.334331 -0.254358 -0.96711 0.000108126
31.4005 50.6957 -1.54128 -0.254356 -0.967111 -4.39855e-05
31.4116 50.6927 -2.5352 -0.25452 -0.967068 -2.07348e-05
31.5007 50.6693 -3.40596 -0.254439 -0.967089 -7.77722e-05
30.665 50.8891 -3.57976 -0.254456 -0.967084 -0.00014063
30.5609 50.9165 -2.67936 -0.254236 -0.967142 -2.02655e-05
30.5346 50.9234 -1.40351 -0.254204 -0.967151 -3.02791e-05
30.5412 50.9217 -0.448003 -0.254178 -0.967157 6.01837e-05
30.5589 50.917 0.532239 -0.25399 -0.967207 -0.000187499
30.5903 50.9086 1.61344 -0.254039 -0.967194 -0.000169016
30.5864 50.9096 2.66218 -0.254034 -0.967195 -7.92366e-05
30.5579 50.9172 3.58473 -0.254036 -0.967195 -1.57774e-05
29.7151 51.1382 3.3782 -0.253569 -0.967317 -0.000104259
29.759 51.1267 2.47962 -0.253756 -0.967268 -2.05329e-05
29.7744 51.1228 1.51363 -0.253785 -0.967261 3.35349e-05
29.7314 51.1342 0.604841 -0.25379 -0.967259 -5.61842e-05
29.703 51.1418 -0.579039 -0.253722 -0.967277 -0.000100954
29.7055 51.1412 -1.54698 -0.253996 -0.967205 9.8937e-05
29.7157 51.1384 -2.44431 -0.253841 -0.967246 0.000164502
29.7642 51.1256 -3.35016 -0.253694 -0.967285 0.000129826
29.8033 51.1153 -3.58891 -0.253765 -0.967266 -4.25132e-05
28.8977 51.3529 -3.57205 -0.253767 -0.967265 2.1179e-05
28.8332 51.3698 -2.62175 -0.253503 -0.967334 0.000179318
28.8808 51.3574 -1.53131 -0.253382 -0.967366 -0.000100709
28.8521 51.3649 -0.561246 -0.253433 -0.967353 -0.000232034
28.9105 51.3495 0.489015 -0.253443 -0.96735 -0.000135423
28.9681 51.3341 1.707 -0.253295 -0.967389 -4.16272e-05
28.8869 51.3553 2.61362 -0.253408 -0.967359 9.77278e-06
28.8296 51.3703 3.50207 -0.253281 -0.967393 -7.5732e-05
27.9396 51.6033 3.55816 -0.253001 -0.967466 -0.000114981
28.0697 51.5693 2.46124 -0.253181 -0.967419 -8.50322e-05
28.1347 51.5524 1.485 -0.253179 -0.967419 -0.000315303
28.0914 51.5639 0.498123 -0.253068 -0.967448 -9.90952e-05
28.0122 51.5847 -0.44797 -0.253054 -0.967452 -6.7055e-05
28.0624 51.5716 -1.37724 -0.253208 -0.967412 -0.000149875
27.999 51.5883 -2.47995 -0.253072 -0.967447 3.43977e-05
27.9878 51.5912 -3.45662 -0.253096 -0.967441 0.00020596
28.0091 51.5856 -3.55529 -0.253145 -0.967428 4.70983e-06
27.1213 51.8178 -3.56017 -0.252801 -0.967518 -1.86219e-05
27.1576 51.8082 -2.63319 -0.252903 -0.967492 -9.70184e-05
27.2338 51.7883 -1.52117 -0.252942 -0.967482 3.68555e-05
27.201 51.7968 -0.618113 -0.253033 -0.967458 -0.000160204
27.2171 51.7925 0.343964 -0.25279 -0.967521 -0.000186668
27.3119 51.7676 1.38993 -0.252947 -0.96748 -2.17583e-05
27.214 51.7931 2.53031 -0.252929 -0.967485 -0.000175245
27.0847 51.8269 3.48551 -0.252982 -0.967471 -8.04725e-05
26.2546 52.0438 3.59376 -0.25267 -0.967553 -1.93955e-05
26.348 52.0194 2.56154 -0.252768 -0.967527 -0.000107387
26.423 51.9999 1.58776 -0.252823 -0.967512 -0.000104994
26.4093 52.0036 0.616374 -0.252672 -0.967552 -0.000121748
26.3493 52.0193 -0.383907 -0.252797 -0.967519 -0.000128693
26.4433 51.9948 -1.34887 -0.252707 -0.967543 -5.2672e-05
26.3684 52.0144 -2.23621 -0.252855 -0.967504 -5.8999e-05
26.2667 52.0411 -3.37478 -0.252569 -0.967579 -3.37726e-05
26.2454 52.0466 -3.59607 -0.252563 -0.967581 -3.81972e-05
25.5161 52.237 -3.46715 -0.252474 -0.967604 -0.00017143
25.5161 52.237 -2.43839 -0.252523 -0.967591 -5.33557e-05
25.5161 52.2369 -1.23677 -0.252558 -0.967582 8.59057e-06
25.5161 52.2369 -0.302548 -0.252511 -0.967594 -0.000102089
25.5161 52.2368 0.623651 -0.252442 -0.967612 -7.8098e-05
25.5161 52.2367 1.60412 -0.252567 -0.967579 -0.000103156
25.5161 52.2366 2.71266 -0.252713 -0.967541 -0.000165033
25.5161 52.2366 3.54351 -0.252671 -0.967552 -4.39347e-05
24.6916 52.4518 3.4611 -0.252711 -0.967542 9.81709e-05
24.5283 52.4945 2.4958 -0.252553 -0.967583 -0.000209741
24.6826 52.4544 1.44081 -0.252483 -0.967601 -0.000230996
24.6504 52.4627 0.205687 -0.252563 -0.96758 6.9185e-05
24.6426 52.4648 -0.825058 -0.252679 -0.96755 -6.58733e-05
24.5802 52.4812 -1.72917 -0.252434 -0.967614 4.78894e-06
24.7662 52.4327 -2.83189 -0.252479 -0.967602 -4.77155e-05
24.695 52.4513 -3.34159 -0.252529 -0.967589 -9.76588e-05
23.7743 52.6915 -3.47637 -0.25239 -0.967625 -0.000112708
23.9205 52.6533 -2.50966 -0.252283 -0.967653 -0.000134558
23.7922 52.6867 -1.30695 -0.252407 -0.967621 5.77073e-05
23.7214 52.7052 -0.11287 -0.252441 -0.967612 7.65389e-06
23.8619 52.6685 1.14883 -0.252258 -0.96766 4.30288e-05
23.7209 52.7052 2.16612 -0.252411 -0.96762 -0.000174898
23.829 52.677 3.45733 -0.25242 -0.967618 0.000171347
23.8372 52.6749 3.50455 -0.252538 -0.967587 4.16595e-05
22.9355 52.91 3.24526 -0.252472 -0.967604 1.50782e-05
22.8681 52.9276 2.22899 -0.252299 -0.967649 -0.00011621
22.9813 52.8982 1.30585 -0.252419 -0.967618 3.59198e-05
22.9382 52.9094 0.244524 -0.252213 -0.967672 -0.000109725
22.9202 52.9141 -0.90847 -0.252209 -0.967673 -2.30135e-05
22.9932 52.8952 -1.85057 -0.252277 -0.967655 -0.000130948
23.0182 52.8887 -2.75429 -0.25247 -0.967605 -1.65159e-05
22.8689 52.9277 -3.64969 -0.252384 -0.967627 -9.8189e-05
22.8674 52.9281 -3.65646 -0.252355 -0.967635 3.20958e-06
22.0346 53.1452 -3.53214 -0.252257 -0.96766 9.8995e-06
22.1585 53.1128 -2.49738 -0.252393 -0.967625 3.86868e-05
22.1142 53.1243 -1.24161 -0.252337 -0.967639 -7.69546e-05
22.0877 53.1312 -0.128088 -0.252223 -0.967669 0.000100803
22.1321 53.1196 0.910428 -0.252314 -0.967645 -0.000103312
22.0672 53.1364 1.9128 -0.252406 -0.967621 -8.93168e-05
22.0682 53.1363 2.84279 -0.252364 -0.967632 -2.4026e-05
22.1259 53.1211 3.40326 -0.252407 -0.967621 -7.55356e-05
21.2899 53.3392 3.53689 -0.252331 -0.967641 -3.01498e-05
21.2373 53.3529 2.49113 -0.252301 -0.967649 0.000104786
21.2762 53.3428 1.50095 -0.252412 -0.96762 -0.000176
21.2736 53.3434 0.338874 -0.252357 -0.967634 -3.39706e-05
21.2671 53.3452 -0.592984 -0.252459 -0.967608 -6.45381e-05
21.3004 53.3366 -1.57615 -0.252489 -0.9676 5.50097e-06
21.2936 53.3384 -2.63726 -0.252374 -0.96763 -0.000214018
21.2052 53.3615 -3.53638 -0.252391 -0.967625 -3.97788e-05
21.2004 53.3627 -3.58126 -0.252369 -0.967631 -4.59375e-05
20.3671 53.5801 -3.3804 -0.252348 -0.967636 0.000134015
20.4296 53.5637 -2.41937 -0.252467 -0.967606 -0.000132159
20.4408 53.5608 -1.22181 -0.252328 -0.967642 2.81322e-05
20.417 53.5669 -0.250055 -0.252241 -0.967664 -0.000172329
20.4344 53.5623 0.882537 -0.2522 -0.967675 -0.000123243
20.4131 53.5679 1.92812 -0.252382 -0.967628 -0.000251774
20.3974 53.572 2.9568 -0.252531 -0.967589 7.69144e-05
20.4301 53.5634 3.54904 -0.252404 -0.967622 -0.000117377
19.5742 53.7866 3.22933 -0.252308 -0.967647 -4.95641e-05
19.5578 53.7909 2.08324 -0.25245 -0.96761 0.000119883
19.5899 53.7826 0.945697 -0.252351 -0.967636 4.27986e-05
19.5943 53.7815 -0.0961062 -0.252364 -0.967632 -7.26666e-07
19.5903 53.7825 -1.03967 -0.25248 -0.967602 -5.99362e-05
19.6052 53.7787 -2.05788 -0.252284 -0.967653 3.2279e-05
19.5386 53.7961 -3.0656 -0.252495 -0.967598 4.12637e-05
19.5035 53.8052 -3.49052 -0.252431 -0.967615 5.6777e-05
18.6963 54.0158 -3.24863 -0.252409 -0.967621 7.16692e-05
18.7529 54.001 -2.02197 -0.252418 -0.967618 -7.4148e-05
18.7586 53.9995 -0.824656 -0.252346 -0.967637 -6.72642e-05
18.7692 53.9967 0.276424 -0.252353 -0.967635 2.77017e-05
18.7341 54.0059 1.37596 -0.252539 -0.967587 -5.46048e-05
18.7278 54.0075 2.47669 -0.252438 -0.967613 -4.91311e-05
18.7496 54.0018 3.61452 -0.252358 -0.967634 -0.000104967
17.9308 54.2154 3.5554 -0.252362 -0.967633 -7.15948e-05
17.892 54.2255 2.59226 -0.252528 -0.96759 -6.32605e-05
17.8936 54.2251 1.4338 -0.252463 -0.967606 -8.54804e-06
17.9363 54.214 0.310452 -0.252524 -0.967591 -6.95792e-05
17.9046 54.2222 -0.755275 -0.252352 -0.967636 -0.000102262
17.9057 54.222 -1.84336 -0.252308 -0.967647 -0.000134744
17.8667 54.2322 -2.80332 -0.252464 -0.967606 -6.19844e-05
17.8396 54.2392 -3.23652 -0.252385 -0.967627 -5.88302e-05
17.0241 54.452 -3.05321 -0.252357 -0.967634 -7.96381e-05
17.0584 54.443 -1.99069 -0.252455 -0.967609 -4.64239e-05
17.0647 54.4414 -1.04482 -0.252457 -0.967608 2.29932e-06
17.0787 54.4377 0.0653968 -0.252271 -0.967657 -7.73033e-05
17.0812 54.4371 1.01771 -0.252615 -0.967567 -0.000137662
17.0572 54.4432 2.14388 -0.252359 -0.967634 4.83387e-05
17.0827 54.4365 3.08913 -0.252366 -0.967632 -8.36931e-05
17.0841 54.4362 3.11565 -0.25244 -0.967613 7.07712e-05
21.4199 53.3052 4.66381 -0.252173 -0.967682 1.61095e-05
20.2008 53.6232 4.6426 -0.252251 -0.967662 7.64499e-05
19.067 53.9189 4.67134 -0.252297 -0.96765 0.000127288
18.0302 54.1894 4.69607 -0.25235 -0.967636 4.0588e-05
16.8782 54.49 4.70615 -0.252553 -0.967583 -0.000118099
16.0271 54.712 4.11474 -0.252378 -0.967629 1.31435e-05
15.9653 54.7282 2.88792 -0.252545 -0.967585 1.41201e-05
15.9475 54.7328 1.69991 -0.252392 -0.967625 -5.84249e-05
15.9563 54.7305 0.59022 -0.252554 -0.967583 -0.000100593
15.9462 54.7332 -0.576445 -0.252414 -0.967619 -3.87367e-05
15.9803 54.7243 -1.62299 -0.252298 -0.96765 3.08163e-05
15.971 54.7268 -3.04922 -0.252501 -0.967597 4.35104e-05
15.969 54.7272 -4.11467 -0.252405 -0.967622 5.39955e-05
16.7441 54.5251 -4.69877 -0.252311 -0.967646 -0.00011505
17.7568 54.2609 -4.69724 -0.252408 -0.967621 -6.44655e-05
18.8222 53.9829 -4.63928 -0.252494 -0.967598 4.85667e-05
19.9077 53.6999 -4.63801 -0.252305 -0.967648 -5.11461e-05
20.9246 53.4347 -4.648 -0.252401 -0.967623 0.000163451
22.1746 53.1087 -4.67505 -0.252293 -0.967651 -0.000113173
23.3994 52.7894 -4.73952 -0.252207 -0.967673 4.52551e-05
24.4277 52.5212 -4.72951 -0.252454 -0.967609 -4.58678e-05
25.478 52.2471 -4.69382 -0.252711 -0.967542 -0.000146971
26.5935 51.9557 -4.66385 -0.252707 -0.967543 -0.000116268
27.8322 51.632 -4.67085 -0.253266 -0.967397 -0.000130307
29.1497 51.287 -4.65209 -0.253584 -0.967313 -0.000199495
30.3173 50.9806 -4.69485 -0.254138 -0.967168 3.26212e-05
31.463 50.6794 -4.71746 -0.254492 -0.967075 -0.000253395
32.6639 50.3629 -4.69398 -0.255081 -0.96692 -0.000192011
33.8824 50.041 -4.69924 -0.255508 -0.966807 -9.83447e-05
34.8847 49.7756 -4.39318 -0.256071 -0.966658 -0.000120842
35.0013 49.7446 -3.29051 -0.256149 -0.966637 -1.79884e-05
35.0458 49.7329 -1.85566 -0.256298 -0.966598 0.000220269
35.0382 49.7352 -0.600616 -0.256314 -0.966594 0.000199864
35.0079 49.743 0.580566 -0.256115 -0.966646 -0.000323816
35.0237 49.7387 1.90863 -0.256173 -0.966631 6.88772e-05
34.9819 49.7498 2.96949 -0.256335 -0.966588 -7.32199e-05
34.9636 49.7545 4.0142 -0.256133 -0.966642 0.000156502
34.2193 49.9516 4.66891 -0.255818 -0.966725 0.000119574
33.1503 50.2342 4.71798 -0.255284 -0.966866 3.8188e-07
32.0644 50.5207 4.68102 -0.254954 -0.966953 9.09045e-05
30.998 50.8015 4.65796 -0.254385 -0.967103 1.98705e-05
29.9731 51.0706 4.66799 -0.253748 -0.96727 3.2337e-05
28.9309 51.3438 4.66059 -0.253508 -0.967333 -4.04257e-05
27.904 51.6126 4.66114 -0.25304 -0.967456 -2.50523e-05
26.8753 51.8816 4.67008 -0.252778 -0.967524 -0.000131731
25.7173 52.1841 4.68549 -0.252667 -0.967553 -4.41766e-05
24.5333 52.4932 4.67823 -0.252631 -0.967563 -3.24208e-05
23.3915 52.7911 4.67299 -0.252614 -0.967567 -0.000114256
22.1577 53.1129 4.68019 -0.25234 -0.967639 4.50486e-05
21.7788 53.2117 4.68347 -0.252323 -0.967643 -0.000101516
21.7843 53.2103 5.73713 -0.25221 -0.967672 2.07741e-05
20.6825 53.4975 5.71449 -0.25236 -0.967633 -0.000109508
19.5504 53.7928 5.71894 -0.252399 -0.967623 0.000159289
18.3725 54.1001 5.76633 -0.252444 -0.967611 -4.24359e-05
17.3075 54.3779 5.77009 -0.252446 -0.967611 -2.94542e-05
16.083 54.6975 5.73854 -0.252493 -0.967599 -3.51911e-05
15.1172 54.9495 5.45912 -0.252447 -0.967611 -9.77463e-05
14.9534 54.9923 4.32872 -0.252391 -0.967625 5.38238e-05
14.9523 54.9925 3.13375 -0.252499 -0.967597 -1.79735e-05
14.9184 55.0014 1.76265 -0.252551 -0.967584 0.00010678
14.9328 54.9976 0.652464 -0.252595 -0.967572 -2.68115e-05
14.9359 54.9968 -0.398097 -0.252667 -0.967553 3.79495e-07
14.9606 54.9904 -1.49799 -0.252545 -0.967585 -3.33022e-06
14.9614 54.9902 -2.55475 -0.252318 -0.967644 -1.2411e-05
14.9322 54.9978 -3.83501 -0.252526 -0.96759 0.000128984
14.9752 54.9866 -4.88128 -0.252459 -0.967608 0.000120307
15.7213 54.7919 -5.76675 -0.252556 -0.967582 -1.14022e-05
16.7552 54.5222 -5.77495 -0.252328 -0.967642 -0.000119267
17.9031 54.2227 -5.7488 -0.252386 -0.967627 0.000200345
19.1849 53.8884 -5.70027 -0.252479 -0.967602 -4.33167e-05
20.3846 53.5755 -5.7114 -0.252288 -0.967652 -0.000120852
21.4497 53.2978 -5.69996 -0.252318 -0.967644 0.000157729
22.467 53.0325 -5.74994 -0.252177 -0.967681 -9.53278e-05
23.5657 52.7461 -5.79636 -0.252191 -0.967677 -8.48915e-05
24.5843 52.4805 -5.7806 -0.252505 -0.967595 -0.000241026
25.9132 52.1336 -5.73943 -0.252674 -0.967551 -0.000441643
27.0298 51.8419 -5.73634 -0.252905 -0.967491 -0.000153148
28.0487 51.5755 -5.73473 -0.253203 -0.967413 -8.37944e-05
29.31 51.2451 -5.71864 -0.253493 -0.967337 -0.000223419
30.6258 50.8998 -5.75969 -0.254099 -0.967178 -0.000223997
31.722 50.6114 -5.78848 -0.25455 -0.96706 -9.83135e-05
32.7385 50.3433 -5.74354 -0.255484 -0.966813 -0.000361063
34.1931 49.9589 -5.7591 -0.255931 -0.966695 -0.000261639
35.2337 49.683 -5.78128 -0.256538 -0.966534 -0.000186354
36.0296 49.4718 -4.96607 -0.256991 -0.966414 0.00016991
36.0276 49.4723 -3.78163 -0.256589 -0.966521 -2.15191e-05
36.0894 49.4561 -2.48006 -0.256599 -0.966518 0.000167963
36.0512 49.4664 -1.20821 -0.25653 -0.966536 7.16289e-05
36.0345 49.4708 0.0496323 -0.256706 -0.96649 9.25195e-05
36.0642 49.4626 1.25556 -0.256555 -0.96653 -0.00037956
36.0454 49.4675 2.45999 -0.256826 -0.966458 2.83233e-06
36.0137 49.4758 3.6577 -0.256684 -0.966495 -0.000124781
36.0316 49.4712 4.82981 -0.256663 -0.966501 3.00725e-05
35.4756 49.6188 5.70584 -0.256258 -0.966608 -2.39646e-06
34.3947 49.9052 5.73571 -0.255963 -0.966687 -2.87851e-05
33.1917 50.2233 5.75549 -0.255458 -0.96682 1.42479e-05
32.0619 50.5216 5.73136 -0.254764 -0.967003 0.00010064
30.8498 50.8405 5.70463 -0.254219 -0.967147 0.000234729
29.7626 51.1259 5.70229 -0.253709 -0.967281 0.000137561
28.6987 51.4047 5.68797 -0.253299 -0.967388 0.000145997
27.6314 51.684 5.71175 -0.253119 -0.967435 0.00018514
26.5641 51.9629 5.72887 -0.25281 -0.967516 0.000103673
25.4639 52.2503 5.73479 -0.252685 -0.967549 8.27406e-05
24.3481 52.5415 5.71801 -0.252537 -0.967587 3.18656e-05
23.094 52.8687 5.72091 -0.252551 -0.967584 0.000113367
22.1388 53.1178 5.74712 -0.252325 -0.967643 -6.1109e-05
22.0902 53.1305 6.78197 -0.252227 -0.967668 0.000139333
20.9958 53.4159 6.78844 -0.252357 -0.967634 -0.000113051
19.8934 53.7033 6.76271 -0.252555 -0.967583 -2.68282e-05
18.7809 53.9935 6.78845 -0.252356 -0.967634 -0.000107147
17.5088 54.3254 6.8095 -0.252371 -0.96763 -2.47473e-05
16.2969 54.6417 6.80581 -0.25239 -0.967626 1.10775e-05
15.0039 54.9792 6.75587 -0.252519 -0.967592 2.88561e-05
13.9656 55.2501 6.39268 -0.252556 -0.967582 -7.74504e-05
13.9472 55.2548 5.28237 -0.252441 -0.967612 -3.18099e-05
13.9261 55.2603 4.06893 -0.252531 -0.967589 1.94716e-05
13.9251 55.2606 2.82762 -0.252594 -0.967572 4.07091e-05
13.8892 55.27 1.54049 -0.252625 -0.967564 -0.000122377
13.9184 55.2624 0.415181 -0.252454 -0.967609 -0.000163954
13.9403 55.2567 -0.674333 -0.252313 -0.967646 0.000119388
13.9292 55.2594 -1.92067 -0.252486 -0.9676 2.41709e-05
13.9236 55.261 -3.18035 -0.252431 -0.967615 7.68372e-05
13.9258 55.2604 -4.2926 -0.252393 -0.967625 -8.87224e-05
13.9162 55.2629 -5.50733 -0.252473 -0.967604 6.11783e-05
14.0801 55.2202 -6.67186 -0.252527 -0.96759 1.57484e-05
15.1791 54.9334 -6.85731 -0.252391 -0.967625 -2.72898e-05
16.2531 54.6531 -6.82022 -0.252487 -0.9676 -0.00010384
17.423 54.348 -6.83886 -0.252315 -0.967645 -4.94086e-05
18.4573 54.0781 -6.78936 -0.25255 -0.967584 -0.000123136
19.4819 53.8109 -6.7948 -0.252551 -0.967584 1.70611e-05
20.5351 53.5362 -6.79691 -0.252497 -0.967598 -7.42481e-05
21.8245 53.2 -6.7955 -0.252342 -0.967638 -5.61179e-05
22.842 52.9349 -6.82855 -0.252221 -0.96767 0.000101592
23.883 52.6635 -6.81394 -0.252172 -0.967683 -0.000112018
24.9456 52.3864 -6.79032 -0.252285 -0.967653 -0.000277036
25.9591 52.1221 -6.78805 -0.252614 -0.967567 -0.000549486
27.1297 51.8162 -6.81045 -0.252987 -0.96747 -0.000481898
28.4932 51.4594 -6.78828 -0.253356 -0.967373 -0.000289004
29.5282 51.1882 -6.81376 -0.253502 -0.967335 -0.000203973
30.5542 50.9189 -6.84844 -0.254351 -0.967112 -0.000148526
31.5787 50.6493 -6.8322 -0.254568 -0.967055 -0.000262887
32.7551 50.3394 -6.80348 -0.255219 -0.966883 -0.000886355
33.7924 50.065 -6.78946 -0.255819 -0.966725 -0.000454247
34.9992 49.7455 -6.84254 -0.256519 -0.966539 -0.00066709
36.0818 49.4576 -6.78965 -0.257424 -0.966299 5.15067e-05
37.0953 49.1878 -6.37396 -0.257594 -0.966253 7.43935e-05
37.0624 49.1972 -5.16022 -0.257133 -0.966376 0.000340818
37.0558 49.1993 -4.11194 -0.256899 -0.966438 0.000211567
37.0866 49.1912 -2.98415 -0.256926 -0.966431 4.95468e-05
37.0854 49.1916 -1.91849 -0.256738 -0.966481 2.84252e-05
37.0794 49.1932 -0.616122 -0.256938 -0.966428 0.000203206
37.0441 49.2026 0.579269 -0.256608 -0.966516 -0.000249676
37.127 49.1803 1.76735 -0.256366 -0.96658 -0.000279617
37.0646 49.1965 2.90224 -0.256904 -0.966437 5.21653e-05
37.0578 49.1985 4.26245 -0.256909 -0.966436 -2.33571e-05
37.0511 49.2003 5.3676 -0.256989 -0.966414 7.86302e-06
36.9569 49.2259 6.57757 -0.256581 -0.966523 0.000253049
35.8274 49.5255 6.78965 -0.256712 -0.966488 1.78158e-05
34.6513 49.8372 6.7437 -0.256144 -0.966639 0.000253953
33.4166 50.1642 6.78499 -0.255529 -0.966801 0.000430941
32.1071 50.5099 6.74944 -0.255045 -0.966929 0.000675769
31.0942 50.7766 6.73669 -0.254338 -0.967115 0.000272394
29.9559 51.0755 6.76656 -0.253817 -0.967252 0.000401013
28.8803 51.3574 6.73744 -0.253223 -0.967408 2.8204e-05
27.7899 51.6426 6.75611 -0.252895 -0.967494 0.00023498
26.7208 51.9221 6.77542 -0.2528 -0.967519 0.000156757
25.3876 52.2702 6.76708 -0.252672 -0.967552 2.59917e-05
24.1785 52.5858 6.76969 -0.252496 -0.967598 2.7892e-05
22.8868 52.9227 6.771 -0.252449 -0.96761 9.79953e-05
22.3364 53.0663 6.77451 -0.252351 -0.967636 0.000159469
