-10.691 46.8836 -2.47788 0.250667 -0.968072 -0.00141227
-10.7309 46.8714 -1.23897 0.250569 -0.968098 -0.00102707
-10.7057 46.8766 -0.184395 0.251397 -0.967883 -0.00168023
-11.5407 46.6666 -3.5928 0.248975 -0.968509 -0.00121755
-11.5591 46.6604 -2.41064 0.248031 -0.968751 -0.00141709
-11.5979 46.6495 -1.29176 0.247409 -0.968911 -0.000642803
-11.5623 46.6569 -0.175134 0.247951 -0.968771 -0.00149861
-11.5697 46.6526 1.20563 0.246419 -0.969161 -0.00231311
-11.6499 46.6301 2.38261 0.246177 -0.969224 -0.00137764
-11.7096 46.6138 3.43677 0.24613 -0.969236 -0.00121864
-11.7218 46.6105 3.53729 0.246424 -0.969161 -0.00170355
-12.5832 46.3933 3.25961 0.243614 -0.969871 -0.00158493
-12.52 46.4106 2.12843 0.243309 -0.969948 -0.00134863
-12.398 46.4427 0.950998 0.245259 -0.969456 -0.0017199
-12.429 46.4361 -0.138912 0.246049 -0.969257 -0.00119121
-12.4673 46.4274 -1.17865 0.244844 -0.969562 -0.000413175
-12.4416 46.4348 -2.27837 0.245692 -0.969347 -0.000792287
-12.4219 46.4413 -3.40285 0.246509 -0.969139 -0.00145138
-13.2946 46.2215 -3.52086 0.242065 -0.970259 -0.00145685
-13.3263 46.2118 -2.35973 0.243381 -0.96993 -0.000496375
-13.3323 46.2095 -1.17466 0.241634 -0.970367 -0.00123452
-13.2781 46.2219 -0.0282296 0.242731 -0.970092 -0.00140398
-13.2987 46.2164 1.14334 0.241939 -0.97029 -0.000458696
-13.4004 46.1899 2.2432 0.24066 -0.970609 -0.000947155
-13.5183 46.1597 3.4874 0.24107 -0.970508 -0.000725258
-13.5195 46.1594 3.49901 0.241056 -0.970511 -0.00102947
-14.4013 45.9414 3.45348 0.239032 -0.971011 -0.000949518
-14.2744 45.9734 2.3789 0.2379 -0.971289 -0.00108576
-14.1535 46.0042 1.23352 0.23985 -0.97081 -0.000417957
-14.1477 46.0058 0.0840888 0.239159 -0.97098 -0.000127659
-14.2098 45.9917 -1.02891 0.239619 -0.970867 -0.000418257
-14.2309 45.9875 -2.29507 0.239226 -0.970963 -0.00116702
-14.1803 46.0017 -3.38456 0.238939 -0.971034 -0.000831749
-14.1723 46.0039 -3.60235 0.238949 -0.971032 -0.000759019
-15.0554 45.7873 -3.49174 0.236736 -0.971572 -0.000770948
-15.1168 45.7704 -2.44151 0.238032 -0.971257 -0.000958317
-15.1144 45.7695 -1.25598 0.237538 -0.971378 -0.000591438
-15.0197 45.793 -0.165607 0.235097 -0.971972 0.000406891
-15.0241 45.792 0.929973 0.235184 -0.971951 -7.43406e-05
-15.1256 45.7666 2.06358 0.2363 -0.971679 -0.00116832
-15.2513 45.7345 3.20695 0.234682 -0.972071 -0.00137222
-15.2601 45.7321 3.32898 0.234803 -0.972041 -0.00200601
-16.1446 45.5203 3.57164 0.229877 -0.973219 -0.00135668
-15.9987 45.556 2.08626 0.233916 -0.972256 -0.00138263
-15.8988 45.5814 1.03429 0.232636 -0.972564 -0.000442379
-15.8976 45.581 -0.228768 0.231513 -0.972831 0.00120548
-16.0175 45.5521 -1.54381 0.229538 -0.973298 -0.00116212
-16.003 45.5583 -2.61382 0.230696 -0.973024 -0.00193693
-15.9597 45.5696 -3.60627 0.232565 -0.97258 -0.000988656
-16.8502 45.3592 -3.62519 0.226875 -0.973923 -0.0010604
-16.9281 45.3391 -2.20175 0.225911 -0.974147 -0.00157731
-16.8637 45.3524 -1.15357 0.228584 -0.973523 -0.00178442
-16.7663 45.3753 -0.00811715 0.228808 -0.97347 0.00134304
-16.802 45.3673 1.35206 0.227449 -0.973789 -0.00108126
-16.9639 45.3281 2.63034 0.22865 -0.973509 0.000180998
-17.0062 45.319 3.24862 0.227448 -0.973788 0.00059143
-17.8936 45.1144 3.41626 0.222403 -0.974954 0.0009655
-17.7982 45.1342 2.15372 0.222253 -0.974982 -0.00147453
-17.677 45.165 0.987319 0.223565 -0.974688 0.00148274
-17.6631 45.1667 -0.105722 0.221714 -0.97511 0.00179812
-17.7879 45.1385 -1.43482 0.223277 -0.974754 -0.0012042
-17.8437 45.1275 -2.5824 0.221035 -0.975265 -0.000724939
-17.7513 45.1498 -3.41685 0.225718 -0.974193 -0.000417592
-18.6481 44.946 -3.34389 0.219889 -0.975525 0.000262715
-18.7714 44.9178 -2.23141 0.218095 -0.975926 -0.00195598
-18.6497 44.9438 -1.10057 0.217058 -0.976159 -0.000171049
-18.5564 44.9671 0.0438364 0.211609 -0.977345 0.00429919
-18.5874 44.9605 1.15359 0.213563 -0.976929 -0.000803873
-18.6843 44.9365 2.21051 0.217068 -0.976156 -0.000542418
-18.7795 44.9176 3.49899 0.213954 -0.976843 0.00150017
-19.6529 44.7288 3.5147 0.208489 -0.978024 0.0013135
-19.5944 44.741 2.32736 0.208814 -0.977955 -0.000460096
-19.4558 44.7728 0.710763 0.209893 -0.977724 -0.000863123
-19.4748 44.7678 -0.45751 0.206241 -0.978497 0.00295509
-19.6002 44.7366 -1.56684 0.205373 -0.978658 0.00704737
-19.6714 44.721 -2.83341 0.211052 -0.977475 -0.00085059
-19.5917 44.7386 -3.22557 0.211261 -0.977428 -0.00149638
-20.4283 44.561 -3.60859 0.20704 -0.978332 -1.88586e-05
-20.6265 44.5221 -2.58963 0.19788 -0.980217 0.000431112
-20.4882 44.5539 -1.48391 0.196618 -0.980475 0.00283657
-20.3997 44.5735 -0.420242 0.197743 -0.980253 0.000535853
-20.3947 44.5747 0.692349 0.198714 -0.980056 0.00127201
-20.4418 44.565 1.76044 0.199454 -0.979906 0.000188405
-20.5383 44.5437 2.8595 0.200374 -0.979714 -0.0033438
-20.55 44.5411 3.35013 0.199526 -0.979882 0.00415975
-21.4802 44.3599 3.4493 0.18275 -0.983159 -0.00104204
-21.4723 44.362 2.40515 0.186284 -0.982496 0.000391996
-21.3633 44.382 1.26526 0.184169 -0.982893 -0.0011047
-21.4082 44.3706 0.157473 0.181646 -0.983362 0.00088801
-21.424 44.3678 -0.926151 0.185224 -0.982694 -0.000407136
-21.4643 44.3604 -1.96619 0.189188 -0.981925 0.00559774
-21.3975 44.367 -3.08778 0.187296 -0.982279 0.00590005
-21.4073 44.3648 -3.47777 0.191291 -0.981533 0.000204402
-22.3394 44.1916 -3.29721 0.179132 -0.983815 0.00419393
-22.3394 44.1933 -2.09411 0.175963 -0.984364 0.00356441
-22.3394 44.1987 -0.859143 0.172595 -0.984959 0.0047356
-22.5067 44.1705 0.233556 0.174852 -0.984593 0.0016159
-22.4971 44.1737 1.27852 0.174049 -0.984737 7.70628e-05
-22.3394 44.203 2.5287 0.172936 -0.984931 0.000186706
-22.3394 44.2016 3.48053 0.177388 -0.984139 -0.000478317
-23.3416 44.029 3.23783 0.162992 -0.986626 0.00127976
-23.4689 44.0083 2.20331 0.163446 -0.986551 0.00105557
-23.3237 44.0292 1.04289 0.166469 -0.986044 0.00231088
-23.4385 44.0122 -0.0977545 0.163062 -0.98661 -0.00335821
-23.4096 44.016 -1.35144 0.164017 -0.986436 0.00654291
-23.3921 44.0129 -2.41512 0.16569 -0.986164 0.00487994
-23.4249 43.9973 -3.52218 0.165979 -0.986083 0.00645879
-23.4105 43.9992 -3.60641 0.173776 -0.984772 0.00475068
-24.3468 43.8532 -3.53968 0.148454 -0.988893 0.00716801
-24.3831 43.8546 -2.41127 0.151167 -0.988499 0.00422567
-24.3045 43.872 -1.32403 0.15061 -0.988575 0.0059993
-24.2652 43.881 -0.283024 0.150985 -0.988527 -0.00367166
-24.1411 43.8979 0.837102 0.149756 -0.988721 -0.00147971
-24.3769 43.8639 2.05322 0.146774 -0.989168 0.00161514
-24.2923 43.8763 3.22658 0.151962 -0.988342 0.00911372
-24.2875 43.8792 3.41465 0.152022 -0.988312 0.0113695
-25.2291 43.7442 3.56217 0.135205 -0.990796 0.00650058
-25.2538 43.7388 2.49893 0.135676 -0.990752 -0.000385345
-25.1213 43.758 1.2483 0.133183 -0.99109 0.00121302
-25.0594 43.7643 -0.0308825 0.131377 -0.991328 0.0027927
-25.1762 43.7429 -1.10249 0.139442 -0.990195 0.00768511
-25.2838 43.7232 -2.1289 0.134372 -0.990918 -0.0010551
-25.252 43.7185 -3.48368 0.142063 -0.98985 0.00371329
-26.1331 43.6015 -3.52951 0.11696 -0.993125 0.00413341
-26.1997 43.6037 -2.35982 0.123378 -0.992334 0.00653083
-26.119 43.6163 -1.24703 0.120512 -0.992667 0.000779241
-25.9527 43.6454 -0.0984602 0.129276 -0.991573 0.00831839
-25.9713 43.6458 1.07055 0.130222 -0.991472 -0.0029398
-26.124 43.6227 2.24498 0.119083 -0.992881 0.001768
-26.1376 43.6268 3.4271 0.118598 -0.992932 0.00460111
-26.1361 43.6271 3.45262 0.118545 -0.992939 0.00441031
-27.0328 43.5212 3.26642 0.113735 -0.993499 0.00491582
-27.0013 43.521 2.21581 0.10306 -0.994659 0.00190464
-26.8748 43.5371 1.10345 0.112555 -0.99364 -0.00280542
-26.8571 43.5375 -0.138429 0.105657 -0.994398 0.00307276
-27.0395 43.515 -1.29474 0.0999101 -0.99499 0.00317788
-27.1011 43.5016 -2.50698 0.106182 -0.994323 0.00673439
-27.0166 43.5041 -3.57773 0.098086 -0.995165 0.00237714
-27.9161 43.4194 -3.46269 0.0897603 -0.995947 0.00575581
-27.9696 43.4223 -2.03424 0.090983 -0.995844 0.0011813
-27.8883 43.4325 -0.873595 0.0972384 -0.995258 0.00233412
-27.7386 43.4481 0.156352 0.0956015 -0.995418 0.00150792
-27.7923 43.4426 1.2572 0.0965348 -0.995329 0.00037497
-27.8986 43.4324 2.29847 0.0941704 -0.995554 -0.00183577
-27.897 43.4314 3.55012 0.0971896 -0.995258 0.00292047
-27.8967 43.4315 3.5581 0.0966649 -0.99531 0.0028309
-28.777 43.3501 3.54259 0.0856801 -0.996318 0.00080553
-28.8087 43.3475 2.44345 0.0903051 -0.995905 -0.00361053
-28.7187 43.3587 1.34724 0.0877582 -0.996141 -0.00098576
-28.6664 43.3616 0.0458713 0.0861951 -0.996278 0.000576988
-28.7953 43.3489 -1.14099 0.0872554 -0.996182 0.00263401
-28.8468 43.3423 -2.18302 0.0856182 -0.996328 -0.000412665
-28.8164 43.3409 -3.24046 0.0797558 -0.996811 0.00244493
-28.803 43.3414 -3.45942 0.0792627 -0.996844 0.00407713
-29.6948 43.2729 -3.43813 0.0717892 -0.99742 0.000394453
-29.727 43.2729 -2.36212 0.0749408 -0.997179 -0.00431403
-29.673 43.2743 -0.956643 0.082646 -0.996577 0.00132125
-29.5674 43.2853 0.366773 0.0818224 -0.996643 0.00264482
-29.6242 43.2828 1.41245 0.0827741 -0.996566 -0.00126062
-29.6867 43.273 2.45519 0.0715097 -0.997436 -0.00244045
-29.6882 43.2758 3.49451 0.078438 -0.996913 0.00336829
-29.687 43.276 3.5405 0.0774799 -0.99699 0.00251798
-30.5816 43.2113 3.58927 0.0644174 -0.99792 0.00172862
-30.5776 43.2109 2.29575 0.0647765 -0.997899 -0.00096278
-30.5071 43.2194 1.11542 0.0689201 -0.997616 0.00318338
-30.4847 43.2152 -0.0220867 0.0647325 -0.997896 0.00358842
-30.5685 43.2061 -1.08137 0.0597271 -0.998213 0.00131726
-30.6281 43.207 -2.22644 0.0688139 -0.99762 -0.00439345
-30.6057 43.2104 -3.41875 0.064844 -0.997892 -0.00119722
-30.597 43.2113 -3.57001 0.0636129 -0.997973 -0.00194497
-31.5082 43.1579 -3.34117 0.0519471 -0.998648 0.00168996
-31.4965 43.1546 -2.07451 0.0563548 -0.998407 -0.00253387
-31.4445 43.1571 -0.827166 0.0543024 -0.998524 0.00127041
-31.3806 43.1627 0.44292 0.0594623 -0.998228 0.00213165
-31.4511 43.1579 1.77305 0.0584113 -0.998281 -0.00102565
-31.4706 43.157 3.05316 0.0539552 -0.998542 0.00113538
-31.4677 43.1574 3.47431 0.0537374 -0.998555 0.000966093
-32.3543 43.1114 3.51019 0.0474921 -0.998871 -0.000943932
-32.3515 43.1113 2.4761 0.049237 -0.998787 -0.000130117
-32.3064 43.1129 1.35264 0.0493515 -0.998779 0.00179239
-32.2993 43.1113 0.0685462 0.0497051 -0.998762 -0.000408571
-32.3587 43.1095 -1.23985 0.046883 -0.998895 -0.00318941
-32.3907 43.1102 -2.29606 0.0470473 -0.998892 -0.00096275
-32.4007 43.1109 -3.3417 0.0461767 -0.998933 -0.00112725
-32.3935 43.1114 -3.51446 0.0485479 -0.998814 -0.0025434
-33.275 43.072 -3.45771 0.0425072 -0.999096 -0.000479735
-33.2832 43.0707 -2.30737 0.0369735 -0.999316 -0.000545222
-33.2573 43.0698 -1.27871 0.0386134 -0.999251 -0.00263636
-33.2346 43.0685 0.11983 0.0431979 -0.999065 -0.00145943
-33.1978 43.0689 1.18968 0.0440563 -0.998999 0.00529884
-33.2331 43.0707 2.23351 0.043652 -0.999046 0.000519015
-33.2695 43.0696 3.09583 0.0437097 -0.999044 -0.000765067
-21.5666 44.3437 4.58517 0.186731 -0.982407 -0.00209778
-22.7823 44.1221 4.59694 0.164203 -0.986422 -0.000989004
-23.8407 43.9483 4.59559 0.154436 -0.987982 -0.00107506
-25.0183 43.7763 4.65781 0.13864 -0.990339 -0.00129468
-26.1475 43.6276 4.65219 0.122537 -0.992459 0.000585814
-27.3303 43.4915 4.66529 0.102883 -0.994682 -0.00471869
-28.591 43.3684 4.69629 0.0930066 -0.995665 0.00100054
-29.6875 43.2783 4.67199 0.0745847 -0.997212 0.0013329
-30.8208 43.1975 4.67425 0.0637957 -0.997962 -0.000827159
-31.9186 43.133 4.6736 0.0544277 -0.998513 -0.00301215
-33.0878 43.0756 4.61242 0.0442015 -0.999019 -7.98528e-05
-34.156 43.0329 4.56697 0.0362294 -0.999343 -0.000789917
-34.5945 43.0186 3.3311 0.0342651 -0.999412 -0.000310181
-34.6104 43.0177 2.11134 0.0338721 -0.999426 -0.000199178
-34.5863 43.0199 0.813707 0.034306 -0.999411 -0.00107559
-34.5696 43.0219 -0.387623 0.0329608 -0.999456 -0.00110939
-34.5412 43.0247 -1.72104 0.0317714 -0.999491 -0.00297131
-34.5205 43.028 -2.8345 0.0295346 -0.999564 -0.000214907
-34.4924 43.0299 -3.90946 0.0325311 -0.999468 -0.00013673
-34.0019 43.0456 -4.67045 0.0351125 -0.999382 0.00111154
-32.7659 43.0929 -4.7047 0.043521 -0.99905 0.0017869
-31.7002 43.1432 -4.70425 0.0523315 -0.998619 0.00457297
-30.3726 43.2204 -4.67731 0.0641244 -0.997904 0.00853883
-29.0192 43.3173 -4.65955 0.0765018 -0.997041 0.00740408
-27.7582 43.4273 -4.67701 0.0928968 -0.995642 0.00787213
-26.602 43.5459 -4.68838 0.114516 -0.993394 0.00725138
-25.527 43.6777 -4.68862 0.131266 -0.99134 0.00336082
-24.3342 43.8476 -4.65196 0.150521 -0.988543 0.00827879
-23.149 44.0414 -4.69076 0.173018 -0.984896 0.00647286
-21.8533 44.2772 -4.72447 0.186394 -0.98247 0.00301123
-20.7904 44.4869 -4.69651 0.199685 -0.979858 -0.000558582
-19.7241 44.7104 -4.64354 0.208081 -0.978112 -0.000239511
-18.5442 44.9681 -4.63848 0.217316 -0.976095 0.000319203
-17.3215 45.2498 -4.67689 0.227083 -0.973874 -0.000779478
-16.2716 45.4966 -4.71306 0.232348 -0.972631 -0.0016996
-15.2174 45.7491 -4.69686 0.234586 -0.972095 -0.000872967
-13.9355 46.0641 -4.70183 0.241352 -0.970437 -0.00147446
-12.8041 46.3471 -4.69598 0.2452 -0.969471 -0.00155628
-11.6418 46.6418 -4.68068 0.247826 -0.968803 -0.0012643
-10.5772 46.916 -4.70518 0.250936 -0.968002 -0.00129778
-9.69606 47.145 -4.17656 0.252763 -0.967528 -0.00108565
-9.67416 47.1485 -2.9596 0.252786 -0.967521 -0.00174092
-9.63375 47.1575 -1.74511 0.2526 -0.96757 -0.00133194
-9.66174 47.1485 -0.623325 0.251758 -0.96779 -0.00120705
-9.68788 47.1389 0.636788 0.251905 -0.967749 -0.00227557
-9.63647 47.1493 1.98548 0.252397 -0.967622 -0.00175543
-9.65847 47.1412 3.25465 0.251409 -0.967879 -0.00156897
-9.95087 47.0629 4.5373 0.249556 -0.968357 -0.00243565
-11.1115 46.7647 4.64021 0.248076 -0.968739 -0.00175103
-12.1462 46.5015 4.61956 0.245845 -0.969309 -0.000904988
-13.3229 46.2067 4.60671 0.241376 -0.97043 -0.0010906
-14.4366 45.9317 4.62092 0.239475 -0.970902 -0.00109373
-15.6515 45.6356 4.67854 0.231984 -0.972719 -0.000831467
-16.7883 45.3676 4.63123 0.226363 -0.974041 -0.00181213
-18.0538 45.078 4.62549 0.219161 -0.975684 -0.00137437
-19.4052 44.7842 4.64251 0.208563 -0.978008 -0.00108972
-20.5651 44.5434 4.57123 0.197785 -0.980244 -6.33328e-05
-21.0544 44.4441 4.57785 0.195838 -0.980631 -0.00054057
-21.1477 44.4238 5.65868 0.19609 -0.980578 -0.0038298
-19.8557 44.6867 5.69488 0.204337 -0.978895 -0.00328415
-18.6882 44.9367 5.72354 0.212014 -0.977253 -0.00520105
-17.6513 45.1678 5.65924 0.220933 -0.975279 -0.00432057
-16.5228 45.4274 5.70628 0.228914 -0.973442 -0.0018245
-15.1872 45.7467 5.73577 0.235031 -0.971986 -0.0018982
-14.1175 46.0091 5.68449 0.239769 -0.970829 -0.00146866
-12.9898 46.2889 5.66807 0.242786 -0.970079 -0.00114736
-11.8955 46.5641 5.7026 0.244394 -0.969675 -0.00138582
-10.7278 46.861 5.71481 0.246986 -0.969017 -0.00198678
-9.62875 47.1425 5.71832 0.250058 -0.968228 -0.00239227
-8.67278 47.3919 5.40171 0.252553 -0.967581 -0.00218975
-8.61041 47.4114 3.97593 0.252416 -0.967616 -0.00244667
-8.60702 47.4161 2.74922 0.252502 -0.967593 -0.00270004
-8.6421 47.4097 1.62072 0.253152 -0.967423 -0.00251492
-8.68055 47.4027 0.37935 0.253635 -0.967298 -0.00212739
-8.6318 47.4181 -0.757089 0.253762 -0.967264 -0.00198112
-8.61292 47.4249 -1.85068 0.254781 -0.966998 -0.000958081
-8.65559 47.4154 -2.97439 0.254417 -0.967092 -0.00193049
-8.6206 47.4266 -4.22155 0.253327 -0.96738 -0.00103192
-8.66486 47.4165 -5.39619 0.253789 -0.967259 -0.00107541
-9.63906 47.1616 -5.79664 0.252395 -0.967624 -0.00106734
-10.753 46.8717 -5.74743 0.251686 -0.967809 -0.000473749
-12.0075 46.5495 -5.74254 0.246057 -0.969255 0.000232364
-13.1549 46.2594 -5.75519 0.243882 -0.969803 0.0012317
-14.2546 45.9858 -5.73987 0.240915 -0.970546 0.000554654
-15.5017 45.6802 -5.76851 0.234246 -0.972176 0.00130524
-16.7758 45.3764 -5.78549 0.230548 -0.973058 0.00212279
-17.9082 45.1126 -5.7108 0.22321 -0.974756 0.00500859
-18.9509 44.8767 -5.72798 0.216919 -0.976168 0.0057963
-19.9924 44.6516 -5.72445 0.20912 -0.977881 0.00414858
-21.1384 44.413 -5.75916 0.20025 -0.979736 0.0036157
-22.2147 44.2018 -5.78804 0.183296 -0.983029 0.00684139
-23.4476 43.9816 -5.75457 0.17009 -0.985392 0.0084914
-24.6024 43.7987 -5.74658 0.144594 -0.989437 0.0102951
-25.8532 43.6253 -5.74181 0.126171 -0.991982 0.00599963
-26.9402 43.5006 -5.77243 0.104399 -0.994511 0.00653337
-28.1312 43.3845 -5.73564 0.0926001 -0.995678 0.00654387
-29.2354 43.2934 -5.69909 0.074176 -0.997225 0.0055756
-30.4618 43.2082 -5.73374 0.0610997 -0.998121 0.00396748
-31.5377 43.1492 -5.75467 0.0517387 -0.998658 0.0022004
-32.62 43.0966 -5.7635 0.0452957 -0.99897 0.00284875
-33.758 43.0519 -5.77192 0.0344702 -0.9994 0.00322038
-34.8238 43.0187 -5.71742 0.0263764 -0.999647 0.00299381
-35.5724 43.0014 -4.83566 0.0229135 -0.999737 0.000394582
-35.5547 43.0009 -3.73393 0.0244935 -0.999699 -0.00124206
-35.603 42.9966 -2.4823 0.0246384 -0.999691 -0.00323406
-35.6137 42.9926 -1.08141 0.0243136 -0.999703 -0.001701
-35.6524 42.9887 0.157413 0.0257513 -0.999667 -0.00172346
-35.6203 42.9874 1.22914 0.0274034 -0.999621 -0.00221735
-35.6476 42.9855 2.56892 0.0297153 -0.999558 -0.000218747
-35.6538 42.9847 3.98656 0.0297572 -0.999557 0.000450821
-35.6083 42.985 5.12311 0.0294291 -0.999565 -0.00151618
-34.7025 43.0126 5.67903 0.0345637 -0.999399 -0.00162781
-33.6369 43.0517 5.68187 0.0394862 -0.999215 -0.00252006
-32.3451 43.1088 5.72638 0.0482544 -0.998827 -0.00413938
-31.1322 43.1754 5.71601 0.0602429 -0.998183 -0.000988221
-30.0661 43.2491 5.73169 0.0756972 -0.997127 -0.00272627
-28.7336 43.3561 5.74386 0.0831838 -0.99653 0.000132016
-27.3694 43.4845 5.70685 0.101615 -0.994803 -0.00599648
-26.131 43.6245 5.73671 0.124951 -0.992116 -0.00713875
-25.0142 43.7732 5.72058 0.137008 -0.990523 -0.00916068
-23.9557 43.9291 5.68493 0.1511 -0.988476 -0.00889499
-22.803 44.1161 5.65835 0.17213 -0.985066 -0.00268647
-21.6102 44.3331 5.678 0.185716 -0.982602 -0.00175375
-21.4867 44.3566 5.67913 0.190307 -0.981709 -0.00325607
-21.4572 44.3555 6.72326 0.190892 -0.981578 -0.0080637
-22.6054 44.1419 6.74397 0.174339 -0.98459 -0.0128393
-23.72 43.9548 6.76698 0.153661 -0.988033 -0.0126138
-25.0199 43.7617 6.79276 0.141677 -0.989821 -0.0134751
-26.0943 43.6198 6.77463 0.123869 -0.992132 -0.0181397
-27.2953 43.4811 6.77266 0.10239 -0.994534 -0.020149
-28.526 43.3648 6.78745 0.0870854 -0.996148 -0.0102381
-29.6542 43.2738 6.79163 0.0730369 -0.997248 -0.0123983
-30.7719 43.1947 6.74264 0.0624274 -0.998035 -0.00522447
-31.9448 43.1235 6.81703 0.0519288 -0.998614 -0.00841061
-33.0231 43.0718 6.75637 0.0456451 -0.998937 -0.00649353
-34.4305 43.0191 6.75185 0.0342025 -0.999404 -0.00469468
-35.5009 42.9854 6.8083 0.0307735 -0.999526 -0.000874727
-36.6054 42.9568 6.53389 0.0234284 -0.999722 -0.00247716
-36.7042 42.9552 5.46119 0.0253266 -0.999679 0.000219422
-36.683 42.9548 4.23566 0.028827 -0.999584 0.000182568
-36.7229 42.9541 3.02041 0.0284357 -0.999595 -0.000615468
-36.7272 42.9564 1.87934 0.0268663 -0.999633 -0.00346651
-36.6921 42.9614 0.733403 0.0242349 -0.999697 -0.00418347
-36.6832 42.9656 -0.530455 0.0219209 -0.999756 -0.00280005
-36.6683 42.9692 -1.6301 0.0222113 -0.999749 -0.00285141
-36.6885 42.9728 -2.77387 0.0212289 -0.999772 -0.00205426
-36.6215 42.9767 -4.00001 0.0215841 -0.999764 -0.00244133
-36.646 42.9793 -5.34184 0.0179881 -0.999835 -0.002269
-36.6101 42.9805 -6.57744 0.0140223 -0.999892 0.00436949
-35.221 43.0045 -6.79734 0.0220234 -0.999711 0.00910927
-33.9324 43.0398 -6.82587 0.0304884 -0.999523 0.00491334
-32.7413 43.0861 -6.80293 0.0457304 -0.998927 0.00726372
-31.547 43.143 -6.81138 0.0499789 -0.998727 0.00675272
-30.3333 43.2112 -6.78913 0.0622305 -0.998028 0.00778366
-29.137 43.2933 -6.78443 0.0678548 -0.997611 0.0125372
-28.0545 43.3807 -6.79662 0.0912912 -0.995729 0.0135697
-26.8941 43.4932 -6.82524 0.107864 -0.994064 0.0139553
-25.7617 43.6261 -6.79943 0.122875 -0.992337 0.0126705
-24.6254 43.7833 -6.80053 0.148409 -0.988809 0.0140753
-23.536 43.9557 -6.81192 0.165383 -0.986156 0.0119873
-22.3919 44.1617 -6.82187 0.181708 -0.983293 0.0108162
-21.3413 44.3653 -6.81156 0.197389 -0.980262 0.0111163
-20.1417 44.6114 -6.78504 0.204007 -0.978916 0.0102272
-19.0998 44.8371 -6.78191 0.215243 -0.976529 0.00775673
-17.7657 45.1399 -6.77585 0.227395 -0.973766 0.00791249
-16.654 45.4003 -6.82363 0.22983 -0.973206 0.00656243
-15.4599 45.6877 -6.81675 0.237616 -0.971353 0.00320857
-14.2962 45.9741 -6.7903 0.239595 -0.97087 0.00222842
-13.1823 46.2513 -6.80268 0.24209 -0.970249 0.00287495
-11.8861 46.5796 -6.77735 0.246354 -0.969176 0.00279219
-10.7682 46.8677 -6.80415 0.251358 -0.967892 0.0019109
-9.64458 47.1603 -6.84718 0.252436 -0.967614 0.000150139
-8.27724 47.5177 -6.79931 0.253937 -0.967219 0.00134436
-7.60649 47.6953 -6.09234 0.254903 -0.966966 -0.000345752
-7.58521 47.7001 -4.99739 0.255194 -0.96689 -0.000798225
-7.57969 47.7004 -3.90089 0.255591 -0.966785 -0.000870043
-7.63306 47.685 -2.7024 0.256299 -0.966596 -0.00136521
-7.60188 47.6914 -1.57804 0.255483 -0.966812 -0.00145981
-7.62636 47.6819 -0.243184 0.256638 -0.9665 -0.0036582
-7.62584 47.6781 1.04405 0.254497 -0.96707 -0.00277887
-7.57088 47.6884 2.36327 0.254086 -0.967177 -0.00287683
-7.59199 47.679 3.47933 0.252546 -0.967576 -0.00413758
-7.61103 47.6706 4.75388 0.252395 -0.967623 -0.00147252
-7.58887 47.675 5.91155 0.254882 -0.966971 -0.00141229
-8.09827 47.5384 6.72401 0.25504 -0.966926 -0.00287487
-9.35113 47.2107 6.77981 0.251001 -0.967976 -0.00450477
-10.5643 46.899 6.75561 0.246023 -0.969249 -0.00542347
-11.7346 46.6033 6.76583 0.245164 -0.969479 -0.00198316
-12.775 46.3414 6.73737 0.243211 -0.969973 -0.00119609
-14.09 46.0133 6.76101 0.240607 -0.970614 -0.00406268
-15.3317 45.7083 6.79478 0.234399 -0.972127 -0.00517604
-16.4629 45.4383 6.75179 0.230697 -0.973019 -0.00351713
-17.6148 45.1703 6.72354 0.22135 -0.975175 -0.00605344
-18.6977 44.9287 6.82325 0.213933 -0.976832 -0.00572553
-20.0754 44.6353 6.78996 0.202845 -0.979184 -0.00720355
-21.2728 44.3914 6.72165 0.193679 -0.981025 -0.0084208
