33.8226 51.0895 -1.5723 -0.254884 -0.966972 9.22951e-05
33.8037 51.0944 -0.669971 -0.254502 -0.967072 -9.35944e-05
33.7999 51.0955 0.238729 -0.254613 -0.967043 -6.55748e-05
33.7671 51.104 1.29756 -0.254634 -0.967038 -6.99066e-05
33.705 51.1203 2.20072 -0.254909 -0.966965 -0.000131201
33.6868 51.125 3.10096 -0.254813 -0.96699 -0.000165408
32.8606 51.3425 3.27866 -0.254293 -0.967127 -0.000200586
32.8904 51.3348 2.34755 -0.254304 -0.967124 -4.81947e-05
32.9215 51.3267 1.35079 -0.25452 -0.967067 -0.000124087
32.9659 51.315 0.379355 -0.2545 -0.967073 5.72717e-05
32.9756 51.3125 -0.511453 -0.25434 -0.967115 -4.01765e-05
32.9905 51.3085 -1.69152 -0.254518 -0.967068 6.79212e-05
33.0257 51.2992 -2.59032 -0.254594 -0.967048 3.98641e-05
33.0325 51.2973 -3.56604 -0.254393 -0.967101 1.28087e-05
32.2222 51.5104 -3.49756 -0.254234 -0.967143 0.000140318
32.2001 51.5165 -2.53548 -0.254225 -0.967145 0.000133079
32.1566 51.5279 -1.59076 -0.254199 -0.967152 3.40136e-07
32.1518 51.5291 -0.626136 -0.254258 -0.967137 -3.00217e-05
32.1269 51.5356 0.368073 -0.254153 -0.967164 -7.33017e-05
32.0911 51.545 1.33086 -0.254129 -0.96717 -8.68968e-05
32.0272 51.5616 2.23463 -0.254063 -0.967188 -0.000125537
32.0083 51.5665 3.21267 -0.254152 -0.967164 -0.000164882
32.0384 51.5585 3.61364 -0.254169 -0.96716 -0.000108692
31.2021 51.7782 3.50506 -0.253885 -0.967234 -7.10002e-05
31.1712 51.7864 2.38411 -0.254134 -0.967169 -0.00010319
31.2388 51.7688 1.37092 -0.254038 -0.967194 -0.000114242
31.2915 51.7551 0.456343 -0.254002 -0.967204 6.99661e-05
31.3143 51.7492 -0.572433 -0.253919 -0.967225 0.000120385
31.3237 51.7468 -1.6231 -0.253904 -0.967229 -3.48426e-06
31.3857 51.7304 -2.84857 -0.253942 -0.96722 6.29602e-05
31.4111 51.7235 -3.50276 -0.254096 -0.967179 -8.90059e-05
30.595 51.9379 -3.46386 -0.253716 -0.967279 -1.99754e-06
30.5334 51.9542 -2.57575 -0.253959 -0.967215 0.000157519
30.4759 51.9693 -1.68773 -0.253898 -0.967231 -9.77487e-05
30.4599 51.9734 -0.669668 -0.253611 -0.967306 -5.18819e-05
30.4911 51.9652 0.283499 -0.253744 -0.967271 -0.000152605
30.4038 51.988 1.54558 -0.253763 -0.967267 -0.000121713
30.2962 52.016 2.5306 -0.253652 -0.967296 -0.000244569
30.3501 52.0018 3.40555 -0.253732 -0.967274 -0.000123467
29.5533 52.2106 3.59492 -0.253536 -0.967326 -5.69769e-05
29.4779 52.2306 2.6197 -0.253491 -0.967338 -9.99794e-05
29.514 52.2212 1.65589 -0.253444 -0.96735 1.57704e-05
29.6571 52.1839 0.588184 -0.253551 -0.967322 -0.000118895
29.6156 52.1948 -0.47178 -0.25356 -0.96732 -4.66655e-05
29.6235 52.1928 -1.63904 -0.253407 -0.96736 8.79476e-05
29.6993 52.1728 -2.5257 -0.253564 -0.967319 0.000124006
29.77 52.1542 -3.4737 -0.253472 -0.967343 -7.06755e-05
29.7756 52.1528 -3.58036 -0.253358 -0.967373 -0.000174512
28.9205 52.3769 -3.40232 -0.253395 -0.967363 0.000127805
28.8266 52.4015 -2.39439 -0.253172 -0.967421 9.96503e-05
28.7427 52.4234 -1.50879 -0.253247 -0.967402 -0.000119576
28.772 52.4158 -0.475609 -0.253257 -0.967399 2.88752e-05
28.8414 52.3975 0.601298 -0.253269 -0.967396 -0.000136622
28.5753 52.4671 1.84464 -0.253233 -0.967405 -3.65992e-05
28.6578 52.4454 2.76456 -0.253317 -0.967383 3.02843e-05
28.7502 52.4211 3.61374 -0.253401 -0.967361 -0.000157574
27.9661 52.6263 3.56846 -0.25313 -0.967432 -7.10349e-05
27.7508 52.6827 2.51581 -0.253037 -0.967457 -0.000113404
27.8028 52.6692 1.40956 -0.253029 -0.967459 -7.33708e-05
28.0189 52.6128 0.469639 -0.253192 -0.967416 -0.000297298
27.8444 52.6584 -0.590773 -0.252954 -0.967478 -9.01599e-06
27.8926 52.6458 -1.57128 -0.252807 -0.967517 -1.3733e-05
27.9307 52.6359 -2.51004 -0.253026 -0.967459 8.08373e-05
28.0591 52.6023 -3.64866 -0.252918 -0.967488 -0.000107039
26.9956 52.8803 -3.53047 -0.25285 -0.967506 -0.000191117
26.9949 52.8804 -2.41254 -0.252732 -0.967536 -0.000216563
26.9813 52.884 -1.47622 -0.252867 -0.967501 -0.000114767
26.8893 52.908 -0.561032 -0.252709 -0.967542 -0.000167505
27.1263 52.846 0.32606 -0.252673 -0.967552 -0.000126519
26.9716 52.8864 1.2833 -0.252893 -0.967494 2.73528e-05
26.8633 52.9147 2.29932 -0.25262 -0.967566 -0.000119416
27.1006 52.8526 3.22705 -0.252808 -0.967516 -2.60186e-05
27.1258 52.846 3.37943 -0.252784 -0.967523 -5.40127e-05
26.1031 53.1132 3.53147 -0.252592 -0.967573 -3.40164e-05
26.1007 53.1138 2.6102 -0.252485 -0.967601 -6.28816e-05
26.1007 53.1139 1.66341 -0.252624 -0.967565 -0.000109054
26.1007 53.1139 0.761355 -0.252706 -0.967543 5.61975e-05
26.1007 53.114 -0.262911 -0.252603 -0.96757 0.000104238
26.1007 53.114 -1.29252 -0.252534 -0.967588 -8.83134e-05
26.1007 53.114 -2.33469 -0.252724 -0.967538 -1.97539e-05
26.1007 53.1141 -3.65344 -0.252634 -0.967562 -9.62974e-05
25.2861 53.3267 -3.41076 -0.25257 -0.967579 -2.70912e-05
25.2301 53.3413 -2.44942 -0.252423 -0.967617 1.57537e-05
25.2728 53.3302 -1.36146 -0.252492 -0.967599 -4.76109e-05
25.2057 53.3476 -0.308786 -0.252677 -0.967551 0.000103696
25.1164 53.371 0.714649 -0.252583 -0.967575 -5.46444e-05
25.3206 53.3175 1.98314 -0.252634 -0.967562 -0.000100387
25.2281 53.3416 2.91671 -0.252475 -0.967603 -0.000166966
25.1785 53.3545 3.41064 -0.252813 -0.967515 9.76617e-05
24.4034 53.5569 3.35498 -0.252549 -0.967584 0.000144354
24.4648 53.5409 2.40086 -0.252553 -0.967583 -8.154e-05
24.3412 53.5731 1.52028 -0.252462 -0.967607 -0.000121933
24.2312 53.6019 0.492575 -0.252546 -0.967585 7.00909e-06
24.3631 53.5675 -0.492703 -0.252544 -0.967585 0.000108645
24.4834 53.5362 -1.38766 -0.252334 -0.96764 -3.64969e-05
24.444 53.5464 -2.54055 -0.252339 -0.967639 -0.000218754
24.4639 53.5413 -3.60849 -0.252498 -0.967597 -5.10591e-05
23.6124 53.7635 -3.59931 -0.252541 -0.967586 -6.68958e-06
23.6374 53.7569 -2.64737 -0.252455 -0.967609 -7.57477e-05
23.6822 53.7452 -1.6609 -0.252283 -0.967653 -2.17026e-06
23.5064 53.791 -0.392484 -0.252472 -0.967604 -9.03905e-05
23.4118 53.8157 0.844255 -0.252483 -0.967601 -0.000114712
23.5455 53.7808 1.84283 -0.25246 -0.967607 -3.43981e-05
23.6127 53.7633 2.74814 -0.252265 -0.967658 7.95062e-05
23.6083 53.7644 3.31245 -0.252564 -0.96758 7.02811e-05
22.7705 53.9829 3.56187 -0.25249 -0.9676 -2.82874e-05
22.7589 53.9859 2.43835 -0.252457 -0.967608 4.95916e-05
22.6254 54.0208 1.35831 -0.252344 -0.967638 4.78726e-05
22.6052 54.0261 0.322701 -0.252361 -0.967633 0.000112641
22.7112 53.9985 -0.653895 -0.2522 -0.967675 -6.80763e-05
22.8442 53.9638 -1.55627 -0.252433 -0.967614 6.52084e-05
22.8224 53.9695 -2.73909 -0.25234 -0.967639 2.4963e-05
22.8138 53.9717 -3.22958 -0.25224 -0.967665 -1.06751e-06
21.9724 54.1912 -3.43011 -0.252423 -0.967617 0.000143067
22.0152 54.1801 -2.32717 -0.252495 -0.967598 4.75007e-05
21.971 54.1915 -1.31667 -0.252435 -0.967614 -1.86246e-05
21.8001 54.2361 -0.256636 -0.252429 -0.967615 3.62509e-05
21.7726 54.2432 0.961599 -0.252372 -0.96763 -3.83735e-06
21.8702 54.2178 1.88205 -0.252436 -0.967614 1.96754e-05
21.9283 54.2026 2.77057 -0.252413 -0.967619 -5.64516e-05
21.9367 54.2005 3.51896 -0.252366 -0.967632 -3.00048e-05
21.0812 54.4235 3.30779 -0.252533 -0.967588 9.85307e-05
21.0551 54.4304 2.13699 -0.252496 -0.967598 0.000119281
20.9712 54.4523 1.10038 -0.252412 -0.96762 -8.04678e-06
20.9595 54.4553 0.0186374 -0.252414 -0.967619 -0.000117532
21.0708 54.4264 -0.970634 -0.252616 -0.967567 -8.64232e-05
21.1575 54.4038 -1.94995 -0.252401 -0.967623 0.000150664
21.1571 54.4038 -2.93285 -0.252415 -0.967619 -7.47083e-05
21.1183 54.414 -3.47731 -0.252419 -0.967618 -0.000109847
20.2881 54.6306 -3.42707 -0.252484 -0.967601 4.78344e-05
20.3267 54.6205 -2.24098 -0.252587 -0.967574 5.96188e-05
20.2431 54.6423 -0.978771 -0.252385 -0.967627 -2.78654e-05
20.135 54.6704 0.1836 -0.252379 -0.967629 -2.0146e-05
20.1515 54.6661 1.11402 -0.25227 -0.967657 -0.000152665
20.2216 54.6478 2.035 -0.252412 -0.96762 7.13013e-05
20.2448 54.6417 2.93408 -0.252463 -0.967606 2.25261e-05
20.2459 54.6415 3.42435 -0.252332 -0.967641 -1.11191e-05
19.4177 54.8575 3.52876 -0.252485 -0.967601 -9.09701e-05
19.4055 54.8607 2.63235 -0.252462 -0.967607 -0.000103114
19.3769 54.8682 1.72217 -0.252472 -0.967604 -0.000157965
19.3186 54.8834 0.58957 -0.252458 -0.967608 5.5971e-05
19.336 54.879 -0.352418 -0.252542 -0.967586 -3.47381e-05
19.4511 54.8489 -1.34822 -0.252682 -0.967549 -8.8941e-05
19.4863 54.8398 -2.53451 -0.252367 -0.967632 7.35652e-05
19.4494 54.8494 -3.52357 -0.252476 -0.967603 -9.61759e-05
19.4472 54.85 -3.58328 -0.252421 -0.967618 -6.68742e-05
18.6387 55.0609 -3.33583 -0.252426 -0.967616 -4.73848e-05
18.6497 55.0581 -2.33234 -0.252429 -0.967615 -5.01927e-05
18.6223 55.0652 -1.38245 -0.252345 -0.967637 8.81011e-05
18.5381 55.0871 -0.469916 -0.252575 -0.967577 -0.000124283
17.5633 55.3414 1.19439 -0.252527 -0.96759 -7.56131e-05
17.5052 55.3566 -0.0162175 -0.252596 -0.967572 9.72023e-05
17.5168 55.3536 -1.22589 -0.252498 -0.967597 -9.28614e-05
17.5267 55.3511 -2.41264 -0.252426 -0.967616 4.08961e-05
17.5425 55.3469 -3.81251 -0.252623 -0.967565 4.78374e-07
18.177 55.1814 -4.63729 -0.252497 -0.967598 -4.56253e-05
19.231 54.9064 -4.64274 -0.252408 -0.967621 -6.35212e-05
20.4408 54.5907 -4.69888 -0.252389 -0.967626 4.17815e-05
21.6011 54.288 -4.69766 -0.252676 -0.967551 -1.52873e-05
22.6345 54.0186 -4.66578 -0.252319 -0.967644 -1.96513e-05
23.8566 53.6999 -4.67895 -0.252522 -0.967591 2.25444e-05
24.9967 53.4023 -4.68119 -0.252305 -0.967648 -3.6999e-06
26.0589 53.1251 -4.7433 -0.252546 -0.967585 -7.73209e-05
27.2428 52.8159 -4.78159 -0.252902 -0.967492 -0.000139634
28.3615 52.5232 -4.75347 -0.253213 -0.967411 6.58776e-05
29.3974 52.252 -4.74408 -0.253357 -0.967373 -6.90083e-05
30.5432 51.9517 -4.72992 -0.25347 -0.967343 -0.000101558
31.8871 51.5986 -4.63002 -0.254308 -0.967123 -9.13531e-05
33.3413 51.216 -4.66382 -0.254577 -0.967053 -0.000186778
34.3668 50.9457 -4.62398 -0.25495 -0.966954 -4.54983e-05
34.8763 50.8114 -3.62315 -0.254979 -0.966946 -9.47266e-06
34.8592 50.8161 -2.46694 -0.255047 -0.966929 0.000131634
34.8664 50.8142 -1.0732 -0.255177 -0.966894 -2.12443e-05
34.8699 50.8133 0.0914909 -0.255089 -0.966918 -0.000124933
34.8312 50.8233 1.17401 -0.255446 -0.966823 -0.000211238
34.7721 50.8388 2.28499 -0.255385 -0.966839 -3.34661e-05
34.7813 50.8361 3.6603 -0.255277 -0.966868 -0.000269025
34.3473 50.9504 4.64937 -0.255107 -0.966913 -3.19805e-05
33.2036 51.2521 4.68036 -0.254804 -0.966993 -0.000392001
32.1007 51.542 4.69108 -0.254068 -0.967186 0.000173899
30.9056 51.8559 4.68659 -0.253771 -0.967264 0.000140321
29.8469 52.1336 4.66924 -0.253682 -0.967288 -0.000175908
28.6443 52.4487 4.67481 -0.253326 -0.967381 -6.40207e-05
27.353 52.7865 4.68051 -0.252961 -0.967476 -1.62708e-05
26.3196 53.0565 4.67771 -0.252731 -0.967537 8.04141e-06
25.1764 53.355 4.66839 -0.252515 -0.967593 -2.4948e-05
23.9273 53.6811 4.62332 -0.252463 -0.967607 -2.17392e-05
22.8236 53.9691 4.65721 -0.252356 -0.967634 -0.000114213
21.6796 54.2674 4.64252 -0.252301 -0.967649 -0.000107874
20.379 54.6068 4.62896 -0.252554 -0.967583 -0.000123126
19.3034 54.8873 4.62538 -0.25241 -0.96762 -0.000162195
18.1574 55.1864 4.59222 -0.25246 -0.967607 3.04033e-05
17.5441 55.3464 3.77195 -0.252571 -0.967578 2.28643e-05
17.5313 55.3498 2.67294 -0.25249 -0.9676 3.50763e-05
17.5473 55.3456 1.66591 -0.252405 -0.967622 -2.47721e-05
16.5162 55.6147 1.83709 -0.2526 -0.967571 0.000106668
16.5158 55.6147 3.01845 -0.252633 -0.967562 5.00418e-05
16.5043 55.6178 4.36304 -0.252556 -0.967582 7.89302e-05
16.6572 55.5779 5.52587 -0.252508 -0.967595 0.00015147
17.9532 55.2397 5.6915 -0.252351 -0.967636 5.7922e-05
19.0502 54.9533 5.67738 -0.252452 -0.967609 0.000166385
20.3497 54.6143 5.69246 -0.252427 -0.967616 8.16193e-05
21.4213 54.3348 5.69734 -0.252462 -0.967607 5.59663e-05
22.4805 54.0586 5.70459 -0.252451 -0.96761 7.95903e-05
23.6927 53.7423 5.67813 -0.252449 -0.96761 6.15087e-05
25.0154 53.3971 5.71375 -0.252737 -0.967535 0.000112213
26.1831 53.0922 5.73552 -0.252686 -0.967548 -6.05598e-05
27.3776 52.7801 5.73883 -0.252958 -0.967477 -4.90911e-06
28.461 52.4967 5.73199 -0.253345 -0.967376 4.67425e-05
29.8104 52.1433 5.72604 -0.253478 -0.967341 0.000207749
30.9352 51.8483 5.74087 -0.253913 -0.967227 0.000245106
32.0093 51.5662 5.7356 -0.254486 -0.967076 0.000164482
33.2598 51.237 5.72429 -0.254704 -0.967019 2.78641e-05
34.3117 50.9597 5.74653 -0.255105 -0.966913 5.76365e-05
35.4916 50.6481 5.6676 -0.25533 -0.966854 -0.000122256
35.8607 50.5507 4.73166 -0.255525 -0.966803 -0.000146391
35.7971 50.5678 3.627 -0.255547 -0.966797 -0.000325628
35.8054 50.5658 2.49747 -0.255696 -0.966757 -0.00019681
35.8469 50.555 1.12142 -0.255352 -0.966848 -0.000241218
35.9037 50.5403 -0.110138 -0.25526 -0.966872 -3.45665e-05
35.8624 50.5514 -1.32411 -0.255389 -0.966838 1.00961e-05
35.8649 50.5508 -2.61694 -0.255407 -0.966834 -3.33752e-05
35.8922 50.5435 -3.68911 -0.255263 -0.966872 4.76519e-05
35.8363 50.5581 -4.8827 -0.25503 -0.966933 7.62571e-05
35.0924 50.7543 -5.73747 -0.255285 -0.966866 0.000134809
33.9666 51.0513 -5.7531 -0.254986 -0.966945 -7.06237e-05
32.8401 51.348 -5.70485 -0.254529 -0.967065 -5.77043e-05
31.4192 51.7216 -5.737 -0.254152 -0.967164 -8.42768e-05
30.1748 52.0484 -5.77338 -0.253773 -0.967264 -0.000386993
28.852 52.395 -5.77534 -0.253372 -0.967369 -5.53535e-05
27.6626 52.7062 -5.83697 -0.253189 -0.967417 -0.000117033
26.5767 52.9901 -5.79187 -0.252583 -0.967575 -0.000351166
25.5393 53.2609 -5.75466 -0.252493 -0.967599 -0.000140026
24.3117 53.5812 -5.7435 -0.252343 -0.967638 -3.97321e-05
23.0141 53.9196 -5.73938 -0.252312 -0.967646 -0.000119704
21.8179 54.2315 -5.75425 -0.25239 -0.967626 -6.40985e-05
20.6843 54.5272 -5.76109 -0.252356 -0.967634 0.000252551
19.5434 54.8249 -5.72493 -0.252436 -0.967614 8.49398e-05
18.5058 55.0956 -5.71301 -0.252331 -0.967641 5.39822e-05
17.4379 55.3743 -5.73368 -0.252567 -0.967579 -0.000102992
16.4839 55.6232 -5.12722 -0.252523 -0.967591 -1.88819e-05
16.5084 55.6168 -4.05575 -0.252333 -0.96764 7.16247e-06
16.5396 55.6086 -2.986 -0.252517 -0.967592 -0.000135331
16.5053 55.6176 -1.84266 -0.252489 -0.9676 8.56536e-05
16.5016 55.6185 -0.639068 -0.252355 -0.967635 -6.6941e-05
16.5101 55.6163 0.685365 -0.252397 -0.967624 -1.19194e-05
16.5129 55.6155 1.4673 -0.252539 -0.967587 5.70726e-06
15.4906 55.8824 1.45426 -0.252514 -0.967593 1.38528e-06
15.4804 55.885 0.280742 -0.252626 -0.967564 -0.000117151
15.4697 55.8878 -1.04365 -0.252662 -0.967555 2.64131e-05
15.487 55.8833 -2.12328 -0.252455 -0.967609 -9.30669e-05
15.5121 55.8768 -3.33277 -0.252405 -0.967622 -7.97026e-06
15.4473 55.8937 -4.47891 -0.252588 -0.967574 -0.000100697
15.4063 55.9044 -5.65258 -0.252452 -0.967609 -0.000146257
15.8911 55.7778 -6.81205 -0.25253 -0.967589 1.328e-05
17.257 55.4215 -6.84035 -0.252587 -0.967574 -9.96989e-06
18.3824 55.1278 -6.81676 -0.252444 -0.967611 -1.64163e-05
19.7279 54.7767 -6.80885 -0.252544 -0.967585 7.7468e-06
20.9593 54.4555 -6.80215 -0.252433 -0.967614 0.000106446
22.0016 54.1836 -6.81797 -0.252412 -0.96762 0.000187356
23.1537 53.8832 -6.79083 -0.252208 -0.967673 7.31256e-05
24.3821 53.5629 -6.80921 -0.252344 -0.967638 -6.42758e-05
25.4202 53.2921 -6.81876 -0.252414 -0.967619 -0.000196541
26.6085 52.9821 -6.83143 -0.252726 -0.967538 -0.000368659
27.7004 52.6964 -6.86458 -0.253146 -0.967428 -0.000205822
29.018 52.3515 -6.80807 -0.253288 -0.967391 -5.3927e-05
30.2172 52.0375 -6.81681 -0.25348 -0.967341 -0.000191928
31.3659 51.7358 -6.80261 -0.254134 -0.967169 -0.000340858
32.4759 51.4439 -6.76971 -0.254529 -0.967065 -0.000302883
33.7206 51.1163 -6.80774 -0.254975 -0.966947 -0.000428039
34.7986 50.8318 -6.8421 -0.25533 -0.966854 -3.89812e-07
35.8824 50.5456 -6.81592 -0.255503 -0.966808 0.000113228
36.8301 50.2953 -6.40565 -0.255475 -0.966816 0.000330326
36.8812 50.2823 -5.30499 -0.255106 -0.966913 0.000446932
36.8876 50.2809 -4.2365 -0.255237 -0.966879 2.39808e-05
36.9146 50.2737 -3.11096 -0.25508 -0.96692 3.11104e-05
36.8858 50.2812 -1.88959 -0.255346 -0.96685 -0.000278864
36.9092 50.2747 -0.538831 -0.255478 -0.966815 2.09425e-05
36.9044 50.2758 0.556762 -0.255514 -0.966805 -0.000232009
36.8565 50.2882 1.84329 -0.255381 -0.96684 -0.000267655
36.8377 50.2927 2.92309 -0.255658 -0.966767 -4.83234e-05
36.854 50.2881 4.17903 -0.255743 -0.966745 -0.000369346
36.891 50.2783 5.38749 -0.255536 -0.966799 8.21015e-05
36.7269 50.3217 6.63969 -0.255388 -0.966839 -0.000154968
35.438 50.6621 6.82179 -0.255364 -0.966845 -0.000225182
33.9264 51.0615 6.78426 -0.254988 -0.966944 0.000389793
32.8199 51.3531 6.77838 -0.254773 -0.967001 0.000496024
31.747 51.6353 6.78913 -0.254275 -0.967132 0.000448419
30.4204 51.9837 6.78119 -0.253505 -0.967334 0.000516651
29.3534 52.2632 6.78213 -0.253383 -0.967366 0.000430829
28.0787 52.5968 6.78859 -0.252946 -0.96748 0.000273288
26.8054 52.9297 6.76618 -0.25278 -0.967524 9.87727e-05
25.7045 53.2172 6.79297 -0.252598 -0.967571 8.28177e-05
24.5796 53.5109 6.75774 -0.252603 -0.96757 0.000157732
23.5221 53.7868 6.72281 -0.252408 -0.967621 -1.87113e-05
22.4111 54.0766 6.76274 -0.252285 -0.967653 5.55842e-05
21.3393 54.3562 6.75658 -0.252375 -0.96763 -2.74491e-05
20.0286 54.698 6.77741 -0.252462 -0.967607 -5.56145e-05
18.9567 54.9777 6.75722 -0.252519 -0.967592 -3.9987e-05
17.7819 55.2843 6.76843 -0.252597 -0.967572 -0.000145854
16.7247 55.5602 6.77628 -0.252729 -0.967537 5.79155e-05
15.6843 55.8318 6.72465 -0.252577 -0.967577 -0.000209714
15.4948 55.8813 5.69391 -0.252469 -0.967605 0.000201884
15.4602 55.8903 4.60514 -0.252707 -0.967543 9.28621e-05
15.4828 55.8844 3.28147 -0.252478 -0.967603 -9.88544e-05
15.5002 55.8798 2.14657 -0.252603 -0.96757 -7.62529e-05
15.4883 55.883 1.75932 -0.252411 -0.96762 1.87392e-05
