-11.4052 47.2105 3.237 0.247659 -0.968847 -0.000686746
-11.4311 47.2042 2.21128 0.247754 -0.968823 -0.000345819
-11.4706 47.1957 1.12743 0.249057 -0.968486 -0.00242308
-11.4197 47.2116 -0.134981 0.248466 -0.96864 -0.00125762
-11.461 47.2025 -1.22257 0.247915 -0.968781 -0.00122633
-11.4617 47.2037 -2.48167 0.248954 -0.968514 -0.00141192
-11.5098 47.1923 -3.25752 0.248858 -0.968539 -0.00146981
-12.3692 46.9727 -3.36572 0.246377 -0.969172 -0.0017703
-12.3534 46.9753 -2.32071 0.24761 -0.968859 -0.000816419
-12.3585 46.9733 -1.39342 0.246098 -0.969244 -0.000851568
-12.2869 46.9902 -0.199376 0.245987 -0.969272 -0.00142619
-12.308 46.9826 0.836655 0.244932 -0.969537 -0.0025796
-12.3138 46.9793 1.98317 0.244819 -0.969569 -0.000639503
-12.2671 46.9905 3.0173 0.24651 -0.96914 -0.000151406
-12.274 46.9888 3.54248 0.246172 -0.969226 -0.000162452
-13.1459 46.769 3.21048 0.242604 -0.970125 -0.000568669
-13.1945 46.7576 2.03155 0.242119 -0.970246 -0.00131962
-13.1781 46.7637 1.06178 0.242093 -0.97025 -0.00220339
-13.1546 46.7708 0.0215084 0.243961 -0.969784 -0.00144153
-13.2232 46.7543 -1.1464 0.244516 -0.969645 -0.00083319
-13.2549 46.7473 -2.10791 0.244044 -0.969764 -0.000706289
-13.2472 46.7506 -3.25963 0.241731 -0.970342 -0.00127372
-13.2439 46.7516 -3.57703 0.243251 -0.969961 -0.00150533
-14.1155 46.5344 -3.19325 0.241191 -0.970477 -0.000871003
-14.1345 46.5282 -2.22865 0.240721 -0.970593 -0.00120885
-14.0816 46.5405 -1.26822 0.240358 -0.970684 -0.00030659
-14.0324 46.5518 -0.331632 0.240477 -0.970653 0.000704948
-14.0314 46.5522 0.787871 0.239336 -0.970937 -3.26199e-05
-14.0441 46.5471 1.72864 0.240225 -0.970716 -0.0017271
-14.0405 46.547 2.96693 0.239909 -0.970795 -0.00063163
-14.0175 46.5524 3.4532 0.240042 -0.970762 -0.000183028
-14.894 46.3367 3.2285 0.238503 -0.971141 -0.00069026
-14.9252 46.331 2.01985 0.235534 -0.971865 -0.00142977
-14.9109 46.3356 1.08964 0.237413 -0.971408 -0.000886959
-14.8821 46.3432 0.135141 0.23716 -0.971471 -0.000300706
-14.9417 46.3285 -0.974267 0.23815 -0.971228 -0.000237249
-15.0054 46.3142 -2.00672 0.237898 -0.97129 -0.000843952
-14.999 46.3169 -3.19019 0.239109 -0.970992 -0.000737216
-14.9916 46.3186 -3.6111 0.237662 -0.971346 -0.000421672
-15.8997 46.0986 -3.58224 0.234554 -0.972103 -1.22446e-05
-15.8802 46.1024 -2.56922 0.233908 -0.972256 -0.00220717
-15.8403 46.1102 -1.34268 0.23483 -0.972036 0.000140195
-15.7604 46.1299 -0.0401773 0.234629 -0.972085 -0.000714112
-15.7823 46.1233 1.3266 0.232899 -0.972499 -0.00034859
-15.8037 46.1184 2.31499 0.233673 -0.972314 -0.00140384
-15.7705 46.1252 3.2393 0.234425 -0.972133 -0.00152431
-16.6351 45.9213 3.4873 0.225633 -0.974212 -0.000997641
-16.6841 45.9101 2.50708 0.228178 -0.973619 0.000295975
-16.647 45.918 1.26073 0.226523 -0.974004 -8.64867e-05
-16.6148 45.9269 0.271323 0.227501 -0.973777 -0.000516631
-16.6783 45.9123 -0.801889 0.229511 -0.973306 -0.000617539
-16.7414 45.898 -1.82981 0.227954 -0.973672 -0.000779746
-16.7791 45.8897 -2.81801 0.230401 -0.973095 3.28251e-05
-16.7845 45.8875 -3.63446 0.227506 -0.973777 -0.000247463
-17.6634 45.6822 -3.51254 0.225743 -0.974184 -0.00131246
-17.661 45.6835 -2.38099 0.224228 -0.974537 -2.91348e-05
-17.5758 45.7033 -1.13412 0.224883 -0.974385 -0.000838879
-17.5234 45.7158 -0.145576 0.223197 -0.974773 5.50633e-05
-17.5084 45.7193 1.01193 0.223855 -0.974622 0.000624225
-17.5596 45.7066 1.95291 0.224671 -0.974432 -0.00204028
-17.5486 45.7087 3.106 0.221523 -0.975147 0.00387097
-17.5082 45.7194 3.53433 0.222028 -0.975037 0.0021074
-18.386 45.5206 3.49782 0.21602 -0.976389 0.000293223
-18.4584 45.5052 2.08088 0.216531 -0.976275 -0.000201462
-18.3855 45.5202 1.01011 0.213945 -0.976845 0.00122573
-18.3872 45.52 -0.0846417 0.218454 -0.975846 0.00113223
-18.4455 45.5054 -1.09839 0.217686 -0.976018 0.00132691
-18.4941 45.4944 -2.06499 0.219014 -0.975721 -0.000889535
-18.5524 45.4823 -3.14221 0.217361 -0.976091 0.000116198
-18.5527 45.4822 -3.23162 0.217065 -0.976157 0.000764625
-19.4662 45.2816 -3.30289 0.211057 -0.977471 0.00198836
-19.4065 45.2944 -2.36402 0.211236 -0.977434 -0.00109411
-19.3253 45.3124 -1.21944 0.210509 -0.977589 0.00253185
-19.2816 45.3248 -0.222197 0.209845 -0.977733 0.00187707
-19.2412 45.3347 1.13777 0.212078 -0.977252 -0.000235265
-19.3412 45.3129 2.08162 0.207645 -0.978204 0.000821073
-19.3378 45.3125 3.03092 0.209677 -0.977768 0.000427654
-19.2504 45.3311 3.53922 0.212816 -0.977092 0.000167375
-20.1317 45.1458 3.43602 0.203193 -0.979138 -0.000403756
-20.2649 45.117 2.36115 0.206202 -0.978508 0.000231363
-20.112 45.1496 1.34255 0.203827 -0.979005 0.000690026
-20.1381 45.1433 0.359821 0.206808 -0.978381 0.000780411
-20.2436 45.1181 -0.755319 0.20288 -0.979196 0.0019089
-20.2334 45.1188 -1.74927 0.202248 -0.979333 0.00183642
-20.4005 45.0828 -2.90463 0.205345 -0.978688 0.00102474
-20.3249 45.0973 -3.46676 0.207143 -0.978305 0.0033713
-21.2079 44.9159 -3.53647 0.192312 -0.981332 0.00200693
-21.1963 44.9195 -2.60687 0.194974 -0.980807 0.0016281
-21.1386 44.9337 -1.57185 0.199156 -0.979965 0.00229391
-21.2001 44.9235 -0.61925 0.195134 -0.980766 -0.000665465
-21.0946 44.9459 0.356169 0.197863 -0.980217 0.00382356
-21.0053 44.9686 1.35893 0.195191 -0.980763 0.000407613
-21.2224 44.9242 2.5059 0.189633 -0.981841 -0.00113664
-20.9987 44.9699 3.41846 0.189119 -0.981943 0.00399117
-22.1233 44.7542 3.56302 0.184055 -0.982914 0.00128683
-22.1187 44.7551 2.3459 0.18553 -0.982638 0.00140484
-22.1233 44.7534 1.41753 0.183083 -0.983096 0.00127947
-22.1233 44.7504 0.393093 0.181652 -0.983353 0.00448427
-22.1233 44.747 -0.769575 0.179162 -0.983816 0.00171928
-22.1233 44.744 -1.93494 0.184686 -0.982795 0.00213196
-22.1233 44.7412 -3.04366 0.182814 -0.983147 0.000881787
-22.1233 44.7406 -3.38279 0.183822 -0.982956 0.00246325
-22.9899 44.5847 -3.59511 0.172822 -0.984952 0.00111681
-23.0984 44.5671 -2.54609 0.17099 -0.985272 0.000748288
-23.1205 44.5648 -1.62281 0.165761 -0.986149 0.0054898
-23.1434 44.5678 -0.618546 0.168499 -0.9857 0.00133013
-23.1056 44.5733 0.463879 0.164623 -0.986354 0.00060897
-23.2179 44.5586 1.36664 0.164789 -0.98632 0.0037497
-23.1044 44.5794 2.41796 0.175059 -0.984557 0.000933667
-23.1846 44.5642 3.34583 0.17152 -0.98518 -0.000472417
-23.1888 44.5634 3.45282 0.169632 -0.985504 0.000769911
-24.1096 44.4145 3.58263 0.154402 -0.988002 0.00232649
-24.1622 44.4019 2.43779 0.15353 -0.988144 -0.000411128
-24.089 44.4138 1.29476 0.149482 -0.988764 -0.00080898
-23.9635 44.4332 0.355971 0.150366 -0.98863 -0.000346004
-24.0474 44.4195 -0.57595 0.149842 -0.988701 0.00420347
-23.9995 44.4213 -1.58908 0.155095 -0.98788 0.00566702
-23.9825 44.4218 -2.7236 0.156069 -0.987746 0.000473069
-23.9239 44.431 -3.54574 0.158707 -0.987326 0.000163929
-24.8132 44.2928 -3.62063 0.149674 -0.988731 0.00254356
-24.8615 44.2938 -2.38146 0.141509 -0.989922 0.00519207
-24.9031 44.2864 -1.3902 0.146171 -0.989259 0.000355897
-24.8957 44.2924 -0.257803 0.143069 -0.989712 0.00120611
-24.8619 44.2984 0.683655 0.143494 -0.989645 0.00069767
-25.0725 44.2653 1.87468 0.143528 -0.989643 -0.00236499
-25.0644 44.2699 2.88774 0.134671 -0.990876 0.00525512
-25.0202 44.2789 3.48873 0.137193 -0.990539 0.00210273
-25.9308 44.1581 3.49526 0.123199 -0.992379 0.00247199
-25.9845 44.1468 2.47218 0.127029 -0.99188 0.00589035
-25.9316 44.1504 1.49531 0.12164 -0.992561 -0.00284935
-25.7768 44.1697 0.185983 0.124883 -0.992152 0.00556947
-25.7822 44.1687 -0.743131 0.13479 -0.990871 -0.00131672
-25.7752 44.1676 -1.71691 0.12714 -0.991884 7.20288e-05
-25.7193 44.1711 -2.79159 0.121621 -0.992524 0.0102368
-25.72 44.165 -3.5936 0.135774 -0.990738 0.00208921
-26.5852 44.0602 -3.65018 0.116587 -0.993171 0.00435327
-26.5987 44.0639 -2.69373 0.116826 -0.993146 0.00340293
-26.6646 44.0609 -1.70361 0.117891 -0.993011 0.00204479
-26.6774 44.0585 -0.654542 0.111281 -0.993789 0.000485809
-26.707 44.0568 0.277259 0.110641 -0.99385 0.00453149
-26.796 44.0518 1.28557 0.108127 -0.994134 0.0021253
-26.8686 44.0445 2.45423 0.110965 -0.993823 0.00150121
-26.8025 44.0554 3.5102 0.111074 -0.993805 0.00369298
-27.6881 43.9587 3.4798 0.100801 -0.994897 0.0006476
-27.7526 43.952 2.29628 0.0990339 -0.995083 0.00165363
-27.6702 43.9582 1.09433 0.101251 -0.99485 0.00457606
-27.5829 43.9635 -0.00736355 0.0983379 -0.995149 0.00282901
-27.5744 43.9623 -1.09634 0.100647 -0.994921 0.00134146
-27.5202 43.9646 -2.34611 0.100313 -0.994949 0.00334142
-27.4764 43.962 -3.51526 0.104474 -0.994493 0.00598427
-27.475 43.962 -3.59589 0.109124 -0.994024 0.00273921
-28.3954 43.8734 -3.39655 0.0978645 -0.99519 0.00425703
-28.424 43.876 -2.23775 0.0948778 -0.995485 0.00291579
-28.4442 43.8763 -1.30237 0.0939982 -0.995564 0.0035411
-28.4931 43.8747 -0.349025 0.0904892 -0.995894 -0.000145832
-28.534 43.8726 0.612435 0.0881882 -0.996097 0.00310257
-28.6334 43.8677 1.72749 0.0917274 -0.995777 0.00362274
-28.6406 43.867 2.7982 0.0920141 -0.995757 -0.0010325
-28.5818 43.872 3.56082 0.0951073 -0.995467 0.000525104
-29.4849 43.791 3.53322 0.0842754 -0.996441 -0.00108977
-29.5249 43.79 2.35524 0.082456 -0.996589 -0.00335826
-29.4826 43.7934 1.3415 0.0816153 -0.99666 0.00241492
-29.4195 43.7959 0.359796 0.08162 -0.996654 0.00446841
-29.3951 43.7944 -0.595589 0.0876719 -0.996145 0.00288972
-29.3355 43.796 -1.52536 0.0855209 -0.996328 0.0039774
-29.3155 43.7957 -2.49835 0.0798675 -0.996804 0.000834269
-29.2932 43.795 -3.5227 0.0843993 -0.996431 0.00117157
-29.2927 43.7949 -3.54336 0.0780533 -0.996927 0.0046226
-30.2052 43.7284 -3.63818 0.065465 -0.997853 -0.0015603
-30.2061 43.7264 -2.45783 0.0709786 -0.997474 -0.00252173
-30.2214 43.7242 -1.38396 0.0761711 -0.997077 0.00460716
-30.3003 43.723 -0.403405 0.0711037 -0.997461 0.00251856
-30.353 43.7241 0.859587 0.0709136 -0.997469 0.00393088
-30.3914 43.7231 1.96715 0.0740371 -0.997254 -0.00189367
-30.3987 43.7216 3.02408 0.0738885 -0.997261 -0.00343907
-30.3564 43.7235 3.57338 0.0690459 -0.997613 0.000300625
-31.2702 43.6639 3.51394 0.0578769 -0.998323 0.000708892
-31.3003 43.6606 2.33075 0.0616817 -0.998095 0.00037768
-31.2761 43.6629 1.25804 0.0621978 -0.998063 -0.00125404
-31.1961 43.6664 0.00595127 0.0607832 -0.998147 0.0029795
-31.1325 43.6655 -1.13256 0.0613884 -0.998098 0.0055889
-31.1063 43.6656 -2.15315 0.0589822 -0.998252 -0.00101402
-31.1045 43.6691 -3.1004 0.0636732 -0.997966 -0.00284422
-31.1117 43.6697 -3.5853 0.0640189 -0.997947 -0.00152535
-31.9857 43.6205 -3.69475 0.0495437 -0.998769 -0.00209202
-32.0014 43.6169 -2.55533 0.0479101 -0.998846 -0.00320856
-32.0014 43.6176 -1.44911 0.051107 -0.998683 0.00449003
-32.0665 43.6148 -0.310266 0.0553201 -0.998468 -0.000708757
-32.1174 43.6115 0.65975 0.0546005 -0.998498 0.00223587
-32.1794 43.6116 1.6955 0.0521863 -0.998635 0.00141813
-32.1819 43.6119 2.65739 0.0522397 -0.998634 0.000781505
-32.1686 43.6132 3.34268 0.0507486 -0.998711 0.000426518
-33.058 43.5691 3.05911 0.0469349 -0.998898 0.000392145
-33.0908 43.5663 2.11206 0.0460677 -0.998937 0.0014659
-33.0331 43.5659 0.824809 0.0466764 -0.99891 0.000386178
-32.9604 43.5691 -0.185204 0.0445549 -0.999007 -0.000307206
-32.9185 43.5715 -1.36502 0.0451207 -0.998981 -0.000624277
-32.8976 43.5737 -2.31233 0.0466299 -0.998909 -0.00255334
-32.8729 43.5778 -3.47295 0.0469215 -0.998896 -0.00240057
-21.7539 44.8213 4.69724 0.187976 -0.982162 -0.00413155
-23.0573 44.585 4.65741 0.165098 -0.986262 -0.00551679
-24.2754 44.3888 4.63943 0.149539 -0.988756 -0.000354808
-25.4664 44.2189 4.65083 0.130735 -0.99141 0.000338222
-26.5344 44.0851 4.66018 0.112206 -0.993679 -0.00344589
-27.6881 43.9593 4.64555 0.102886 -0.994675 -0.00542921
-28.9254 43.8396 4.62484 0.0883182 -0.99608 -2.2365e-06
-30.0078 43.7486 4.68867 0.0776189 -0.996973 -0.000551911
-31.0852 43.6751 4.68845 0.0652167 -0.997866 -0.00177744
-32.3374 43.6043 4.72232 0.0524749 -0.998622 0.000375883
-33.4222 43.5507 4.66703 0.044083 -0.999028 2.14584e-05
-34.1222 43.5219 4.03602 0.038589 -0.999255 -0.00105856
-34.1557 43.5216 2.88186 0.0390524 -0.999237 -0.000274443
-34.1979 43.5192 1.73487 0.038328 -0.999261 -0.000449488
-34.1699 43.5202 0.547228 0.0358211 -0.999355 0.00232432
-34.1534 43.5196 -0.590314 0.0389139 -0.999242 -0.00138943
-34.2158 43.5205 -1.78319 0.0359917 -0.999347 -0.00311734
-34.1945 43.524 -3.22146 0.0344411 -0.999405 -0.00173314
-34.1019 43.5291 -4.32223 0.0352047 -0.999378 -0.00132605
-33.1818 43.5644 -4.71813 0.0420445 -0.999105 -0.00120372
-31.9297 43.6227 -4.73787 0.0538087 -0.998548 0.00169764
-30.8309 43.6861 -4.73083 0.0618413 -0.998082 0.0028242
-29.6645 43.7623 -4.68589 0.0719691 -0.997402 0.000293648
-28.5173 43.8577 -4.6952 0.0909865 -0.995838 0.00524921
-27.273 43.98 -4.74459 0.10692 -0.994213 0.0104334
-26.0096 44.1272 -4.65768 0.122768 -0.992392 0.00823253
-24.7627 44.2994 -4.66785 0.146168 -0.989237 0.00672854
-23.7098 44.4636 -4.67172 0.158682 -0.987322 0.00359679
-22.605 44.6495 -4.6741 0.172207 -0.985054 0.0035241
-21.4033 44.8758 -4.66184 0.191152 -0.98156 -0.000720628
-20.2521 45.1097 -4.69361 0.209581 -0.977789 -0.00144801
-19.0804 45.3638 -4.72399 0.21493 -0.976629 0.000597806
-17.6638 45.6837 -4.68555 0.22486 -0.974389 0.000253825
-16.3732 45.9861 -4.70732 0.231017 -0.972948 -0.00131132
-15.2021 46.2681 -4.71749 0.237014 -0.971505 -0.00114249
-14.0231 46.5586 -4.68782 0.241461 -0.97041 -0.000988982
-12.9194 46.835 -4.64521 0.243806 -0.969823 -0.00110805
-11.7793 47.1248 -4.64458 0.248408 -0.968655 -0.000788749
-10.4527 47.4664 -4.55922 0.250551 -0.968103 -0.00122991
-10.2369 47.5213 -3.48994 0.252019 -0.967722 -0.000949353
-10.2185 47.5243 -2.26184 0.252641 -0.967558 -0.00186899
-10.2269 47.52 -1.07781 0.251345 -0.967897 -0.00131217
-10.2383 47.516 0.172402 0.251214 -0.96793 -0.00142564
-10.2636 47.5066 1.44826 0.251229 -0.967925 -0.00228326
-10.2287 47.5143 2.54132 0.2507 -0.968064 -0.00111793
-10.2431 47.5093 3.66038 0.250113 -0.968215 -0.00167736
-10.6574 47.4011 4.63925 0.248631 -0.968597 -0.00139288
-11.7497 47.1215 4.65223 0.246621 -0.969112 -0.000666754
-12.8846 46.8343 4.61594 0.243298 -0.969951 -0.000524562
-13.9217 46.5757 4.6486 0.24106 -0.97051 -0.000211358
-15.242 46.2501 4.66694 0.238043 -0.971254 3.52388e-05
-16.545 45.94 4.68936 0.227657 -0.973738 -0.00142857
-17.694 45.6762 4.69823 0.221041 -0.975264 -0.000895399
-18.7883 45.4323 4.69428 0.212839 -0.977084 -0.00244073
-20.2173 45.1276 4.66953 0.202137 -0.979342 -0.000904087
-21.2673 44.9167 4.66351 0.194208 -0.98095 -0.00404581
-21.2067 44.9249 5.72547 0.195909 -0.98061 -0.00429891
-20.0395 45.1614 5.72015 0.204447 -0.978854 -0.00534408
-18.666 45.4563 5.75706 0.210669 -0.977534 -0.00556604
-17.4688 45.7256 5.71433 0.220984 -0.975266 -0.00477801
-16.3988 45.9731 5.7355 0.228284 -0.973588 -0.00326521
-15.2271 46.253 5.71787 0.235805 -0.971797 -0.00237828
-14.1975 46.5066 5.69313 0.240603 -0.970622 -0.00156753
-13.1063 46.7782 5.66823 0.242604 -0.970125 -0.00134915
-12.0758 47.0379 5.70144 0.245405 -0.96942 -0.000947728
-11.0216 47.3063 5.73732 0.246998 -0.969015 -0.00145984
-9.75389 47.631 5.73076 0.24978 -0.968299 -0.0027003
-9.18483 47.78 4.93716 0.250204 -0.96819 -0.00224676
-9.16383 47.7882 3.67673 0.250281 -0.96817 -0.00252076
-9.19652 47.7829 2.5341 0.252319 -0.967641 -0.00241578
-9.22884 47.7772 1.26714 0.253463 -0.967342 -0.00226894
-9.20735 47.7854 0.172559 0.253527 -0.967327 -0.00167579
-9.18839 47.7921 -1.10502 0.254042 -0.967192 -0.00167273
-9.18203 47.7954 -2.21762 0.253905 -0.967228 -0.00139102
-9.22047 47.7873 -3.43836 0.253884 -0.967233 -0.00190066
-9.20709 47.7927 -4.68771 0.254022 -0.967198 -0.00120498
-9.64522 47.6789 -5.67361 0.253091 -0.967442 -0.00105119
-10.8499 47.3648 -5.71952 0.251886 -0.967756 -0.000689869
-12.1236 47.0373 -5.69638 0.24669 -0.969094 0.000418378
-13.3808 46.7196 -5.71622 0.244187 -0.969728 0.000322131
-14.4162 46.4615 -5.7465 0.239105 -0.970994 -0.000114917
-15.5016 46.1955 -5.77296 0.235161 -0.971956 0.000806716
-16.5434 45.9463 -5.7533 0.23049 -0.973074 0.000620138
-17.8328 45.6443 -5.72408 0.225709 -0.97419 0.00276391
-19.0357 45.3719 -5.76969 0.218337 -0.975864 0.00408597
-20.2789 45.1026 -5.75771 0.208717 -0.977974 0.00170793
-21.4347 44.8671 -5.6995 0.190201 -0.981739 0.00304966
-22.5483 44.6546 -5.76536 0.178412 -0.983953 0.00249501
-23.7856 44.4457 -5.76207 0.161562 -0.986831 0.00751895
-24.8305 44.2819 -5.71218 0.144402 -0.989439 0.0122837
-25.9225 44.13 -5.71476 0.126641 -0.991854 0.0136647
-27.1728 43.9833 -5.79277 0.108633 -0.994062 0.00615986
-28.526 43.8504 -5.75346 0.0921387 -0.995731 0.00419848
-29.653 43.761 -5.742 0.0710794 -0.997468 0.00247225
-30.8006 43.6854 -5.76402 0.0588207 -0.998264 0.00167804
-32.1907 43.6093 -5.78221 0.050193 -0.998738 -0.00095054
-33.5342 43.5504 -5.76874 0.0402957 -0.999185 0.00224045
-34.9062 43.5001 -5.72851 0.0338892 -0.999415 0.0045086
-35.2132 43.4935 -4.68053 0.0293415 -0.999569 0.000659821
-35.2427 43.4915 -3.46197 0.0290555 -0.999574 -0.00276213
-35.2856 43.4868 -2.35264 0.0298836 -0.99955 -0.00278159
-35.2538 43.4838 -1.03895 0.0293467 -0.999564 -0.00323067
-35.2239 43.4849 0.169019 0.0306111 -0.999528 0.0024701
-35.2438 43.4832 1.53859 0.0316356 -0.999498 -0.000966
-35.2409 43.4821 2.84367 0.0324292 -0.999473 -0.00103447
-35.2396 43.4814 3.91582 0.0334601 -0.999439 -0.00060389
-35.1929 43.4824 5.24513 0.0324544 -0.999473 -0.000767628
-34.2004 43.5174 5.71791 0.0387644 -0.999242 -0.00358542
-33.0999 43.5628 5.76886 0.0453924 -0.998954 -0.00490692
-32.0395 43.6173 5.77075 0.0543399 -0.998513 -0.00406866
-30.9689 43.6804 5.71205 0.0630334 -0.998002 -0.00201088
-29.903 43.7563 5.71397 0.0736691 -0.997275 -0.00399703
-28.7294 43.8541 5.68908 0.0907929 -0.995849 -0.00418767
-27.2447 44.0008 5.7288 0.104472 -0.99448 -0.00977604
-25.862 44.1638 5.6935 0.1292 -0.991584 -0.00827981
-24.5941 44.3403 5.70796 0.147044 -0.98911 -0.00477065
-23.5248 44.5032 5.69709 0.160078 -0.987067 -0.00821398
-22.3392 44.708 5.72242 0.179271 -0.983786 -0.002935
-21.6204 44.843 5.73266 0.189818 -0.981794 -0.00542196
-21.6893 44.8227 6.78814 0.190883 -0.981585 -0.00722053
-20.5867 45.0431 6.77373 0.199012 -0.979964 -0.00792726
-19.2739 45.3151 6.77965 0.211444 -0.977331 -0.010065
-18.1609 45.5624 6.78423 0.221281 -0.975176 -0.00817496
-16.9222 45.8464 6.74565 0.227603 -0.973723 -0.00692998
-15.8852 46.0917 6.78584 0.231238 -0.972887 -0.00444932
-14.7215 46.3741 6.74703 0.239993 -0.970768 -0.00353225
-13.4472 46.6907 6.75378 0.243245 -0.969959 -0.00307356
-12.3437 46.9688 6.76977 0.24437 -0.969679 -0.00225392
-11.0844 47.2882 6.81405 0.245708 -0.969341 -0.00225339
-9.82965 47.6082 6.79268 0.249262 -0.968428 -0.00391066
-8.58293 47.9307 6.76435 0.252902 -0.967484 -0.00384172
-8.12733 48.0522 5.95453 0.253052 -0.967452 -0.00103478
-8.13507 48.0522 4.65826 0.250639 -0.968078 -0.00212508
-8.1049 48.064 3.54044 0.251816 -0.967765 -0.00449721
-8.16468 48.0539 2.11348 0.254212 -0.967141 -0.00365248
-8.17216 48.0555 1.02738 0.25477 -0.966998 -0.00256329
-8.17415 48.0583 -0.311812 0.256203 -0.966621 -0.00172776
-8.17658 48.0587 -1.47571 0.254787 -0.966996 -0.000955274
-8.18174 48.0592 -2.61113 0.254913 -0.966963 -0.00130668
-8.18495 48.0607 -4.03185 0.255196 -0.966888 -0.00189063
-8.20031 48.0581 -5.12225 0.255205 -0.966887 -0.000759849
-8.25608 48.044 -6.44004 0.25549 -0.966811 0.00057118
-9.33041 47.7613 -6.79895 0.254202 -0.96715 0.00123175
-10.3681 47.4904 -6.81194 0.25294 -0.967482 -0.000195062
-11.5093 47.1935 -6.79819 0.250095 -0.968219 0.00141904
-12.7173 46.8855 -6.75278 0.245668 -0.969346 0.00384806
-13.9141 46.5853 -6.7976 0.24187 -0.970306 0.00218106
-15.2304 46.2596 -6.82414 0.237588 -0.971363 0.00238734
-16.2649 46.0092 -6.79406 0.233418 -0.972346 0.00769285
-17.4855 45.7212 -6.78518 0.224887 -0.974372 0.00496739
-18.5226 45.4817 -6.80923 0.219957 -0.975469 0.00822088
-19.6 45.2428 -6.81932 0.215336 -0.976518 0.00646176
-20.7031 45.0092 -6.82463 0.200995 -0.979572 0.00580898
-21.7621 44.7983 -6.80332 0.191647 -0.981408 0.00932964
-22.9522 44.5744 -6.83402 0.179999 -0.983607 0.0108567
-24.3222 44.3466 -6.85718 0.15695 -0.987546 0.0109278
-25.6008 44.1569 -6.7316 0.133175 -0.990907 0.0182531
-26.8698 44.0056 -6.83002 0.113667 -0.993335 0.018898
-27.9543 43.8946 -6.81591 0.0917942 -0.995648 0.0159798
-29.0119 43.8034 -6.77688 0.0781738 -0.996771 0.0183447
-30.0911 43.7248 -6.80706 0.0660164 -0.997748 0.0115036
-31.1594 43.6575 -6.79601 0.0571714 -0.998299 0.0107068
-32.4535 43.591 -6.83586 0.0469177 -0.998869 0.00770584
-33.6426 43.5378 -6.8371 0.0373001 -0.999253 0.00988801
-34.8318 43.4961 -6.79809 0.0285234 -0.999543 0.00922925
-36.1317 43.4658 -6.61939 0.0232393 -0.999726 0.00264022
-36.3308 43.4621 -5.48227 0.0241854 -0.999705 -0.00107243
-36.2765 43.4638 -4.16602 0.0268276 -0.999639 -0.00161844
-36.2994 43.4609 -3.08616 0.0246795 -0.999693 -0.00109954
-36.3094 43.4566 -1.96934 0.025611 -0.99966 -0.00464435
-36.3049 43.4539 -0.71432 0.0277184 -0.999615 -0.000702519
-36.3085 43.4544 0.391413 0.0269701 -0.999635 -0.000487834
-36.3137 43.451 1.55896 0.028947 -0.999576 -0.003139
-36.2883 43.4489 2.63945 0.0312854 -0.999508 -0.00201385
-36.3009 43.4468 3.72194 0.0322588 -0.999479 -0.000762989
-36.2919 43.4476 4.94863 0.0303272 -0.999539 0.000725785
-36.3428 43.447 6.12706 0.0284998 -0.999593 -0.000178466
-35.2483 43.477 6.75618 0.0308698 -0.999519 -0.00264296
-34.1339 43.5145 6.78461 0.0379398 -0.999235 -0.0092591
-32.9539 43.5644 6.81139 0.0470543 -0.998872 -0.00635964
-31.7056 43.6293 6.79163 0.0555784 -0.998403 -0.0101127
-30.6309 43.6971 6.76493 0.0681815 -0.997645 -0.00735397
-29.5559 43.7749 6.76115 0.0768572 -0.996967 -0.010805
-28.4462 43.872 6.76335 0.0935252 -0.99557 -0.00971018
-27.1707 43.9969 6.77445 0.110036 -0.993769 -0.0158362
-25.7181 44.1731 6.74133 0.13125 -0.991253 -0.0132798
-24.6386 44.3249 6.79907 0.144733 -0.989436 -0.00828849
-23.5611 44.4897 6.73852 0.166493 -0.986 -0.00909975
-22.1913 44.7275 6.76475 0.176219 -0.984285 -0.0111729
-22.0018 44.7625 6.77203 0.188985 -0.981948 -0.00788851
