33.6465 51.6516 3.3456 -0.254496 -0.967074 -0.000244019
33.6155 51.6599 2.26968 -0.254428 -0.967092 -6.08658e-05
33.676 51.6441 1.23303 -0.254539 -0.967063 -6.32368e-05
33.6833 51.6421 0.274393 -0.254542 -0.967062 7.21773e-05
33.6934 51.6395 -0.814732 -0.254392 -0.967101 -4.99543e-05
33.6845 51.6417 -2.17911 -0.254394 -0.967101 0.000137199
33.6987 51.6379 -2.78245 -0.254536 -0.967063 -6.07598e-05
32.8956 51.8491 -3.21106 -0.254237 -0.967142 8.40991e-05
32.8735 51.8551 -2.13741 -0.254346 -0.967113 0.000108442
32.8664 51.857 -1.055 -0.254393 -0.967101 7.9869e-06
32.8742 51.855 0.00130055 -0.254299 -0.967126 1.51548e-05
32.8629 51.8579 1.00218 -0.254456 -0.967084 -8.95239e-05
32.8132 51.8709 2.00076 -0.254129 -0.96717 -6.16766e-05
32.8011 51.8739 2.9905 -0.254119 -0.967173 -0.00016641
32.801 51.8738 3.4019 -0.253939 -0.96722 -6.12694e-06
32.0062 52.0826 3.51782 -0.253927 -0.967223 -4.70949e-05
31.967 52.0931 2.40281 -0.253875 -0.967237 -0.000275896
32.0322 52.0762 1.41159 -0.253953 -0.967217 -8.98185e-06
32.0757 52.0648 0.382211 -0.254019 -0.967199 -0.000144561
32.0422 52.0735 -0.716384 -0.254048 -0.967192 -6.61518e-06
32.0177 52.0799 -1.84557 -0.25401 -0.967202 1.6643e-05
32.0493 52.0715 -3.02793 -0.253939 -0.96722 0.000115471
32.0316 52.0761 -3.54367 -0.253958 -0.967215 4.63003e-05
31.2148 52.2906 -3.52338 -0.253985 -0.967208 -1.72301e-05
31.1905 52.2971 -2.4179 -0.253888 -0.967234 9.81245e-05
31.2001 52.2946 -1.24292 -0.253857 -0.967242 0.000119964
31.2372 52.2849 -0.255035 -0.253808 -0.967254 -2.56285e-05
31.2548 52.2802 0.781505 -0.253788 -0.96726 -2.35839e-05
31.1763 52.3007 1.88677 -0.253898 -0.967231 -0.000171299
31.1458 52.3086 3.08095 -0.253784 -0.967261 -0.000243774
31.1804 52.2993 3.62919 -0.253875 -0.967237 -0.000241617
30.3575 52.5152 3.66594 -0.253525 -0.967329 -0.000357521
30.2865 52.534 2.73116 -0.253428 -0.967354 -5.53715e-05
30.3769 52.5104 1.72622 -0.253559 -0.96732 -0.000205406
30.4364 52.4948 0.716409 -0.253553 -0.967322 2.79722e-05
30.406 52.5029 -0.353455 -0.253558 -0.96732 0.000128618
30.3626 52.5143 -1.35076 -0.253548 -0.967323 2.8076e-05
30.3887 52.5074 -2.6339 -0.253732 -0.967275 5.46296e-06
30.3621 52.5143 -3.62845 -0.253598 -0.96731 -1.8902e-05
29.5366 52.7306 -3.54328 -0.253305 -0.967386 2.99254e-05
29.5575 52.7253 -2.39709 -0.253373 -0.967369 0.000161237
29.5485 52.7276 -1.3371 -0.253204 -0.967413 -0.000125451
29.5925 52.716 -0.100604 -0.253309 -0.967385 -4.73943e-05
29.6251 52.7074 0.927026 -0.25331 -0.967385 -0.000174527
29.5249 52.7335 1.89866 -0.253234 -0.967405 3.51236e-06
29.4804 52.7451 2.97179 -0.253368 -0.96737 -0.000114329
29.5055 52.7385 3.4594 -0.253313 -0.967384 -9.63633e-05
28.7055 52.9478 3.63251 -0.253106 -0.967438 -3.41863e-05
28.6602 52.9598 2.57852 -0.253179 -0.96742 -0.000129407
28.774 52.9301 1.41894 -0.253063 -0.96745 -0.000142732
28.7882 52.9265 0.210024 -0.253178 -0.96742 -0.000121543
28.6995 52.9498 -1.03315 -0.253083 -0.967445 -3.75103e-05
28.7567 52.9348 -1.98828 -0.25304 -0.967456 9.77689e-05
28.7338 52.9408 -2.9941 -0.252938 -0.967482 9.44463e-05
28.7139 52.946 -3.50149 -0.253089 -0.967443 3.35632e-05
27.8904 53.1613 -3.50155 -0.25295 -0.967479 4.70677e-05
27.9045 53.1577 -2.43401 -0.252904 -0.967491 4.60589e-05
27.8888 53.1618 -1.37694 -0.25291 -0.96749 6.1532e-05
27.8419 53.1741 -0.347832 -0.252892 -0.967494 5.31922e-05
28.0324 53.1242 0.574066 -0.252979 -0.967472 -4.74141e-05
27.8531 53.1709 1.6102 -0.253136 -0.967431 -0.000238214
27.838 53.1748 2.53424 -0.253003 -0.967465 1.78029e-05
27.9043 53.1574 3.60147 -0.252981 -0.967471 -8.11325e-05
27.0491 53.3809 3.42408 -0.252815 -0.967515 -4.9691e-05
27.0276 53.3866 2.41054 -0.252881 -0.967497 -0.000241967
27.0491 53.381 1.34906 -0.252756 -0.96753 -4.10799e-05
27.0656 53.3768 0.308114 -0.25261 -0.967568 9.62135e-06
27.0512 53.3806 -0.69484 -0.252709 -0.967542 -1.64534e-05
27.0512 53.3806 -1.88606 -0.252722 -0.967539 0.000117224
27.0427 53.3828 -2.85912 -0.252662 -0.967555 -2.7213e-05
27.0512 53.3806 -3.35857 -0.252747 -0.967532 -3.90545e-05
26.1343 53.6202 -3.29781 -0.252839 -0.967508 -2.45211e-05
26.1572 53.6141 -2.38668 -0.252597 -0.967572 -3.43332e-05
26.237 53.5933 -1.20344 -0.252779 -0.967524 -0.0001412
26.1312 53.6208 -0.2321 -0.252683 -0.967549 -7.95999e-05
26.1694 53.6109 0.700585 -0.252594 -0.967572 -2.54357e-05
26.2195 53.5977 1.90809 -0.252482 -0.967602 -5.06179e-05
26.2202 53.5976 2.98751 -0.252727 -0.967538 -8.55955e-05
26.2189 53.5978 3.54248 -0.252757 -0.96753 7.57087e-06
25.4533 53.7978 3.3856 -0.252689 -0.967548 -2.95042e-05
25.3499 53.8248 2.37666 -0.252736 -0.967535 -2.59059e-05
25.4303 53.8038 1.41011 -0.252733 -0.967536 8.06714e-05
25.2717 53.8452 0.376837 -0.252535 -0.967588 0.000110504
25.344 53.8264 -0.688691 -0.252499 -0.967597 -3.2359e-05
25.4891 53.7886 -1.72128 -0.252499 -0.967597 9.00305e-05
25.3046 53.8367 -2.7852 -0.252585 -0.967575 -0.000114645
25.1686 53.8723 -3.50658 -0.25262 -0.967565 4.00615e-05
24.3769 54.0789 -3.6525 -0.252553 -0.967583 2.54537e-05
24.5294 54.0391 -2.50525 -0.252499 -0.967597 3.4043e-05
24.6345 54.0117 -1.43901 -0.252512 -0.967594 -1.33982e-05
24.4924 54.0486 -0.457815 -0.252418 -0.967618 -0.000115845
24.5015 54.0463 0.61731 -0.252561 -0.967581 -0.000126141
24.5735 54.0275 1.54669 -0.252327 -0.967642 -1.31163e-05
24.5639 54.03 2.54594 -0.252585 -0.967575 8.02777e-05
24.5942 54.022 3.61027 -0.252557 -0.967582 -0.000155608
23.7735 54.2362 3.60249 -0.252453 -0.967609 -0.000147349
23.7598 54.2398 2.36682 -0.252281 -0.967654 0.000128971
23.7274 54.2482 1.24984 -0.252532 -0.967589 -7.03297e-05
23.6829 54.2599 0.136204 -0.252581 -0.967576 -4.62362e-06
23.7515 54.2419 -0.949758 -0.252483 -0.967601 9.10535e-07
23.8197 54.2243 -1.90857 -0.252324 -0.967643 9.17159e-05
23.6154 54.2775 -3.08728 -0.252476 -0.967603 -3.86514e-05
23.5905 54.2841 -3.35416 -0.25241 -0.96762 -6.82142e-05
22.7798 54.4956 -3.47352 -0.252442 -0.967612 2.87043e-06
22.8843 54.4683 -2.43543 -0.252441 -0.967612 -2.31081e-05
22.989 54.4409 -1.34995 -0.252315 -0.967645 -1.22882e-05
22.9057 54.4626 -0.281723 -0.252404 -0.967622 7.25405e-06
22.8983 54.4645 0.764692 -0.252277 -0.967655 4.13991e-05
22.9379 54.4542 2.02623 -0.252415 -0.967619 -0.00013087
22.9393 54.4539 2.98543 -0.252483 -0.967601 -4.22186e-05
22.9532 54.4502 3.57385 -0.252555 -0.967583 -6.11233e-05
22.117 54.6684 3.44108 -0.252549 -0.967584 9.01715e-05
22.1219 54.667 2.2609 -0.252359 -0.967634 1.64846e-05
22.092 54.6749 1.20635 -0.252483 -0.967601 2.45614e-05
22.0832 54.6772 0.255496 -0.252335 -0.96764 1.86943e-05
22.1202 54.6676 -0.898854 -0.252435 -0.967614 -9.8917e-05
22.1169 54.6685 -1.8931 -0.252479 -0.967602 -1.61679e-05
21.9969 54.6998 -3.0185 -0.252448 -0.96761 -0.000131924
21.9703 54.7067 -3.62172 -0.252474 -0.967604 8.66348e-05
21.1692 54.9158 -3.50156 -0.252431 -0.967615 -9.08012e-05
21.1995 54.9079 -2.50984 -0.252375 -0.96763 -8.55117e-05
21.2962 54.8826 -1.21223 -0.252414 -0.967619 -8.73165e-05
21.2644 54.8908 0.0444777 -0.252406 -0.967621 -0.000101046
21.2899 54.8842 1.21629 -0.252265 -0.967658 2.22737e-05
21.2974 54.8821 2.19056 -0.252358 -0.967634 -0.00013772
21.2813 54.8864 3.21474 -0.252561 -0.967581 -5.92844e-05
21.2842 54.8856 3.52767 -0.25261 -0.967568 6.90431e-05
20.452 55.1027 3.61151 -0.252382 -0.967628 -8.2777e-05
20.466 55.0991 2.63045 -0.252478 -0.967603 -1.72366e-05
20.4737 55.0971 1.6429 -0.252429 -0.967615 -2.07324e-05
20.4827 55.0947 0.704998 -0.252535 -0.967588 -3.5395e-05
20.4681 55.0986 -0.370356 -0.252374 -0.96763 -0.000138209
20.4429 55.1052 -1.31488 -0.252456 -0.967609 7.64741e-06
20.3866 55.12 -2.29865 -0.252476 -0.967603 -0.000124372
20.3782 55.1221 -3.37273 -0.252353 -0.967635 -3.72523e-05
19.6028 55.3244 -1.58432 -0.252434 -0.967614 -4.865e-05
19.6309 55.317 -0.607736 -0.25241 -0.96762 -2.09259e-05
19.6715 55.3064 0.468851 -0.252421 -0.967617 -1.59679e-05
19.6735 55.3059 1.44802 -0.252542 -0.967586 4.38546e-05
19.6505 55.3119 2.56822 -0.252519 -0.967592 8.26462e-05
19.6588 55.3097 3.14506 -0.252271 -0.967657 8.69456e-05
34.713 51.3706 3.86038 -0.254806 -0.966992 -0.000339092
34.7883 51.351 2.66182 -0.254908 -0.966965 -0.000159152
34.7795 51.3534 1.54175 -0.254864 -0.966977 -1.20503e-05
34.758 51.3592 0.42891 -0.254662 -0.96703 -0.000102601
34.7363 51.3649 -0.793695 -0.254617 -0.967042 3.2049e-05
34.7814 51.3529 -2.01351 -0.254668 -0.967028 8.41028e-05
34.7374 51.3645 -3.20875 -0.254617 -0.967042 8.26944e-05
34.6106 51.3978 -4.49243 -0.25476 -0.967004 0.000220325
33.4241 51.7101 -4.68096 -0.25438 -0.967104 -8.59142e-06
32.3646 51.9887 -4.71625 -0.254157 -0.967163 -0.000101814
31.2831 52.2727 -4.76162 -0.253923 -0.967224 4.7323e-05
30.0445 52.5975 -4.67006 -0.253642 -0.967298 -3.5574e-05
28.9463 52.8851 -4.66131 -0.253174 -0.967421 1.18156e-05
27.7084 53.209 -4.76229 -0.253055 -0.967452 0.000210406
26.6384 53.4886 -4.75626 -0.252818 -0.967514 -0.000115513
25.5502 53.7727 -4.7395 -0.252505 -0.967596 -6.40171e-05
24.1283 54.1438 -4.6891 -0.25254 -0.967586 -6.75104e-05
22.7892 54.4932 -4.67781 -0.252386 -0.967627 -1.34682e-05
21.6363 54.7938 -4.69089 -0.252476 -0.967603 -9.26568e-05
20.546 55.0784 -4.68984 -0.252354 -0.967635 6.6242e-05
19.3528 55.3897 -4.66061 -0.252558 -0.967582 3.36471e-05
18.5944 55.5876 -3.7861 -0.252552 -0.967583 -9.19039e-05
18.5979 55.5867 -2.68578 -0.252497 -0.967598 -6.59359e-05
18.5909 55.5884 -1.27129 -0.252548 -0.967584 -3.64238e-05
18.582 55.5907 -0.0392857 -0.252484 -0.967601 5.55049e-06
18.5867 55.5895 1.14317 -0.252431 -0.967615 -6.89887e-05
18.5867 55.5895 2.4298 -0.252437 -0.967613 -3.37943e-05
18.5742 55.5927 3.60005 -0.252408 -0.967621 -6.71366e-05
18.8545 55.5196 4.66653 -0.252453 -0.967609 -0.000151781
19.9249 55.2403 4.69149 -0.252534 -0.967588 -1.30065e-05
21.0186 54.9549 4.67022 -0.25242 -0.967618 3.81969e-05
22.2295 54.6389 4.63497 -0.25257 -0.967579 -3.06904e-05
23.4152 54.3296 4.65071 -0.252357 -0.967634 -6.43487e-05
24.8761 53.9483 4.65602 -0.25266 -0.967555 -3.34889e-05
26.0616 53.6389 4.7036 -0.252597 -0.967571 -0.000113053
27.2614 53.3254 4.68026 -0.252957 -0.967477 2.20075e-05
28.3407 53.0433 4.67647 -0.253025 -0.96746 0.000130501
29.6723 52.6947 4.75008 -0.253373 -0.967369 5.08073e-06
30.9534 52.3589 4.75576 -0.25366 -0.967293 5.88891e-05
32.0801 52.0631 4.69218 -0.254039 -0.967194 0.000173062
33.2112 51.7658 4.71668 -0.254194 -0.967153 -8.5807e-05
34.2661 51.4881 4.61285 -0.254771 -0.967001 -7.55746e-05
34.6865 51.3775 4.09287 -0.254758 -0.967005 -0.000375108
35.7549 51.0959 4.10306 -0.255034 -0.966932 -0.00026857
35.653 51.1225 5.44831 -0.255042 -0.96693 -0.000207947
34.6039 51.399 5.71509 -0.254783 -0.966998 -5.17477e-05
33.3405 51.7317 5.76623 -0.254527 -0.967066 -4.65722e-05
32.1765 52.0379 5.7202 -0.254215 -0.967148 0.000179186
30.9142 52.3692 5.78209 -0.253846 -0.967245 -2.19623e-05
29.8385 52.6512 5.78998 -0.25319 -0.967417 -0.000141077
28.476 53.0078 5.73651 -0.253166 -0.967423 -0.000117761
27.2137 53.3378 5.72507 -0.252919 -0.967487 -6.56683e-05
25.9535 53.667 5.74663 -0.252739 -0.967535 3.31973e-05
24.7939 53.9698 5.70966 -0.252533 -0.967588 7.31639e-05
23.4993 54.3077 5.71551 -0.252424 -0.967617 -1.90616e-05
22.4151 54.5905 5.67153 -0.252462 -0.967607 5.626e-05
21.2131 54.9041 5.71947 -0.252487 -0.9676 -7.02745e-05
19.9955 55.2218 5.77177 -0.252395 -0.967624 -2.873e-05
18.7309 55.5518 5.75887 -0.252782 -0.967523 -0.000169659
17.5986 55.8473 5.3283 -0.252531 -0.967589 4.82659e-06
17.5363 55.8635 3.9948 -0.252499 -0.967597 -9.51301e-06
17.5468 55.8608 2.74416 -0.252438 -0.967613 4.6003e-05
17.5718 55.8543 1.28807 -0.252549 -0.967584 -2.78612e-05
17.5845 55.851 0.174215 -0.252503 -0.967596 -8.37179e-05
17.5721 55.8543 -1.15767 -0.25257 -0.967579 4.61427e-05
17.5816 55.8518 -2.28552 -0.252491 -0.967599 3.4417e-05
17.5651 55.8561 -3.576 -0.252497 -0.967598 -3.52913e-05
17.5437 55.8618 -4.89505 -0.252582 -0.967575 -2.56967e-05
18.0818 55.7213 -5.73949 -0.252488 -0.9676 -2.23909e-05
19.2457 55.4176 -5.72805 -0.25255 -0.967584 5.22016e-05
20.5293 55.0827 -5.76154 -0.252512 -0.967594 8.65072e-06
21.7052 54.7759 -5.72584 -0.252534 -0.967588 -7.12413e-05
23.1006 54.4119 -5.73223 -0.252411 -0.96762 -9.51011e-05
24.1853 54.129 -5.73547 -0.25246 -0.967607 -5.86701e-05
25.3833 53.8163 -5.77569 -0.252437 -0.967613 -0.000154466
26.8145 53.4426 -5.80975 -0.252819 -0.967514 -0.000130576
28.0741 53.1134 -5.79524 -0.252983 -0.967471 -0.000133238
29.3477 52.78 -5.70917 -0.253297 -0.967389 -3.05366e-05
30.468 52.4865 -5.75684 -0.253691 -0.967285 -0.000186328
31.5537 52.2018 -5.7921 -0.253648 -0.967297 -0.000181685
32.6477 51.9143 -5.74497 -0.254253 -0.967138 -0.00016434
33.9052 51.5835 -5.74146 -0.254679 -0.967026 -1.23223e-05
34.994 51.2968 -5.77068 -0.254814 -0.96699 -1.11968e-06
35.724 51.1044 -5.13398 -0.254706 -0.967019 -5.77875e-05
35.7462 51.0987 -3.99622 -0.254775 -0.967 8.25333e-05
35.7922 51.0867 -2.74967 -0.254601 -0.967046 0.000170821
35.7743 51.0915 -1.47262 -0.254825 -0.966987 6.27365e-05
35.7412 51.1003 -0.312239 -0.25478 -0.966999 -0.000163483
35.77 51.0925 0.85657 -0.254787 -0.966997 -5.96541e-05
35.7821 51.0891 2.07656 -0.254847 -0.966981 -0.000121556
35.8116 51.0811 3.23555 -0.25502 -0.966936 -0.000115998
35.7621 51.094 3.94315 -0.255095 -0.966916 -0.000371878
36.8107 50.8173 4.02337 -0.255302 -0.966861 -0.00037136
36.7676 50.8285 5.24599 -0.255235 -0.966879 -0.000226678
36.7153 50.8421 6.45352 -0.254995 -0.966942 -0.000181459
35.6819 51.1147 6.77415 -0.25531 -0.966859 -0.00079469
34.2677 51.4878 6.79214 -0.25492 -0.966962 0.0003892
33.1711 51.7767 6.80303 -0.25469 -0.967023 0.000395663
32.0582 52.0692 6.75676 -0.254185 -0.967156 0.000312478
30.7856 52.4032 6.82831 -0.25343 -0.967354 0.000596329
29.3189 52.7873 6.78899 -0.253069 -0.967448 0.000445001
28.0783 53.1118 6.78947 -0.253018 -0.967462 0.000168024
26.9587 53.4045 6.74856 -0.252837 -0.967509 0.000160179
25.7181 53.7285 6.80156 -0.252743 -0.967533 0.000205258
24.4035 54.0718 6.78783 -0.252499 -0.967597 0.00028785
23.1976 54.3864 6.7788 -0.25246 -0.967607 -1.83573e-05
22.0655 54.6817 6.77196 -0.252284 -0.967653 9.53254e-06
20.8169 55.0074 6.80038 -0.252538 -0.967587 1.89833e-05
19.2842 55.4073 6.7993 -0.25255 -0.967584 -0.000311248
18.0454 55.7306 6.80829 -0.252453 -0.967609 2.98626e-05
16.8029 56.055 6.70875 -0.252651 -0.967558 6.00595e-05
16.5504 56.1209 5.46396 -0.252711 -0.967542 0.000117982
16.5136 56.1305 4.16244 -0.252287 -0.967652 -0.000150266
16.5359 56.1246 2.78997 -0.252424 -0.967617 3.24212e-05
16.5336 56.1252 1.40557 -0.252526 -0.96759 -0.000175597
16.5475 56.1217 0.187857 -0.252486 -0.967601 -3.17878e-05
16.5412 56.1233 -1.16953 -0.252663 -0.967554 3.88499e-05
16.5299 56.1263 -2.47853 -0.252681 -0.96755 4.53058e-06
16.5629 56.1177 -3.59107 -0.252491 -0.967599 3.85375e-06
16.5428 56.1229 -4.8488 -0.252652 -0.967557 2.5429e-05
16.5592 56.1187 -6.16171 -0.25243 -0.967615 -7.12921e-05
17.3915 55.9015 -6.772 -0.25263 -0.967563 3.24087e-05
18.5978 55.5866 -6.78892 -0.25258 -0.967576 0.000176237
19.7763 55.2791 -6.79323 -0.252537 -0.967587 -8.31227e-05
21.0803 54.9389 -6.81685 -0.252356 -0.967634 -4.67039e-05
22.1544 54.6587 -6.78945 -0.252366 -0.967632 -2.55837e-05
23.3337 54.3511 -6.80663 -0.252381 -0.967628 -4.94667e-05
24.4724 54.0541 -6.79109 -0.252252 -0.967661 -2.54522e-05
25.7093 53.7315 -6.85109 -0.252386 -0.967627 -0.000249305
26.8212 53.4412 -6.83492 -0.252777 -0.967524 -0.000476671
28.1269 53.0996 -6.83656 -0.253153 -0.967426 -0.000164167
29.497 52.7409 -6.79025 -0.253156 -0.967425 -8.46356e-05
30.6483 52.4395 -6.82795 -0.253648 -0.967297 -0.000186713
31.857 52.1221 -6.82223 -0.253899 -0.967231 -0.000238652
33.0225 51.8159 -6.78307 -0.254439 -0.967089 -0.000265993
34.1999 51.5061 -6.8102 -0.254688 -0.967023 -0.000479784
35.2998 51.216 -6.8194 -0.2551 -0.966915 0.000148525
36.4681 50.908 -6.73637 -0.254915 -0.966963 7.5877e-05
36.7605 50.8311 -5.69693 -0.255077 -0.966921 0.000453947
36.7856 50.8248 -4.53491 -0.254689 -0.967023 0.000349356
36.7759 50.8275 -3.14892 -0.254754 -0.967006 -1.5099e-05
36.791 50.8235 -1.95863 -0.254907 -0.966966 -0.000173174
36.7137 50.8438 -0.861223 -0.254999 -0.966941 -5.88633e-05
36.8065 50.8192 0.280173 -0.254896 -0.966968 -5.83428e-05
36.7993 50.8209 1.49787 -0.255109 -0.966912 -8.87965e-05
36.827 50.8133 2.69717 -0.255092 -0.966917 8.04212e-05
36.8078 50.8182 3.78763 -0.255233 -0.966879 -0.000330569
