-12.063 47.5689 -3.54165 0.247599 -0.968862 -0.00135152
-12.0437 47.5727 -2.55756 0.248183 -0.968713 -0.00101201
-12.0449 47.5715 -1.57001 0.248845 -0.968542 -0.0015011
-12.1219 47.55 -0.430831 0.248268 -0.96869 -0.00147548
-12.156 47.5402 0.515102 0.247118 -0.968985 -0.000525713
-12.1465 47.5421 1.52223 0.247127 -0.968983 -0.00080344
-12.0841 47.5563 2.82763 0.246095 -0.969245 -0.000311971
-12.0649 47.5612 3.28684 0.246648 -0.969105 -0.000965358
-12.9156 47.3457 3.38979 0.243995 -0.969776 -0.000987485
-12.979 47.3312 2.23946 0.24384 -0.969815 -0.0011299
-13.0245 47.3203 1.16752 0.243139 -0.969991 -0.000161631
-12.9989 47.3269 -0.0747369 0.242248 -0.970214 -0.000828111
-12.9455 47.3424 -1.15057 0.244377 -0.969679 -0.00142796
-12.8961 47.3551 -2.25782 0.245878 -0.969301 0.000133353
-12.9325 47.3471 -3.32866 0.246264 -0.969201 -0.00187379
-12.9219 47.3503 -3.62596 0.245857 -0.969304 -0.0020808
-13.7923 47.1314 -3.55931 0.242373 -0.970183 -0.000888852
-13.771 47.1353 -2.52877 0.241385 -0.970429 -0.000748704
-13.8218 47.1225 -1.52079 0.241748 -0.970339 0.000223462
-13.8412 47.1173 -0.453797 0.241826 -0.970319 -0.000976319
-13.8787 47.1073 0.57833 0.240869 -0.970558 -1.12711e-05
-13.8887 47.1044 1.53399 0.241275 -0.970456 -0.00121645
-13.8298 47.1177 2.63184 0.241406 -0.970424 -0.000878332
-13.7685 47.1323 3.5391 0.241692 -0.970353 -0.00089315
-14.6484 46.9137 3.40467 0.240475 -0.970654 -0.00120328
-14.7184 46.8973 2.13545 0.238168 -0.971223 -0.000937045
-14.7695 46.8869 1.20228 0.239079 -0.970999 -0.00118275
-14.7217 46.8988 0.18115 0.238556 -0.971128 -0.000465021
-14.6886 46.9071 -0.962861 0.237474 -0.971394 0.00047425
-14.6709 46.9112 -1.9274 0.238125 -0.971235 0.000108595
-14.6502 46.9174 -2.92539 0.240544 -0.970638 -0.0010612
-14.6431 46.9195 -3.31028 0.240648 -0.970612 -0.00013688
-15.4892 46.7118 -3.52237 0.235618 -0.971844 -0.000111882
-15.5253 46.7026 -2.52755 0.233918 -0.972256 -0.000434698
-15.5362 46.6994 -1.59101 0.233256 -0.972415 -0.000482039
-15.5617 46.6946 -0.525696 0.234351 -0.972151 0.000434353
-15.6022 46.6841 0.473251 0.235376 -0.971903 -0.00181114
-15.6384 46.6749 1.50211 0.235254 -0.971934 -0.000331582
-15.5744 46.6882 2.55438 0.233974 -0.972241 -0.0019042
-15.5116 46.7018 3.53274 0.237144 -0.971474 -0.000879113
-15.5066 46.703 3.60527 0.23718 -0.971465 -0.00049787
-16.3916 46.4899 3.44851 0.231972 -0.972721 -0.000480812
-16.4314 46.4833 2.50141 0.230918 -0.972971 -0.00189672
-16.5145 46.4653 1.32574 0.22944 -0.973323 0.000746308
-16.4668 46.4776 0.238367 0.228156 -0.973624 -0.000591377
-16.4209 46.4891 -0.768744 0.229362 -0.973341 -0.0007705
-16.4012 46.4932 -1.78139 0.228864 -0.973458 0.0010289
-16.3875 46.4968 -2.72937 0.23158 -0.972815 0.000205921
-16.3673 46.5011 -3.62507 0.23275 -0.972536 0.000178102
-17.2486 46.2924 -3.69671 0.225749 -0.974185 -0.00028244
-17.2882 46.2844 -2.72127 0.224183 -0.974539 0.00388903
-17.276 46.2892 -1.69265 0.224504 -0.974472 0.000168635
-17.2952 46.2841 -0.681212 0.225375 -0.974272 -2.72254e-05
-17.3428 46.2732 0.30189 0.225036 -0.974351 -0.000222195
-17.3748 46.2651 1.45463 0.224542 -0.974464 -0.0012125
-17.3008 46.2798 2.3685 0.225879 -0.974152 -0.00234554
-17.2824 46.2841 3.26789 0.222018 -0.975042 0.000814617
-18.1427 46.089 3.26935 0.218069 -0.97593 0.0001136
-18.2047 46.0762 2.30103 0.217163 -0.976135 -0.000943249
-18.2822 46.0585 1.30161 0.216138 -0.976362 0.000601755
-18.2029 46.0764 0.206983 0.218293 -0.975883 0.00034645
-18.1498 46.0879 -0.843921 0.219912 -0.975519 0.00121982
-18.1626 46.0854 -2.00064 0.219979 -0.975499 -0.00219451
-18.1124 46.0966 -3.17747 0.217523 -0.976055 0.000667461
-18.1026 46.0986 -3.46669 0.217554 -0.976048 0.000386634
-18.9618 45.9092 -3.49645 0.214176 -0.976794 0.000725586
-19.0389 45.8919 -2.35912 0.212351 -0.97719 2.05319e-06
-19.0239 45.8934 -1.36176 0.21193 -0.977284 -0.000671024
-19.0096 45.8973 -0.271415 0.209296 -0.977852 0.00122466
-19.1514 45.8684 0.864351 0.211386 -0.977399 0.002565
-19.1066 45.8779 2.04773 0.210666 -0.977557 0.000373165
-19.0331 45.8934 3.04226 0.214279 -0.976772 -1.87403e-05
-19.0069 45.8989 3.3504 0.214255 -0.976777 -0.00118292
-19.8766 45.7128 3.20839 0.204879 -0.978787 -0.00104256
-19.9852 45.6904 2.29244 0.207454 -0.978245 -0.00023625
-20.066 45.6727 1.26678 0.20758 -0.978218 0.000767622
-19.9123 45.7048 0.181679 0.208495 -0.978023 0.000809218
-19.8519 45.7164 -0.913673 0.206478 -0.97845 0.000890321
-19.9457 45.6979 -2.09372 0.206829 -0.978376 -0.00139785
-19.8435 45.7192 -3.15062 0.209212 -0.977866 0.00281276
-19.8303 45.7204 -3.59705 0.210428 -0.977602 0.00387452
-20.7019 45.5365 -3.66055 0.20043 -0.9797 0.000490231
-20.8468 45.5089 -2.65627 0.204018 -0.978964 0.00244828
-20.7923 45.5226 -1.52052 0.199093 -0.979977 0.00252602
-20.6856 45.5434 -0.397848 0.199106 -0.979974 -0.0024528
-20.9068 45.5006 0.61917 0.193149 -0.981167 0.00145955
-20.8432 45.5136 1.62109 0.196423 -0.980517 -0.000585968
-20.8198 45.5183 2.7664 0.19511 -0.98078 0.00183555
-20.718 45.5395 3.40238 0.198838 -0.980027 0.000573496
-21.695 45.3503 3.38852 0.188407 -0.982068 0.00642729
-21.7668 45.3347 2.41457 0.187103 -0.982331 0.00433663
-21.6821 45.3476 1.38707 0.185765 -0.982592 0.000714062
-21.7124 45.3419 0.395333 0.192775 -0.98124 0.000887113
-21.6833 45.3484 -0.766756 0.18577 -0.98259 -0.0016292
-21.7674 45.3282 -1.78444 0.189712 -0.981832 0.0027747
-21.7211 45.3336 -2.81815 0.189905 -0.981799 0.00258654
-21.7111 45.3348 -3.59065 0.190129 -0.981759 0.000112252
-22.507 45.1845 -3.44264 0.174463 -0.984661 0.00186299
-22.6617 45.1615 -2.41916 0.178388 -0.983937 0.00592663
-22.5922 45.1773 -1.40166 0.181116 -0.983457 0.00309576
-22.599 45.1804 -0.369442 0.177529 -0.984115 0.000839933
-22.5922 45.1811 0.572073 0.175873 -0.984411 0.000646012
-22.5908 45.1807 1.68351 0.177749 -0.984075 0.000484932
-22.5922 45.1822 2.69427 0.179689 -0.983723 0.00119259
-22.6244 45.1786 3.43554 0.175297 -0.984509 0.00222557
-23.5574 45.0168 3.48963 0.159084 -0.987258 0.00337166
-23.533 45.0193 2.30869 0.160559 -0.987003 0.00651542
-23.6028 45.0069 1.40441 0.160325 -0.987059 0.00073226
-23.7466 44.9816 0.18596 0.160761 -0.986993 0.000167838
-23.6147 45.0013 -0.742835 0.157537 -0.987508 0.00262446
-23.7521 44.9758 -1.66124 0.156394 -0.987691 0.00213654
-23.655 44.9909 -2.67789 0.160535 -0.987015 0.00262695
-23.3377 45.0393 -3.53354 0.16729 -0.985894 0.00490386
-23.3662 45.034 -3.62389 0.168107 -0.985752 0.00565529
-24.2591 44.8881 -3.40712 0.157789 -0.98746 0.00497882
-24.5655 44.8486 -2.28023 0.148082 -0.988965 0.00331515
-24.6166 44.8414 -1.14779 0.152248 -0.988339 0.00228675
-24.6251 44.843 -0.207356 0.152062 -0.988369 0.00185095
-24.5796 44.851 1.06119 0.150792 -0.988564 0.000721894
-24.4878 44.8665 2.36927 0.149853 -0.988684 0.0033901
-24.47 44.8728 3.47262 0.151994 -0.988374 0.00386702
-25.3916 44.7393 3.25198 0.133654 -0.991028 0.000829088
-25.3985 44.7338 2.3046 0.134268 -0.99091 0.0083513
-25.4481 44.7239 1.31933 0.138572 -0.990351 -0.000688637
-25.5426 44.7083 0.215032 0.138257 -0.990391 0.00179071
-25.5149 44.7105 -0.715786 0.133525 -0.991036 0.00429227
-25.521 44.7076 -1.6354 0.137897 -0.990444 -0.000164863
-25.2824 44.7386 -2.7514 0.145457 -0.989305 0.0108254
-25.1184 44.7554 -3.5331 0.150368 -0.988614 0.00553953
-26.0832 44.6231 -3.62831 0.119733 -0.992788 0.00541179
-26.2201 44.6133 -2.53511 0.1298 -0.991529 0.00385893
-26.3841 44.5948 -1.5332 0.122063 -0.992517 0.00202676
-26.4403 44.5883 -0.415448 0.120858 -0.992663 0.00252993
-26.4217 44.5945 0.557769 0.128117 -0.991737 0.00653383
-26.3301 44.609 1.73748 0.114047 -0.993467 0.00406942
-26.3041 44.617 2.87197 0.11975 -0.992796 0.00404027
-26.2902 44.6214 3.62106 0.123275 -0.99237 0.00232972
-27.1958 44.5127 3.62093 0.114689 -0.993395 -0.000333981
-27.2124 44.5106 2.55137 0.108819 -0.994048 0.00501109
-27.2619 44.5026 1.4247 0.107772 -0.994166 0.00394054
-27.3187 44.4904 0.408008 0.103435 -0.99462 0.0046491
-27.2991 44.4886 -0.800443 0.104204 -0.994554 0.00219185
-27.216 44.4958 -1.78077 0.106503 -0.994305 0.00369778
-26.9935 44.5173 -3.00206 0.114098 -0.993464 0.00252738
-26.9975 44.5154 -3.61596 0.111985 -0.993708 0.00167014
-27.9171 44.4159 -3.56558 0.0981535 -0.99517 0.00111065
-27.9819 44.4138 -2.45645 0.102261 -0.994752 0.00311054
-28.116 44.4029 -1.34925 0.0985123 -0.995127 0.00429129
-28.183 44.3996 -0.42773 0.0946679 -0.995496 0.00363874
-28.1861 44.4031 0.631269 0.093946 -0.995568 0.00425433
-28.1359 44.4115 1.6336 0.0979818 -0.995178 0.00457538
-28.114 44.4134 2.64681 0.098911 -0.995087 -0.00259841
-28.1105 44.4148 3.61194 0.102624 -0.994712 -0.00193767
-29.0135 44.324 3.56992 0.0936518 -0.995599 0.00125736
-29.0366 44.3279 2.4741 0.0895719 -0.995955 -0.0042572
-29.0349 44.3273 1.39751 0.0840463 -0.996461 0.0013117
-29.0784 44.321 0.434312 0.0836508 -0.996487 0.00405346
-29.0538 44.3204 -0.580583 0.0882338 -0.996095 0.0031299
-29.0172 44.3191 -1.5481 0.0871117 -0.996181 0.00587305
-28.8516 44.3267 -2.65488 0.0881898 -0.996069 0.00713647
-28.8461 44.3274 -3.53378 0.0866988 -0.996233 -0.00103547
-29.7584 44.2523 -3.48736 0.0780819 -0.996945 0.00165465
-29.806 44.249 -2.29602 0.0782516 -0.996931 0.00107608
-29.9418 44.2424 -1.19026 0.0735601 -0.997278 0.00446242
-29.9699 44.2441 -0.0527778 0.0702171 -0.997531 0.00148818
-29.9431 44.2506 0.887181 0.0732211 -0.997295 0.006342
-29.9104 44.2558 1.86188 0.0753229 -0.997159 0.000700361
-29.9169 44.253 2.85256 0.0772295 -0.996997 -0.00403985
-29.9195 44.2519 3.59282 0.0732875 -0.997306 0.00259516
-30.8388 44.1862 3.51727 0.069585 -0.997574 0.00147794
-30.8256 44.1864 2.52087 0.0701047 -0.997537 0.00059566
-30.8035 44.1885 1.44182 0.0720051 -0.997401 0.00123839
-30.8763 44.1813 0.223719 0.0695316 -0.997575 0.00313578
-30.8322 44.1813 -0.856942 0.0674904 -0.997711 0.00400754
-30.7336 44.1841 -1.97821 0.0619395 -0.99808 0.000127087
-30.6513 44.19 -2.96132 0.0656128 -0.997841 -0.00157915
-30.6783 44.1857 -3.52922 0.0600999 -0.998192 -0.000634673
-31.5905 44.1314 -3.64431 0.0544184 -0.998517 0.00172337
-31.5715 44.1333 -2.60808 0.0548364 -0.998495 -8.50345e-05
-31.6677 44.1286 -1.57948 0.0561052 -0.998424 0.00149272
-31.7286 44.1266 -0.598891 0.0536513 -0.998558 -0.000630116
-31.7684 44.1253 0.438174 0.0587456 -0.998273 -0.000286133
-31.7399 44.1261 1.51488 0.0590988 -0.998251 -0.00151481
-31.7261 44.1269 2.71457 0.0650876 -0.997879 -0.000720273
-31.7372 44.127 3.55248 0.059729 -0.99821 0.00298003
-32.6341 44.0779 3.25252 0.049672 -0.998765 0.00118303
-32.6264 44.0776 1.92006 0.0503225 -0.998733 -0.000129645
-32.641 44.0772 0.880331 0.0473731 -0.998877 -0.00114335
-32.6413 44.0767 -0.0360765 0.0516216 -0.998665 4.39383e-05
-32.5819 44.081 -1.0272 0.0514214 -0.998675 0.00182952
-32.5047 44.0836 -2.28221 0.0499997 -0.998749 0.000477225
-32.4607 44.0865 -3.33085 0.046841 -0.998902 -0.00016079
-32.4687 44.0861 -3.57356 0.0467422 -0.998907 0.000585233
-29.9711 44.233 -4.72459 0.0763176 -0.997069 0.00438931
-28.8029 44.3305 -4.72028 0.0894641 -0.995987 0.00216202
-27.6847 44.4363 -4.709 0.103832 -0.994569 0.00414787
-26.5307 44.5678 -4.71816 0.119725 -0.992785 0.00660913
-25.4228 44.7103 -4.69777 0.136977 -0.99054 0.00639436
-24.329 44.8724 -4.69586 0.157055 -0.987573 0.00534372
-23.0924 45.0771 -4.73075 0.172227 -0.985045 0.00264168
-21.9694 45.2827 -4.73085 0.185923 -0.982564 0.00127944
-20.8798 45.496 -4.7236 0.196639 -0.980469 0.00331647
-19.6486 45.7577 -4.73954 0.213185 -0.977012 9.46421e-05
-18.5248 46.0058 -4.68463 0.217582 -0.976038 -0.00268837
-17.3612 46.2692 -4.71458 0.224197 -0.974529 -0.00526959
-16.1819 46.5471 -4.75633 0.232267 -0.972648 -0.00181249
-14.9687 46.8412 -4.70316 0.237693 -0.971335 -0.00289551
-13.7482 47.1438 -4.65849 0.241794 -0.970326 -0.00159406
-12.5641 47.4428 -4.7055 0.246801 -0.969066 -0.00112011
-11.4882 47.7184 -4.69318 0.249417 -0.968396 -0.000742826
-10.8516 47.8815 -3.91155 0.250078 -0.968225 -0.00155328
-10.8113 47.8906 -2.7536 0.251579 -0.967836 -0.00116277
-10.8169 47.8873 -1.49829 0.249692 -0.968322 -0.00231307
-10.8241 47.8834 -0.334512 0.249915 -0.968267 -0.000898286
-10.8309 47.8803 0.803473 0.249112 -0.968474 -0.00118511
-10.8378 47.8771 1.99775 0.250402 -0.96814 -0.00195824
-10.8466 47.8728 3.20325 0.249585 -0.968352 -0.00120235
-10.993 47.834 4.36665 0.248813 -0.968551 -0.000805066
-11.9881 47.5795 4.67618 0.246288 -0.969196 -0.000620239
-13.1965 47.2743 4.70186 0.24309 -0.970003 -0.000600912
-14.2593 47.0092 4.72019 0.241358 -0.970436 -0.000435492
-15.4772 46.7096 4.68997 0.236225 -0.971698 -0.000277485
-16.6243 46.4356 4.69239 0.225425 -0.97426 -0.000681123
-17.6746 46.1945 4.64787 0.220307 -0.975429 -0.00195092
-18.7453 45.9562 4.59984 0.212915 -0.977064 -0.00358675
-19.788 45.7324 4.61446 0.206053 -0.978538 0.00127458
-21.1899 45.4456 4.67323 0.194192 -0.980952 -0.00404276
-22.2706 45.239 4.63989 0.177026 -0.984204 -0.00197036
-23.4144 45.0408 4.62009 0.163927 -0.986456 -0.00565866
-24.4904 44.8699 4.63928 0.149637 -0.988732 -0.00336568
-25.6225 44.708 4.65735 0.138987 -0.990294 -0.000810033
-26.9751 44.539 4.67712 0.116296 -0.993209 -0.00314985
-28.3345 44.3916 4.70767 0.0989678 -0.99509 0.000723826
-29.676 44.2736 4.72278 0.07962 -0.996824 -0.00137571
-30.762 44.1928 4.705 0.0701411 -0.997537 -0.00104719
-32.0027 44.1137 4.67899 0.0606267 -0.998159 0.00172544
-33.4173 44.0389 4.59986 0.0472819 -0.99888 -0.000996044
-33.7878 44.0225 3.54114 0.0447437 -0.998997 -0.000476575
-33.7913 44.0236 2.34313 0.0440972 -0.999027 -0.00101345
-33.7662 44.026 1.20794 0.0414 -0.999141 -0.00197563
-33.7824 44.0257 0.118626 0.0410361 -0.999157 0.000569303
-33.7525 44.0248 -1.32468 0.0376736 -0.99929 -4.47472e-05
-33.7511 44.0278 -2.64893 0.0422999 -0.999103 -0.00195157
-33.7533 44.0269 -4.02058 0.0425954 -0.999091 0.00160983
-33.0379 44.0586 -4.71008 0.04723 -0.998884 0.000218104
-31.8748 44.1151 -4.70257 0.0514005 -0.998677 0.00101899
-30.5471 44.194 -4.73038 0.0656325 -0.997841 0.00128201
-30.4115 44.2031 -4.73104 0.067295 -0.99773 0.00262299
-30.3362 44.2071 -5.8018 0.0654172 -0.997857 0.00164859
-29.1226 44.2989 -5.76704 0.086531 -0.996245 0.00270793
-27.9905 44.4028 -5.76482 0.0980216 -0.995181 0.00272563
-26.9089 44.5167 -5.76919 0.113967 -0.993456 0.00725797
-25.828 44.6503 -5.76124 0.129703 -0.991526 0.00718648
-24.6314 44.8198 -5.73089 0.14637 -0.98918 0.00943554
-23.3337 45.0305 -5.77219 0.166319 -0.986056 0.00564643
-22.2526 45.2242 -5.76405 0.183945 -0.982917 0.00606046
-21.1307 45.4417 -5.75687 0.197537 -0.980279 0.00554244
-19.8332 45.7171 -5.80008 0.211541 -0.977369 -0.000121691
-18.5907 45.9905 -5.75658 0.217141 -0.976124 0.00557448
-17.3551 46.2709 -5.75688 0.223952 -0.974597 0.00202671
-16.1502 46.5563 -5.80556 0.233965 -0.97224 0.00116862
-15.0847 46.8141 -5.74581 0.238274 -0.971198 -0.000382593
-14.0374 47.0727 -5.69905 0.242125 -0.970245 -0.00037053
-12.8866 47.3615 -5.75317 0.245383 -0.969426 0.000564834
-11.7015 47.6635 -5.75787 0.249021 -0.968498 -9.62688e-05
-10.4184 47.9962 -5.75218 0.25264 -0.96756 -0.000976647
-9.80405 48.1561 -4.95274 0.253051 -0.967452 -0.00138818
-9.80419 48.1537 -3.74135 0.252669 -0.967551 -0.00164992
-9.79774 48.154 -2.59516 0.252657 -0.967555 -0.000974341
-9.80165 48.1511 -1.36963 0.253281 -0.967391 -0.00166247
-9.81368 48.1461 -0.147021 0.253313 -0.967383 -0.00133808
-9.82028 48.1426 1.04925 0.252481 -0.967601 -0.00129329
-9.80211 48.1453 2.25209 0.25197 -0.967733 -0.0018953
-9.81696 48.1385 3.50165 0.250835 -0.968026 -0.00250254
-9.78781 48.1437 4.5856 0.250434 -0.968132 -0.00190715
-10.0962 48.0624 5.62595 0.248193 -0.968706 -0.00309887
-11.2708 47.7616 5.69453 0.247342 -0.968927 -0.00111769
-12.3475 47.4877 5.75351 0.245417 -0.969417 -0.000804091
-13.3828 47.2267 5.75344 0.243607 -0.969873 -0.00145086
-14.4625 46.9579 5.75942 0.240697 -0.970599 -0.0018046
-15.6448 46.668 5.71878 0.235335 -0.971913 -0.00151688
-16.7253 46.4101 5.73042 0.226812 -0.973935 -0.0024902
-17.8114 46.1606 5.69107 0.21965 -0.975564 -0.00524572
-19.2648 45.8412 5.66749 0.20795 -0.978104 -0.00829236
-20.3569 45.6106 5.69491 0.199262 -0.979936 -0.00450433
-21.4945 45.3827 5.73764 0.18677 -0.982371 -0.00778901
-22.8521 45.133 5.66695 0.173571 -0.984821 -0.00122224
-24.231 44.9057 5.688 0.156622 -0.987641 -0.00590669
-25.5554 44.7157 5.71459 0.133762 -0.99101 -0.00214118
-26.6758 44.5706 5.73098 0.120938 -0.992658 -0.00192187
-27.8602 44.4389 5.71109 0.104699 -0.994496 -0.00382823
-28.9892 44.3286 5.76064 0.0886587 -0.996052 -0.00247302
-30.0763 44.2411 5.76591 0.0740652 -0.997239 -0.00525533
-31.4032 44.1493 5.7208 0.062563 -0.998009 -0.00800601
-32.791 44.0671 5.74438 0.055042 -0.998473 -0.00450006
-33.8961 44.0141 5.66964 0.04272 -0.999078 -0.00420561
-34.8258 43.9774 5.21233 0.0395343 -0.999216 -0.00196272
-34.8323 43.9794 4.14283 0.0384108 -0.99926 -0.00186438
-34.8726 43.9788 3.04174 0.0390946 -0.999234 -0.00112141
-34.8487 43.9813 1.93012 0.0370936 -0.99931 -0.00169549
-34.8115 43.9847 0.643688 0.0370381 -0.999312 -0.000267345
-34.8169 43.9848 -0.564813 0.0347851 -0.999394 -0.00140177
-34.8058 43.9867 -1.76448 0.0357943 -0.999359 -0.000982637
-34.7863 43.9885 -2.84798 0.0361317 -0.999347 -0.000527393
-34.8071 43.9878 -4.20757 0.0340793 -0.999419 0.000196762
-34.739 43.9891 -5.46497 0.03687 -0.999312 0.00388649
-33.7792 44.0257 -5.79538 0.044348 -0.999003 0.00453082
-32.5561 44.0811 -5.7443 0.0494132 -0.998767 0.00469966
-31.4463 44.1385 -5.79718 0.056021 -0.998428 -0.000775489
-30.4514 44.1995 -5.80872 0.0658578 -0.997828 0.00149107
-30.3796 44.2013 -6.86544 0.0645916 -0.997889 0.00658477
-29.1642 44.2885 -6.83381 0.0821825 -0.996553 0.0110058
-28.0691 44.3848 -6.81358 0.0885368 -0.996034 0.00879101
-26.9805 44.4975 -6.83824 0.116396 -0.993073 0.0160582
-25.7988 44.6416 -6.78788 0.128511 -0.991449 0.0226002
-24.4769 44.8332 -6.79965 0.151289 -0.988351 0.0165338
-23.4048 45.0092 -6.78912 0.166249 -0.985971 0.0149158
-22.1673 45.233 -6.78513 0.186042 -0.982471 0.0118061
-20.8384 45.4965 -6.80349 0.20109 -0.979538 0.00822342
-19.7754 45.7221 -6.8499 0.21435 -0.976691 0.0113099
-18.654 45.97 -6.81826 0.217527 -0.976028 0.00711158
-17.6158 46.2059 -6.78673 0.225848 -0.974149 0.00513668
-16.4857 46.471 -6.8476 0.232174 -0.972645 0.00759288
-15.448 46.7227 -6.85607 0.237902 -0.97128 0.00434227
-14.3757 46.9873 -6.76584 0.242422 -0.970168 0.00231764
-13.2062 47.2792 -6.79992 0.24435 -0.969681 0.00318011
-12.0588 47.5707 -6.80999 0.246709 -0.969087 0.00218896
-10.825 47.8902 -6.83154 0.252479 -0.967602 0.000421051
-9.57341 48.2174 -6.78195 0.252906 -0.967491 0.000109187
-8.80035 48.4207 -6.21366 0.25496 -0.966952 -0.000157443
-8.76727 48.4281 -5.11554 0.254947 -0.966953 -0.00193174
-8.79054 48.4191 -3.96232 0.252721 -0.967537 -0.00205785
-8.77521 48.4217 -2.83954 0.253047 -0.967453 -0.000896133
-8.76176 48.4239 -1.71027 0.253054 -0.967451 -0.00151715
-8.80575 48.4108 -0.399904 0.254025 -0.967197 -0.0011311
-8.80681 48.4086 0.762965 0.254574 -0.967051 -0.00219074
-8.79037 48.4099 1.86129 0.252782 -0.96752 -0.00231408
-8.7969 48.4042 3.17352 0.252583 -0.967563 -0.0048136
-8.7715 48.4069 4.38251 0.25027 -0.968171 -0.00306063
-8.73407 48.4129 5.62494 0.249419 -0.968393 -0.00233853
-9.16081 48.3001 6.72212 0.251327 -0.967898 -0.00278634
-10.234 48.0233 6.7673 0.248933 -0.968509 -0.0047321
-11.2922 47.7537 6.79943 0.246567 -0.969121 -0.00291365
-12.498 47.4479 6.81755 0.244114 -0.969741 -0.00311415
-13.5852 47.174 6.75286 0.243691 -0.969849 -0.00273918
-14.6481 46.9095 6.79174 0.241074 -0.970503 -0.00286885
-15.7241 46.6455 6.7738 0.234891 -0.972012 -0.00426353
-17.0041 46.341 6.759 0.229168 -0.973377 -0.00435507
-18.1158 46.0856 6.7597 0.221017 -0.975248 -0.00657709
-19.2975 45.8245 6.74653 0.208395 -0.977996 -0.00929129
-20.4562 45.5839 6.75205 0.198563 -0.98005 -0.00867317
-21.5485 45.3641 6.80818 0.191635 -0.981438 -0.00743457
-22.7435 45.1415 6.7532 0.173967 -0.984666 -0.0124191
-23.7952 44.9652 6.7297 0.155481 -0.987756 -0.0125055
-24.9762 44.7848 6.78429 0.14417 -0.989452 -0.0141073
-26.1958 44.6201 6.78516 0.128159 -0.991633 -0.0150126
-27.5378 44.4622 6.7357 0.111704 -0.993665 -0.0123273
-28.6486 44.3536 6.8145 0.0910364 -0.995784 -0.0108027
-29.9052 44.248 6.78498 0.0790213 -0.996774 -0.0140497
-31.048 44.1655 6.78858 0.0678067 -0.997669 -0.00762482
-32.4488 44.0783 6.7884 0.0582015 -0.998241 -0.0112553
-33.7493 44.0162 6.7576 0.0476017 -0.998862 -0.0027451
-35.0035 43.9665 6.76238 0.032952 -0.999454 -0.00219421
-35.8533 43.94 6.14627 0.0301443 -0.999545 -1.8024e-05
-35.9024 43.9381 5.07776 0.0345897 -0.999401 -0.000553951
-35.8797 43.9407 3.88867 0.0359681 -0.999353 -0.00078329
-35.8959 43.9419 2.67767 0.0356668 -0.999362 -0.00171483
-35.8847 43.9457 1.3281 0.0334578 -0.999436 -0.00273715
-35.8684 43.9489 0.148032 0.0306027 -0.999531 -0.000544131
-35.8815 43.9493 -0.924046 0.0334549 -0.999438 -0.00201449
-35.8696 43.9515 -2.20018 0.0322132 -0.999478 -0.00216266
-35.8744 43.9532 -3.28753 0.0312467 -0.999511 -0.00121678
-35.8669 43.9542 -4.41081 0.0300303 -0.999549 -0.000379229
-35.8708 43.9526 -5.58533 0.0286872 -0.999588 0.000636376
-35.4586 43.9599 -6.76739 0.0244523 -0.99969 0.00466848
-34.1224 44.0048 -6.82588 0.0410295 -0.999081 0.0123591
-32.9008 44.0586 -6.83428 0.0484524 -0.998787 0.00876182
-31.5904 44.1265 -6.81509 0.0578354 -0.998241 0.0126043
-30.7409 44.1777 -6.8561 0.0639065 -0.99794 0.00540423
