-13.9733 48.6343 -0.822316 0.242931 -0.970043 8.14476e-05
-14.0131 48.6249 -1.85142 0.242644 -0.970115 -0.000792814
-14.0923 48.606 -2.91575 0.24294 -0.970041 -0.000144134
-14.156 48.5901 -3.32059 0.243087 -0.970005 0.000323989
-15.0055 48.3795 -3.47863 0.237608 -0.971361 -0.000624036
-14.8703 48.4117 -2.19865 0.238013 -0.971261 -0.00137519
-14.8488 48.4156 -1.28407 0.242348 -0.970189 -0.000172342
-14.8537 48.4156 0.104517 0.239854 -0.970808 0.00122567
-14.9794 48.3845 1.03063 0.240747 -0.970587 -0.000893472
-15.1 48.3534 2.03141 0.238117 -0.971236 -0.000614445
-15.0572 48.3621 3.05448 0.238483 -0.971144 -0.00162312
-14.9978 48.3769 3.47994 0.240407 -0.970672 0.000164324
-15.8686 48.1652 3.54944 0.23357 -0.972339 -0.00166098
-15.9747 48.1409 2.61154 0.232614 -0.972568 -0.0012095
-15.9412 48.1493 1.57664 0.234228 -0.97218 -0.000221961
-15.7876 48.1861 0.446808 0.234318 -0.97216 -0.000800497
-15.6799 48.2127 -0.562757 0.233848 -0.972273 -0.000211192
-15.697 48.2094 -1.79402 0.234457 -0.972126 -0.000547316
-15.7967 48.1862 -2.7815 0.23488 -0.972023 -0.00162468
-15.881 48.1664 -3.60318 0.236161 -0.971713 -0.00119923
-16.7588 47.9556 -3.49257 0.230421 -0.973091 -0.000461072
-16.6055 47.9903 -2.3872 0.231848 -0.972748 -0.00123961
-16.5372 48.0074 -1.31327 0.23333 -0.972397 0.000123994
-16.5697 47.9993 -0.132096 0.227812 -0.973705 0.000156455
-16.6947 47.9693 0.877698 0.228114 -0.973633 0.000133009
-16.8002 47.9444 1.78533 0.231442 -0.972848 -0.000767839
-16.8281 47.937 3.04621 0.228338 -0.973582 -0.000583451
-16.7601 47.9527 3.47777 0.228616 -0.973516 -0.000586361
-17.6129 47.7534 3.56782 0.224284 -0.974523 0.00069651
-17.7823 47.7129 2.38303 0.225667 -0.974197 0.00123928
-17.5769 47.7628 1.26514 0.227021 -0.973882 -0.0038152
-17.4716 47.7888 0.182204 0.226216 -0.974077 0.000620409
-17.387 47.8083 -0.830939 0.225998 -0.974128 -0.000137468
-17.4014 47.803 -1.83002 0.224644 -0.974433 -0.000559917
-17.5867 47.7611 -3.09003 0.225066 -0.974341 -0.00037098
-17.6506 47.747 -3.51107 0.227052 -0.973882 -0.000979163
-18.5574 47.5423 -3.5045 0.216865 -0.976201 0.000952539
-18.407 47.5744 -2.59241 0.218771 -0.975767 -0.000313664
-18.2692 47.6055 -1.54209 0.22029 -0.975432 -0.0019999
-18.2708 47.6036 -0.621817 0.224182 -0.974545 -0.000967501
-18.3601 47.5846 0.301969 0.220225 -0.975442 0.000885248
-18.5016 47.5496 1.50015 0.215722 -0.976453 -0.00115254
-18.6967 47.5051 2.46175 0.218142 -0.975914 -0.00146122
-18.4948 47.5512 3.46351 0.222093 -0.975024 0.00167172
-19.3427 47.3626 3.50985 0.215186 -0.976568 0.00315071
-19.5586 47.3156 2.6094 0.211168 -0.977444 -0.00327018
-19.3691 47.3583 1.58997 0.213552 -0.97693 -0.00127115
-19.2303 47.3902 0.662166 0.212606 -0.977133 -0.00221245
-19.1524 47.4079 -0.347027 0.213429 -0.976959 0.000431058
-19.1104 47.4177 -1.37609 0.213808 -0.976873 -0.0011889
-19.3088 47.3771 -2.59574 0.211419 -0.977392 -0.00239767
-19.4722 47.3421 -3.60608 0.210808 -0.977527 0.000604307
-20.3457 47.1554 -3.47996 0.203039 -0.979169 0.00164321
-20.1049 47.2047 -2.11941 0.210075 -0.977683 -0.00220716
-20.0091 47.2229 -1.12701 0.204697 -0.978822 -0.00199736
-20.0464 47.2135 -0.160115 0.208991 -0.977906 0.00288989
-20.1052 47.2028 0.978594 0.204932 -0.978775 -0.00137027
-20.3595 47.147 2.19615 0.201034 -0.979583 -0.00136938
-20.253 47.1701 3.31265 0.200292 -0.979729 0.00292762
-20.2247 47.1765 3.42673 0.202364 -0.979303 0.00361613
-21.0287 47.0146 3.59415 0.195791 -0.980643 0.00147291
-21.1872 46.9816 2.5632 0.193798 -0.981039 0.00179486
-20.9043 47.0359 1.35831 0.195787 -0.980645 0.00166203
-21.0326 47.011 0.267842 0.197125 -0.980377 -0.00185515
-20.9384 47.0312 -0.88489 0.194448 -0.980912 -0.00130331
-20.9625 47.0284 -1.83885 0.199594 -0.979876 -0.00205662
-21.1997 46.9805 -2.89319 0.198119 -0.980171 0.00298245
-21.2312 46.9717 -3.5386 0.202275 -0.979327 0.00155739
-22.1138 46.7972 -3.3834 0.189083 -0.981959 0.00172708
-22.0545 46.8099 -2.22956 0.191455 -0.981491 0.000298352
-22.0425 46.8144 -1.12349 0.18916 -0.981945 0.00132822
-22.088 46.8056 -0.140101 0.184386 -0.982853 -0.00132672
-21.916 46.8351 0.944072 0.181331 -0.983412 -0.00410846
-21.8995 46.8403 1.85009 0.190373 -0.981701 0.0046506
-21.9457 46.8356 2.99711 0.190683 -0.981651 0.000904926
-21.9932 46.8275 3.55283 0.185254 -0.982682 0.00378852
-22.9623 46.6481 3.52163 0.17146 -0.98518 0.00465197
-22.9517 46.6443 2.21737 0.171393 -0.985199 0.00272245
-22.9899 46.6389 1.15439 0.176684 -0.984266 -0.0015399
-22.9125 46.6524 0.231683 0.176236 -0.984347 0.00120856
-22.967 46.645 -0.795882 0.178943 -0.983844 8.53761e-05
-22.9617 46.6438 -1.78503 0.170518 -0.985337 0.0058081
-22.951 46.6416 -2.84691 0.16777 -0.9858 0.00486206
-22.9314 46.6458 -3.47868 0.171229 -0.98523 0.00140916
-23.776 46.502 -3.62136 0.164732 -0.986322 0.00487384
-23.9457 46.4764 -2.64173 0.163165 -0.986596 0.00140333
-23.9624 46.4745 -1.64446 0.161544 -0.986856 -0.00227004
-23.8554 46.4871 -0.522312 0.166969 -0.985933 -0.00531785
-23.7042 46.513 0.453733 0.173913 -0.984759 -0.000561071
-23.9615 46.4703 1.38409 0.16416 -0.986423 0.0037339
-24.0183 46.467 2.45832 0.16098 -0.98695 0.00390995
-23.8719 46.4933 3.54922 0.156572 -0.987666 0.00123635
-24.8382 46.3407 3.28751 0.148554 -0.9889 0.00159028
-24.9297 46.3244 2.33928 0.144838 -0.98944 0.00523102
-24.8047 46.3376 1.34157 0.145341 -0.989369 0.00494653
-24.6036 46.3647 0.348988 0.151264 -0.988487 7.94704e-06
-24.7144 46.3507 -0.760826 0.152678 -0.988265 -0.00448738
-24.8683 46.3291 -1.76089 0.148534 -0.988907 0.000956427
-24.8369 46.3327 -2.66655 0.155684 -0.987801 0.00303698
-24.7075 46.3504 -3.40293 0.156107 -0.987737 0.00261378
-25.6237 46.2122 -3.52878 0.139668 -0.990185 0.00504324
-25.7308 46.2009 -2.59957 0.137912 -0.990444 0.000539602
-25.697 46.2057 -1.61333 0.14143 -0.989946 -0.00191227
-25.5462 46.2259 -0.515474 0.140622 -0.990063 0.000252371
-25.5238 46.2306 0.618942 0.137798 -0.990459 0.000704885
-25.7534 46.2036 1.71896 0.1399 -0.990152 0.00517946
-25.802 46.2013 2.65887 0.140053 -0.990136 0.00385218
-25.6982 46.2157 3.57751 0.139966 -0.990156 -0.000704047
-26.5915 46.0966 3.56447 0.124086 -0.992259 -0.00156265
-26.6515 46.0887 2.40816 0.126947 -0.99189 0.00610003
-26.5412 46.0975 1.25657 0.125987 -0.992026 0.00334565
-26.387 46.1126 0.296468 0.129491 -0.991575 0.0034195
-26.4231 46.1055 -0.640217 0.129816 -0.991535 0.00231021
-26.5563 46.0862 -1.64073 0.12724 -0.99187 -0.00157335
-26.5981 46.0826 -2.68288 0.13028 -0.991476 -0.000674167
-26.5096 46.0902 -3.64199 0.130521 -0.991442 0.00109727
-27.4088 45.978 -3.58105 0.118102 -0.992998 -0.000989229
-27.4764 45.9736 -2.31588 0.114989 -0.993365 0.00197089
-27.3947 45.9842 -1.31765 0.115579 -0.993298 0.00113331
-27.2976 45.9952 -0.228972 0.122097 -0.992515 0.00201233
-27.3858 45.9936 1.10445 0.11513 -0.993305 0.00935391
-27.5194 45.983 2.15832 0.113694 -0.993504 0.00280851
-27.503 45.9881 3.31635 0.116868 -0.993147 0.000164766
-28.4054 45.8901 3.15415 0.103823 -0.994573 0.00676248
-28.4283 45.8821 2.19708 0.107669 -0.994175 0.00305541
-28.301 45.8922 1.19789 0.107683 -0.994178 0.00390753
-28.1708 45.901 0.136819 0.100564 -0.994922 0.00100333
-28.2559 45.8891 -0.937547 0.105046 -0.994467 0.000521749
-28.331 45.8775 -2.11163 0.101757 -0.9948 -0.00266688
-28.3178 45.8812 -3.07432 0.0997347 -0.995009 -0.00321365
-28.3054 45.8836 -3.51416 0.102145 -0.994768 -0.00176441
-29.1994 45.796 -3.48511 0.0886035 -0.996064 -0.00194839
-29.2194 45.7917 -2.46809 0.0928228 -0.99568 -0.00235208
-29.1614 45.7979 -1.41929 0.0940334 -0.995538 0.00788564
-29.0837 45.8128 -0.260336 0.088541 -0.99606 0.00485554
-29.143 45.8066 0.808517 0.0917777 -0.995778 -0.00145939
-29.2918 45.7969 2.06686 0.0882502 -0.996084 0.00382826
-29.272 45.8029 3.04445 0.091815 -0.995732 0.00835609
-29.2511 45.8086 3.54189 0.0979166 -0.995175 0.00614699
-30.1328 45.7308 3.39035 0.0823688 -0.996588 0.00517925
-30.1341 45.7266 2.47548 0.0812094 -0.996693 0.00285609
-30.1093 45.7248 1.51217 0.0800877 -0.996778 0.00352348
-29.9975 45.7327 0.580943 0.0825103 -0.99659 0.000196008
-29.9774 45.732 -0.460594 0.0825918 -0.996557 0.00231206
-30.0474 45.7244 -1.53698 0.0790131 -0.99687 0.00244746
-30.0879 45.7201 -2.44726 0.0783021 -0.996929 0.000611311
-30.0927 45.7192 -3.51788 0.0776166 -0.996981 -0.000700984
-30.0938 45.7194 -3.6128 0.0753914 -0.997152 -0.000520351
-30.9775 45.6528 -3.43298 0.0695978 -0.997575 -0.000651943
-30.9608 45.6559 -2.4199 0.0724688 -0.997365 0.00251306
-30.9175 45.6606 -1.45191 0.070528 -0.997508 0.00194645
-30.8523 45.6658 -0.383819 0.0732344 -0.997313 -0.00112285
-30.907 45.6618 0.743006 0.0746719 -0.997208 0.00095385
-30.9946 45.6565 1.68843 0.078641 -0.996902 0.00148535
-31.0213 45.6553 2.28718 0.0785774 -0.996905 0.0022651
-13.9816 48.6326 -0.268324 0.242888 -0.970054 0.000887718
-14.0598 48.6132 0.770136 0.242941 -0.970041 -0.000804125
-14.1792 48.582 1.7341 0.241562 -0.970384 -0.0018772
-14.1889 48.5775 2.87719 0.242483 -0.970154 -0.000444508
-14.145 48.5887 3.26151 0.242038 -0.970266 -0.000199368
-16.7112 47.9636 4.65947 0.228385 -0.973571 -0.000220468
-15.6509 48.2167 4.62205 0.23718 -0.971465 -0.000758261
-14.6002 48.4748 4.60903 0.240149 -0.970736 -0.000517024
-13.3166 48.797 4.53406 0.245172 -0.969478 -0.00144142
-12.9513 48.8899 3.59101 0.246767 -0.969075 -0.000168903
-13.0017 48.878 2.46115 0.24549 -0.969398 -0.00100267
-12.9507 48.8918 1.10889 0.246325 -0.969187 -0.000391478
-12.9457 48.8934 -0.0432452 0.246092 -0.969246 -0.000452143
-12.9522 48.8917 -1.20466 0.246321 -0.969187 -0.00119463
-12.9778 48.8868 -2.38567 0.245738 -0.969336 -0.000732181
-12.9771 48.8881 -3.88247 0.247915 -0.968781 -0.000707115
-13.6369 48.7214 -4.64859 0.243649 -0.969864 -0.000393738
-14.8021 48.4301 -4.67689 0.239934 -0.970789 -0.000264229
-15.8945 48.1628 -4.7249 0.235516 -0.97187 0.000590492
-17.1471 47.8643 -4.7011 0.228876 -0.973456 0.000198973
-18.1935 47.6223 -4.67719 0.219432 -0.975623 -0.000716553
-19.2344 47.3922 -4.68949 0.212699 -0.977115 0.000258646
-20.4765 47.1258 -4.71332 0.20485 -0.978781 0.00401308
-21.6142 46.8926 -4.69839 0.190773 -0.981633 -0.000975034
-22.9122 46.6478 -4.66809 0.174033 -0.98472 0.00623007
-24.1399 46.4363 -4.68841 0.15769 -0.98745 0.0085369
-25.2658 46.2619 -4.72106 0.150758 -0.988565 0.00310102
-26.3199 46.116 -4.71137 0.127874 -0.99179 -0.000869361
-27.3951 45.9825 -4.71183 0.108478 -0.99409 -0.00384864
-28.5854 45.8565 -4.71429 0.0990259 -0.995082 0.000671166
-30.0147 45.7245 -4.69669 0.0849653 -0.996374 0.00115341
-31.4631 45.6189 -4.67017 0.0679509 -0.997685 0.0026562
-32.1725 45.5744 -3.80149 0.060261 -0.998181 -0.00139531
-32.1661 45.5738 -2.35736 0.0603347 -0.998167 0.00329342
-32.1214 45.5788 -1.15108 0.059489 -0.998228 -0.000183906
-32.0807 45.5797 -0.0853129 0.0591411 -0.998249 0.000531014
-32.0596 45.5823 1.10654 0.0605491 -0.998165 -0.000368138
-32.0918 45.5801 2.3625 0.0629075 -0.998019 4.90833e-05
-32.1473 45.5796 3.52968 0.0597761 -0.998208 0.00284707
-31.8994 45.5978 4.60596 0.0654629 -0.997847 -0.00375609
-30.5638 45.697 4.67979 0.0813237 -0.996678 -0.00431988
-29.431 45.7932 4.64278 0.094577 -0.995517 -0.000850633
-28.3056 45.9039 4.64446 0.104183 -0.994549 -0.0042635
-27.0775 46.0394 4.6304 0.115277 -0.993331 0.00148805
-25.6415 46.226 4.6507 0.1434 -0.989658 0.00364992
-24.4049 46.4109 4.6691 0.152161 -0.988352 0.00216039
-23.2056 46.6087 4.69914 0.170104 -0.98542 -0.00330841
-21.8154 46.8646 4.70493 0.18818 -0.982133 -0.000719767
-20.5765 47.1083 4.65204 0.201036 -0.979582 -0.00136896
-19.4189 47.3509 4.63707 0.208803 -0.977956 -0.00184573
-18.3801 47.5795 4.69076 0.219263 -0.975665 -0.0015488
-17.2151 47.8464 4.6798 0.224659 -0.974436 -0.00139123
-17.007 47.8942 4.66059 0.226073 -0.974107 -0.000474932
-16.9113 47.9152 5.71522 0.227743 -0.973717 -0.00275028
-18.0299 47.6571 5.76732 0.222205 -0.974994 -0.00332394
-19.2554 47.3835 5.70968 0.211255 -0.977415 -0.00553615
-20.4205 47.1388 5.69419 0.202801 -0.979206 -0.00517137
-21.7694 46.8703 5.75835 0.190445 -0.98168 -0.0057275
-22.9836 46.6429 5.73692 0.17213 -0.985028 -0.00766705
-24.2031 46.4391 5.7325 0.158341 -0.987364 -0.00485486
-25.3957 46.2591 5.69423 0.147313 -0.989039 -0.00991087
-26.6296 46.0892 5.69273 0.127517 -0.991815 -0.00500638
-27.8743 45.9442 5.67937 0.1082 -0.994104 -0.0070752
-29.1846 45.8138 5.7085 0.0929318 -0.995668 -0.00287116
-30.4509 45.7017 5.72829 0.0823976 -0.99658 -0.00513138
-31.7972 45.6006 5.70811 0.0621131 -0.998055 -0.00519121
-33.0691 45.5255 5.47623 0.0586923 -0.998275 -0.00133212
-33.2396 45.5162 4.26384 0.0551828 -0.998475 0.000627129
-33.194 45.5174 3.00303 0.0568938 -0.998376 0.00287288
-33.1678 45.5178 1.91443 0.0522464 -0.998634 -9.13228e-05
-33.1329 45.5199 0.603186 0.0540208 -0.998539 0.000691211
-33.1725 45.5175 -0.70417 0.0518607 -0.998654 -0.000306342
-33.2245 45.5148 -2.01993 0.0560791 -0.998424 0.0019153
-33.2244 45.5123 -3.20519 0.0556721 -0.998449 -0.000140007
-33.2509 45.5122 -4.38624 0.055623 -0.998451 -0.000894167
-33.007 45.5252 -5.51687 0.0549199 -0.998486 0.00290844
-31.9707 45.5847 -5.73278 0.0619861 -0.998066 0.00462613
-30.9092 45.6562 -5.74399 0.0704312 -0.997516 0.000124906
-29.8241 45.7365 -5.74574 0.0834099 -0.996492 0.00249762
-28.5937 45.8518 -5.76604 0.0982539 -0.995126 0.00791698
-27.3951 45.979 -5.75515 0.112906 -0.993579 0.00641033
-26.1843 46.1303 -5.7621 0.129963 -0.991501 0.00588452
-25.1036 46.2818 -5.78077 0.146233 -0.989229 0.00587883
-23.617 46.5193 -5.72887 0.166078 -0.9861 0.00189697
-22.3938 46.7405 -5.73322 0.187555 -0.98224 0.00446732
-21.3101 46.9505 -5.77384 0.195193 -0.980739 0.00562604
-20.2539 47.1703 -5.74973 0.210504 -0.977569 0.00684022
-19.0567 47.4293 -5.7395 0.215813 -0.976432 0.00211526
-18.0101 47.663 -5.7557 0.222841 -0.97484 0.00493877
-16.9087 47.9195 -5.78192 0.230114 -0.973163 -5.61121e-05
-15.745 48.1988 -5.77036 0.236749 -0.971569 0.00146348
-14.4785 48.5107 -5.72355 0.24255 -0.970136 0.00223028
-13.2937 48.809 -5.74477 0.245768 -0.969328 0.000923514
-12.2093 49.0859 -5.54218 0.249227 -0.968445 -0.000876612
-11.9272 49.1579 -4.58075 0.249915 -0.968267 -0.00134321
-11.9716 49.145 -3.18658 0.249681 -0.968327 -0.00117612
-11.9338 49.1531 -1.87406 0.248812 -0.968551 -0.00129572
-11.9468 49.1481 -0.728177 0.248147 -0.968722 -0.000672962
-11.922 49.154 0.417882 0.24771 -0.968834 -0.00054662
-11.9318 49.1509 1.54526 0.247923 -0.96878 -0.000349423
-11.9732 49.14 2.62745 0.247639 -0.968852 -0.000759702
-11.9147 49.1538 3.9097 0.24739 -0.968915 -0.00112457
-12.0025 49.1294 5.16258 0.247454 -0.968898 -0.0018785
-12.9466 48.8888 5.6875 0.245605 -0.969367 -0.00245948
-14.0936 48.5998 5.65406 0.243889 -0.969801 -0.00172747
-15.3367 48.2923 5.69146 0.238717 -0.971086 -0.00253264
-16.5317 48.0043 5.70511 0.232418 -0.972615 -0.00149018
-16.5358 48.0034 5.7052 0.227842 -0.973696 -0.00191335
-16.5146 48.0052 6.76988 0.232818 -0.972493 -0.00716761
-17.5607 47.7593 6.79637 0.22544 -0.974192 -0.0112514
-18.6917 47.4997 6.77606 0.220589 -0.975278 -0.0130215
-19.7975 47.2621 6.72824 0.205729 -0.97854 -0.0115679
-21.1022 46.9919 6.78456 0.197722 -0.980175 -0.0127142
-22.4034 46.7406 6.78604 0.18589 -0.982505 -0.0113179
-23.6723 46.5164 6.79908 0.168202 -0.985664 -0.012916
-25.1105 46.2898 6.75895 0.150322 -0.988535 -0.0141417
-26.2174 46.1339 6.75757 0.131332 -0.991271 -0.0114827
-27.2739 46.0028 6.7564 0.112979 -0.993564 -0.0081257
-28.3806 45.8816 6.79366 0.101896 -0.994714 -0.0126905
-29.4461 45.7818 6.77436 0.0950178 -0.995401 -0.011702
-30.509 45.6921 6.79199 0.0805731 -0.996636 -0.0149542
-31.716 45.5981 6.76288 0.0636704 -0.997916 -0.00950701
-32.9752 45.5241 6.77151 0.057267 -0.998311 -0.00979537
-34.0703 45.4651 6.70741 0.0523827 -0.998596 -0.00786801
-34.2876 45.4589 5.54836 0.0533839 -0.998573 -0.00175391
-34.2971 45.4594 4.32694 0.051827 -0.998656 -0.00044918
-34.2664 45.4591 3.24629 0.0536043 -0.998557 0.00242552
-34.2681 45.4618 1.8623 0.0502086 -0.998735 -0.00259986
-34.2663 45.4626 0.515443 0.0484321 -0.998826 -0.000277628
-34.2598 45.4624 -0.866613 0.0492604 -0.998786 0.000393147
-34.2766 45.4601 -1.96995 0.0499075 -0.998742 0.00460104
-34.272 45.4569 -3.13789 0.0509193 -0.998702 0.000817483
-34.2888 45.4571 -4.27016 0.0507538 -0.998709 -0.00196973
-34.3202 45.4556 -5.60065 0.0508525 -0.998706 0.000958363
-34.0753 45.4658 -6.63699 0.0495906 -0.998763 0.00365318
-32.9568 45.5225 -6.78481 0.0541004 -0.998517 0.00602454
-31.8149 45.5896 -6.81395 0.0590923 -0.998236 0.00561991
-30.675 45.6669 -6.80498 0.0693314 -0.997471 0.0156453
-29.4641 45.7632 -6.80099 0.0886048 -0.99602 0.0096245
-28.1555 45.8844 -6.80851 0.103706 -0.994405 0.0197896
-26.9303 46.0252 -6.8011 0.121159 -0.992555 0.0122618
-25.7979 46.1699 -6.8443 0.138532 -0.990154 0.0200897
-24.7299 46.3261 -6.82545 0.150135 -0.988535 0.0151091
-23.4859 46.531 -6.78458 0.168683 -0.985545 0.0157289
-22.225 46.7637 -6.79513 0.187401 -0.982214 0.0116765
-21.1455 46.9765 -6.84479 0.200953 -0.97955 0.00964349
-20.0906 47.1962 -6.80717 0.207749 -0.978131 0.00994719
-18.9105 47.4539 -6.80829 0.216669 -0.976214 0.00770449
-17.7657 47.7129 -6.82328 0.229003 -0.973406 0.00612752
-16.6921 47.9671 -6.82365 0.229963 -0.973167 0.0079052
-15.6281 48.2244 -6.83338 0.235396 -0.971889 0.00446088
-14.3427 48.5422 -6.80645 0.243295 -0.969947 0.00249042
-13.1379 48.8474 -6.84334 0.248143 -0.968721 0.0022757
-11.9443 49.1535 -6.74668 0.250539 -0.968104 0.00104138
-10.9785 49.4055 -6.61116 0.252858 -0.967503 -0.000475987
-10.8825 49.4295 -5.38734 0.251622 -0.967825 -0.00107547
-10.9232 49.4172 -4.30021 0.250982 -0.967991 -0.00161866
-10.9558 49.4075 -3.2002 0.25105 -0.967974 -0.000883107
-10.9115 49.4169 -2.08314 0.250306 -0.968163 -0.00260131
-10.9544 49.4034 -0.995211 0.248929 -0.96852 -0.00170012
-10.9098 49.4136 0.131579 0.248686 -0.968584 -0.0010717
-10.9296 49.4075 1.33913 0.24805 -0.968747 -8.59892e-05
-10.9431 49.404 2.50089 0.248619 -0.968601 -0.000277416
-10.8903 49.416 3.82481 0.248299 -0.968682 -0.00152022
-10.9298 49.4039 5.0147 0.248414 -0.968652 -0.00184021
-10.9338 49.4002 6.29657 0.248098 -0.968732 -0.00254602
-12.1737 49.0819 6.71436 0.247115 -0.96898 -0.00333262
-13.2284 48.8149 6.76285 0.244231 -0.969713 -0.00262262
-14.2732 48.5525 6.73077 0.241518 -0.970393 -0.00263337
-15.5104 48.2464 6.77843 0.237783 -0.971309 -0.00403278
-16.2561 48.067 6.76139 0.233842 -0.972253 -0.00620387
