-15.8808 49.1951 0.650291 0.237371 -0.971418 -0.00142534
-15.9099 49.1892 -0.502434 0.23624 -0.971694 0.000768978
-15.9117 49.1893 -2.00299 0.23829 -0.971193 -0.00125766
-15.8865 49.1965 -3.06372 0.235824 -0.971796 -0.000520006
-16.6978 49.0005 -3.46888 0.233826 -0.972277 -0.00139559
-16.7672 48.982 -2.24874 0.23352 -0.972347 -0.00315973
-16.7453 48.9871 -1.06574 0.232613 -0.972568 0.00136232
-16.7371 48.988 0.0796002 0.233592 -0.972334 -0.00073977
-16.711 48.9932 1.24847 0.235174 -0.971953 -0.000722529
-16.6903 48.9968 2.39217 0.233233 -0.972419 -0.00172372
-16.6431 49.0068 3.27136 0.233359 -0.97239 0.00122194
-17.4973 48.8036 3.55864 0.226303 -0.974055 0.00139845
-17.5112 48.8017 2.21975 0.228661 -0.973504 -0.00208044
-17.5627 48.7914 0.992447 0.22779 -0.97371 -0.000371676
-17.5781 48.7901 -0.350587 0.226147 -0.974091 -0.00216149
-17.6048 48.7839 -1.71078 0.226415 -0.97403 -0.000394153
-17.6036 48.7865 -2.84391 0.227156 -0.973858 -0.000403431
-17.533 48.8022 -3.61001 0.228319 -0.973585 0.000702334
-18.3795 48.6057 -3.65626 0.22092 -0.97529 0.00177752
-18.4476 48.5921 -2.52101 0.220955 -0.975284 0.000288882
-18.4201 48.5962 -1.10621 0.221412 -0.975177 -0.00251112
-18.4323 48.5919 0.0501185 0.223671 -0.974664 -0.000839934
-18.4034 48.597 1.19224 0.223323 -0.974741 -0.00217516
-18.3531 48.6056 2.34671 0.22525 -0.974292 -0.00413262
-18.316 48.6145 3.31586 0.224555 -0.974461 -7.74757e-05
-19.1561 48.4251 3.60633 0.213892 -0.976855 -0.00207855
-19.1925 48.4186 2.43192 0.212955 -0.977061 -0.00150005
-19.2562 48.4052 1.24643 0.217767 -0.975998 -0.00166336
-19.2466 48.4084 0.0264054 0.21693 -0.976186 0.000736879
-19.2616 48.4074 -1.22823 0.217137 -0.976137 -0.00277035
-19.2758 48.4069 -2.51174 0.213484 -0.976946 0.00041561
-19.2415 48.4133 -3.55372 0.212179 -0.977227 0.00271259
-20.1173 48.2238 -3.59984 0.208073 -0.978113 -0.000504504
-20.1064 48.2257 -2.49235 0.208249 -0.978067 -0.0013522
-20.1018 48.2231 -1.29734 0.210978 -0.977471 -0.00512747
-20.0695 48.2274 0.0460214 0.213862 -0.976864 0.000651159
-20.1102 48.2184 1.23227 0.211591 -0.977358 -0.000155314
-20.0387 48.2344 2.37659 0.209086 -0.977895 -0.00108693
-20.0091 48.2398 3.15672 0.211741 -0.977325 -0.000375472
-20.8173 48.0734 3.64471 0.201119 -0.979566 0.00080168
-20.8695 48.0628 2.48847 0.197798 -0.980242 -0.00149764
-20.9823 48.0377 1.11148 0.198872 -0.980023 0.00181143
-20.8734 48.0583 -0.362871 0.202761 -0.979225 -0.000417556
-20.9382 48.0514 -1.53705 0.198463 -0.980079 -0.00749721
-20.9305 48.0539 -2.65708 0.204801 -0.978801 -0.000148827
-20.9274 48.0538 -3.32197 0.199456 -0.979906 0.000162924
-21.7931 47.8795 -3.58835 0.191258 -0.981537 0.00236711
-21.7486 47.8904 -2.48402 0.194542 -0.98089 -0.000496144
-21.7338 47.8909 -1.16635 0.188629 -0.982042 -0.00330036
-21.7018 47.8961 -0.0140415 0.18744 -0.982273 0.00164492
-21.8098 47.8755 1.16688 0.186226 -0.9825 -0.000814408
-21.7163 47.8942 2.24264 0.185962 -0.982556 0.000799855
-21.7499 47.8877 3.34861 0.186351 -0.982482 0.000270084
-21.7249 47.8929 3.55193 0.187491 -0.982261 0.00277657
-22.6141 47.7303 3.55991 0.175728 -0.984436 0.00244114
-22.6141 47.729 2.41088 0.176517 -0.984297 -0.0005026
-22.6141 47.7277 1.11745 0.17843 -0.983949 0.00250762
-22.6141 47.7252 -0.235167 0.182641 -0.983177 0.00186113
-22.6141 47.7253 -1.38306 0.178683 -0.983905 0.00149852
-22.6141 47.7237 -2.58402 0.186295 -0.982493 0.000827556
-22.6141 47.7226 -3.439 0.18412 -0.982898 0.000160989
-23.6181 47.5446 -3.40887 0.171562 -0.985169 0.000128702
-23.5321 47.5584 -2.30824 0.164152 -0.986435 -0.00039237
-23.5699 47.5547 -0.83429 0.174636 -0.984632 0.00166563
-23.4478 47.5781 0.347307 0.173366 -0.984856 0.000258268
-23.5298 47.5658 1.48902 0.165194 -0.986253 0.00289575
-23.575 47.5584 2.64153 0.166423 -0.986053 -0.00133076
-23.4701 47.5773 3.62917 0.168362 -0.985723 0.0007515
-24.4077 47.4199 3.44184 0.160977 -0.986955 0.00107583
-24.4181 47.4191 2.30224 0.157552 -0.987504 0.0017244
-24.4714 47.4059 0.998462 0.164217 -0.986413 0.00464121
-24.4814 47.4003 -0.383607 0.165519 -0.986204 0.00190158
-24.4251 47.4087 -1.62764 0.162995 -0.986624 -0.00238859
-24.255 47.4392 -2.81252 0.160738 -0.986996 -0.00137972
-24.378 47.4181 -3.45575 0.161574 -0.986844 0.00569707
-25.2293 47.2859 -3.58512 0.149881 -0.988703 0.00129884
-25.1776 47.2925 -2.38164 0.146401 -0.989219 -0.00077795
-25.3205 47.2677 -1.23985 0.147458 -0.989059 0.000276005
-25.3476 47.2665 0.0869142 0.1444 -0.989519 0.000659425
-25.3593 47.2677 1.19657 0.148036 -0.988937 0.00885319
-25.3313 47.2776 2.32641 0.146355 -0.989226 0.00333543
-25.2905 47.2845 3.46841 0.144892 -0.989446 0.00177557
-26.1965 47.1576 3.59596 0.136831 -0.990573 0.00643689
-26.2162 47.1496 2.28208 0.13944 -0.990213 0.00582842
-26.2187 47.1439 0.903017 0.133032 -0.991099 0.00493626
-26.2287 47.1404 -0.3407 0.136053 -0.990701 -0.000911974
-26.1537 47.1499 -1.47329 0.136711 -0.990611 -0.000245644
-26.0065 47.172 -2.71602 0.141268 -0.989971 -0.000448037
-26.0499 47.1653 -3.3833 0.140823 -0.990032 0.0025326
-26.9124 47.0466 -3.48592 0.124673 -0.992196 0.000735709
-26.8959 47.0521 -2.29829 0.129902 -0.991526 0.00106885
-27.0499 47.0314 -1.18757 0.128373 -0.991723 -0.00238775
-27.0822 47.027 0.0610132 0.121105 -0.992633 0.00294296
-27.076 47.0328 1.16694 0.126616 -0.991942 0.00406419
-27.0775 47.0378 2.4758 0.128809 -0.991663 0.00358693
-27.0723 47.0413 3.38463 0.12782 -0.991794 0.00272065
-27.955 46.9374 3.47577 0.111726 -0.993739 0.000847901
-27.9379 46.9324 2.03046 0.115057 -0.993351 0.0028054
-27.9474 46.9276 0.840504 0.103896 -0.994567 0.00617022
-27.9496 46.9254 -0.399884 0.108722 -0.994058 0.00214335
-27.836 46.9386 -1.71966 0.110556 -0.993866 0.00252062
-27.732 46.9482 -2.89276 0.118098 -0.992991 0.00460514
-27.7465 46.9447 -3.53865 0.109138 -0.994025 0.000556432
-28.594 46.8569 -3.34593 0.0925287 -0.99571 0.000497678
-28.6515 46.8529 -2.20667 0.0950184 -0.995469 -0.00347705
-28.7635 46.8408 -1.05669 0.100958 -0.99489 0.000661182
-28.7902 46.8388 0.145703 0.0996165 -0.995026 -7.37832e-05
-28.8126 46.8405 1.40737 0.101323 -0.994848 0.00304343
-28.823 46.8449 2.89457 0.100951 -0.994883 0.00263284
-28.8415 46.8415 3.59191 0.103677 -0.994606 -0.000997783
-29.666 46.7558 -0.254817 0.0862777 -0.996243 0.00246604
-29.5902 46.7624 -1.52315 0.0834469 -0.996511 -0.000913422
-29.4868 46.7754 -2.78589 0.0907858 -0.99587 0.000553635
-29.4768 46.7761 -3.14871 0.0906754 -0.99588 0.00110318
-30.7324 46.6703 -1.42704 0.0775052 -0.996992 0.00018857
-30.7154 46.671 -2.56272 0.0774883 -0.996992 0.00155018
-30.6338 46.6739 -4.13441 0.0798846 -0.996802 0.00195894
-29.7872 46.7436 -4.63748 0.0878949 -0.996121 0.004119
-28.4673 46.8687 -4.63866 0.0998886 -0.994998 0.000881095
-27.1303 47.0193 -4.68589 0.124301 -0.992219 -0.00687586
-25.9964 47.173 -4.70362 0.141491 -0.989932 0.00222832
-24.8046 47.3474 -4.6675 0.15198 -0.988379 0.00306489
-23.7732 47.515 -4.64686 0.167291 -0.985907 0.00113347
-22.6541 47.715 -4.7083 0.183822 -0.982957 -0.00190276
-21.5474 47.9267 -4.73299 0.195479 -0.980684 -0.000221275
-20.4233 48.1596 -4.70256 0.20423 -0.978923 0.000581973
-19.3238 48.3939 -4.73138 0.216672 -0.976235 -0.00207385
-18.0321 48.687 -4.7314 0.224226 -0.974537 -0.00116386
-16.7844 48.981 -4.72722 0.232802 -0.972522 0.00210658
-15.6676 49.2503 -4.73731 0.236439 -0.971644 0.00225659
-14.8468 49.4526 -4.25922 0.2406 -0.970623 -0.00104324
-14.7948 49.4638 -3.00534 0.239362 -0.97093 -0.000285095
-14.8002 49.4623 -1.90595 0.239962 -0.970781 -0.00157832
-14.7729 49.469 -0.694775 0.240644 -0.970613 0.000727569
-14.8258 49.4547 0.536198 0.240613 -0.97062 -0.00125449
-14.8753 49.4413 1.87431 0.24093 -0.970541 -0.0015009
-14.8426 49.4478 2.99352 0.240982 -0.970529 -0.00106445
-14.835 49.4491 4.04806 0.241017 -0.970521 -0.000675465
-15.6657 49.2428 4.66396 0.240421 -0.970668 -0.00111932
-16.8729 48.9519 4.68105 0.231407 -0.972854 -0.00225099
-18.0319 48.6792 4.71321 0.226396 -0.974033 -0.00199221
-19.0866 48.4396 4.72791 0.219732 -0.975558 -0.00212923
-20.1402 48.2139 4.70833 0.20206 -0.979372 0.000753226
-21.2431 47.9883 4.69446 0.194201 -0.98095 0.000147962
-22.3993 47.7689 4.67084 0.181012 -0.983475 -0.00168655
-23.5673 47.5627 4.69238 0.166579 -0.986027 -0.000933918
-24.8707 47.3504 4.70813 0.151053 -0.988514 0.00317577
-25.9571 47.1933 4.70206 0.138649 -0.990337 0.00234141
-27.171 47.0319 4.66849 0.127308 -0.99186 0.00148448
-28.39 46.8915 4.67651 0.107714 -0.994178 0.000840239
-29.4562 46.7846 4.64825 0.0956441 -0.995404 0.0046782
-30.5871 46.6844 4.43283 0.0837791 -0.996478 -0.000469336
-30.6871 46.6756 3.10876 0.0788797 -0.996884 -0.000372422
-30.6687 46.6756 1.84968 0.0831194 -0.996539 0.00119785
-30.6981 46.6714 0.562973 0.0789445 -0.996877 0.00127405
-30.7212 46.6713 -0.601623 0.078218 -0.996935 -0.00121859
-30.7336 46.6703 -1.15276 0.0776115 -0.996984 0.000229326
-31.7638 46.5911 -1.08989 0.0744656 -0.997223 -0.000963529
-31.7577 46.5902 0.096898 0.0758551 -0.997119 -0.00065252
-31.7211 46.5925 1.15787 0.076431 -0.997075 -0.000255217
-31.7744 46.5892 2.60676 0.0780207 -0.996951 0.0014832
-31.72 46.5946 3.91984 0.0749242 -0.997189 0.000689748
-31.709 46.5949 5.18713 0.0726097 -0.997356 -0.00275817
-30.9509 46.6544 5.70948 0.0823715 -0.9966 0.00112357
-29.7937 46.7538 5.71942 0.0892524 -0.996006 -0.00200195
-28.6203 46.8688 5.68043 0.103364 -0.994643 -8.87412e-05
-27.4282 46.9996 5.7313 0.119449 -0.99283 -0.0021787
-26.2216 47.1546 5.75165 0.136814 -0.990577 -0.0055929
-25.0567 47.3239 5.74015 0.147316 -0.989086 -0.000103738
-23.9064 47.5055 5.76125 0.162468 -0.986704 -0.00420662
-22.8377 47.6872 5.71571 0.171673 -0.985146 -0.00406174
-21.6077 47.9175 5.74788 0.185826 -0.982552 -0.00725712
-20.516 48.1351 5.74225 0.203882 -0.97899 -0.00319088
-19.2681 48.397 5.75815 0.207176 -0.978304 -0.000202343
-18.1548 48.6486 5.76341 0.225458 -0.97425 -0.00226394
-17.1046 48.8934 5.73363 0.231998 -0.972709 -0.00342475
-16.0589 49.1454 5.74327 0.235848 -0.971787 -0.00198844
-14.9028 49.4307 5.65986 0.241496 -0.970401 -0.00114405
-13.9077 49.6796 5.36356 0.243401 -0.969925 -0.00112171
-13.8077 49.7058 4.34138 0.243624 -0.969869 -0.000940117
-13.8152 49.7049 3.19938 0.243492 -0.969903 -0.000773729
-13.8349 49.7006 2.00927 0.24317 -0.969983 -0.00121662
-13.7904 49.7131 0.572415 0.243236 -0.969967 -0.000864209
-13.7564 49.7223 -0.644063 0.242933 -0.970043 0.000199353
-13.7875 49.7146 -1.98975 0.243598 -0.969876 -0.000571742
-13.7657 49.7209 -3.13164 0.243502 -0.9699 -0.000438325
-13.7726 49.7201 -4.26494 0.243753 -0.969837 -0.000448795
-13.8808 49.6928 -5.36921 0.244035 -0.969766 -0.000163028
-14.7517 49.4749 -5.76025 0.241552 -0.970387 0.00102445
-15.8836 49.1956 -5.81862 0.235283 -0.971925 0.00173729
-17.0673 48.911 -5.78873 0.230665 -0.97303 0.00233384
-18.1001 48.6705 -5.79789 0.22295 -0.974823 0.00367398
-19.3462 48.3895 -5.77558 0.218246 -0.975891 0.00112216
-20.4492 48.1524 -5.75559 0.205924 -0.978563 0.00314132
-21.473 47.9406 -5.77683 0.192558 -0.981261 0.00401218
-22.6969 47.707 -5.75331 0.187082 -0.982332 0.00407814
-23.9221 47.4885 -5.68542 0.169284 -0.98553 0.00376108
-24.9938 47.3147 -5.73411 0.154203 -0.988012 0.00455726
-26.1009 47.1559 -5.77369 0.13868 -0.990337 0.00105391
-27.1876 47.0138 -5.75704 0.122912 -0.992407 -8.20397e-05
-28.3287 46.882 -5.71047 0.109999 -0.993925 0.00368699
-29.657 46.7524 -5.72702 0.0905243 -0.995888 0.0026563
-30.7844 46.6549 -5.72318 0.0806478 -0.996733 0.00399384
-31.7346 46.5848 -5.40402 0.0704182 -0.99751 0.00296707
-31.7331 46.5891 -4.22399 0.0733952 -0.997297 0.00333104
-31.7768 46.5874 -3.01441 0.0762833 -0.997082 0.00272723
-31.7676 46.5906 -1.79464 0.075357 -0.997156 0.000606769
-31.7624 46.5914 -1.26927 0.0747362 -0.997203 -1.15786e-05
-32.8038 46.5152 -1.27241 0.0696804 -0.997569 -4.58164e-05
-32.8055 46.5147 -2.3856 0.0698703 -0.997555 0.00117869
-32.7936 46.5154 -3.55555 0.0680653 -0.99768 -0.00104706
-32.8057 46.5135 -4.67542 0.0654117 -0.997858 0.000905356
-32.8124 46.5124 -5.9364 0.0611455 -0.998127 0.00078596
-32.1445 46.5527 -6.81759 0.0626322 -0.998028 0.00389826
-31.0238 46.6295 -6.81963 0.0787853 -0.996851 0.00814371
-29.9707 46.7184 -6.86723 0.0860999 -0.996267 0.0062898
-28.8147 46.8216 -6.77778 0.0970408 -0.9952 0.0125906
-27.6647 46.9511 -6.81955 0.120003 -0.99274 0.00812042
-26.4178 47.1051 -6.80958 0.12323 -0.992091 0.0230242
-25.2251 47.27 -6.81433 0.151463 -0.988182 0.0220412
-24.1996 47.4345 -6.77519 0.159949 -0.987049 0.0122721
-23.0353 47.634 -6.77756 0.180864 -0.983398 0.0134067
-21.9333 47.8416 -6.84225 0.186803 -0.982326 0.0116029
-20.7944 48.0717 -6.80071 0.203845 -0.978936 0.0114914
-19.6011 48.3247 -6.82199 0.212271 -0.977162 0.00958527
-18.3439 48.6064 -6.8649 0.220999 -0.975217 0.0105145
-17.0879 48.9009 -6.83546 0.231321 -0.972852 0.00696705
-15.7681 49.2199 -6.8518 0.238924 -0.971003 0.00828842
-14.6309 49.5016 -6.84309 0.242487 -0.97014 0.00528465
-13.6012 49.7617 -6.90632 0.246975 -0.969019 0.00188187
-12.8228 49.9621 -6.3959 0.249218 -0.968447 0.000851578
-12.7464 49.9806 -5.19362 0.248626 -0.968598 -0.00165238
-12.7303 49.9836 -4.13712 0.246601 -0.969117 -0.000454837
-12.7524 49.9766 -2.76822 0.24672 -0.969086 -0.00122391
-12.7383 49.9787 -1.46236 0.244971 -0.96953 -0.000622341
-12.7304 49.9804 -0.105741 0.244918 -0.969544 -0.000618756
-12.7901 49.9643 1.19628 0.244931 -0.96954 -0.000895518
-12.7571 49.9717 2.33606 0.244632 -0.969616 -0.00077635
-12.7689 49.9679 3.40264 0.244721 -0.969593 -0.00037562
-12.7699 49.9668 4.71329 0.245281 -0.969452 -0.000677333
-12.7538 49.9698 5.84682 0.245017 -0.969518 -0.00139402
-13.2302 49.848 6.78207 0.24461 -0.969619 -0.00245031
-14.3749 49.5601 6.6801 0.242251 -0.970211 -0.00222224
-15.4025 49.3049 6.7888 0.239875 -0.970802 -0.00171222
-16.5686 49.019 6.78689 0.236413 -0.97164 -0.00485451
-17.6533 48.7592 6.78514 0.228277 -0.973575 -0.00629638
-18.9356 48.4666 6.80546 0.214671 -0.976678 -0.00393697
-20.0697 48.2212 6.77125 0.203362 -0.97908 -0.00637624
-21.3177 47.9682 6.77009 0.196181 -0.980536 -0.0078732
-22.3682 47.7648 6.75153 0.18136 -0.983308 -0.0143401
-23.6587 47.5406 6.79808 0.167434 -0.985687 -0.0196586
-24.8199 47.3529 6.78031 0.147478 -0.988949 -0.0148943
-25.8493 47.1993 6.81829 0.144768 -0.989357 -0.0146641
-27.159 47.024 6.78173 0.117389 -0.992992 -0.0100328
-28.2781 46.8998 6.75544 0.107144 -0.994196 -0.00877374
-29.4748 46.7793 6.76048 0.0915718 -0.995763 -0.00796638
-30.5715 46.6818 6.76984 0.0811611 -0.996639 -0.0101201
-31.6637 46.5958 6.79595 0.0771848 -0.996921 -0.0135373
-32.7537 46.5206 6.51126 0.064967 -0.997875 -0.00496848
-32.8129 46.5161 5.19014 0.0686012 -0.997643 0.00111475
-32.7625 46.5173 4.00949 0.0704063 -0.997512 0.00358733
-32.8392 46.5104 2.74093 0.0719498 -0.997408 0.000949233
-32.8054 46.512 1.59663 0.0709013 -0.997481 -0.00189949
-32.8184 46.512 0.524771 0.0689598 -0.997619 -0.000658368
-32.8298 46.5131 -0.73672 0.0694672 -0.997584 -0.00091553
-32.7941 46.5159 -1.12079 0.0696673 -0.99757 -0.000364162
