32.6139 54.501 3.43929 -0.253334 -0.967379 2.21401e-05
32.5262 54.524 2.26408 -0.253262 -0.967398 5.16999e-05
32.4742 54.5376 1.09233 -0.253415 -0.967358 -2.2326e-05
32.6309 54.4966 0.181747 -0.253444 -0.96735 -3.50394e-05
32.8074 54.4504 -0.827963 -0.253382 -0.967366 1.95192e-05
32.7809 54.4572 -1.73633 -0.253233 -0.967405 -0.000157792
32.7186 54.4736 -2.66386 -0.253207 -0.967412 -0.00010145
32.6836 54.4828 -3.13618 -0.253137 -0.96743 1.93466e-05
31.8587 54.6986 -3.42064 -0.253396 -0.967363 6.04701e-06
31.9155 54.6837 -2.48271 -0.253206 -0.967412 6.09133e-05
32.0206 54.6562 -1.37164 -0.253152 -0.967426 -0.000115251
31.956 54.6732 -0.470148 -0.2532 -0.967414 0.00014325
31.8111 54.7112 0.405591 -0.253063 -0.96745 6.85666e-06
31.6509 54.7531 1.36007 -0.253201 -0.967414 -2.22422e-05
31.776 54.7203 2.44163 -0.253097 -0.967441 -0.000102174
31.8376 54.7042 3.2746 -0.253163 -0.967424 9.30796e-05
31.0804 54.9023 3.4801 -0.252956 -0.967478 -4.03091e-05
31.0088 54.9211 2.51673 -0.253037 -0.967457 -1.45357e-05
30.9075 54.9476 1.52696 -0.253041 -0.967456 0.000168082
30.977 54.9294 0.641975 -0.253008 -0.967464 -3.24043e-05
31.1166 54.893 -0.238047 -0.252939 -0.967482 0.00011056
31.225 54.8645 -1.25745 -0.253244 -0.967402 -0.000102723
31.1125 54.8939 -2.24564 -0.253214 -0.96741 -5.15138e-05
31.0222 54.9175 -3.28679 -0.25307 -0.967448 -1.65022e-05
31.0418 54.9123 -3.56914 -0.253057 -0.967451 7.60417e-05
30.2128 55.1292 -3.36711 -0.253035 -0.967457 -2.66608e-05
30.2788 55.112 -2.16228 -0.252862 -0.967502 -8.21483e-06
30.3585 55.0912 -1.11246 -0.252993 -0.967468 0.000234382
30.2961 55.1074 -0.228845 -0.252837 -0.967509 2.65142e-06
30.1097 55.1563 0.72873 -0.252916 -0.967488 -8.23292e-05
30.211 55.1297 1.73866 -0.252861 -0.967503 1.52073e-05
30.2264 55.1256 2.88081 -0.253071 -0.967448 -0.000115095
30.3163 55.1021 3.4699 -0.252941 -0.967482 8.1208e-05
29.4264 55.3348 3.32015 -0.252783 -0.967523 -4.59877e-05
29.4264 55.3348 2.09511 -0.252793 -0.96752 -7.07579e-05
29.4264 55.3349 1.03537 -0.252898 -0.967493 2.57506e-05
29.4264 55.3349 -0.0129071 -0.253001 -0.967466 0.000150155
29.4264 55.3349 -1.14238 -0.253044 -0.967455 8.73945e-05
29.4264 55.3348 -2.04535 -0.252841 -0.967508 -0.000129507
29.4264 55.3348 -3.02063 -0.252916 -0.967488 3.93818e-05
29.4264 55.3348 -3.35394 -0.252941 -0.967482 -0.000111094
28.4032 55.6023 -3.40588 -0.252853 -0.967505 4.62659e-05
28.4975 55.5776 -2.45115 -0.252907 -0.967491 0.000101399
28.584 55.5551 -1.51519 -0.252892 -0.967495 6.06556e-05
28.4273 55.596 -0.595928 -0.252808 -0.967517 -1.71706e-05
28.4822 55.5817 0.299523 -0.252758 -0.967529 2.65926e-05
28.6277 55.5436 1.18016 -0.252796 -0.967519 -0.000128693
28.5973 55.5515 2.2215 -0.252835 -0.967509 -4.24034e-05
28.5916 55.553 3.16831 -0.2529 -0.967493 -0.000153928
28.5966 55.5516 3.28419 -0.252858 -0.967503 3.66723e-05
27.7483 55.7733 3.44798 -0.252593 -0.967573 -6.91681e-05
27.752 55.7723 2.37762 -0.252746 -0.967533 -6.6888e-05
27.8361 55.7504 1.34856 -0.252488 -0.9676 2.60321e-05
27.6378 55.8022 0.359236 -0.252622 -0.967565 5.60602e-05
27.6458 55.8001 -0.761277 -0.252678 -0.96755 -0.000174305
27.9303 55.7259 -1.81608 -0.252785 -0.967522 0.000129111
27.591 55.8145 -3.00359 -0.252631 -0.967563 0.000106036
27.548 55.8257 -3.58403 -0.25275 -0.967532 5.29751e-05
26.7828 56.0256 -3.57466 -0.252662 -0.967555 8.94976e-05
26.9458 55.983 -2.48636 -0.25281 -0.967516 1.22519e-05
27.0189 55.964 -1.39999 -0.252611 -0.967568 -7.66651e-06
26.8452 56.0092 -0.514192 -0.252684 -0.967549 5.31311e-05
26.8576 56.006 0.547123 -0.252757 -0.96753 6.97451e-05
26.9856 55.9725 1.60772 -0.252865 -0.967502 -4.67791e-05
26.9342 55.986 2.52927 -0.252822 -0.967513 -3.59699e-05
26.911 55.992 3.2973 -0.252841 -0.967508 -0.00010976
26.1046 56.2026 3.16509 -0.252561 -0.967581 -0.000209218
26.1331 56.1952 2.24506 -0.252607 -0.967569 8.42609e-05
26.1271 56.1968 1.32684 -0.252733 -0.967536 -5.96263e-05
26.0689 56.212 0.229521 -0.252707 -0.967543 4.12552e-05
26.1321 56.1954 -0.805504 -0.252657 -0.967556 -3.8572e-05
26.2566 56.163 -1.96658 -0.252691 -0.967547 -4.49953e-05
26.0494 56.217 -2.96076 -0.252438 -0.967613 5.89769e-05
26.0111 56.227 -3.43435 -0.252611 -0.967568 -5.24151e-06
34.2319 54.0773 -1.67777 -0.253299 -0.967388 -3.61983e-05
34.2607 54.0698 -2.87164 -0.253242 -0.967403 -6.00802e-05
34.2121 54.0825 -4.10758 -0.253353 -0.967374 -3.32545e-06
33.2685 54.3296 -4.56578 -0.253279 -0.967393 -7.32102e-05
32.1556 54.6209 -4.61305 -0.253235 -0.967405 -8.94762e-05
31.1116 54.8941 -4.67569 -0.253089 -0.967443 -2.57558e-05
29.75 55.2503 -4.69543 -0.253027 -0.967459 5.31175e-05
28.4141 55.5994 -4.67071 -0.252883 -0.967497 -1.95014e-05
27.3607 55.8746 -4.64662 -0.25275 -0.967532 2.11925e-05
26.2653 56.1606 -4.64946 -0.252646 -0.967559 2.51706e-05
25.203 56.4379 -4.64162 -0.252528 -0.96759 0.000163053
24.5268 56.6144 -3.94447 -0.252756 -0.96753 0.000132566
24.4699 56.6293 -2.73364 -0.252612 -0.967568 8.3293e-05
24.4651 56.6306 -1.54742 -0.252541 -0.967586 -3.20992e-05
24.4453 56.6358 -0.454639 -0.252515 -0.967593 6.99766e-05
24.4999 56.6216 0.820049 -0.252471 -0.967604 4.45401e-05
24.5285 56.6141 2.04567 -0.252732 -0.967536 4.26707e-05
24.5416 56.6106 3.18955 -0.25253 -0.967589 0.000102949
24.5872 56.5986 4.31453 -0.252558 -0.967582 -9.93358e-05
25.8689 56.264 4.61662 -0.252613 -0.967567 -4.11421e-05
26.9377 55.9849 4.64116 -0.252598 -0.967571 -0.000243443
28.1036 55.6804 4.62705 -0.252887 -0.967496 -8.50566e-05
29.2457 55.3819 4.61717 -0.252794 -0.96752 -2.15318e-05
30.2949 55.1077 4.6257 -0.252949 -0.96748 -0.000115581
31.3393 54.8346 4.6474 -0.253022 -0.967461 6.4572e-05
32.3903 54.5596 4.63901 -0.253201 -0.967414 -0.000151893
33.5961 54.2439 4.60132 -0.253337 -0.967378 -2.00095e-05
34.2035 54.0847 3.63786 -0.25349 -0.967338 0.000148415
34.1933 54.0874 2.46641 -0.253398 -0.967362 1.5355e-05
34.2735 54.0664 0.967425 -0.253334 -0.967379 -3.70385e-06
34.2556 54.0711 -0.481901 -0.253428 -0.967354 -5.8937e-05
34.2349 54.0765 -1.56348 -0.253273 -0.967395 1.17653e-06
35.26 53.8082 -1.44553 -0.253153 -0.967426 4.65976e-06
35.2944 53.7991 -2.64205 -0.253219 -0.967409 0.000134596
35.2901 53.8002 -3.76737 -0.253296 -0.967389 5.08875e-05
35.2717 53.8049 -5.05677 -0.253369 -0.96737 0.0001452
34.5084 54.0049 -5.69985 -0.253588 -0.967312 -8.27717e-05
33.36 54.3057 -5.66882 -0.253233 -0.967405 -0.000122473
31.9689 54.6698 -5.70462 -0.253107 -0.967438 -8.9861e-05
30.6043 55.0268 -5.72624 -0.252974 -0.967473 -3.99022e-05
29.3737 55.3486 -5.78522 -0.253034 -0.967457 3.8347e-05
28.2251 55.6488 -5.75268 -0.252772 -0.967526 2.63097e-05
27.009 55.9665 -5.68474 -0.252712 -0.967542 -5.52246e-06
25.7164 56.3039 -5.71225 -0.252507 -0.967595 1.26411e-05
24.5353 56.6121 -5.68377 -0.252586 -0.967574 -0.000137115
23.5558 56.8678 -5.36911 -0.252557 -0.967582 1.46543e-05
23.4883 56.8855 -3.98631 -0.252403 -0.967622 4.64856e-05
23.4409 56.8979 -2.90395 -0.252473 -0.967604 0.000139461
23.4397 56.8982 -1.58261 -0.252416 -0.967619 -3.05384e-05
23.4164 56.9043 -0.153941 -0.252588 -0.967574 0.000159464
23.4876 56.8857 0.915822 -0.252607 -0.967569 -4.63129e-05
23.4857 56.8862 2.10465 -0.252481 -0.967602 -3.19467e-05
23.5049 56.8812 3.21891 -0.252462 -0.967607 1.74004e-05
23.4814 56.8873 4.28702 -0.252576 -0.967577 -3.54587e-05
23.5944 56.8578 5.4298 -0.252503 -0.967596 7.73558e-05
24.5858 56.599 5.69913 -0.252545 -0.967585 4.96358e-05
25.6309 56.3261 5.71858 -0.252683 -0.967549 -0.000149731
26.7647 56.03 5.69233 -0.252746 -0.967533 -0.000109651
27.8078 55.7576 5.68574 -0.252728 -0.967537 2.32365e-05
28.9531 55.4584 5.69482 -0.252629 -0.967563 -6.29013e-05
30.0046 55.1835 5.65732 -0.252977 -0.967472 -1.02848e-05
31.2059 54.8695 5.70576 -0.252875 -0.967499 -2.53796e-05
32.3142 54.5796 5.71698 -0.253271 -0.967395 5.37955e-05
33.5213 54.2635 5.70048 -0.25341 -0.967359 0.000145172
34.5801 53.9861 5.6643 -0.253486 -0.967339 8.58202e-05
35.2206 53.8182 5.04204 -0.253411 -0.967359 -3.92474e-05
35.2507 53.8104 3.89723 -0.253279 -0.967393 0.000112101
35.2119 53.8206 2.72833 -0.253455 -0.967347 4.73869e-05
35.2853 53.8014 1.5266 -0.253388 -0.967365 1.64132e-05
35.2994 53.7977 0.175576 -0.253437 -0.967352 3.29231e-05
35.274 53.8045 -1.11667 -0.253106 -0.967439 -0.000146081
35.2717 53.8051 -1.25715 -0.253133 -0.967431 -9.42286e-05
36.3028 53.5352 -1.21819 -0.253135 -0.967431 -0.000265101
36.3211 53.5302 0.250311 -0.253219 -0.967409 -1.90853e-05
36.3396 53.5252 1.32785 -0.25337 -0.967369 -0.00012547
36.2619 53.5456 2.6475 -0.253413 -0.967358 0.000270389
36.3246 53.5292 3.80495 -0.253258 -0.967399 -7.71934e-05
36.3019 53.535 4.91049 -0.253423 -0.967356 -0.000512445
36.2843 53.5391 6.14203 -0.253679 -0.967288 -0.000380353
35.5446 53.7329 6.79828 -0.254053 -0.96719 -0.000390886
34.4503 54.0203 6.72629 -0.253785 -0.967261 0.000193628
33.3918 54.2977 6.77412 -0.253207 -0.967412 0.000148668
32.3091 54.5809 6.76722 -0.253126 -0.967433 0.000128087
31.2105 54.8685 6.76254 -0.252945 -0.967481 0.000167227
30.0242 55.1784 6.75586 -0.252812 -0.967515 -5.40207e-05
28.9712 55.4535 6.77503 -0.252704 -0.967544 -0.000219448
27.7227 55.7798 6.74805 -0.252794 -0.96752 4.79529e-05
26.5153 56.0952 6.77207 -0.252632 -0.967562 8.24881e-05
25.3849 56.3904 6.79956 -0.25253 -0.967589 -7.18181e-05
24.0967 56.7267 6.77227 -0.252605 -0.967569 -5.85384e-05
22.9045 57.0378 6.73839 -0.252599 -0.967571 -8.193e-05
22.4649 57.1525 5.65006 -0.252563 -0.96758 0.000105445
22.4312 57.1613 4.46997 -0.252427 -0.967616 -8.5534e-05
22.4469 57.1572 3.36753 -0.252386 -0.967627 3.14729e-05
22.4215 57.1639 2.27978 -0.252423 -0.967617 -9.60148e-05
22.4538 57.1555 0.890307 -0.252462 -0.967607 -0.000149459
22.3939 57.1711 -0.401053 -0.25252 -0.967592 0.000110484
22.3949 57.1709 -1.55539 -0.252644 -0.967559 0.000114058
22.4084 57.1674 -2.82088 -0.252332 -0.967641 4.75663e-05
22.4392 57.1592 -3.91809 -0.252476 -0.967603 0.000191503
22.4683 57.1516 -5.27969 -0.252496 -0.967598 1.48035e-05
22.4914 57.1455 -6.36067 -0.252583 -0.967575 -0.000113218
23.3024 56.9339 -6.83618 -0.252585 -0.967575 -9.16068e-06
24.4832 56.6257 -6.74874 -0.252413 -0.96762 -3.76106e-05
25.5307 56.3524 -6.77457 -0.252534 -0.967588 -4.75994e-05
26.6614 56.0572 -6.74456 -0.252717 -0.96754 -6.77597e-05
27.8759 55.7401 -6.79554 -0.252708 -0.967543 -0.000231286
29.1501 55.407 -6.84853 -0.252971 -0.967474 -0.000156011
30.4966 55.055 -6.81612 -0.252915 -0.967489 5.3249e-05
31.6947 54.7416 -6.81291 -0.252995 -0.967468 2.26e-05
32.7733 54.4595 -6.78897 -0.253126 -0.967433 -0.000103997
33.8542 54.1765 -6.79017 -0.253439 -0.967351 -0.000383209
35.045 53.8643 -6.81173 -0.253965 -0.967213 1.51382e-05
36.0992 53.5878 -6.68675 -0.25347 -0.967343 1.90951e-05
36.3272 53.5282 -5.4587 -0.253692 -0.967285 0.000382471
36.3335 53.5269 -4.20412 -0.25329 -0.96739 8.04013e-05
36.3143 53.5322 -3.04186 -0.253114 -0.967436 -6.85131e-05
36.3052 53.5347 -1.6954 -0.253107 -0.967438 1.23374e-05
36.3067 53.5343 -1.53241 -0.253099 -0.96744 -9.71283e-05
