32.7565 54.9792 -0.412434 -0.253077 -0.967446 6.82033e-05
32.5127 55.043 0.471717 -0.253368 -0.96737 6.87641e-05
32.371 55.0801 1.39332 -0.25315 -0.967427 -0.000284809
32.6381 55.0102 2.29308 -0.253125 -0.967433 7.27527e-05
32.6631 55.0037 2.37554 -0.253092 -0.967442 1.15981e-06
31.9814 55.1821 3.00471 -0.253145 -0.967428 -4.22188e-05
31.816 55.2253 2.1454 -0.253131 -0.967432 -0.000115429
31.5674 55.2904 1.30459 -0.253085 -0.967444 -1.77912e-05
31.8492 55.2166 0.180876 -0.253024 -0.96746 -2.71646e-06
32.0665 55.1597 -0.916884 -0.253009 -0.967464 2.1247e-05
32.1046 55.1497 -1.94497 -0.253304 -0.967387 0.000138952
31.9556 55.1887 -2.88293 -0.253251 -0.967401 2.15395e-05
31.9337 55.1945 -3.01296 -0.253148 -0.967427 1.2519e-05
31.0937 55.4142 -2.96184 -0.253234 -0.967405 2.11745e-05
31.2964 55.3613 -1.98869 -0.252967 -0.967475 -3.41011e-05
31.2995 55.3604 -0.953919 -0.25318 -0.967419 3.92732e-05
31.1543 55.3984 -0.0518055 -0.253162 -0.967424 4.36211e-06
30.8503 55.478 0.914995 -0.253054 -0.967452 0.000124805
30.9643 55.4481 1.82226 -0.253165 -0.967423 9.49188e-06
31.2136 55.3828 2.95105 -0.253009 -0.967464 -4.88233e-05
31.2359 55.377 3.11062 -0.253114 -0.967436 3.41954e-05
30.3763 55.6018 3.14436 -0.252864 -0.967502 -8.19894e-05
30.2669 55.6304 1.94758 -0.252868 -0.967501 -0.000151851
30.2418 55.637 0.748165 -0.253045 -0.967454 -3.26858e-05
30.3724 55.6029 -0.31568 -0.252896 -0.967493 0.000157313
30.3147 55.6179 -1.19732 -0.252902 -0.967492 -0.000118838
30.3137 55.6182 -2.09441 -0.252973 -0.967473 9.60373e-05
30.2624 55.6316 -2.93389 -0.252983 -0.967471 -0.000239102
29.5461 55.8189 -2.96382 -0.252828 -0.967511 0.000146997
29.4711 55.8385 -1.89441 -0.252956 -0.967478 2.96674e-07
29.5142 55.8271 -0.864083 -0.252912 -0.967489 5.8336e-06
29.5368 55.8214 0.281599 -0.252771 -0.967526 3.48874e-05
29.5496 55.8179 1.15496 -0.252667 -0.967553 2.41375e-05
29.5423 55.8198 2.32739 -0.252827 -0.967512 -5.62546e-05
29.5438 55.8193 3.00274 -0.253042 -0.967455 2.27453e-05
28.7118 56.0368 3.14857 -0.252776 -0.967525 4.32005e-05
28.7477 56.0274 2.07458 -0.252796 -0.96752 -7.0697e-05
28.7446 56.0283 0.899433 -0.252788 -0.967522 -0.000202379
28.7181 56.0352 -0.126082 -0.252885 -0.967496 0.000120656
28.7799 56.0192 -1.14396 -0.252793 -0.96752 1.36869e-05
28.7924 56.0159 -2.03184 -0.252776 -0.967525 -4.11805e-05
28.6318 56.0577 -3.11953 -0.252852 -0.967505 -1.79255e-05
27.9012 56.2487 -2.99601 -0.252721 -0.967539 -0.000119545
28.0218 56.2172 -2.05502 -0.252725 -0.967538 -7.63469e-05
28.0428 56.2117 -1.13474 -0.252929 -0.967485 7.96226e-05
27.957 56.234 -0.076794 -0.252648 -0.967558 3.01067e-05
27.9317 56.2407 0.835952 -0.252681 -0.96755 -3.6708e-05
27.9593 56.2333 1.80099 -0.252651 -0.967558 -0.000149378
27.9564 56.2341 2.67349 -0.252725 -0.967538 -5.67193e-05
27.9047 56.2475 3.03515 -0.252621 -0.967565 -0.000162525
27.1157 56.4536 2.55759 -0.252546 -0.967585 -6.26716e-05
27.1399 56.4473 1.68941 -0.252637 -0.967561 -5.16439e-05
27.1473 56.4455 0.82439 -0.25271 -0.967542 2.66785e-05
27.2041 56.4307 -0.102177 -0.25259 -0.967573 -0.000107087
27.3098 56.4031 -1.33945 -0.252727 -0.967538 5.95256e-05
27.2265 56.4248 -2.2957 -0.252646 -0.967559 8.86022e-05
27.1965 56.4327 -2.70721 -0.252612 -0.967568 2.09617e-05
32.1155 55.147 4.32219 -0.25291 -0.96749 5.71553e-06
33.5711 54.766 4.22145 -0.253292 -0.96739 5.57921e-05
33.9012 54.6795 3.12656 -0.253145 -0.967428 -0.00015912
33.8643 54.6892 1.69476 -0.2533 -0.967388 4.79648e-05
33.8552 54.6916 0.359759 -0.253191 -0.967416 -0.000101362
33.9204 54.6745 -1.12785 -0.253145 -0.967428 9.03229e-05
33.8873 54.6832 -2.48083 -0.253281 -0.967393 6.48746e-05
33.7955 54.7072 -3.92774 -0.253392 -0.967364 -0.000103844
32.8044 54.9666 -4.39141 -0.253212 -0.967411 9.26128e-05
31.5378 55.298 -4.36994 -0.253098 -0.967441 -6.17503e-05
30.3624 55.6054 -4.38856 -0.25302 -0.967461 0.000142221
29.1212 55.9299 -4.41827 -0.252955 -0.967478 5.24934e-05
27.8762 56.2551 -4.39522 -0.252675 -0.967551 6.62253e-05
26.6304 56.5804 -4.39378 -0.252421 -0.967618 0.000234649
25.9308 56.763 -3.46021 -0.2526 -0.967571 -3.95887e-05
25.9314 56.7629 -2.17695 -0.252465 -0.967606 -3.92461e-05
25.9231 56.7651 -0.829323 -0.252406 -0.967621 9.38921e-05
25.9316 56.7629 0.620209 -0.252663 -0.967554 6.46328e-05
25.9153 56.7671 1.85187 -0.252631 -0.967563 -5.31576e-05
25.9172 56.7666 3.06238 -0.252547 -0.967585 -2.35234e-05
26.2725 56.6737 4.25961 -0.252573 -0.967578 -0.000141638
27.4767 56.3593 4.3185 -0.252632 -0.967562 -0.000138185
28.7005 56.0396 4.37305 -0.252674 -0.967551 -0.000143655
30.1192 55.669 4.39383 -0.25278 -0.967524 -2.62622e-05
31.3058 55.3587 4.35034 -0.253094 -0.967442 2.29426e-05
31.9674 55.1857 4.33616 -0.252919 -0.967487 -4.11327e-05
31.9515 55.1899 5.52784 -0.253082 -0.967445 -2.53447e-05
30.3754 55.6019 5.56076 -0.252743 -0.967533 2.63141e-05
29.0345 55.9522 5.59485 -0.252828 -0.967511 -1.7683e-05
27.6684 56.309 5.47554 -0.252708 -0.967542 -0.000103673
26.366 56.6492 5.5237 -0.252535 -0.967588 -0.000178388
25.0761 56.986 5.44206 -0.252645 -0.967559 -0.000267669
24.7789 57.0637 4.22552 -0.25254 -0.967587 -8.91562e-05
24.7581 57.0692 2.99577 -0.25261 -0.967568 -0.000103307
24.7732 57.0652 1.75958 -0.252531 -0.967589 6.12748e-05
24.7911 57.0606 0.390037 -0.25254 -0.967586 -3.60136e-05
24.7515 57.0709 -1.00145 -0.252447 -0.967611 4.63328e-05
24.7779 57.0639 -2.34918 -0.25248 -0.967602 1.34092e-05
24.7701 57.066 -3.66157 -0.252595 -0.967572 -2.41814e-05
24.8183 57.0534 -5.00526 -0.252537 -0.967587 8.1337e-05
25.6784 56.8288 -5.56762 -0.25266 -0.967555 -8.81608e-05
26.9341 56.501 -5.61468 -0.252525 -0.96759 9.67353e-05
28.3532 56.1304 -5.59012 -0.252651 -0.967557 0.000159221
29.8798 55.7315 -5.57494 -0.252862 -0.967502 3.29787e-05
31.0773 55.4184 -5.56164 -0.252919 -0.967487 8.73629e-05
32.2658 55.1075 -5.62909 -0.252948 -0.96748 -6.12189e-05
33.6462 54.7464 -5.57203 -0.253249 -0.967401 -0.000115948
34.8544 54.4301 -5.41152 -0.253222 -0.967408 4.15793e-06
34.9878 54.3952 -4.13016 -0.253094 -0.967442 0.00017596
35.0417 54.3811 -2.90632 -0.253093 -0.967442 -8.34992e-05
35.0684 54.3742 -1.53222 -0.253127 -0.967433 -5.23578e-05
35.0388 54.3818 -0.114053 -0.253182 -0.967419 -0.000194321
35.0079 54.3898 1.36221 -0.253265 -0.967397 -0.000109182
35.0602 54.3761 2.79918 -0.253429 -0.967354 -3.94764e-05
35.0799 54.3709 4.09675 -0.253429 -0.967354 -9.8992e-05
34.8889 54.4209 5.36804 -0.253407 -0.96736 2.38767e-05
33.5972 54.7593 5.50857 -0.25326 -0.967398 0.000192435
32.3645 55.0819 5.52818 -0.253087 -0.967444 0.000160844
32.0607 55.1613 5.52774 -0.253025 -0.96746 9.32923e-05
32.0068 55.1755 6.75257 -0.253075 -0.967447 0.000134212
33.1995 54.8635 6.70786 -0.253192 -0.967416 1.88458e-06
34.6067 54.495 6.74258 -0.253603 -0.967308 0.000342929
35.9072 54.154 6.73129 -0.2536 -0.967309 -0.000480194
36.1243 54.0974 5.60375 -0.253404 -0.96736 -0.000243032
36.2415 54.0667 4.12977 -0.253367 -0.96737 5.67967e-05
36.2211 54.0721 2.83148 -0.253362 -0.967371 4.48533e-06
36.18 54.0829 1.33109 -0.253315 -0.967384 -0.000142879
36.2016 54.0774 0.11857 -0.253293 -0.96739 -2.13808e-05
36.2061 54.0765 -1.27178 -0.253069 -0.967448 -0.000200707
36.2084 54.076 -2.58937 -0.252777 -0.967525 0.000149971
36.1306 54.0963 -3.91775 -0.252946 -0.96748 0.000307225
36.1827 54.0824 -5.26686 -0.253288 -0.967391 0.000169139
35.9611 54.1401 -6.70492 -0.253499 -0.967336 9.9034e-05
34.5458 54.5112 -6.7936 -0.253322 -0.967382 -0.000282495
33.2079 54.8612 -6.81383 -0.252979 -0.967472 -2.29423e-05
31.9958 55.1783 -6.81659 -0.252768 -0.967527 -4.92044e-05
30.6585 55.5279 -6.75794 -0.252972 -0.967474 1.85648e-05
29.3786 55.8625 -6.81078 -0.253007 -0.967464 -0.00012175
27.8806 56.2538 -6.78438 -0.252597 -0.967572 -4.82205e-05
26.6065 56.5865 -6.80663 -0.252652 -0.967557 -0.000182415
25.1481 56.9672 -6.81138 -0.25252 -0.967592 0.000157855
23.895 57.2942 -6.73528 -0.252608 -0.967569 0.000121351
23.5791 57.3767 -5.61131 -0.25239 -0.967626 -0.000165529
23.6391 57.3611 -4.10698 -0.252396 -0.967624 -2.1127e-05
23.6197 57.3661 -2.86201 -0.252378 -0.967629 -0.000124759
23.6025 57.3707 -1.47344 -0.252609 -0.967568 6.7369e-05
23.6351 57.3622 -0.152622 -0.252588 -0.967574 6.62927e-05
23.6382 57.3614 1.13089 -0.252611 -0.967568 -3.63018e-05
23.6235 57.3652 2.41634 -0.252613 -0.967567 7.4297e-06
23.632 57.363 3.78863 -0.252535 -0.967588 2.16047e-05
23.616 57.3672 5.36398 -0.252742 -0.967534 -5.28343e-05
23.8118 57.316 6.62795 -0.252639 -0.967561 6.2192e-05
25.0719 56.9871 6.72245 -0.252679 -0.96755 -6.91397e-05
26.4028 56.6396 6.8165 -0.252697 -0.967545 -0.000140349
27.5972 56.3276 6.70602 -0.252686 -0.967548 -1.7318e-05
28.9561 55.9727 6.76063 -0.252876 -0.967499 -0.000103892
30.3228 55.6157 6.7505 -0.252667 -0.967553 -5.10812e-06
31.5166 55.3037 6.73338 -0.25292 -0.967487 0.000199653
31.8658 55.2124 6.74882 -0.252946 -0.967481 0.00012889
