-18.3895 49.6273 1.81618 0.22175 -0.975099 -0.00313515
-18.4345 49.619 0.359419 0.221692 -0.975117 0.000378162
-18.3804 49.6319 -0.491917 0.224417 -0.974493 -0.000650937
-18.9311 49.5078 -3.48571 0.219119 -0.975698 0.000672771
-18.9897 49.4968 -2.26192 0.216847 -0.976203 0.00118514
-19.1468 49.4584 -1.0976 0.214801 -0.976644 -0.00489002
-19.2253 49.4402 0.0539703 0.218621 -0.975799 0.00413827
-19.3206 49.42 1.18697 0.21759 -0.976039 0.00135402
-19.1143 49.4643 2.28499 0.210946 -0.977497 -0.000802811
-18.937 49.5034 3.33629 0.216954 -0.976177 -0.00150631
-19.7278 49.3286 3.53152 0.206759 -0.978386 -0.00323186
-19.959 49.2817 2.25639 0.209174 -0.977877 0.00140031
-20.1792 49.2331 1.1492 0.209108 -0.977892 0.00115364
-19.9861 49.274 -0.320263 0.208793 -0.977958 -0.00174293
-19.9389 49.287 -1.44313 0.208273 -0.978064 -0.00375841
-19.767 49.3259 -2.62971 0.212984 -0.977055 -0.000147437
-19.7426 49.3306 -3.62574 0.211644 -0.977344 0.00221837
-20.5531 49.1578 -3.43669 0.207587 -0.978216 -0.000752118
-20.687 49.1322 -2.26642 0.203615 -0.979051 -0.000271092
-20.7702 49.1131 -1.06112 0.19793 -0.980214 -0.00215011
-20.8937 49.0833 0.480888 0.198175 -0.980164 -0.00155013
-21.0002 49.0623 1.61825 0.199737 -0.979842 0.0038621
-20.5981 49.1463 3.03172 0.199933 -0.979809 4.79984e-05
-20.5256 49.1601 3.59705 0.199048 -0.979989 -0.00106819
-21.4102 48.9807 3.34974 0.196527 -0.980495 -0.00110222
-21.7476 48.9136 2.08087 0.19714 -0.980375 -0.000194612
-21.795 48.9043 0.818421 0.191821 -0.981428 -0.00163393
-21.5321 48.9591 -0.576178 0.196229 -0.980553 -0.00297559
-21.622 48.9418 -2.00165 0.192777 -0.981242 -0.0011478
-21.3924 48.9856 -3.52457 0.198456 -0.980109 0.00098914
-21.3924 48.9856 -3.52462 0.198856 -0.980028 -0.000197905
-22.4629 48.7767 -3.36537 0.185759 -0.982583 0.00496321
-22.4685 48.7784 -1.95495 0.185654 -0.982615 0.000853287
-22.4074 48.7899 -0.815585 0.186008 -0.982546 -0.00170605
-22.548 48.7612 0.535183 0.187173 -0.982326 0.000638037
-22.5104 48.7693 1.97563 0.180083 -0.983648 0.00257079
-22.4383 48.7834 3.20046 0.177691 -0.984084 0.00178635
-22.4314 48.7849 3.39301 0.17825 -0.983984 0.00152193
-23.2852 48.6315 3.25413 0.174987 -0.98457 0.000351859
-23.2715 48.6329 2.12888 0.176035 -0.984381 0.0022069
-23.2781 48.6277 0.744639 0.176098 -0.98437 0.0021483
-23.2793 48.6261 -0.571675 0.176322 -0.984329 -0.00130942
-23.3145 48.6224 -1.72134 0.176642 -0.984274 0.00160411
-23.3088 48.6217 -2.9688 0.173659 -0.984802 -0.000550181
-23.3682 48.611 -3.54634 0.169763 -0.985472 0.00510374
-24.3442 48.4432 -3.66795 0.168511 -0.985691 0.00399386
-24.1221 48.4801 -2.42106 0.168523 -0.985693 -0.00240292
-24.2859 48.4517 -1.29213 0.167094 -0.985935 -0.000495362
-24.1769 48.4704 -0.11005 0.161309 -0.986898 0.00326835
-24.1606 48.4778 1.05078 0.163258 -0.986582 0.00167609
-24.165 48.4791 2.42337 0.166344 -0.986068 0.000287944
-24.1834 48.4764 3.58532 0.165555 -0.986196 0.00237136
-24.9909 48.3443 3.61455 0.145994 -0.989285 0.00105025
-25.0105 48.3423 2.47051 0.156627 -0.987655 0.000143043
-25.0047 48.341 1.27529 0.159761 -0.987151 0.00284266
-25.038 48.3307 0.08204 0.161383 -0.986884 0.00386763
-25.1023 48.3169 -1.05345 0.15809 -0.987415 5.7462e-05
-24.9551 48.3458 -2.24852 0.157066 -0.987576 -0.00364154
-25.1036 48.3224 -3.47533 0.15571 -0.987802 0.00102725
-25.1246 48.3189 -3.5658 0.155554 -0.987826 0.00181519
-25.8697 48.2051 -3.29391 0.145428 -0.989366 0.00229753
-25.7955 48.2147 -2.07873 0.144437 -0.989486 -0.00744182
-25.8954 48.1973 -0.768085 0.144604 -0.989485 0.00276544
-25.8666 48.2075 0.531659 0.143817 -0.9896 0.00284357
-25.8353 48.2211 1.98523 0.143916 -0.98956 0.00766579
-25.8443 48.2199 3.15894 0.136381 -0.990655 0.00163061
-25.82 48.2239 3.58174 0.136302 -0.990666 0.00171761
-26.6568 48.1092 3.23682 0.126478 -0.991967 0.00201844
-26.6623 48.1033 2.07651 0.133928 -0.990938 0.00917353
-26.6855 48.0917 0.899078 0.13439 -0.990887 0.00654551
-26.7277 48.0836 -0.278181 0.136012 -0.990704 0.00234442
-26.6659 48.091 -1.52869 0.130722 -0.991414 -0.00301817
-26.6048 48.0987 -2.65662 0.133289 -0.991072 0.00322343
-26.7419 48.077 -3.58572 0.133297 -0.991066 0.00442656
-28.2627 47.8892 -4.60672 0.107107 -0.994246 -0.0013566
-28.4978 47.8633 -3.40555 0.105832 -0.994384 0.000415227
-28.4561 47.8695 -2.34058 0.103556 -0.99462 -0.0016169
-28.4792 47.8673 -1.06517 0.109372 -0.993996 -0.000162013
-28.5388 47.8623 0.130764 0.107262 -0.99423 0.00108935
-28.5415 47.8651 1.19715 0.108562 -0.994077 0.00468317
-28.5628 47.8683 2.51163 0.111699 -0.993737 0.00299983
-28.5835 47.8716 3.79331 0.113262 -0.993551 0.00528659
-27.7187 47.9787 4.6237 0.124732 -0.992188 0.00215582
-26.4596 48.1371 4.6837 0.130483 -0.991432 0.00128465
-25.3596 48.2918 4.69905 0.143867 -0.989597 0.000930152
-24.3177 48.4547 4.66931 0.163553 -0.986527 0.000918209
-23.2386 48.6406 4.63942 0.175912 -0.984405 -0.000756125
-22.0572 48.8551 4.67428 0.182429 -0.983211 -0.00012176
-20.8505 49.0928 4.65225 0.199825 -0.979831 -0.000543357
-19.7282 49.3256 4.656 0.210539 -0.977585 0.000604468
-18.5433 49.5877 4.66303 0.221238 -0.975218 -0.00193292
-17.5417 49.8214 4.58609 0.230103 -0.973163 -0.00239396
-17.4142 49.8527 3.43843 0.230647 -0.973037 -0.000339591
-17.3971 49.8575 2.36408 0.230976 -0.972957 -0.00203066
-17.3209 49.8787 1.09597 0.230683 -0.973027 -0.00141213
-17.3241 49.8773 -0.172834 0.230925 -0.972971 9.91679e-05
-17.3882 49.8622 -1.26681 0.228574 -0.973525 0.00119625
-17.4285 49.8534 -2.31814 0.227236 -0.973838 -0.00184197
-17.4179 49.856 -3.60519 0.22967 -0.973268 0.000618139
-17.9673 49.728 -4.66211 0.225191 -0.974314 -0.000628575
-19.053 49.481 -4.66158 0.22 -0.975494 -0.00336442
-20.2273 49.2263 -4.68274 0.204197 -0.978929 0.00112906
-21.3732 48.9901 -4.67474 0.199453 -0.979907 -0.000475063
-22.6128 48.7462 -4.69831 0.185923 -0.982555 -0.00375021
-23.6616 48.5538 -4.73203 0.171887 -0.985101 0.00521287
-24.946 48.345 -4.73376 0.157073 -0.987586 0.000912372
-26.2706 48.1412 -4.71546 0.145958 -0.989283 -6.6271e-05
-27.6065 47.963 -4.70504 0.119418 -0.992837 -0.00137557
-27.6978 47.9523 -4.70587 0.113993 -0.993475 -0.00123199
-27.6978 47.9554 -5.75122 0.115925 -0.993249 -0.00147185
-26.2743 48.139 -5.75577 0.13246 -0.991141 0.00958197
-25.1548 48.3056 -5.78093 0.153716 -0.988082 0.0062773
-23.8487 48.5206 -5.7668 0.170999 -0.985255 0.00551372
-22.7201 48.7274 -5.76086 0.183044 -0.983098 0.00355511
-21.6531 48.9337 -5.78122 0.194881 -0.980827 -0.000734365
-20.4972 49.1676 -5.75269 0.205006 -0.97875 -0.00441101
-19.1869 49.452 -5.70936 0.21868 -0.975781 0.00501597
-18.0648 49.7048 -5.72957 0.223135 -0.974779 0.00383896
-17.0168 49.9494 -5.76105 0.230311 -0.973113 0.00222706
-16.468 50.0823 -4.92594 0.233541 -0.972345 0.00167374
-16.3939 50.1006 -3.82377 0.233769 -0.972292 -0.000628941
-16.4171 50.0944 -2.55628 0.2352 -0.971946 -0.000954935
-16.3847 50.1015 -1.44922 0.234182 -0.972193 0.000179407
-16.3099 50.1197 -0.370709 0.234418 -0.972136 -0.000565507
-16.2919 50.1235 0.943302 0.234307 -0.972162 0.00022315
-16.3749 50.1029 2.25908 0.234296 -0.972164 -0.00117856
-16.3768 50.1021 3.34217 0.23488 -0.972023 -0.00113584
-16.3569 50.1044 4.43984 0.234998 -0.971992 -0.00231715
-16.587 50.0467 5.6193 0.235133 -0.971962 -0.00157072
-17.6283 49.7967 5.76867 0.228399 -0.973559 -0.00305016
-19.0566 49.4709 5.70534 0.216503 -0.976282 -0.000387073
-20.4778 49.1658 5.73926 0.204329 -0.978875 -0.00719626
-21.7945 48.903 5.72964 0.190279 -0.981704 -0.00691786
-22.9068 48.6949 5.71286 0.172807 -0.984921 -0.00822233
-24.0616 48.4958 5.72314 0.161948 -0.986787 -0.00224488
-25.2315 48.3104 5.75234 0.149981 -0.988686 -0.0023232
-26.2942 48.1587 5.73622 0.134676 -0.990855 -0.00623846
-27.3382 48.0222 5.73907 0.121919 -0.992509 -0.0068504
-28.5492 47.8817 5.69854 0.109082 -0.994026 -0.00337789
-29.5071 47.7776 5.37502 0.104187 -0.99455 0.00382063
-29.6422 47.7569 4.13731 0.106045 -0.994348 0.00516116
-29.6109 47.7581 2.96485 0.100999 -0.994886 0.000806262
-29.5813 47.7577 1.77088 0.101819 -0.994798 0.00226357
-29.5716 47.7554 0.620733 0.0961942 -0.995362 0.0013976
-29.5593 47.7546 -0.56433 0.0960393 -0.995374 0.002156
-29.4996 47.7598 -1.69282 0.0938376 -0.995582 -0.00284615
-29.5197 47.7611 -2.87417 0.097805 -0.995206 -0.000165374
-29.5403 47.7589 -3.95888 0.0966316 -0.99532 -0.000118354
-29.5462 47.7552 -5.19328 0.0969915 -0.995282 0.0024985
-28.6896 47.8434 -5.73801 0.104755 -0.99449 0.00298229
-27.965 47.9253 -5.77672 0.11331 -0.993556 0.000972505
-27.8443 47.9329 -6.82234 0.115164 -0.993302 0.00905427
-29.2977 47.7724 -6.82036 0.102684 -0.994646 0.0116233
-30.4197 47.6684 -6.73943 0.0879791 -0.99608 0.00897155
-30.6389 47.6536 -5.64024 0.086882 -0.996218 0.0012246
-30.6052 47.6582 -4.42532 0.088463 -0.996079 0.000153413
-30.5884 47.6588 -3.36202 0.0915681 -0.995799 -3.33554e-05
-30.567 47.6607 -2.31421 0.0909913 -0.995852 -3.88444e-05
-30.5529 47.6623 -1.18736 0.0903243 -0.995912 5.31875e-05
-30.6208 47.6555 -0.013597 0.0921123 -0.995749 -0.000403267
-30.6313 47.6552 1.2055 0.0919563 -0.995763 0.000945971
-30.646 47.6549 2.3673 0.0964149 -0.995341 0.000655356
-30.7003 47.6503 3.52971 0.0963636 -0.995346 0.000381848
-30.6689 47.6555 4.77632 0.0992001 -0.995064 0.00272312
-30.5599 47.6729 6.039 0.0969871 -0.995266 0.00621301
-29.9408 47.7329 6.77226 0.0964414 -0.995335 -0.00232139
-28.6864 47.8628 6.76416 0.106517 -0.994273 -0.0083408
-27.6124 47.983 6.79005 0.113817 -0.993416 -0.0130835
-26.417 48.1298 6.76655 0.131657 -0.991071 -0.0184903
-25.2973 48.2909 6.80515 0.14511 -0.989269 -0.0169961
-23.8701 48.519 6.76976 0.167691 -0.985732 -0.014537
-22.7363 48.7152 6.78797 0.174743 -0.984489 -0.0155513
-21.5486 48.9404 6.78523 0.193642 -0.981012 -0.00976665
-20.3329 49.1876 6.80594 0.201338 -0.979483 -0.00872177
-19.2616 49.419 6.76401 0.21298 -0.977026 -0.00749384
-18.2077 49.655 6.78098 0.222837 -0.974821 -0.00752137
-17.1742 49.9003 6.81617 0.234407 -0.972123 -0.00554916
-16.0352 50.1781 6.79405 0.238006 -0.971259 -0.00297231
-15.3395 50.351 6.07374 0.2389 -0.971043 -0.00180259
-15.3119 50.3589 4.99539 0.238781 -0.971073 -0.000588836
-15.3273 50.3561 3.89408 0.238546 -0.971131 -0.000487495
-15.3091 50.3608 2.73051 0.23702 -0.971505 0.000107876
-15.2749 50.3698 1.38394 0.236727 -0.971576 -0.000434264
-15.3123 50.361 0.142096 0.23671 -0.97158 -0.000629553
-15.3303 50.3572 -1.14404 0.237609 -0.971361 -0.000476254
-15.3767 50.3466 -2.31912 0.236924 -0.971528 -8.71309e-05
-15.3869 50.3435 -3.45006 0.235689 -0.971828 0.000500263
-15.4047 50.3398 -4.53403 0.236249 -0.971692 -0.000510474
-15.414 50.3368 -5.80865 0.237377 -0.971417 0.00132001
-15.9843 50.1945 -6.76945 0.238975 -0.971014 0.00465611
-17.0238 49.9422 -6.84717 0.233139 -0.972421 0.00648567
-18.3145 49.6403 -6.79357 0.221257 -0.975127 0.0131599
-19.4969 49.3739 -6.78966 0.21645 -0.976224 0.0111306
-20.7681 49.1012 -6.81664 0.20394 -0.978872 0.0143613
-22.3404 48.7874 -6.83057 0.190289 -0.981608 0.0153167
-23.5262 48.567 -6.81307 0.175269 -0.98436 0.0177505
-24.6184 48.3816 -6.80635 0.160656 -0.98696 0.00988021
-25.8274 48.191 -6.81833 0.148744 -0.988791 0.0124836
-26.9613 48.0387 -6.78698 0.125132 -0.992102 0.00728427
-27.7238 47.9469 -6.81955 0.117786 -0.99301 0.00759817
