-19.7834 49.8334 -2.1355 0.211911 -0.977288 -0.000346814
-19.8677 49.8099 -0.596888 0.208733 -0.977971 -0.00135699
-19.8807 49.8067 0.847296 0.20929 -0.977852 0.00150952
-19.8815 49.8066 0.90428 0.208579 -0.978003 0.0020978
-20.4636 49.6824 4.47266 0.200398 -0.979715 8.58333e-05
-20.4216 49.6936 3.13944 0.206431 -0.978458 -0.00254705
-20.6075 49.6532 1.82636 0.208668 -0.977985 0.00144768
-20.611 49.651 0.302161 0.200404 -0.979712 -0.00147841
-20.6029 49.6568 -1.06593 0.199579 -0.979877 -0.00297627
-20.5078 49.6805 -2.4045 0.203802 -0.979012 -3.64479e-05
-20.4093 49.7001 -3.76464 0.207387 -0.978258 -0.00100789
-20.3995 49.7017 -4.45578 0.203885 -0.978991 0.00264794
-21.163 49.5439 -4.51394 0.199407 -0.979917 -0.000289313
-21.2291 49.53 -3.22834 0.198877 -0.980024 0.00046759
-21.2912 49.5186 -1.71015 0.198658 -0.980068 0.00114859
-21.3432 49.5046 -0.255846 0.194773 -0.980838 -0.00456999
-21.3919 49.4922 1.04726 0.194717 -0.980858 -0.00129293
-21.301 49.5135 2.40612 0.198065 -0.980189 0.000256993
-21.2237 49.5284 3.85497 0.198488 -0.980103 -0.000880338
-21.255 49.5213 4.45072 0.195521 -0.980693 0.000191697
-22.0407 49.3678 4.55008 0.188474 -0.98207 -0.000854517
-21.9851 49.3762 2.92471 0.18965 -0.98184 0.00425107
-22.1591 49.3428 1.35859 0.182779 -0.98315 -0.00282653
-22.0927 49.3573 0.0295531 0.186597 -0.982435 -0.00159795
-22.1424 49.3509 -1.29243 0.187004 -0.982355 -0.00288392
-22.054 49.3658 -2.79667 0.194049 -0.980983 0.00420464
-21.8923 49.3957 -4.08982 0.195852 -0.980629 0.000442836
-22.0342 49.368 -4.61717 0.191229 -0.981543 -0.00226338
-22.902 49.2013 -4.51362 0.1812 -0.983438 -0.00383542
-22.8302 49.218 -3.19394 0.185736 -0.982593 0.00332472
-22.902 49.2063 -1.72302 0.180766 -0.983523 0.000908994
-22.906 49.2043 -0.375658 0.185643 -0.982614 -0.00258293
-22.902 49.2049 1.35743 0.175622 -0.984454 0.00262226
-22.9025 49.208 2.75958 0.175925 -0.984403 0.00101269
-22.902 49.2097 4.19442 0.177015 -0.984208 0.00106822
-22.902 49.2099 4.33121 0.177434 -0.984132 0.00137161
-23.6303 49.0791 4.61224 0.166711 -0.986002 -0.0014173
-23.7406 49.0596 3.30929 0.170195 -0.985407 -1.05873e-05
-23.5748 49.0874 2.00544 0.174799 -0.984599 0.00326302
-23.6164 49.0759 0.610698 0.175876 -0.984409 0.00237353
-23.6574 49.0685 -0.744155 0.17459 -0.98463 -0.00416062
-23.691 49.0635 -2.31607 0.174638 -0.984631 -0.00072572
-23.7181 49.059 -3.66356 0.169744 -0.985472 0.00566158
-23.6745 49.0622 -4.35583 0.170296 -0.985376 0.00578167
-24.3937 48.94 -4.48502 0.155686 -0.987806 0.000203781
-24.5894 48.9125 -3.07303 0.163276 -0.98658 -0.00046773
-24.4814 48.9269 -1.64469 0.16238 -0.986722 -0.00313069
-24.5564 48.9165 -0.139144 0.160507 -0.987029 0.00342742
-24.2797 48.9669 1.37973 0.163015 -0.986622 0.00178589
-24.3834 48.9507 2.68568 0.166389 -0.98606 -0.0004515
-24.5153 48.9296 4.10361 0.161378 -0.986892 0.000438539
-24.4221 48.9446 4.48395 0.167354 -0.985896 0.000960761
-25.2195 48.8169 4.54976 0.148892 -0.988833 0.00366649
-25.2023 48.8188 3.06806 0.147459 -0.989064 -0.000820426
-25.003 48.85 1.56682 0.159038 -0.987271 0.0016101
-25.2641 48.8024 0.211085 0.161512 -0.986862 0.00418943
-25.3322 48.7884 -1.30414 0.155126 -0.987893 -0.00142172
-25.3587 48.7888 -2.64601 0.157522 -0.987515 -0.00033802
-25.265 48.803 -4.05978 0.156224 -0.98772 0.00147627
-25.1897 48.8143 -4.48166 0.156149 -0.987733 0.00126517
-26.0023 48.6882 -4.51442 0.151639 -0.988436 0.000362378
-26.1113 48.6743 -3.11014 0.147709 -0.98903 0.00095084
-26.1033 48.6725 -1.75896 0.146607 -0.989172 -0.00677829
-26.0968 48.6748 -0.416788 0.141944 -0.989852 0.00554754
-25.8466 48.719 1.08304 0.147666 -0.989018 0.00607677
-25.8302 48.7276 2.50421 0.145519 -0.989355 -0.00111734
-25.9863 48.7055 4.04042 0.13804 -0.990426 0.000683662
-26.0008 48.7038 4.48267 0.139347 -0.990243 0.00101809
-26.5523 48.6236 2.21095 0.143857 -0.989572 0.0072084
-26.5391 48.6225 1.71435 0.142929 -0.989711 0.00656698
-27.1398 48.5238 -5.25177 0.134513 -0.990901 -0.0042015
-27.3715 48.4902 -4.44436 0.126286 -0.991985 -0.00235145
-27.3527 48.4952 -3.53195 0.131906 -0.991253 0.0021283
-27.3447 48.4989 -2.60133 0.128178 -0.991748 0.00268946
-27.2721 48.5117 -1.61144 0.134247 -0.990945 0.00165295
-27.1688 48.5262 -0.517443 0.134553 -0.990903 0.00242125
-27.212 48.5244 0.542226 0.130194 -0.991482 0.0036757
-27.324 48.5164 1.56183 0.130034 -0.991489 0.00590197
-27.3158 48.5217 2.53397 0.132014 -0.991232 0.00561201
-27.2475 48.5342 3.45327 0.129328 -0.9916 0.00206067
-27.1192 48.5531 4.53598 0.12883 -0.991664 -0.000540589
-26.4618 48.6387 5.37742 0.134262 -0.990945 2.43393e-05
-25.634 48.7558 5.40894 0.148212 -0.988952 -0.0024176
-24.7961 48.8843 5.39748 0.159115 -0.987248 -0.00364678
-23.8925 49.0321 5.39664 0.168521 -0.985689 -0.00214931
-22.9284 49.2014 5.37051 0.178549 -0.983916 -0.00483072
-22.0731 49.36 5.36875 0.186048 -0.982537 -0.00162169
-20.8316 49.6058 5.35385 0.198382 -0.980124 -0.00125493
-19.9123 49.7956 5.34135 0.204092 -0.978951 -0.00089033
-19.099 49.9719 5.1548 0.216425 -0.976296 -0.00168722
-18.9977 49.997 4.24193 0.216037 -0.976379 -0.00338068
-19.0573 49.9869 3.19223 0.214957 -0.97662 -0.000804659
-19.1599 49.965 1.98623 0.211873 -0.977295 -0.000795493
-19.139 49.9711 0.994849 0.215521 -0.976497 -0.000279929
-19.1146 49.9758 0.0841087 0.217816 -0.975988 0.00103826
-19.0735 49.984 -0.920248 0.217567 -0.976038 -0.00204784
-19.0007 50.0047 -1.91629 0.216021 -0.976381 -0.00321043
-19.1126 49.9804 -2.99861 0.213353 -0.976975 -0.000143895
-19.1843 49.9618 -3.96844 0.211834 -0.977299 0.00358865
-19.3781 49.919 -5.16307 0.217415 -0.976079 0.000870307
-20.172 49.746 -5.41467 0.208383 -0.978041 0.00315095
-21.0353 49.5678 -5.43315 0.198032 -0.980193 0.0020338
-22.0093 49.3734 -5.40789 0.193597 -0.981079 0.00162735
-22.8807 49.2074 -5.4151 0.181434 -0.983402 0.00122952
-23.7328 49.0514 -5.43714 0.179052 -0.983829 0.00307081
-24.558 48.9118 -5.42888 0.159048 -0.987243 0.00739995
-25.7793 48.7209 -5.41684 0.147716 -0.989013 0.00576432
-26.7256 48.5815 -5.37156 0.135547 -0.99076 -0.00463447
-27.0068 48.5424 -5.30288 0.136452 -0.990634 -0.00504747
-27.073 48.5317 -6.16407 0.131049 -0.991343 0.00697123
-26.2201 48.6486 -6.16323 0.141514 -0.989876 0.00909533
-25.2699 48.7908 -6.2332 0.15023 -0.988593 0.0106954
-24.3942 48.9309 -6.19897 0.157855 -0.987409 0.0102827
-23.3942 49.1067 -6.19779 0.179859 -0.983619 0.0109081
-22.5641 49.2604 -6.19022 0.185648 -0.982521 0.0124605
-21.6931 49.4313 -6.17639 0.193913 -0.980941 0.0123254
-20.7869 49.6141 -6.20165 0.202514 -0.979239 0.008882
-19.7332 49.8369 -6.19205 0.214315 -0.976748 0.00537942
-18.9031 50.0211 -6.13001 0.219681 -0.975563 0.00406109
-18.5614 50.1011 -5.36558 0.218807 -0.975764 0.00217982
-18.4756 50.1208 -4.49755 0.21941 -0.975631 0.0006058
-18.3811 50.1434 -3.4774 0.221216 -0.975223 0.00166698
-18.2684 50.1699 -2.59625 0.219016 -0.97572 -0.00132004
-18.2917 50.1624 -1.33336 0.221592 -0.975137 -0.00158915
-18.3713 50.1438 -0.480702 0.222893 -0.974842 -0.000659345
-18.3647 50.1449 0.363565 0.221405 -0.975182 -1.23688e-05
-18.428 50.1301 1.31928 0.220989 -0.975275 -0.00138609
-18.4022 50.1329 2.3743 0.219506 -0.975608 -0.00206653
-18.2997 50.1555 3.26486 0.221861 -0.975077 -0.00158921
-18.2445 50.1666 4.19143 0.22354 -0.974693 -0.00185366
-18.2428 50.1649 5.12868 0.223219 -0.974766 -0.00184118
-18.4943 50.105 5.96316 0.222261 -0.974976 -0.00373965
-19.443 49.8932 6.1221 0.214578 -0.976684 -0.00666541
-20.41 49.6879 6.13587 0.203736 -0.979001 -0.0068417
-21.3103 49.505 6.14271 0.196636 -0.980431 -0.00939319
-22.1449 49.3419 6.13105 0.187023 -0.982305 -0.00991436
-22.9754 49.1879 6.15348 0.173201 -0.98486 -0.00724359
-23.9475 49.0188 6.16566 0.166718 -0.985965 -0.00851545
-24.775 48.8839 6.1693 0.153477 -0.988102 -0.00975938
-25.6048 48.7572 6.18195 0.144797 -0.989411 -0.0098168
-26.6161 48.6139 6.14396 0.130415 -0.991446 -0.00498975
-27.6937 48.4771 5.89888 0.123122 -0.992387 -0.00286006
-27.857 48.4587 4.86856 0.125302 -0.992115 0.000554897
-27.9879 48.4389 3.7243 0.127189 -0.991873 0.00329111
-28.063 48.4246 2.71208 0.128192 -0.991729 0.00638825
-28.0965 48.4176 1.79739 0.126022 -0.992024 0.00245102
-28.0261 48.422 0.866863 0.125799 -0.992039 0.00579813
-27.8998 48.434 -0.0107837 0.125536 -0.992081 0.00401842
-27.9682 48.4224 -0.91342 0.124326 -0.992237 0.00292285
-28.051 48.4091 -1.9187 0.125758 -0.992059 0.00169886
-28.1072 48.3998 -2.88404 0.123471 -0.992335 0.00274438
-28.1243 48.3974 -3.8056 0.122709 -0.992441 0.000246812
-28.1055 48.4005 -4.79762 0.117864 -0.993028 -0.00176596
-28.0402 48.4114 -5.6694 0.120846 -0.992661 -0.00442742
-27.444 48.4838 -6.14455 0.12556 -0.992073 0.00246214
-27.2702 48.5065 -6.16371 0.128479 -0.991701 0.0043236
-27.2444 48.5045 -6.97374 0.119167 -0.992841 0.00807656
-28.3427 48.372 -6.95904 0.116037 -0.993234 0.00432291
-28.8216 48.3186 -6.32923 0.11375 -0.993509 0.00102277
-28.8366 48.3153 -5.27464 0.115936 -0.993253 -0.00285794
-28.8959 48.3061 -4.36658 0.116355 -0.993205 -0.00231189
-28.8897 48.3055 -3.46468 0.118452 -0.99296 1.32435e-05
-28.7987 48.3171 -2.35149 0.119337 -0.992853 0.00126736
-28.7528 48.3251 -1.39974 0.119558 -0.992823 0.00306959
-28.686 48.3358 -0.513789 0.120175 -0.992749 0.00257679
-28.7111 48.3358 0.491079 0.121709 -0.99256 0.00332304
-28.855 48.3225 1.64294 0.12068 -0.992687 0.00295083
-28.8351 48.3282 2.65958 0.120925 -0.992656 0.00334878
-28.7616 48.3405 3.56767 0.122348 -0.992473 0.00519497
-28.6483 48.3597 4.53256 0.118592 -0.992937 0.00342908
-28.5639 48.3725 5.48543 0.117069 -0.993119 0.00243464
-28.525 48.3783 6.38759 0.115196 -0.993342 -0.000391096
-28.0651 48.4302 6.90048 0.114696 -0.993389 -0.00345407
-27.0886 48.5447 6.93367 0.123784 -0.992114 -0.0191981
-26.119 48.6723 6.91728 0.140464 -0.989927 -0.0172411
-25.1873 48.81 6.95007 0.156116 -0.987568 -0.0183407
-24.2706 48.9569 6.92452 0.165229 -0.986146 -0.0144817
-23.3644 49.1111 6.93266 0.170462 -0.985245 -0.0152681
-22.4435 49.2766 6.90744 0.185095 -0.982641 -0.012375
-21.4078 49.4773 6.90629 0.198111 -0.980121 -0.0106926
-20.5204 49.6586 6.90367 0.202507 -0.979218 -0.0109765
-19.4957 49.8771 6.9191 0.20977 -0.977718 -0.00802056
-18.5167 50.0954 6.89808 0.221068 -0.975241 -0.00551644
-17.698 50.2865 6.79525 0.232275 -0.972641 -0.00418728
-17.5655 50.3202 5.96411 0.229093 -0.973403 -0.00135287
-17.4657 50.3447 5.02612 0.22805 -0.973649 -0.00108322
-17.4836 50.342 4.1261 0.226612 -0.973984 -0.00177332
-17.5153 50.3361 3.2163 0.227531 -0.97377 -0.00162656
-17.6801 50.2994 2.2429 0.225706 -0.974194 -0.00128993
-17.6667 50.3043 1.24931 0.224249 -0.974531 -0.0013799
-17.6224 50.3153 0.385944 0.225113 -0.974333 -0.000186563
-17.6207 50.3159 -0.593381 0.225627 -0.974213 -0.000101976
-17.565 50.3289 -1.48657 0.224645 -0.974441 -8.8937e-05
-17.4937 50.3458 -2.48102 0.224034 -0.97458 -0.00142603
-17.5611 50.3306 -3.38086 0.223631 -0.974673 0.00152137
-17.6384 50.3118 -4.25416 0.224693 -0.974429 0.000685206
-17.7893 50.2761 -5.29219 0.223137 -0.974783 0.00276417
-17.7243 50.2889 -6.39399 0.227586 -0.973756 0.00184818
-18.2079 50.1732 -6.95542 0.22696 -0.973863 0.00855839
-19.1231 49.9656 -6.95904 0.218658 -0.975728 0.0119238
-19.9679 49.7791 -6.95512 0.210752 -0.977462 0.0120092
-20.8049 49.6014 -6.98551 0.201283 -0.979439 0.0133798
-21.7404 49.4114 -6.96031 0.194867 -0.980661 0.0171132
-22.6352 49.2373 -6.96207 0.191067 -0.981471 0.0143199
-23.7129 49.0393 -6.96247 0.173297 -0.98472 0.0171347
-24.6513 48.8803 -6.97725 0.160546 -0.986921 0.0144931
-25.5538 48.7382 -6.96894 0.150886 -0.98842 0.0157914
-26.4453 48.6096 -6.92747 0.137518 -0.990404 0.013758
-26.977 48.5369 -6.95249 0.120182 -0.992708 0.00926137
