59.2155 10.0039 -31.0204 0.026896 -0.999622 0.00373619
59.2452 10.0046 -31.0564 0.0346184 -0.9994 0.00066364
59.2502 10.0047 -31.0212 0.0281265 -0.999595 -0.00146092
59.2665 10.0051 -30.9839 0.0281265 -0.999595 -0.00146092
59.2974 10.0064 -31.0743 0.0330894 -0.999449 -0.00126798
59.251 10.0048 -31.0871 0.0346186 -0.9994 0.000639178
59.1913 10.0027 -31.0827 0.0322304 -0.999463 0.00400004
59.1472 10.0015 -31.0657 0.0294679 -0.999539 0.00726111
59.088 10.0007 -31.0466 0.00281116 -0.999977 0.00623801
59.117 10.0009 -31.0302 0.0161446 -0.999758 0.00674771
59.1149 10.0012 -30.9742 0.0161446 -0.999758 0.00674771
59.2055 10.0036 -30.93 0.0243262 -0.999704 0.000204639
59.2652 10.0051 -30.9413 0.0243211 -0.999704 0.000206866
59.2991 10.0061 -30.964 0.0319319 -0.999485 -0.0031287
59.3373 10.0076 -31.0537 0.0319313 -0.999485 -0.00312841
59.3542 10.0083 -31.1096 0.0330792 -0.99945 -0.0012818
59.285 10.0059 -31.1135 0.0344217 -0.999406 0.00139132
59.223 10.0038 -31.1152 0.034799 -0.999393 0.00146339
59.1462 10.0011 -31.1209 0.0322303 -0.999463 0.00398399
58.968 10.0003 -31.0568 0.00281116 -0.999977 0.00623801
58.9654 10.0007 -30.9869 0.00281115 -0.999977 0.00623807
